#omega	spectral weight
-6.000000e+00	1.108497e-04
-5.997500e+00	1.109478e-04
-5.995000e+00	1.110605e-04
-5.992500e+00	1.111877e-04
-5.990000e+00	1.113294e-04
-5.987500e+00	1.114857e-04
-5.985000e+00	1.116564e-04
-5.982500e+00	1.118416e-04
-5.980000e+00	1.120414e-04
-5.977500e+00	1.122556e-04
-5.975000e+00	1.124844e-04
-5.972500e+00	1.127278e-04
-5.970000e+00	1.129857e-04
-5.967500e+00	1.132584e-04
-5.965000e+00	1.135458e-04
-5.962500e+00	1.138479e-04
-5.960000e+00	1.141649e-04
-5.957500e+00	1.144969e-04
-5.955000e+00	1.148439e-04
-5.952500e+00	1.152061e-04
-5.950000e+00	1.155835e-04
-5.947500e+00	1.159763e-04
-5.945000e+00	1.163846e-04
-5.942500e+00	1.168085e-04
-5.940000e+00	1.172482e-04
-5.937500e+00	1.177039e-04
-5.935000e+00	1.181756e-04
-5.932500e+00	1.186636e-04
-5.930000e+00	1.191681e-04
-5.927500e+00	1.196892e-04
-5.925000e+00	1.202272e-04
-5.922500e+00	1.207823e-04
-5.920000e+00	1.213546e-04
-5.917500e+00	1.219445e-04
-5.915000e+00	1.225522e-04
-5.912500e+00	1.231779e-04
-5.910000e+00	1.238220e-04
-5.907500e+00	1.244846e-04
-5.905000e+00	1.251661e-04
-5.902500e+00	1.258668e-04
-5.900000e+00	1.265870e-04
-5.897500e+00	1.273271e-04
-5.895000e+00	1.280874e-04
-5.892500e+00	1.288682e-04
-5.890000e+00	1.296699e-04
-5.887500e+00	1.304930e-04
-5.885000e+00	1.313379e-04
-5.882500e+00	1.322048e-04
-5.880000e+00	1.330944e-04
-5.877500e+00	1.340070e-04
-5.875000e+00	1.349432e-04
-5.872500e+00	1.359033e-04
-5.870000e+00	1.368880e-04
-5.867500e+00	1.378978e-04
-5.865000e+00	1.389331e-04
-5.862500e+00	1.399947e-04
-5.860000e+00	1.410830e-04
-5.857500e+00	1.421988e-04
-5.855000e+00	1.433425e-04
-5.852500e+00	1.445150e-04
-5.850000e+00	1.457169e-04
-5.847500e+00	1.469489e-04
-5.845000e+00	1.482117e-04
-5.842500e+00	1.495062e-04
-5.840000e+00	1.508331e-04
-5.837500e+00	1.521932e-04
-5.835000e+00	1.535875e-04
-5.832500e+00	1.550169e-04
-5.830000e+00	1.564822e-04
-5.827500e+00	1.579845e-04
-5.825000e+00	1.595247e-04
-5.822500e+00	1.611039e-04
-5.820000e+00	1.627232e-04
-5.817500e+00	1.643838e-04
-5.815000e+00	1.660867e-04
-5.812500e+00	1.678333e-04
-5.810000e+00	1.696249e-04
-5.807500e+00	1.714627e-04
-5.805000e+00	1.733481e-04
-5.802500e+00	1.752826e-04
-5.800000e+00	1.772677e-04
-5.797500e+00	1.793050e-04
-5.795000e+00	1.813960e-04
-5.792500e+00	1.835425e-04
-5.790000e+00	1.857463e-04
-5.787500e+00	1.880092e-04
-5.785000e+00	1.903331e-04
-5.782500e+00	1.927201e-04
-5.780000e+00	1.951722e-04
-5.777500e+00	1.976917e-04
-5.775000e+00	2.002808e-04
-5.772500e+00	2.029419e-04
-5.770000e+00	2.056776e-04
-5.767500e+00	2.084904e-04
-5.765000e+00	2.113831e-04
-5.762500e+00	2.143586e-04
-5.760000e+00	2.174198e-04
-5.757500e+00	2.205700e-04
-5.755000e+00	2.238123e-04
-5.752500e+00	2.271503e-04
-5.750000e+00	2.305875e-04
-5.747500e+00	2.341278e-04
-5.745000e+00	2.377752e-04
-5.742500e+00	2.415337e-04
-5.740000e+00	2.454079e-04
-5.737500e+00	2.494023e-04
-5.735000e+00	2.535218e-04
-5.732500e+00	2.577714e-04
-5.730000e+00	2.621567e-04
-5.727500e+00	2.666831e-04
-5.725000e+00	2.713567e-04
-5.722500e+00	2.761838e-04
-5.720000e+00	2.811709e-04
-5.717500e+00	2.863252e-04
-5.715000e+00	2.916538e-04
-5.712500e+00	2.971648e-04
-5.710000e+00	3.028662e-04
-5.707500e+00	3.087668e-04
-5.705000e+00	3.148759e-04
-5.702500e+00	3.212032e-04
-5.700000e+00	3.277591e-04
-5.697500e+00	3.345545e-04
-5.695000e+00	3.416011e-04
-5.692500e+00	3.489113e-04
-5.690000e+00	3.564983e-04
-5.687500e+00	3.643760e-04
-5.685000e+00	3.725594e-04
-5.682500e+00	3.810642e-04
-5.680000e+00	3.899074e-04
-5.677500e+00	3.991071e-04
-5.675000e+00	4.086825e-04
-5.672500e+00	4.186541e-04
-5.670000e+00	4.290441e-04
-5.667500e+00	4.398759e-04
-5.665000e+00	4.511749e-04
-5.662500e+00	4.629681e-04
-5.660000e+00	4.752846e-04
-5.657500e+00	4.881557e-04
-5.655000e+00	5.016151e-04
-5.652500e+00	5.156989e-04
-5.650000e+00	5.304463e-04
-5.647500e+00	5.458995e-04
-5.645000e+00	5.621040e-04
-5.642500e+00	5.791091e-04
-5.640000e+00	5.969684e-04
-5.637500e+00	6.157398e-04
-5.635000e+00	6.354862e-04
-5.632500e+00	6.562763e-04
-5.630000e+00	6.781847e-04
-5.627500e+00	7.012929e-04
-5.625000e+00	7.256897e-04
-5.622500e+00	7.514727e-04
-5.620000e+00	7.787485e-04
-5.617500e+00	8.076344e-04
-5.615000e+00	8.382594e-04
-5.612500e+00	8.707655e-04
-5.610000e+00	9.053096e-04
-5.607500e+00	9.420652e-04
-5.605000e+00	9.812248e-04
-5.602500e+00	1.023002e-03
-5.600000e+00	1.067635e-03
-5.597500e+00	1.115389e-03
-5.595000e+00	1.166562e-03
-5.592500e+00	1.221486e-03
-5.590000e+00	1.280536e-03
-5.587500e+00	1.344134e-03
-5.585000e+00	1.412759e-03
-5.582500e+00	1.486952e-03
-5.580000e+00	1.567330e-03
-5.577500e+00	1.654596e-03
-5.575000e+00	1.749559e-03
-5.572500e+00	1.853144e-03
-5.570000e+00	1.966423e-03
-5.567500e+00	2.090638e-03
-5.565000e+00	2.227234e-03
-5.562500e+00	2.377902e-03
-5.560000e+00	2.544630e-03
-5.557500e+00	2.729766e-03
-5.555000e+00	2.936100e-03
-5.552500e+00	3.166968e-03
-5.550000e+00	3.426377e-03
-5.547500e+00	3.719184e-03
-5.545000e+00	4.051306e-03
-5.542500e+00	4.430016e-03
-5.540000e+00	4.864322e-03
-5.537500e+00	5.365481e-03
-5.535000e+00	5.947692e-03
-5.532500e+00	6.629050e-03
-5.530000e+00	7.432865e-03
-5.527500e+00	8.389516e-03
-5.525000e+00	9.539088e-03
-5.522500e+00	1.093517e-02
-5.520000e+00	1.265040e-02
-5.517500e+00	1.478462e-02
-5.515000e+00	1.747691e-02
-5.512500e+00	2.092340e-02
-5.510000e+00	2.540283e-02
-5.507500e+00	3.131089e-02
-5.505000e+00	3.919755e-02
-5.502500e+00	4.977676e-02
-5.500000e+00	6.380369e-02
-5.497500e+00	8.154440e-02
-5.495000e+00	1.014068e-01
-5.492500e+00	1.180938e-01
-5.490000e+00	1.237105e-01
-5.487500e+00	1.148366e-01
-5.485000e+00	9.669734e-02
-5.482500e+00	7.702113e-02
-5.480000e+00	6.012179e-02
-5.477500e+00	4.697313e-02
-5.475000e+00	3.710635e-02
-5.472500e+00	2.974994e-02
-5.470000e+00	2.422570e-02
-5.467500e+00	2.002321e-02
-5.465000e+00	1.677813e-02
-5.462500e+00	1.423418e-02
-5.460000e+00	1.221080e-02
-5.457500e+00	1.057961e-02
-5.455000e+00	9.248163e-03
-5.452500e+00	8.148992e-03
-5.450000e+00	7.232141e-03
-5.447500e+00	6.460129e-03
-5.445000e+00	5.804466e-03
-5.442500e+00	5.243227e-03
-5.440000e+00	4.759348e-03
-5.437500e+00	4.339405e-03
-5.435000e+00	3.972732e-03
-5.432500e+00	3.650775e-03
-5.430000e+00	3.366616e-03
-5.427500e+00	3.114611e-03
-5.425000e+00	2.890125e-03
-5.422500e+00	2.689323e-03
-5.420000e+00	2.509010e-03
-5.417500e+00	2.346511e-03
-5.415000e+00	2.199569e-03
-5.412500e+00	2.066273e-03
-5.410000e+00	1.944994e-03
-5.407500e+00	1.834339e-03
-5.405000e+00	1.733109e-03
-5.402500e+00	1.640271e-03
-5.400000e+00	1.554927e-03
-5.397500e+00	1.476296e-03
-5.395000e+00	1.403697e-03
-5.392500e+00	1.336532e-03
-5.390000e+00	1.274275e-03
-5.387500e+00	1.216462e-03
-5.385000e+00	1.162683e-03
-5.382500e+00	1.112575e-03
-5.380000e+00	1.065811e-03
-5.377500e+00	1.022105e-03
-5.375000e+00	9.811958e-04
-5.372500e+00	9.428530e-04
-5.370000e+00	9.068679e-04
-5.367500e+00	8.730528e-04
-5.365000e+00	8.412384e-04
-5.362500e+00	8.112714e-04
-5.360000e+00	7.830132e-04
-5.357500e+00	7.563376e-04
-5.355000e+00	7.311302e-04
-5.352500e+00	7.072865e-04
-5.350000e+00	6.847113e-04
-5.347500e+00	6.633174e-04
-5.345000e+00	6.430253e-04
-5.342500e+00	6.237617e-04
-5.340000e+00	6.054596e-04
-5.337500e+00	5.880572e-04
-5.335000e+00	5.714978e-04
-5.332500e+00	5.557290e-04
-5.330000e+00	5.407023e-04
-5.327500e+00	5.263731e-04
-5.325000e+00	5.127000e-04
-5.322500e+00	4.996447e-04
-5.320000e+00	4.871716e-04
-5.317500e+00	4.752478e-04
-5.315000e+00	4.638426e-04
-5.312500e+00	4.529274e-04
-5.310000e+00	4.424756e-04
-5.307500e+00	4.324624e-04
-5.305000e+00	4.228647e-04
-5.302500e+00	4.136610e-04
-5.300000e+00	4.048310e-04
-5.297500e+00	3.963557e-04
-5.295000e+00	3.882176e-04
-5.292500e+00	3.804001e-04
-5.290000e+00	3.728875e-04
-5.287500e+00	3.656653e-04
-5.285000e+00	3.587198e-04
-5.282500e+00	3.520380e-04
-5.280000e+00	3.456080e-04
-5.277500e+00	3.394181e-04
-5.275000e+00	3.334578e-04
-5.272500e+00	3.277168e-04
-5.270000e+00	3.221856e-04
-5.267500e+00	3.168553e-04
-5.265000e+00	3.117172e-04
-5.262500e+00	3.067633e-04
-5.260000e+00	3.019861e-04
-5.257500e+00	2.973783e-04
-5.255000e+00	2.929331e-04
-5.252500e+00	2.886442e-04
-5.250000e+00	2.845053e-04
-5.247500e+00	2.805108e-04
-5.245000e+00	2.766552e-04
-5.242500e+00	2.729332e-04
-5.240000e+00	2.693399e-04
-5.237500e+00	2.658707e-04
-5.235000e+00	2.625211e-04
-5.232500e+00	2.592869e-04
-5.230000e+00	2.561641e-04
-5.227500e+00	2.531489e-04
-5.225000e+00	2.502376e-04
-5.222500e+00	2.474270e-04
-5.220000e+00	2.447136e-04
-5.217500e+00	2.420944e-04
-5.215000e+00	2.395664e-04
-5.212500e+00	2.371269e-04
-5.210000e+00	2.347730e-04
-5.207500e+00	2.325024e-04
-5.205000e+00	2.303126e-04
-5.202500e+00	2.282013e-04
-5.200000e+00	2.261663e-04
-5.197500e+00	2.242055e-04
-5.195000e+00	2.223170e-04
-5.192500e+00	2.204988e-04
-5.190000e+00	2.187493e-04
-5.187500e+00	2.170666e-04
-5.185000e+00	2.154492e-04
-5.182500e+00	2.138956e-04
-5.180000e+00	2.124043e-04
-5.177500e+00	2.109740e-04
-5.175000e+00	2.096033e-04
-5.172500e+00	2.082911e-04
-5.170000e+00	2.070361e-04
-5.167500e+00	2.058373e-04
-5.165000e+00	2.046936e-04
-5.162500e+00	2.036041e-04
-5.160000e+00	2.025679e-04
-5.157500e+00	2.015841e-04
-5.155000e+00	2.006520e-04
-5.152500e+00	1.997707e-04
-5.150000e+00	1.989396e-04
-5.147500e+00	1.981581e-04
-5.145000e+00	1.974255e-04
-5.142500e+00	1.967414e-04
-5.140000e+00	1.961053e-04
-5.137500e+00	1.955167e-04
-5.135000e+00	1.949752e-04
-5.132500e+00	1.944805e-04
-5.130000e+00	1.940324e-04
-5.127500e+00	1.936304e-04
-5.125000e+00	1.932746e-04
-5.122500e+00	1.929646e-04
-5.120000e+00	1.927004e-04
-5.117500e+00	1.924819e-04
-5.115000e+00	1.923091e-04
-5.112500e+00	1.921820e-04
-5.110000e+00	1.921007e-04
-5.107500e+00	1.920653e-04
-5.105000e+00	1.920759e-04
-5.102500e+00	1.921329e-04
-5.100000e+00	1.922364e-04
-5.097500e+00	1.923867e-04
-5.095000e+00	1.925842e-04
-5.092500e+00	1.928293e-04
-5.090000e+00	1.931225e-04
-5.087500e+00	1.934643e-04
-5.085000e+00	1.938553e-04
-5.082500e+00	1.942960e-04
-5.080000e+00	1.947872e-04
-5.077500e+00	1.953296e-04
-5.075000e+00	1.959239e-04
-5.072500e+00	1.965712e-04
-5.070000e+00	1.972723e-04
-5.067500e+00	1.980281e-04
-5.065000e+00	1.988399e-04
-5.062500e+00	1.997087e-04
-5.060000e+00	2.006358e-04
-5.057500e+00	2.016224e-04
-5.055000e+00	2.026700e-04
-5.052500e+00	2.037800e-04
-5.050000e+00	2.049540e-04
-5.047500e+00	2.061938e-04
-5.045000e+00	2.075009e-04
-5.042500e+00	2.088774e-04
-5.040000e+00	2.103253e-04
-5.037500e+00	2.118465e-04
-5.035000e+00	2.134435e-04
-5.032500e+00	2.151185e-04
-5.030000e+00	2.168741e-04
-5.027500e+00	2.187129e-04
-5.025000e+00	2.206377e-04
-5.022500e+00	2.226516e-04
-5.020000e+00	2.247576e-04
-5.017500e+00	2.269592e-04
-5.015000e+00	2.292599e-04
-5.012500e+00	2.316633e-04
-5.010000e+00	2.341737e-04
-5.007500e+00	2.367950e-04
-5.005000e+00	2.395319e-04
-5.002500e+00	2.423891e-04
-5.000000e+00	2.453715e-04
-4.997500e+00	2.484847e-04
-4.995000e+00	2.517343e-04
-4.992500e+00	2.551263e-04
-4.990000e+00	2.586671e-04
-4.987500e+00	2.623637e-04
-4.985000e+00	2.662233e-04
-4.982500e+00	2.702536e-04
-4.980000e+00	2.744631e-04
-4.977500e+00	2.788604e-04
-4.975000e+00	2.834550e-04
-4.972500e+00	2.882571e-04
-4.970000e+00	2.932773e-04
-4.967500e+00	2.985273e-04
-4.965000e+00	3.040192e-04
-4.962500e+00	3.097664e-04
-4.960000e+00	3.157831e-04
-4.957500e+00	3.220845e-04
-4.955000e+00	3.286868e-04
-4.952500e+00	3.356079e-04
-4.950000e+00	3.428665e-04
-4.947500e+00	3.504831e-04
-4.945000e+00	3.584798e-04
-4.942500e+00	3.668804e-04
-4.940000e+00	3.757106e-04
-4.937500e+00	3.849982e-04
-4.935000e+00	3.947737e-04
-4.932500e+00	4.050696e-04
-4.930000e+00	4.159217e-04
-4.927500e+00	4.273688e-04
-4.925000e+00	4.394531e-04
-4.922500e+00	4.522209e-04
-4.920000e+00	4.657227e-04
-4.917500e+00	4.800135e-04
-4.915000e+00	4.951542e-04
-4.912500e+00	5.112111e-04
-4.910000e+00	5.282577e-04
-4.907500e+00	5.463746e-04
-4.905000e+00	5.656510e-04
-4.902500e+00	5.861857e-04
-4.900000e+00	6.080883e-04
-4.897500e+00	6.314804e-04
-4.895000e+00	6.564975e-04
-4.892500e+00	6.832911e-04
-4.890000e+00	7.120307e-04
-4.887500e+00	7.429063e-04
-4.885000e+00	7.761318e-04
-4.882500e+00	8.119486e-04
-4.880000e+00	8.506297e-04
-4.877500e+00	8.924852e-04
-4.875000e+00	9.378679e-04
-4.872500e+00	9.871811e-04
-4.870000e+00	1.040887e-03
-4.867500e+00	1.099518e-03
-4.865000e+00	1.163688e-03
-4.862500e+00	1.234111e-03
-4.860000e+00	1.311619e-03
-4.857500e+00	1.397183e-03
-4.855000e+00	1.491950e-03
-4.852500e+00	1.597273e-03
-4.850000e+00	1.714763e-03
-4.847500e+00	1.846348e-03
-4.845000e+00	1.994348e-03
-4.842500e+00	2.161575e-03
-4.840000e+00	2.351465e-03
-4.837500e+00	2.568243e-03
-4.835000e+00	2.817152e-03
-4.832500e+00	3.104758e-03
-4.830000e+00	3.439355e-03
-4.827500e+00	3.831536e-03
-4.825000e+00	4.294976e-03
-4.822500e+00	4.847536e-03
-4.820000e+00	5.512844e-03
-4.817500e+00	6.322570e-03
-4.815000e+00	7.319752e-03
-4.812500e+00	8.563698e-03
-4.810000e+00	1.013725e-02
-4.807500e+00	1.215742e-02
-4.805000e+00	1.479066e-02
-4.802500e+00	1.827276e-02
-4.800000e+00	2.292886e-02
-4.797500e+00	2.917126e-02
-4.795000e+00	3.740340e-02
-4.792500e+00	4.765268e-02
-4.790000e+00	5.870590e-02
-4.787500e+00	6.717940e-02
-4.785000e+00	6.876946e-02
-4.782500e+00	6.249286e-02
-4.780000e+00	5.190552e-02
-4.777500e+00	4.110074e-02
-4.775000e+00	3.205983e-02
-4.772500e+00	2.509804e-02
-4.770000e+00	1.988881e-02
-4.767500e+00	1.600247e-02
-4.765000e+00	1.307766e-02
-4.762500e+00	1.084649e-02
-4.760000e+00	9.118606e-03
-4.757500e+00	7.760208e-03
-4.755000e+00	6.676901e-03
-4.752500e+00	5.801419e-03
-4.750000e+00	5.085204e-03
-4.747500e+00	4.492713e-03
-4.745000e+00	3.997569e-03
-4.742500e+00	3.579929e-03
-4.740000e+00	3.224672e-03
-4.737500e+00	2.920139e-03
-4.735000e+00	2.657233e-03
-4.732500e+00	2.428787e-03
-4.730000e+00	2.229095e-03
-4.727500e+00	2.053571e-03
-4.725000e+00	1.898503e-03
-4.722500e+00	1.760857e-03
-4.720000e+00	1.638139e-03
-4.717500e+00	1.528281e-03
-4.715000e+00	1.429560e-03
-4.712500e+00	1.340529e-03
-4.710000e+00	1.259969e-03
-4.707500e+00	1.186846e-03
-4.705000e+00	1.120276e-03
-4.702500e+00	1.059503e-03
-4.700000e+00	1.003879e-03
-4.697500e+00	9.528401e-04
-4.695000e+00	9.058993e-04
-4.692500e+00	8.626319e-04
-4.690000e+00	8.226666e-04
-4.687500e+00	7.856779e-04
-4.685000e+00	7.513793e-04
-4.682500e+00	7.195177e-04
-4.680000e+00	6.898692e-04
-4.677500e+00	6.622350e-04
-4.675000e+00	6.364381e-04
-4.672500e+00	6.123204e-04
-4.670000e+00	5.897405e-04
-4.667500e+00	5.685715e-04
-4.665000e+00	5.486995e-04
-4.662500e+00	5.300217e-04
-4.660000e+00	5.124453e-04
-4.657500e+00	4.958864e-04
-4.655000e+00	4.802689e-04
-4.652500e+00	4.655238e-04
-4.650000e+00	4.515882e-04
-4.647500e+00	4.384049e-04
-4.645000e+00	4.259214e-04
-4.642500e+00	4.140901e-04
-4.640000e+00	4.028671e-04
-4.637500e+00	3.922124e-04
-4.635000e+00	3.820889e-04
-4.632500e+00	3.724628e-04
-4.630000e+00	3.633028e-04
-4.627500e+00	3.545801e-04
-4.625000e+00	3.462682e-04
-4.622500e+00	3.383424e-04
-4.620000e+00	3.307799e-04
-4.617500e+00	3.235597e-04
-4.615000e+00	3.166622e-04
-4.612500e+00	3.100691e-04
-4.610000e+00	3.037637e-04
-4.607500e+00	2.977301e-04
-4.605000e+00	2.919537e-04
-4.602500e+00	2.864209e-04
-4.600000e+00	2.811189e-04
-4.597500e+00	2.760357e-04
-4.595000e+00	2.711603e-04
-4.592500e+00	2.664822e-04
-4.590000e+00	2.619916e-04
-4.587500e+00	2.576794e-04
-4.585000e+00	2.535370e-04
-4.582500e+00	2.495563e-04
-4.580000e+00	2.457298e-04
-4.577500e+00	2.420503e-04
-4.575000e+00	2.385112e-04
-4.572500e+00	2.351060e-04
-4.570000e+00	2.318290e-04
-4.567500e+00	2.286745e-04
-4.565000e+00	2.256371e-04
-4.562500e+00	2.227120e-04
-4.560000e+00	2.198943e-04
-4.557500e+00	2.171797e-04
-4.555000e+00	2.145639e-04
-4.552500e+00	2.120429e-04
-4.550000e+00	2.096130e-04
-4.547500e+00	2.072707e-04
-4.545000e+00	2.050124e-04
-4.542500e+00	2.028351e-04
-4.540000e+00	2.007356e-04
-4.537500e+00	1.987111e-04
-4.535000e+00	1.967589e-04
-4.532500e+00	1.948764e-04
-4.530000e+00	1.930610e-04
-4.527500e+00	1.913105e-04
-4.525000e+00	1.896226e-04
-4.522500e+00	1.879951e-04
-4.520000e+00	1.864262e-04
-4.517500e+00	1.849138e-04
-4.515000e+00	1.834561e-04
-4.512500e+00	1.820514e-04
-4.510000e+00	1.806981e-04
-4.507500e+00	1.793946e-04
-4.505000e+00	1.781393e-04
-4.502500e+00	1.769308e-04
-4.500000e+00	1.757679e-04
-4.497500e+00	1.746491e-04
-4.495000e+00	1.735732e-04
-4.492500e+00	1.725392e-04
-4.490000e+00	1.715457e-04
-4.487500e+00	1.705919e-04
-4.485000e+00	1.696766e-04
-4.482500e+00	1.687989e-04
-4.480000e+00	1.679579e-04
-4.477500e+00	1.671527e-04
-4.475000e+00	1.663824e-04
-4.472500e+00	1.656463e-04
-4.470000e+00	1.649436e-04
-4.467500e+00	1.642735e-04
-4.465000e+00	1.636355e-04
-4.462500e+00	1.630288e-04
-4.460000e+00	1.624528e-04
-4.457500e+00	1.619070e-04
-4.455000e+00	1.613907e-04
-4.452500e+00	1.609035e-04
-4.450000e+00	1.604448e-04
-4.447500e+00	1.600143e-04
-4.445000e+00	1.596113e-04
-4.442500e+00	1.592356e-04
-4.440000e+00	1.588868e-04
-4.437500e+00	1.585643e-04
-4.435000e+00	1.582680e-04
-4.432500e+00	1.579975e-04
-4.430000e+00	1.577525e-04
-4.427500e+00	1.575327e-04
-4.425000e+00	1.573378e-04
-4.422500e+00	1.571677e-04
-4.420000e+00	1.570220e-04
-4.417500e+00	1.569007e-04
-4.415000e+00	1.568035e-04
-4.412500e+00	1.567302e-04
-4.410000e+00	1.566808e-04
-4.407500e+00	1.566550e-04
-4.405000e+00	1.566529e-04
-4.402500e+00	1.566743e-04
-4.400000e+00	1.567192e-04
-4.397500e+00	1.567874e-04
-4.395000e+00	1.568790e-04
-4.392500e+00	1.569940e-04
-4.390000e+00	1.571324e-04
-4.387500e+00	1.572941e-04
-4.385000e+00	1.574793e-04
-4.382500e+00	1.576879e-04
-4.380000e+00	1.579202e-04
-4.377500e+00	1.581761e-04
-4.375000e+00	1.584557e-04
-4.372500e+00	1.587593e-04
-4.370000e+00	1.590869e-04
-4.367500e+00	1.594387e-04
-4.365000e+00	1.598149e-04
-4.362500e+00	1.602157e-04
-4.360000e+00	1.606414e-04
-4.357500e+00	1.610922e-04
-4.355000e+00	1.615682e-04
-4.352500e+00	1.620700e-04
-4.350000e+00	1.625976e-04
-4.347500e+00	1.631515e-04
-4.345000e+00	1.637321e-04
-4.342500e+00	1.643396e-04
-4.340000e+00	1.649745e-04
-4.337500e+00	1.656373e-04
-4.335000e+00	1.663283e-04
-4.332500e+00	1.670480e-04
-4.330000e+00	1.677969e-04
-4.327500e+00	1.685756e-04
-4.325000e+00	1.693846e-04
-4.322500e+00	1.702245e-04
-4.320000e+00	1.710958e-04
-4.317500e+00	1.719994e-04
-4.315000e+00	1.729357e-04
-4.312500e+00	1.739056e-04
-4.310000e+00	1.749098e-04
-4.307500e+00	1.759490e-04
-4.305000e+00	1.770242e-04
-4.302500e+00	1.781361e-04
-4.300000e+00	1.792856e-04
-4.297500e+00	1.804738e-04
-4.295000e+00	1.817015e-04
-4.292500e+00	1.829699e-04
-4.290000e+00	1.842800e-04
-4.287500e+00	1.856330e-04
-4.285000e+00	1.870300e-04
-4.282500e+00	1.884724e-04
-4.280000e+00	1.899614e-04
-4.277500e+00	1.914984e-04
-4.275000e+00	1.930849e-04
-4.272500e+00	1.947223e-04
-4.270000e+00	1.964123e-04
-4.267500e+00	1.981565e-04
-4.265000e+00	1.999567e-04
-4.262500e+00	2.018147e-04
-4.260000e+00	2.037324e-04
-4.257500e+00	2.057119e-04
-4.255000e+00	2.077552e-04
-4.252500e+00	2.098646e-04
-4.250000e+00	2.120424e-04
-4.247500e+00	2.142910e-04
-4.245000e+00	2.166131e-04
-4.242500e+00	2.190114e-04
-4.240000e+00	2.214887e-04
-4.237500e+00	2.240481e-04
-4.235000e+00	2.266926e-04
-4.232500e+00	2.294256e-04
-4.230000e+00	2.322507e-04
-4.227500e+00	2.351716e-04
-4.225000e+00	2.381921e-04
-4.222500e+00	2.413163e-04
-4.220000e+00	2.445487e-04
-4.217500e+00	2.478939e-04
-4.215000e+00	2.513566e-04
-4.212500e+00	2.549420e-04
-4.210000e+00	2.586557e-04
-4.207500e+00	2.625033e-04
-4.205000e+00	2.664910e-04
-4.202500e+00	2.706251e-04
-4.200000e+00	2.749127e-04
-4.197500e+00	2.793610e-04
-4.195000e+00	2.839778e-04
-4.192500e+00	2.887712e-04
-4.190000e+00	2.937501e-04
-4.187500e+00	2.989238e-04
-4.185000e+00	3.043022e-04
-4.182500e+00	3.098959e-04
-4.180000e+00	3.157163e-04
-4.177500e+00	3.217754e-04
-4.175000e+00	3.280862e-04
-4.172500e+00	3.346624e-04
-4.170000e+00	3.415189e-04
-4.167500e+00	3.486716e-04
-4.165000e+00	3.561375e-04
-4.162500e+00	3.639348e-04
-4.160000e+00	3.720833e-04
-4.157500e+00	3.806041e-04
-4.155000e+00	3.895199e-04
-4.152500e+00	3.988555e-04
-4.150000e+00	4.086373e-04
-4.147500e+00	4.188941e-04
-4.145000e+00	4.296570e-04
-4.142500e+00	4.409596e-04
-4.140000e+00	4.528385e-04
-4.137500e+00	4.653334e-04
-4.135000e+00	4.784876e-04
-4.132500e+00	4.923482e-04
-4.130000e+00	5.069666e-04
-4.127500e+00	5.223990e-04
-4.125000e+00	5.387070e-04
-4.122500e+00	5.559581e-04
-4.120000e+00	5.742264e-04
-4.117500e+00	5.935935e-04
-4.115000e+00	6.141495e-04
-4.112500e+00	6.359936e-04
-4.110000e+00	6.592359e-04
-4.107500e+00	6.839984e-04
-4.105000e+00	7.104167e-04
-4.102500e+00	7.386419e-04
-4.100000e+00	7.688429e-04
-4.097500e+00	8.012083e-04
-4.095000e+00	8.359503e-04
-4.092500e+00	8.733075e-04
-4.090000e+00	9.135489e-04
-4.087500e+00	9.569793e-04
-4.085000e+00	1.003945e-03
-4.082500e+00	1.054839e-03
-4.080000e+00	1.110112e-03
-4.077500e+00	1.170281e-03
-4.075000e+00	1.235939e-03
-4.072500e+00	1.307775e-03
-4.070000e+00	1.386585e-03
-4.067500e+00	1.473299e-03
-4.065000e+00	1.569006e-03
-4.062500e+00	1.674989e-03
-4.060000e+00	1.792763e-03
-4.057500e+00	1.924134e-03
-4.055000e+00	2.071262e-03
-4.052500e+00	2.236751e-03
-4.050000e+00	2.423758e-03
-4.047500e+00	2.636142e-03
-4.045000e+00	2.878653e-03
-4.042500e+00	3.157190e-03
-4.040000e+00	3.479143e-03
-4.037500e+00	3.853862e-03
-4.035000e+00	4.293295e-03
-4.032500e+00	4.812883e-03
-4.030000e+00	5.432819e-03
-4.027500e+00	6.179843e-03
-4.025000e+00	7.089841e-03
-4.022500e+00	8.211645e-03
-4.020000e+00	9.612629e-03
-4.017500e+00	1.138700e-02
-4.015000e+00	1.366798e-02
-4.012500e+00	1.664505e-02
-4.010000e+00	2.058636e-02
-4.007500e+00	2.585996e-02
-4.005000e+00	3.292666e-02
-4.002500e+00	4.221716e-02
-4.000000e+00	5.368606e-02
-3.997500e+00	6.580916e-02
-3.995000e+00	7.464444e-02
-3.992500e+00	7.556867e-02
-3.990000e+00	6.800859e-02
-3.987500e+00	5.615422e-02
-3.985000e+00	4.436278e-02
-3.982500e+00	3.460430e-02
-3.980000e+00	2.712203e-02
-3.977500e+00	2.152936e-02
-3.975000e+00	1.735524e-02
-3.972500e+00	1.421059e-02
-3.970000e+00	1.180867e-02
-3.967500e+00	9.946148e-03
-3.965000e+00	8.480102e-03
-3.962500e+00	7.309634e-03
-3.960000e+00	6.362764e-03
-3.957500e+00	5.587468e-03
-3.955000e+00	4.945619e-03
-3.952500e+00	4.408883e-03
-3.950000e+00	3.955923e-03
-3.947500e+00	3.570462e-03
-3.945000e+00	3.239933e-03
-3.942500e+00	2.954524e-03
-3.940000e+00	2.706496e-03
-3.937500e+00	2.489682e-03
-3.935000e+00	2.299125e-03
-3.932500e+00	2.130805e-03
-3.930000e+00	1.981437e-03
-3.927500e+00	1.848319e-03
-3.925000e+00	1.729208e-03
-3.922500e+00	1.622234e-03
-3.920000e+00	1.525828e-03
-3.917500e+00	1.438666e-03
-3.915000e+00	1.359622e-03
-3.912500e+00	1.287739e-03
-3.910000e+00	1.222194e-03
-3.907500e+00	1.162281e-03
-3.905000e+00	1.107388e-03
-3.902500e+00	1.056984e-03
-3.900000e+00	1.010608e-03
-3.897500e+00	9.678552e-04
-3.895000e+00	9.283713e-04
-3.892500e+00	8.918443e-04
-3.890000e+00	8.579989e-04
-3.887500e+00	8.265914e-04
-3.885000e+00	7.974051e-04
-3.882500e+00	7.702475e-04
-3.880000e+00	7.449466e-04
-3.877500e+00	7.213484e-04
-3.875000e+00	6.993150e-04
-3.872500e+00	6.787225e-04
-3.870000e+00	6.594591e-04
-3.867500e+00	6.414242e-04
-3.865000e+00	6.245266e-04
-3.862500e+00	6.086839e-04
-3.860000e+00	5.938212e-04
-3.857500e+00	5.798704e-04
-3.855000e+00	5.667697e-04
-3.852500e+00	5.544625e-04
-3.850000e+00	5.428974e-04
-3.847500e+00	5.320273e-04
-3.845000e+00	5.218089e-04
-3.842500e+00	5.122028e-04
-3.840000e+00	5.031728e-04
-3.837500e+00	4.946856e-04
-3.835000e+00	4.867105e-04
-3.832500e+00	4.792193e-04
-3.830000e+00	4.721863e-04
-3.827500e+00	4.655874e-04
-3.825000e+00	4.594007e-04
-3.822500e+00	4.536057e-04
-3.820000e+00	4.481839e-04
-3.817500e+00	4.431178e-04
-3.815000e+00	4.383915e-04
-3.812500e+00	4.339902e-04
-3.810000e+00	4.299003e-04
-3.807500e+00	4.261092e-04
-3.805000e+00	4.226053e-04
-3.802500e+00	4.193779e-04
-3.800000e+00	4.164172e-04
-3.797500e+00	4.137140e-04
-3.795000e+00	4.112601e-04
-3.792500e+00	4.090477e-04
-3.790000e+00	4.070699e-04
-3.787500e+00	4.053203e-04
-3.785000e+00	4.037930e-04
-3.782500e+00	4.024829e-04
-3.780000e+00	4.013850e-04
-3.777500e+00	4.004953e-04
-3.775000e+00	3.998098e-04
-3.772500e+00	3.993252e-04
-3.770000e+00	3.990387e-04
-3.767500e+00	3.989476e-04
-3.765000e+00	3.990500e-04
-3.762500e+00	3.993441e-04
-3.760000e+00	3.998285e-04
-3.757500e+00	4.005024e-04
-3.755000e+00	4.013651e-04
-3.752500e+00	4.024165e-04
-3.750000e+00	4.036565e-04
-3.747500e+00	4.050858e-04
-3.745000e+00	4.067051e-04
-3.742500e+00	4.085157e-04
-3.740000e+00	4.105190e-04
-3.737500e+00	4.127170e-04
-3.735000e+00	4.151120e-04
-3.732500e+00	4.177065e-04
-3.730000e+00	4.205036e-04
-3.727500e+00	4.235067e-04
-3.725000e+00	4.267196e-04
-3.722500e+00	4.301464e-04
-3.720000e+00	4.337918e-04
-3.717500e+00	4.376608e-04
-3.715000e+00	4.417590e-04
-3.712500e+00	4.460924e-04
-3.710000e+00	4.506674e-04
-3.707500e+00	4.554910e-04
-3.705000e+00	4.605708e-04
-3.702500e+00	4.659149e-04
-3.700000e+00	4.715321e-04
-3.697500e+00	4.774317e-04
-3.695000e+00	4.836238e-04
-3.692500e+00	4.901191e-04
-3.690000e+00	4.969293e-04
-3.687500e+00	5.040666e-04
-3.685000e+00	5.115443e-04
-3.682500e+00	5.193765e-04
-3.680000e+00	5.275785e-04
-3.677500e+00	5.361663e-04
-3.675000e+00	5.451574e-04
-3.672500e+00	5.545704e-04
-3.670000e+00	5.644250e-04
-3.667500e+00	5.747428e-04
-3.665000e+00	5.855464e-04
-3.662500e+00	5.968604e-04
-3.660000e+00	6.087110e-04
-3.657500e+00	6.211265e-04
-3.655000e+00	6.341373e-04
-3.652500e+00	6.477757e-04
-3.650000e+00	6.620771e-04
-3.647500e+00	6.770789e-04
-3.645000e+00	6.928221e-04
-3.642500e+00	7.093504e-04
-3.640000e+00	7.267112e-04
-3.637500e+00	7.449557e-04
-3.635000e+00	7.641394e-04
-3.632500e+00	7.843222e-04
-3.630000e+00	8.055693e-04
-3.627500e+00	8.279512e-04
-3.625000e+00	8.515449e-04
-3.622500e+00	8.764338e-04
-3.620000e+00	9.027093e-04
-3.617500e+00	9.304706e-04
-3.615000e+00	9.598267e-04
-3.612500e+00	9.908966e-04
-3.610000e+00	1.023811e-03
-3.607500e+00	1.058713e-03
-3.605000e+00	1.095760e-03
-3.602500e+00	1.135127e-03
-3.600000e+00	1.177006e-03
-3.597500e+00	1.221609e-03
-3.595000e+00	1.269171e-03
-3.592500e+00	1.319956e-03
-3.590000e+00	1.374254e-03
-3.587500e+00	1.432391e-03
-3.585000e+00	1.494730e-03
-3.582500e+00	1.561682e-03
-3.580000e+00	1.633704e-03
-3.577500e+00	1.711316e-03
-3.575000e+00	1.795102e-03
-3.572500e+00	1.885728e-03
-3.570000e+00	1.983951e-03
-3.567500e+00	2.090633e-03
-3.565000e+00	2.206765e-03
-3.562500e+00	2.333485e-03
-3.560000e+00	2.472108e-03
-3.557500e+00	2.624158e-03
-3.555000e+00	2.791409e-03
-3.552500e+00	2.975936e-03
-3.550000e+00	3.180182e-03
-3.547500e+00	3.407028e-03
-3.545000e+00	3.659904e-03
-3.542500e+00	3.942903e-03
-3.540000e+00	4.260952e-03
-3.537500e+00	4.620015e-03
-3.535000e+00	5.027367e-03
-3.532500e+00	5.491944e-03
-3.530000e+00	6.024820e-03
-3.527500e+00	6.639834e-03
-3.525000e+00	7.354450e-03
-3.522500e+00	8.190924e-03
-3.520000e+00	9.177934e-03
-3.517500e+00	1.035286e-02
-3.515000e+00	1.176506e-02
-3.512500e+00	1.348049e-02
-3.510000e+00	1.558863e-02
-3.507500e+00	1.821246e-02
-3.505000e+00	2.152339e-02
-3.502500e+00	2.576314e-02
-3.500000e+00	3.127531e-02
-3.497500e+00	3.854755e-02
-3.495000e+00	4.825712e-02
-3.492500e+00	6.128127e-02
-3.490000e+00	7.854103e-02
-3.487500e+00	1.003367e-01
-3.485000e+00	1.246485e-01
-3.482500e+00	1.448917e-01
-3.480000e+00	1.514108e-01
-3.477500e+00	1.402277e-01
-3.475000e+00	1.179035e-01
-3.472500e+00	9.385707e-02
-3.470000e+00	7.326597e-02
-3.467500e+00	5.726421e-02
-3.465000e+00	4.526071e-02
-3.462500e+00	3.631082e-02
-3.460000e+00	2.958849e-02
-3.457500e+00	2.447310e-02
-3.455000e+00	2.052189e-02
-3.452500e+00	1.742347e-02
-3.450000e+00	1.495841e-02
-3.447500e+00	1.297064e-02
-3.445000e+00	1.134779e-02
-3.442500e+00	1.000778e-02
-3.440000e+00	8.889843e-03
-3.437500e+00	7.948367e-03
-3.435000e+00	7.148674e-03
-3.432500e+00	6.464073e-03
-3.430000e+00	5.873782e-03
-3.427500e+00	5.361452e-03
-3.425000e+00	4.914088e-03
-3.422500e+00	4.521268e-03
-3.420000e+00	4.174560e-03
-3.417500e+00	3.867086e-03
-3.415000e+00	3.593196e-03
-3.412500e+00	3.348214e-03
-3.410000e+00	3.128244e-03
-3.407500e+00	2.930024e-03
-3.405000e+00	2.750801e-03
-3.402500e+00	2.588244e-03
-3.400000e+00	2.440366e-03
-3.397500e+00	2.305469e-03
-3.395000e+00	2.182089e-03
-3.392500e+00	2.068965e-03
-3.390000e+00	1.965002e-03
-3.387500e+00	1.869247e-03
-3.385000e+00	1.780869e-03
-3.382500e+00	1.699139e-03
-3.380000e+00	1.623413e-03
-3.377500e+00	1.553128e-03
-3.375000e+00	1.487781e-03
-3.372500e+00	1.426929e-03
-3.370000e+00	1.370175e-03
-3.367500e+00	1.317167e-03
-3.365000e+00	1.267590e-03
-3.362500e+00	1.221160e-03
-3.360000e+00	1.177624e-03
-3.357500e+00	1.136751e-03
-3.355000e+00	1.098337e-03
-3.352500e+00	1.062194e-03
-3.350000e+00	1.028152e-03
-3.347500e+00	9.960592e-04
-3.345000e+00	9.657745e-04
-3.342500e+00	9.371713e-04
-3.340000e+00	9.101334e-04
-3.337500e+00	8.845548e-04
-3.335000e+00	8.603386e-04
-3.332500e+00	8.373957e-04
-3.330000e+00	8.156447e-04
-3.327500e+00	7.950105e-04
-3.325000e+00	7.754241e-04
-3.322500e+00	7.568219e-04
-3.320000e+00	7.391454e-04
-3.317500e+00	7.223404e-04
-3.315000e+00	7.063567e-04
-3.312500e+00	6.911482e-04
-3.310000e+00	6.766719e-04
-3.307500e+00	6.628880e-04
-3.305000e+00	6.497596e-04
-3.302500e+00	6.372525e-04
-3.300000e+00	6.253347e-04
-3.297500e+00	6.139766e-04
-3.295000e+00	6.031507e-04
-3.292500e+00	5.928311e-04
-3.290000e+00	5.829940e-04
-3.287500e+00	5.736170e-04
-3.285000e+00	5.646793e-04
-3.282500e+00	5.561614e-04
-3.280000e+00	5.480452e-04
-3.277500e+00	5.403137e-04
-3.275000e+00	5.329510e-04
-3.272500e+00	5.259424e-04
-3.270000e+00	5.192740e-04
-3.267500e+00	5.129330e-04
-3.265000e+00	5.069073e-04
-3.262500e+00	5.011856e-04
-3.260000e+00	4.957574e-04
-3.257500e+00	4.906129e-04
-3.255000e+00	4.857431e-04
-3.252500e+00	4.811394e-04
-3.250000e+00	4.767939e-04
-3.247500e+00	4.726993e-04
-3.245000e+00	4.688488e-04
-3.242500e+00	4.652362e-04
-3.240000e+00	4.618556e-04
-3.237500e+00	4.587017e-04
-3.235000e+00	4.557696e-04
-3.232500e+00	4.530550e-04
-3.230000e+00	4.505537e-04
-3.227500e+00	4.482622e-04
-3.225000e+00	4.461772e-04
-3.222500e+00	4.442958e-04
-3.220000e+00	4.426157e-04
-3.217500e+00	4.411345e-04
-3.215000e+00	4.398507e-04
-3.212500e+00	4.387627e-04
-3.210000e+00	4.378694e-04
-3.207500e+00	4.371702e-04
-3.205000e+00	4.366646e-04
-3.202500e+00	4.363527e-04
-3.200000e+00	4.362346e-04
-3.197500e+00	4.363111e-04
-3.195000e+00	4.365831e-04
-3.192500e+00	4.370520e-04
-3.190000e+00	4.377194e-04
-3.187500e+00	4.385876e-04
-3.185000e+00	4.396588e-04
-3.182500e+00	4.409361e-04
-3.180000e+00	4.424225e-04
-3.177500e+00	4.441219e-04
-3.175000e+00	4.460383e-04
-3.172500e+00	4.481763e-04
-3.170000e+00	4.505409e-04
-3.167500e+00	4.531377e-04
-3.165000e+00	4.559727e-04
-3.162500e+00	4.590525e-04
-3.160000e+00	4.623842e-04
-3.157500e+00	4.659758e-04
-3.155000e+00	4.698356e-04
-3.152500e+00	4.739729e-04
-3.150000e+00	4.783974e-04
-3.147500e+00	4.831198e-04
-3.145000e+00	4.881517e-04
-3.142500e+00	4.935055e-04
-3.140000e+00	4.991945e-04
-3.137500e+00	5.052332e-04
-3.135000e+00	5.116371e-04
-3.132500e+00	5.184229e-04
-3.130000e+00	5.256086e-04
-3.127500e+00	5.332138e-04
-3.125000e+00	5.412593e-04
-3.122500e+00	5.497678e-04
-3.120000e+00	5.587636e-04
-3.117500e+00	5.682732e-04
-3.115000e+00	5.783250e-04
-3.112500e+00	5.889499e-04
-3.110000e+00	6.001810e-04
-3.107500e+00	6.120547e-04
-3.105000e+00	6.246100e-04
-3.102500e+00	6.378894e-04
-3.100000e+00	6.519391e-04
-3.097500e+00	6.668093e-04
-3.095000e+00	6.825548e-04
-3.092500e+00	6.992351e-04
-3.090000e+00	7.169154e-04
-3.087500e+00	7.356668e-04
-3.085000e+00	7.555673e-04
-3.082500e+00	7.767024e-04
-3.080000e+00	7.991659e-04
-3.077500e+00	8.230611e-04
-3.075000e+00	8.485017e-04
-3.072500e+00	8.756135e-04
-3.070000e+00	9.045353e-04
-3.067500e+00	9.354211e-04
-3.065000e+00	9.684420e-04
-3.062500e+00	1.003788e-03
-3.060000e+00	1.041672e-03
-3.057500e+00	1.082331e-03
-3.055000e+00	1.126031e-03
-3.052500e+00	1.173070e-03
-3.050000e+00	1.223786e-03
-3.047500e+00	1.278559e-03
-3.045000e+00	1.337821e-03
-3.042500e+00	1.402061e-03
-3.040000e+00	1.471838e-03
-3.037500e+00	1.547793e-03
-3.035000e+00	1.630660e-03
-3.032500e+00	1.721287e-03
-3.030000e+00	1.820654e-03
-3.027500e+00	1.929902e-03
-3.025000e+00	2.050362e-03
-3.022500e+00	2.183598e-03
-3.020000e+00	2.331452e-03
-3.017500e+00	2.496111e-03
-3.015000e+00	2.680180e-03
-3.012500e+00	2.886788e-03
-3.010000e+00	3.119712e-03
-3.007500e+00	3.383546e-03
-3.005000e+00	3.683921e-03
-3.002500e+00	4.027787e-03
-3.000000e+00	4.423808e-03
-2.997500e+00	4.882873e-03
-2.995000e+00	5.418809e-03
-2.992500e+00	6.049358e-03
-2.990000e+00	6.797548e-03
-2.987500e+00	7.693633e-03
-2.985000e+00	8.777870e-03
-2.982500e+00	1.010456e-02
-2.980000e+00	1.174798e-02
-2.977500e+00	1.381113e-02
-2.975000e+00	1.643868e-02
-2.972500e+00	1.983584e-02
-2.970000e+00	2.429444e-02
-2.967500e+00	3.022453e-02
-2.965000e+00	3.817585e-02
-2.962500e+00	4.879088e-02
-2.960000e+00	6.251968e-02
-2.957500e+00	7.875662e-02
-2.955000e+00	9.428383e-02
-2.952500e+00	1.028388e-01
-2.950000e+00	9.948925e-02
-2.947500e+00	8.629542e-02
-2.945000e+00	6.977058e-02
-2.942500e+00	5.469766e-02
-2.940000e+00	4.267488e-02
-2.937500e+00	3.358013e-02
-2.935000e+00	2.679847e-02
-2.932500e+00	2.172326e-02
-2.930000e+00	1.788107e-02
-2.927500e+00	1.492978e-02
-2.925000e+00	1.262813e-02
-2.922500e+00	1.080644e-02
-2.920000e+00	9.344490e-03
-2.917500e+00	8.156146e-03
-2.915000e+00	7.178817e-03
-2.912500e+00	6.366399e-03
-2.910000e+00	5.684458e-03
-2.907500e+00	5.106935e-03
-2.905000e+00	4.613861e-03
-2.902500e+00	4.189754e-03
-2.900000e+00	3.822478e-03
-2.897500e+00	3.502423e-03
-2.895000e+00	3.221909e-03
-2.892500e+00	2.974737e-03
-2.890000e+00	2.755871e-03
-2.887500e+00	2.561180e-03
-2.885000e+00	2.387256e-03
-2.882500e+00	2.231268e-03
-2.880000e+00	2.090847e-03
-2.877500e+00	1.964002e-03
-2.875000e+00	1.849047e-03
-2.872500e+00	1.744549e-03
-2.870000e+00	1.649285e-03
-2.867500e+00	1.562203e-03
-2.865000e+00	1.482398e-03
-2.862500e+00	1.409085e-03
-2.860000e+00	1.341582e-03
-2.857500e+00	1.279295e-03
-2.855000e+00	1.221702e-03
-2.852500e+00	1.168346e-03
-2.850000e+00	1.118824e-03
-2.847500e+00	1.072779e-03
-2.845000e+00	1.029895e-03
-2.842500e+00	9.898925e-04
-2.840000e+00	9.525194e-04
-2.837500e+00	9.175525e-04
-2.835000e+00	8.847912e-04
-2.832500e+00	8.540556e-04
-2.830000e+00	8.251836e-04
-2.827500e+00	7.980291e-04
-2.825000e+00	7.724601e-04
-2.822500e+00	7.483569e-04
-2.820000e+00	7.256111e-04
-2.817500e+00	7.041241e-04
-2.815000e+00	6.838062e-04
-2.812500e+00	6.645754e-04
-2.810000e+00	6.463570e-04
-2.807500e+00	6.290824e-04
-2.805000e+00	6.126890e-04
-2.802500e+00	5.971193e-04
-2.800000e+00	5.823203e-04
-2.797500e+00	5.682433e-04
-2.795000e+00	5.548434e-04
-2.792500e+00	5.420793e-04
-2.790000e+00	5.299127e-04
-2.787500e+00	5.183083e-04
-2.785000e+00	5.072332e-04
-2.782500e+00	4.966571e-04
-2.780000e+00	4.865519e-04
-2.777500e+00	4.768912e-04
-2.775000e+00	4.676507e-04
-2.772500e+00	4.588079e-04
-2.770000e+00	4.503414e-04
-2.767500e+00	4.422317e-04
-2.765000e+00	4.344603e-04
-2.762500e+00	4.270100e-04
-2.760000e+00	4.198647e-04
-2.757500e+00	4.130095e-04
-2.755000e+00	4.064301e-04
-2.752500e+00	4.001134e-04
-2.750000e+00	3.940470e-04
-2.747500e+00	3.882192e-04
-2.745000e+00	3.826191e-04
-2.742500e+00	3.772364e-04
-2.740000e+00	3.720615e-04
-2.737500e+00	3.670853e-04
-2.735000e+00	3.622992e-04
-2.732500e+00	3.576952e-04
-2.730000e+00	3.532655e-04
-2.727500e+00	3.490031e-04
-2.725000e+00	3.449013e-04
-2.722500e+00	3.409535e-04
-2.720000e+00	3.371538e-04
-2.717500e+00	3.334964e-04
-2.715000e+00	3.299761e-04
-2.712500e+00	3.265876e-04
-2.710000e+00	3.233262e-04
-2.707500e+00	3.201874e-04
-2.705000e+00	3.171668e-04
-2.702500e+00	3.142604e-04
-2.700000e+00	3.114642e-04
-2.697500e+00	3.087748e-04
-2.695000e+00	3.061886e-04
-2.692500e+00	3.037023e-04
-2.690000e+00	3.013130e-04
-2.687500e+00	2.990176e-04
-2.685000e+00	2.968135e-04
-2.682500e+00	2.946981e-04
-2.680000e+00	2.926689e-04
-2.677500e+00	2.907236e-04
-2.675000e+00	2.888600e-04
-2.672500e+00	2.870761e-04
-2.670000e+00	2.853700e-04
-2.667500e+00	2.837399e-04
-2.665000e+00	2.821842e-04
-2.662500e+00	2.807011e-04
-2.660000e+00	2.792894e-04
-2.657500e+00	2.779475e-04
-2.655000e+00	2.766744e-04
-2.652500e+00	2.754688e-04
-2.650000e+00	2.743297e-04
-2.647500e+00	2.732561e-04
-2.645000e+00	2.722472e-04
-2.642500e+00	2.713022e-04
-2.640000e+00	2.704205e-04
-2.637500e+00	2.696015e-04
-2.635000e+00	2.688447e-04
-2.632500e+00	2.681497e-04
-2.630000e+00	2.675164e-04
-2.627500e+00	2.669443e-04
-2.625000e+00	2.664336e-04
-2.622500e+00	2.659842e-04
-2.620000e+00	2.655963e-04
-2.617500e+00	2.652700e-04
-2.615000e+00	2.650057e-04
-2.612500e+00	2.648039e-04
-2.610000e+00	2.646652e-04
-2.607500e+00	2.645903e-04
-2.605000e+00	2.645799e-04
-2.602500e+00	2.646351e-04
-2.600000e+00	2.647571e-04
-2.597500e+00	2.649470e-04
-2.595000e+00	2.652063e-04
-2.592500e+00	2.655368e-04
-2.590000e+00	2.659401e-04
-2.587500e+00	2.664183e-04
-2.585000e+00	2.669737e-04
-2.582500e+00	2.676087e-04
-2.580000e+00	2.683261e-04
-2.577500e+00	2.691288e-04
-2.575000e+00	2.700202e-04
-2.572500e+00	2.710040e-04
-2.570000e+00	2.720840e-04
-2.567500e+00	2.732649e-04
-2.565000e+00	2.745513e-04
-2.562500e+00	2.759485e-04
-2.560000e+00	2.774625e-04
-2.557500e+00	2.790996e-04
-2.555000e+00	2.808669e-04
-2.552500e+00	2.827721e-04
-2.550000e+00	2.848238e-04
-2.547500e+00	2.870314e-04
-2.545000e+00	2.894054e-04
-2.542500e+00	2.919573e-04
-2.540000e+00	2.946998e-04
-2.537500e+00	2.976472e-04
-2.535000e+00	3.008152e-04
-2.532500e+00	3.042214e-04
-2.530000e+00	3.078852e-04
-2.527500e+00	3.118286e-04
-2.525000e+00	3.160761e-04
-2.522500e+00	3.206553e-04
-2.520000e+00	3.255970e-04
-2.517500e+00	3.309363e-04
-2.515000e+00	3.367128e-04
-2.512500e+00	3.429714e-04
-2.510000e+00	3.497633e-04
-2.507500e+00	3.571470e-04
-2.505000e+00	3.651896e-04
-2.502500e+00	3.739682e-04
-2.500000e+00	3.835719e-04
-2.497500e+00	3.941042e-04
-2.495000e+00	4.056854e-04
-2.492500e+00	4.184565e-04
-2.490000e+00	4.325833e-04
-2.487500e+00	4.482617e-04
-2.485000e+00	4.657245e-04
-2.482500e+00	4.852502e-04
-2.480000e+00	5.071739e-04
-2.477500e+00	5.319014e-04
-2.475000e+00	5.599278e-04
-2.472500e+00	5.918616e-04
-2.470000e+00	6.284572e-04
-2.467500e+00	6.706580e-04
-2.465000e+00	7.196547e-04
-2.462500e+00	7.769659e-04
-2.460000e+00	8.445492e-04
-2.457500e+00	9.249584e-04
-2.455000e+00	1.021566e-03
-2.452500e+00	1.138886e-03
-2.450000e+00	1.283040e-03
-2.447500e+00	1.462455e-03
-2.445000e+00	1.688877e-03
-2.442500e+00	1.978885e-03
-2.440000e+00	2.356046e-03
-2.437500e+00	2.853795e-03
-2.435000e+00	3.518470e-03
-2.432500e+00	4.409738e-03
-2.430000e+00	5.589041e-03
-2.427500e+00	7.072119e-03
-2.425000e+00	8.710488e-03
-2.422500e+00	1.004341e-02
-2.420000e+00	1.042279e-02
-2.417500e+00	9.616505e-03
-2.415000e+00	8.093546e-03
-2.412500e+00	6.480834e-03
-2.410000e+00	5.110044e-03
-2.407500e+00	4.048105e-03
-2.405000e+00	3.252419e-03
-2.402500e+00	2.659324e-03
-2.400000e+00	2.213849e-03
-2.397500e+00	1.874866e-03
-2.395000e+00	1.613074e-03
-2.392500e+00	1.407868e-03
-2.390000e+00	1.244725e-03
-2.387500e+00	1.113312e-03
-2.385000e+00	1.006178e-03
-2.382500e+00	9.178814e-04
-2.380000e+00	8.443897e-04
-2.377500e+00	7.826739e-04
-2.375000e+00	7.304296e-04
-2.372500e+00	6.858823e-04
-2.370000e+00	6.476496e-04
-2.367500e+00	6.146436e-04
-2.365000e+00	5.859990e-04
-2.362500e+00	5.610218e-04
-2.360000e+00	5.391502e-04
-2.357500e+00	5.199259e-04
-2.355000e+00	5.029725e-04
-2.352500e+00	4.879781e-04
-2.350000e+00	4.746832e-04
-2.347500e+00	4.628701e-04
-2.345000e+00	4.523556e-04
-2.342500e+00	4.429843e-04
-2.340000e+00	4.346238e-04
-2.337500e+00	4.271609e-04
-2.335000e+00	4.204983e-04
-2.332500e+00	4.145522e-04
-2.330000e+00	4.092497e-04
-2.327500e+00	4.045276e-04
-2.325000e+00	4.003307e-04
-2.322500e+00	3.966107e-04
-2.320000e+00	3.933253e-04
-2.317500e+00	3.904370e-04
-2.315000e+00	3.879128e-04
-2.312500e+00	3.857237e-04
-2.310000e+00	3.838436e-04
-2.307500e+00	3.822496e-04
-2.305000e+00	3.809211e-04
-2.302500e+00	3.798398e-04
-2.300000e+00	3.789893e-04
-2.297500e+00	3.783550e-04
-2.295000e+00	3.779236e-04
-2.292500e+00	3.776835e-04
-2.290000e+00	3.776240e-04
-2.287500e+00	3.777355e-04
-2.285000e+00	3.780094e-04
-2.282500e+00	3.784380e-04
-2.280000e+00	3.790144e-04
-2.277500e+00	3.797323e-04
-2.275000e+00	3.805859e-04
-2.272500e+00	3.815704e-04
-2.270000e+00	3.826810e-04
-2.267500e+00	3.839137e-04
-2.265000e+00	3.852649e-04
-2.262500e+00	3.867312e-04
-2.260000e+00	3.883098e-04
-2.257500e+00	3.899981e-04
-2.255000e+00	3.917938e-04
-2.252500e+00	3.936948e-04
-2.250000e+00	3.956996e-04
-2.247500e+00	3.978066e-04
-2.245000e+00	4.000145e-04
-2.242500e+00	4.023222e-04
-2.240000e+00	4.047291e-04
-2.237500e+00	4.072343e-04
-2.235000e+00	4.098374e-04
-2.232500e+00	4.125381e-04
-2.230000e+00	4.153362e-04
-2.227500e+00	4.182317e-04
-2.225000e+00	4.212249e-04
-2.222500e+00	4.243159e-04
-2.220000e+00	4.275052e-04
-2.217500e+00	4.307934e-04
-2.215000e+00	4.341811e-04
-2.212500e+00	4.376692e-04
-2.210000e+00	4.412585e-04
-2.207500e+00	4.449502e-04
-2.205000e+00	4.487454e-04
-2.202500e+00	4.526454e-04
-2.200000e+00	4.566517e-04
-2.197500e+00	4.607656e-04
-2.195000e+00	4.649890e-04
-2.192500e+00	4.693235e-04
-2.190000e+00	4.737710e-04
-2.187500e+00	4.783335e-04
-2.185000e+00	4.830132e-04
-2.182500e+00	4.878122e-04
-2.180000e+00	4.927330e-04
-2.177500e+00	4.977780e-04
-2.175000e+00	5.029498e-04
-2.172500e+00	5.082512e-04
-2.170000e+00	5.136850e-04
-2.167500e+00	5.192543e-04
-2.165000e+00	5.249623e-04
-2.162500e+00	5.308121e-04
-2.160000e+00	5.368074e-04
-2.157500e+00	5.429517e-04
-2.155000e+00	5.492488e-04
-2.152500e+00	5.557026e-04
-2.150000e+00	5.623172e-04
-2.147500e+00	5.690969e-04
-2.145000e+00	5.760462e-04
-2.142500e+00	5.831698e-04
-2.140000e+00	5.904725e-04
-2.137500e+00	5.979593e-04
-2.135000e+00	6.056357e-04
-2.132500e+00	6.135071e-04
-2.130000e+00	6.215792e-04
-2.127500e+00	6.298581e-04
-2.125000e+00	6.383500e-04
-2.122500e+00	6.470614e-04
-2.120000e+00	6.559992e-04
-2.117500e+00	6.651705e-04
-2.115000e+00	6.745826e-04
-2.112500e+00	6.842434e-04
-2.110000e+00	6.941608e-04
-2.107500e+00	7.043434e-04
-2.105000e+00	7.147999e-04
-2.102500e+00	7.255396e-04
-2.100000e+00	7.365721e-04
-2.097500e+00	7.479073e-04
-2.095000e+00	7.595559e-04
-2.092500e+00	7.715289e-04
-2.090000e+00	7.838377e-04
-2.087500e+00	7.964943e-04
-2.085000e+00	8.095115e-04
-2.082500e+00	8.229023e-04
-2.080000e+00	8.366807e-04
-2.077500e+00	8.508611e-04
-2.075000e+00	8.654587e-04
-2.072500e+00	8.804894e-04
-2.070000e+00	8.959701e-04
-2.067500e+00	9.119182e-04
-2.065000e+00	9.283522e-04
-2.062500e+00	9.452916e-04
-2.060000e+00	9.627566e-04
-2.057500e+00	9.807688e-04
-2.055000e+00	9.993506e-04
-2.052500e+00	1.018526e-03
-2.050000e+00	1.038319e-03
-2.047500e+00	1.058758e-03
-2.045000e+00	1.079869e-03
-2.042500e+00	1.101682e-03
-2.040000e+00	1.124228e-03
-2.037500e+00	1.147539e-03
-2.035000e+00	1.171651e-03
-2.032500e+00	1.196599e-03
-2.030000e+00	1.222422e-03
-2.027500e+00	1.249162e-03
-2.025000e+00	1.276861e-03
-2.022500e+00	1.305566e-03
-2.020000e+00	1.335326e-03
-2.017500e+00	1.366191e-03
-2.015000e+00	1.398218e-03
-2.012500e+00	1.431464e-03
-2.010000e+00	1.465992e-03
-2.007500e+00	1.501868e-03
-2.005000e+00	1.539163e-03
-2.002500e+00	1.577952e-03
-2.000000e+00	1.618316e-03
-1.997500e+00	1.660339e-03
-1.995000e+00	1.704115e-03
-1.992500e+00	1.749741e-03
-1.990000e+00	1.797323e-03
-1.987500e+00	1.846973e-03
-1.985000e+00	1.898812e-03
-1.982500e+00	1.952971e-03
-1.980000e+00	2.009590e-03
-1.977500e+00	2.068818e-03
-1.975000e+00	2.130819e-03
-1.972500e+00	2.195768e-03
-1.970000e+00	2.263853e-03
-1.967500e+00	2.335279e-03
-1.965000e+00	2.410268e-03
-1.962500e+00	2.489061e-03
-1.960000e+00	2.571916e-03
-1.957500e+00	2.659120e-03
-1.955000e+00	2.750978e-03
-1.952500e+00	2.847830e-03
-1.950000e+00	2.950041e-03
-1.947500e+00	3.058013e-03
-1.945000e+00	3.172187e-03
-1.942500e+00	3.293045e-03
-1.940000e+00	3.421118e-03
-1.937500e+00	3.556990e-03
-1.935000e+00	3.701306e-03
-1.932500e+00	3.854778e-03
-1.930000e+00	4.018194e-03
-1.927500e+00	4.192431e-03
-1.925000e+00	4.378462e-03
-1.922500e+00	4.577373e-03
-1.920000e+00	4.790376e-03
-1.917500e+00	5.018830e-03
-1.915000e+00	5.264262e-03
-1.912500e+00	5.528389e-03
-1.910000e+00	5.813151e-03
-1.907500e+00	6.120749e-03
-1.905000e+00	6.453677e-03
-1.902500e+00	6.814785e-03
-1.900000e+00	7.207328e-03
-1.897500e+00	7.635044e-03
-1.895000e+00	8.102242e-03
-1.892500e+00	8.613907e-03
-1.890000e+00	9.175831e-03
-1.887500e+00	9.794774e-03
-1.885000e+00	1.047866e-02
-1.882500e+00	1.123685e-02
-1.880000e+00	1.208039e-02
-1.877500e+00	1.302250e-02
-1.875000e+00	1.407899e-02
-1.872500e+00	1.526896e-02
-1.870000e+00	1.661562e-02
-1.867500e+00	1.814736e-02
-1.865000e+00	1.989925e-02
-1.862500e+00	2.191490e-02
-1.860000e+00	2.424909e-02
-1.857500e+00	2.697128e-02
-1.855000e+00	3.017053e-02
-1.852500e+00	3.396221e-02
-1.850000e+00	3.849773e-02
-1.847500e+00	4.397821e-02
-1.845000e+00	5.067453e-02
-1.842500e+00	5.895658e-02
-1.840000e+00	6.933652e-02
-1.837500e+00	8.253273e-02
-1.835000e+00	9.956320e-02
-1.832500e+00	1.218762e-01
-1.830000e+00	1.515118e-01
-1.827500e+00	1.912283e-01
-1.825000e+00	2.443304e-01
-1.822500e+00	3.134129e-01
-1.820000e+00	3.963478e-01
-1.817500e+00	4.784759e-01
-1.815000e+00	5.286733e-01
-1.812500e+00	5.187441e-01
-1.810000e+00	4.548387e-01
-1.807500e+00	3.698168e-01
-1.805000e+00	2.903556e-01
-1.802500e+00	2.263197e-01
-1.800000e+00	1.777035e-01
-1.797500e+00	1.414351e-01
-1.795000e+00	1.143191e-01
-1.792500e+00	9.382329e-02
-1.790000e+00	7.810773e-02
-1.787500e+00	6.587325e-02
-1.785000e+00	5.620641e-02
-1.782500e+00	4.846088e-02
-1.780000e+00	4.217410e-02
-1.777500e+00	3.701060e-02
-1.775000e+00	3.272364e-02
-1.772500e+00	2.912922e-02
-1.770000e+00	2.608831e-02
-1.767500e+00	2.349452e-02
-1.765000e+00	2.126547e-02
-1.762500e+00	1.933668e-02
-1.760000e+00	1.765714e-02
-1.757500e+00	1.618610e-02
-1.755000e+00	1.489076e-02
-1.752500e+00	1.374444e-02
-1.750000e+00	1.272532e-02
-1.747500e+00	1.181538e-02
-1.745000e+00	1.099968e-02
-1.742500e+00	1.026572e-02
-1.740000e+00	9.602998e-03
-1.737500e+00	9.002641e-03
-1.735000e+00	8.457104e-03
-1.732500e+00	7.959944e-03
-1.730000e+00	7.505633e-03
-1.727500e+00	7.089410e-03
-1.725000e+00	6.707151e-03
-1.722500e+00	6.355276e-03
-1.720000e+00	6.030661e-03
-1.717500e+00	5.730574e-03
-1.715000e+00	5.452615e-03
-1.712500e+00	5.194668e-03
-1.710000e+00	4.954865e-03
-1.707500e+00	4.731551e-03
-1.705000e+00	4.523253e-03
-1.702500e+00	4.328661e-03
-1.700000e+00	4.146601e-03
-1.697500e+00	3.976026e-03
-1.695000e+00	3.815993e-03
-1.692500e+00	3.665654e-03
-1.690000e+00	3.524245e-03
-1.687500e+00	3.391076e-03
-1.685000e+00	3.265522e-03
-1.682500e+00	3.147016e-03
-1.680000e+00	3.035042e-03
-1.677500e+00	2.929131e-03
-1.675000e+00	2.828856e-03
-1.672500e+00	2.733827e-03
-1.670000e+00	2.643685e-03
-1.667500e+00	2.558103e-03
-1.665000e+00	2.476781e-03
-1.662500e+00	2.399443e-03
-1.660000e+00	2.325834e-03
-1.657500e+00	2.255721e-03
-1.655000e+00	2.188886e-03
-1.652500e+00	2.125132e-03
-1.650000e+00	2.064273e-03
-1.647500e+00	2.006137e-03
-1.645000e+00	1.950568e-03
-1.642500e+00	1.897417e-03
-1.640000e+00	1.846548e-03
-1.637500e+00	1.797835e-03
-1.635000e+00	1.751157e-03
-1.632500e+00	1.706406e-03
-1.630000e+00	1.663479e-03
-1.627500e+00	1.622278e-03
-1.625000e+00	1.582716e-03
-1.622500e+00	1.544707e-03
-1.620000e+00	1.508173e-03
-1.617500e+00	1.473040e-03
-1.615000e+00	1.439240e-03
-1.612500e+00	1.406707e-03
-1.610000e+00	1.375382e-03
-1.607500e+00	1.345205e-03
-1.605000e+00	1.316125e-03
-1.602500e+00	1.288090e-03
-1.600000e+00	1.261052e-03
-1.597500e+00	1.234967e-03
-1.595000e+00	1.209793e-03
-1.592500e+00	1.185489e-03
-1.590000e+00	1.162017e-03
-1.587500e+00	1.139343e-03
-1.585000e+00	1.117432e-03
-1.582500e+00	1.096253e-03
-1.580000e+00	1.075776e-03
-1.577500e+00	1.055972e-03
-1.575000e+00	1.036814e-03
-1.572500e+00	1.018277e-03
-1.570000e+00	1.000336e-03
-1.567500e+00	9.829690e-04
-1.565000e+00	9.661540e-04
-1.562500e+00	9.498704e-04
-1.560000e+00	9.340986e-04
-1.557500e+00	9.188203e-04
-1.555000e+00	9.040179e-04
-1.552500e+00	8.896746e-04
-1.550000e+00	8.757748e-04
-1.547500e+00	8.623035e-04
-1.545000e+00	8.492464e-04
-1.542500e+00	8.365902e-04
-1.540000e+00	8.243221e-04
-1.537500e+00	8.124300e-04
-1.535000e+00	8.009026e-04
-1.532500e+00	7.897290e-04
-1.530000e+00	7.788991e-04
-1.527500e+00	7.684032e-04
-1.525000e+00	7.582323e-04
-1.522500e+00	7.483778e-04
-1.520000e+00	7.388319e-04
-1.517500e+00	7.295869e-04
-1.515000e+00	7.206360e-04
-1.512500e+00	7.119726e-04
-1.510000e+00	7.035909e-04
-1.507500e+00	6.954852e-04
-1.505000e+00	6.876505e-04
-1.502500e+00	6.800824e-04
-1.500000e+00	6.727767e-04
-1.497500e+00	6.657299e-04
-1.495000e+00	6.589389e-04
-1.492500e+00	6.524011e-04
-1.490000e+00	6.461146e-04
-1.487500e+00	6.400777e-04
-1.485000e+00	6.342896e-04
-1.482500e+00	6.287499e-04
-1.480000e+00	6.234589e-04
-1.477500e+00	6.184174e-04
-1.475000e+00	6.136271e-04
-1.472500e+00	6.090903e-04
-1.470000e+00	6.048103e-04
-1.467500e+00	6.007909e-04
-1.465000e+00	5.970372e-04
-1.462500e+00	5.935552e-04
-1.460000e+00	5.903519e-04
-1.457500e+00	5.874357e-04
-1.455000e+00	5.848164e-04
-1.452500e+00	5.825052e-04
-1.450000e+00	5.805151e-04
-1.447500e+00	5.788611e-04
-1.445000e+00	5.775601e-04
-1.442500e+00	5.766317e-04
-1.440000e+00	5.760981e-04
-1.437500e+00	5.759849e-04
-1.435000e+00	5.763211e-04
-1.432500e+00	5.771399e-04
-1.430000e+00	5.784793e-04
-1.427500e+00	5.803829e-04
-1.425000e+00	5.829007e-04
-1.422500e+00	5.860904e-04
-1.420000e+00	5.900183e-04
-1.417500e+00	5.947614e-04
-1.415000e+00	6.004087e-04
-1.412500e+00	6.070644e-04
-1.410000e+00	6.148498e-04
-1.407500e+00	6.239077e-04
-1.405000e+00	6.344064e-04
-1.402500e+00	6.465455e-04
-1.400000e+00	6.605628e-04
-1.397500e+00	6.767432e-04
-1.395000e+00	6.954305e-04
-1.392500e+00	7.170418e-04
-1.390000e+00	7.420870e-04
-1.387500e+00	7.711944e-04
-1.385000e+00	8.051440e-04
-1.382500e+00	8.449134e-04
-1.380000e+00	8.917392e-04
-1.377500e+00	9.472017e-04
-1.375000e+00	1.013343e-03
-1.372500e+00	1.092832e-03
-1.370000e+00	1.189204e-03
-1.367500e+00	1.307200e-03
-1.365000e+00	1.453270e-03
-1.362500e+00	1.636309e-03
-1.360000e+00	1.868751e-03
-1.357500e+00	2.168172e-03
-1.355000e+00	2.559575e-03
-1.352500e+00	3.078353e-03
-1.350000e+00	3.773169e-03
-1.347500e+00	4.705226e-03
-1.345000e+00	5.932685e-03
-1.342500e+00	7.453098e-03
-1.340000e+00	9.071862e-03
-1.337500e+00	1.027262e-02
-1.335000e+00	1.043226e-02
-1.332500e+00	9.450608e-03
-1.330000e+00	7.874927e-03
-1.327500e+00	6.294065e-03
-1.325000e+00	4.980627e-03
-1.322500e+00	3.971731e-03
-1.320000e+00	3.216951e-03
-1.317500e+00	2.653300e-03
-1.315000e+00	2.228435e-03
-1.312500e+00	1.903705e-03
-1.310000e+00	1.651682e-03
-1.307500e+00	1.453089e-03
-1.305000e+00	1.294320e-03
-1.302500e+00	1.165669e-03
-1.300000e+00	1.060129e-03
-1.297500e+00	9.725614e-04
-1.295000e+00	8.991532e-04
-1.292500e+00	8.370321e-04
-1.290000e+00	7.840078e-04
-1.287500e+00	7.383903e-04
-1.285000e+00	6.988604e-04
-1.282500e+00	6.643773e-04
-1.280000e+00	6.341125e-04
-1.277500e+00	6.073996e-04
-1.275000e+00	5.836986e-04
-1.272500e+00	5.625684e-04
-1.270000e+00	5.436455e-04
-1.267500e+00	5.266290e-04
-1.265000e+00	5.112677e-04
-1.262500e+00	4.973508e-04
-1.260000e+00	4.847004e-04
-1.257500e+00	4.731653e-04
-1.255000e+00	4.626168e-04
-1.252500e+00	4.529445e-04
-1.250000e+00	4.440534e-04
-1.247500e+00	4.358613e-04
-1.245000e+00	4.282969e-04
-1.242500e+00	4.212980e-04
-1.240000e+00	4.148103e-04
-1.237500e+00	4.087861e-04
-1.235000e+00	4.031835e-04
-1.232500e+00	3.979654e-04
-1.230000e+00	3.930989e-04
-1.227500e+00	3.885549e-04
-1.225000e+00	3.843075e-04
-1.222500e+00	3.803335e-04
-1.220000e+00	3.766122e-04
-1.217500e+00	3.731248e-04
-1.215000e+00	3.698549e-04
-1.212500e+00	3.667872e-04
-1.210000e+00	3.639081e-04
-1.207500e+00	3.612055e-04
-1.205000e+00	3.586682e-04
-1.202500e+00	3.562860e-04
-1.200000e+00	3.540498e-04
-1.197500e+00	3.519513e-04
-1.195000e+00	3.499828e-04
-1.192500e+00	3.481374e-04
-1.190000e+00	3.464088e-04
-1.187500e+00	3.447911e-04
-1.185000e+00	3.432790e-04
-1.182500e+00	3.418678e-04
-1.180000e+00	3.405528e-04
-1.177500e+00	3.393301e-04
-1.175000e+00	3.381958e-04
-1.172500e+00	3.371466e-04
-1.170000e+00	3.361791e-04
-1.167500e+00	3.352906e-04
-1.165000e+00	3.344784e-04
-1.162500e+00	3.337399e-04
-1.160000e+00	3.330730e-04
-1.157500e+00	3.324755e-04
-1.155000e+00	3.319455e-04
-1.152500e+00	3.314813e-04
-1.150000e+00	3.310814e-04
-1.147500e+00	3.307442e-04
-1.145000e+00	3.304684e-04
-1.142500e+00	3.302528e-04
-1.140000e+00	3.300963e-04
-1.137500e+00	3.299980e-04
-1.135000e+00	3.299569e-04
-1.132500e+00	3.299722e-04
-1.130000e+00	3.300433e-04
-1.127500e+00	3.301695e-04
-1.125000e+00	3.303502e-04
-1.122500e+00	3.305851e-04
-1.120000e+00	3.308738e-04
-1.117500e+00	3.312158e-04
-1.115000e+00	3.316110e-04
-1.112500e+00	3.320592e-04
-1.110000e+00	3.325603e-04
-1.107500e+00	3.331142e-04
-1.105000e+00	3.337208e-04
-1.102500e+00	3.343804e-04
-1.100000e+00	3.350930e-04
-1.097500e+00	3.358587e-04
-1.095000e+00	3.366779e-04
-1.092500e+00	3.375507e-04
-1.090000e+00	3.384776e-04
-1.087500e+00	3.394589e-04
-1.085000e+00	3.404951e-04
-1.082500e+00	3.415867e-04
-1.080000e+00	3.427342e-04
-1.077500e+00	3.439383e-04
-1.075000e+00	3.451997e-04
-1.072500e+00	3.465189e-04
-1.070000e+00	3.478970e-04
-1.067500e+00	3.493346e-04
-1.065000e+00	3.508327e-04
-1.062500e+00	3.523922e-04
-1.060000e+00	3.540141e-04
-1.057500e+00	3.556996e-04
-1.055000e+00	3.574498e-04
-1.052500e+00	3.592658e-04
-1.050000e+00	3.611490e-04
-1.047500e+00	3.631007e-04
-1.045000e+00	3.651223e-04
-1.042500e+00	3.672153e-04
-1.040000e+00	3.693812e-04
-1.037500e+00	3.716218e-04
-1.035000e+00	3.739387e-04
-1.032500e+00	3.763337e-04
-1.030000e+00	3.788089e-04
-1.027500e+00	3.813660e-04
-1.025000e+00	3.840073e-04
-1.022500e+00	3.867350e-04
-1.020000e+00	3.895512e-04
-1.017500e+00	3.924585e-04
-1.015000e+00	3.954594e-04
-1.012500e+00	3.985564e-04
-1.010000e+00	4.017525e-04
-1.007500e+00	4.050503e-04
-1.005000e+00	4.084531e-04
-1.002500e+00	4.119640e-04
-1.000000e+00	4.155862e-04
-9.975000e-01	4.193234e-04
-9.950000e-01	4.231791e-04
-9.925000e-01	4.271573e-04
-9.900000e-01	4.312619e-04
-9.875000e-01	4.354972e-04
-9.850000e-01	4.398676e-04
-9.825000e-01	4.443777e-04
-9.800000e-01	4.490325e-04
-9.775000e-01	4.538371e-04
-9.750000e-01	4.587969e-04
-9.725000e-01	4.639175e-04
-9.700000e-01	4.692050e-04
-9.675000e-01	4.746655e-04
-9.650000e-01	4.803057e-04
-9.625000e-01	4.861326e-04
-9.600000e-01	4.921534e-04
-9.575000e-01	4.983759e-04
-9.550000e-01	5.048082e-04
-9.525000e-01	5.114588e-04
-9.500000e-01	5.183369e-04
-9.475000e-01	5.254520e-04
-9.450000e-01	5.328142e-04
-9.425000e-01	5.404341e-04
-9.400000e-01	5.483232e-04
-9.375000e-01	5.564932e-04
-9.350000e-01	5.649569e-04
-9.325000e-01	5.737278e-04
-9.300000e-01	5.828199e-04
-9.275000e-01	5.922485e-04
-9.250000e-01	6.020295e-04
-9.225000e-01	6.121801e-04
-9.200000e-01	6.227182e-04
-9.175000e-01	6.336633e-04
-9.150000e-01	6.450358e-04
-9.125000e-01	6.568576e-04
-9.100000e-01	6.691521e-04
-9.075000e-01	6.819442e-04
-9.050000e-01	6.952606e-04
-9.025000e-01	7.091298e-04
-9.000000e-01	7.235822e-04
-8.975000e-01	7.386506e-04
-8.950000e-01	7.543701e-04
-8.925000e-01	7.707783e-04
-8.900000e-01	7.879157e-04
-8.875000e-01	8.058258e-04
-8.850000e-01	8.245555e-04
-8.825000e-01	8.441554e-04
-8.800000e-01	8.646802e-04
-8.775000e-01	8.861888e-04
-8.750000e-01	9.087451e-04
-8.725000e-01	9.324183e-04
-8.700000e-01	9.572835e-04
-8.675000e-01	9.834223e-04
-8.650000e-01	1.010923e-03
-8.625000e-01	1.039884e-03
-8.600000e-01	1.070409e-03
-8.575000e-01	1.102613e-03
-8.550000e-01	1.136624e-03
-8.525000e-01	1.172580e-03
-8.500000e-01	1.210632e-03
-8.475000e-01	1.250949e-03
-8.450000e-01	1.293714e-03
-8.425000e-01	1.339131e-03
-8.400000e-01	1.387426e-03
-8.375000e-01	1.438848e-03
-8.350000e-01	1.493677e-03
-8.325000e-01	1.552221e-03
-8.300000e-01	1.614826e-03
-8.275000e-01	1.681879e-03
-8.250000e-01	1.753815e-03
-8.225000e-01	1.831122e-03
-8.200000e-01	1.914352e-03
-8.175000e-01	2.004128e-03
-8.150000e-01	2.101161e-03
-8.125000e-01	2.206256e-03
-8.100000e-01	2.320337e-03
-8.075000e-01	2.444461e-03
-8.050000e-01	2.579846e-03
-8.025000e-01	2.727900e-03
-8.000000e-01	2.890258e-03
-7.975000e-01	3.068824e-03
-7.950000e-01	3.265832e-03
-7.925000e-01	3.483908e-03
-7.900000e-01	3.726162e-03
-7.875000e-01	3.996296e-03
-7.850000e-01	4.298740e-03
-7.825000e-01	4.638835e-03
-7.800000e-01	5.023060e-03
-7.775000e-01	5.459331e-03
-7.750000e-01	5.957400e-03
-7.725000e-01	6.529380e-03
-7.700000e-01	7.190449e-03
-7.675000e-01	7.959815e-03
-7.650000e-01	8.862035e-03
-7.625000e-01	9.928856e-03
-7.600000e-01	1.120181e-02
-7.575000e-01	1.273593e-02
-7.550000e-01	1.460509e-02
-7.525000e-01	1.690987e-02
-7.500000e-01	1.978911e-02
-7.475000e-01	2.343703e-02
-7.450000e-01	2.812834e-02
-7.425000e-01	3.425383e-02
-7.400000e-01	4.236621e-02
-7.375000e-01	5.322278e-02
-7.350000e-01	6.776670e-02
-7.325000e-01	8.686265e-02
-7.300000e-01	1.103551e-01
-7.275000e-01	1.349887e-01
-7.250000e-01	1.525751e-01
-7.225000e-01	1.538143e-01
-7.200000e-01	1.379391e-01
-7.175000e-01	1.136708e-01
-7.150000e-01	8.975372e-02
-7.125000e-01	7.003918e-02
-7.100000e-01	5.494695e-02
-7.075000e-01	4.367108e-02
-7.050000e-01	3.525471e-02
-7.025000e-01	2.891244e-02
-7.000000e-01	2.406672e-02
-6.975000e-01	2.030828e-02
-6.950000e-01	1.734943e-02
-6.925000e-01	1.498703e-02
-6.900000e-01	1.307610e-02
-6.875000e-01	1.151181e-02
-6.850000e-01	1.021728e-02
-6.825000e-01	9.135378e-03
-6.800000e-01	8.223041e-03
-6.775000e-01	7.447418e-03
-6.750000e-01	6.783135e-03
-6.725000e-01	6.210378e-03
-6.700000e-01	5.713511e-03
-6.675000e-01	5.280076e-03
-6.650000e-01	4.900056e-03
-6.625000e-01	4.565332e-03
-6.600000e-01	4.269267e-03
-6.575000e-01	4.006401e-03
-6.550000e-01	3.772208e-03
-6.525000e-01	3.562915e-03
-6.500000e-01	3.375357e-03
-6.475000e-01	3.206866e-03
-6.450000e-01	3.055179e-03
-6.425000e-01	2.918370e-03
-6.400000e-01	2.794792e-03
-6.375000e-01	2.683030e-03
-6.350000e-01	2.581863e-03
-6.325000e-01	2.490239e-03
-6.300000e-01	2.407242e-03
-6.275000e-01	2.332077e-03
-6.250000e-01	2.264050e-03
-6.225000e-01	2.202557e-03
-6.200000e-01	2.147067e-03
-6.175000e-01	2.097116e-03
-6.150000e-01	2.052301e-03
-6.125000e-01	2.012263e-03
-6.100000e-01	1.976694e-03
-6.075000e-01	1.945321e-03
-6.050000e-01	1.917908e-03
-6.025000e-01	1.894252e-03
-6.000000e-01	1.874175e-03
-5.975000e-01	1.857528e-03
-5.950000e-01	1.844186e-03
-5.925000e-01	1.834043e-03
-5.900000e-01	1.827016e-03
-5.875000e-01	1.823041e-03
-5.850000e-01	1.822073e-03
-5.825000e-01	1.824083e-03
-5.800000e-01	1.829061e-03
-5.775000e-01	1.837014e-03
-5.750000e-01	1.847965e-03
-5.725000e-01	1.861955e-03
-5.700000e-01	1.879042e-03
-5.675000e-01	1.899304e-03
-5.650000e-01	1.922835e-03
-5.625000e-01	1.949751e-03
-5.600000e-01	1.980191e-03
-5.575000e-01	2.014313e-03
-5.550000e-01	2.052303e-03
-5.525000e-01	2.094373e-03
-5.500000e-01	2.140764e-03
-5.475000e-01	2.191754e-03
-5.450000e-01	2.247652e-03
-5.425000e-01	2.308813e-03
-5.400000e-01	2.375636e-03
-5.375000e-01	2.448572e-03
-5.350000e-01	2.528133e-03
-5.325000e-01	2.614896e-03
-5.300000e-01	2.709518e-03
-5.275000e-01	2.812743e-03
-5.250000e-01	2.925418e-03
-5.225000e-01	3.048508e-03
-5.200000e-01	3.183118e-03
-5.175000e-01	3.330513e-03
-5.150000e-01	3.492148e-03
-5.125000e-01	3.669701e-03
-5.100000e-01	3.865116e-03
-5.075000e-01	4.080653e-03
-5.050000e-01	4.318948e-03
-5.025000e-01	4.583095e-03
-5.000000e-01	4.876737e-03
-4.975000e-01	5.204188e-03
-4.950000e-01	5.570590e-03
-4.925000e-01	5.982095e-03
-4.900000e-01	6.446126e-03
-4.875000e-01	6.971688e-03
-4.850000e-01	7.569788e-03
-4.825000e-01	8.253989e-03
-4.800000e-01	9.041137e-03
-4.775000e-01	9.952349e-03
-4.750000e-01	1.101435e-02
-4.725000e-01	1.226130e-02
-4.700000e-01	1.373738e-02
-4.675000e-01	1.550040e-02
-4.650000e-01	1.762692e-02
-4.625000e-01	2.021978e-02
-4.600000e-01	2.341894e-02
-4.575000e-01	2.741767e-02
-4.550000e-01	3.248628e-02
-4.525000e-01	3.900715e-02
-4.500000e-01	4.752422e-02
-4.475000e-01	5.880681e-02
-4.450000e-01	7.390893e-02
-4.425000e-01	9.414301e-02
-4.400000e-01	1.207115e-01
-4.375000e-01	1.533947e-01
-4.350000e-01	1.876560e-01
-4.325000e-01	2.120949e-01
-4.300000e-01	2.137783e-01
-4.275000e-01	1.916587e-01
-4.250000e-01	1.578788e-01
-4.225000e-01	1.245985e-01
-4.200000e-01	9.716812e-02
-4.175000e-01	7.616796e-02
-4.150000e-01	6.047584e-02
-4.125000e-01	4.876058e-02
-4.100000e-01	3.992980e-02
-4.075000e-01	3.318025e-02
-4.050000e-01	2.794271e-02
-4.025000e-01	2.381711e-02
-4.000000e-01	2.052091e-02
-3.975000e-01	1.785245e-02
-3.950000e-01	1.566593e-02
-3.925000e-01	1.385443e-02
-3.900000e-01	1.233845e-02
-3.875000e-01	1.105810e-02
-3.850000e-01	9.967666e-03
-3.825000e-01	9.031852e-03
-3.800000e-01	8.223080e-03
-3.775000e-01	7.519586e-03
-3.750000e-01	6.904027e-03
-3.725000e-01	6.362456e-03
-3.700000e-01	5.883559e-03
-3.675000e-01	5.458089e-03
-3.650000e-01	5.078433e-03
-3.625000e-01	4.738276e-03
-3.600000e-01	4.432349e-03
-3.575000e-01	4.156229e-03
-3.550000e-01	3.906181e-03
-3.525000e-01	3.679035e-03
-3.500000e-01	3.472087e-03
-3.475000e-01	3.283018e-03
-3.450000e-01	3.109832e-03
-3.425000e-01	2.950803e-03
-3.400000e-01	2.804434e-03
-3.375000e-01	2.669419e-03
-3.350000e-01	2.544616e-03
-3.325000e-01	2.429023e-03
-3.300000e-01	2.321759e-03
-3.275000e-01	2.222044e-03
-3.250000e-01	2.129189e-03
-3.225000e-01	2.042580e-03
-3.200000e-01	1.961672e-03
-3.175000e-01	1.885977e-03
-3.150000e-01	1.815060e-03
-3.125000e-01	1.748527e-03
-3.100000e-01	1.686029e-03
-3.075000e-01	1.627246e-03
-3.050000e-01	1.571893e-03
-3.025000e-01	1.519711e-03
-3.000000e-01	1.470463e-03
-2.975000e-01	1.423937e-03
-2.950000e-01	1.379939e-03
-2.925000e-01	1.338291e-03
-2.900000e-01	1.298831e-03
-2.875000e-01	1.261412e-03
-2.850000e-01	1.225897e-03
-2.825000e-01	1.192164e-03
-2.800000e-01	1.160097e-03
-2.775000e-01	1.129592e-03
-2.750000e-01	1.100552e-03
-2.725000e-01	1.072888e-03
-2.700000e-01	1.046518e-03
-2.675000e-01	1.021365e-03
-2.650000e-01	9.973593e-04
-2.625000e-01	9.744354e-04
-2.600000e-01	9.525329e-04
-2.575000e-01	9.315957e-04
-2.550000e-01	9.115715e-04
-2.525000e-01	8.924119e-04
-2.500000e-01	8.740717e-04
-2.475000e-01	8.565087e-04
-2.450000e-01	8.396838e-04
-2.425000e-01	8.235604e-04
-2.400000e-01	8.081042e-04
-2.375000e-01	7.932833e-04
-2.350000e-01	7.790679e-04
-2.325000e-01	7.654300e-04
-2.300000e-01	7.523435e-04
-2.275000e-01	7.397839e-04
-2.250000e-01	7.277283e-04
-2.225000e-01	7.161552e-04
-2.200000e-01	7.050445e-04
-2.175000e-01	6.943773e-04
-2.150000e-01	6.841359e-04
-2.125000e-01	6.743037e-04
-2.100000e-01	6.648652e-04
-2.075000e-01	6.558058e-04
-2.050000e-01	6.471119e-04
-2.025000e-01	6.387707e-04
-2.000000e-01	6.307702e-04
-1.975000e-01	6.230993e-04
-1.950000e-01	6.157475e-04
-1.925000e-01	6.087050e-04
-1.900000e-01	6.019629e-04
-1.875000e-01	5.955126e-04
-1.850000e-01	5.893463e-04
-1.825000e-01	5.834568e-04
-1.800000e-01	5.778375e-04
-1.775000e-01	5.724822e-04
-1.750000e-01	5.673854e-04
-1.725000e-01	5.625419e-04
-1.700000e-01	5.579472e-04
-1.675000e-01	5.535974e-04
-1.650000e-01	5.494887e-04
-1.625000e-01	5.456181e-04
-1.600000e-01	5.419831e-04
-1.575000e-01	5.385815e-04
-1.550000e-01	5.354116e-04
-1.525000e-01	5.324725e-04
-1.500000e-01	5.297633e-04
-1.475000e-01	5.272840e-04
-1.450000e-01	5.250350e-04
-1.425000e-01	5.230172e-04
-1.400000e-01	5.212320e-04
-1.375000e-01	5.196816e-04
-1.350000e-01	5.183685e-04
-1.325000e-01	5.172962e-04
-1.300000e-01	5.164684e-04
-1.275000e-01	5.158900e-04
-1.250000e-01	5.155663e-04
-1.225000e-01	5.155035e-04
-1.200000e-01	5.157087e-04
-1.175000e-01	5.161899e-04
-1.150000e-01	5.169561e-04
-1.125000e-01	5.180174e-04
-1.100000e-01	5.193852e-04
-1.075000e-01	5.210718e-04
-1.050000e-01	5.230914e-04
-1.025000e-01	5.254593e-04
-1.000000e-01	5.281929e-04
-9.750000e-02	5.313112e-04
-9.500000e-02	5.348354e-04
-9.250000e-02	5.387889e-04
-9.000000e-02	5.431977e-04
-8.750000e-02	5.480909e-04
-8.500000e-02	5.535003e-04
-8.250000e-02	5.594619e-04
-8.000000e-02	5.660152e-04
-7.750000e-02	5.732047e-04
-7.500000e-02	5.810797e-04
-7.250000e-02	5.896957e-04
-7.000000e-02	5.991146e-04
-6.750000e-02	6.094061e-04
-6.500000e-02	6.206485e-04
-6.250000e-02	6.329304e-04
-6.000000e-02	6.463518e-04
-5.750000e-02	6.610260e-04
-5.500000e-02	6.770822e-04
-5.250000e-02	6.946676e-04
-5.000000e-02	7.139506e-04
-4.750000e-02	7.351249e-04
-4.500000e-02	7.584138e-04
-4.250000e-02	7.840754e-04
-4.000000e-02	8.124102e-04
-3.750000e-02	8.437687e-04
-3.500000e-02	8.785621e-04
-3.250000e-02	9.172752e-04
-3.000000e-02	9.604824e-04
-2.750000e-02	1.008868e-03
-2.500000e-02	1.063254e-03
-2.250000e-02	1.124631e-03
-2.000000e-02	1.194202e-03
-1.750000e-02	1.273442e-03
-1.500000e-02	1.364169e-03
-1.250000e-02	1.468647e-03
-1.000000e-02	1.589719e-03
-7.500000e-03	1.730989e-03
-5.000000e-03	1.897078e-03
-2.500000e-03	2.093974e-03
9.379164e-13	2.329534e-03
2.500000e-03	2.614196e-03
5.000000e-03	2.962018e-03
7.500000e-03	3.392201e-03
1.000000e-02	3.931326e-03
1.250000e-02	4.616687e-03
1.500000e-02	5.501126e-03
1.750000e-02	6.659821e-03
2.000000e-02	8.198662e-03
2.250000e-02	1.026076e-02
2.500000e-02	1.301739e-02
2.750000e-02	1.660240e-02
3.000000e-02	2.090325e-02
3.250000e-02	2.515577e-02
3.500000e-02	2.774412e-02
3.750000e-02	2.721344e-02
4.000000e-02	2.389346e-02
4.250000e-02	1.948916e-02
4.500000e-02	1.537807e-02
4.750000e-02	1.206725e-02
5.000000e-02	9.554803e-03
5.250000e-02	7.681281e-03
5.500000e-02	6.281272e-03
5.750000e-02	5.223792e-03
6.000000e-02	4.413703e-03
6.250000e-02	3.783830e-03
6.500000e-02	3.286947e-03
6.750000e-02	2.889637e-03
7.000000e-02	2.567986e-03
7.250000e-02	2.304654e-03
7.500000e-02	2.086888e-03
7.750000e-02	1.905180e-03
8.000000e-02	1.752350e-03
8.250000e-02	1.622906e-03
8.500000e-02	1.512601e-03
8.750000e-02	1.418110e-03
9.000000e-02	1.336812e-03
9.250000e-02	1.266615e-03
9.500000e-02	1.205838e-03
9.750000e-02	1.153122e-03
1.000000e-01	1.107358e-03
1.025000e-01	1.067638e-03
1.050000e-01	1.033213e-03
1.075000e-01	1.003463e-03
1.100000e-01	9.778746e-04
1.125000e-01	9.560215e-04
1.150000e-01	9.375481e-04
1.175000e-01	9.221598e-04
1.200000e-01	9.096127e-04
1.225000e-01	8.997069e-04
1.250000e-01	8.922798e-04
1.275000e-01	8.872022e-04
1.300000e-01	8.843741e-04
1.325000e-01	8.837222e-04
1.350000e-01	8.851976e-04
1.375000e-01	8.887743e-04
1.400000e-01	8.944484e-04
1.425000e-01	9.022371e-04
1.450000e-01	9.121794e-04
1.475000e-01	9.243360e-04
1.500000e-01	9.387904e-04
1.525000e-01	9.556501e-04
1.550000e-01	9.750488e-04
1.575000e-01	9.971488e-04
1.600000e-01	1.022144e-03
1.625000e-01	1.050265e-03
1.650000e-01	1.081781e-03
1.675000e-01	1.117010e-03
1.700000e-01	1.156323e-03
1.725000e-01	1.200156e-03
1.750000e-01	1.249017e-03
1.775000e-01	1.303504e-03
1.800000e-01	1.364321e-03
1.825000e-01	1.432298e-03
1.850000e-01	1.508418e-03
1.875000e-01	1.593852e-03
1.900000e-01	1.690000e-03
1.925000e-01	1.798546e-03
1.950000e-01	1.921529e-03
1.975000e-01	2.061431e-03
2.000000e-01	2.221297e-03
2.025000e-01	2.404892e-03
2.050000e-01	2.616912e-03
2.075000e-01	2.863262e-03
2.100000e-01	3.151449e-03
2.125000e-01	3.491108e-03
2.150000e-01	3.894753e-03
2.175000e-01	4.378833e-03
2.200000e-01	4.965247e-03
2.225000e-01	5.683550e-03
2.250000e-01	6.574186e-03
2.275000e-01	7.693269e-03
2.300000e-01	9.119645e-03
2.325000e-01	1.096517e-02
2.350000e-01	1.338893e-02
2.375000e-01	1.661424e-02
2.400000e-01	2.093980e-02
2.425000e-01	2.671210e-02
2.450000e-01	3.416513e-02
2.475000e-01	4.294190e-02
2.500000e-01	5.125052e-02
2.525000e-01	5.568516e-02
2.550000e-01	5.367224e-02
2.575000e-01	4.644635e-02
2.600000e-01	3.753257e-02
2.625000e-01	2.945234e-02
2.650000e-01	2.302396e-02
2.675000e-01	1.816547e-02
2.700000e-01	1.454294e-02
2.725000e-01	1.183117e-02
2.750000e-01	9.777341e-03
2.775000e-01	8.198999e-03
2.800000e-01	6.967521e-03
2.825000e-01	5.992435e-03
2.850000e-01	5.209630e-03
2.875000e-01	4.573138e-03
2.900000e-01	4.049550e-03
2.925000e-01	3.614244e-03
2.950000e-01	3.248823e-03
2.975000e-01	2.939359e-03
3.000000e-01	2.675173e-03
3.025000e-01	2.447986e-03
3.050000e-01	2.251304e-03
3.075000e-01	2.079984e-03
3.100000e-01	1.929914e-03
3.125000e-01	1.797775e-03
3.150000e-01	1.680868e-03
3.175000e-01	1.576983e-03
3.200000e-01	1.484293e-03
3.225000e-01	1.401281e-03
3.250000e-01	1.326678e-03
3.275000e-01	1.259416e-03
3.300000e-01	1.198592e-03
3.325000e-01	1.143440e-03
3.350000e-01	1.093303e-03
3.375000e-01	1.047618e-03
3.400000e-01	1.005901e-03
3.425000e-01	9.677320e-04
3.450000e-01	9.327460e-04
3.475000e-01	9.006253e-04
3.500000e-01	8.710918e-04
3.525000e-01	8.439016e-04
3.550000e-01	8.188398e-04
3.575000e-01	7.957169e-04
3.600000e-01	7.743652e-04
3.625000e-01	7.546359e-04
3.650000e-01	7.363967e-04
3.675000e-01	7.195299e-04
3.700000e-01	7.039301e-04
3.725000e-01	6.895035e-04
3.750000e-01	6.761658e-04
3.775000e-01	6.638415e-04
3.800000e-01	6.524629e-04
3.825000e-01	6.419691e-04
3.850000e-01	6.323054e-04
3.875000e-01	6.234227e-04
3.900000e-01	6.152769e-04
3.925000e-01	6.078281e-04
3.950000e-01	6.010408e-04
3.975000e-01	5.948830e-04
4.000000e-01	5.893263e-04
4.025000e-01	5.843451e-04
4.050000e-01	5.799168e-04
4.075000e-01	5.760214e-04
4.100000e-01	5.726415e-04
4.125000e-01	5.697618e-04
4.150000e-01	5.673693e-04
4.175000e-01	5.654528e-04
4.200000e-01	5.640034e-04
4.225000e-01	5.630137e-04
4.250000e-01	5.624783e-04
4.275000e-01	5.623935e-04
4.300000e-01	5.627574e-04
4.325000e-01	5.635696e-04
4.350000e-01	5.648314e-04
4.375000e-01	5.665461e-04
4.400000e-01	5.687184e-04
4.425000e-01	5.713547e-04
4.450000e-01	5.744635e-04
4.475000e-01	5.780549e-04
4.500000e-01	5.821410e-04
4.525000e-01	5.867361e-04
4.550000e-01	5.918564e-04
4.575000e-01	5.975204e-04
4.600000e-01	6.037493e-04
4.625000e-01	6.105668e-04
4.650000e-01	6.179992e-04
4.675000e-01	6.260762e-04
4.700000e-01	6.348308e-04
4.725000e-01	6.442994e-04
4.750000e-01	6.545227e-04
4.775000e-01	6.655457e-04
4.800000e-01	6.774183e-04
4.825000e-01	6.901958e-04
4.850000e-01	7.039397e-04
4.875000e-01	7.187179e-04
4.900000e-01	7.346060e-04
4.925000e-01	7.516883e-04
4.950000e-01	7.700581e-04
4.975000e-01	7.898199e-04
5.000000e-01	8.110901e-04
5.025000e-01	8.339990e-04
5.050000e-01	8.586925e-04
5.075000e-01	8.853348e-04
5.100000e-01	9.141106e-04
5.125000e-01	9.452281e-04
5.150000e-01	9.789233e-04
5.175000e-01	1.015464e-03
5.200000e-01	1.055154e-03
5.225000e-01	1.098342e-03
5.250000e-01	1.145427e-03
5.275000e-01	1.196866e-03
5.300000e-01	1.253188e-03
5.325000e-01	1.315007e-03
5.350000e-01	1.383034e-03
5.375000e-01	1.458104e-03
5.400000e-01	1.541197e-03
5.425000e-01	1.633467e-03
5.450000e-01	1.736287e-03
5.475000e-01	1.851297e-03
5.500000e-01	1.980462e-03
5.525000e-01	2.126165e-03
5.550000e-01	2.291303e-03
5.575000e-01	2.479432e-03
5.600000e-01	2.694953e-03
5.625000e-01	2.943353e-03
5.650000e-01	3.231547e-03
5.675000e-01	3.568328e-03
5.700000e-01	3.965004e-03
5.725000e-01	4.436283e-03
5.750000e-01	5.001532e-03
5.775000e-01	5.686585e-03
5.800000e-01	6.526378e-03
5.825000e-01	7.568817e-03
5.850000e-01	8.880503e-03
5.875000e-01	1.055518e-02
5.900000e-01	1.272596e-02
5.925000e-01	1.558204e-02
5.950000e-01	1.938783e-02
5.975000e-01	2.449238e-02
6.000000e-01	3.128471e-02
6.025000e-01	3.997374e-02
6.050000e-01	4.997553e-02
6.075000e-01	5.895240e-02
6.100000e-01	6.294577e-02
6.125000e-01	5.957701e-02
6.150000e-01	5.088136e-02
6.175000e-01	4.084963e-02
6.200000e-01	3.200656e-02
6.225000e-01	2.505339e-02
6.250000e-01	1.981960e-02
6.275000e-01	1.591921e-02
6.300000e-01	1.299642e-02
6.325000e-01	1.077928e-02
6.350000e-01	9.072687e-03
6.375000e-01	7.739274e-03
6.400000e-01	6.682357e-03
6.425000e-01	5.833320e-03
6.450000e-01	5.142867e-03
6.475000e-01	4.575102e-03
6.500000e-01	4.103517e-03
6.525000e-01	3.708271e-03
6.550000e-01	3.374316e-03
6.575000e-01	3.090103e-03
6.600000e-01	2.846664e-03
6.625000e-01	2.636964e-03
6.650000e-01	2.455426e-03
6.675000e-01	2.297593e-03
6.700000e-01	2.159872e-03
6.725000e-01	2.039344e-03
6.750000e-01	1.933622e-03
6.775000e-01	1.840744e-03
6.800000e-01	1.759085e-03
6.825000e-01	1.687297e-03
6.850000e-01	1.624255e-03
6.875000e-01	1.569021e-03
6.900000e-01	1.520808e-03
6.925000e-01	1.478958e-03
6.950000e-01	1.442922e-03
6.975000e-01	1.412244e-03
7.000000e-01	1.386548e-03
7.025000e-01	1.365527e-03
7.050000e-01	1.348938e-03
7.075000e-01	1.336594e-03
7.100000e-01	1.328360e-03
7.125000e-01	1.324147e-03
7.150000e-01	1.323917e-03
7.175000e-01	1.327673e-03
7.200000e-01	1.335468e-03
7.225000e-01	1.347398e-03
7.250000e-01	1.363613e-03
7.275000e-01	1.384312e-03
7.300000e-01	1.409757e-03
7.325000e-01	1.440271e-03
7.350000e-01	1.476254e-03
7.375000e-01	1.518190e-03
7.400000e-01	1.566663e-03
7.425000e-01	1.622371e-03
7.450000e-01	1.686154e-03
7.475000e-01	1.759018e-03
7.500000e-01	1.842169e-03
7.525000e-01	1.937061e-03
7.550000e-01	2.045453e-03
7.575000e-01	2.169481e-03
7.600000e-01	2.311754e-03
7.625000e-01	2.475484e-03
7.650000e-01	2.664647e-03
7.675000e-01	2.884212e-03
7.700000e-01	3.140437e-03
7.725000e-01	3.441280e-03
7.750000e-01	3.796971e-03
7.775000e-01	4.220806e-03
7.800000e-01	4.730271e-03
7.825000e-01	5.348665e-03
7.850000e-01	6.107450e-03
7.875000e-01	7.049704e-03
7.900000e-01	8.235228e-03
7.925000e-01	9.748085e-03
7.950000e-01	1.170757e-02
7.975000e-01	1.428331e-02
8.000000e-01	1.771325e-02
8.025000e-01	2.231474e-02
8.050000e-01	2.845300e-02
8.075000e-01	3.636440e-02
8.100000e-01	4.563742e-02
8.125000e-01	5.431902e-02
8.150000e-01	5.878924e-02
8.175000e-01	5.643563e-02
8.200000e-01	4.869609e-02
8.225000e-01	3.929696e-02
8.250000e-01	3.083122e-02
8.275000e-01	2.411387e-02
8.300000e-01	1.904121e-02
8.325000e-01	1.525885e-02
8.350000e-01	1.242615e-02
8.375000e-01	1.027936e-02
8.400000e-01	8.628374e-03
8.425000e-01	7.339236e-03
8.450000e-01	6.317696e-03
8.475000e-01	5.496947e-03
8.500000e-01	4.829067e-03
8.525000e-01	4.279208e-03
8.550000e-01	3.821678e-03
8.575000e-01	3.437267e-03
8.600000e-01	3.111429e-03
8.625000e-01	2.833005e-03
8.650000e-01	2.593339e-03
8.675000e-01	2.385639e-03
8.700000e-01	2.204525e-03
8.725000e-01	2.045692e-03
8.750000e-01	1.905667e-03
8.775000e-01	1.781622e-03
8.800000e-01	1.671241e-03
8.825000e-01	1.572610e-03
8.850000e-01	1.484138e-03
8.875000e-01	1.404493e-03
8.900000e-01	1.332556e-03
8.925000e-01	1.267380e-03
8.950000e-01	1.208158e-03
8.975000e-01	1.154202e-03
9.000000e-01	1.104920e-03
9.025000e-01	1.059804e-03
9.050000e-01	1.018411e-03
9.075000e-01	9.803579e-04
9.100000e-01	9.453110e-04
9.125000e-01	9.129776e-04
9.150000e-01	8.831010e-04
9.175000e-01	8.554552e-04
9.200000e-01	8.298412e-04
9.225000e-01	8.060827e-04
9.250000e-01	7.840237e-04
9.275000e-01	7.635256e-04
9.300000e-01	7.444656e-04
9.325000e-01	7.267342e-04
9.350000e-01	7.102343e-04
9.375000e-01	6.948795e-04
9.400000e-01	6.805934e-04
9.425000e-01	6.673082e-04
9.450000e-01	6.549648e-04
9.475000e-01	6.435114e-04
9.500000e-01	6.329036e-04
9.525000e-01	6.231039e-04
9.550000e-01	6.140822e-04
9.575000e-01	6.058149e-04
9.600000e-01	5.982863e-04
9.625000e-01	5.914885e-04
9.650000e-01	5.854225e-04
9.675000e-01	5.800996e-04
9.700000e-01	5.755434e-04
9.725000e-01	5.717921e-04
9.750000e-01	5.689024e-04
9.775000e-01	5.669549e-04
9.800000e-01	5.660609e-04
9.825000e-01	5.663729e-04
9.850000e-01	5.680990e-04
9.875000e-01	5.715245e-04
9.900000e-01	5.770422e-04
9.925000e-01	5.851985e-04
9.950000e-01	5.967602e-04
9.975000e-01	6.128143e-04
1.000000e+00	6.349111e-04
1.002500e+00	6.652567e-04
1.005000e+00	7.069240e-04
1.007500e+00	7.639153e-04
1.010000e+00	8.404970e-04
1.012500e+00	9.382830e-04
1.015000e+00	1.048630e-03
1.017500e+00	1.142152e-03
1.020000e+00	1.174299e-03
1.022500e+00	1.124774e-03
1.025000e+00	1.022213e-03
1.027500e+00	9.103856e-04
1.030000e+00	8.141178e-04
1.032500e+00	7.391875e-04
1.035000e+00	6.830352e-04
1.037500e+00	6.413098e-04
1.040000e+00	6.101646e-04
1.042500e+00	5.866991e-04
1.045000e+00	5.688415e-04
1.047500e+00	5.551341e-04
1.050000e+00	5.445501e-04
1.052500e+00	5.363598e-04
1.055000e+00	5.300381e-04
1.057500e+00	5.252020e-04
1.060000e+00	5.215684e-04
1.062500e+00	5.189254e-04
1.065000e+00	5.171124e-04
1.067500e+00	5.160065e-04
1.070000e+00	5.155124e-04
1.072500e+00	5.155561e-04
1.075000e+00	5.160793e-04
1.077500e+00	5.170361e-04
1.080000e+00	5.183900e-04
1.082500e+00	5.201124e-04
1.085000e+00	5.221803e-04
1.087500e+00	5.245759e-04
1.090000e+00	5.272854e-04
1.092500e+00	5.302980e-04
1.095000e+00	5.336058e-04
1.097500e+00	5.372034e-04
1.100000e+00	5.410873e-04
1.102500e+00	5.452556e-04
1.105000e+00	5.497081e-04
1.107500e+00	5.544461e-04
1.110000e+00	5.594721e-04
1.112500e+00	5.647895e-04
1.115000e+00	5.704033e-04
1.117500e+00	5.763192e-04
1.120000e+00	5.825441e-04
1.122500e+00	5.890858e-04
1.125000e+00	5.959532e-04
1.127500e+00	6.031563e-04
1.130000e+00	6.107057e-04
1.132500e+00	6.186136e-04
1.135000e+00	6.268930e-04
1.137500e+00	6.355580e-04
1.140000e+00	6.446241e-04
1.142500e+00	6.541077e-04
1.145000e+00	6.640268e-04
1.147500e+00	6.744007e-04
1.150000e+00	6.852503e-04
1.152500e+00	6.965980e-04
1.155000e+00	7.084678e-04
1.157500e+00	7.208857e-04
1.160000e+00	7.338797e-04
1.162500e+00	7.474798e-04
1.165000e+00	7.617185e-04
1.167500e+00	7.766307e-04
1.170000e+00	7.922541e-04
1.172500e+00	8.086293e-04
1.175000e+00	8.258002e-04
1.177500e+00	8.438144e-04
1.180000e+00	8.627233e-04
1.182500e+00	8.825824e-04
1.185000e+00	9.034522e-04
1.187500e+00	9.253983e-04
1.190000e+00	9.484919e-04
1.192500e+00	9.728106e-04
1.195000e+00	9.984391e-04
1.197500e+00	1.025470e-03
1.200000e+00	1.054003e-03
1.202500e+00	1.084151e-03
1.205000e+00	1.116033e-03
1.207500e+00	1.149784e-03
1.210000e+00	1.185551e-03
1.212500e+00	1.223495e-03
1.215000e+00	1.263796e-03
1.217500e+00	1.306651e-03
1.220000e+00	1.352282e-03
1.222500e+00	1.400934e-03
1.225000e+00	1.452880e-03
1.227500e+00	1.508426e-03
1.230000e+00	1.567915e-03
1.232500e+00	1.631733e-03
1.235000e+00	1.700315e-03
1.237500e+00	1.774153e-03
1.240000e+00	1.853805e-03
1.242500e+00	1.939909e-03
1.245000e+00	2.033190e-03
1.247500e+00	2.134484e-03
1.250000e+00	2.244751e-03
1.252500e+00	2.365103e-03
1.255000e+00	2.496834e-03
1.257500e+00	2.641451e-03
1.260000e+00	2.800725e-03
1.262500e+00	2.976748e-03
1.265000e+00	3.172000e-03
1.267500e+00	3.389443e-03
1.270000e+00	3.632640e-03
1.272500e+00	3.905901e-03
1.275000e+00	4.214486e-03
1.277500e+00	4.564861e-03
1.280000e+00	4.965047e-03
1.282500e+00	5.425085e-03
1.285000e+00	5.957674e-03
1.287500e+00	6.579043e-03
1.290000e+00	7.310178e-03
1.292500e+00	8.178546e-03
1.295000e+00	9.220578e-03
1.297500e+00	1.048525e-02
1.300000e+00	1.203937e-02
1.302500e+00	1.397531e-02
1.305000e+00	1.642253e-02
1.307500e+00	1.956427e-02
1.310000e+00	2.366083e-02
1.312500e+00	2.907770e-02
1.315000e+00	3.630568e-02
1.317500e+00	4.592200e-02
1.320000e+00	5.834499e-02
1.322500e+00	7.308143e-02
1.325000e+00	8.734368e-02
1.327500e+00	9.558835e-02
1.330000e+00	9.329740e-02
1.332500e+00	8.214258e-02
1.335000e+00	6.793692e-02
1.337500e+00	5.505910e-02
1.340000e+00	4.503005e-02
1.342500e+00	3.780274e-02
1.345000e+00	3.288264e-02
1.347500e+00	2.979556e-02
1.350000e+00	2.821350e-02
1.352500e+00	2.796713e-02
1.355000e+00	2.903695e-02
1.357500e+00	3.155070e-02
1.360000e+00	3.578739e-02
1.362500e+00	4.216129e-02
1.365000e+00	5.109924e-02
1.367500e+00	6.259982e-02
1.370000e+00	7.520116e-02
1.372500e+00	8.485945e-02
1.375000e+00	8.640452e-02
1.377500e+00	7.859556e-02
1.380000e+00	6.563992e-02
1.382500e+00	5.243444e-02
1.385000e+00	4.136205e-02
1.387500e+00	3.280520e-02
1.390000e+00	2.637220e-02
1.392500e+00	2.154573e-02
1.395000e+00	1.789008e-02
1.397500e+00	1.508167e-02
1.400000e+00	1.289029e-02
1.402500e+00	1.115380e-02
1.405000e+00	9.757562e-03
1.407500e+00	8.619703e-03
1.410000e+00	7.680949e-03
1.412500e+00	6.897785e-03
1.415000e+00	6.237808e-03
1.417500e+00	5.676553e-03
1.420000e+00	5.195307e-03
1.422500e+00	4.779582e-03
1.425000e+00	4.418026e-03
1.427500e+00	4.101654e-03
1.430000e+00	3.823281e-03
1.432500e+00	3.577106e-03
1.435000e+00	3.358410e-03
1.437500e+00	3.163320e-03
1.440000e+00	2.988635e-03
1.442500e+00	2.831689e-03
1.445000e+00	2.690250e-03
1.447500e+00	2.562440e-03
1.450000e+00	2.446664e-03
1.452500e+00	2.341565e-03
1.455000e+00	2.245985e-03
1.457500e+00	2.158925e-03
1.460000e+00	2.079527e-03
1.462500e+00	2.007046e-03
1.465000e+00	1.940837e-03
1.467500e+00	1.880337e-03
1.470000e+00	1.825057e-03
1.472500e+00	1.774567e-03
1.475000e+00	1.728494e-03
1.477500e+00	1.686509e-03
1.480000e+00	1.648324e-03
1.482500e+00	1.613690e-03
1.485000e+00	1.582387e-03
1.487500e+00	1.554226e-03
1.490000e+00	1.529041e-03
1.492500e+00	1.506693e-03
1.495000e+00	1.487062e-03
1.497500e+00	1.470049e-03
1.500000e+00	1.455574e-03
1.502500e+00	1.443573e-03
1.505000e+00	1.434002e-03
1.507500e+00	1.426830e-03
1.510000e+00	1.422046e-03
1.512500e+00	1.419653e-03
1.515000e+00	1.419672e-03
1.517500e+00	1.422141e-03
1.520000e+00	1.427116e-03
1.522500e+00	1.434674e-03
1.525000e+00	1.444910e-03
1.527500e+00	1.457946e-03
1.530000e+00	1.473926e-03
1.532500e+00	1.493022e-03
1.535000e+00	1.515441e-03
1.537500e+00	1.541424e-03
1.540000e+00	1.571252e-03
1.542500e+00	1.605258e-03
1.545000e+00	1.643826e-03
1.547500e+00	1.687408e-03
1.550000e+00	1.736531e-03
1.552500e+00	1.791816e-03
1.555000e+00	1.853987e-03
1.557500e+00	1.923905e-03
1.560000e+00	2.002584e-03
1.562500e+00	2.091233e-03
1.565000e+00	2.191295e-03
1.567500e+00	2.304506e-03
1.570000e+00	2.432965e-03
1.572500e+00	2.579228e-03
1.575000e+00	2.746427e-03
1.577500e+00	2.938435e-03
1.580000e+00	3.160079e-03
1.582500e+00	3.417430e-03
1.585000e+00	3.718202e-03
1.587500e+00	4.072300e-03
1.590000e+00	4.492587e-03
1.592500e+00	4.995980e-03
1.595000e+00	5.605013e-03
1.597500e+00	6.350115e-03
1.600000e+00	7.272960e-03
1.602500e+00	8.431413e-03
1.605000e+00	9.906836e-03
1.607500e+00	1.181468e-02
1.610000e+00	1.431899e-02
1.612500e+00	1.764931e-02
1.615000e+00	2.210974e-02
1.617500e+00	2.804339e-02
1.620000e+00	3.564915e-02
1.622500e+00	4.446176e-02
1.625000e+00	5.250721e-02
1.627500e+00	5.633084e-02
1.630000e+00	5.370666e-02
1.632500e+00	4.627080e-02
1.635000e+00	3.753596e-02
1.637500e+00	2.980220e-02
1.640000e+00	2.374115e-02
1.642500e+00	1.922468e-02
1.645000e+00	1.592040e-02
1.647500e+00	1.351926e-02
1.650000e+00	1.178754e-02
1.652500e+00	1.056251e-02
1.655000e+00	9.736916e-03
1.657500e+00	9.245592e-03
1.660000e+00	9.056724e-03
1.662500e+00	9.167828e-03
1.665000e+00	9.605846e-03
1.667500e+00	1.043076e-02
1.670000e+00	1.174078e-02
1.672500e+00	1.367176e-02
1.675000e+00	1.636731e-02
1.677500e+00	1.985965e-02
1.680000e+00	2.377306e-02
1.682500e+00	2.695238e-02
1.685000e+00	2.777111e-02
1.687500e+00	2.563896e-02
1.690000e+00	2.172269e-02
1.692500e+00	1.759057e-02
1.695000e+00	1.407382e-02
1.697500e+00	1.134007e-02
1.700000e+00	9.281980e-03
1.702500e+00	7.739212e-03
1.705000e+00	6.573238e-03
1.707500e+00	5.680313e-03
1.710000e+00	4.986429e-03
1.712500e+00	4.439465e-03
1.715000e+00	4.002619e-03
1.717500e+00	3.649655e-03
1.720000e+00	3.361631e-03
1.722500e+00	3.124685e-03
1.725000e+00	2.928533e-03
1.727500e+00	2.765453e-03
1.730000e+00	2.629576e-03
1.732500e+00	2.516397e-03
1.735000e+00	2.422433e-03
1.737500e+00	2.344970e-03
1.740000e+00	2.281889e-03
1.742500e+00	2.231538e-03
1.745000e+00	2.192632e-03
1.747500e+00	2.164185e-03
1.750000e+00	2.145463e-03
1.752500e+00	2.135940e-03
1.755000e+00	2.135279e-03
1.757500e+00	2.143306e-03
1.760000e+00	2.160009e-03
1.762500e+00	2.185527e-03
1.765000e+00	2.220155e-03
1.767500e+00	2.264352e-03
1.770000e+00	2.318758e-03
1.772500e+00	2.384212e-03
1.775000e+00	2.461785e-03
1.777500e+00	2.552822e-03
1.780000e+00	2.658996e-03
1.782500e+00	2.782382e-03
1.785000e+00	2.925550e-03
1.787500e+00	3.091696e-03
1.790000e+00	3.284808e-03
1.792500e+00	3.509893e-03
1.795000e+00	3.773288e-03
1.797500e+00	4.083078e-03
1.800000e+00	4.449686e-03
1.802500e+00	4.886690e-03
1.805000e+00	5.411992e-03
1.807500e+00	6.049499e-03
1.810000e+00	6.831566e-03
1.812500e+00	7.802595e-03
1.815000e+00	9.024356e-03
1.817500e+00	1.058384e-02
1.820000e+00	1.260458e-02
1.822500e+00	1.526205e-02
1.825000e+00	1.880100e-02
1.827500e+00	2.354244e-02
1.830000e+00	2.983745e-02
1.832500e+00	3.785130e-02
1.835000e+00	4.697985e-02
1.837500e+00	5.498318e-02
1.840000e+00	5.824945e-02
1.842500e+00	5.484251e-02
1.845000e+00	4.683245e-02
1.847500e+00	3.781956e-02
1.850000e+00	2.997227e-02
1.852500e+00	2.385036e-02
1.855000e+00	1.927484e-02
1.857500e+00	1.589470e-02
1.860000e+00	1.339296e-02
1.862500e+00	1.152937e-02
1.865000e+00	1.013258e-02
1.867500e+00	9.082833e-03
1.870000e+00	8.296766e-03
1.872500e+00	7.716358e-03
1.875000e+00	7.301297e-03
1.877500e+00	7.023898e-03
1.880000e+00	6.865765e-03
1.882500e+00	6.815650e-03
1.885000e+00	6.868166e-03
1.887500e+00	7.023119e-03
1.890000e+00	7.285375e-03
1.892500e+00	7.665209e-03
1.895000e+00	8.179192e-03
1.897500e+00	8.851739e-03
1.900000e+00	9.717550e-03
1.902500e+00	1.082532e-02
1.905000e+00	1.224330e-02
1.907500e+00	1.406769e-02
1.910000e+00	1.643493e-02
1.912500e+00	1.953971e-02
1.915000e+00	2.365940e-02
1.917500e+00	2.918177e-02
1.920000e+00	3.661728e-02
1.922500e+00	4.652885e-02
1.925000e+00	5.919691e-02
1.927500e+00	7.370280e-02
1.930000e+00	8.653636e-02
1.932500e+00	9.192192e-02
1.935000e+00	8.660831e-02
1.937500e+00	7.376545e-02
1.940000e+00	5.917595e-02
1.942500e+00	4.639332e-02
1.945000e+00	3.636304e-02
1.947500e+00	2.881298e-02
1.950000e+00	2.318014e-02
1.952500e+00	1.895155e-02
1.955000e+00	1.573667e-02
1.957500e+00	1.325556e-02
1.960000e+00	1.131121e-02
1.962500e+00	9.764855e-03
1.965000e+00	8.517985e-03
1.967500e+00	7.499761e-03
1.970000e+00	6.658551e-03
1.972500e+00	5.956191e-03
1.975000e+00	5.364082e-03
1.977500e+00	4.860513e-03
1.980000e+00	4.428795e-03
1.982500e+00	4.055949e-03
1.985000e+00	3.731775e-03
1.987500e+00	3.448172e-03
1.990000e+00	3.198648e-03
1.992500e+00	2.977952e-03
1.995000e+00	2.781805e-03
1.997500e+00	2.606693e-03
2.000000e+00	2.449705e-03
2.002500e+00	2.308422e-03
2.005000e+00	2.180811e-03
2.007500e+00	2.065163e-03
2.010000e+00	1.960027e-03
2.012500e+00	1.864167e-03
2.015000e+00	1.776525e-03
2.017500e+00	1.696192e-03
2.020000e+00	1.622380e-03
2.022500e+00	1.554409e-03
2.025000e+00	1.491685e-03
2.027500e+00	1.433689e-03
2.030000e+00	1.379965e-03
2.032500e+00	1.330114e-03
2.035000e+00	1.283782e-03
2.037500e+00	1.240656e-03
2.040000e+00	1.200459e-03
2.042500e+00	1.162944e-03
2.045000e+00	1.127890e-03
2.047500e+00	1.095100e-03
2.050000e+00	1.064398e-03
2.052500e+00	1.035625e-03
2.055000e+00	1.008638e-03
2.057500e+00	9.833092e-04
2.060000e+00	9.595213e-04
2.062500e+00	9.371699e-04
2.065000e+00	9.161597e-04
2.067500e+00	8.964047e-04
2.070000e+00	8.778266e-04
2.072500e+00	8.603543e-04
2.075000e+00	8.439234e-04
2.077500e+00	8.284752e-04
2.080000e+00	8.139563e-04
2.082500e+00	8.003183e-04
2.085000e+00	7.875172e-04
2.087500e+00	7.755129e-04
2.090000e+00	7.642692e-04
2.092500e+00	7.537533e-04
2.095000e+00	7.439357e-04
2.097500e+00	7.347898e-04
2.100000e+00	7.262916e-04
2.102500e+00	7.184201e-04
2.105000e+00	7.111564e-04
2.107500e+00	7.044843e-04
2.110000e+00	6.983895e-04
2.112500e+00	6.928602e-04
2.115000e+00	6.878865e-04
2.117500e+00	6.834605e-04
2.120000e+00	6.795767e-04
2.122500e+00	6.762311e-04
2.125000e+00	6.734221e-04
2.127500e+00	6.711501e-04
2.130000e+00	6.694173e-04
2.132500e+00	6.682285e-04
2.135000e+00	6.675902e-04
2.137500e+00	6.675118e-04
2.140000e+00	6.680047e-04
2.142500e+00	6.690832e-04
2.145000e+00	6.707643e-04
2.147500e+00	6.730680e-04
2.150000e+00	6.760179e-04
2.152500e+00	6.796410e-04
2.155000e+00	6.839685e-04
2.157500e+00	6.890361e-04
2.160000e+00	6.948846e-04
2.162500e+00	7.015607e-04
2.165000e+00	7.091176e-04
2.167500e+00	7.176165e-04
2.170000e+00	7.271271e-04
2.172500e+00	7.377300e-04
2.175000e+00	7.495184e-04
2.177500e+00	7.626005e-04
2.180000e+00	7.771032e-04
2.182500e+00	7.931767e-04
2.185000e+00	8.110004e-04
2.187500e+00	8.307913e-04
2.190000e+00	8.528160e-04
2.192500e+00	8.774075e-04
2.195000e+00	9.049889e-04
2.197500e+00	9.361085e-04
2.200000e+00	9.714878e-04
2.202500e+00	1.012085e-03
2.205000e+00	1.059162e-03
2.207500e+00	1.114284e-03
2.210000e+00	1.179068e-03
2.212500e+00	1.254142e-03
2.215000e+00	1.336674e-03
2.217500e+00	1.417613e-03
2.220000e+00	1.485115e-03
2.222500e+00	1.536908e-03
2.225000e+00	1.584341e-03
2.227500e+00	1.640907e-03
2.230000e+00	1.714286e-03
2.232500e+00	1.807601e-03
2.235000e+00	1.922539e-03
2.237500e+00	2.061125e-03
2.240000e+00	2.226444e-03
2.242500e+00	2.423008e-03
2.245000e+00	2.657116e-03
2.247500e+00	2.937354e-03
2.250000e+00	3.275373e-03
2.252500e+00	3.687034e-03
2.255000e+00	4.194133e-03
2.257500e+00	4.826958e-03
2.260000e+00	5.628045e-03
2.262500e+00	6.657536e-03
2.265000e+00	8.000182e-03
2.267500e+00	9.772331e-03
2.270000e+00	1.212114e-02
2.272500e+00	1.519093e-02
2.275000e+00	1.899543e-02
2.277500e+00	2.312078e-02
2.280000e+00	2.641994e-02
2.282500e+00	2.747491e-02
2.285000e+00	2.604631e-02
2.287500e+00	2.342920e-02
2.290000e+00	2.108275e-02
2.292500e+00	1.977768e-02
2.295000e+00	1.977028e-02
2.297500e+00	2.112820e-02
2.300000e+00	2.381225e-02
2.302500e+00	2.745908e-02
2.305000e+00	3.094245e-02
2.307500e+00	3.237403e-02
2.310000e+00	3.051802e-02
2.312500e+00	2.619143e-02
2.315000e+00	2.122793e-02
2.317500e+00	1.683389e-02
2.320000e+00	1.335623e-02
2.322500e+00	1.071818e-02
2.325000e+00	8.734943e-03
2.327500e+00	7.234373e-03
2.330000e+00	6.084199e-03
2.332500e+00	5.189091e-03
2.335000e+00	4.481650e-03
2.337500e+00	3.914224e-03
2.340000e+00	3.452832e-03
2.342500e+00	3.072931e-03
2.345000e+00	2.756549e-03
2.347500e+00	2.490336e-03
2.350000e+00	2.264235e-03
2.352500e+00	2.070571e-03
2.355000e+00	1.903411e-03
2.357500e+00	1.758117e-03
2.360000e+00	1.631024e-03
2.362500e+00	1.519203e-03
2.365000e+00	1.420299e-03
2.367500e+00	1.332394e-03
2.370000e+00	1.253921e-03
2.372500e+00	1.183585e-03
2.375000e+00	1.120313e-03
2.377500e+00	1.063210e-03
2.380000e+00	1.011525e-03
2.382500e+00	9.646275e-04
2.385000e+00	9.219866e-04
2.387500e+00	8.831555e-04
2.390000e+00	8.477599e-04
2.392500e+00	8.154899e-04
2.395000e+00	7.860938e-04
2.397500e+00	7.593756e-04
2.400000e+00	7.351952e-04
2.402500e+00	7.134725e-04
2.405000e+00	6.941966e-04
2.407500e+00	6.774422e-04
2.410000e+00	6.633952e-04
2.412500e+00	6.523929e-04
2.415000e+00	6.449819e-04
2.417500e+00	6.419911e-04
2.420000e+00	6.445961e-04
2.422500e+00	6.542649e-04
2.425000e+00	6.722527e-04
2.427500e+00	6.979022e-04
2.430000e+00	7.251021e-04
2.432500e+00	7.397845e-04
2.435000e+00	7.275506e-04
2.437500e+00	6.891165e-04
2.440000e+00	6.393657e-04
2.442500e+00	5.917248e-04
2.445000e+00	5.516223e-04
2.447500e+00	5.193585e-04
2.450000e+00	4.935194e-04
2.452500e+00	4.725447e-04
2.455000e+00	4.551738e-04
2.457500e+00	4.404806e-04
2.460000e+00	4.278054e-04
2.462500e+00	4.166800e-04
2.465000e+00	4.067694e-04
2.467500e+00	3.978305e-04
2.470000e+00	3.896840e-04
2.472500e+00	3.821955e-04
2.475000e+00	3.752622e-04
2.477500e+00	3.688043e-04
2.480000e+00	3.627589e-04
2.482500e+00	3.570756e-04
2.485000e+00	3.517133e-04
2.487500e+00	3.466383e-04
2.490000e+00	3.418223e-04
2.492500e+00	3.372416e-04
2.495000e+00	3.328757e-04
2.497500e+00	3.287074e-04
2.500000e+00	3.247212e-04
2.502500e+00	3.209039e-04
2.505000e+00	3.172436e-04
2.507500e+00	3.137299e-04
2.510000e+00	3.103534e-04
2.512500e+00	3.071057e-04
2.515000e+00	3.039791e-04
2.517500e+00	3.009668e-04
2.520000e+00	2.980622e-04
2.522500e+00	2.952598e-04
2.525000e+00	2.925540e-04
2.527500e+00	2.899401e-04
2.530000e+00	2.874135e-04
2.532500e+00	2.849699e-04
2.535000e+00	2.826055e-04
2.537500e+00	2.803165e-04
2.540000e+00	2.780996e-04
2.542500e+00	2.759516e-04
2.545000e+00	2.738696e-04
2.547500e+00	2.718506e-04
2.550000e+00	2.698921e-04
2.552500e+00	2.679915e-04
2.555000e+00	2.661466e-04
2.557500e+00	2.643552e-04
2.560000e+00	2.626150e-04
2.562500e+00	2.609243e-04
2.565000e+00	2.592810e-04
2.567500e+00	2.576835e-04
2.570000e+00	2.561301e-04
2.572500e+00	2.546190e-04
2.575000e+00	2.531490e-04
2.577500e+00	2.517184e-04
2.580000e+00	2.503259e-04
2.582500e+00	2.489703e-04
2.585000e+00	2.476502e-04
2.587500e+00	2.463645e-04
2.590000e+00	2.451120e-04
2.592500e+00	2.438917e-04
2.595000e+00	2.427025e-04
2.597500e+00	2.415434e-04
2.600000e+00	2.404135e-04
2.602500e+00	2.393119e-04
2.605000e+00	2.382377e-04
2.607500e+00	2.371900e-04
2.610000e+00	2.361682e-04
2.612500e+00	2.351713e-04
2.615000e+00	2.341987e-04
2.617500e+00	2.332496e-04
2.620000e+00	2.323234e-04
2.622500e+00	2.314195e-04
2.625000e+00	2.305372e-04
2.627500e+00	2.296759e-04
2.630000e+00	2.288350e-04
2.632500e+00	2.280139e-04
2.635000e+00	2.272123e-04
2.637500e+00	2.264294e-04
2.640000e+00	2.256648e-04
2.642500e+00	2.249181e-04
2.645000e+00	2.241888e-04
2.647500e+00	2.234764e-04
2.650000e+00	2.227805e-04
2.652500e+00	2.221008e-04
2.655000e+00	2.214366e-04
2.657500e+00	2.207878e-04
2.660000e+00	2.201540e-04
2.662500e+00	2.195347e-04
2.665000e+00	2.189296e-04
2.667500e+00	2.183384e-04
2.670000e+00	2.177608e-04
2.672500e+00	2.171964e-04
2.675000e+00	2.166449e-04
2.677500e+00	2.161061e-04
2.680000e+00	2.155797e-04
2.682500e+00	2.150653e-04
2.685000e+00	2.145628e-04
2.687500e+00	2.140718e-04
2.690000e+00	2.135921e-04
2.692500e+00	2.131235e-04
2.695000e+00	2.126657e-04
2.697500e+00	2.122185e-04
2.700000e+00	2.117817e-04
2.702500e+00	2.113551e-04
2.705000e+00	2.109384e-04
2.707500e+00	2.105315e-04
2.710000e+00	2.101341e-04
2.712500e+00	2.097461e-04
2.715000e+00	2.093672e-04
2.717500e+00	2.089974e-04
2.720000e+00	2.086364e-04
2.722500e+00	2.082841e-04
2.725000e+00	2.079403e-04
2.727500e+00	2.076048e-04
2.730000e+00	2.072774e-04
2.732500e+00	2.069582e-04
2.735000e+00	2.066467e-04
2.737500e+00	2.063431e-04
2.740000e+00	2.060470e-04
2.742500e+00	2.057584e-04
2.745000e+00	2.054771e-04
2.747500e+00	2.052031e-04
2.750000e+00	2.049361e-04
2.752500e+00	2.046761e-04
2.755000e+00	2.044229e-04
2.757500e+00	2.041765e-04
2.760000e+00	2.039366e-04
2.762500e+00	2.037033e-04
2.765000e+00	2.034764e-04
2.767500e+00	2.032558e-04
2.770000e+00	2.030414e-04
2.772500e+00	2.028331e-04
2.775000e+00	2.026308e-04
2.777500e+00	2.024344e-04
2.780000e+00	2.022438e-04
2.782500e+00	2.020589e-04
2.785000e+00	2.018797e-04
2.787500e+00	2.017061e-04
2.790000e+00	2.015380e-04
2.792500e+00	2.013752e-04
2.795000e+00	2.012178e-04
2.797500e+00	2.010656e-04
2.800000e+00	2.009186e-04
2.802500e+00	2.007767e-04
2.805000e+00	2.006398e-04
2.807500e+00	2.005079e-04
2.810000e+00	2.003809e-04
2.812500e+00	2.002587e-04
2.815000e+00	2.001412e-04
2.817500e+00	2.000285e-04
2.820000e+00	1.999204e-04
2.822500e+00	1.998169e-04
2.825000e+00	1.997179e-04
2.827500e+00	1.996234e-04
2.830000e+00	1.995333e-04
2.832500e+00	1.994475e-04
2.835000e+00	1.993661e-04
2.837500e+00	1.992889e-04
2.840000e+00	1.992158e-04
2.842500e+00	1.991470e-04
2.845000e+00	1.990822e-04
2.847500e+00	1.990215e-04
2.850000e+00	1.989648e-04
2.852500e+00	1.989121e-04
2.855000e+00	1.988633e-04
2.857500e+00	1.988184e-04
2.860000e+00	1.987772e-04
2.862500e+00	1.987399e-04
2.865000e+00	1.987064e-04
2.867500e+00	1.986765e-04
2.870000e+00	1.986504e-04
2.872500e+00	1.986278e-04
2.875000e+00	1.986089e-04
2.877500e+00	1.985935e-04
2.880000e+00	1.985817e-04
2.882500e+00	1.985734e-04
2.885000e+00	1.985685e-04
2.887500e+00	1.985670e-04
2.890000e+00	1.985690e-04
2.892500e+00	1.985743e-04
2.895000e+00	1.985829e-04
2.897500e+00	1.985949e-04
2.900000e+00	1.986101e-04
2.902500e+00	1.986286e-04
2.905000e+00	1.986502e-04
2.907500e+00	1.986751e-04
2.910000e+00	1.987032e-04
2.912500e+00	1.987343e-04
2.915000e+00	1.987686e-04
2.917500e+00	1.988060e-04
2.920000e+00	1.988465e-04
2.922500e+00	1.988899e-04
2.925000e+00	1.989364e-04
2.927500e+00	1.989859e-04
2.930000e+00	1.990384e-04
2.932500e+00	1.990938e-04
2.935000e+00	1.991521e-04
2.937500e+00	1.992134e-04
2.940000e+00	1.992775e-04
2.942500e+00	1.993445e-04
2.945000e+00	1.994143e-04
2.947500e+00	1.994870e-04
2.950000e+00	1.995624e-04
2.952500e+00	1.996407e-04
2.955000e+00	1.997217e-04
2.957500e+00	1.998055e-04
2.960000e+00	1.998921e-04
2.962500e+00	1.999813e-04
2.965000e+00	2.000732e-04
2.967500e+00	2.001679e-04
2.970000e+00	2.002652e-04
2.972500e+00	2.003652e-04
2.975000e+00	2.004678e-04
2.977500e+00	2.005730e-04
2.980000e+00	2.006809e-04
2.982500e+00	2.007913e-04
2.985000e+00	2.009044e-04
2.987500e+00	2.010200e-04
2.990000e+00	2.011382e-04
2.992500e+00	2.012589e-04
2.995000e+00	2.013822e-04
2.997500e+00	2.015080e-04
