#omega	spectral weight
-6.000000e+00	3.463385e-05
-5.997500e+00	3.473331e-05
-5.995000e+00	3.483364e-05
-5.992500e+00	3.493487e-05
-5.990000e+00	3.503698e-05
-5.987500e+00	3.514001e-05
-5.985000e+00	3.524396e-05
-5.982500e+00	3.534885e-05
-5.980000e+00	3.545468e-05
-5.977500e+00	3.556148e-05
-5.975000e+00	3.566924e-05
-5.972500e+00	3.577800e-05
-5.970000e+00	3.588776e-05
-5.967500e+00	3.599854e-05
-5.965000e+00	3.611035e-05
-5.962500e+00	3.622321e-05
-5.960000e+00	3.633712e-05
-5.957500e+00	3.645212e-05
-5.955000e+00	3.656821e-05
-5.952500e+00	3.668540e-05
-5.950000e+00	3.680372e-05
-5.947500e+00	3.692319e-05
-5.945000e+00	3.704381e-05
-5.942500e+00	3.716560e-05
-5.940000e+00	3.728859e-05
-5.937500e+00	3.741279e-05
-5.935000e+00	3.753823e-05
-5.932500e+00	3.766491e-05
-5.930000e+00	3.779285e-05
-5.927500e+00	3.792209e-05
-5.925000e+00	3.805263e-05
-5.922500e+00	3.818449e-05
-5.920000e+00	3.831771e-05
-5.917500e+00	3.845229e-05
-5.915000e+00	3.858826e-05
-5.912500e+00	3.872564e-05
-5.910000e+00	3.886446e-05
-5.907500e+00	3.900473e-05
-5.905000e+00	3.914649e-05
-5.902500e+00	3.928974e-05
-5.900000e+00	3.943453e-05
-5.897500e+00	3.958087e-05
-5.895000e+00	3.972878e-05
-5.892500e+00	3.987830e-05
-5.890000e+00	4.002945e-05
-5.887500e+00	4.018225e-05
-5.885000e+00	4.033674e-05
-5.882500e+00	4.049294e-05
-5.880000e+00	4.065088e-05
-5.877500e+00	4.081059e-05
-5.875000e+00	4.097210e-05
-5.872500e+00	4.113544e-05
-5.870000e+00	4.130065e-05
-5.867500e+00	4.146774e-05
-5.865000e+00	4.163677e-05
-5.862500e+00	4.180775e-05
-5.860000e+00	4.198072e-05
-5.857500e+00	4.215573e-05
-5.855000e+00	4.233280e-05
-5.852500e+00	4.251196e-05
-5.850000e+00	4.269327e-05
-5.847500e+00	4.287675e-05
-5.845000e+00	4.306245e-05
-5.842500e+00	4.325040e-05
-5.840000e+00	4.344064e-05
-5.837500e+00	4.363323e-05
-5.835000e+00	4.382819e-05
-5.832500e+00	4.402558e-05
-5.830000e+00	4.422543e-05
-5.827500e+00	4.442781e-05
-5.825000e+00	4.463274e-05
-5.822500e+00	4.484028e-05
-5.820000e+00	4.505048e-05
-5.817500e+00	4.526339e-05
-5.815000e+00	4.547906e-05
-5.812500e+00	4.569754e-05
-5.810000e+00	4.591890e-05
-5.807500e+00	4.614317e-05
-5.805000e+00	4.637043e-05
-5.802500e+00	4.660073e-05
-5.800000e+00	4.683413e-05
-5.797500e+00	4.707068e-05
-5.795000e+00	4.731046e-05
-5.792500e+00	4.755353e-05
-5.790000e+00	4.779996e-05
-5.787500e+00	4.804980e-05
-5.785000e+00	4.830314e-05
-5.782500e+00	4.856004e-05
-5.780000e+00	4.882058e-05
-5.777500e+00	4.908484e-05
-5.775000e+00	4.935288e-05
-5.772500e+00	4.962479e-05
-5.770000e+00	4.990066e-05
-5.767500e+00	5.018055e-05
-5.765000e+00	5.046457e-05
-5.762500e+00	5.075280e-05
-5.760000e+00	5.104534e-05
-5.757500e+00	5.134226e-05
-5.755000e+00	5.164368e-05
-5.752500e+00	5.194968e-05
-5.750000e+00	5.226037e-05
-5.747500e+00	5.257586e-05
-5.745000e+00	5.289626e-05
-5.742500e+00	5.322166e-05
-5.740000e+00	5.355219e-05
-5.737500e+00	5.388796e-05
-5.735000e+00	5.422910e-05
-5.732500e+00	5.457572e-05
-5.730000e+00	5.492796e-05
-5.727500e+00	5.528594e-05
-5.725000e+00	5.564981e-05
-5.722500e+00	5.601969e-05
-5.720000e+00	5.639574e-05
-5.717500e+00	5.677810e-05
-5.715000e+00	5.716693e-05
-5.712500e+00	5.756238e-05
-5.710000e+00	5.796461e-05
-5.707500e+00	5.837379e-05
-5.705000e+00	5.879009e-05
-5.702500e+00	5.921369e-05
-5.700000e+00	5.964478e-05
-5.697500e+00	6.008354e-05
-5.695000e+00	6.053016e-05
-5.692500e+00	6.098486e-05
-5.690000e+00	6.144784e-05
-5.687500e+00	6.191930e-05
-5.685000e+00	6.239949e-05
-5.682500e+00	6.288862e-05
-5.680000e+00	6.338693e-05
-5.677500e+00	6.389467e-05
-5.675000e+00	6.441209e-05
-5.672500e+00	6.493946e-05
-5.670000e+00	6.547704e-05
-5.667500e+00	6.602512e-05
-5.665000e+00	6.658399e-05
-5.662500e+00	6.715394e-05
-5.660000e+00	6.773530e-05
-5.657500e+00	6.832838e-05
-5.655000e+00	6.893352e-05
-5.652500e+00	6.955106e-05
-5.650000e+00	7.018137e-05
-5.647500e+00	7.082482e-05
-5.645000e+00	7.148179e-05
-5.642500e+00	7.215268e-05
-5.640000e+00	7.283792e-05
-5.637500e+00	7.353793e-05
-5.635000e+00	7.425316e-05
-5.632500e+00	7.498407e-05
-5.630000e+00	7.573116e-05
-5.627500e+00	7.649492e-05
-5.625000e+00	7.727588e-05
-5.622500e+00	7.807458e-05
-5.620000e+00	7.889159e-05
-5.617500e+00	7.972748e-05
-5.615000e+00	8.058289e-05
-5.612500e+00	8.145843e-05
-5.610000e+00	8.235479e-05
-5.607500e+00	8.327264e-05
-5.605000e+00	8.421272e-05
-5.602500e+00	8.517576e-05
-5.600000e+00	8.616257e-05
-5.597500e+00	8.717394e-05
-5.595000e+00	8.821074e-05
-5.592500e+00	8.927387e-05
-5.590000e+00	9.036424e-05
-5.587500e+00	9.148283e-05
-5.585000e+00	9.263066e-05
-5.582500e+00	9.380879e-05
-5.580000e+00	9.501833e-05
-5.577500e+00	9.626046e-05
-5.575000e+00	9.753638e-05
-5.572500e+00	9.884737e-05
-5.570000e+00	1.001948e-04
-5.567500e+00	1.015800e-04
-5.565000e+00	1.030045e-04
-5.562500e+00	1.044698e-04
-5.560000e+00	1.059776e-04
-5.557500e+00	1.075295e-04
-5.555000e+00	1.091274e-04
-5.552500e+00	1.107730e-04
-5.550000e+00	1.124685e-04
-5.547500e+00	1.142159e-04
-5.545000e+00	1.160173e-04
-5.542500e+00	1.178751e-04
-5.540000e+00	1.197917e-04
-5.537500e+00	1.217697e-04
-5.535000e+00	1.238117e-04
-5.532500e+00	1.259208e-04
-5.530000e+00	1.280997e-04
-5.527500e+00	1.303519e-04
-5.525000e+00	1.326806e-04
-5.522500e+00	1.350895e-04
-5.520000e+00	1.375822e-04
-5.517500e+00	1.401629e-04
-5.515000e+00	1.428358e-04
-5.512500e+00	1.456055e-04
-5.510000e+00	1.484766e-04
-5.507500e+00	1.514544e-04
-5.505000e+00	1.545443e-04
-5.502500e+00	1.577521e-04
-5.500000e+00	1.610839e-04
-5.497500e+00	1.645463e-04
-5.495000e+00	1.681463e-04
-5.492500e+00	1.718914e-04
-5.490000e+00	1.757897e-04
-5.487500e+00	1.798496e-04
-5.485000e+00	1.840805e-04
-5.482500e+00	1.884921e-04
-5.480000e+00	1.930949e-04
-5.477500e+00	1.979005e-04
-5.475000e+00	2.029208e-04
-5.472500e+00	2.081692e-04
-5.470000e+00	2.136597e-04
-5.467500e+00	2.194075e-04
-5.465000e+00	2.254293e-04
-5.462500e+00	2.317429e-04
-5.460000e+00	2.383674e-04
-5.457500e+00	2.453240e-04
-5.455000e+00	2.526353e-04
-5.452500e+00	2.603260e-04
-5.450000e+00	2.684230e-04
-5.447500e+00	2.769556e-04
-5.445000e+00	2.859558e-04
-5.442500e+00	2.954586e-04
-5.440000e+00	3.055024e-04
-5.437500e+00	3.161292e-04
-5.435000e+00	3.273852e-04
-5.432500e+00	3.393212e-04
-5.430000e+00	3.519934e-04
-5.427500e+00	3.654638e-04
-5.425000e+00	3.798010e-04
-5.422500e+00	3.950811e-04
-5.420000e+00	4.113890e-04
-5.417500e+00	4.288191e-04
-5.415000e+00	4.474768e-04
-5.412500e+00	4.674803e-04
-5.410000e+00	4.889623e-04
-5.407500e+00	5.120721e-04
-5.405000e+00	5.369785e-04
-5.402500e+00	5.638724e-04
-5.400000e+00	5.929709e-04
-5.397500e+00	6.245213e-04
-5.395000e+00	6.588063e-04
-5.392500e+00	6.961505e-04
-5.390000e+00	7.369281e-04
-5.387500e+00	7.815714e-04
-5.385000e+00	8.305831e-04
-5.382500e+00	8.845495e-04
-5.380000e+00	9.441580e-04
-5.377500e+00	1.010219e-03
-5.375000e+00	1.083691e-03
-5.372500e+00	1.165718e-03
-5.370000e+00	1.257669e-03
-5.367500e+00	1.361198e-03
-5.365000e+00	1.478312e-03
-5.362500e+00	1.611467e-03
-5.360000e+00	1.763693e-03
-5.357500e+00	1.938757e-03
-5.355000e+00	2.141389e-03
-5.352500e+00	2.377581e-03
-5.350000e+00	2.655012e-03
-5.347500e+00	2.983622e-03
-5.345000e+00	3.376446e-03
-5.342500e+00	3.850784e-03
-5.340000e+00	4.429918e-03
-5.337500e+00	5.145612e-03
-5.335000e+00	6.041810e-03
-5.332500e+00	7.180106e-03
-5.330000e+00	8.647735e-03
-5.327500e+00	1.056881e-02
-5.325000e+00	1.311839e-02
-5.322500e+00	1.653412e-02
-5.320000e+00	2.110411e-02
-5.317500e+00	2.706621e-02
-5.315000e+00	3.427660e-02
-5.312500e+00	4.154034e-02
-5.310000e+00	4.619931e-02
-5.307500e+00	4.567665e-02
-5.305000e+00	4.029687e-02
-5.302500e+00	3.288199e-02
-5.300000e+00	2.585504e-02
-5.297500e+00	2.015865e-02
-5.295000e+00	1.582468e-02
-5.292500e+00	1.259037e-02
-5.290000e+00	1.017339e-02
-5.287500e+00	8.348007e-03
-5.285000e+00	6.949681e-03
-5.282500e+00	5.862135e-03
-5.280000e+00	5.003623e-03
-5.277500e+00	4.316339e-03
-5.275000e+00	3.758944e-03
-5.272500e+00	3.301482e-03
-5.270000e+00	2.921940e-03
-5.267500e+00	2.603916e-03
-5.265000e+00	2.335027e-03
-5.262500e+00	2.105803e-03
-5.260000e+00	1.908919e-03
-5.257500e+00	1.738642e-03
-5.255000e+00	1.590440e-03
-5.252500e+00	1.460699e-03
-5.250000e+00	1.346505e-03
-5.247500e+00	1.245495e-03
-5.245000e+00	1.155731e-03
-5.242500e+00	1.075620e-03
-5.240000e+00	1.003837e-03
-5.237500e+00	9.392754e-04
-5.235000e+00	8.810062e-04
-5.232500e+00	8.282439e-04
-5.230000e+00	7.803213e-04
-5.227500e+00	7.366688e-04
-5.225000e+00	6.967978e-04
-5.222500e+00	6.602874e-04
-5.220000e+00	6.267734e-04
-5.217500e+00	5.959395e-04
-5.215000e+00	5.675099e-04
-5.212500e+00	5.412434e-04
-5.210000e+00	5.169280e-04
-5.207500e+00	4.943772e-04
-5.205000e+00	4.734262e-04
-5.202500e+00	4.539287e-04
-5.200000e+00	4.357551e-04
-5.197500e+00	4.187896e-04
-5.195000e+00	4.029290e-04
-5.192500e+00	3.880807e-04
-5.190000e+00	3.741618e-04
-5.187500e+00	3.610975e-04
-5.185000e+00	3.488205e-04
-5.182500e+00	3.372699e-04
-5.180000e+00	3.263908e-04
-5.177500e+00	3.161332e-04
-5.175000e+00	3.064516e-04
-5.172500e+00	2.973049e-04
-5.170000e+00	2.886553e-04
-5.167500e+00	2.804685e-04
-5.165000e+00	2.727130e-04
-5.162500e+00	2.653600e-04
-5.160000e+00	2.583831e-04
-5.157500e+00	2.517579e-04
-5.155000e+00	2.454622e-04
-5.152500e+00	2.394753e-04
-5.150000e+00	2.337783e-04
-5.147500e+00	2.283535e-04
-5.145000e+00	2.231848e-04
-5.142500e+00	2.182572e-04
-5.140000e+00	2.135567e-04
-5.137500e+00	2.090703e-04
-5.135000e+00	2.047862e-04
-5.132500e+00	2.006931e-04
-5.130000e+00	1.967807e-04
-5.127500e+00	1.930392e-04
-5.125000e+00	1.894596e-04
-5.122500e+00	1.860336e-04
-5.120000e+00	1.827532e-04
-5.117500e+00	1.796111e-04
-5.115000e+00	1.766003e-04
-5.112500e+00	1.737145e-04
-5.110000e+00	1.709475e-04
-5.107500e+00	1.682938e-04
-5.105000e+00	1.657479e-04
-5.102500e+00	1.633048e-04
-5.100000e+00	1.609599e-04
-5.097500e+00	1.587088e-04
-5.095000e+00	1.565471e-04
-5.092500e+00	1.544711e-04
-5.090000e+00	1.524771e-04
-5.087500e+00	1.505614e-04
-5.085000e+00	1.487209e-04
-5.082500e+00	1.469524e-04
-5.080000e+00	1.452530e-04
-5.077500e+00	1.436198e-04
-5.075000e+00	1.420504e-04
-5.072500e+00	1.405421e-04
-5.070000e+00	1.390927e-04
-5.067500e+00	1.376998e-04
-5.065000e+00	1.363615e-04
-5.062500e+00	1.350756e-04
-5.060000e+00	1.338403e-04
-5.057500e+00	1.326538e-04
-5.055000e+00	1.315144e-04
-5.052500e+00	1.304204e-04
-5.050000e+00	1.293703e-04
-5.047500e+00	1.283627e-04
-5.045000e+00	1.273962e-04
-5.042500e+00	1.264693e-04
-5.040000e+00	1.255810e-04
-5.037500e+00	1.247300e-04
-5.035000e+00	1.239151e-04
-5.032500e+00	1.231353e-04
-5.030000e+00	1.223896e-04
-5.027500e+00	1.216769e-04
-5.025000e+00	1.209964e-04
-5.022500e+00	1.203472e-04
-5.020000e+00	1.197284e-04
-5.017500e+00	1.191392e-04
-5.015000e+00	1.185790e-04
-5.012500e+00	1.180468e-04
-5.010000e+00	1.175422e-04
-5.007500e+00	1.170643e-04
-5.005000e+00	1.166127e-04
-5.002500e+00	1.161867e-04
-5.000000e+00	1.157857e-04
-4.997500e+00	1.154093e-04
-4.995000e+00	1.150569e-04
-4.992500e+00	1.147280e-04
-4.990000e+00	1.144223e-04
-4.987500e+00	1.141392e-04
-4.985000e+00	1.138784e-04
-4.982500e+00	1.136395e-04
-4.980000e+00	1.134221e-04
-4.977500e+00	1.132259e-04
-4.975000e+00	1.130506e-04
-4.972500e+00	1.128959e-04
-4.970000e+00	1.127615e-04
-4.967500e+00	1.126472e-04
-4.965000e+00	1.125526e-04
-4.962500e+00	1.124777e-04
-4.960000e+00	1.124221e-04
-4.957500e+00	1.123857e-04
-4.955000e+00	1.123683e-04
-4.952500e+00	1.123698e-04
-4.950000e+00	1.123899e-04
-4.947500e+00	1.124287e-04
-4.945000e+00	1.124859e-04
-4.942500e+00	1.125615e-04
-4.940000e+00	1.126554e-04
-4.937500e+00	1.127674e-04
-4.935000e+00	1.128977e-04
-4.932500e+00	1.130460e-04
-4.930000e+00	1.132124e-04
-4.927500e+00	1.133969e-04
-4.925000e+00	1.135994e-04
-4.922500e+00	1.138200e-04
-4.920000e+00	1.140587e-04
-4.917500e+00	1.143155e-04
-4.915000e+00	1.145905e-04
-4.912500e+00	1.148838e-04
-4.910000e+00	1.151953e-04
-4.907500e+00	1.155252e-04
-4.905000e+00	1.158737e-04
-4.902500e+00	1.162408e-04
-4.900000e+00	1.166266e-04
-4.897500e+00	1.170313e-04
-4.895000e+00	1.174550e-04
-4.892500e+00	1.178980e-04
-4.890000e+00	1.183604e-04
-4.887500e+00	1.188423e-04
-4.885000e+00	1.193441e-04
-4.882500e+00	1.198659e-04
-4.880000e+00	1.204080e-04
-4.877500e+00	1.209706e-04
-4.875000e+00	1.215540e-04
-4.872500e+00	1.221586e-04
-4.870000e+00	1.227845e-04
-4.867500e+00	1.234322e-04
-4.865000e+00	1.241019e-04
-4.862500e+00	1.247940e-04
-4.860000e+00	1.255090e-04
-4.857500e+00	1.262471e-04
-4.855000e+00	1.270089e-04
-4.852500e+00	1.277947e-04
-4.850000e+00	1.286050e-04
-4.847500e+00	1.294402e-04
-4.845000e+00	1.303009e-04
-4.842500e+00	1.311876e-04
-4.840000e+00	1.321009e-04
-4.837500e+00	1.330412e-04
-4.835000e+00	1.340092e-04
-4.832500e+00	1.350055e-04
-4.830000e+00	1.360308e-04
-4.827500e+00	1.370857e-04
-4.825000e+00	1.381709e-04
-4.822500e+00	1.392872e-04
-4.820000e+00	1.404353e-04
-4.817500e+00	1.416160e-04
-4.815000e+00	1.428302e-04
-4.812500e+00	1.440787e-04
-4.810000e+00	1.453625e-04
-4.807500e+00	1.466824e-04
-4.805000e+00	1.480394e-04
-4.802500e+00	1.494346e-04
-4.800000e+00	1.508691e-04
-4.797500e+00	1.523440e-04
-4.795000e+00	1.538604e-04
-4.792500e+00	1.554195e-04
-4.790000e+00	1.570226e-04
-4.787500e+00	1.586711e-04
-4.785000e+00	1.603664e-04
-4.782500e+00	1.621097e-04
-4.780000e+00	1.639028e-04
-4.777500e+00	1.657472e-04
-4.775000e+00	1.676444e-04
-4.772500e+00	1.695963e-04
-4.770000e+00	1.716046e-04
-4.767500e+00	1.736712e-04
-4.765000e+00	1.757981e-04
-4.762500e+00	1.779873e-04
-4.760000e+00	1.802411e-04
-4.757500e+00	1.825616e-04
-4.755000e+00	1.849513e-04
-4.752500e+00	1.874125e-04
-4.750000e+00	1.899480e-04
-4.747500e+00	1.925605e-04
-4.745000e+00	1.952527e-04
-4.742500e+00	1.980278e-04
-4.740000e+00	2.008888e-04
-4.737500e+00	2.038391e-04
-4.735000e+00	2.068821e-04
-4.732500e+00	2.100216e-04
-4.730000e+00	2.132613e-04
-4.727500e+00	2.166054e-04
-4.725000e+00	2.200580e-04
-4.722500e+00	2.236237e-04
-4.720000e+00	2.273072e-04
-4.717500e+00	2.311135e-04
-4.715000e+00	2.350479e-04
-4.712500e+00	2.391158e-04
-4.710000e+00	2.433233e-04
-4.707500e+00	2.476764e-04
-4.705000e+00	2.521818e-04
-4.702500e+00	2.568463e-04
-4.700000e+00	2.616774e-04
-4.697500e+00	2.666827e-04
-4.695000e+00	2.718706e-04
-4.692500e+00	2.772498e-04
-4.690000e+00	2.828295e-04
-4.687500e+00	2.886197e-04
-4.685000e+00	2.946308e-04
-4.682500e+00	3.008739e-04
-4.680000e+00	3.073609e-04
-4.677500e+00	3.141046e-04
-4.675000e+00	3.211182e-04
-4.672500e+00	3.284163e-04
-4.670000e+00	3.360142e-04
-4.667500e+00	3.439283e-04
-4.665000e+00	3.521762e-04
-4.662500e+00	3.607766e-04
-4.660000e+00	3.697498e-04
-4.657500e+00	3.791174e-04
-4.655000e+00	3.889026e-04
-4.652500e+00	3.991303e-04
-4.650000e+00	4.098275e-04
-4.647500e+00	4.210231e-04
-4.645000e+00	4.327483e-04
-4.642500e+00	4.450368e-04
-4.640000e+00	4.579250e-04
-4.637500e+00	4.714525e-04
-4.635000e+00	4.856619e-04
-4.632500e+00	5.005996e-04
-4.630000e+00	5.163160e-04
-4.627500e+00	5.328660e-04
-4.625000e+00	5.503092e-04
-4.622500e+00	5.687109e-04
-4.620000e+00	5.881423e-04
-4.617500e+00	6.086815e-04
-4.615000e+00	6.304139e-04
-4.612500e+00	6.534335e-04
-4.610000e+00	6.778436e-04
-4.607500e+00	7.037581e-04
-4.605000e+00	7.313030e-04
-4.602500e+00	7.606173e-04
-4.600000e+00	7.918556e-04
-4.597500e+00	8.251893e-04
-4.595000e+00	8.608096e-04
-4.592500e+00	8.989299e-04
-4.590000e+00	9.397888e-04
-4.587500e+00	9.836542e-04
-4.585000e+00	1.030827e-03
-4.582500e+00	1.081649e-03
-4.580000e+00	1.136502e-03
-4.577500e+00	1.195824e-03
-4.575000e+00	1.260112e-03
-4.572500e+00	1.329933e-03
-4.570000e+00	1.405939e-03
-4.567500e+00	1.488877e-03
-4.565000e+00	1.579612e-03
-4.562500e+00	1.679149e-03
-4.560000e+00	1.788656e-03
-4.557500e+00	1.909501e-03
-4.555000e+00	2.043295e-03
-4.552500e+00	2.191941e-03
-4.550000e+00	2.357703e-03
-4.547500e+00	2.543289e-03
-4.545000e+00	2.751957e-03
-4.542500e+00	2.987658e-03
-4.540000e+00	3.255215e-03
-4.537500e+00	3.560557e-03
-4.535000e+00	3.911043e-03
-4.532500e+00	4.315877e-03
-4.530000e+00	4.786691e-03
-4.527500e+00	5.338329e-03
-4.525000e+00	5.989948e-03
-4.522500e+00	6.766557e-03
-4.520000e+00	7.701224e-03
-4.517500e+00	8.838249e-03
-4.515000e+00	1.023780e-02
-4.512500e+00	1.198276e-02
-4.510000e+00	1.418881e-02
-4.507500e+00	1.701935e-02
-4.505000e+00	2.070671e-02
-4.502500e+00	2.558024e-02
-4.500000e+00	3.209478e-02
-4.497500e+00	4.083009e-02
-4.495000e+00	5.236327e-02
-4.492500e+00	6.677040e-02
-4.490000e+00	8.243079e-02
-4.487500e+00	9.467398e-02
-4.485000e+00	9.736300e-02
-4.482500e+00	8.883888e-02
-4.480000e+00	7.397201e-02
-4.477500e+00	5.862767e-02
-4.475000e+00	4.572607e-02
-4.472500e+00	3.577260e-02
-4.470000e+00	2.832121e-02
-4.467500e+00	2.276301e-02
-4.465000e+00	1.858190e-02
-4.462500e+00	1.539415e-02
-4.460000e+00	1.292691e-02
-4.457500e+00	1.098837e-02
-4.455000e+00	9.443244e-03
-4.452500e+00	8.195163e-03
-4.450000e+00	7.174606e-03
-4.447500e+00	6.330709e-03
-4.445000e+00	5.625745e-03
-4.442500e+00	5.031345e-03
-4.440000e+00	4.525905e-03
-4.437500e+00	4.092769e-03
-4.435000e+00	3.718952e-03
-4.432500e+00	3.394225e-03
-4.430000e+00	3.110445e-03
-4.427500e+00	2.861076e-03
-4.425000e+00	2.640822e-03
-4.422500e+00	2.445361e-03
-4.420000e+00	2.271137e-03
-4.417500e+00	2.115205e-03
-4.415000e+00	1.975112e-03
-4.412500e+00	1.848797e-03
-4.410000e+00	1.734525e-03
-4.407500e+00	1.630822e-03
-4.405000e+00	1.536432e-03
-4.402500e+00	1.450281e-03
-4.400000e+00	1.371444e-03
-4.397500e+00	1.299120e-03
-4.395000e+00	1.232618e-03
-4.392500e+00	1.171332e-03
-4.390000e+00	1.114735e-03
-4.387500e+00	1.062364e-03
-4.385000e+00	1.013813e-03
-4.382500e+00	9.687209e-04
-4.380000e+00	9.267702e-04
-4.377500e+00	8.876783e-04
-4.375000e+00	8.511936e-04
-4.372500e+00	8.170919e-04
-4.370000e+00	7.851720e-04
-4.367500e+00	7.552541e-04
-4.365000e+00	7.271761e-04
-4.362500e+00	7.007921e-04
-4.360000e+00	6.759706e-04
-4.357500e+00	6.525922e-04
-4.355000e+00	6.305492e-04
-4.352500e+00	6.097434e-04
-4.350000e+00	5.900857e-04
-4.347500e+00	5.714947e-04
-4.345000e+00	5.538964e-04
-4.342500e+00	5.372229e-04
-4.340000e+00	5.214121e-04
-4.337500e+00	5.064070e-04
-4.335000e+00	4.921555e-04
-4.332500e+00	4.786093e-04
-4.330000e+00	4.657242e-04
-4.327500e+00	4.534593e-04
-4.325000e+00	4.417771e-04
-4.322500e+00	4.306426e-04
-4.320000e+00	4.200235e-04
-4.317500e+00	4.098901e-04
-4.315000e+00	4.002146e-04
-4.312500e+00	3.909712e-04
-4.310000e+00	3.821361e-04
-4.307500e+00	3.736870e-04
-4.305000e+00	3.656032e-04
-4.302500e+00	3.578654e-04
-4.300000e+00	3.504556e-04
-4.297500e+00	3.433569e-04
-4.295000e+00	3.365536e-04
-4.292500e+00	3.300309e-04
-4.290000e+00	3.237753e-04
-4.287500e+00	3.177736e-04
-4.285000e+00	3.120139e-04
-4.282500e+00	3.064848e-04
-4.280000e+00	3.011756e-04
-4.277500e+00	2.960764e-04
-4.275000e+00	2.911777e-04
-4.272500e+00	2.864706e-04
-4.270000e+00	2.819469e-04
-4.267500e+00	2.775988e-04
-4.265000e+00	2.734187e-04
-4.262500e+00	2.693999e-04
-4.260000e+00	2.655356e-04
-4.257500e+00	2.618198e-04
-4.255000e+00	2.582465e-04
-4.252500e+00	2.548102e-04
-4.250000e+00	2.515059e-04
-4.247500e+00	2.483284e-04
-4.245000e+00	2.452732e-04
-4.242500e+00	2.423358e-04
-4.240000e+00	2.395122e-04
-4.237500e+00	2.367983e-04
-4.235000e+00	2.341905e-04
-4.232500e+00	2.316853e-04
-4.230000e+00	2.292793e-04
-4.227500e+00	2.269694e-04
-4.225000e+00	2.247526e-04
-4.222500e+00	2.226261e-04
-4.220000e+00	2.205873e-04
-4.217500e+00	2.186337e-04
-4.215000e+00	2.167628e-04
-4.212500e+00	2.149725e-04
-4.210000e+00	2.132607e-04
-4.207500e+00	2.116253e-04
-4.205000e+00	2.100646e-04
-4.202500e+00	2.085767e-04
-4.200000e+00	2.071600e-04
-4.197500e+00	2.058130e-04
-4.195000e+00	2.045342e-04
-4.192500e+00	2.033223e-04
-4.190000e+00	2.021760e-04
-4.187500e+00	2.010941e-04
-4.185000e+00	2.000756e-04
-4.182500e+00	1.991195e-04
-4.180000e+00	1.982248e-04
-4.177500e+00	1.973907e-04
-4.175000e+00	1.966165e-04
-4.172500e+00	1.959014e-04
-4.170000e+00	1.952449e-04
-4.167500e+00	1.946464e-04
-4.165000e+00	1.941055e-04
-4.162500e+00	1.936217e-04
-4.160000e+00	1.931948e-04
-4.157500e+00	1.928245e-04
-4.155000e+00	1.925106e-04
-4.152500e+00	1.922530e-04
-4.150000e+00	1.920516e-04
-4.147500e+00	1.919066e-04
-4.145000e+00	1.918179e-04
-4.142500e+00	1.917858e-04
-4.140000e+00	1.918106e-04
-4.137500e+00	1.918925e-04
-4.135000e+00	1.920319e-04
-4.132500e+00	1.922294e-04
-4.130000e+00	1.924854e-04
-4.127500e+00	1.928006e-04
-4.125000e+00	1.931757e-04
-4.122500e+00	1.936115e-04
-4.120000e+00	1.941089e-04
-4.117500e+00	1.946689e-04
-4.115000e+00	1.952925e-04
-4.112500e+00	1.959810e-04
-4.110000e+00	1.967355e-04
-4.107500e+00	1.975574e-04
-4.105000e+00	1.984483e-04
-4.102500e+00	1.994098e-04
-4.100000e+00	2.004435e-04
-4.097500e+00	2.015514e-04
-4.095000e+00	2.027353e-04
-4.092500e+00	2.039975e-04
-4.090000e+00	2.053402e-04
-4.087500e+00	2.067659e-04
-4.085000e+00	2.082771e-04
-4.082500e+00	2.098766e-04
-4.080000e+00	2.115674e-04
-4.077500e+00	2.133527e-04
-4.075000e+00	2.152358e-04
-4.072500e+00	2.172204e-04
-4.070000e+00	2.193102e-04
-4.067500e+00	2.215093e-04
-4.065000e+00	2.238222e-04
-4.062500e+00	2.262535e-04
-4.060000e+00	2.288082e-04
-4.057500e+00	2.314915e-04
-4.055000e+00	2.343092e-04
-4.052500e+00	2.372673e-04
-4.050000e+00	2.403722e-04
-4.047500e+00	2.436310e-04
-4.045000e+00	2.470510e-04
-4.042500e+00	2.506401e-04
-4.040000e+00	2.544068e-04
-4.037500e+00	2.583602e-04
-4.035000e+00	2.625101e-04
-4.032500e+00	2.668670e-04
-4.030000e+00	2.714421e-04
-4.027500e+00	2.762475e-04
-4.025000e+00	2.812962e-04
-4.022500e+00	2.866023e-04
-4.020000e+00	2.921809e-04
-4.017500e+00	2.980483e-04
-4.015000e+00	3.042222e-04
-4.012500e+00	3.107215e-04
-4.010000e+00	3.175670e-04
-4.007500e+00	3.247810e-04
-4.005000e+00	3.323878e-04
-4.002500e+00	3.404137e-04
-4.000000e+00	3.488876e-04
-3.997500e+00	3.578406e-04
-3.995000e+00	3.673069e-04
-3.992500e+00	3.773238e-04
-3.990000e+00	3.879320e-04
-3.987500e+00	3.991764e-04
-3.985000e+00	4.111061e-04
-3.982500e+00	4.237749e-04
-3.980000e+00	4.372426e-04
-3.977500e+00	4.515747e-04
-3.975000e+00	4.668439e-04
-3.972500e+00	4.831307e-04
-3.970000e+00	5.005245e-04
-3.967500e+00	5.191249e-04
-3.965000e+00	5.390427e-04
-3.962500e+00	5.604022e-04
-3.960000e+00	5.833424e-04
-3.957500e+00	6.080197e-04
-3.955000e+00	6.346103e-04
-3.952500e+00	6.633133e-04
-3.950000e+00	6.943544e-04
-3.947500e+00	7.279903e-04
-3.945000e+00	7.645138e-04
-3.942500e+00	8.042602e-04
-3.940000e+00	8.476146e-04
-3.937500e+00	8.950212e-04
-3.935000e+00	9.469948e-04
-3.932500e+00	1.004134e-03
-3.930000e+00	1.067137e-03
-3.927500e+00	1.136827e-03
-3.925000e+00	1.214171e-03
-3.922500e+00	1.300319e-03
-3.920000e+00	1.396644e-03
-3.917500e+00	1.504793e-03
-3.915000e+00	1.626757e-03
-3.912500e+00	1.764959e-03
-3.910000e+00	1.922372e-03
-3.907500e+00	2.102671e-03
-3.905000e+00	2.310438e-03
-3.902500e+00	2.551439e-03
-3.900000e+00	2.833007e-03
-3.897500e+00	3.164559e-03
-3.895000e+00	3.558337e-03
-3.892500e+00	4.030446e-03
-3.890000e+00	4.602347e-03
-3.887500e+00	5.303037e-03
-3.885000e+00	6.172235e-03
-3.882500e+00	7.265112e-03
-3.880000e+00	8.659257e-03
-3.877500e+00	1.046480e-02
-3.875000e+00	1.283833e-02
-3.872500e+00	1.599915e-02
-3.870000e+00	2.023864e-02
-3.867500e+00	2.588801e-02
-3.865000e+00	3.314776e-02
-3.862500e+00	4.159717e-02
-3.860000e+00	4.937958e-02
-3.857500e+00	5.317507e-02
-3.855000e+00	5.074777e-02
-3.852500e+00	4.357534e-02
-3.850000e+00	3.504767e-02
-3.847500e+00	2.743450e-02
-3.845000e+00	2.141623e-02
-3.842500e+00	1.687750e-02
-3.840000e+00	1.349395e-02
-3.837500e+00	1.095922e-02
-3.835000e+00	9.037346e-03
-3.832500e+00	7.558603e-03
-3.830000e+00	6.403421e-03
-3.827500e+00	5.487668e-03
-3.825000e+00	4.751677e-03
-3.822500e+00	4.152621e-03
-3.820000e+00	3.659340e-03
-3.817500e+00	3.248840e-03
-3.815000e+00	2.903925e-03
-3.812500e+00	2.611560e-03
-3.810000e+00	2.361744e-03
-3.807500e+00	2.146713e-03
-3.805000e+00	1.960374e-03
-3.802500e+00	1.797897e-03
-3.800000e+00	1.655417e-03
-3.797500e+00	1.529812e-03
-3.795000e+00	1.418544e-03
-3.792500e+00	1.319528e-03
-3.790000e+00	1.231044e-03
-3.787500e+00	1.151662e-03
-3.785000e+00	1.080183e-03
-3.782500e+00	1.015600e-03
-3.780000e+00	9.570594e-04
-3.777500e+00	9.038364e-04
-3.775000e+00	8.553101e-04
-3.772500e+00	8.109478e-04
-3.770000e+00	7.702898e-04
-3.767500e+00	7.329379e-04
-3.765000e+00	6.985460e-04
-3.762500e+00	6.668120e-04
-3.760000e+00	6.374712e-04
-3.757500e+00	6.102910e-04
-3.755000e+00	5.850665e-04
-3.752500e+00	5.616162e-04
-3.750000e+00	5.397794e-04
-3.747500e+00	5.194132e-04
-3.745000e+00	5.003901e-04
-3.742500e+00	4.825960e-04
-3.740000e+00	4.659289e-04
-3.737500e+00	4.502971e-04
-3.735000e+00	4.356180e-04
-3.732500e+00	4.218171e-04
-3.730000e+00	4.088271e-04
-3.727500e+00	3.965871e-04
-3.725000e+00	3.850418e-04
-3.722500e+00	3.741408e-04
-3.720000e+00	3.638384e-04
-3.717500e+00	3.540928e-04
-3.715000e+00	3.448659e-04
-3.712500e+00	3.361227e-04
-3.710000e+00	3.278312e-04
-3.707500e+00	3.199620e-04
-3.705000e+00	3.124882e-04
-3.702500e+00	3.053848e-04
-3.700000e+00	2.986291e-04
-3.697500e+00	2.921998e-04
-3.695000e+00	2.860774e-04
-3.692500e+00	2.802439e-04
-3.690000e+00	2.746826e-04
-3.687500e+00	2.693779e-04
-3.685000e+00	2.643155e-04
-3.682500e+00	2.594819e-04
-3.680000e+00	2.548649e-04
-3.677500e+00	2.504527e-04
-3.675000e+00	2.462346e-04
-3.672500e+00	2.422005e-04
-3.670000e+00	2.383411e-04
-3.667500e+00	2.346476e-04
-3.665000e+00	2.311118e-04
-3.662500e+00	2.277260e-04
-3.660000e+00	2.244830e-04
-3.657500e+00	2.213761e-04
-3.655000e+00	2.183990e-04
-3.652500e+00	2.155457e-04
-3.650000e+00	2.128107e-04
-3.647500e+00	2.101888e-04
-3.645000e+00	2.076749e-04
-3.642500e+00	2.052646e-04
-3.640000e+00	2.029535e-04
-3.637500e+00	2.007374e-04
-3.635000e+00	1.986124e-04
-3.632500e+00	1.965751e-04
-3.630000e+00	1.946218e-04
-3.627500e+00	1.927494e-04
-3.625000e+00	1.909547e-04
-3.622500e+00	1.892350e-04
-3.620000e+00	1.875875e-04
-3.617500e+00	1.860096e-04
-3.615000e+00	1.844988e-04
-3.612500e+00	1.830530e-04
-3.610000e+00	1.816698e-04
-3.607500e+00	1.803472e-04
-3.605000e+00	1.790833e-04
-3.602500e+00	1.778763e-04
-3.600000e+00	1.767244e-04
-3.597500e+00	1.756259e-04
-3.595000e+00	1.745794e-04
-3.592500e+00	1.735833e-04
-3.590000e+00	1.726362e-04
-3.587500e+00	1.717369e-04
-3.585000e+00	1.708841e-04
-3.582500e+00	1.700767e-04
-3.580000e+00	1.693134e-04
-3.577500e+00	1.685934e-04
-3.575000e+00	1.679156e-04
-3.572500e+00	1.672791e-04
-3.570000e+00	1.666831e-04
-3.567500e+00	1.661266e-04
-3.565000e+00	1.656091e-04
-3.562500e+00	1.651297e-04
-3.560000e+00	1.646878e-04
-3.557500e+00	1.642828e-04
-3.555000e+00	1.639142e-04
-3.552500e+00	1.635813e-04
-3.550000e+00	1.632837e-04
-3.547500e+00	1.630210e-04
-3.545000e+00	1.627928e-04
-3.542500e+00	1.625987e-04
-3.540000e+00	1.624383e-04
-3.537500e+00	1.623113e-04
-3.535000e+00	1.622176e-04
-3.532500e+00	1.621569e-04
-3.530000e+00	1.621289e-04
-3.527500e+00	1.621336e-04
-3.525000e+00	1.621709e-04
-3.522500e+00	1.622406e-04
-3.520000e+00	1.623426e-04
-3.517500e+00	1.624771e-04
-3.515000e+00	1.626439e-04
-3.512500e+00	1.628431e-04
-3.510000e+00	1.630749e-04
-3.507500e+00	1.633393e-04
-3.505000e+00	1.636364e-04
-3.502500e+00	1.639665e-04
-3.500000e+00	1.643298e-04
-3.497500e+00	1.647265e-04
-3.495000e+00	1.651569e-04
-3.492500e+00	1.656213e-04
-3.490000e+00	1.661201e-04
-3.487500e+00	1.666537e-04
-3.485000e+00	1.672225e-04
-3.482500e+00	1.678269e-04
-3.480000e+00	1.684675e-04
-3.477500e+00	1.691449e-04
-3.475000e+00	1.698595e-04
-3.472500e+00	1.706122e-04
-3.470000e+00	1.714034e-04
-3.467500e+00	1.722341e-04
-3.465000e+00	1.731049e-04
-3.462500e+00	1.740167e-04
-3.460000e+00	1.749703e-04
-3.457500e+00	1.759667e-04
-3.455000e+00	1.770069e-04
-3.452500e+00	1.780920e-04
-3.450000e+00	1.792229e-04
-3.447500e+00	1.804010e-04
-3.445000e+00	1.816274e-04
-3.442500e+00	1.829035e-04
-3.440000e+00	1.842307e-04
-3.437500e+00	1.856104e-04
-3.435000e+00	1.870441e-04
-3.432500e+00	1.885336e-04
-3.430000e+00	1.900805e-04
-3.427500e+00	1.916866e-04
-3.425000e+00	1.933539e-04
-3.422500e+00	1.950844e-04
-3.420000e+00	1.968803e-04
-3.417500e+00	1.987437e-04
-3.415000e+00	2.006772e-04
-3.412500e+00	2.026831e-04
-3.410000e+00	2.047643e-04
-3.407500e+00	2.069234e-04
-3.405000e+00	2.091635e-04
-3.402500e+00	2.114877e-04
-3.400000e+00	2.138994e-04
-3.397500e+00	2.164021e-04
-3.395000e+00	2.189994e-04
-3.392500e+00	2.216955e-04
-3.390000e+00	2.244943e-04
-3.387500e+00	2.274005e-04
-3.385000e+00	2.304186e-04
-3.382500e+00	2.335537e-04
-3.380000e+00	2.368111e-04
-3.377500e+00	2.401965e-04
-3.375000e+00	2.437157e-04
-3.372500e+00	2.473752e-04
-3.370000e+00	2.511819e-04
-3.367500e+00	2.551428e-04
-3.365000e+00	2.592657e-04
-3.362500e+00	2.635589e-04
-3.360000e+00	2.680311e-04
-3.357500e+00	2.726916e-04
-3.355000e+00	2.775506e-04
-3.352500e+00	2.826188e-04
-3.350000e+00	2.879076e-04
-3.347500e+00	2.934294e-04
-3.345000e+00	2.991975e-04
-3.342500e+00	3.052260e-04
-3.340000e+00	3.115302e-04
-3.337500e+00	3.181266e-04
-3.335000e+00	3.250330e-04
-3.332500e+00	3.322684e-04
-3.330000e+00	3.398535e-04
-3.327500e+00	3.478106e-04
-3.325000e+00	3.561641e-04
-3.322500e+00	3.649399e-04
-3.320000e+00	3.741667e-04
-3.317500e+00	3.838754e-04
-3.315000e+00	3.940995e-04
-3.312500e+00	4.048758e-04
-3.310000e+00	4.162442e-04
-3.307500e+00	4.282486e-04
-3.305000e+00	4.409369e-04
-3.302500e+00	4.543616e-04
-3.300000e+00	4.685804e-04
-3.297500e+00	4.836569e-04
-3.295000e+00	4.996611e-04
-3.292500e+00	5.166703e-04
-3.290000e+00	5.347702e-04
-3.287500e+00	5.540558e-04
-3.285000e+00	5.746327e-04
-3.282500e+00	5.966185e-04
-3.280000e+00	6.201445e-04
-3.277500e+00	6.453578e-04
-3.275000e+00	6.724235e-04
-3.272500e+00	7.015271e-04
-3.270000e+00	7.328784e-04
-3.267500e+00	7.667144e-04
-3.265000e+00	8.033043e-04
-3.262500e+00	8.429549e-04
-3.260000e+00	8.860166e-04
-3.257500e+00	9.328913e-04
-3.255000e+00	9.840416e-04
-3.252500e+00	1.040002e-03
-3.250000e+00	1.101394e-03
-3.247500e+00	1.168941e-03
-3.245000e+00	1.243489e-03
-3.242500e+00	1.326037e-03
-3.240000e+00	1.417766e-03
-3.237500e+00	1.520078e-03
-3.235000e+00	1.634656e-03
-3.232500e+00	1.763526e-03
-3.230000e+00	1.909143e-03
-3.227500e+00	2.074510e-03
-3.225000e+00	2.263323e-03
-3.222500e+00	2.480169e-03
-3.220000e+00	2.730800e-03
-3.217500e+00	3.022485e-03
-3.215000e+00	3.364518e-03
-3.212500e+00	3.768908e-03
-3.210000e+00	4.251358e-03
-3.207500e+00	4.832661e-03
-3.205000e+00	5.540719e-03
-3.202500e+00	6.413495e-03
-3.200000e+00	7.503368e-03
-3.197500e+00	8.883567e-03
-3.195000e+00	1.065764e-02
-3.192500e+00	1.297286e-02
-3.190000e+00	1.603768e-02
-3.187500e+00	2.013829e-02
-3.185000e+00	2.563335e-02
-3.182500e+00	3.285921e-02
-3.180000e+00	4.178481e-02
-3.177500e+00	5.123313e-02
-3.175000e+00	5.814445e-02
-3.172500e+00	5.890955e-02
-3.170000e+00	5.305401e-02
-3.167500e+00	4.382844e-02
-3.165000e+00	3.463610e-02
-3.162500e+00	2.702304e-02
-3.160000e+00	2.118415e-02
-3.157500e+00	1.681958e-02
-3.155000e+00	1.356221e-02
-3.152500e+00	1.110844e-02
-3.150000e+00	9.234440e-03
-3.147500e+00	7.781457e-03
-3.145000e+00	6.637915e-03
-3.142500e+00	5.725047e-03
-3.140000e+00	4.986662e-03
-3.137500e+00	4.382152e-03
-3.135000e+00	3.881762e-03
-3.132500e+00	3.463379e-03
-3.130000e+00	3.110353e-03
-3.127500e+00	2.809982e-03
-3.125000e+00	2.552462e-03
-3.122500e+00	2.330139e-03
-3.120000e+00	2.136975e-03
-3.117500e+00	1.968159e-03
-3.115000e+00	1.819824e-03
-3.112500e+00	1.688836e-03
-3.110000e+00	1.572633e-03
-3.107500e+00	1.469106e-03
-3.105000e+00	1.376507e-03
-3.102500e+00	1.293379e-03
-3.100000e+00	1.218496e-03
-3.097500e+00	1.150828e-03
-3.095000e+00	1.089497e-03
-3.092500e+00	1.033755e-03
-3.090000e+00	9.829628e-04
-3.087500e+00	9.365688e-04
-3.085000e+00	8.940965e-04
-3.082500e+00	8.551326e-04
-3.080000e+00	8.193170e-04
-3.077500e+00	7.863350e-04
-3.075000e+00	7.559106e-04
-3.072500e+00	7.278008e-04
-3.070000e+00	7.017914e-04
-3.067500e+00	6.776925e-04
-3.065000e+00	6.553358e-04
-3.062500e+00	6.345713e-04
-3.060000e+00	6.152654e-04
-3.057500e+00	5.972986e-04
-3.055000e+00	5.805636e-04
-3.052500e+00	5.649643e-04
-3.050000e+00	5.504140e-04
-3.047500e+00	5.368347e-04
-3.045000e+00	5.241558e-04
-3.042500e+00	5.123136e-04
-3.040000e+00	5.012502e-04
-3.037500e+00	4.909131e-04
-3.035000e+00	4.812545e-04
-3.032500e+00	4.722312e-04
-3.030000e+00	4.638035e-04
-3.027500e+00	4.559354e-04
-3.025000e+00	4.485938e-04
-3.022500e+00	4.417488e-04
-3.020000e+00	4.353728e-04
-3.017500e+00	4.294406e-04
-3.015000e+00	4.239291e-04
-3.012500e+00	4.188174e-04
-3.010000e+00	4.140859e-04
-3.007500e+00	4.097171e-04
-3.005000e+00	4.056947e-04
-3.002500e+00	4.020040e-04
-3.000000e+00	3.986314e-04
-2.997500e+00	3.955644e-04
-2.995000e+00	3.927919e-04
-2.992500e+00	3.903035e-04
-2.990000e+00	3.880900e-04
-2.987500e+00	3.861429e-04
-2.985000e+00	3.844546e-04
-2.982500e+00	3.830183e-04
-2.980000e+00	3.818278e-04
-2.977500e+00	3.808779e-04
-2.975000e+00	3.801637e-04
-2.972500e+00	3.796811e-04
-2.970000e+00	3.794267e-04
-2.967500e+00	3.793976e-04
-2.965000e+00	3.795915e-04
-2.962500e+00	3.800064e-04
-2.960000e+00	3.806412e-04
-2.957500e+00	3.814951e-04
-2.955000e+00	3.825679e-04
-2.952500e+00	3.838600e-04
-2.950000e+00	3.853720e-04
-2.947500e+00	3.871052e-04
-2.945000e+00	3.890616e-04
-2.942500e+00	3.912434e-04
-2.940000e+00	3.936535e-04
-2.937500e+00	3.962952e-04
-2.935000e+00	3.991724e-04
-2.932500e+00	4.022897e-04
-2.930000e+00	4.056521e-04
-2.927500e+00	4.092653e-04
-2.925000e+00	4.131354e-04
-2.922500e+00	4.172694e-04
-2.920000e+00	4.216750e-04
-2.917500e+00	4.263604e-04
-2.915000e+00	4.313347e-04
-2.912500e+00	4.366077e-04
-2.910000e+00	4.421901e-04
-2.907500e+00	4.480935e-04
-2.905000e+00	4.543305e-04
-2.902500e+00	4.609145e-04
-2.900000e+00	4.678602e-04
-2.897500e+00	4.751835e-04
-2.895000e+00	4.829013e-04
-2.892500e+00	4.910320e-04
-2.890000e+00	4.995955e-04
-2.887500e+00	5.086131e-04
-2.885000e+00	5.181080e-04
-2.882500e+00	5.281051e-04
-2.880000e+00	5.386313e-04
-2.877500e+00	5.497158e-04
-2.875000e+00	5.613898e-04
-2.872500e+00	5.736875e-04
-2.870000e+00	5.866457e-04
-2.867500e+00	6.003043e-04
-2.865000e+00	6.147066e-04
-2.862500e+00	6.298996e-04
-2.860000e+00	6.459343e-04
-2.857500e+00	6.628663e-04
-2.855000e+00	6.807562e-04
-2.852500e+00	6.996700e-04
-2.850000e+00	7.196797e-04
-2.847500e+00	7.408641e-04
-2.845000e+00	7.633097e-04
-2.842500e+00	7.871112e-04
-2.840000e+00	8.123725e-04
-2.837500e+00	8.392082e-04
-2.835000e+00	8.677445e-04
-2.832500e+00	8.981208e-04
-2.830000e+00	9.304913e-04
-2.827500e+00	9.650270e-04
-2.825000e+00	1.001918e-03
-2.822500e+00	1.041375e-03
-2.820000e+00	1.083636e-03
-2.817500e+00	1.128963e-03
-2.815000e+00	1.177652e-03
-2.812500e+00	1.230038e-03
-2.810000e+00	1.286494e-03
-2.807500e+00	1.347445e-03
-2.805000e+00	1.413373e-03
-2.802500e+00	1.484824e-03
-2.800000e+00	1.562423e-03
-2.797500e+00	1.646885e-03
-2.795000e+00	1.739033e-03
-2.792500e+00	1.839815e-03
-2.790000e+00	1.950331e-03
-2.787500e+00	2.071861e-03
-2.785000e+00	2.205900e-03
-2.782500e+00	2.354205e-03
-2.780000e+00	2.518850e-03
-2.777500e+00	2.702300e-03
-2.775000e+00	2.907496e-03
-2.772500e+00	3.137971e-03
-2.770000e+00	3.398000e-03
-2.767500e+00	3.692792e-03
-2.765000e+00	4.028736e-03
-2.762500e+00	4.413742e-03
-2.760000e+00	4.857681e-03
-2.757500e+00	5.372990e-03
-2.755000e+00	5.975493e-03
-2.752500e+00	6.685551e-03
-2.750000e+00	7.529652e-03
-2.747500e+00	8.542694e-03
-2.745000e+00	9.771252e-03
-2.742500e+00	1.127834e-02
-2.740000e+00	1.315040e-02
-2.737500e+00	1.550767e-02
-2.735000e+00	1.851947e-02
-2.732500e+00	2.242625e-02
-2.730000e+00	2.756971e-02
-2.727500e+00	3.442689e-02
-2.725000e+00	4.362548e-02
-2.722500e+00	5.585817e-02
-2.720000e+00	7.147284e-02
-2.717500e+00	8.934940e-02
-2.715000e+00	1.051883e-01
-2.712500e+00	1.118957e-01
-2.710000e+00	1.054533e-01
-2.707500e+00	8.973240e-02
-2.705000e+00	7.184077e-02
-2.702500e+00	5.615797e-02
-2.700000e+00	4.385422e-02
-2.697500e+00	3.459806e-02
-2.695000e+00	2.769811e-02
-2.692500e+00	2.252377e-02
-2.690000e+00	1.859477e-02
-2.687500e+00	1.556688e-02
-2.685000e+00	1.319783e-02
-2.682500e+00	1.131703e-02
-2.680000e+00	9.803380e-03
-2.677500e+00	8.569832e-03
-2.675000e+00	7.552956e-03
-2.672500e+00	6.705881e-03
-2.670000e+00	5.993500e-03
-2.667500e+00	5.389169e-03
-2.665000e+00	4.872418e-03
-2.662500e+00	4.427336e-03
-2.660000e+00	4.041425e-03
-2.657500e+00	3.704764e-03
-2.655000e+00	3.409410e-03
-2.652500e+00	3.148942e-03
-2.650000e+00	2.918131e-03
-2.647500e+00	2.712683e-03
-2.645000e+00	2.529051e-03
-2.642500e+00	2.364282e-03
-2.640000e+00	2.215903e-03
-2.637500e+00	2.081833e-03
-2.635000e+00	1.960308e-03
-2.632500e+00	1.849827e-03
-2.630000e+00	1.749107e-03
-2.627500e+00	1.657045e-03
-2.625000e+00	1.572690e-03
-2.622500e+00	1.495215e-03
-2.620000e+00	1.423905e-03
-2.617500e+00	1.358133e-03
-2.615000e+00	1.297350e-03
-2.612500e+00	1.241073e-03
-2.610000e+00	1.188878e-03
-2.607500e+00	1.140388e-03
-2.605000e+00	1.095270e-03
-2.602500e+00	1.053227e-03
-2.600000e+00	1.013995e-03
-2.597500e+00	9.773363e-04
-2.595000e+00	9.430399e-04
-2.592500e+00	9.109152e-04
-2.590000e+00	8.807910e-04
-2.587500e+00	8.525128e-04
-2.585000e+00	8.259411e-04
-2.582500e+00	8.009494e-04
-2.580000e+00	7.774232e-04
-2.577500e+00	7.552583e-04
-2.575000e+00	7.343599e-04
-2.572500e+00	7.146416e-04
-2.570000e+00	6.960246e-04
-2.567500e+00	6.784368e-04
-2.565000e+00	6.618122e-04
-2.562500e+00	6.460903e-04
-2.560000e+00	6.312156e-04
-2.557500e+00	6.171370e-04
-2.555000e+00	6.038077e-04
-2.552500e+00	5.911845e-04
-2.550000e+00	5.792276e-04
-2.547500e+00	5.679002e-04
-2.545000e+00	5.571685e-04
-2.542500e+00	5.470012e-04
-2.540000e+00	5.373694e-04
-2.537500e+00	5.282463e-04
-2.535000e+00	5.196071e-04
-2.532500e+00	5.114291e-04
-2.530000e+00	5.036909e-04
-2.527500e+00	4.963730e-04
-2.525000e+00	4.894573e-04
-2.522500e+00	4.829270e-04
-2.520000e+00	4.767665e-04
-2.517500e+00	4.709615e-04
-2.515000e+00	4.654988e-04
-2.512500e+00	4.603661e-04
-2.510000e+00	4.555523e-04
-2.507500e+00	4.510470e-04
-2.505000e+00	4.468408e-04
-2.502500e+00	4.429249e-04
-2.500000e+00	4.392916e-04
-2.497500e+00	4.359336e-04
-2.495000e+00	4.328446e-04
-2.492500e+00	4.300188e-04
-2.490000e+00	4.274511e-04
-2.487500e+00	4.251369e-04
-2.485000e+00	4.230724e-04
-2.482500e+00	4.212544e-04
-2.480000e+00	4.196801e-04
-2.477500e+00	4.183474e-04
-2.475000e+00	4.172547e-04
-2.472500e+00	4.164010e-04
-2.470000e+00	4.157859e-04
-2.467500e+00	4.154095e-04
-2.465000e+00	4.152724e-04
-2.462500e+00	4.153760e-04
-2.460000e+00	4.157219e-04
-2.457500e+00	4.163127e-04
-2.455000e+00	4.171513e-04
-2.452500e+00	4.182415e-04
-2.450000e+00	4.195875e-04
-2.447500e+00	4.211944e-04
-2.445000e+00	4.230678e-04
-2.442500e+00	4.252141e-04
-2.440000e+00	4.276407e-04
-2.437500e+00	4.303556e-04
-2.435000e+00	4.333676e-04
-2.432500e+00	4.366867e-04
-2.430000e+00	4.403238e-04
-2.427500e+00	4.442908e-04
-2.425000e+00	4.486008e-04
-2.422500e+00	4.532681e-04
-2.420000e+00	4.583084e-04
-2.417500e+00	4.637387e-04
-2.415000e+00	4.695779e-04
-2.412500e+00	4.758462e-04
-2.410000e+00	4.825658e-04
-2.407500e+00	4.897611e-04
-2.405000e+00	4.974584e-04
-2.402500e+00	5.056867e-04
-2.400000e+00	5.144775e-04
-2.397500e+00	5.238652e-04
-2.395000e+00	5.338875e-04
-2.392500e+00	5.445859e-04
-2.390000e+00	5.560053e-04
-2.387500e+00	5.681956e-04
-2.385000e+00	5.812112e-04
-2.382500e+00	5.951120e-04
-2.380000e+00	6.099640e-04
-2.377500e+00	6.258402e-04
-2.375000e+00	6.428209e-04
-2.372500e+00	6.609951e-04
-2.370000e+00	6.804618e-04
-2.367500e+00	7.013304e-04
-2.365000e+00	7.237231e-04
-2.362500e+00	7.477762e-04
-2.360000e+00	7.736418e-04
-2.357500e+00	8.014907e-04
-2.355000e+00	8.315145e-04
-2.352500e+00	8.639292e-04
-2.350000e+00	8.989787e-04
-2.347500e+00	9.369392e-04
-2.345000e+00	9.781246e-04
-2.342500e+00	1.022893e-03
-2.340000e+00	1.071653e-03
-2.337500e+00	1.124875e-03
-2.335000e+00	1.183099e-03
-2.332500e+00	1.246952e-03
-2.330000e+00	1.317161e-03
-2.327500e+00	1.394573e-03
-2.325000e+00	1.480183e-03
-2.322500e+00	1.575162e-03
-2.320000e+00	1.680897e-03
-2.317500e+00	1.799040e-03
-2.315000e+00	1.931570e-03
-2.312500e+00	2.080873e-03
-2.310000e+00	2.249849e-03
-2.307500e+00	2.442041e-03
-2.305000e+00	2.661819e-03
-2.302500e+00	2.914616e-03
-2.300000e+00	3.207245e-03
-2.297500e+00	3.548338e-03
-2.295000e+00	3.948944e-03
-2.292500e+00	4.423362e-03
-2.290000e+00	4.990324e-03
-2.287500e+00	5.674678e-03
-2.285000e+00	6.509835e-03
-2.282500e+00	7.541339e-03
-2.280000e+00	8.832153e-03
-2.277500e+00	1.047046e-02
-2.275000e+00	1.258110e-02
-2.272500e+00	1.534168e-02
-2.270000e+00	1.900300e-02
-2.267500e+00	2.390670e-02
-2.265000e+00	3.047136e-02
-2.262500e+00	3.905730e-02
-2.260000e+00	4.950928e-02
-2.257500e+00	6.020095e-02
-2.255000e+00	6.735064e-02
-2.252500e+00	6.706440e-02
-2.250000e+00	5.951988e-02
-2.247500e+00	4.874500e-02
-2.245000e+00	3.839261e-02
-2.242500e+00	2.995110e-02
-2.240000e+00	2.351459e-02
-2.237500e+00	1.870918e-02
-2.235000e+00	1.511949e-02
-2.232500e+00	1.241035e-02
-2.230000e+00	1.033674e-02
-2.227500e+00	8.725324e-03
-2.225000e+00	7.454259e-03
-2.222500e+00	6.437431e-03
-2.220000e+00	5.613302e-03
-2.217500e+00	4.937313e-03
-2.215000e+00	4.376746e-03
-2.212500e+00	3.907246e-03
-2.210000e+00	3.510434e-03
-2.207500e+00	3.172269e-03
-2.205000e+00	2.881893e-03
-2.202500e+00	2.630818e-03
-2.200000e+00	2.412336e-03
-2.197500e+00	2.221098e-03
-2.195000e+00	2.052798e-03
-2.192500e+00	1.903941e-03
-2.190000e+00	1.771668e-03
-2.187500e+00	1.653623e-03
-2.185000e+00	1.547850e-03
-2.182500e+00	1.452719e-03
-2.180000e+00	1.366857e-03
-2.177500e+00	1.289106e-03
-2.175000e+00	1.218484e-03
-2.172500e+00	1.154150e-03
-2.170000e+00	1.095384e-03
-2.167500e+00	1.041566e-03
-2.165000e+00	9.921609e-04
-2.162500e+00	9.467018e-04
-2.160000e+00	9.047830e-04
-2.157500e+00	8.660492e-04
-2.155000e+00	8.301889e-04
-2.152500e+00	7.969273e-04
-2.150000e+00	7.660221e-04
-2.147500e+00	7.372583e-04
-2.145000e+00	7.104450e-04
-2.142500e+00	6.854122e-04
-2.140000e+00	6.620081e-04
-2.137500e+00	6.400966e-04
-2.135000e+00	6.195558e-04
-2.132500e+00	6.002758e-04
-2.130000e+00	5.821578e-04
-2.127500e+00	5.651124e-04
-2.125000e+00	5.490588e-04
-2.122500e+00	5.339237e-04
-2.120000e+00	5.196404e-04
-2.117500e+00	5.061483e-04
-2.115000e+00	4.933922e-04
-2.112500e+00	4.813217e-04
-2.110000e+00	4.698906e-04
-2.107500e+00	4.590566e-04
-2.105000e+00	4.487811e-04
-2.102500e+00	4.390285e-04
-2.100000e+00	4.297659e-04
-2.097500e+00	4.209633e-04
-2.095000e+00	4.125930e-04
-2.092500e+00	4.046291e-04
-2.090000e+00	3.970482e-04
-2.087500e+00	3.898281e-04
-2.085000e+00	3.829486e-04
-2.082500e+00	3.763910e-04
-2.080000e+00	3.701376e-04
-2.077500e+00	3.641724e-04
-2.075000e+00	3.584802e-04
-2.072500e+00	3.530469e-04
-2.070000e+00	3.478596e-04
-2.067500e+00	3.429061e-04
-2.065000e+00	3.381750e-04
-2.062500e+00	3.336558e-04
-2.060000e+00	3.293386e-04
-2.057500e+00	3.252141e-04
-2.055000e+00	3.212739e-04
-2.052500e+00	3.175098e-04
-2.050000e+00	3.139143e-04
-2.047500e+00	3.104806e-04
-2.045000e+00	3.072019e-04
-2.042500e+00	3.040722e-04
-2.040000e+00	3.010858e-04
-2.037500e+00	2.982374e-04
-2.035000e+00	2.955220e-04
-2.032500e+00	2.929349e-04
-2.030000e+00	2.904720e-04
-2.027500e+00	2.881292e-04
-2.025000e+00	2.859027e-04
-2.022500e+00	2.837893e-04
-2.020000e+00	2.817857e-04
-2.017500e+00	2.798890e-04
-2.015000e+00	2.780966e-04
-2.012500e+00	2.764062e-04
-2.010000e+00	2.748155e-04
-2.007500e+00	2.733227e-04
-2.005000e+00	2.719260e-04
-2.002500e+00	2.706241e-04
-2.000000e+00	2.694156e-04
-1.997500e+00	2.682995e-04
-1.995000e+00	2.672752e-04
-1.992500e+00	2.663420e-04
-1.990000e+00	2.654997e-04
-1.987500e+00	2.647482e-04
-1.985000e+00	2.640879e-04
-1.982500e+00	2.635191e-04
-1.980000e+00	2.630426e-04
-1.977500e+00	2.626597e-04
-1.975000e+00	2.623716e-04
-1.972500e+00	2.621802e-04
-1.970000e+00	2.620876e-04
-1.967500e+00	2.620965e-04
-1.965000e+00	2.622097e-04
-1.962500e+00	2.624309e-04
-1.960000e+00	2.627640e-04
-1.957500e+00	2.632138e-04
-1.955000e+00	2.637856e-04
-1.952500e+00	2.644854e-04
-1.950000e+00	2.653203e-04
-1.947500e+00	2.662980e-04
-1.945000e+00	2.674277e-04
-1.942500e+00	2.687193e-04
-1.940000e+00	2.701846e-04
-1.937500e+00	2.718368e-04
-1.935000e+00	2.736908e-04
-1.932500e+00	2.757640e-04
-1.930000e+00	2.780759e-04
-1.927500e+00	2.806491e-04
-1.925000e+00	2.835096e-04
-1.922500e+00	2.866872e-04
-1.920000e+00	2.902165e-04
-1.917500e+00	2.941379e-04
-1.915000e+00	2.984980e-04
-1.912500e+00	3.033517e-04
-1.910000e+00	3.087636e-04
-1.907500e+00	3.148097e-04
-1.905000e+00	3.215805e-04
-1.902500e+00	3.291841e-04
-1.900000e+00	3.377501e-04
-1.897500e+00	3.474356e-04
-1.895000e+00	3.584317e-04
-1.892500e+00	3.709725e-04
-1.890000e+00	3.853480e-04
-1.887500e+00	4.019193e-04
-1.885000e+00	4.211412e-04
-1.882500e+00	4.435916e-04
-1.880000e+00	4.700128e-04
-1.877500e+00	5.013696e-04
-1.875000e+00	5.389307e-04
-1.872500e+00	5.843863e-04
-1.870000e+00	6.400194e-04
-1.867500e+00	7.089564e-04
-1.865000e+00	7.955382e-04
-1.862500e+00	9.058682e-04
-1.860000e+00	1.048608e-03
-1.857500e+00	1.236075e-03
-1.855000e+00	1.485531e-03
-1.852500e+00	1.819958e-03
-1.850000e+00	2.265650e-03
-1.847500e+00	2.839096e-03
-1.845000e+00	3.508864e-03
-1.842500e+00	4.131080e-03
-1.840000e+00	4.443689e-03
-1.837500e+00	4.263712e-03
-1.835000e+00	3.701395e-03
-1.832500e+00	3.025449e-03
-1.830000e+00	2.419372e-03
-1.827500e+00	1.939545e-03
-1.825000e+00	1.577667e-03
-1.822500e+00	1.308110e-03
-1.820000e+00	1.106453e-03
-1.817500e+00	9.538349e-04
-1.815000e+00	8.366766e-04
-1.812500e+00	7.454097e-04
-1.810000e+00	6.733026e-04
-1.807500e+00	6.155823e-04
-1.805000e+00	5.688243e-04
-1.802500e+00	5.305377e-04
-1.800000e+00	4.988854e-04
-1.797500e+00	4.724938e-04
-1.795000e+00	4.503221e-04
-1.792500e+00	4.315722e-04
-1.790000e+00	4.156248e-04
-1.787500e+00	4.019940e-04
-1.785000e+00	3.902947e-04
-1.782500e+00	3.802191e-04
-1.780000e+00	3.715188e-04
-1.777500e+00	3.639915e-04
-1.775000e+00	3.574717e-04
-1.772500e+00	3.518228e-04
-1.770000e+00	3.469310e-04
-1.767500e+00	3.427016e-04
-1.765000e+00	3.390547e-04
-1.762500e+00	3.359228e-04
-1.760000e+00	3.332488e-04
-1.757500e+00	3.309837e-04
-1.755000e+00	3.290858e-04
-1.752500e+00	3.275189e-04
-1.750000e+00	3.262522e-04
-1.747500e+00	3.252585e-04
-1.745000e+00	3.245146e-04
-1.742500e+00	3.240000e-04
-1.740000e+00	3.236970e-04
-1.737500e+00	3.235900e-04
-1.735000e+00	3.236653e-04
-1.732500e+00	3.239109e-04
-1.730000e+00	3.243162e-04
-1.727500e+00	3.248719e-04
-1.725000e+00	3.255699e-04
-1.722500e+00	3.264028e-04
-1.720000e+00	3.273644e-04
-1.717500e+00	3.284490e-04
-1.715000e+00	3.296517e-04
-1.712500e+00	3.309682e-04
-1.710000e+00	3.323946e-04
-1.707500e+00	3.339276e-04
-1.705000e+00	3.355645e-04
-1.702500e+00	3.373026e-04
-1.700000e+00	3.391399e-04
-1.697500e+00	3.410746e-04
-1.695000e+00	3.431053e-04
-1.692500e+00	3.452306e-04
-1.690000e+00	3.474497e-04
-1.687500e+00	3.497617e-04
-1.685000e+00	3.521663e-04
-1.682500e+00	3.546632e-04
-1.680000e+00	3.572521e-04
-1.677500e+00	3.599332e-04
-1.675000e+00	3.627068e-04
-1.672500e+00	3.655732e-04
-1.670000e+00	3.685331e-04
-1.667500e+00	3.715871e-04
-1.665000e+00	3.747362e-04
-1.662500e+00	3.779813e-04
-1.660000e+00	3.813236e-04
-1.657500e+00	3.847645e-04
-1.655000e+00	3.883053e-04
-1.652500e+00	3.919476e-04
-1.650000e+00	3.956932e-04
-1.647500e+00	3.995437e-04
-1.645000e+00	4.035014e-04
-1.642500e+00	4.075681e-04
-1.640000e+00	4.117462e-04
-1.637500e+00	4.160380e-04
-1.635000e+00	4.204461e-04
-1.632500e+00	4.249730e-04
-1.630000e+00	4.296217e-04
-1.627500e+00	4.343951e-04
-1.625000e+00	4.392963e-04
-1.622500e+00	4.443285e-04
-1.620000e+00	4.494951e-04
-1.617500e+00	4.547999e-04
-1.615000e+00	4.602465e-04
-1.612500e+00	4.658389e-04
-1.610000e+00	4.715813e-04
-1.607500e+00	4.774779e-04
-1.605000e+00	4.835333e-04
-1.602500e+00	4.897523e-04
-1.600000e+00	4.961399e-04
-1.597500e+00	5.027011e-04
-1.595000e+00	5.094416e-04
-1.592500e+00	5.163669e-04
-1.590000e+00	5.234830e-04
-1.587500e+00	5.307962e-04
-1.585000e+00	5.383130e-04
-1.582500e+00	5.460402e-04
-1.580000e+00	5.539849e-04
-1.577500e+00	5.621547e-04
-1.575000e+00	5.705574e-04
-1.572500e+00	5.792011e-04
-1.570000e+00	5.880945e-04
-1.567500e+00	5.972467e-04
-1.565000e+00	6.066670e-04
-1.562500e+00	6.163653e-04
-1.560000e+00	6.263522e-04
-1.557500e+00	6.366384e-04
-1.555000e+00	6.472355e-04
-1.552500e+00	6.581555e-04
-1.550000e+00	6.694111e-04
-1.547500e+00	6.810155e-04
-1.545000e+00	6.929827e-04
-1.542500e+00	7.053274e-04
-1.540000e+00	7.180652e-04
-1.537500e+00	7.312124e-04
-1.535000e+00	7.447860e-04
-1.532500e+00	7.588043e-04
-1.530000e+00	7.732864e-04
-1.527500e+00	7.882523e-04
-1.525000e+00	8.037234e-04
-1.522500e+00	8.197222e-04
-1.520000e+00	8.362725e-04
-1.517500e+00	8.533993e-04
-1.515000e+00	8.711293e-04
-1.512500e+00	8.894907e-04
-1.510000e+00	9.085133e-04
-1.507500e+00	9.282288e-04
-1.505000e+00	9.486708e-04
-1.502500e+00	9.698750e-04
-1.500000e+00	9.918792e-04
-1.497500e+00	1.014724e-03
-1.495000e+00	1.038451e-03
-1.492500e+00	1.063108e-03
-1.490000e+00	1.088743e-03
-1.487500e+00	1.115406e-03
-1.485000e+00	1.143155e-03
-1.482500e+00	1.172048e-03
-1.480000e+00	1.202148e-03
-1.477500e+00	1.233524e-03
-1.475000e+00	1.266248e-03
-1.472500e+00	1.300397e-03
-1.470000e+00	1.336056e-03
-1.467500e+00	1.373314e-03
-1.465000e+00	1.412268e-03
-1.462500e+00	1.453022e-03
-1.460000e+00	1.495687e-03
-1.457500e+00	1.540386e-03
-1.455000e+00	1.587249e-03
-1.452500e+00	1.636416e-03
-1.450000e+00	1.688042e-03
-1.447500e+00	1.742293e-03
-1.445000e+00	1.799349e-03
-1.442500e+00	1.859405e-03
-1.440000e+00	1.922677e-03
-1.437500e+00	1.989396e-03
-1.435000e+00	2.059817e-03
-1.432500e+00	2.134218e-03
-1.430000e+00	2.212905e-03
-1.427500e+00	2.296211e-03
-1.425000e+00	2.384505e-03
-1.422500e+00	2.478192e-03
-1.420000e+00	2.577719e-03
-1.417500e+00	2.683580e-03
-1.415000e+00	2.796324e-03
-1.412500e+00	2.916557e-03
-1.410000e+00	3.044957e-03
-1.407500e+00	3.182277e-03
-1.405000e+00	3.329362e-03
-1.402500e+00	3.487156e-03
-1.400000e+00	3.656722e-03
-1.397500e+00	3.839255e-03
-1.395000e+00	4.036107e-03
-1.392500e+00	4.248811e-03
-1.390000e+00	4.479108e-03
-1.387500e+00	4.728985e-03
-1.385000e+00	5.000715e-03
-1.382500e+00	5.296910e-03
-1.380000e+00	5.620581e-03
-1.377500e+00	5.975216e-03
-1.375000e+00	6.364870e-03
-1.372500e+00	6.794280e-03
-1.370000e+00	7.269005e-03
-1.367500e+00	7.795603e-03
-1.365000e+00	8.381854e-03
-1.362500e+00	9.037040e-03
-1.360000e+00	9.772298e-03
-1.357500e+00	1.060109e-02
-1.355000e+00	1.153978e-02
-1.352500e+00	1.260846e-02
-1.350000e+00	1.383192e-02
-1.347500e+00	1.524107e-02
-1.345000e+00	1.687480e-02
-1.342500e+00	1.878251e-02
-1.340000e+00	2.102762e-02
-1.337500e+00	2.369253e-02
-1.335000e+00	2.688551e-02
-1.332500e+00	3.075079e-02
-1.330000e+00	3.548303e-02
-1.327500e+00	4.134872e-02
-1.325000e+00	4.871766e-02
-1.322500e+00	5.810964e-02
-1.320000e+00	7.026212e-02
-1.317500e+00	8.622386e-02
-1.315000e+00	1.074662e-01
-1.312500e+00	1.359533e-01
-1.310000e+00	1.739511e-01
-1.307500e+00	2.229460e-01
-1.305000e+00	2.804528e-01
-1.302500e+00	3.344776e-01
-1.300000e+00	3.626172e-01
-1.297500e+00	3.484705e-01
-1.295000e+00	3.006998e-01
-1.292500e+00	2.424058e-01
-1.290000e+00	1.897990e-01
-1.287500e+00	1.480255e-01
-1.285000e+00	1.164743e-01
-1.282500e+00	9.295119e-02
-1.280000e+00	7.533876e-02
-1.277500e+00	6.199554e-02
-1.275000e+00	5.173798e-02
-1.272500e+00	4.373189e-02
-1.270000e+00	3.739049e-02
-1.267500e+00	3.229785e-02
-1.265000e+00	2.815569e-02
-1.262500e+00	2.474711e-02
-1.260000e+00	2.191224e-02
-1.257500e+00	1.953158e-02
-1.255000e+00	1.751463e-02
-1.252500e+00	1.579198e-02
-1.250000e+00	1.430980e-02
-1.247500e+00	1.302588e-02
-1.245000e+00	1.190675e-02
-1.242500e+00	1.092566e-02
-1.240000e+00	1.006102e-02
-1.237500e+00	9.295269e-03
-1.235000e+00	8.613997e-03
-1.232500e+00	8.005318e-03
-1.230000e+00	7.459349e-03
-1.227500e+00	6.967822e-03
-1.225000e+00	6.523779e-03
-1.222500e+00	6.121336e-03
-1.220000e+00	5.755485e-03
-1.217500e+00	5.421949e-03
-1.215000e+00	5.117055e-03
-1.212500e+00	4.837633e-03
-1.210000e+00	4.580940e-03
-1.207500e+00	4.344592e-03
-1.205000e+00	4.126508e-03
-1.202500e+00	3.924864e-03
-1.200000e+00	3.738059e-03
-1.197500e+00	3.564683e-03
-1.195000e+00	3.403487e-03
-1.192500e+00	3.253366e-03
-1.190000e+00	3.113335e-03
-1.187500e+00	2.982517e-03
-1.185000e+00	2.860130e-03
-1.182500e+00	2.745470e-03
-1.180000e+00	2.637907e-03
-1.177500e+00	2.536875e-03
-1.175000e+00	2.441861e-03
-1.172500e+00	2.352403e-03
-1.170000e+00	2.268081e-03
-1.167500e+00	2.188518e-03
-1.165000e+00	2.113366e-03
-1.162500e+00	2.042312e-03
-1.160000e+00	1.975070e-03
-1.157500e+00	1.911378e-03
-1.155000e+00	1.850995e-03
-1.152500e+00	1.793704e-03
-1.150000e+00	1.739303e-03
-1.147500e+00	1.687607e-03
-1.145000e+00	1.638445e-03
-1.142500e+00	1.591663e-03
-1.140000e+00	1.547115e-03
-1.137500e+00	1.504668e-03
-1.135000e+00	1.464199e-03
-1.132500e+00	1.425595e-03
-1.130000e+00	1.388749e-03
-1.127500e+00	1.353566e-03
-1.125000e+00	1.319953e-03
-1.122500e+00	1.287827e-03
-1.120000e+00	1.257111e-03
-1.117500e+00	1.227731e-03
-1.115000e+00	1.199621e-03
-1.112500e+00	1.172718e-03
-1.110000e+00	1.146965e-03
-1.107500e+00	1.122306e-03
-1.105000e+00	1.098693e-03
-1.102500e+00	1.076078e-03
-1.100000e+00	1.054419e-03
-1.097500e+00	1.033675e-03
-1.095000e+00	1.013810e-03
-1.092500e+00	9.947884e-04
-1.090000e+00	9.765796e-04
-1.087500e+00	9.591544e-04
-1.085000e+00	9.424865e-04
-1.082500e+00	9.265516e-04
-1.080000e+00	9.113281e-04
-1.077500e+00	8.967966e-04
-1.075000e+00	8.829398e-04
-1.072500e+00	8.697428e-04
-1.070000e+00	8.571931e-04
-1.067500e+00	8.452803e-04
-1.065000e+00	8.339966e-04
-1.062500e+00	8.233365e-04
-1.060000e+00	8.132972e-04
-1.057500e+00	8.038786e-04
-1.055000e+00	7.950838e-04
-1.052500e+00	7.869188e-04
-1.050000e+00	7.793933e-04
-1.047500e+00	7.725209e-04
-1.045000e+00	7.663195e-04
-1.042500e+00	7.608119e-04
-1.040000e+00	7.560266e-04
-1.037500e+00	7.519981e-04
-1.035000e+00	7.487687e-04
-1.032500e+00	7.463889e-04
-1.030000e+00	7.449194e-04
-1.027500e+00	7.444325e-04
-1.025000e+00	7.450146e-04
-1.022500e+00	7.467687e-04
-1.020000e+00	7.498180e-04
-1.017500e+00	7.543100e-04
-1.015000e+00	7.604219e-04
-1.012500e+00	7.683675e-04
-1.010000e+00	7.784059e-04
-1.007500e+00	7.908529e-04
-1.005000e+00	8.060955e-04
-1.002500e+00	8.246115e-04
-1.000000e+00	8.469951e-04
-9.975000e-01	8.739912e-04
-9.950000e-01	9.065425e-04
-9.925000e-01	9.458535e-04
-9.900000e-01	9.934795e-04
-9.875000e-01	1.051452e-03
-9.850000e-01	1.122458e-03
-9.825000e-01	1.210097e-03
-9.800000e-01	1.319256e-03
-9.775000e-01	1.456669e-03
-9.750000e-01	1.631731e-03
-9.725000e-01	1.857706e-03
-9.700000e-01	2.153462e-03
-9.675000e-01	2.545746e-03
-9.650000e-01	3.071562e-03
-9.625000e-01	3.778269e-03
-9.600000e-01	4.713679e-03
-9.575000e-01	5.886583e-03
-9.550000e-01	7.170485e-03
-9.525000e-01	8.190108e-03
-9.500000e-01	8.438502e-03
-9.475000e-01	7.760560e-03
-9.450000e-01	6.544353e-03
-9.425000e-01	5.276618e-03
-9.400000e-01	4.205673e-03
-9.375000e-01	3.377409e-03
-9.350000e-01	2.756381e-03
-9.325000e-01	2.292521e-03
-9.300000e-01	1.943080e-03
-9.275000e-01	1.676198e-03
-9.250000e-01	1.469199e-03
-9.225000e-01	1.306145e-03
-9.200000e-01	1.175793e-03
-9.175000e-01	1.070140e-03
-9.150000e-01	9.834133e-04
-9.125000e-01	9.113910e-04
-9.100000e-01	8.509428e-04
-9.075000e-01	7.997158e-04
-9.050000e-01	7.559185e-04
-9.025000e-01	7.181703e-04
-9.000000e-01	6.853947e-04
-8.975000e-01	6.567438e-04
-8.950000e-01	6.315430e-04
-8.925000e-01	6.092505e-04
-8.900000e-01	5.894274e-04
-8.875000e-01	5.717156e-04
-8.850000e-01	5.558201e-04
-8.825000e-01	5.414970e-04
-8.800000e-01	5.285426e-04
-8.775000e-01	5.167862e-04
-8.750000e-01	5.060836e-04
-8.725000e-01	4.963126e-04
-8.700000e-01	4.873691e-04
-8.675000e-01	4.791636e-04
-8.650000e-01	4.716193e-04
-8.625000e-01	4.646699e-04
-8.600000e-01	4.582576e-04
-8.575000e-01	4.523323e-04
-8.550000e-01	4.468502e-04
-8.525000e-01	4.417727e-04
-8.500000e-01	4.370659e-04
-8.475000e-01	4.327002e-04
-8.450000e-01	4.286489e-04
-8.425000e-01	4.248887e-04
-8.400000e-01	4.213987e-04
-8.375000e-01	4.181604e-04
-8.350000e-01	4.151571e-04
-8.325000e-01	4.123741e-04
-8.300000e-01	4.097980e-04
-8.275000e-01	4.074169e-04
-8.250000e-01	4.052200e-04
-8.225000e-01	4.031978e-04
-8.200000e-01	4.013415e-04
-8.175000e-01	3.996433e-04
-8.150000e-01	3.980962e-04
-8.125000e-01	3.966937e-04
-8.100000e-01	3.954302e-04
-8.075000e-01	3.943004e-04
-8.050000e-01	3.932998e-04
-8.025000e-01	3.924242e-04
-8.000000e-01	3.916697e-04
-7.975000e-01	3.910331e-04
-7.950000e-01	3.905113e-04
-7.925000e-01	3.901018e-04
-7.900000e-01	3.898022e-04
-7.875000e-01	3.896103e-04
-7.850000e-01	3.895246e-04
-7.825000e-01	3.895434e-04
-7.800000e-01	3.896654e-04
-7.775000e-01	3.898896e-04
-7.750000e-01	3.902152e-04
-7.725000e-01	3.906415e-04
-7.700000e-01	3.911681e-04
-7.675000e-01	3.917947e-04
-7.650000e-01	3.925214e-04
-7.625000e-01	3.933481e-04
-7.600000e-01	3.942752e-04
-7.575000e-01	3.953032e-04
-7.550000e-01	3.964327e-04
-7.525000e-01	3.976645e-04
-7.500000e-01	3.989996e-04
-7.475000e-01	4.004392e-04
-7.450000e-01	4.019844e-04
-7.425000e-01	4.036369e-04
-7.400000e-01	4.053984e-04
-7.375000e-01	4.072705e-04
-7.350000e-01	4.092554e-04
-7.325000e-01	4.113553e-04
-7.300000e-01	4.135725e-04
-7.275000e-01	4.159096e-04
-7.250000e-01	4.183695e-04
-7.225000e-01	4.209552e-04
-7.200000e-01	4.236699e-04
-7.175000e-01	4.265171e-04
-7.150000e-01	4.295004e-04
-7.125000e-01	4.326239e-04
-7.100000e-01	4.358918e-04
-7.075000e-01	4.393086e-04
-7.050000e-01	4.428790e-04
-7.025000e-01	4.466083e-04
-7.000000e-01	4.505019e-04
-6.975000e-01	4.545657e-04
-6.950000e-01	4.588057e-04
-6.925000e-01	4.632286e-04
-6.900000e-01	4.678414e-04
-6.875000e-01	4.726515e-04
-6.850000e-01	4.776670e-04
-6.825000e-01	4.828962e-04
-6.800000e-01	4.883483e-04
-6.775000e-01	4.940328e-04
-6.750000e-01	4.999600e-04
-6.725000e-01	5.061408e-04
-6.700000e-01	5.125869e-04
-6.675000e-01	5.193108e-04
-6.650000e-01	5.263258e-04
-6.625000e-01	5.336463e-04
-6.600000e-01	5.412874e-04
-6.575000e-01	5.492655e-04
-6.550000e-01	5.575982e-04
-6.525000e-01	5.663042e-04
-6.500000e-01	5.754038e-04
-6.475000e-01	5.849187e-04
-6.450000e-01	5.948723e-04
-6.425000e-01	6.052896e-04
-6.400000e-01	6.161979e-04
-6.375000e-01	6.276265e-04
-6.350000e-01	6.396069e-04
-6.325000e-01	6.521733e-04
-6.300000e-01	6.653630e-04
-6.275000e-01	6.792160e-04
-6.250000e-01	6.937761e-04
-6.225000e-01	7.090907e-04
-6.200000e-01	7.252116e-04
-6.175000e-01	7.421951e-04
-6.150000e-01	7.601029e-04
-6.125000e-01	7.790023e-04
-6.100000e-01	7.989673e-04
-6.075000e-01	8.200788e-04
-6.050000e-01	8.424261e-04
-6.025000e-01	8.661074e-04
-6.000000e-01	8.912310e-04
-5.975000e-01	9.179170e-04
-5.950000e-01	9.462982e-04
-5.925000e-01	9.765222e-04
-5.900000e-01	1.008753e-03
-5.875000e-01	1.043175e-03
-5.850000e-01	1.079993e-03
-5.825000e-01	1.119436e-03
-5.800000e-01	1.161764e-03
-5.775000e-01	1.207268e-03
-5.750000e-01	1.256278e-03
-5.725000e-01	1.309169e-03
-5.700000e-01	1.366366e-03
-5.675000e-01	1.428356e-03
-5.650000e-01	1.495698e-03
-5.625000e-01	1.569031e-03
-5.600000e-01	1.649098e-03
-5.575000e-01	1.736758e-03
-5.550000e-01	1.833011e-03
-5.525000e-01	1.939031e-03
-5.500000e-01	2.056195e-03
-5.475000e-01	2.186134e-03
-5.450000e-01	2.330786e-03
-5.425000e-01	2.492469e-03
-5.400000e-01	2.673975e-03
-5.375000e-01	2.878686e-03
-5.350000e-01	3.110733e-03
-5.325000e-01	3.375197e-03
-5.300000e-01	3.678380e-03
-5.275000e-01	4.028172e-03
-5.250000e-01	4.434544e-03
-5.225000e-01	4.910222e-03
-5.200000e-01	5.471639e-03
-5.175000e-01	6.140252e-03
-5.150000e-01	6.944447e-03
-5.125000e-01	7.922263e-03
-5.100000e-01	9.125394e-03
-5.075000e-01	1.062507e-02
-5.050000e-01	1.252076e-02
-5.025000e-01	1.495301e-02
-5.000000e-01	1.812167e-02
-4.975000e-01	2.230991e-02
-4.950000e-01	2.790822e-02
-4.925000e-01	3.541210e-02
-4.900000e-01	4.530722e-02
-4.875000e-01	5.762988e-02
-4.850000e-01	7.092976e-02
-4.825000e-01	8.114842e-02
-4.800000e-01	8.310631e-02
-4.775000e-01	7.559760e-02
-4.750000e-01	6.288438e-02
-4.725000e-01	4.989530e-02
-4.700000e-01	3.902293e-02
-4.675000e-01	3.065149e-02
-4.650000e-01	2.438968e-02
-4.625000e-01	1.972075e-02
-4.600000e-01	1.620980e-02
-4.575000e-01	1.353429e-02
-4.550000e-01	1.146506e-02
-4.525000e-01	9.841018e-03
-4.500000e-01	8.548527e-03
-4.475000e-01	7.506619e-03
-4.450000e-01	6.656858e-03
-4.425000e-01	5.956479e-03
-4.400000e-01	5.373753e-03
-4.375000e-01	4.884821e-03
-4.350000e-01	4.471511e-03
-4.325000e-01	4.119817e-03
-4.300000e-01	3.818826e-03
-4.275000e-01	3.559944e-03
-4.250000e-01	3.336340e-03
-4.225000e-01	3.142535e-03
-4.200000e-01	2.974104e-03
-4.175000e-01	2.827440e-03
-4.150000e-01	2.699590e-03
-4.125000e-01	2.588118e-03
-4.100000e-01	2.491005e-03
-4.075000e-01	2.406574e-03
-4.050000e-01	2.333420e-03
-4.025000e-01	2.270369e-03
-4.000000e-01	2.216435e-03
-3.975000e-01	2.170791e-03
-3.950000e-01	2.132745e-03
-3.925000e-01	2.101718e-03
-3.900000e-01	2.077228e-03
-3.875000e-01	2.058880e-03
-3.850000e-01	2.046353e-03
-3.825000e-01	2.039392e-03
-3.800000e-01	2.037803e-03
-3.775000e-01	2.041447e-03
-3.750000e-01	2.050235e-03
-3.725000e-01	2.064127e-03
-3.700000e-01	2.083130e-03
-3.675000e-01	2.107295e-03
-3.650000e-01	2.136722e-03
-3.625000e-01	2.171554e-03
-3.600000e-01	2.211985e-03
-3.575000e-01	2.258259e-03
-3.550000e-01	2.310676e-03
-3.525000e-01	2.369595e-03
-3.500000e-01	2.435440e-03
-3.475000e-01	2.508707e-03
-3.450000e-01	2.589976e-03
-3.425000e-01	2.679918e-03
-3.400000e-01	2.779310e-03
-3.375000e-01	2.889052e-03
-3.350000e-01	3.010183e-03
-3.325000e-01	3.143907e-03
-3.300000e-01	3.291620e-03
-3.275000e-01	3.454947e-03
-3.250000e-01	3.635781e-03
-3.225000e-01	3.836335e-03
-3.200000e-01	4.059211e-03
-3.175000e-01	4.307475e-03
-3.150000e-01	4.584763e-03
-3.125000e-01	4.895402e-03
-3.100000e-01	5.244576e-03
-3.075000e-01	5.638530e-03
-3.050000e-01	6.084840e-03
-3.025000e-01	6.592755e-03
-3.000000e-01	7.173660e-03
-2.975000e-01	7.841675e-03
-2.950000e-01	8.614478e-03
-2.925000e-01	9.514400e-03
-2.900000e-01	1.056994e-02
-2.875000e-01	1.181789e-02
-2.850000e-01	1.330625e-02
-2.825000e-01	1.509851e-02
-2.800000e-01	1.727968e-02
-2.775000e-01	1.996522e-02
-2.750000e-01	2.331415e-02
-2.725000e-01	2.754837e-02
-2.700000e-01	3.298127e-02
-2.675000e-01	4.005844e-02
-2.650000e-01	4.941160e-02
-2.625000e-01	6.191386e-02
-2.600000e-01	7.868036e-02
-2.575000e-01	1.008287e-01
-2.550000e-01	1.285344e-01
-2.525000e-01	1.587470e-01
-2.500000e-01	1.825537e-01
-2.475000e-01	1.880861e-01
-2.450000e-01	1.719331e-01
-2.425000e-01	1.433539e-01
-2.400000e-01	1.137156e-01
-2.375000e-01	8.874432e-02
-2.350000e-01	6.946329e-02
-2.325000e-01	5.502560e-02
-2.300000e-01	4.425644e-02
-2.275000e-01	3.615659e-02
-2.250000e-01	2.998225e-02
-2.225000e-01	2.520436e-02
-2.200000e-01	2.145098e-02
-2.175000e-01	1.845979e-02
-2.150000e-01	1.604401e-02
-2.125000e-01	1.406888e-02
-2.100000e-01	1.243584e-02
-2.075000e-01	1.107181e-02
-2.050000e-01	9.921827e-03
-2.025000e-01	8.944067e-03
-2.000000e-01	8.106279e-03
-1.975000e-01	7.383326e-03
-1.950000e-01	6.755408e-03
-1.925000e-01	6.206769e-03
-1.900000e-01	5.724760e-03
-1.875000e-01	5.299138e-03
-1.850000e-01	4.921541e-03
-1.825000e-01	4.585093e-03
-1.800000e-01	4.284100e-03
-1.775000e-01	4.013816e-03
-1.750000e-01	3.770261e-03
-1.725000e-01	3.550078e-03
-1.700000e-01	3.350423e-03
-1.675000e-01	3.168869e-03
-1.650000e-01	3.003341e-03
-1.625000e-01	2.852053e-03
-1.600000e-01	2.713463e-03
-1.575000e-01	2.586234e-03
-1.550000e-01	2.469202e-03
-1.525000e-01	2.361351e-03
-1.500000e-01	2.261790e-03
-1.475000e-01	2.169737e-03
-1.450000e-01	2.084502e-03
-1.425000e-01	2.005476e-03
-1.400000e-01	1.932117e-03
-1.375000e-01	1.863946e-03
-1.350000e-01	1.800535e-03
-1.325000e-01	1.741505e-03
-1.300000e-01	1.686513e-03
-1.275000e-01	1.635255e-03
-1.250000e-01	1.587458e-03
-1.225000e-01	1.542878e-03
-1.200000e-01	1.501295e-03
-1.175000e-01	1.462510e-03
-1.150000e-01	1.426346e-03
-1.125000e-01	1.392645e-03
-1.100000e-01	1.361262e-03
-1.075000e-01	1.332071e-03
-1.050000e-01	1.304957e-03
-1.025000e-01	1.279817e-03
-1.000000e-01	1.256561e-03
-9.750000e-02	1.235110e-03
-9.500000e-02	1.215394e-03
-9.250000e-02	1.197353e-03
-9.000000e-02	1.180935e-03
-8.750000e-02	1.166099e-03
-8.500000e-02	1.152810e-03
-8.250000e-02	1.141042e-03
-8.000000e-02	1.130779e-03
-7.750000e-02	1.122011e-03
-7.500000e-02	1.114737e-03
-7.250000e-02	1.108966e-03
-7.000000e-02	1.104715e-03
-6.750000e-02	1.102011e-03
-6.500000e-02	1.100890e-03
-6.250000e-02	1.101401e-03
-6.000000e-02	1.103604e-03
-5.750000e-02	1.107574e-03
-5.500000e-02	1.113398e-03
-5.250000e-02	1.121181e-03
-5.000000e-02	1.131049e-03
-4.750000e-02	1.143147e-03
-4.500000e-02	1.157644e-03
-4.250000e-02	1.174741e-03
-4.000000e-02	1.194669e-03
-3.750000e-02	1.217699e-03
-3.500000e-02	1.244147e-03
-3.250000e-02	1.274383e-03
-3.000000e-02	1.308841e-03
-2.750000e-02	1.348034e-03
-2.500000e-02	1.392564e-03
-2.250000e-02	1.443148e-03
-2.000000e-02	1.500639e-03
-1.750000e-02	1.566060e-03
-1.500000e-02	1.640642e-03
-1.250000e-02	1.725878e-03
-1.000000e-02	1.823588e-03
-7.500000e-03	1.936010e-03
-5.000000e-03	2.065918e-03
-2.500000e-03	2.216776e-03
9.379164e-13	2.392951e-03
2.500000e-03	2.600007e-03
5.000000e-03	2.845104e-03
7.500000e-03	3.137566e-03
1.000000e-02	3.489682e-03
1.250000e-02	3.917863e-03
1.500000e-02	4.444325e-03
1.750000e-02	5.099562e-03
2.000000e-02	5.926008e-03
2.250000e-02	6.983438e-03
2.500000e-02	8.356766e-03
2.750000e-02	1.016662e-02
3.000000e-02	1.258125e-02
3.250000e-02	1.582128e-02
3.500000e-02	2.012767e-02
3.750000e-02	2.561271e-02
4.000000e-02	3.185780e-02
4.250000e-02	3.731854e-02
4.500000e-02	3.951238e-02
4.750000e-02	3.711843e-02
5.000000e-02	3.156803e-02
5.250000e-02	2.533334e-02
5.500000e-02	1.989862e-02
5.750000e-02	1.564476e-02
6.000000e-02	1.244713e-02
6.250000e-02	1.006380e-02
6.500000e-02	8.276332e-03
6.750000e-02	6.918900e-03
7.000000e-02	5.872791e-03
7.250000e-02	5.054463e-03
7.500000e-02	4.405097e-03
7.750000e-02	3.882917e-03
8.000000e-02	3.457883e-03
8.250000e-02	3.108101e-03
8.500000e-02	2.817388e-03
8.750000e-02	2.573620e-03
9.000000e-02	2.367594e-03
9.250000e-02	2.192242e-03
9.500000e-02	2.042073e-03
9.750000e-02	1.912773e-03
1.000000e-01	1.800925e-03
1.025000e-01	1.703793e-03
1.050000e-01	1.619174e-03
1.075000e-01	1.545274e-03
1.100000e-01	1.480629e-03
1.125000e-01	1.424033e-03
1.150000e-01	1.374489e-03
1.175000e-01	1.331168e-03
1.200000e-01	1.293380e-03
1.225000e-01	1.260547e-03
1.250000e-01	1.232187e-03
1.275000e-01	1.207896e-03
1.300000e-01	1.187335e-03
1.325000e-01	1.170225e-03
1.350000e-01	1.156333e-03
1.375000e-01	1.145469e-03
1.400000e-01	1.137483e-03
1.425000e-01	1.132255e-03
1.450000e-01	1.129698e-03
1.475000e-01	1.129753e-03
1.500000e-01	1.132386e-03
1.525000e-01	1.137590e-03
1.550000e-01	1.145383e-03
1.575000e-01	1.155807e-03
1.600000e-01	1.168929e-03
1.625000e-01	1.184843e-03
1.650000e-01	1.203671e-03
1.675000e-01	1.225566e-03
1.700000e-01	1.250712e-03
1.725000e-01	1.279330e-03
1.750000e-01	1.311683e-03
1.775000e-01	1.348078e-03
1.800000e-01	1.388876e-03
1.825000e-01	1.434500e-03
1.850000e-01	1.485443e-03
1.875000e-01	1.542280e-03
1.900000e-01	1.605687e-03
1.925000e-01	1.676454e-03
1.950000e-01	1.755512e-03
1.975000e-01	1.843959e-03
2.000000e-01	1.943098e-03
2.025000e-01	2.054479e-03
2.050000e-01	2.179958e-03
2.075000e-01	2.321769e-03
2.100000e-01	2.482620e-03
2.125000e-01	2.665809e-03
2.150000e-01	2.875391e-03
2.175000e-01	3.116385e-03
2.200000e-01	3.395055e-03
2.225000e-01	3.719301e-03
2.250000e-01	4.099174e-03
2.275000e-01	4.547602e-03
2.300000e-01	5.081413e-03
2.325000e-01	5.722768e-03
2.350000e-01	6.501243e-03
2.375000e-01	7.456846e-03
2.400000e-01	8.644456e-03
2.425000e-01	1.014039e-02
2.450000e-01	1.205209e-02
2.475000e-01	1.453216e-02
2.500000e-01	1.779742e-02
2.525000e-01	2.215081e-02
2.550000e-01	2.799146e-02
2.575000e-01	3.576187e-02
2.600000e-01	4.569137e-02
2.625000e-01	5.708809e-02
2.650000e-01	6.724552e-02
2.675000e-01	7.164487e-02
2.700000e-01	6.765558e-02
2.725000e-01	5.767893e-02
2.750000e-01	4.625526e-02
2.775000e-01	3.621594e-02
2.800000e-01	2.833114e-02
2.825000e-01	2.239714e-02
2.850000e-01	1.797345e-02
2.875000e-01	1.465640e-02
2.900000e-01	1.213804e-02
2.925000e-01	1.019756e-02
2.950000e-01	8.679525e-03
2.975000e-01	7.474501e-03
3.000000e-01	6.504813e-03
3.025000e-01	5.714640e-03
3.050000e-01	5.063314e-03
3.075000e-01	4.520792e-03
3.100000e-01	4.064573e-03
3.125000e-01	3.677586e-03
3.150000e-01	3.346717e-03
3.175000e-01	3.061775e-03
3.200000e-01	2.814756e-03
3.225000e-01	2.599307e-03
3.250000e-01	2.410342e-03
3.275000e-01	2.243752e-03
3.300000e-01	2.096189e-03
3.325000e-01	1.964907e-03
3.350000e-01	1.847634e-03
3.375000e-01	1.742482e-03
3.400000e-01	1.647869e-03
3.425000e-01	1.562464e-03
3.450000e-01	1.485139e-03
3.475000e-01	1.414935e-03
3.500000e-01	1.351032e-03
3.525000e-01	1.292724e-03
3.550000e-01	1.239405e-03
3.575000e-01	1.190548e-03
3.600000e-01	1.145695e-03
3.625000e-01	1.104446e-03
3.650000e-01	1.066452e-03
3.675000e-01	1.031407e-03
3.700000e-01	9.990382e-04
3.725000e-01	9.691085e-04
3.750000e-01	9.414055e-04
3.775000e-01	9.157415e-04
3.800000e-01	8.919491e-04
3.825000e-01	8.698793e-04
3.850000e-01	8.493985e-04
3.875000e-01	8.303875e-04
3.900000e-01	8.127392e-04
3.925000e-01	7.963574e-04
3.950000e-01	7.811557e-04
3.975000e-01	7.670561e-04
4.000000e-01	7.539886e-04
4.025000e-01	7.418898e-04
4.050000e-01	7.307026e-04
4.075000e-01	7.203756e-04
4.100000e-01	7.108622e-04
4.125000e-01	7.021206e-04
4.150000e-01	6.941131e-04
4.175000e-01	6.868057e-04
4.200000e-01	6.801679e-04
4.225000e-01	6.741726e-04
4.250000e-01	6.687954e-04
4.275000e-01	6.640147e-04
4.300000e-01	6.598117e-04
4.325000e-01	6.561696e-04
4.350000e-01	6.530742e-04
4.375000e-01	6.505132e-04
4.400000e-01	6.484764e-04
4.425000e-01	6.469558e-04
4.450000e-01	6.459449e-04
4.475000e-01	6.454393e-04
4.500000e-01	6.454363e-04
4.525000e-01	6.459349e-04
4.550000e-01	6.469360e-04
4.575000e-01	6.484422e-04
4.600000e-01	6.504580e-04
4.625000e-01	6.529895e-04
4.650000e-01	6.560447e-04
4.675000e-01	6.596336e-04
4.700000e-01	6.637683e-04
4.725000e-01	6.684627e-04
4.750000e-01	6.737329e-04
4.775000e-01	6.795976e-04
4.800000e-01	6.860777e-04
4.825000e-01	6.931968e-04
4.850000e-01	7.009812e-04
4.875000e-01	7.094604e-04
4.900000e-01	7.186670e-04
4.925000e-01	7.286373e-04
4.950000e-01	7.394115e-04
4.975000e-01	7.510339e-04
5.000000e-01	7.635537e-04
5.025000e-01	7.770251e-04
5.050000e-01	7.915080e-04
5.075000e-01	8.070686e-04
5.100000e-01	8.237802e-04
5.125000e-01	8.417239e-04
5.150000e-01	8.609894e-04
5.175000e-01	8.816764e-04
5.200000e-01	9.038955e-04
5.225000e-01	9.277697e-04
5.250000e-01	9.534360e-04
5.275000e-01	9.810475e-04
5.300000e-01	1.010775e-03
5.325000e-01	1.042811e-03
5.350000e-01	1.077370e-03
5.375000e-01	1.114694e-03
5.400000e-01	1.155057e-03
5.425000e-01	1.198770e-03
5.450000e-01	1.246182e-03
5.475000e-01	1.297696e-03
5.500000e-01	1.353766e-03
5.525000e-01	1.414919e-03
5.550000e-01	1.481755e-03
5.575000e-01	1.554972e-03
5.600000e-01	1.635375e-03
5.625000e-01	1.723905e-03
5.650000e-01	1.821660e-03
5.675000e-01	1.929932e-03
5.700000e-01	2.050247e-03
5.725000e-01	2.184419e-03
5.750000e-01	2.334613e-03
5.775000e-01	2.503436e-03
5.800000e-01	2.694039e-03
5.825000e-01	2.910267e-03
5.850000e-01	3.156842e-03
5.875000e-01	3.439611e-03
5.900000e-01	3.765879e-03
5.925000e-01	4.144862e-03
5.950000e-01	4.588295e-03
5.975000e-01	5.111294e-03
6.000000e-01	5.733555e-03
6.025000e-01	6.481052e-03
6.050000e-01	7.388506e-03
6.075000e-01	8.502954e-03
6.100000e-01	9.889025e-03
6.125000e-01	1.163673e-02
6.150000e-01	1.387297e-02
6.175000e-01	1.677804e-02
6.200000e-01	2.060798e-02
6.225000e-01	2.571895e-02
6.250000e-01	3.257463e-02
6.275000e-01	4.166978e-02
6.300000e-01	5.319431e-02
6.325000e-01	6.615562e-02
6.350000e-01	7.716429e-02
6.375000e-01	8.106589e-02
6.400000e-01	7.549256e-02
6.425000e-01	6.374151e-02
6.450000e-01	5.088080e-02
6.475000e-01	3.979361e-02
6.500000e-01	3.115463e-02
6.525000e-01	2.466980e-02
6.550000e-01	1.983600e-02
6.575000e-01	1.620799e-02
6.600000e-01	1.344996e-02
6.625000e-01	1.132200e-02
6.650000e-01	9.655362e-03
6.675000e-01	8.331175e-03
6.700000e-01	7.264942e-03
6.725000e-01	6.395848e-03
6.750000e-01	5.679518e-03
6.775000e-01	5.083119e-03
6.800000e-01	4.582024e-03
6.825000e-01	4.157525e-03
6.850000e-01	3.795232e-03
6.875000e-01	3.483955e-03
6.900000e-01	3.214894e-03
6.925000e-01	2.981065e-03
6.950000e-01	2.776873e-03
6.975000e-01	2.597797e-03
7.000000e-01	2.440158e-03
7.025000e-01	2.300938e-03
7.050000e-01	2.177646e-03
7.075000e-01	2.068215e-03
7.100000e-01	1.970920e-03
7.125000e-01	1.884313e-03
7.150000e-01	1.807177e-03
7.175000e-01	1.738481e-03
7.200000e-01	1.677354e-03
7.225000e-01	1.623055e-03
7.250000e-01	1.574957e-03
7.275000e-01	1.532525e-03
7.300000e-01	1.495307e-03
7.325000e-01	1.462922e-03
7.350000e-01	1.435051e-03
7.375000e-01	1.411429e-03
7.400000e-01	1.391840e-03
7.425000e-01	1.376113e-03
7.450000e-01	1.364118e-03
7.475000e-01	1.355764e-03
7.500000e-01	1.350997e-03
7.525000e-01	1.349799e-03
7.550000e-01	1.352188e-03
7.575000e-01	1.358219e-03
7.600000e-01	1.367984e-03
7.625000e-01	1.381618e-03
7.650000e-01	1.399297e-03
7.675000e-01	1.421247e-03
7.700000e-01	1.447746e-03
7.725000e-01	1.479134e-03
7.750000e-01	1.515820e-03
7.775000e-01	1.558294e-03
7.800000e-01	1.607139e-03
7.825000e-01	1.663051e-03
7.850000e-01	1.726856e-03
7.875000e-01	1.799544e-03
7.900000e-01	1.882293e-03
7.925000e-01	1.976519e-03
7.950000e-01	2.083930e-03
7.975000e-01	2.206590e-03
8.000000e-01	2.347018e-03
8.025000e-01	2.508299e-03
8.050000e-01	2.694242e-03
8.075000e-01	2.909591e-03
8.100000e-01	3.160299e-03
8.125000e-01	3.453910e-03
8.150000e-01	3.800080e-03
8.175000e-01	4.211308e-03
8.200000e-01	4.703958e-03
8.225000e-01	5.299733e-03
8.250000e-01	6.027794e-03
8.275000e-01	6.927867e-03
8.300000e-01	8.054837e-03
8.325000e-01	9.485526e-03
8.350000e-01	1.132864e-02
8.375000e-01	1.373884e-02
8.400000e-01	1.693471e-02
8.425000e-01	2.121503e-02
8.450000e-01	2.694929e-02
8.475000e-01	3.446744e-02
8.500000e-01	4.367585e-02
8.525000e-01	5.322957e-02
8.550000e-01	5.986182e-02
8.575000e-01	6.001607e-02
8.600000e-01	5.359455e-02
8.625000e-01	4.408006e-02
8.650000e-01	3.481027e-02
8.675000e-01	2.720604e-02
8.700000e-01	2.139460e-02
8.725000e-01	1.705347e-02
8.750000e-01	1.381140e-02
8.775000e-01	1.136602e-02
8.800000e-01	9.495558e-03
8.825000e-01	8.042990e-03
8.850000e-01	6.897947e-03
8.875000e-01	5.982454e-03
8.900000e-01	5.240832e-03
8.925000e-01	4.632794e-03
8.950000e-01	4.128782e-03
8.975000e-01	3.706808e-03
9.000000e-01	3.350295e-03
9.025000e-01	3.046584e-03
9.050000e-01	2.785894e-03
9.075000e-01	2.560582e-03
9.100000e-01	2.364612e-03
9.125000e-01	2.193174e-03
9.150000e-01	2.042397e-03
9.175000e-01	1.909140e-03
9.200000e-01	1.790838e-03
9.225000e-01	1.685375e-03
9.250000e-01	1.590997e-03
9.275000e-01	1.506242e-03
9.300000e-01	1.429881e-03
9.325000e-01	1.360877e-03
9.350000e-01	1.298349e-03
9.375000e-01	1.241548e-03
9.400000e-01	1.189831e-03
9.425000e-01	1.142644e-03
9.450000e-01	1.099510e-03
9.475000e-01	1.060015e-03
9.500000e-01	1.023799e-03
9.525000e-01	9.905463e-04
9.550000e-01	9.599828e-04
9.575000e-01	9.318667e-04
9.600000e-01	9.059857e-04
9.625000e-01	8.821524e-04
9.650000e-01	8.602017e-04
9.675000e-01	8.399871e-04
9.700000e-01	8.213793e-04
9.725000e-01	8.042636e-04
9.750000e-01	7.885384e-04
9.775000e-01	7.741136e-04
9.800000e-01	7.609098e-04
9.825000e-01	7.488565e-04
9.850000e-01	7.378921e-04
9.875000e-01	7.279622e-04
9.900000e-01	7.190196e-04
9.925000e-01	7.110237e-04
9.950000e-01	7.039396e-04
9.975000e-01	6.977383e-04
1.000000e+00	6.923959e-04
1.002500e+00	6.878938e-04
1.005000e+00	6.842182e-04
1.007500e+00	6.813601e-04
1.010000e+00	6.793154e-04
1.012500e+00	6.780847e-04
1.015000e+00	6.776735e-04
1.017500e+00	6.780925e-04
1.020000e+00	6.793573e-04
1.022500e+00	6.814894e-04
1.025000e+00	6.845159e-04
1.027500e+00	6.884705e-04
1.030000e+00	6.933937e-04
1.032500e+00	6.993336e-04
1.035000e+00	7.063468e-04
1.037500e+00	7.144994e-04
1.040000e+00	7.238679e-04
1.042500e+00	7.345411e-04
1.045000e+00	7.466214e-04
1.047500e+00	7.602269e-04
1.050000e+00	7.754938e-04
1.052500e+00	7.925795e-04
1.055000e+00	8.116658e-04
1.057500e+00	8.329634e-04
1.060000e+00	8.567168e-04
1.062500e+00	8.832107e-04
1.065000e+00	9.127779e-04
1.067500e+00	9.458084e-04
1.070000e+00	9.827617e-04
1.072500e+00	1.024181e-03
1.075000e+00	1.070713e-03
1.077500e+00	1.123129e-03
1.080000e+00	1.182358e-03
1.082500e+00	1.249524e-03
1.085000e+00	1.325994e-03
1.087500e+00	1.413449e-03
1.090000e+00	1.513966e-03
1.092500e+00	1.630137e-03
1.095000e+00	1.765224e-03
1.097500e+00	1.923379e-03
1.100000e+00	2.109934e-03
1.102500e+00	2.331822e-03
1.105000e+00	2.598166e-03
1.107500e+00	2.921127e-03
1.110000e+00	3.317137e-03
1.112500e+00	3.808713e-03
1.115000e+00	4.427132e-03
1.117500e+00	5.216389e-03
1.120000e+00	6.238938e-03
1.122500e+00	7.583564e-03
1.125000e+00	9.374593e-03
1.127500e+00	1.177702e-02
1.130000e+00	1.497787e-02
1.132500e+00	1.908839e-02
1.135000e+00	2.386444e-02
1.137500e+00	2.824605e-02
1.140000e+00	3.035403e-02
1.142500e+00	2.894435e-02
1.145000e+00	2.487436e-02
1.147500e+00	2.005906e-02
1.150000e+00	1.576910e-02
1.152500e+00	1.238095e-02
1.155000e+00	9.826735e-03
1.157500e+00	7.922934e-03
1.160000e+00	6.496883e-03
1.162500e+00	5.415787e-03
1.165000e+00	4.584152e-03
1.167500e+00	3.934716e-03
1.170000e+00	3.420149e-03
1.172500e+00	3.006882e-03
1.175000e+00	2.670814e-03
1.177500e+00	2.394410e-03
1.180000e+00	2.164729e-03
1.182500e+00	1.972089e-03
1.185000e+00	1.809154e-03
1.187500e+00	1.670293e-03
1.190000e+00	1.551136e-03
1.192500e+00	1.448251e-03
1.195000e+00	1.358922e-03
1.197500e+00	1.280971e-03
1.200000e+00	1.212644e-03
1.202500e+00	1.152511e-03
1.205000e+00	1.099403e-03
1.207500e+00	1.052351e-03
1.210000e+00	1.010554e-03
1.212500e+00	9.733386e-04
1.215000e+00	9.401414e-04
1.217500e+00	9.104852e-04
1.220000e+00	8.839651e-04
1.222500e+00	8.602355e-04
1.225000e+00	8.390008e-04
1.227500e+00	8.200067e-04
1.230000e+00	8.030338e-04
1.232500e+00	7.878926e-04
1.235000e+00	7.744183e-04
1.237500e+00	7.624678e-04
1.240000e+00	7.519167e-04
1.242500e+00	7.426560e-04
1.245000e+00	7.345908e-04
1.247500e+00	7.276382e-04
1.250000e+00	7.217257e-04
1.252500e+00	7.167900e-04
1.255000e+00	7.127761e-04
1.257500e+00	7.096360e-04
1.260000e+00	7.073285e-04
1.262500e+00	7.058179e-04
1.265000e+00	7.050737e-04
1.267500e+00	7.050705e-04
1.270000e+00	7.057871e-04
1.272500e+00	7.072061e-04
1.275000e+00	7.093141e-04
1.277500e+00	7.121011e-04
1.280000e+00	7.155606e-04
1.282500e+00	7.196890e-04
1.285000e+00	7.244859e-04
1.287500e+00	7.299537e-04
1.290000e+00	7.360979e-04
1.292500e+00	7.429268e-04
1.295000e+00	7.504515e-04
1.297500e+00	7.586862e-04
1.300000e+00	7.676478e-04
1.302500e+00	7.773564e-04
1.305000e+00	7.878353e-04
1.307500e+00	7.991109e-04
1.310000e+00	8.112133e-04
1.312500e+00	8.241761e-04
1.315000e+00	8.380367e-04
1.317500e+00	8.528368e-04
1.320000e+00	8.686226e-04
1.322500e+00	8.854449e-04
1.325000e+00	9.033601e-04
1.327500e+00	9.224298e-04
1.330000e+00	9.427223e-04
1.332500e+00	9.643124e-04
1.335000e+00	9.872826e-04
1.337500e+00	1.011723e-03
1.340000e+00	1.037735e-03
1.342500e+00	1.065426e-03
1.345000e+00	1.094919e-03
1.347500e+00	1.126348e-03
1.350000e+00	1.159859e-03
1.352500e+00	1.195618e-03
1.355000e+00	1.233804e-03
1.357500e+00	1.274620e-03
1.360000e+00	1.318289e-03
1.362500e+00	1.365061e-03
1.365000e+00	1.415214e-03
1.367500e+00	1.469059e-03
1.370000e+00	1.526947e-03
1.372500e+00	1.589271e-03
1.375000e+00	1.656473e-03
1.377500e+00	1.729055e-03
1.380000e+00	1.807584e-03
1.382500e+00	1.892707e-03
1.385000e+00	1.985161e-03
1.387500e+00	2.085788e-03
1.390000e+00	2.195559e-03
1.392500e+00	2.315591e-03
1.395000e+00	2.447179e-03
1.397500e+00	2.591828e-03
1.400000e+00	2.751297e-03
1.402500e+00	2.927650e-03
1.405000e+00	3.123322e-03
1.407500e+00	3.341204e-03
1.410000e+00	3.584740e-03
1.412500e+00	3.858069e-03
1.415000e+00	4.166189e-03
1.417500e+00	4.515182e-03
1.420000e+00	4.912505e-03
1.422500e+00	5.367372e-03
1.425000e+00	5.891267e-03
1.427500e+00	6.498640e-03
1.430000e+00	7.207850e-03
1.432500e+00	8.042471e-03
1.435000e+00	9.033128e-03
1.437500e+00	1.022009e-02
1.440000e+00	1.165698e-02
1.442500e+00	1.341622e-02
1.445000e+00	1.559695e-02
1.447500e+00	1.833679e-02
1.450000e+00	2.182922e-02
1.452500e+00	2.634877e-02
1.455000e+00	3.228580e-02
1.457500e+00	4.018769e-02
1.460000e+00	5.078402e-02
1.462500e+00	6.491250e-02
1.465000e+00	8.310910e-02
1.467500e+00	1.044085e-01
1.470000e+00	1.242920e-01
1.472500e+00	1.344392e-01
1.475000e+00	1.289187e-01
1.477500e+00	1.111098e-01
1.480000e+00	8.956524e-02
1.482500e+00	7.019438e-02
1.485000e+00	5.483906e-02
1.487500e+00	4.325145e-02
1.490000e+00	3.461758e-02
1.492500e+00	2.815757e-02
1.495000e+00	2.326837e-02
1.497500e+00	1.951560e-02
1.500000e+00	1.659340e-02
1.502500e+00	1.428682e-02
1.505000e+00	1.244382e-02
1.507500e+00	1.095569e-02
1.510000e+00	9.743926e-03
1.512500e+00	8.751260e-03
1.515000e+00	7.935743e-03
1.517500e+00	7.266727e-03
1.520000e+00	6.722219e-03
1.522500e+00	6.287220e-03
1.525000e+00	5.952827e-03
1.527500e+00	5.716000e-03
1.530000e+00	5.579996e-03
1.532500e+00	5.555512e-03
1.535000e+00	5.662481e-03
1.537500e+00	5.931911e-03
1.540000e+00	6.405155e-03
1.542500e+00	7.122225e-03
1.545000e+00	8.078999e-03
1.547500e+00	9.129163e-03
1.550000e+00	9.886293e-03
1.552500e+00	9.881107e-03
1.555000e+00	9.032039e-03
1.557500e+00	7.744581e-03
1.560000e+00	6.459681e-03
1.562500e+00	5.382386e-03
1.565000e+00	4.540604e-03
1.567500e+00	3.896099e-03
1.570000e+00	3.401045e-03
1.572500e+00	3.015600e-03
1.575000e+00	2.710240e-03
1.577500e+00	2.463924e-03
1.580000e+00	2.261773e-03
1.582500e+00	2.093217e-03
1.585000e+00	1.950649e-03
1.587500e+00	1.828522e-03
1.590000e+00	1.722725e-03
1.592500e+00	1.630165e-03
1.595000e+00	1.548480e-03
1.597500e+00	1.475837e-03
1.600000e+00	1.410801e-03
1.602500e+00	1.352228e-03
1.605000e+00	1.299199e-03
1.607500e+00	1.250966e-03
1.610000e+00	1.206915e-03
1.612500e+00	1.166534e-03
1.615000e+00	1.129399e-03
1.617500e+00	1.095149e-03
1.620000e+00	1.063478e-03
1.622500e+00	1.034124e-03
1.625000e+00	1.006863e-03
1.627500e+00	9.814983e-04
1.630000e+00	9.578605e-04
1.632500e+00	9.358002e-04
1.635000e+00	9.151865e-04
1.637500e+00	8.959034e-04
1.640000e+00	8.778482e-04
1.642500e+00	8.609293e-04
1.645000e+00	8.450649e-04
1.647500e+00	8.301816e-04
1.650000e+00	8.162134e-04
1.652500e+00	8.031009e-04
1.655000e+00	7.907904e-04
1.657500e+00	7.792330e-04
1.660000e+00	7.683846e-04
1.662500e+00	7.582050e-04
1.665000e+00	7.486576e-04
1.667500e+00	7.397088e-04
1.670000e+00	7.313281e-04
1.672500e+00	7.234877e-04
1.675000e+00	7.161618e-04
1.677500e+00	7.093271e-04
1.680000e+00	7.029620e-04
1.682500e+00	6.970469e-04
1.685000e+00	6.915636e-04
1.687500e+00	6.864956e-04
1.690000e+00	6.818277e-04
1.692500e+00	6.775458e-04
1.695000e+00	6.736373e-04
1.697500e+00	6.700905e-04
1.700000e+00	6.668948e-04
1.702500e+00	6.640404e-04
1.705000e+00	6.615186e-04
1.707500e+00	6.593214e-04
1.710000e+00	6.574417e-04
1.712500e+00	6.558730e-04
1.715000e+00	6.546097e-04
1.717500e+00	6.536467e-04
1.720000e+00	6.529797e-04
1.722500e+00	6.526049e-04
1.725000e+00	6.525191e-04
1.727500e+00	6.527197e-04
1.730000e+00	6.532049e-04
1.732500e+00	6.539730e-04
1.735000e+00	6.550233e-04
1.737500e+00	6.563552e-04
1.740000e+00	6.579689e-04
1.742500e+00	6.598651e-04
1.745000e+00	6.620449e-04
1.747500e+00	6.645099e-04
1.750000e+00	6.672625e-04
1.752500e+00	6.703052e-04
1.755000e+00	6.736414e-04
1.757500e+00	6.772749e-04
1.760000e+00	6.812099e-04
1.762500e+00	6.854513e-04
1.765000e+00	6.900047e-04
1.767500e+00	6.948761e-04
1.770000e+00	7.000723e-04
1.772500e+00	7.056005e-04
1.775000e+00	7.114688e-04
1.777500e+00	7.176860e-04
1.780000e+00	7.242615e-04
1.782500e+00	7.312056e-04
1.785000e+00	7.385293e-04
1.787500e+00	7.462447e-04
1.790000e+00	7.543647e-04
1.792500e+00	7.629031e-04
1.795000e+00	7.718751e-04
1.797500e+00	7.812968e-04
1.800000e+00	7.911856e-04
1.802500e+00	8.015603e-04
1.805000e+00	8.124413e-04
1.807500e+00	8.238504e-04
1.810000e+00	8.358116e-04
1.812500e+00	8.483506e-04
1.815000e+00	8.614955e-04
1.817500e+00	8.752770e-04
1.820000e+00	8.897287e-04
1.822500e+00	9.048876e-04
1.825000e+00	9.207948e-04
1.827500e+00	9.374960e-04
1.830000e+00	9.550425e-04
1.832500e+00	9.734927e-04
1.835000e+00	9.929136e-04
1.837500e+00	1.013383e-03
1.840000e+00	1.034993e-03
1.842500e+00	1.057854e-03
1.845000e+00	1.082103e-03
1.847500e+00	1.107909e-03
1.850000e+00	1.135492e-03
1.852500e+00	1.165139e-03
1.855000e+00	1.197237e-03
1.857500e+00	1.232310e-03
1.860000e+00	1.271066e-03
1.862500e+00	1.314424e-03
1.865000e+00	1.363410e-03
1.867500e+00	1.418660e-03
1.870000e+00	1.478984e-03
1.872500e+00	1.539081e-03
1.875000e+00	1.589679e-03
1.877500e+00	1.624984e-03
1.880000e+00	1.649721e-03
1.882500e+00	1.673603e-03
1.885000e+00	1.703003e-03
1.887500e+00	1.739907e-03
1.890000e+00	1.784177e-03
1.892500e+00	1.835150e-03
1.895000e+00	1.892254e-03
1.897500e+00	1.955146e-03
1.900000e+00	2.023701e-03
1.902500e+00	2.097969e-03
1.905000e+00	2.178143e-03
1.907500e+00	2.264529e-03
1.910000e+00	2.357538e-03
1.912500e+00	2.457672e-03
1.915000e+00	2.565530e-03
1.917500e+00	2.681808e-03
1.920000e+00	2.807309e-03
1.922500e+00	2.942954e-03
1.925000e+00	3.089797e-03
1.927500e+00	3.249044e-03
1.930000e+00	3.422078e-03
1.932500e+00	3.610488e-03
1.935000e+00	3.816103e-03
1.937500e+00	4.041039e-03
1.940000e+00	4.287749e-03
1.942500e+00	4.559089e-03
1.945000e+00	4.858400e-03
1.947500e+00	5.189609e-03
1.950000e+00	5.557356e-03
1.952500e+00	5.967147e-03
1.955000e+00	6.425564e-03
1.957500e+00	6.940513e-03
1.960000e+00	7.521561e-03
1.962500e+00	8.180365e-03
1.965000e+00	8.931233e-03
1.967500e+00	9.791876e-03
1.970000e+00	1.078440e-02
1.972500e+00	1.193667e-02
1.975000e+00	1.328416e-02
1.977500e+00	1.487249e-02
1.980000e+00	1.676105e-02
1.982500e+00	1.902813e-02
1.985000e+00	2.177820e-02
1.987500e+00	2.515268e-02
1.990000e+00	2.934565e-02
1.992500e+00	3.462713e-02
1.995000e+00	4.137742e-02
1.997500e+00	5.013675e-02
2.000000e+00	6.167261e-02
2.002500e+00	7.705575e-02
2.005000e+00	9.769175e-02
2.007500e+00	1.251206e-01
2.010000e+00	1.600770e-01
2.012500e+00	1.999422e-01
2.015000e+00	2.349403e-01
2.017500e+00	2.492331e-01
2.020000e+00	2.342299e-01
2.022500e+00	1.989163e-01
2.025000e+00	1.590932e-01
2.027500e+00	1.243216e-01
2.030000e+00	9.708531e-02
2.032500e+00	7.660569e-02
2.035000e+00	6.133920e-02
2.037500e+00	4.988808e-02
2.040000e+00	4.119023e-02
2.042500e+00	3.448498e-02
2.045000e+00	2.923702e-02
2.047500e+00	2.506944e-02
2.050000e+00	2.171456e-02
2.052500e+00	1.897993e-02
2.055000e+00	1.672526e-02
2.057500e+00	1.484686e-02
2.060000e+00	1.326704e-02
2.062500e+00	1.192682e-02
2.065000e+00	1.078090e-02
2.067500e+00	9.794035e-03
2.070000e+00	8.938550e-03
2.072500e+00	8.192477e-03
2.075000e+00	7.538226e-03
2.077500e+00	6.961582e-03
2.080000e+00	6.450972e-03
2.082500e+00	5.996903e-03
2.085000e+00	5.591534e-03
2.087500e+00	5.228352e-03
2.090000e+00	4.901911e-03
2.092500e+00	4.607641e-03
2.095000e+00	4.341686e-03
2.097500e+00	4.100783e-03
2.100000e+00	3.882164e-03
2.102500e+00	3.683479e-03
2.105000e+00	3.502733e-03
2.107500e+00	3.338240e-03
2.110000e+00	3.188583e-03
2.112500e+00	3.052592e-03
2.115000e+00	2.929324e-03
2.117500e+00	2.818053e-03
2.120000e+00	2.718278e-03
2.122500e+00	2.629734e-03
2.125000e+00	2.552423e-03
2.127500e+00	2.486672e-03
2.130000e+00	2.433209e-03
2.132500e+00	2.393298e-03
2.135000e+00	2.368933e-03
2.137500e+00	2.363129e-03
2.140000e+00	2.380364e-03
2.142500e+00	2.427198e-03
2.145000e+00	2.513104e-03
2.147500e+00	2.651289e-03
2.150000e+00	2.858627e-03
2.152500e+00	3.151715e-03
2.155000e+00	3.531761e-03
2.157500e+00	3.948830e-03
2.160000e+00	4.262911e-03
2.162500e+00	4.294593e-03
2.165000e+00	4.001002e-03
2.167500e+00	3.528765e-03
2.170000e+00	3.048486e-03
2.172500e+00	2.643270e-03
2.175000e+00	2.326573e-03
2.177500e+00	2.084891e-03
2.180000e+00	1.900331e-03
2.182500e+00	1.757839e-03
2.185000e+00	1.646271e-03
2.187500e+00	1.557744e-03
2.190000e+00	1.486772e-03
2.192500e+00	1.429557e-03
2.195000e+00	1.383493e-03
2.197500e+00	1.346835e-03
2.200000e+00	1.318490e-03
2.202500e+00	1.297899e-03
2.205000e+00	1.284987e-03
2.207500e+00	1.280184e-03
2.210000e+00	1.284499e-03
2.212500e+00	1.299685e-03
2.215000e+00	1.328466e-03
2.217500e+00	1.374797e-03
2.220000e+00	1.443903e-03
2.222500e+00	1.541296e-03
2.225000e+00	1.668639e-03
2.227500e+00	1.813293e-03
2.230000e+00	1.934754e-03
2.232500e+00	1.974484e-03
2.235000e+00	1.909556e-03
2.237500e+00	1.780924e-03
2.240000e+00	1.645902e-03
2.242500e+00	1.535781e-03
2.245000e+00	1.457593e-03
2.247500e+00	1.408197e-03
2.250000e+00	1.382527e-03
2.252500e+00	1.376429e-03
2.255000e+00	1.387217e-03
2.257500e+00	1.413564e-03
2.260000e+00	1.455306e-03
2.262500e+00	1.513328e-03
2.265000e+00	1.589559e-03
2.267500e+00	1.687093e-03
2.270000e+00	1.810457e-03
2.272500e+00	1.966053e-03
2.275000e+00	2.162857e-03
2.277500e+00	2.413478e-03
2.280000e+00	2.735741e-03
2.282500e+00	3.155016e-03
2.285000e+00	3.707468e-03
2.287500e+00	4.444056e-03
2.290000e+00	5.433532e-03
2.292500e+00	6.757631e-03
2.295000e+00	8.478319e-03
2.297500e+00	1.053506e-02
2.300000e+00	1.254986e-02
2.302500e+00	1.374335e-02
2.305000e+00	1.344077e-02
2.307500e+00	1.183191e-02
2.310000e+00	9.736043e-03
2.312500e+00	7.795780e-03
2.315000e+00	6.241075e-03
2.317500e+00	5.066507e-03
2.320000e+00	4.195478e-03
2.322500e+00	3.549840e-03
2.325000e+00	3.068096e-03
2.327500e+00	2.705791e-03
2.330000e+00	2.431723e-03
2.332500e+00	2.224173e-03
2.335000e+00	2.068029e-03
2.337500e+00	1.952791e-03
2.340000e+00	1.871231e-03
2.342500e+00	1.818514e-03
2.345000e+00	1.791634e-03
2.347500e+00	1.789075e-03
2.350000e+00	1.810642e-03
2.352500e+00	1.857432e-03
2.355000e+00	1.931938e-03
2.357500e+00	2.038306e-03
2.360000e+00	2.182777e-03
2.362500e+00	2.374379e-03
2.365000e+00	2.625936e-03
2.367500e+00	2.955461e-03
2.370000e+00	3.387837e-03
2.372500e+00	3.956451e-03
2.375000e+00	4.704661e-03
2.377500e+00	5.689638e-03
2.380000e+00	6.991857e-03
2.382500e+00	8.711952e-03
2.385000e+00	1.090403e-02
2.387500e+00	1.339767e-02
2.390000e+00	1.555486e-02
2.392500e+00	1.636696e-02
2.395000e+00	1.532478e-02
2.397500e+00	1.303365e-02
2.400000e+00	1.049174e-02
2.402500e+00	8.285667e-03
2.405000e+00	6.560481e-03
2.407500e+00	5.262443e-03
2.410000e+00	4.292981e-03
2.412500e+00	3.563855e-03
2.415000e+00	3.008252e-03
2.417500e+00	2.578371e-03
2.420000e+00	2.240573e-03
2.422500e+00	1.971159e-03
2.425000e+00	1.753289e-03
2.427500e+00	1.574842e-03
2.430000e+00	1.426979e-03
2.432500e+00	1.303164e-03
2.435000e+00	1.198500e-03
2.437500e+00	1.109272e-03
2.440000e+00	1.032636e-03
2.442500e+00	9.663920e-04
2.445000e+00	9.088350e-04
2.447500e+00	8.586420e-04
2.450000e+00	8.147994e-04
2.452500e+00	7.765510e-04
2.455000e+00	7.433589e-04
2.457500e+00	7.148474e-04
2.460000e+00	6.906624e-04
2.462500e+00	6.701162e-04
2.465000e+00	6.515985e-04
2.467500e+00	6.324875e-04
2.470000e+00	6.108611e-04
2.472500e+00	5.874344e-04
2.475000e+00	5.644130e-04
2.477500e+00	5.432962e-04
2.480000e+00	5.244659e-04
2.482500e+00	5.077344e-04
2.485000e+00	4.927700e-04
2.487500e+00	4.792626e-04
2.490000e+00	4.669630e-04
2.492500e+00	4.556786e-04
2.495000e+00	4.452607e-04
2.497500e+00	4.355934e-04
2.500000e+00	4.265845e-04
2.502500e+00	4.181591e-04
2.505000e+00	4.102554e-04
2.507500e+00	4.028215e-04
2.510000e+00	3.958133e-04
2.512500e+00	3.891927e-04
2.515000e+00	3.829267e-04
2.517500e+00	3.769861e-04
2.520000e+00	3.713454e-04
2.522500e+00	3.659817e-04
2.525000e+00	3.608747e-04
2.527500e+00	3.560059e-04
2.530000e+00	3.513590e-04
2.532500e+00	3.469188e-04
2.535000e+00	3.426718e-04
2.537500e+00	3.386056e-04
2.540000e+00	3.347090e-04
2.542500e+00	3.309714e-04
2.545000e+00	3.273835e-04
2.547500e+00	3.239365e-04
2.550000e+00	3.206223e-04
2.552500e+00	3.174334e-04
2.555000e+00	3.143631e-04
2.557500e+00	3.114049e-04
2.560000e+00	3.085529e-04
2.562500e+00	3.058015e-04
2.565000e+00	3.031458e-04
2.567500e+00	3.005809e-04
2.570000e+00	2.981024e-04
2.572500e+00	2.957061e-04
2.575000e+00	2.933882e-04
2.577500e+00	2.911449e-04
2.580000e+00	2.889730e-04
2.582500e+00	2.868692e-04
2.585000e+00	2.848305e-04
2.587500e+00	2.828541e-04
2.590000e+00	2.809373e-04
2.592500e+00	2.790776e-04
2.595000e+00	2.772727e-04
2.597500e+00	2.755203e-04
2.600000e+00	2.738183e-04
2.602500e+00	2.721649e-04
2.605000e+00	2.705579e-04
2.607500e+00	2.689958e-04
2.610000e+00	2.674768e-04
2.612500e+00	2.659993e-04
2.615000e+00	2.645618e-04
2.617500e+00	2.631628e-04
2.620000e+00	2.618011e-04
2.622500e+00	2.604752e-04
2.625000e+00	2.591840e-04
2.627500e+00	2.579262e-04
2.630000e+00	2.567008e-04
2.632500e+00	2.555067e-04
2.635000e+00	2.543429e-04
2.637500e+00	2.532083e-04
2.640000e+00	2.521021e-04
2.642500e+00	2.510234e-04
2.645000e+00	2.499714e-04
2.647500e+00	2.489451e-04
2.650000e+00	2.479439e-04
2.652500e+00	2.469670e-04
2.655000e+00	2.460136e-04
2.657500e+00	2.450832e-04
2.660000e+00	2.441751e-04
2.662500e+00	2.432885e-04
2.665000e+00	2.424230e-04
2.667500e+00	2.415780e-04
2.670000e+00	2.407528e-04
2.672500e+00	2.399470e-04
2.675000e+00	2.391601e-04
2.677500e+00	2.383915e-04
2.680000e+00	2.376408e-04
2.682500e+00	2.369075e-04
2.685000e+00	2.361913e-04
2.687500e+00	2.354916e-04
2.690000e+00	2.348080e-04
2.692500e+00	2.341403e-04
2.695000e+00	2.334879e-04
2.697500e+00	2.328506e-04
2.700000e+00	2.322279e-04
2.702500e+00	2.316196e-04
2.705000e+00	2.310252e-04
2.707500e+00	2.304446e-04
2.710000e+00	2.298774e-04
2.712500e+00	2.293232e-04
2.715000e+00	2.287819e-04
2.717500e+00	2.282531e-04
2.720000e+00	2.277365e-04
2.722500e+00	2.272320e-04
2.725000e+00	2.267392e-04
2.727500e+00	2.262580e-04
2.730000e+00	2.257880e-04
2.732500e+00	2.253290e-04
2.735000e+00	2.248809e-04
2.737500e+00	2.244434e-04
2.740000e+00	2.240163e-04
2.742500e+00	2.235995e-04
2.745000e+00	2.231926e-04
2.747500e+00	2.227956e-04
2.750000e+00	2.224083e-04
2.752500e+00	2.220304e-04
2.755000e+00	2.216618e-04
2.757500e+00	2.213023e-04
2.760000e+00	2.209518e-04
2.762500e+00	2.206101e-04
2.765000e+00	2.202771e-04
2.767500e+00	2.199526e-04
2.770000e+00	2.196365e-04
2.772500e+00	2.193286e-04
2.775000e+00	2.190288e-04
2.777500e+00	2.187369e-04
2.780000e+00	2.184529e-04
2.782500e+00	2.181766e-04
2.785000e+00	2.179078e-04
2.787500e+00	2.176465e-04
2.790000e+00	2.173926e-04
2.792500e+00	2.171459e-04
2.795000e+00	2.169064e-04
2.797500e+00	2.166738e-04
2.800000e+00	2.164482e-04
2.802500e+00	2.162294e-04
2.805000e+00	2.160173e-04
2.807500e+00	2.158119e-04
2.810000e+00	2.156130e-04
2.812500e+00	2.154205e-04
2.815000e+00	2.152343e-04
2.817500e+00	2.150545e-04
2.820000e+00	2.148808e-04
2.822500e+00	2.147132e-04
2.825000e+00	2.145516e-04
2.827500e+00	2.143960e-04
2.830000e+00	2.142463e-04
2.832500e+00	2.141023e-04
2.835000e+00	2.139641e-04
2.837500e+00	2.138315e-04
2.840000e+00	2.137045e-04
2.842500e+00	2.135830e-04
2.845000e+00	2.134670e-04
2.847500e+00	2.133563e-04
2.850000e+00	2.132510e-04
2.852500e+00	2.131509e-04
2.855000e+00	2.130561e-04
2.857500e+00	2.129664e-04
2.860000e+00	2.128818e-04
2.862500e+00	2.128022e-04
2.865000e+00	2.127276e-04
2.867500e+00	2.126579e-04
2.870000e+00	2.125931e-04
2.872500e+00	2.125332e-04
2.875000e+00	2.124780e-04
2.877500e+00	2.124276e-04
2.880000e+00	2.123819e-04
2.882500e+00	2.123408e-04
2.885000e+00	2.123043e-04
2.887500e+00	2.122723e-04
2.890000e+00	2.122449e-04
2.892500e+00	2.122220e-04
2.895000e+00	2.122035e-04
2.897500e+00	2.121894e-04
2.900000e+00	2.121796e-04
2.902500e+00	2.121742e-04
2.905000e+00	2.121730e-04
2.907500e+00	2.121761e-04
2.910000e+00	2.121834e-04
2.912500e+00	2.121949e-04
2.915000e+00	2.122105e-04
2.917500e+00	2.122303e-04
2.920000e+00	2.122541e-04
2.922500e+00	2.122820e-04
2.925000e+00	2.123140e-04
2.927500e+00	2.123499e-04
2.930000e+00	2.123898e-04
2.932500e+00	2.124336e-04
2.935000e+00	2.124813e-04
2.937500e+00	2.125329e-04
2.940000e+00	2.125884e-04
2.942500e+00	2.126477e-04
2.945000e+00	2.127109e-04
2.947500e+00	2.127778e-04
2.950000e+00	2.128485e-04
2.952500e+00	2.129229e-04
2.955000e+00	2.130011e-04
2.957500e+00	2.130829e-04
2.960000e+00	2.131685e-04
2.962500e+00	2.132577e-04
2.965000e+00	2.133505e-04
2.967500e+00	2.134470e-04
2.970000e+00	2.135470e-04
2.972500e+00	2.136507e-04
2.975000e+00	2.137579e-04
2.977500e+00	2.138686e-04
2.980000e+00	2.139829e-04
2.982500e+00	2.141007e-04
2.985000e+00	2.142221e-04
2.987500e+00	2.143469e-04
2.990000e+00	2.144751e-04
2.992500e+00	2.146069e-04
2.995000e+00	2.147421e-04
2.997500e+00	2.148807e-04
