#omega	spectral weight
-6.000000e+00	1.972078e-05
-5.997500e+00	1.973469e-05
-5.995000e+00	1.974862e-05
-5.992500e+00	1.976259e-05
-5.990000e+00	1.977658e-05
-5.987500e+00	1.979060e-05
-5.985000e+00	1.980465e-05
-5.982500e+00	1.981872e-05
-5.980000e+00	1.983283e-05
-5.977500e+00	1.984697e-05
-5.975000e+00	1.986114e-05
-5.972500e+00	1.987533e-05
-5.970000e+00	1.988956e-05
-5.967500e+00	1.990381e-05
-5.965000e+00	1.991810e-05
-5.962500e+00	1.993241e-05
-5.960000e+00	1.994676e-05
-5.957500e+00	1.996114e-05
-5.955000e+00	1.997554e-05
-5.952500e+00	1.998998e-05
-5.950000e+00	2.000445e-05
-5.947500e+00	2.001895e-05
-5.945000e+00	2.003348e-05
-5.942500e+00	2.004804e-05
-5.940000e+00	2.006263e-05
-5.937500e+00	2.007725e-05
-5.935000e+00	2.009191e-05
-5.932500e+00	2.010659e-05
-5.930000e+00	2.012131e-05
-5.927500e+00	2.013606e-05
-5.925000e+00	2.015084e-05
-5.922500e+00	2.016566e-05
-5.920000e+00	2.018050e-05
-5.917500e+00	2.019538e-05
-5.915000e+00	2.021029e-05
-5.912500e+00	2.022524e-05
-5.910000e+00	2.024022e-05
-5.907500e+00	2.025523e-05
-5.905000e+00	2.027027e-05
-5.902500e+00	2.028535e-05
-5.900000e+00	2.030046e-05
-5.897500e+00	2.031560e-05
-5.895000e+00	2.033078e-05
-5.892500e+00	2.034599e-05
-5.890000e+00	2.036124e-05
-5.887500e+00	2.037651e-05
-5.885000e+00	2.039183e-05
-5.882500e+00	2.040718e-05
-5.880000e+00	2.042256e-05
-5.877500e+00	2.043798e-05
-5.875000e+00	2.045343e-05
-5.872500e+00	2.046892e-05
-5.870000e+00	2.048444e-05
-5.867500e+00	2.050000e-05
-5.865000e+00	2.051560e-05
-5.862500e+00	2.053123e-05
-5.860000e+00	2.054689e-05
-5.857500e+00	2.056259e-05
-5.855000e+00	2.057833e-05
-5.852500e+00	2.059411e-05
-5.850000e+00	2.060992e-05
-5.847500e+00	2.062576e-05
-5.845000e+00	2.064165e-05
-5.842500e+00	2.065757e-05
-5.840000e+00	2.067353e-05
-5.837500e+00	2.068953e-05
-5.835000e+00	2.070556e-05
-5.832500e+00	2.072163e-05
-5.830000e+00	2.073774e-05
-5.827500e+00	2.075389e-05
-5.825000e+00	2.077008e-05
-5.822500e+00	2.078630e-05
-5.820000e+00	2.080256e-05
-5.817500e+00	2.081887e-05
-5.815000e+00	2.083521e-05
-5.812500e+00	2.085159e-05
-5.810000e+00	2.086801e-05
-5.807500e+00	2.088446e-05
-5.805000e+00	2.090096e-05
-5.802500e+00	2.091750e-05
-5.800000e+00	2.093408e-05
-5.797500e+00	2.095070e-05
-5.795000e+00	2.096736e-05
-5.792500e+00	2.098406e-05
-5.790000e+00	2.100080e-05
-5.787500e+00	2.101758e-05
-5.785000e+00	2.103441e-05
-5.782500e+00	2.105127e-05
-5.780000e+00	2.106818e-05
-5.777500e+00	2.108513e-05
-5.775000e+00	2.110212e-05
-5.772500e+00	2.111915e-05
-5.770000e+00	2.113622e-05
-5.767500e+00	2.115334e-05
-5.765000e+00	2.117050e-05
-5.762500e+00	2.118771e-05
-5.760000e+00	2.120495e-05
-5.757500e+00	2.122224e-05
-5.755000e+00	2.123958e-05
-5.752500e+00	2.125696e-05
-5.750000e+00	2.127438e-05
-5.747500e+00	2.129185e-05
-5.745000e+00	2.130936e-05
-5.742500e+00	2.132691e-05
-5.740000e+00	2.134452e-05
-5.737500e+00	2.136216e-05
-5.735000e+00	2.137985e-05
-5.732500e+00	2.139759e-05
-5.730000e+00	2.141538e-05
-5.727500e+00	2.143321e-05
-5.725000e+00	2.145108e-05
-5.722500e+00	2.146900e-05
-5.720000e+00	2.148697e-05
-5.717500e+00	2.150499e-05
-5.715000e+00	2.152306e-05
-5.712500e+00	2.154117e-05
-5.710000e+00	2.155933e-05
-5.707500e+00	2.157754e-05
-5.705000e+00	2.159579e-05
-5.702500e+00	2.161410e-05
-5.700000e+00	2.163245e-05
-5.697500e+00	2.165085e-05
-5.695000e+00	2.166931e-05
-5.692500e+00	2.168781e-05
-5.690000e+00	2.170636e-05
-5.687500e+00	2.172496e-05
-5.685000e+00	2.174361e-05
-5.682500e+00	2.176231e-05
-5.680000e+00	2.178107e-05
-5.677500e+00	2.179987e-05
-5.675000e+00	2.181873e-05
-5.672500e+00	2.183764e-05
-5.670000e+00	2.185660e-05
-5.667500e+00	2.187561e-05
-5.665000e+00	2.189467e-05
-5.662500e+00	2.191379e-05
-5.660000e+00	2.193296e-05
-5.657500e+00	2.195219e-05
-5.655000e+00	2.197146e-05
-5.652500e+00	2.199079e-05
-5.650000e+00	2.201018e-05
-5.647500e+00	2.202962e-05
-5.645000e+00	2.204912e-05
-5.642500e+00	2.206867e-05
-5.640000e+00	2.208827e-05
-5.637500e+00	2.210793e-05
-5.635000e+00	2.212765e-05
-5.632500e+00	2.214742e-05
-5.630000e+00	2.216725e-05
-5.627500e+00	2.218714e-05
-5.625000e+00	2.220709e-05
-5.622500e+00	2.222709e-05
-5.620000e+00	2.224715e-05
-5.617500e+00	2.226727e-05
-5.615000e+00	2.228744e-05
-5.612500e+00	2.230768e-05
-5.610000e+00	2.232798e-05
-5.607500e+00	2.234833e-05
-5.605000e+00	2.236874e-05
-5.602500e+00	2.238922e-05
-5.600000e+00	2.240975e-05
-5.597500e+00	2.243035e-05
-5.595000e+00	2.245101e-05
-5.592500e+00	2.247173e-05
-5.590000e+00	2.249251e-05
-5.587500e+00	2.251335e-05
-5.585000e+00	2.253426e-05
-5.582500e+00	2.255522e-05
-5.580000e+00	2.257626e-05
-5.577500e+00	2.259735e-05
-5.575000e+00	2.261851e-05
-5.572500e+00	2.263974e-05
-5.570000e+00	2.266102e-05
-5.567500e+00	2.268238e-05
-5.565000e+00	2.270380e-05
-5.562500e+00	2.272528e-05
-5.560000e+00	2.274684e-05
-5.557500e+00	2.276846e-05
-5.555000e+00	2.279014e-05
-5.552500e+00	2.281189e-05
-5.550000e+00	2.283372e-05
-5.547500e+00	2.285561e-05
-5.545000e+00	2.287756e-05
-5.542500e+00	2.289959e-05
-5.540000e+00	2.292169e-05
-5.537500e+00	2.294386e-05
-5.535000e+00	2.296609e-05
-5.532500e+00	2.298840e-05
-5.530000e+00	2.301078e-05
-5.527500e+00	2.303323e-05
-5.525000e+00	2.305576e-05
-5.522500e+00	2.307835e-05
-5.520000e+00	2.310102e-05
-5.517500e+00	2.312376e-05
-5.515000e+00	2.314658e-05
-5.512500e+00	2.316947e-05
-5.510000e+00	2.319243e-05
-5.507500e+00	2.321547e-05
-5.505000e+00	2.323859e-05
-5.502500e+00	2.326178e-05
-5.500000e+00	2.328505e-05
-5.497500e+00	2.330840e-05
-5.495000e+00	2.333182e-05
-5.492500e+00	2.335532e-05
-5.490000e+00	2.337890e-05
-5.487500e+00	2.340256e-05
-5.485000e+00	2.342630e-05
-5.482500e+00	2.345012e-05
-5.480000e+00	2.347402e-05
-5.477500e+00	2.349800e-05
-5.475000e+00	2.352206e-05
-5.472500e+00	2.354620e-05
-5.470000e+00	2.357043e-05
-5.467500e+00	2.359474e-05
-5.465000e+00	2.361913e-05
-5.462500e+00	2.364361e-05
-5.460000e+00	2.366818e-05
-5.457500e+00	2.369282e-05
-5.455000e+00	2.371756e-05
-5.452500e+00	2.374238e-05
-5.450000e+00	2.376728e-05
-5.447500e+00	2.379228e-05
-5.445000e+00	2.381736e-05
-5.442500e+00	2.384253e-05
-5.440000e+00	2.386779e-05
-5.437500e+00	2.389314e-05
-5.435000e+00	2.391858e-05
-5.432500e+00	2.394412e-05
-5.430000e+00	2.396974e-05
-5.427500e+00	2.399546e-05
-5.425000e+00	2.402127e-05
-5.422500e+00	2.404717e-05
-5.420000e+00	2.407316e-05
-5.417500e+00	2.409926e-05
-5.415000e+00	2.412544e-05
-5.412500e+00	2.415173e-05
-5.410000e+00	2.417811e-05
-5.407500e+00	2.420458e-05
-5.405000e+00	2.423116e-05
-5.402500e+00	2.425783e-05
-5.400000e+00	2.428460e-05
-5.397500e+00	2.431148e-05
-5.395000e+00	2.433845e-05
-5.392500e+00	2.436553e-05
-5.390000e+00	2.439270e-05
-5.387500e+00	2.441999e-05
-5.385000e+00	2.444737e-05
-5.382500e+00	2.447486e-05
-5.380000e+00	2.450245e-05
-5.377500e+00	2.453015e-05
-5.375000e+00	2.455796e-05
-5.372500e+00	2.458587e-05
-5.370000e+00	2.461389e-05
-5.367500e+00	2.464202e-05
-5.365000e+00	2.467026e-05
-5.362500e+00	2.469861e-05
-5.360000e+00	2.472707e-05
-5.357500e+00	2.475564e-05
-5.355000e+00	2.478433e-05
-5.352500e+00	2.481313e-05
-5.350000e+00	2.484204e-05
-5.347500e+00	2.487107e-05
-5.345000e+00	2.490021e-05
-5.342500e+00	2.492948e-05
-5.340000e+00	2.495886e-05
-5.337500e+00	2.498835e-05
-5.335000e+00	2.501797e-05
-5.332500e+00	2.504771e-05
-5.330000e+00	2.507757e-05
-5.327500e+00	2.510755e-05
-5.325000e+00	2.513765e-05
-5.322500e+00	2.516788e-05
-5.320000e+00	2.519824e-05
-5.317500e+00	2.522872e-05
-5.315000e+00	2.525932e-05
-5.312500e+00	2.529006e-05
-5.310000e+00	2.532092e-05
-5.307500e+00	2.535191e-05
-5.305000e+00	2.538303e-05
-5.302500e+00	2.541429e-05
-5.300000e+00	2.544567e-05
-5.297500e+00	2.547720e-05
-5.295000e+00	2.550885e-05
-5.292500e+00	2.554064e-05
-5.290000e+00	2.557257e-05
-5.287500e+00	2.560464e-05
-5.285000e+00	2.563684e-05
-5.282500e+00	2.566919e-05
-5.280000e+00	2.570167e-05
-5.277500e+00	2.573430e-05
-5.275000e+00	2.576707e-05
-5.272500e+00	2.579999e-05
-5.270000e+00	2.583305e-05
-5.267500e+00	2.586626e-05
-5.265000e+00	2.589962e-05
-5.262500e+00	2.593313e-05
-5.260000e+00	2.596678e-05
-5.257500e+00	2.600059e-05
-5.255000e+00	2.603455e-05
-5.252500e+00	2.606867e-05
-5.250000e+00	2.610294e-05
-5.247500e+00	2.613736e-05
-5.245000e+00	2.617195e-05
-5.242500e+00	2.620669e-05
-5.240000e+00	2.624159e-05
-5.237500e+00	2.627666e-05
-5.235000e+00	2.631189e-05
-5.232500e+00	2.634728e-05
-5.230000e+00	2.638284e-05
-5.227500e+00	2.641857e-05
-5.225000e+00	2.645446e-05
-5.222500e+00	2.649053e-05
-5.220000e+00	2.652676e-05
-5.217500e+00	2.656317e-05
-5.215000e+00	2.659975e-05
-5.212500e+00	2.663651e-05
-5.210000e+00	2.667345e-05
-5.207500e+00	2.671056e-05
-5.205000e+00	2.674786e-05
-5.202500e+00	2.678533e-05
-5.200000e+00	2.682300e-05
-5.197500e+00	2.686084e-05
-5.195000e+00	2.689887e-05
-5.192500e+00	2.693709e-05
-5.190000e+00	2.697550e-05
-5.187500e+00	2.701411e-05
-5.185000e+00	2.705290e-05
-5.182500e+00	2.709189e-05
-5.180000e+00	2.713108e-05
-5.177500e+00	2.717046e-05
-5.175000e+00	2.721005e-05
-5.172500e+00	2.724983e-05
-5.170000e+00	2.728982e-05
-5.167500e+00	2.733002e-05
-5.165000e+00	2.737042e-05
-5.162500e+00	2.741104e-05
-5.160000e+00	2.745186e-05
-5.157500e+00	2.749290e-05
-5.155000e+00	2.753415e-05
-5.152500e+00	2.757562e-05
-5.150000e+00	2.761731e-05
-5.147500e+00	2.765922e-05
-5.145000e+00	2.770135e-05
-5.142500e+00	2.774371e-05
-5.140000e+00	2.778629e-05
-5.137500e+00	2.782911e-05
-5.135000e+00	2.787215e-05
-5.132500e+00	2.791543e-05
-5.130000e+00	2.795895e-05
-5.127500e+00	2.800270e-05
-5.125000e+00	2.804669e-05
-5.122500e+00	2.809093e-05
-5.120000e+00	2.813541e-05
-5.117500e+00	2.818014e-05
-5.115000e+00	2.822512e-05
-5.112500e+00	2.827035e-05
-5.110000e+00	2.831583e-05
-5.107500e+00	2.836157e-05
-5.105000e+00	2.840758e-05
-5.102500e+00	2.845384e-05
-5.100000e+00	2.850037e-05
-5.097500e+00	2.854716e-05
-5.095000e+00	2.859423e-05
-5.092500e+00	2.864156e-05
-5.090000e+00	2.868918e-05
-5.087500e+00	2.873707e-05
-5.085000e+00	2.878524e-05
-5.082500e+00	2.883369e-05
-5.080000e+00	2.888243e-05
-5.077500e+00	2.893146e-05
-5.075000e+00	2.898078e-05
-5.072500e+00	2.903040e-05
-5.070000e+00	2.908032e-05
-5.067500e+00	2.913054e-05
-5.065000e+00	2.918106e-05
-5.062500e+00	2.923189e-05
-5.060000e+00	2.928303e-05
-5.057500e+00	2.933448e-05
-5.055000e+00	2.938625e-05
-5.052500e+00	2.943834e-05
-5.050000e+00	2.949076e-05
-5.047500e+00	2.954350e-05
-5.045000e+00	2.959657e-05
-5.042500e+00	2.964998e-05
-5.040000e+00	2.970372e-05
-5.037500e+00	2.975781e-05
-5.035000e+00	2.981224e-05
-5.032500e+00	2.986702e-05
-5.030000e+00	2.992216e-05
-5.027500e+00	2.997765e-05
-5.025000e+00	3.003349e-05
-5.022500e+00	3.008971e-05
-5.020000e+00	3.014629e-05
-5.017500e+00	3.020325e-05
-5.015000e+00	3.026058e-05
-5.012500e+00	3.031829e-05
-5.010000e+00	3.037638e-05
-5.007500e+00	3.043487e-05
-5.005000e+00	3.049375e-05
-5.002500e+00	3.055302e-05
-5.000000e+00	3.061270e-05
-4.997500e+00	3.067279e-05
-4.995000e+00	3.073329e-05
-4.992500e+00	3.079420e-05
-4.990000e+00	3.085554e-05
-4.987500e+00	3.091730e-05
-4.985000e+00	3.097949e-05
-4.982500e+00	3.104211e-05
-4.980000e+00	3.110518e-05
-4.977500e+00	3.116870e-05
-4.975000e+00	3.123266e-05
-4.972500e+00	3.129708e-05
-4.970000e+00	3.136197e-05
-4.967500e+00	3.142732e-05
-4.965000e+00	3.149314e-05
-4.962500e+00	3.155945e-05
-4.960000e+00	3.162623e-05
-4.957500e+00	3.169351e-05
-4.955000e+00	3.176129e-05
-4.952500e+00	3.182956e-05
-4.950000e+00	3.189835e-05
-4.947500e+00	3.196765e-05
-4.945000e+00	3.203747e-05
-4.942500e+00	3.210781e-05
-4.940000e+00	3.217869e-05
-4.937500e+00	3.225012e-05
-4.935000e+00	3.232208e-05
-4.932500e+00	3.239461e-05
-4.930000e+00	3.246769e-05
-4.927500e+00	3.254134e-05
-4.925000e+00	3.261557e-05
-4.922500e+00	3.269038e-05
-4.920000e+00	3.276578e-05
-4.917500e+00	3.284178e-05
-4.915000e+00	3.291838e-05
-4.912500e+00	3.299560e-05
-4.910000e+00	3.307344e-05
-4.907500e+00	3.315191e-05
-4.905000e+00	3.323101e-05
-4.902500e+00	3.331076e-05
-4.900000e+00	3.339117e-05
-4.897500e+00	3.347224e-05
-4.895000e+00	3.355398e-05
-4.892500e+00	3.363640e-05
-4.890000e+00	3.371952e-05
-4.887500e+00	3.380333e-05
-4.885000e+00	3.388785e-05
-4.882500e+00	3.397309e-05
-4.880000e+00	3.405906e-05
-4.877500e+00	3.414577e-05
-4.875000e+00	3.423322e-05
-4.872500e+00	3.432144e-05
-4.870000e+00	3.441043e-05
-4.867500e+00	3.450019e-05
-4.865000e+00	3.459075e-05
-4.862500e+00	3.468211e-05
-4.860000e+00	3.477429e-05
-4.857500e+00	3.486729e-05
-4.855000e+00	3.496112e-05
-4.852500e+00	3.505581e-05
-4.850000e+00	3.515136e-05
-4.847500e+00	3.524778e-05
-4.845000e+00	3.534509e-05
-4.842500e+00	3.544330e-05
-4.840000e+00	3.554242e-05
-4.837500e+00	3.564247e-05
-4.835000e+00	3.574346e-05
-4.832500e+00	3.584540e-05
-4.830000e+00	3.594832e-05
-4.827500e+00	3.605221e-05
-4.825000e+00	3.615710e-05
-4.822500e+00	3.626301e-05
-4.820000e+00	3.636994e-05
-4.817500e+00	3.647792e-05
-4.815000e+00	3.658696e-05
-4.812500e+00	3.669708e-05
-4.810000e+00	3.680828e-05
-4.807500e+00	3.692060e-05
-4.805000e+00	3.703405e-05
-4.802500e+00	3.714864e-05
-4.800000e+00	3.726439e-05
-4.797500e+00	3.738133e-05
-4.795000e+00	3.749947e-05
-4.792500e+00	3.761883e-05
-4.790000e+00	3.773943e-05
-4.787500e+00	3.786128e-05
-4.785000e+00	3.798442e-05
-4.782500e+00	3.810886e-05
-4.780000e+00	3.823462e-05
-4.777500e+00	3.836173e-05
-4.775000e+00	3.849020e-05
-4.772500e+00	3.862006e-05
-4.770000e+00	3.875134e-05
-4.767500e+00	3.888405e-05
-4.765000e+00	3.901823e-05
-4.762500e+00	3.915388e-05
-4.760000e+00	3.929106e-05
-4.757500e+00	3.942976e-05
-4.755000e+00	3.957003e-05
-4.752500e+00	3.971190e-05
-4.750000e+00	3.985538e-05
-4.747500e+00	4.000051e-05
-4.745000e+00	4.014731e-05
-4.742500e+00	4.029582e-05
-4.740000e+00	4.044607e-05
-4.737500e+00	4.059808e-05
-4.735000e+00	4.075189e-05
-4.732500e+00	4.090754e-05
-4.730000e+00	4.106505e-05
-4.727500e+00	4.122445e-05
-4.725000e+00	4.138580e-05
-4.722500e+00	4.154911e-05
-4.720000e+00	4.171443e-05
-4.717500e+00	4.188179e-05
-4.715000e+00	4.205123e-05
-4.712500e+00	4.222280e-05
-4.710000e+00	4.239653e-05
-4.707500e+00	4.257246e-05
-4.705000e+00	4.275064e-05
-4.702500e+00	4.293110e-05
-4.700000e+00	4.311390e-05
-4.697500e+00	4.329908e-05
-4.695000e+00	4.348668e-05
-4.692500e+00	4.367676e-05
-4.690000e+00	4.386936e-05
-4.687500e+00	4.406453e-05
-4.685000e+00	4.426233e-05
-4.682500e+00	4.446280e-05
-4.680000e+00	4.466601e-05
-4.677500e+00	4.487200e-05
-4.675000e+00	4.508084e-05
-4.672500e+00	4.529259e-05
-4.670000e+00	4.550730e-05
-4.667500e+00	4.572503e-05
-4.665000e+00	4.594586e-05
-4.662500e+00	4.616984e-05
-4.660000e+00	4.639704e-05
-4.657500e+00	4.662753e-05
-4.655000e+00	4.686139e-05
-4.652500e+00	4.709868e-05
-4.650000e+00	4.733949e-05
-4.647500e+00	4.758388e-05
-4.645000e+00	4.783194e-05
-4.642500e+00	4.808374e-05
-4.640000e+00	4.833938e-05
-4.637500e+00	4.859894e-05
-4.635000e+00	4.886250e-05
-4.632500e+00	4.913017e-05
-4.630000e+00	4.940202e-05
-4.627500e+00	4.967817e-05
-4.625000e+00	4.995870e-05
-4.622500e+00	5.024372e-05
-4.620000e+00	5.053335e-05
-4.617500e+00	5.082767e-05
-4.615000e+00	5.112682e-05
-4.612500e+00	5.143090e-05
-4.610000e+00	5.174003e-05
-4.607500e+00	5.205434e-05
-4.605000e+00	5.237395e-05
-4.602500e+00	5.269900e-05
-4.600000e+00	5.302961e-05
-4.597500e+00	5.336593e-05
-4.595000e+00	5.370810e-05
-4.592500e+00	5.405627e-05
-4.590000e+00	5.441059e-05
-4.587500e+00	5.477122e-05
-4.585000e+00	5.513832e-05
-4.582500e+00	5.551207e-05
-4.580000e+00	5.589263e-05
-4.577500e+00	5.628018e-05
-4.575000e+00	5.667492e-05
-4.572500e+00	5.707703e-05
-4.570000e+00	5.748672e-05
-4.567500e+00	5.790418e-05
-4.565000e+00	5.832964e-05
-4.562500e+00	5.876331e-05
-4.560000e+00	5.920542e-05
-4.557500e+00	5.965621e-05
-4.555000e+00	6.011592e-05
-4.552500e+00	6.058481e-05
-4.550000e+00	6.106313e-05
-4.547500e+00	6.155117e-05
-4.545000e+00	6.204920e-05
-4.542500e+00	6.255752e-05
-4.540000e+00	6.307643e-05
-4.537500e+00	6.360624e-05
-4.535000e+00	6.414729e-05
-4.532500e+00	6.469991e-05
-4.530000e+00	6.526446e-05
-4.527500e+00	6.584131e-05
-4.525000e+00	6.643083e-05
-4.522500e+00	6.703342e-05
-4.520000e+00	6.764950e-05
-4.517500e+00	6.827948e-05
-4.515000e+00	6.892383e-05
-4.512500e+00	6.958300e-05
-4.510000e+00	7.025747e-05
-4.507500e+00	7.094776e-05
-4.505000e+00	7.165438e-05
-4.502500e+00	7.237787e-05
-4.500000e+00	7.311882e-05
-4.497500e+00	7.387782e-05
-4.495000e+00	7.465548e-05
-4.492500e+00	7.545245e-05
-4.490000e+00	7.626941e-05
-4.487500e+00	7.710707e-05
-4.485000e+00	7.796616e-05
-4.482500e+00	7.884745e-05
-4.480000e+00	7.975175e-05
-4.477500e+00	8.067990e-05
-4.475000e+00	8.163279e-05
-4.472500e+00	8.261135e-05
-4.470000e+00	8.361653e-05
-4.467500e+00	8.464935e-05
-4.465000e+00	8.571089e-05
-4.462500e+00	8.680225e-05
-4.460000e+00	8.792460e-05
-4.457500e+00	8.907919e-05
-4.455000e+00	9.026728e-05
-4.452500e+00	9.149026e-05
-4.450000e+00	9.274953e-05
-4.447500e+00	9.404661e-05
-4.445000e+00	9.538308e-05
-4.442500e+00	9.676059e-05
-4.440000e+00	9.818090e-05
-4.437500e+00	9.964587e-05
-4.435000e+00	1.011574e-04
-4.432500e+00	1.027177e-04
-4.430000e+00	1.043287e-04
-4.427500e+00	1.059929e-04
-4.425000e+00	1.077126e-04
-4.422500e+00	1.094905e-04
-4.420000e+00	1.113292e-04
-4.417500e+00	1.132317e-04
-4.415000e+00	1.152009e-04
-4.412500e+00	1.172402e-04
-4.410000e+00	1.193529e-04
-4.407500e+00	1.215428e-04
-4.405000e+00	1.238136e-04
-4.402500e+00	1.261697e-04
-4.400000e+00	1.286152e-04
-4.397500e+00	1.311550e-04
-4.395000e+00	1.337941e-04
-4.392500e+00	1.365377e-04
-4.390000e+00	1.393916e-04
-4.387500e+00	1.423620e-04
-4.385000e+00	1.454552e-04
-4.382500e+00	1.486784e-04
-4.380000e+00	1.520390e-04
-4.377500e+00	1.555451e-04
-4.375000e+00	1.592053e-04
-4.372500e+00	1.630289e-04
-4.370000e+00	1.670260e-04
-4.367500e+00	1.712074e-04
-4.365000e+00	1.755847e-04
-4.362500e+00	1.801704e-04
-4.360000e+00	1.849783e-04
-4.357500e+00	1.900230e-04
-4.355000e+00	1.953206e-04
-4.352500e+00	2.008883e-04
-4.350000e+00	2.067452e-04
-4.347500e+00	2.129118e-04
-4.345000e+00	2.194104e-04
-4.342500e+00	2.262656e-04
-4.340000e+00	2.335042e-04
-4.337500e+00	2.411554e-04
-4.335000e+00	2.492515e-04
-4.332500e+00	2.578280e-04
-4.330000e+00	2.669237e-04
-4.327500e+00	2.765818e-04
-4.325000e+00	2.868497e-04
-4.322500e+00	2.977803e-04
-4.320000e+00	3.094319e-04
-4.317500e+00	3.218697e-04
-4.315000e+00	3.351663e-04
-4.312500e+00	3.494028e-04
-4.310000e+00	3.646702e-04
-4.307500e+00	3.810705e-04
-4.305000e+00	3.987190e-04
-4.302500e+00	4.177456e-04
-4.300000e+00	4.382978e-04
-4.297500e+00	4.605430e-04
-4.295000e+00	4.846725e-04
-4.292500e+00	5.109048e-04
-4.290000e+00	5.394912e-04
-4.287500e+00	5.707214e-04
-4.285000e+00	6.049308e-04
-4.282500e+00	6.425095e-04
-4.280000e+00	6.839129e-04
-4.277500e+00	7.296757e-04
-4.275000e+00	7.804287e-04
-4.272500e+00	8.369200e-04
-4.270000e+00	9.000420e-04
-4.267500e+00	9.708659e-04
-4.265000e+00	1.050686e-03
-4.262500e+00	1.141076e-03
-4.260000e+00	1.243966e-03
-4.257500e+00	1.361740e-03
-4.255000e+00	1.497370e-03
-4.252500e+00	1.654594e-03
-4.250000e+00	1.838159e-03
-4.247500e+00	2.054162e-03
-4.245000e+00	2.310519e-03
-4.242500e+00	2.617635e-03
-4.240000e+00	2.989367e-03
-4.237500e+00	3.444416e-03
-4.235000e+00	4.008380e-03
-4.232500e+00	4.716779e-03
-4.230000e+00	5.619533e-03
-4.227500e+00	6.787467e-03
-4.225000e+00	8.321302e-03
-4.222500e+00	1.036237e-02
-4.220000e+00	1.309946e-02
-4.217500e+00	1.675075e-02
-4.215000e+00	2.146071e-02
-4.212500e+00	2.699470e-02
-4.210000e+00	3.220633e-02
-4.207500e+00	3.494242e-02
-4.205000e+00	3.361056e-02
-4.202500e+00	2.902689e-02
-4.200000e+00	2.341432e-02
-4.197500e+00	1.834217e-02
-4.195000e+00	1.431216e-02
-4.192500e+00	1.126775e-02
-4.190000e+00	8.997968e-03
-4.187500e+00	7.298660e-03
-4.185000e+00	6.011418e-03
-4.182500e+00	5.021990e-03
-4.180000e+00	4.249848e-03
-4.177500e+00	3.638344e-03
-4.175000e+00	3.147330e-03
-4.172500e+00	2.748015e-03
-4.170000e+00	2.419468e-03
-4.167500e+00	2.146261e-03
-4.165000e+00	1.916862e-03
-4.162500e+00	1.722540e-03
-4.160000e+00	1.556600e-03
-4.157500e+00	1.413850e-03
-4.155000e+00	1.290216e-03
-4.152500e+00	1.182472e-03
-4.150000e+00	1.088038e-03
-4.147500e+00	1.004830e-03
-4.145000e+00	9.311565e-04
-4.142500e+00	8.656275e-04
-4.140000e+00	8.070968e-04
-4.137500e+00	7.546115e-04
-4.135000e+00	7.073746e-04
-4.132500e+00	6.647153e-04
-4.130000e+00	6.260662e-04
-4.127500e+00	5.909448e-04
-4.125000e+00	5.589385e-04
-4.122500e+00	5.296934e-04
-4.120000e+00	5.029040e-04
-4.117500e+00	4.783059e-04
-4.115000e+00	4.556693e-04
-4.112500e+00	4.347934e-04
-4.110000e+00	4.155027e-04
-4.107500e+00	3.976429e-04
-4.105000e+00	3.810779e-04
-4.102500e+00	3.656875e-04
-4.100000e+00	3.513650e-04
-4.097500e+00	3.380157e-04
-4.095000e+00	3.255550e-04
-4.092500e+00	3.139075e-04
-4.090000e+00	3.030054e-04
-4.087500e+00	2.927880e-04
-4.085000e+00	2.832006e-04
-4.082500e+00	2.741938e-04
-4.080000e+00	2.657232e-04
-4.077500e+00	2.577483e-04
-4.075000e+00	2.502325e-04
-4.072500e+00	2.431426e-04
-4.070000e+00	2.364483e-04
-4.067500e+00	2.301218e-04
-4.065000e+00	2.241380e-04
-4.062500e+00	2.184737e-04
-4.060000e+00	2.131079e-04
-4.057500e+00	2.080210e-04
-4.055000e+00	2.031952e-04
-4.052500e+00	1.986141e-04
-4.050000e+00	1.942626e-04
-4.047500e+00	1.901267e-04
-4.045000e+00	1.861934e-04
-4.042500e+00	1.824510e-04
-4.040000e+00	1.788882e-04
-4.037500e+00	1.754950e-04
-4.035000e+00	1.722617e-04
-4.032500e+00	1.691796e-04
-4.030000e+00	1.662404e-04
-4.027500e+00	1.634366e-04
-4.025000e+00	1.607610e-04
-4.022500e+00	1.582069e-04
-4.020000e+00	1.557683e-04
-4.017500e+00	1.534392e-04
-4.015000e+00	1.512144e-04
-4.012500e+00	1.490887e-04
-4.010000e+00	1.470574e-04
-4.007500e+00	1.451161e-04
-4.005000e+00	1.432607e-04
-4.002500e+00	1.414871e-04
-4.000000e+00	1.397919e-04
-3.997500e+00	1.381714e-04
-3.995000e+00	1.366226e-04
-3.992500e+00	1.351423e-04
-3.990000e+00	1.337278e-04
-3.987500e+00	1.323762e-04
-3.985000e+00	1.310851e-04
-3.982500e+00	1.298521e-04
-3.980000e+00	1.286749e-04
-3.977500e+00	1.275514e-04
-3.975000e+00	1.264796e-04
-3.972500e+00	1.254577e-04
-3.970000e+00	1.244838e-04
-3.967500e+00	1.235562e-04
-3.965000e+00	1.226734e-04
-3.962500e+00	1.218339e-04
-3.960000e+00	1.210362e-04
-3.957500e+00	1.202790e-04
-3.955000e+00	1.195610e-04
-3.952500e+00	1.188811e-04
-3.950000e+00	1.182381e-04
-3.947500e+00	1.176309e-04
-3.945000e+00	1.170586e-04
-3.942500e+00	1.165202e-04
-3.940000e+00	1.160148e-04
-3.937500e+00	1.155415e-04
-3.935000e+00	1.150996e-04
-3.932500e+00	1.146884e-04
-3.930000e+00	1.143070e-04
-3.927500e+00	1.139548e-04
-3.925000e+00	1.136313e-04
-3.922500e+00	1.133358e-04
-3.920000e+00	1.130679e-04
-3.917500e+00	1.128268e-04
-3.915000e+00	1.126123e-04
-3.912500e+00	1.124238e-04
-3.910000e+00	1.122610e-04
-3.907500e+00	1.121234e-04
-3.905000e+00	1.120108e-04
-3.902500e+00	1.119227e-04
-3.900000e+00	1.118589e-04
-3.897500e+00	1.118191e-04
-3.895000e+00	1.118030e-04
-3.892500e+00	1.118105e-04
-3.890000e+00	1.118414e-04
-3.887500e+00	1.118954e-04
-3.885000e+00	1.119724e-04
-3.882500e+00	1.120724e-04
-3.880000e+00	1.121952e-04
-3.877500e+00	1.123407e-04
-3.875000e+00	1.125088e-04
-3.872500e+00	1.126996e-04
-3.870000e+00	1.129130e-04
-3.867500e+00	1.131491e-04
-3.865000e+00	1.134078e-04
-3.862500e+00	1.136892e-04
-3.860000e+00	1.139935e-04
-3.857500e+00	1.143206e-04
-3.855000e+00	1.146707e-04
-3.852500e+00	1.150439e-04
-3.850000e+00	1.154404e-04
-3.847500e+00	1.158604e-04
-3.845000e+00	1.163041e-04
-3.842500e+00	1.167716e-04
-3.840000e+00	1.172633e-04
-3.837500e+00	1.177795e-04
-3.835000e+00	1.183203e-04
-3.832500e+00	1.188862e-04
-3.830000e+00	1.194774e-04
-3.827500e+00	1.200944e-04
-3.825000e+00	1.207375e-04
-3.822500e+00	1.214072e-04
-3.820000e+00	1.221039e-04
-3.817500e+00	1.228280e-04
-3.815000e+00	1.235801e-04
-3.812500e+00	1.243607e-04
-3.810000e+00	1.251704e-04
-3.807500e+00	1.260098e-04
-3.805000e+00	1.268794e-04
-3.802500e+00	1.277800e-04
-3.800000e+00	1.287122e-04
-3.797500e+00	1.296768e-04
-3.795000e+00	1.306746e-04
-3.792500e+00	1.317063e-04
-3.790000e+00	1.327727e-04
-3.787500e+00	1.338749e-04
-3.785000e+00	1.350138e-04
-3.782500e+00	1.361902e-04
-3.780000e+00	1.374053e-04
-3.777500e+00	1.386601e-04
-3.775000e+00	1.399557e-04
-3.772500e+00	1.412935e-04
-3.770000e+00	1.426745e-04
-3.767500e+00	1.441002e-04
-3.765000e+00	1.455718e-04
-3.762500e+00	1.470910e-04
-3.760000e+00	1.486590e-04
-3.757500e+00	1.502777e-04
-3.755000e+00	1.519485e-04
-3.752500e+00	1.536734e-04
-3.750000e+00	1.554540e-04
-3.747500e+00	1.572924e-04
-3.745000e+00	1.591906e-04
-3.742500e+00	1.611508e-04
-3.740000e+00	1.631751e-04
-3.737500e+00	1.652659e-04
-3.735000e+00	1.674258e-04
-3.732500e+00	1.696573e-04
-3.730000e+00	1.719632e-04
-3.727500e+00	1.743464e-04
-3.725000e+00	1.768099e-04
-3.722500e+00	1.793570e-04
-3.720000e+00	1.819910e-04
-3.717500e+00	1.847156e-04
-3.715000e+00	1.875345e-04
-3.712500e+00	1.904517e-04
-3.710000e+00	1.934714e-04
-3.707500e+00	1.965981e-04
-3.705000e+00	1.998365e-04
-3.702500e+00	2.031915e-04
-3.700000e+00	2.066685e-04
-3.697500e+00	2.102731e-04
-3.695000e+00	2.140111e-04
-3.692500e+00	2.178889e-04
-3.690000e+00	2.219132e-04
-3.687500e+00	2.260910e-04
-3.685000e+00	2.304299e-04
-3.682500e+00	2.349379e-04
-3.680000e+00	2.396235e-04
-3.677500e+00	2.444958e-04
-3.675000e+00	2.495646e-04
-3.672500e+00	2.548402e-04
-3.670000e+00	2.603336e-04
-3.667500e+00	2.660566e-04
-3.665000e+00	2.720219e-04
-3.662500e+00	2.782429e-04
-3.660000e+00	2.847342e-04
-3.657500e+00	2.915113e-04
-3.655000e+00	2.985909e-04
-3.652500e+00	3.059909e-04
-3.650000e+00	3.137305e-04
-3.647500e+00	3.218307e-04
-3.645000e+00	3.303137e-04
-3.642500e+00	3.392037e-04
-3.640000e+00	3.485269e-04
-3.637500e+00	3.583115e-04
-3.635000e+00	3.685882e-04
-3.632500e+00	3.793901e-04
-3.630000e+00	3.907534e-04
-3.627500e+00	4.027172e-04
-3.625000e+00	4.153242e-04
-3.622500e+00	4.286212e-04
-3.620000e+00	4.426589e-04
-3.617500e+00	4.574931e-04
-3.615000e+00	4.731849e-04
-3.612500e+00	4.898012e-04
-3.610000e+00	5.074157e-04
-3.607500e+00	5.261095e-04
-3.605000e+00	5.459724e-04
-3.602500e+00	5.671033e-04
-3.600000e+00	5.896120e-04
-3.597500e+00	6.136204e-04
-3.595000e+00	6.392643e-04
-3.592500e+00	6.666950e-04
-3.590000e+00	6.960818e-04
-3.587500e+00	7.276143e-04
-3.585000e+00	7.615059e-04
-3.582500e+00	7.979969e-04
-3.580000e+00	8.373590e-04
-3.577500e+00	8.799000e-04
-3.575000e+00	9.259704e-04
-3.572500e+00	9.759697e-04
-3.570000e+00	1.030355e-03
-3.567500e+00	1.089654e-03
-3.565000e+00	1.154471e-03
-3.562500e+00	1.225511e-03
-3.560000e+00	1.303590e-03
-3.557500e+00	1.389664e-03
-3.555000e+00	1.484857e-03
-3.552500e+00	1.590492e-03
-3.550000e+00	1.708143e-03
-3.547500e+00	1.839686e-03
-3.545000e+00	1.987377e-03
-3.542500e+00	2.153942e-03
-3.540000e+00	2.342702e-03
-3.537500e+00	2.557731e-03
-3.535000e+00	2.804066e-03
-3.532500e+00	3.087996e-03
-3.530000e+00	3.417436e-03
-3.527500e+00	3.802457e-03
-3.525000e+00	4.256005e-03
-3.522500e+00	4.794916e-03
-3.520000e+00	5.441360e-03
-3.517500e+00	6.224900e-03
-3.515000e+00	7.185514e-03
-3.512500e+00	8.378010e-03
-3.510000e+00	9.878573e-03
-3.507500e+00	1.179442e-02
-3.505000e+00	1.427780e-02
-3.502500e+00	1.754509e-02
-3.500000e+00	2.189886e-02
-3.497500e+00	2.773892e-02
-3.495000e+00	3.551253e-02
-3.492500e+00	4.546537e-02
-3.490000e+00	5.694470e-02
-3.487500e+00	6.729508e-02
-3.485000e+00	7.197685e-02
-3.482500e+00	6.820487e-02
-3.480000e+00	5.825968e-02
-3.477500e+00	4.672815e-02
-3.475000e+00	3.654062e-02
-3.472500e+00	2.852224e-02
-3.470000e+00	2.248375e-02
-3.467500e+00	1.798240e-02
-3.465000e+00	1.460836e-02
-3.462500e+00	1.204804e-02
-3.460000e+00	1.007632e-02
-3.457500e+00	8.534678e-03
-3.455000e+00	7.311564e-03
-3.452500e+00	6.327804e-03
-3.450000e+00	5.526528e-03
-3.447500e+00	4.866321e-03
-3.445000e+00	4.316602e-03
-3.442500e+00	3.854478e-03
-3.440000e+00	3.462586e-03
-3.437500e+00	3.127592e-03
-3.435000e+00	2.839140e-03
-3.432500e+00	2.589096e-03
-3.430000e+00	2.371009e-03
-3.427500e+00	2.179714e-03
-3.425000e+00	2.011039e-03
-3.422500e+00	1.861585e-03
-3.420000e+00	1.728566e-03
-3.417500e+00	1.609678e-03
-3.415000e+00	1.503005e-03
-3.412500e+00	1.406942e-03
-3.410000e+00	1.320138e-03
-3.407500e+00	1.241451e-03
-3.405000e+00	1.169906e-03
-3.402500e+00	1.104673e-03
-3.400000e+00	1.045035e-03
-3.397500e+00	9.903770e-04
-3.395000e+00	9.401635e-04
-3.392500e+00	8.939301e-04
-3.390000e+00	8.512709e-04
-3.387500e+00	8.118305e-04
-3.385000e+00	7.752966e-04
-3.382500e+00	7.413936e-04
-3.380000e+00	7.098780e-04
-3.377500e+00	6.805337e-04
-3.375000e+00	6.531684e-04
-3.372500e+00	6.276109e-04
-3.370000e+00	6.037079e-04
-3.367500e+00	5.813221e-04
-3.365000e+00	5.603302e-04
-3.362500e+00	5.406211e-04
-3.360000e+00	5.220949e-04
-3.357500e+00	5.046609e-04
-3.355000e+00	4.882371e-04
-3.352500e+00	4.727491e-04
-3.350000e+00	4.581294e-04
-3.347500e+00	4.443164e-04
-3.345000e+00	4.312538e-04
-3.342500e+00	4.188904e-04
-3.340000e+00	4.071792e-04
-3.337500e+00	3.960772e-04
-3.335000e+00	3.855448e-04
-3.332500e+00	3.755459e-04
-3.330000e+00	3.660470e-04
-3.327500e+00	3.570173e-04
-3.325000e+00	3.484285e-04
-3.322500e+00	3.402543e-04
-3.320000e+00	3.324705e-04
-3.317500e+00	3.250547e-04
-3.315000e+00	3.179860e-04
-3.312500e+00	3.112452e-04
-3.310000e+00	3.048144e-04
-3.307500e+00	2.986769e-04
-3.305000e+00	2.928172e-04
-3.302500e+00	2.872210e-04
-3.300000e+00	2.818747e-04
-3.297500e+00	2.767659e-04
-3.295000e+00	2.718828e-04
-3.292500e+00	2.672146e-04
-3.290000e+00	2.627510e-04
-3.287500e+00	2.584826e-04
-3.285000e+00	2.544003e-04
-3.282500e+00	2.504958e-04
-3.280000e+00	2.467613e-04
-3.277500e+00	2.431895e-04
-3.275000e+00	2.397735e-04
-3.272500e+00	2.365069e-04
-3.270000e+00	2.333835e-04
-3.267500e+00	2.303978e-04
-3.265000e+00	2.275444e-04
-3.262500e+00	2.248184e-04
-3.260000e+00	2.222150e-04
-3.257500e+00	2.197299e-04
-3.255000e+00	2.173590e-04
-3.252500e+00	2.150983e-04
-3.250000e+00	2.129444e-04
-3.247500e+00	2.108937e-04
-3.245000e+00	2.089431e-04
-3.242500e+00	2.070898e-04
-3.240000e+00	2.053308e-04
-3.237500e+00	2.036636e-04
-3.235000e+00	2.020859e-04
-3.232500e+00	2.005953e-04
-3.230000e+00	1.991898e-04
-3.227500e+00	1.978675e-04
-3.225000e+00	1.966266e-04
-3.222500e+00	1.954655e-04
-3.220000e+00	1.943827e-04
-3.217500e+00	1.933768e-04
-3.215000e+00	1.924467e-04
-3.212500e+00	1.915912e-04
-3.210000e+00	1.908094e-04
-3.207500e+00	1.901004e-04
-3.205000e+00	1.894635e-04
-3.202500e+00	1.888981e-04
-3.200000e+00	1.884036e-04
-3.197500e+00	1.879798e-04
-3.195000e+00	1.876263e-04
-3.192500e+00	1.873430e-04
-3.190000e+00	1.871299e-04
-3.187500e+00	1.869870e-04
-3.185000e+00	1.869145e-04
-3.182500e+00	1.869128e-04
-3.180000e+00	1.869823e-04
-3.177500e+00	1.871236e-04
-3.175000e+00	1.873373e-04
-3.172500e+00	1.876242e-04
-3.170000e+00	1.879854e-04
-3.167500e+00	1.884218e-04
-3.165000e+00	1.889348e-04
-3.162500e+00	1.895257e-04
-3.160000e+00	1.901960e-04
-3.157500e+00	1.909474e-04
-3.155000e+00	1.917818e-04
-3.152500e+00	1.927012e-04
-3.150000e+00	1.937079e-04
-3.147500e+00	1.948042e-04
-3.145000e+00	1.959928e-04
-3.142500e+00	1.972765e-04
-3.140000e+00	1.986584e-04
-3.137500e+00	2.001419e-04
-3.135000e+00	2.017305e-04
-3.132500e+00	2.034282e-04
-3.130000e+00	2.052390e-04
-3.127500e+00	2.071676e-04
-3.125000e+00	2.092187e-04
-3.122500e+00	2.113976e-04
-3.120000e+00	2.137100e-04
-3.117500e+00	2.161618e-04
-3.115000e+00	2.187597e-04
-3.112500e+00	2.215107e-04
-3.110000e+00	2.244223e-04
-3.107500e+00	2.275027e-04
-3.105000e+00	2.307609e-04
-3.102500e+00	2.342063e-04
-3.100000e+00	2.378492e-04
-3.097500e+00	2.417008e-04
-3.095000e+00	2.457732e-04
-3.092500e+00	2.500793e-04
-3.090000e+00	2.546335e-04
-3.087500e+00	2.594509e-04
-3.085000e+00	2.645484e-04
-3.082500e+00	2.699441e-04
-3.080000e+00	2.756577e-04
-3.077500e+00	2.817108e-04
-3.075000e+00	2.881269e-04
-3.072500e+00	2.949318e-04
-3.070000e+00	3.021535e-04
-3.067500e+00	3.098230e-04
-3.065000e+00	3.179741e-04
-3.062500e+00	3.266442e-04
-3.060000e+00	3.358742e-04
-3.057500e+00	3.457095e-04
-3.055000e+00	3.562002e-04
-3.052500e+00	3.674019e-04
-3.050000e+00	3.793763e-04
-3.047500e+00	3.921919e-04
-3.045000e+00	4.059252e-04
-3.042500e+00	4.206618e-04
-3.040000e+00	4.364974e-04
-3.037500e+00	4.535398e-04
-3.035000e+00	4.719102e-04
-3.032500e+00	4.917455e-04
-3.030000e+00	5.132009e-04
-3.027500e+00	5.364526e-04
-3.025000e+00	5.617017e-04
-3.022500e+00	5.891782e-04
-3.020000e+00	6.191461e-04
-3.017500e+00	6.519097e-04
-3.015000e+00	6.878211e-04
-3.012500e+00	7.272895e-04
-3.010000e+00	7.707927e-04
-3.007500e+00	8.188907e-04
-3.005000e+00	8.722439e-04
-3.002500e+00	9.316351e-04
-3.000000e+00	9.979970e-04
-2.997500e+00	1.072448e-03
-2.995000e+00	1.156338e-03
-2.992500e+00	1.251309e-03
-2.990000e+00	1.359367e-03
-2.987500e+00	1.482993e-03
-2.985000e+00	1.625272e-03
-2.982500e+00	1.790078e-03
-2.980000e+00	1.982326e-03
-2.977500e+00	2.208316e-03
-2.975000e+00	2.476216e-03
-2.972500e+00	2.796738e-03
-2.970000e+00	3.184124e-03
-2.967500e+00	3.657550e-03
-2.965000e+00	4.243212e-03
-2.962500e+00	4.977386e-03
-2.960000e+00	5.910960e-03
-2.957500e+00	7.116058e-03
-2.955000e+00	8.695280e-03
-2.952500e+00	1.079312e-02
-2.950000e+00	1.360477e-02
-2.947500e+00	1.736348e-02
-2.945000e+00	2.225038e-02
-2.942500e+00	2.810801e-02
-2.940000e+00	3.388748e-02
-2.937500e+00	3.738301e-02
-2.935000e+00	3.662514e-02
-2.932500e+00	3.208303e-02
-2.930000e+00	2.608223e-02
-2.927500e+00	2.048950e-02
-2.925000e+00	1.598778e-02
-2.922500e+00	1.257151e-02
-2.920000e+00	1.002308e-02
-2.917500e+00	8.117570e-03
-2.915000e+00	6.677031e-03
-2.912500e+00	5.572265e-03
-2.910000e+00	4.712048e-03
-2.907500e+00	4.032245e-03
-2.905000e+00	3.487469e-03
-2.902500e+00	3.045231e-03
-2.900000e+00	2.681964e-03
-2.897500e+00	2.380334e-03
-2.895000e+00	2.127410e-03
-2.892500e+00	1.913421e-03
-2.890000e+00	1.730888e-03
-2.887500e+00	1.574019e-03
-2.885000e+00	1.438281e-03
-2.882500e+00	1.320085e-03
-2.880000e+00	1.216568e-03
-2.877500e+00	1.125421e-03
-2.875000e+00	1.044767e-03
-2.872500e+00	9.730706e-04
-2.870000e+00	9.090654e-04
-2.867500e+00	8.516991e-04
-2.865000e+00	8.000925e-04
-2.862500e+00	7.535065e-04
-2.860000e+00	7.113165e-04
-2.857500e+00	6.729915e-04
-2.855000e+00	6.380779e-04
-2.852500e+00	6.061869e-04
-2.850000e+00	5.769830e-04
-2.847500e+00	5.501762e-04
-2.845000e+00	5.255144e-04
-2.842500e+00	5.027776e-04
-2.840000e+00	4.817736e-04
-2.837500e+00	4.623333e-04
-2.835000e+00	4.443078e-04
-2.832500e+00	4.275658e-04
-2.830000e+00	4.119905e-04
-2.827500e+00	3.974784e-04
-2.825000e+00	3.839372e-04
-2.822500e+00	3.712845e-04
-2.820000e+00	3.594462e-04
-2.817500e+00	3.483563e-04
-2.815000e+00	3.379550e-04
-2.812500e+00	3.281886e-04
-2.810000e+00	3.190086e-04
-2.807500e+00	3.103709e-04
-2.805000e+00	3.022357e-04
-2.802500e+00	2.945668e-04
-2.800000e+00	2.873312e-04
-2.797500e+00	2.804989e-04
-2.795000e+00	2.740425e-04
-2.792500e+00	2.679368e-04
-2.790000e+00	2.621589e-04
-2.787500e+00	2.566877e-04
-2.785000e+00	2.515039e-04
-2.782500e+00	2.465896e-04
-2.780000e+00	2.419286e-04
-2.777500e+00	2.375055e-04
-2.775000e+00	2.333067e-04
-2.772500e+00	2.293190e-04
-2.770000e+00	2.255307e-04
-2.767500e+00	2.219306e-04
-2.765000e+00	2.185086e-04
-2.762500e+00	2.152552e-04
-2.760000e+00	2.121615e-04
-2.757500e+00	2.092194e-04
-2.755000e+00	2.064212e-04
-2.752500e+00	2.037599e-04
-2.750000e+00	2.012288e-04
-2.747500e+00	1.988219e-04
-2.745000e+00	1.965333e-04
-2.742500e+00	1.943577e-04
-2.740000e+00	1.922901e-04
-2.737500e+00	1.903259e-04
-2.735000e+00	1.884606e-04
-2.732500e+00	1.866903e-04
-2.730000e+00	1.850110e-04
-2.727500e+00	1.834193e-04
-2.725000e+00	1.819118e-04
-2.722500e+00	1.804853e-04
-2.720000e+00	1.791371e-04
-2.717500e+00	1.778642e-04
-2.715000e+00	1.766643e-04
-2.712500e+00	1.755349e-04
-2.710000e+00	1.744738e-04
-2.707500e+00	1.734790e-04
-2.705000e+00	1.725484e-04
-2.702500e+00	1.716804e-04
-2.700000e+00	1.708732e-04
-2.697500e+00	1.701253e-04
-2.695000e+00	1.694352e-04
-2.692500e+00	1.688017e-04
-2.690000e+00	1.682235e-04
-2.687500e+00	1.676994e-04
-2.685000e+00	1.672285e-04
-2.682500e+00	1.668097e-04
-2.680000e+00	1.664423e-04
-2.677500e+00	1.661255e-04
-2.675000e+00	1.658586e-04
-2.672500e+00	1.656409e-04
-2.670000e+00	1.654721e-04
-2.667500e+00	1.653515e-04
-2.665000e+00	1.652788e-04
-2.662500e+00	1.652537e-04
-2.660000e+00	1.652761e-04
-2.657500e+00	1.653456e-04
-2.655000e+00	1.654622e-04
-2.652500e+00	1.656260e-04
-2.650000e+00	1.658369e-04
-2.647500e+00	1.660950e-04
-2.645000e+00	1.664006e-04
-2.642500e+00	1.667539e-04
-2.640000e+00	1.671552e-04
-2.637500e+00	1.676049e-04
-2.635000e+00	1.681035e-04
-2.632500e+00	1.686515e-04
-2.630000e+00	1.692496e-04
-2.627500e+00	1.698984e-04
-2.625000e+00	1.705987e-04
-2.622500e+00	1.713515e-04
-2.620000e+00	1.721575e-04
-2.617500e+00	1.730179e-04
-2.615000e+00	1.739338e-04
-2.612500e+00	1.749065e-04
-2.610000e+00	1.759371e-04
-2.607500e+00	1.770272e-04
-2.605000e+00	1.781783e-04
-2.602500e+00	1.793921e-04
-2.600000e+00	1.806702e-04
-2.597500e+00	1.820146e-04
-2.595000e+00	1.834274e-04
-2.592500e+00	1.849106e-04
-2.590000e+00	1.864667e-04
-2.587500e+00	1.880980e-04
-2.585000e+00	1.898073e-04
-2.582500e+00	1.915973e-04
-2.580000e+00	1.934710e-04
-2.577500e+00	1.954317e-04
-2.575000e+00	1.974828e-04
-2.572500e+00	1.996279e-04
-2.570000e+00	2.018710e-04
-2.567500e+00	2.042161e-04
-2.565000e+00	2.066678e-04
-2.562500e+00	2.092308e-04
-2.560000e+00	2.119101e-04
-2.557500e+00	2.147113e-04
-2.555000e+00	2.176400e-04
-2.552500e+00	2.207025e-04
-2.550000e+00	2.239055e-04
-2.547500e+00	2.272560e-04
-2.545000e+00	2.307617e-04
-2.542500e+00	2.344307e-04
-2.540000e+00	2.382720e-04
-2.537500e+00	2.422948e-04
-2.535000e+00	2.465095e-04
-2.532500e+00	2.509269e-04
-2.530000e+00	2.555588e-04
-2.527500e+00	2.604180e-04
-2.525000e+00	2.655182e-04
-2.522500e+00	2.708741e-04
-2.520000e+00	2.765020e-04
-2.517500e+00	2.824192e-04
-2.515000e+00	2.886445e-04
-2.512500e+00	2.951985e-04
-2.510000e+00	3.021035e-04
-2.507500e+00	3.093837e-04
-2.505000e+00	3.170657e-04
-2.502500e+00	3.251782e-04
-2.500000e+00	3.337529e-04
-2.497500e+00	3.428246e-04
-2.495000e+00	3.524310e-04
-2.492500e+00	3.626141e-04
-2.490000e+00	3.734198e-04
-2.487500e+00	3.848988e-04
-2.485000e+00	3.971072e-04
-2.482500e+00	4.101071e-04
-2.480000e+00	4.239672e-04
-2.477500e+00	4.387643e-04
-2.475000e+00	4.545838e-04
-2.472500e+00	4.715209e-04
-2.470000e+00	4.896826e-04
-2.467500e+00	5.091888e-04
-2.465000e+00	5.301746e-04
-2.462500e+00	5.527925e-04
-2.460000e+00	5.772151e-04
-2.457500e+00	6.036388e-04
-2.455000e+00	6.322869e-04
-2.452500e+00	6.634153e-04
-2.450000e+00	6.973173e-04
-2.447500e+00	7.343309e-04
-2.445000e+00	7.748472e-04
-2.442500e+00	8.193202e-04
-2.440000e+00	8.682799e-04
-2.437500e+00	9.223474e-04
-2.435000e+00	9.822546e-04
-2.432500e+00	1.048868e-03
-2.430000e+00	1.123221e-03
-2.427500e+00	1.206551e-03
-2.425000e+00	1.300351e-03
-2.422500e+00	1.406433e-03
-2.420000e+00	1.527016e-03
-2.417500e+00	1.664835e-03
-2.415000e+00	1.823292e-03
-2.412500e+00	2.006655e-03
-2.410000e+00	2.220335e-03
-2.407500e+00	2.471260e-03
-2.405000e+00	2.768399e-03
-2.402500e+00	3.123512e-03
-2.400000e+00	3.552204e-03
-2.397500e+00	4.075471e-03
-2.395000e+00	4.721953e-03
-2.392500e+00	5.531266e-03
-2.390000e+00	6.558927e-03
-2.387500e+00	7.883557e-03
-2.385000e+00	9.617015e-03
-2.382500e+00	1.191711e-02
-2.380000e+00	1.499825e-02
-2.377500e+00	1.912103e-02
-2.375000e+00	2.450274e-02
-2.372500e+00	3.102114e-02
-2.370000e+00	3.761134e-02
-2.367500e+00	4.188038e-02
-2.365000e+00	4.147551e-02
-2.362500e+00	3.664846e-02
-2.360000e+00	2.994209e-02
-2.357500e+00	2.356692e-02
-2.355000e+00	1.839218e-02
-2.352500e+00	1.445334e-02
-2.350000e+00	1.151378e-02
-2.347500e+00	9.317436e-03
-2.345000e+00	7.659108e-03
-2.342500e+00	6.389156e-03
-2.340000e+00	5.401793e-03
-2.337500e+00	4.622656e-03
-2.335000e+00	3.999163e-03
-2.332500e+00	3.493720e-03
-2.330000e+00	3.079089e-03
-2.327500e+00	2.735258e-03
-2.325000e+00	2.447319e-03
-2.322500e+00	2.204018e-03
-2.320000e+00	1.996752e-03
-2.317500e+00	1.818864e-03
-2.315000e+00	1.665150e-03
-2.312500e+00	1.531493e-03
-2.310000e+00	1.414611e-03
-2.307500e+00	1.311860e-03
-2.305000e+00	1.221092e-03
-2.302500e+00	1.140553e-03
-2.300000e+00	1.068793e-03
-2.297500e+00	1.004612e-03
-2.295000e+00	9.470066e-04
-2.292500e+00	8.951338e-04
-2.290000e+00	8.482818e-04
-2.287500e+00	8.058456e-04
-2.285000e+00	7.673095e-04
-2.282500e+00	7.322308e-04
-2.280000e+00	7.002287e-04
-2.277500e+00	6.709735e-04
-2.275000e+00	6.441793e-04
-2.272500e+00	6.195969e-04
-2.270000e+00	5.970085e-04
-2.267500e+00	5.762230e-04
-2.265000e+00	5.570721e-04
-2.262500e+00	5.394076e-04
-2.260000e+00	5.230981e-04
-2.257500e+00	5.080273e-04
-2.255000e+00	4.940915e-04
-2.252500e+00	4.811984e-04
-2.250000e+00	4.692655e-04
-2.247500e+00	4.582192e-04
-2.245000e+00	4.479931e-04
-2.242500e+00	4.385280e-04
-2.240000e+00	4.297703e-04
-2.237500e+00	4.216719e-04
-2.235000e+00	4.141895e-04
-2.232500e+00	4.072839e-04
-2.230000e+00	4.009197e-04
-2.227500e+00	3.950650e-04
-2.225000e+00	3.896907e-04
-2.222500e+00	3.847709e-04
-2.220000e+00	3.802819e-04
-2.217500e+00	3.762024e-04
-2.215000e+00	3.725131e-04
-2.212500e+00	3.691966e-04
-2.210000e+00	3.662373e-04
-2.207500e+00	3.636214e-04
-2.205000e+00	3.613361e-04
-2.202500e+00	3.593705e-04
-2.200000e+00	3.577147e-04
-2.197500e+00	3.563599e-04
-2.195000e+00	3.552988e-04
-2.192500e+00	3.545248e-04
-2.190000e+00	3.540325e-04
-2.187500e+00	3.538175e-04
-2.185000e+00	3.538762e-04
-2.182500e+00	3.542060e-04
-2.180000e+00	3.548051e-04
-2.177500e+00	3.556726e-04
-2.175000e+00	3.568084e-04
-2.172500e+00	3.582133e-04
-2.170000e+00	3.598889e-04
-2.167500e+00	3.618376e-04
-2.165000e+00	3.640627e-04
-2.162500e+00	3.665683e-04
-2.160000e+00	3.693594e-04
-2.157500e+00	3.724420e-04
-2.155000e+00	3.758228e-04
-2.152500e+00	3.795097e-04
-2.150000e+00	3.835116e-04
-2.147500e+00	3.878384e-04
-2.145000e+00	3.925010e-04
-2.142500e+00	3.975118e-04
-2.140000e+00	4.028843e-04
-2.137500e+00	4.086333e-04
-2.135000e+00	4.147752e-04
-2.132500e+00	4.213279e-04
-2.130000e+00	4.283111e-04
-2.127500e+00	4.357461e-04
-2.125000e+00	4.436566e-04
-2.122500e+00	4.520680e-04
-2.120000e+00	4.610083e-04
-2.117500e+00	4.705083e-04
-2.115000e+00	4.806013e-04
-2.112500e+00	4.913238e-04
-2.110000e+00	5.027159e-04
-2.107500e+00	5.148214e-04
-2.105000e+00	5.276882e-04
-2.102500e+00	5.413689e-04
-2.100000e+00	5.559215e-04
-2.097500e+00	5.714094e-04
-2.095000e+00	5.879026e-04
-2.092500e+00	6.054785e-04
-2.090000e+00	6.242220e-04
-2.087500e+00	6.442277e-04
-2.085000e+00	6.656001e-04
-2.082500e+00	6.884551e-04
-2.080000e+00	7.129219e-04
-2.077500e+00	7.391445e-04
-2.075000e+00	7.672837e-04
-2.072500e+00	7.975198e-04
-2.070000e+00	8.300550e-04
-2.067500e+00	8.651170e-04
-2.065000e+00	9.029630e-04
-2.062500e+00	9.438838e-04
-2.060000e+00	9.882098e-04
-2.057500e+00	1.036317e-03
-2.055000e+00	1.088636e-03
-2.052500e+00	1.145660e-03
-2.050000e+00	1.207956e-03
-2.047500e+00	1.276181e-03
-2.045000e+00	1.351095e-03
-2.042500e+00	1.433586e-03
-2.040000e+00	1.524693e-03
-2.037500e+00	1.625638e-03
-2.035000e+00	1.737869e-03
-2.032500e+00	1.863104e-03
-2.030000e+00	2.003403e-03
-2.027500e+00	2.161246e-03
-2.025000e+00	2.339636e-03
-2.022500e+00	2.542245e-03
-2.020000e+00	2.773588e-03
-2.017500e+00	3.039272e-03
-2.015000e+00	3.346312e-03
-2.012500e+00	3.703579e-03
-2.010000e+00	4.122399e-03
-2.007500e+00	4.617399e-03
-2.005000e+00	5.207686e-03
-2.002500e+00	5.918542e-03
-2.000000e+00	6.783856e-03
-1.997500e+00	7.849697e-03
-1.995000e+00	9.179562e-03
-1.992500e+00	1.086215e-02
-1.990000e+00	1.302279e-02
-1.987500e+00	1.583975e-02
-1.985000e+00	1.956551e-02
-1.982500e+00	2.454797e-02
-1.980000e+00	3.122747e-02
-1.977500e+00	4.003184e-02
-1.975000e+00	5.097900e-02
-1.972500e+00	6.274784e-02
-1.970000e+00	7.169952e-02
-1.967500e+00	7.326472e-02
-1.965000e+00	6.647497e-02
-1.962500e+00	5.516392e-02
-1.960000e+00	4.366995e-02
-1.957500e+00	3.407005e-02
-1.955000e+00	2.668318e-02
-1.952500e+00	2.115696e-02
-1.950000e+00	1.703391e-02
-1.947500e+00	1.393049e-02
-1.945000e+00	1.156263e-02
-1.942500e+00	9.728547e-03
-1.940000e+00	8.286421e-03
-1.937500e+00	7.136179e-03
-1.935000e+00	6.206500e-03
-1.932500e+00	5.445885e-03
-1.930000e+00	4.816637e-03
-1.927500e+00	4.290768e-03
-1.925000e+00	3.847223e-03
-1.922500e+00	3.469955e-03
-1.920000e+00	3.146586e-03
-1.917500e+00	2.867460e-03
-1.915000e+00	2.624965e-03
-1.912500e+00	2.413042e-03
-1.910000e+00	2.226822e-03
-1.907500e+00	2.062361e-03
-1.905000e+00	1.916437e-03
-1.902500e+00	1.786399e-03
-1.900000e+00	1.670052e-03
-1.897500e+00	1.565563e-03
-1.895000e+00	1.471397e-03
-1.892500e+00	1.386257e-03
-1.890000e+00	1.309045e-03
-1.887500e+00	1.238822e-03
-1.885000e+00	1.174786e-03
-1.882500e+00	1.116246e-03
-1.880000e+00	1.062606e-03
-1.877500e+00	1.013347e-03
-1.875000e+00	9.680180e-04
-1.872500e+00	9.262259e-04
-1.870000e+00	8.876247e-04
-1.867500e+00	8.519106e-04
-1.865000e+00	8.188154e-04
-1.862500e+00	7.881018e-04
-1.860000e+00	7.595592e-04
-1.857500e+00	7.330003e-04
-1.855000e+00	7.082580e-04
-1.852500e+00	6.851830e-04
-1.850000e+00	6.636414e-04
-1.847500e+00	6.435132e-04
-1.845000e+00	6.246903e-04
-1.842500e+00	6.070753e-04
-1.840000e+00	5.905805e-04
-1.837500e+00	5.751262e-04
-1.835000e+00	5.606405e-04
-1.832500e+00	5.470582e-04
-1.830000e+00	5.343201e-04
-1.827500e+00	5.223724e-04
-1.825000e+00	5.111660e-04
-1.822500e+00	5.006564e-04
-1.820000e+00	4.908030e-04
-1.817500e+00	4.815689e-04
-1.815000e+00	4.729203e-04
-1.812500e+00	4.648264e-04
-1.810000e+00	4.572594e-04
-1.807500e+00	4.501937e-04
-1.805000e+00	4.436061e-04
-1.802500e+00	4.374756e-04
-1.800000e+00	4.317831e-04
-1.797500e+00	4.265113e-04
-1.795000e+00	4.216448e-04
-1.792500e+00	4.171696e-04
-1.790000e+00	4.130732e-04
-1.787500e+00	4.093447e-04
-1.785000e+00	4.059743e-04
-1.782500e+00	4.029538e-04
-1.780000e+00	4.002760e-04
-1.777500e+00	3.979350e-04
-1.775000e+00	3.959261e-04
-1.772500e+00	3.942456e-04
-1.770000e+00	3.928912e-04
-1.767500e+00	3.918614e-04
-1.765000e+00	3.911561e-04
-1.762500e+00	3.907762e-04
-1.760000e+00	3.907238e-04
-1.757500e+00	3.910022e-04
-1.755000e+00	3.916158e-04
-1.752500e+00	3.925705e-04
-1.750000e+00	3.938733e-04
-1.747500e+00	3.955328e-04
-1.745000e+00	3.975588e-04
-1.742500e+00	3.999629e-04
-1.740000e+00	4.027583e-04
-1.737500e+00	4.059601e-04
-1.735000e+00	4.095852e-04
-1.732500e+00	4.136528e-04
-1.730000e+00	4.181842e-04
-1.727500e+00	4.232034e-04
-1.725000e+00	4.287372e-04
-1.722500e+00	4.348154e-04
-1.720000e+00	4.414713e-04
-1.717500e+00	4.487417e-04
-1.715000e+00	4.566681e-04
-1.712500e+00	4.652962e-04
-1.710000e+00	4.746775e-04
-1.707500e+00	4.848690e-04
-1.705000e+00	4.959346e-04
-1.702500e+00	5.079459e-04
-1.700000e+00	5.209831e-04
-1.697500e+00	5.351360e-04
-1.695000e+00	5.505059e-04
-1.692500e+00	5.672070e-04
-1.690000e+00	5.853683e-04
-1.687500e+00	6.051358e-04
-1.685000e+00	6.266755e-04
-1.682500e+00	6.501766e-04
-1.680000e+00	6.758553e-04
-1.677500e+00	7.039594e-04
-1.675000e+00	7.347742e-04
-1.672500e+00	7.686289e-04
-1.670000e+00	8.059058e-04
-1.667500e+00	8.470496e-04
-1.665000e+00	8.925808e-04
-1.662500e+00	9.431111e-04
-1.660000e+00	9.993631e-04
-1.657500e+00	1.062195e-03
-1.655000e+00	1.132633e-03
-1.652500e+00	1.211909e-03
-1.650000e+00	1.301516e-03
-1.647500e+00	1.403270e-03
-1.645000e+00	1.519406e-03
-1.642500e+00	1.652685e-03
-1.640000e+00	1.806558e-03
-1.637500e+00	1.985375e-03
-1.635000e+00	2.194674e-03
-1.632500e+00	2.441582e-03
-1.630000e+00	2.735376e-03
-1.627500e+00	3.088287e-03
-1.625000e+00	3.516647e-03
-1.622500e+00	4.042565e-03
-1.620000e+00	4.696391e-03
-1.617500e+00	5.520363e-03
-1.615000e+00	6.573983e-03
-1.612500e+00	7.941780e-03
-1.610000e+00	9.743834e-03
-1.607500e+00	1.214756e-02
-1.605000e+00	1.537231e-02
-1.602500e+00	1.965700e-02
-1.600000e+00	2.511063e-02
-1.597500e+00	3.131050e-02
-1.595000e+00	3.671262e-02
-1.592500e+00	3.885197e-02
-1.590000e+00	3.643906e-02
-1.587500e+00	3.091470e-02
-1.585000e+00	2.472972e-02
-1.582500e+00	1.934566e-02
-1.580000e+00	1.513355e-02
-1.577500e+00	1.196748e-02
-1.575000e+00	9.607192e-03
-1.572500e+00	7.836326e-03
-1.570000e+00	6.490777e-03
-1.567500e+00	5.453087e-03
-1.565000e+00	4.640602e-03
-1.562500e+00	3.995122e-03
-1.560000e+00	3.475302e-03
-1.557500e+00	3.051410e-03
-1.555000e+00	2.701767e-03
-1.552500e+00	2.410344e-03
-1.550000e+00	2.165129e-03
-1.547500e+00	1.957001e-03
-1.545000e+00	1.778946e-03
-1.542500e+00	1.625514e-03
-1.540000e+00	1.492418e-03
-1.537500e+00	1.376256e-03
-1.535000e+00	1.274303e-03
-1.532500e+00	1.184355e-03
-1.530000e+00	1.104615e-03
-1.527500e+00	1.033609e-03
-1.525000e+00	9.701190e-04
-1.522500e+00	9.131290e-04
-1.520000e+00	8.617896e-04
-1.517500e+00	8.153846e-04
-1.515000e+00	7.733076e-04
-1.512500e+00	7.350423e-04
-1.510000e+00	7.001471e-04
-1.507500e+00	6.682422e-04
-1.505000e+00	6.390002e-04
-1.502500e+00	6.121369e-04
-1.500000e+00	5.874053e-04
-1.497500e+00	5.645898e-04
-1.495000e+00	5.435013e-04
-1.492500e+00	5.239737e-04
-1.490000e+00	5.058604e-04
-1.487500e+00	4.890318e-04
-1.485000e+00	4.733730e-04
-1.482500e+00	4.587816e-04
-1.480000e+00	4.451665e-04
-1.477500e+00	4.324462e-04
-1.475000e+00	4.205476e-04
-1.472500e+00	4.094053e-04
-1.470000e+00	3.989600e-04
-1.467500e+00	3.891588e-04
-1.465000e+00	3.799534e-04
-1.462500e+00	3.713005e-04
-1.460000e+00	3.631605e-04
-1.457500e+00	3.554977e-04
-1.455000e+00	3.482796e-04
-1.452500e+00	3.414764e-04
-1.450000e+00	3.350612e-04
-1.447500e+00	3.290094e-04
-1.445000e+00	3.232984e-04
-1.442500e+00	3.179076e-04
-1.440000e+00	3.128183e-04
-1.437500e+00	3.080131e-04
-1.435000e+00	3.034763e-04
-1.432500e+00	2.991934e-04
-1.430000e+00	2.951513e-04
-1.427500e+00	2.913379e-04
-1.425000e+00	2.877421e-04
-1.422500e+00	2.843539e-04
-1.420000e+00	2.811642e-04
-1.417500e+00	2.781646e-04
-1.415000e+00	2.753478e-04
-1.412500e+00	2.727069e-04
-1.410000e+00	2.702361e-04
-1.407500e+00	2.679302e-04
-1.405000e+00	2.657845e-04
-1.402500e+00	2.637953e-04
-1.400000e+00	2.619595e-04
-1.397500e+00	2.602746e-04
-1.395000e+00	2.587389e-04
-1.392500e+00	2.573515e-04
-1.390000e+00	2.561123e-04
-1.387500e+00	2.550220e-04
-1.385000e+00	2.540822e-04
-1.382500e+00	2.532957e-04
-1.380000e+00	2.526662e-04
-1.377500e+00	2.521988e-04
-1.375000e+00	2.519001e-04
-1.372500e+00	2.517783e-04
-1.370000e+00	2.518436e-04
-1.367500e+00	2.521083e-04
-1.365000e+00	2.525878e-04
-1.362500e+00	2.533003e-04
-1.360000e+00	2.542682e-04
-1.357500e+00	2.555185e-04
-1.355000e+00	2.570839e-04
-1.352500e+00	2.590045e-04
-1.350000e+00	2.613290e-04
-1.347500e+00	2.641176e-04
-1.345000e+00	2.674445e-04
-1.342500e+00	2.714024e-04
-1.340000e+00	2.761071e-04
-1.337500e+00	2.817057e-04
-1.335000e+00	2.883860e-04
-1.332500e+00	2.963903e-04
-1.330000e+00	3.060351e-04
-1.327500e+00	3.177387e-04
-1.325000e+00	3.320612e-04
-1.322500e+00	3.497625e-04
-1.320000e+00	3.718882e-04
-1.317500e+00	3.998964e-04
-1.315000e+00	4.358446e-04
-1.312500e+00	4.826578e-04
-1.310000e+00	5.444869e-04
-1.307500e+00	6.270894e-04
-1.305000e+00	7.378965e-04
-1.302500e+00	8.846196e-04
-1.300000e+00	1.069447e-03
-1.297500e+00	1.274423e-03
-1.295000e+00	1.442775e-03
-1.292500e+00	1.493347e-03
-1.290000e+00	1.395375e-03
-1.287500e+00	1.206208e-03
-1.285000e+00	1.004603e-03
-1.282500e+00	8.328454e-04
-1.280000e+00	6.997514e-04
-1.277500e+00	6.001267e-04
-1.275000e+00	5.260134e-04
-1.272500e+00	4.705065e-04
-1.270000e+00	4.284322e-04
-1.267500e+00	3.961022e-04
-1.265000e+00	3.709232e-04
-1.262500e+00	3.510672e-04
-1.260000e+00	3.352339e-04
-1.257500e+00	3.224866e-04
-1.255000e+00	3.121408e-04
-1.252500e+00	3.036898e-04
-1.250000e+00	2.967531e-04
-1.247500e+00	2.910414e-04
-1.245000e+00	2.863321e-04
-1.242500e+00	2.824520e-04
-1.240000e+00	2.792646e-04
-1.237500e+00	2.766619e-04
-1.235000e+00	2.745571e-04
-1.232500e+00	2.728802e-04
-1.230000e+00	2.715741e-04
-1.227500e+00	2.705923e-04
-1.225000e+00	2.698960e-04
-1.222500e+00	2.694534e-04
-1.220000e+00	2.692378e-04
-1.217500e+00	2.692270e-04
-1.215000e+00	2.694020e-04
-1.212500e+00	2.697471e-04
-1.210000e+00	2.702490e-04
-1.207500e+00	2.708961e-04
-1.205000e+00	2.716789e-04
-1.202500e+00	2.725892e-04
-1.200000e+00	2.736200e-04
-1.197500e+00	2.747653e-04
-1.195000e+00	2.760203e-04
-1.192500e+00	2.773807e-04
-1.190000e+00	2.788429e-04
-1.187500e+00	2.804040e-04
-1.185000e+00	2.820616e-04
-1.182500e+00	2.838139e-04
-1.180000e+00	2.856592e-04
-1.177500e+00	2.875965e-04
-1.175000e+00	2.896249e-04
-1.172500e+00	2.917440e-04
-1.170000e+00	2.939535e-04
-1.167500e+00	2.962535e-04
-1.165000e+00	2.986444e-04
-1.162500e+00	3.011266e-04
-1.160000e+00	3.037008e-04
-1.157500e+00	3.063681e-04
-1.155000e+00	3.091295e-04
-1.152500e+00	3.119865e-04
-1.150000e+00	3.149404e-04
-1.147500e+00	3.179930e-04
-1.145000e+00	3.211462e-04
-1.142500e+00	3.244021e-04
-1.140000e+00	3.277628e-04
-1.137500e+00	3.312307e-04
-1.135000e+00	3.348085e-04
-1.132500e+00	3.384988e-04
-1.130000e+00	3.423047e-04
-1.127500e+00	3.462293e-04
-1.125000e+00	3.502759e-04
-1.122500e+00	3.544480e-04
-1.120000e+00	3.587493e-04
-1.117500e+00	3.631839e-04
-1.115000e+00	3.677558e-04
-1.112500e+00	3.724695e-04
-1.110000e+00	3.773296e-04
-1.107500e+00	3.823410e-04
-1.105000e+00	3.875088e-04
-1.102500e+00	3.928386e-04
-1.100000e+00	3.983359e-04
-1.097500e+00	4.040068e-04
-1.095000e+00	4.098577e-04
-1.092500e+00	4.158952e-04
-1.090000e+00	4.221265e-04
-1.087500e+00	4.285588e-04
-1.085000e+00	4.352001e-04
-1.082500e+00	4.420585e-04
-1.080000e+00	4.491429e-04
-1.077500e+00	4.564622e-04
-1.075000e+00	4.640263e-04
-1.072500e+00	4.718454e-04
-1.070000e+00	4.799302e-04
-1.067500e+00	4.882921e-04
-1.065000e+00	4.969432e-04
-1.062500e+00	5.058962e-04
-1.060000e+00	5.151647e-04
-1.057500e+00	5.247629e-04
-1.055000e+00	5.347059e-04
-1.052500e+00	5.450098e-04
-1.050000e+00	5.556916e-04
-1.047500e+00	5.667693e-04
-1.045000e+00	5.782621e-04
-1.042500e+00	5.901903e-04
-1.040000e+00	6.025757e-04
-1.037500e+00	6.154412e-04
-1.035000e+00	6.288114e-04
-1.032500e+00	6.427125e-04
-1.030000e+00	6.571724e-04
-1.027500e+00	6.722208e-04
-1.025000e+00	6.878896e-04
-1.022500e+00	7.042127e-04
-1.020000e+00	7.212267e-04
-1.017500e+00	7.389704e-04
-1.015000e+00	7.574858e-04
-1.012500e+00	7.768176e-04
-1.010000e+00	7.970141e-04
-1.007500e+00	8.181272e-04
-1.005000e+00	8.402126e-04
-1.002500e+00	8.633305e-04
-1.000000e+00	8.875457e-04
-9.975000e-01	9.129284e-04
-9.950000e-01	9.395543e-04
-9.925000e-01	9.675055e-04
-9.900000e-01	9.968710e-04
-9.875000e-01	1.027747e-03
-9.850000e-01	1.060239e-03
-9.825000e-01	1.094461e-03
-9.800000e-01	1.130538e-03
-9.775000e-01	1.168605e-03
-9.750000e-01	1.208812e-03
-9.725000e-01	1.251320e-03
-9.700000e-01	1.296310e-03
-9.675000e-01	1.343976e-03
-9.650000e-01	1.394535e-03
-9.625000e-01	1.448225e-03
-9.600000e-01	1.505311e-03
-9.575000e-01	1.566082e-03
-9.550000e-01	1.630863e-03
-9.525000e-01	1.700014e-03
-9.500000e-01	1.773935e-03
-9.475000e-01	1.853075e-03
-9.450000e-01	1.937935e-03
-9.425000e-01	2.029078e-03
-9.400000e-01	2.127138e-03
-9.375000e-01	2.232831e-03
-9.350000e-01	2.346969e-03
-9.325000e-01	2.470470e-03
-9.300000e-01	2.604386e-03
-9.275000e-01	2.749915e-03
-9.250000e-01	2.908435e-03
-9.225000e-01	3.081532e-03
-9.200000e-01	3.271039e-03
-9.175000e-01	3.479088e-03
-9.150000e-01	3.708165e-03
-9.125000e-01	3.961182e-03
-9.100000e-01	4.241574e-03
-9.075000e-01	4.553404e-03
-9.050000e-01	4.901515e-03
-9.025000e-01	5.291711e-03
-9.000000e-01	5.730988e-03
-8.975000e-01	6.227845e-03
-8.950000e-01	6.792677e-03
-8.925000e-01	7.438302e-03
-8.900000e-01	8.180656e-03
-8.875000e-01	9.039736e-03
-8.850000e-01	1.004088e-02
-8.825000e-01	1.121652e-02
-8.800000e-01	1.260865e-02
-8.775000e-01	1.427229e-02
-8.750000e-01	1.628046e-02
-8.725000e-01	1.873137e-02
-8.700000e-01	2.175893e-02
-8.675000e-01	2.554832e-02
-8.650000e-01	3.035901e-02
-8.625000e-01	3.655837e-02
-8.600000e-01	4.466907e-02
-8.575000e-01	5.542877e-02
-8.550000e-01	6.984103e-02
-8.525000e-01	8.913004e-02
-8.500000e-01	1.143321e-01
-8.475000e-01	1.449292e-01
-8.450000e-01	1.760328e-01
-8.425000e-01	1.964839e-01
-8.400000e-01	1.950719e-01
-8.375000e-01	1.726742e-01
-8.350000e-01	1.411635e-01
-8.325000e-01	1.110627e-01
-8.300000e-01	8.657873e-02
-8.275000e-01	6.792744e-02
-8.250000e-01	5.400539e-02
-8.225000e-01	4.360408e-02
-8.200000e-01	3.575212e-02
-8.175000e-01	2.974026e-02
-8.150000e-01	2.506698e-02
-8.125000e-01	2.137972e-02
-8.100000e-01	1.842927e-02
-8.075000e-01	1.603748e-02
-8.050000e-01	1.407529e-02
-8.025000e-01	1.244794e-02
-8.000000e-01	1.108484e-02
-7.975000e-01	9.932728e-03
-7.950000e-01	8.950880e-03
-7.925000e-01	8.107809e-03
-7.900000e-01	7.378889e-03
-7.875000e-01	6.744660e-03
-7.850000e-01	6.189594e-03
-7.825000e-01	5.701194e-03
-7.800000e-01	5.269311e-03
-7.775000e-01	4.885646e-03
-7.750000e-01	4.543355e-03
-7.725000e-01	4.236762e-03
-7.700000e-01	3.961128e-03
-7.675000e-01	3.712470e-03
-7.650000e-01	3.487424e-03
-7.625000e-01	3.283135e-03
-7.600000e-01	3.097164e-03
-7.575000e-01	2.927422e-03
-7.550000e-01	2.772110e-03
-7.525000e-01	2.629672e-03
-7.500000e-01	2.498757e-03
-7.475000e-01	2.378190e-03
-7.450000e-01	2.266941e-03
-7.425000e-01	2.164111e-03
-7.400000e-01	2.068906e-03
-7.375000e-01	1.980628e-03
-7.350000e-01	1.898658e-03
-7.325000e-01	1.822450e-03
-7.300000e-01	1.751517e-03
-7.275000e-01	1.685428e-03
-7.250000e-01	1.623798e-03
-7.225000e-01	1.566284e-03
-7.200000e-01	1.512582e-03
-7.175000e-01	1.462419e-03
-7.150000e-01	1.415552e-03
-7.125000e-01	1.371767e-03
-7.100000e-01	1.330872e-03
-7.075000e-01	1.292699e-03
-7.050000e-01	1.257102e-03
-7.025000e-01	1.223953e-03
-7.000000e-01	1.193144e-03
-6.975000e-01	1.164586e-03
-6.950000e-01	1.138207e-03
-6.925000e-01	1.113955e-03
-6.900000e-01	1.091795e-03
-6.875000e-01	1.071717e-03
-6.850000e-01	1.053730e-03
-6.825000e-01	1.037868e-03
-6.800000e-01	1.024196e-03
-6.775000e-01	1.012810e-03
-6.750000e-01	1.003848e-03
-6.725000e-01	9.974958e-04
-6.700000e-01	9.939990e-04
-6.675000e-01	9.936786e-04
-6.650000e-01	9.969514e-04
-6.625000e-01	1.004358e-03
-6.600000e-01	1.016601e-03
-6.575000e-01	1.034598e-03
-6.550000e-01	1.059559e-03
-6.525000e-01	1.093088e-03
-6.500000e-01	1.137338e-03
-6.475000e-01	1.195237e-03
-6.450000e-01	1.270809e-03
-6.425000e-01	1.369663e-03
-6.400000e-01	1.499704e-03
-6.375000e-01	1.672171e-03
-6.350000e-01	1.903045e-03
-6.325000e-01	2.214677e-03
-6.300000e-01	2.636584e-03
-6.275000e-01	3.201688e-03
-6.250000e-01	3.927742e-03
-6.225000e-01	4.765551e-03
-6.200000e-01	5.517604e-03
-6.175000e-01	5.848842e-03
-6.150000e-01	5.557116e-03
-6.125000e-01	4.813913e-03
-6.100000e-01	3.957138e-03
-6.075000e-01	3.200964e-03
-6.050000e-01	2.605028e-03
-6.025000e-01	2.154974e-03
-6.000000e-01	1.818124e-03
-5.975000e-01	1.564328e-03
-5.950000e-01	1.370537e-03
-5.925000e-01	1.220210e-03
-5.900000e-01	1.101697e-03
-5.875000e-01	1.006799e-03
-5.850000e-01	9.296947e-04
-5.825000e-01	8.661989e-04
-5.800000e-01	8.132637e-04
-5.775000e-01	7.686362e-04
-5.750000e-01	7.306288e-04
-5.725000e-01	6.979605e-04
-5.700000e-01	6.696464e-04
-5.675000e-01	6.449209e-04
-5.650000e-01	6.231819e-04
-5.625000e-01	6.039513e-04
-5.600000e-01	5.868455e-04
-5.575000e-01	5.715545e-04
-5.550000e-01	5.578253e-04
-5.525000e-01	5.454499e-04
-5.500000e-01	5.342562e-04
-5.475000e-01	5.241009e-04
-5.450000e-01	5.148636e-04
-5.425000e-01	5.064429e-04
-5.400000e-01	4.987528e-04
-5.375000e-01	4.917200e-04
-5.350000e-01	4.852820e-04
-5.325000e-01	4.793846e-04
-5.300000e-01	4.739815e-04
-5.275000e-01	4.690324e-04
-5.250000e-01	4.645024e-04
-5.225000e-01	4.603610e-04
-5.200000e-01	4.565817e-04
-5.175000e-01	4.531414e-04
-5.150000e-01	4.500197e-04
-5.125000e-01	4.471990e-04
-5.100000e-01	4.446636e-04
-5.075000e-01	4.424002e-04
-5.050000e-01	4.403967e-04
-5.025000e-01	4.386431e-04
-5.000000e-01	4.371303e-04
-4.975000e-01	4.358508e-04
-4.950000e-01	4.347981e-04
-4.925000e-01	4.339667e-04
-4.900000e-01	4.333522e-04
-4.875000e-01	4.329509e-04
-4.850000e-01	4.327602e-04
-4.825000e-01	4.327781e-04
-4.800000e-01	4.330035e-04
-4.775000e-01	4.334358e-04
-4.750000e-01	4.340754e-04
-4.725000e-01	4.349233e-04
-4.700000e-01	4.359811e-04
-4.675000e-01	4.372512e-04
-4.650000e-01	4.387366e-04
-4.625000e-01	4.404412e-04
-4.600000e-01	4.423695e-04
-4.575000e-01	4.445268e-04
-4.550000e-01	4.469191e-04
-4.525000e-01	4.495535e-04
-4.500000e-01	4.524377e-04
-4.475000e-01	4.555805e-04
-4.450000e-01	4.589916e-04
-4.425000e-01	4.626819e-04
-4.400000e-01	4.666633e-04
-4.375000e-01	4.709492e-04
-4.350000e-01	4.755541e-04
-4.325000e-01	4.804942e-04
-4.300000e-01	4.857872e-04
-4.275000e-01	4.914528e-04
-4.250000e-01	4.975123e-04
-4.225000e-01	5.039897e-04
-4.200000e-01	5.109111e-04
-4.175000e-01	5.183054e-04
-4.150000e-01	5.262045e-04
-4.125000e-01	5.346436e-04
-4.100000e-01	5.436620e-04
-4.075000e-01	5.533030e-04
-4.050000e-01	5.636146e-04
-4.025000e-01	5.746507e-04
-4.000000e-01	5.864708e-04
-3.975000e-01	5.991421e-04
-3.950000e-01	6.127392e-04
-3.925000e-01	6.273462e-04
-3.900000e-01	6.430579e-04
-3.875000e-01	6.599811e-04
-3.850000e-01	6.782367e-04
-3.825000e-01	6.979621e-04
-3.800000e-01	7.193138e-04
-3.775000e-01	7.424707e-04
-3.750000e-01	7.676380e-04
-3.725000e-01	7.950520e-04
-3.700000e-01	8.249859e-04
-3.675000e-01	8.577571e-04
-3.650000e-01	8.937356e-04
-3.625000e-01	9.333550e-04
-3.600000e-01	9.771261e-04
-3.575000e-01	1.025654e-03
-3.550000e-01	1.079659e-03
-3.525000e-01	1.140005e-03
-3.500000e-01	1.207733e-03
-3.475000e-01	1.284109e-03
-3.450000e-01	1.370679e-03
-3.425000e-01	1.469353e-03
-3.400000e-01	1.582507e-03
-3.375000e-01	1.713120e-03
-3.350000e-01	1.864974e-03
-3.325000e-01	2.042911e-03
-3.300000e-01	2.253206e-03
-3.275000e-01	2.504088e-03
-3.250000e-01	2.806490e-03
-3.225000e-01	3.175131e-03
-3.200000e-01	3.630107e-03
-3.175000e-01	4.199240e-03
-3.150000e-01	4.921548e-03
-3.125000e-01	5.852317e-03
-3.100000e-01	7.070197e-03
-3.075000e-01	8.685990e-03
-3.050000e-01	1.084956e-02
-3.025000e-01	1.374064e-02
-3.000000e-01	1.750104e-02
-2.975000e-01	2.201740e-02
-2.950000e-01	2.649717e-02
-2.925000e-01	2.925064e-02
-2.900000e-01	2.873754e-02
-2.875000e-01	2.528077e-02
-2.850000e-01	2.066532e-02
-2.825000e-01	1.634748e-02
-2.800000e-01	1.286821e-02
-2.775000e-01	1.022897e-02
-2.750000e-01	8.262968e-03
-2.725000e-01	6.796243e-03
-2.700000e-01	5.690831e-03
-2.675000e-01	4.846480e-03
-2.650000e-01	4.192400e-03
-2.625000e-01	3.678834e-03
-2.600000e-01	3.270589e-03
-2.575000e-01	2.942495e-03
-2.550000e-01	2.676309e-03
-2.525000e-01	2.458634e-03
-2.500000e-01	2.279493e-03
-2.475000e-01	2.131366e-03
-2.450000e-01	2.008515e-03
-2.425000e-01	1.906518e-03
-2.400000e-01	1.821933e-03
-2.375000e-01	1.752058e-03
-2.350000e-01	1.694760e-03
-2.325000e-01	1.648343e-03
-2.300000e-01	1.611457e-03
-2.275000e-01	1.583027e-03
-2.250000e-01	1.562194e-03
-2.225000e-01	1.548283e-03
-2.200000e-01	1.540763e-03
-2.175000e-01	1.539232e-03
-2.150000e-01	1.543393e-03
-2.125000e-01	1.553044e-03
-2.100000e-01	1.568066e-03
-2.075000e-01	1.588420e-03
-2.050000e-01	1.614137e-03
-2.025000e-01	1.645324e-03
-2.000000e-01	1.682157e-03
-1.975000e-01	1.724887e-03
-1.950000e-01	1.773843e-03
-1.925000e-01	1.829439e-03
-1.900000e-01	1.892183e-03
-1.875000e-01	1.962689e-03
-1.850000e-01	2.041688e-03
-1.825000e-01	2.130054e-03
-1.800000e-01	2.228822e-03
-1.775000e-01	2.339218e-03
-1.750000e-01	2.462698e-03
-1.725000e-01	2.600995e-03
-1.700000e-01	2.756175e-03
-1.675000e-01	2.930712e-03
-1.650000e-01	3.127585e-03
-1.625000e-01	3.350399e-03
-1.600000e-01	3.603544e-03
-1.575000e-01	3.892400e-03
-1.550000e-01	4.223617e-03
-1.525000e-01	4.605471e-03
-1.500000e-01	5.048363e-03
-1.475000e-01	5.565486e-03
-1.450000e-01	6.173747e-03
-1.425000e-01	6.895060e-03
-1.400000e-01	7.758166e-03
-1.375000e-01	8.801242e-03
-1.350000e-01	1.007569e-02
-1.325000e-01	1.165166e-02
-1.300000e-01	1.362627e-02
-1.275000e-01	1.613569e-02
-1.250000e-01	1.937283e-02
-1.225000e-01	2.361217e-02
-1.200000e-01	2.924055e-02
-1.175000e-01	3.678206e-02
-1.150000e-01	4.686818e-02
-1.125000e-01	6.000696e-02
-1.100000e-01	7.583557e-02
-1.075000e-01	9.163955e-02
-1.050000e-01	1.015279e-01
-1.025000e-01	9.998800e-02
-1.000000e-01	8.797740e-02
-9.750000e-02	7.173350e-02
-9.500000e-02	5.645421e-02
-9.250000e-02	4.410861e-02
-9.000000e-02	3.472830e-02
-8.750000e-02	2.773137e-02
-8.500000e-02	2.250343e-02
-8.250000e-02	1.855557e-02
-8.000000e-02	1.553207e-02
-7.750000e-02	1.318165e-02
-7.500000e-02	1.132766e-02
-7.250000e-02	9.845163e-03
-7.000000e-02	8.644776e-03
-6.750000e-02	7.661720e-03
-6.500000e-02	6.848386e-03
-6.250000e-02	6.169300e-03
-6.000000e-02	5.597682e-03
-5.750000e-02	5.113067e-03
-5.500000e-02	4.699634e-03
-5.250000e-02	4.345022e-03
-5.000000e-02	4.039479e-03
-4.750000e-02	3.775244e-03
-4.500000e-02	3.546095e-03
-4.250000e-02	3.347006e-03
-4.000000e-02	3.173895e-03
-3.750000e-02	3.023436e-03
-3.500000e-02	2.892904e-03
-3.250000e-02	2.780069e-03
-3.000000e-02	2.683107e-03
-2.750000e-02	2.600532e-03
-2.500000e-02	2.531144e-03
-2.250000e-02	2.473990e-03
-2.000000e-02	2.428334e-03
-1.750000e-02	2.393634e-03
-1.500000e-02	2.369527e-03
-1.250000e-02	2.355820e-03
-1.000000e-02	2.352486e-03
-7.500000e-03	2.359669e-03
-5.000000e-03	2.377688e-03
-2.500000e-03	2.407052e-03
9.379164e-13	2.448483e-03
2.500000e-03	2.502948e-03
5.000000e-03	2.571694e-03
7.500000e-03	2.656309e-03
1.000000e-02	2.758792e-03
1.250000e-02	2.881648e-03
1.500000e-02	3.028016e-03
1.750000e-02	3.201839e-03
2.000000e-02	3.408092e-03
2.250000e-02	3.653089e-03
2.500000e-02	3.944908e-03
2.750000e-02	4.293976e-03
3.000000e-02	4.713893e-03
3.250000e-02	5.222596e-03
3.500000e-02	5.844039e-03
3.750000e-02	6.610636e-03
4.000000e-02	7.566840e-03
4.250000e-02	8.774459e-03
4.500000e-02	1.032048e-02
4.750000e-02	1.232842e-02
5.000000e-02	1.497389e-02
5.250000e-02	1.850266e-02
5.500000e-02	2.324027e-02
5.750000e-02	2.955349e-02
6.000000e-02	3.765288e-02
6.250000e-02	4.703373e-02
6.500000e-02	5.557148e-02
6.750000e-02	5.956257e-02
7.000000e-02	5.663858e-02
7.250000e-02	4.856914e-02
7.500000e-02	3.911357e-02
7.750000e-02	3.072253e-02
8.000000e-02	2.410546e-02
8.250000e-02	1.911878e-02
8.500000e-02	1.540106e-02
8.750000e-02	1.261484e-02
9.000000e-02	1.050119e-02
9.250000e-02	8.874093e-03
9.500000e-02	7.602521e-03
9.750000e-02	6.594277e-03
1.000000e-01	5.783951e-03
1.025000e-01	5.124570e-03
1.050000e-01	4.581945e-03
1.075000e-01	4.130841e-03
1.100000e-01	3.752373e-03
1.125000e-01	3.432227e-03
1.150000e-01	3.159418e-03
1.175000e-01	2.925418e-03
1.200000e-01	2.723535e-03
1.225000e-01	2.548469e-03
1.250000e-01	2.395978e-03
1.275000e-01	2.262645e-03
1.300000e-01	2.145690e-03
1.325000e-01	2.042840e-03
1.350000e-01	1.952222e-03
1.375000e-01	1.872285e-03
1.400000e-01	1.801738e-03
1.425000e-01	1.739501e-03
1.450000e-01	1.684669e-03
1.475000e-01	1.636479e-03
1.500000e-01	1.594290e-03
1.525000e-01	1.557559e-03
1.550000e-01	1.525832e-03
1.575000e-01	1.498724e-03
1.600000e-01	1.475915e-03
1.625000e-01	1.457141e-03
1.650000e-01	1.442184e-03
1.675000e-01	1.430870e-03
1.700000e-01	1.423064e-03
1.725000e-01	1.418667e-03
1.750000e-01	1.417614e-03
1.775000e-01	1.419872e-03
1.800000e-01	1.425437e-03
1.825000e-01	1.434337e-03
1.850000e-01	1.446632e-03
1.875000e-01	1.462410e-03
1.900000e-01	1.481796e-03
1.925000e-01	1.504949e-03
1.950000e-01	1.532064e-03
1.975000e-01	1.563380e-03
2.000000e-01	1.599183e-03
2.025000e-01	1.639808e-03
2.050000e-01	1.685653e-03
2.075000e-01	1.737180e-03
2.100000e-01	1.794932e-03
2.125000e-01	1.859543e-03
2.150000e-01	1.931753e-03
2.175000e-01	2.012428e-03
2.200000e-01	2.102584e-03
2.225000e-01	2.203417e-03
2.250000e-01	2.316340e-03
2.275000e-01	2.443026e-03
2.300000e-01	2.585469e-03
2.325000e-01	2.746055e-03
2.350000e-01	2.927659e-03
2.375000e-01	3.133760e-03
2.400000e-01	3.368606e-03
2.425000e-01	3.637412e-03
2.450000e-01	3.946636e-03
2.475000e-01	4.304347e-03
2.500000e-01	4.720712e-03
2.525000e-01	5.208674e-03
2.550000e-01	5.784889e-03
2.575000e-01	6.471033e-03
2.600000e-01	7.295667e-03
2.625000e-01	8.296913e-03
2.650000e-01	9.526353e-03
2.675000e-01	1.105476e-02
2.700000e-01	1.298059e-02
2.725000e-01	1.544246e-02
2.750000e-01	1.863728e-02
2.775000e-01	2.284482e-02
2.800000e-01	2.845568e-02
2.825000e-01	3.598363e-02
2.850000e-01	4.599516e-02
2.875000e-01	5.877309e-02
2.900000e-01	7.339570e-02
2.925000e-01	8.633706e-02
2.950000e-01	9.179254e-02
2.975000e-01	8.649106e-02
3.000000e-01	7.361565e-02
3.025000e-01	5.897922e-02
3.050000e-01	4.615566e-02
3.075000e-01	3.609671e-02
3.100000e-01	2.852939e-02
3.125000e-01	2.288799e-02
3.150000e-01	1.865698e-02
3.175000e-01	1.544382e-02
3.200000e-01	1.296722e-02
3.225000e-01	1.102916e-02
3.250000e-01	9.490266e-03
3.275000e-01	8.251550e-03
3.300000e-01	7.241870e-03
3.325000e-01	6.409384e-03
3.350000e-01	5.715782e-03
3.375000e-01	5.132368e-03
3.400000e-01	4.637360e-03
3.425000e-01	4.214026e-03
3.450000e-01	3.849359e-03
3.475000e-01	3.533140e-03
3.500000e-01	3.257260e-03
3.525000e-01	3.015224e-03
3.550000e-01	2.801781e-03
3.575000e-01	2.612656e-03
3.600000e-01	2.444340e-03
3.625000e-01	2.293931e-03
3.650000e-01	2.159014e-03
3.675000e-01	2.037569e-03
3.700000e-01	1.927893e-03
3.725000e-01	1.828545e-03
3.750000e-01	1.738297e-03
3.775000e-01	1.656101e-03
3.800000e-01	1.581056e-03
3.825000e-01	1.512383e-03
3.850000e-01	1.449408e-03
3.875000e-01	1.391547e-03
3.900000e-01	1.338288e-03
3.925000e-01	1.289182e-03
3.950000e-01	1.243838e-03
3.975000e-01	1.201907e-03
4.000000e-01	1.163084e-03
4.025000e-01	1.127098e-03
4.050000e-01	1.093707e-03
4.075000e-01	1.062697e-03
4.100000e-01	1.033875e-03
4.125000e-01	1.007072e-03
4.150000e-01	9.821323e-04
4.175000e-01	9.589192e-04
4.200000e-01	9.373085e-04
4.225000e-01	9.171887e-04
4.250000e-01	8.984592e-04
4.275000e-01	8.810291e-04
4.300000e-01	8.648163e-04
4.325000e-01	8.497468e-04
4.350000e-01	8.357534e-04
4.375000e-01	8.227755e-04
4.400000e-01	8.107580e-04
4.425000e-01	7.996514e-04
4.450000e-01	7.894107e-04
4.475000e-01	7.799954e-04
4.500000e-01	7.713691e-04
4.525000e-01	7.634988e-04
4.550000e-01	7.563552e-04
4.575000e-01	7.499119e-04
4.600000e-01	7.441457e-04
4.625000e-01	7.390360e-04
4.650000e-01	7.345648e-04
4.675000e-01	7.307166e-04
4.700000e-01	7.274782e-04
4.725000e-01	7.248386e-04
4.750000e-01	7.227891e-04
4.775000e-01	7.213229e-04
4.800000e-01	7.204353e-04
4.825000e-01	7.201237e-04
4.850000e-01	7.203872e-04
4.875000e-01	7.212273e-04
4.900000e-01	7.226471e-04
4.925000e-01	7.246519e-04
4.950000e-01	7.272490e-04
4.975000e-01	7.304479e-04
5.000000e-01	7.342600e-04
5.025000e-01	7.386994e-04
5.050000e-01	7.437822e-04
5.075000e-01	7.495271e-04
5.100000e-01	7.559555e-04
5.125000e-01	7.630916e-04
5.150000e-01	7.709626e-04
5.175000e-01	7.795990e-04
5.200000e-01	7.890346e-04
5.225000e-01	7.993072e-04
5.250000e-01	8.104587e-04
5.275000e-01	8.225355e-04
5.300000e-01	8.355888e-04
5.325000e-01	8.496754e-04
5.350000e-01	8.648579e-04
5.375000e-01	8.812058e-04
5.400000e-01	8.987958e-04
5.425000e-01	9.177127e-04
5.450000e-01	9.380504e-04
5.475000e-01	9.599133e-04
5.500000e-01	9.834169e-04
5.525000e-01	1.008690e-03
5.550000e-01	1.035875e-03
5.575000e-01	1.065132e-03
5.600000e-01	1.096639e-03
5.625000e-01	1.130595e-03
5.650000e-01	1.167225e-03
5.675000e-01	1.206779e-03
5.700000e-01	1.249542e-03
5.725000e-01	1.295832e-03
5.750000e-01	1.346014e-03
5.775000e-01	1.400499e-03
5.800000e-01	1.459758e-03
5.825000e-01	1.524328e-03
5.850000e-01	1.594826e-03
5.875000e-01	1.671962e-03
5.900000e-01	1.756560e-03
5.925000e-01	1.849572e-03
5.950000e-01	1.952113e-03
5.975000e-01	2.065487e-03
6.000000e-01	2.191229e-03
6.025000e-01	2.331159e-03
6.050000e-01	2.487442e-03
6.075000e-01	2.662670e-03
6.100000e-01	2.859968e-03
6.125000e-01	3.083129e-03
6.150000e-01	3.336788e-03
6.175000e-01	3.626656e-03
6.200000e-01	3.959829e-03
6.225000e-01	4.345200e-03
6.250000e-01	4.794028e-03
6.275000e-01	5.320708e-03
6.300000e-01	5.943859e-03
6.325000e-01	6.687845e-03
6.350000e-01	7.584958e-03
6.375000e-01	8.678565e-03
6.400000e-01	1.002773e-02
6.425000e-01	1.171401e-02
6.450000e-01	1.385154e-02
6.475000e-01	1.660177e-02
6.500000e-01	2.019440e-02
6.525000e-01	2.495418e-02
6.550000e-01	3.132543e-02
6.575000e-01	3.985931e-02
6.600000e-01	5.105366e-02
6.625000e-01	6.478985e-02
6.650000e-01	7.910620e-02
6.675000e-01	8.916687e-02
6.700000e-01	8.961051e-02
6.725000e-01	8.016286e-02
6.750000e-01	6.597844e-02
6.775000e-01	5.209198e-02
6.800000e-01	4.067814e-02
6.825000e-01	3.194993e-02
6.850000e-01	2.543049e-02
6.875000e-01	2.056377e-02
6.900000e-01	1.689540e-02
6.925000e-01	1.409176e-02
6.950000e-01	1.191657e-02
6.975000e-01	1.020374e-02
7.000000e-01	8.835960e-03
7.025000e-01	7.729482e-03
7.050000e-01	6.823732e-03
7.075000e-01	6.074286e-03
7.100000e-01	5.448105e-03
7.125000e-01	4.920292e-03
7.150000e-01	4.471843e-03
7.175000e-01	4.088084e-03
7.200000e-01	3.757552e-03
7.225000e-01	3.471203e-03
7.250000e-01	3.221834e-03
7.275000e-01	3.003655e-03
7.300000e-01	2.811974e-03
7.325000e-01	2.642963e-03
7.350000e-01	2.493472e-03
7.375000e-01	2.360898e-03
7.400000e-01	2.243074e-03
7.425000e-01	2.138187e-03
7.450000e-01	2.044715e-03
7.475000e-01	1.961374e-03
7.500000e-01	1.887077e-03
7.525000e-01	1.820903e-03
7.550000e-01	1.762068e-03
7.575000e-01	1.709906e-03
7.600000e-01	1.663852e-03
7.625000e-01	1.623426e-03
7.650000e-01	1.588223e-03
7.675000e-01	1.557905e-03
7.700000e-01	1.532190e-03
7.725000e-01	1.510850e-03
7.750000e-01	1.493706e-03
7.775000e-01	1.480620e-03
7.800000e-01	1.471497e-03
7.825000e-01	1.466283e-03
7.850000e-01	1.464963e-03
7.875000e-01	1.467560e-03
7.900000e-01	1.474137e-03
7.925000e-01	1.484799e-03
7.950000e-01	1.499698e-03
7.975000e-01	1.519029e-03
8.000000e-01	1.543044e-03
8.025000e-01	1.572052e-03
8.050000e-01	1.606429e-03
8.075000e-01	1.646629e-03
8.100000e-01	1.693195e-03
8.125000e-01	1.746772e-03
8.150000e-01	1.808132e-03
8.175000e-01	1.878191e-03
8.200000e-01	1.958045e-03
8.225000e-01	2.049004e-03
8.250000e-01	2.152638e-03
8.275000e-01	2.270844e-03
8.300000e-01	2.405920e-03
8.325000e-01	2.560666e-03
8.350000e-01	2.738520e-03
8.375000e-01	2.943731e-03
8.400000e-01	3.181592e-03
8.425000e-01	3.458759e-03
8.450000e-01	3.783675e-03
8.475000e-01	4.167164e-03
8.500000e-01	4.623254e-03
8.525000e-01	5.170347e-03
8.550000e-01	5.832886e-03
8.575000e-01	6.643776e-03
8.600000e-01	7.647930e-03
8.625000e-01	8.907507e-03
8.650000e-01	1.050966e-02
8.675000e-01	1.257784e-02
8.700000e-01	1.528770e-02
8.725000e-01	1.888690e-02
8.750000e-01	2.371123e-02
8.775000e-01	3.016629e-02
8.800000e-01	3.858186e-02
8.825000e-01	4.873720e-02
8.850000e-01	5.891335e-02
8.875000e-01	6.534285e-02
8.900000e-01	6.444962e-02
8.925000e-01	5.678572e-02
8.950000e-01	4.634467e-02
8.975000e-01	3.649420e-02
9.000000e-01	2.852375e-02
9.025000e-01	2.246330e-02
9.050000e-01	1.794054e-02
9.075000e-01	1.455972e-02
9.100000e-01	1.200527e-02
9.125000e-01	1.004747e-02
9.150000e-01	8.523980e-03
9.175000e-01	7.320680e-03
9.200000e-01	6.356855e-03
9.225000e-01	5.574769e-03
9.250000e-01	4.932572e-03
9.275000e-01	4.399501e-03
9.300000e-01	3.952629e-03
9.325000e-01	3.574641e-03
9.350000e-01	3.252293e-03
9.375000e-01	2.975338e-03
9.400000e-01	2.735754e-03
9.425000e-01	2.527200e-03
9.450000e-01	2.344615e-03
9.475000e-01	2.183922e-03
9.500000e-01	2.041809e-03
9.525000e-01	1.915567e-03
9.550000e-01	1.802962e-03
9.575000e-01	1.702139e-03
9.600000e-01	1.611549e-03
9.625000e-01	1.529891e-03
9.650000e-01	1.456064e-03
9.675000e-01	1.389137e-03
9.700000e-01	1.328310e-03
9.725000e-01	1.272902e-03
9.750000e-01	1.222323e-03
9.775000e-01	1.176066e-03
9.800000e-01	1.133689e-03
9.825000e-01	1.094807e-03
9.850000e-01	1.059086e-03
9.875000e-01	1.026230e-03
9.900000e-01	9.959810e-04
9.925000e-01	9.681118e-04
9.950000e-01	9.424209e-04
9.975000e-01	9.187303e-04
1.000000e+00	8.968821e-04
1.002500e+00	8.767362e-04
1.005000e+00	8.581678e-04
1.007500e+00	8.410660e-04
1.010000e+00	8.253319e-04
1.012500e+00	8.108775e-04
1.015000e+00	7.976242e-04
1.017500e+00	7.855023e-04
1.020000e+00	7.744495e-04
1.022500e+00	7.644108e-04
1.025000e+00	7.553375e-04
1.027500e+00	7.471865e-04
1.030000e+00	7.399204e-04
1.032500e+00	7.335065e-04
1.035000e+00	7.279166e-04
1.037500e+00	7.231272e-04
1.040000e+00	7.191184e-04
1.042500e+00	7.158744e-04
1.045000e+00	7.133832e-04
1.047500e+00	7.116363e-04
1.050000e+00	7.106285e-04
1.052500e+00	7.103585e-04
1.055000e+00	7.108282e-04
1.057500e+00	7.120431e-04
1.060000e+00	7.140122e-04
1.062500e+00	7.167482e-04
1.065000e+00	7.202678e-04
1.067500e+00	7.245914e-04
1.070000e+00	7.297437e-04
1.072500e+00	7.357540e-04
1.075000e+00	7.426565e-04
1.077500e+00	7.504903e-04
1.080000e+00	7.593004e-04
1.082500e+00	7.691381e-04
1.085000e+00	7.800613e-04
1.087500e+00	7.921356e-04
1.090000e+00	8.054349e-04
1.092500e+00	8.200428e-04
1.095000e+00	8.360530e-04
1.097500e+00	8.535713e-04
1.100000e+00	8.727169e-04
1.102500e+00	8.936242e-04
1.105000e+00	9.164450e-04
1.107500e+00	9.413509e-04
1.110000e+00	9.685363e-04
1.112500e+00	9.982220e-04
1.115000e+00	1.030659e-03
1.117500e+00	1.066134e-03
1.120000e+00	1.104976e-03
1.122500e+00	1.147559e-03
1.125000e+00	1.194318e-03
1.127500e+00	1.245754e-03
1.130000e+00	1.302447e-03
1.132500e+00	1.365075e-03
1.135000e+00	1.434429e-03
1.137500e+00	1.511440e-03
1.140000e+00	1.597209e-03
1.142500e+00	1.693041e-03
1.145000e+00	1.800499e-03
1.147500e+00	1.921458e-03
1.150000e+00	2.058189e-03
1.152500e+00	2.213458e-03
1.155000e+00	2.390661e-03
1.157500e+00	2.594002e-03
1.160000e+00	2.828730e-03
1.162500e+00	3.101456e-03
1.165000e+00	3.420599e-03
1.167500e+00	3.796989e-03
1.170000e+00	4.244720e-03
1.172500e+00	4.782367e-03
1.175000e+00	5.434719e-03
1.177500e+00	6.235328e-03
1.180000e+00	7.230232e-03
1.182500e+00	8.483478e-03
1.185000e+00	1.008526e-02
1.187500e+00	1.216371e-02
1.190000e+00	1.490084e-02
1.192500e+00	1.855069e-02
1.195000e+00	2.344701e-02
1.197500e+00	2.995642e-02
1.200000e+00	3.825726e-02
1.202500e+00	4.773733e-02
1.205000e+00	5.608820e-02
1.207500e+00	5.954492e-02
1.210000e+00	5.603223e-02
1.212500e+00	4.765652e-02
1.215000e+00	3.817984e-02
1.217500e+00	2.989365e-02
1.220000e+00	2.339949e-02
1.222500e+00	1.851557e-02
1.225000e+00	1.487498e-02
1.227500e+00	1.214459e-02
1.230000e+00	1.007105e-02
1.232500e+00	8.472862e-03
1.235000e+00	7.222305e-03
1.237500e+00	6.229443e-03
1.240000e+00	5.430415e-03
1.242500e+00	4.779309e-03
1.245000e+00	4.242663e-03
1.247500e+00	3.795748e-03
1.250000e+00	3.420036e-03
1.252500e+00	3.101463e-03
1.255000e+00	2.829225e-03
1.257500e+00	2.594920e-03
1.260000e+00	2.391948e-03
1.262500e+00	2.215072e-03
1.265000e+00	2.060096e-03
1.267500e+00	1.923630e-03
1.270000e+00	1.802910e-03
1.272500e+00	1.695671e-03
1.275000e+00	1.600039e-03
1.277500e+00	1.514455e-03
1.280000e+00	1.437613e-03
1.282500e+00	1.368416e-03
1.285000e+00	1.305933e-03
1.287500e+00	1.249372e-03
1.290000e+00	1.198058e-03
1.292500e+00	1.151409e-03
1.295000e+00	1.108925e-03
1.297500e+00	1.070172e-03
1.300000e+00	1.034774e-03
1.302500e+00	1.002402e-03
1.305000e+00	9.727701e-04
1.307500e+00	9.456256e-04
1.310000e+00	9.207475e-04
1.312500e+00	8.979404e-04
1.315000e+00	8.770319e-04
1.317500e+00	8.578691e-04
1.320000e+00	8.403166e-04
1.322500e+00	8.242539e-04
1.325000e+00	8.095738e-04
1.327500e+00	7.961809e-04
1.330000e+00	7.839900e-04
1.332500e+00	7.729254e-04
1.335000e+00	7.629192e-04
1.337500e+00	7.539113e-04
1.340000e+00	7.458478e-04
1.342500e+00	7.386812e-04
1.345000e+00	7.323690e-04
1.347500e+00	7.268739e-04
1.350000e+00	7.221628e-04
1.352500e+00	7.182070e-04
1.355000e+00	7.149815e-04
1.357500e+00	7.124649e-04
1.360000e+00	7.106390e-04
1.362500e+00	7.094889e-04
1.365000e+00	7.090024e-04
1.367500e+00	7.091704e-04
1.370000e+00	7.099862e-04
1.372500e+00	7.114460e-04
1.375000e+00	7.135484e-04
1.377500e+00	7.162946e-04
1.380000e+00	7.196883e-04
1.382500e+00	7.237357e-04
1.385000e+00	7.284455e-04
1.387500e+00	7.338289e-04
1.390000e+00	7.399001e-04
1.392500e+00	7.466755e-04
1.395000e+00	7.541749e-04
1.397500e+00	7.624206e-04
1.400000e+00	7.714384e-04
1.402500e+00	7.812572e-04
1.405000e+00	7.919096e-04
1.407500e+00	8.034319e-04
1.410000e+00	8.158646e-04
1.412500e+00	8.292527e-04
1.415000e+00	8.436457e-04
1.417500e+00	8.590988e-04
1.420000e+00	8.756725e-04
1.422500e+00	8.934339e-04
1.425000e+00	9.124569e-04
1.427500e+00	9.328233e-04
1.430000e+00	9.546229e-04
1.432500e+00	9.779555e-04
1.435000e+00	1.002931e-03
1.437500e+00	1.029671e-03
1.440000e+00	1.058311e-03
1.442500e+00	1.089000e-03
1.445000e+00	1.121905e-03
1.447500e+00	1.157211e-03
1.450000e+00	1.195124e-03
1.452500e+00	1.235874e-03
1.455000e+00	1.279720e-03
1.457500e+00	1.326951e-03
1.460000e+00	1.377894e-03
1.462500e+00	1.432914e-03
1.465000e+00	1.492427e-03
1.467500e+00	1.556904e-03
1.470000e+00	1.626880e-03
1.472500e+00	1.702965e-03
1.475000e+00	1.785857e-03
1.477500e+00	1.876359e-03
1.480000e+00	1.975396e-03
1.482500e+00	2.084038e-03
1.485000e+00	2.203531e-03
1.487500e+00	2.335327e-03
1.490000e+00	2.481132e-03
1.492500e+00	2.642955e-03
1.495000e+00	2.823179e-03
1.497500e+00	3.024644e-03
1.500000e+00	3.250758e-03
1.502500e+00	3.505631e-03
1.505000e+00	3.794263e-03
1.507500e+00	4.122774e-03
1.510000e+00	4.498720e-03
1.512500e+00	4.931506e-03
1.515000e+00	5.432947e-03
1.517500e+00	6.018033e-03
1.520000e+00	6.705981e-03
1.522500e+00	7.521712e-03
1.525000e+00	8.497927e-03
1.527500e+00	9.678100e-03
1.530000e+00	1.112080e-02
1.532500e+00	1.290605e-02
1.535000e+00	1.514470e-02
1.537500e+00	1.799230e-02
1.540000e+00	2.166933e-02
1.542500e+00	2.648943e-02
1.545000e+00	3.289412e-02
1.547500e+00	4.147891e-02
1.550000e+00	5.295232e-02
1.552500e+00	6.785383e-02
1.555000e+00	8.566732e-02
1.557500e+00	1.031331e-01
1.560000e+00	1.135061e-01
1.562500e+00	1.109126e-01
1.565000e+00	9.695643e-02
1.567500e+00	7.873120e-02
1.570000e+00	6.182409e-02
1.572500e+00	4.824198e-02
1.575000e+00	3.794213e-02
1.577500e+00	3.025972e-02
1.580000e+00	2.451459e-02
1.582500e+00	2.017028e-02
1.585000e+00	1.683767e-02
1.587500e+00	1.424211e-02
1.590000e+00	1.219046e-02
1.592500e+00	1.054605e-02
1.595000e+00	9.210993e-03
1.597500e+00	8.114289e-03
1.600000e+00	7.203681e-03
1.602500e+00	6.440191e-03
1.605000e+00	5.794351e-03
1.607500e+00	5.243606e-03
1.610000e+00	4.770487e-03
1.612500e+00	4.361315e-03
1.615000e+00	4.005270e-03
1.617500e+00	3.693712e-03
1.620000e+00	3.419681e-03
1.622500e+00	3.177523e-03
1.625000e+00	2.962613e-03
1.627500e+00	2.771140e-03
1.630000e+00	2.599945e-03
1.632500e+00	2.446390e-03
1.635000e+00	2.308269e-03
1.637500e+00	2.183722e-03
1.640000e+00	2.071176e-03
1.642500e+00	1.969299e-03
1.645000e+00	1.876961e-03
1.647500e+00	1.793200e-03
1.650000e+00	1.717201e-03
1.652500e+00	1.648275e-03
1.655000e+00	1.585845e-03
1.657500e+00	1.529433e-03
1.660000e+00	1.478654e-03
1.662500e+00	1.433209e-03
1.665000e+00	1.392887e-03
1.667500e+00	1.357564e-03
1.670000e+00	1.327208e-03
1.672500e+00	1.301894e-03
1.675000e+00	1.281819e-03
1.677500e+00	1.267327e-03
1.680000e+00	1.258951e-03
1.682500e+00	1.257465e-03
1.685000e+00	1.263967e-03
1.687500e+00	1.279995e-03
1.690000e+00	1.307702e-03
1.692500e+00	1.350109e-03
1.695000e+00	1.411483e-03
1.697500e+00	1.497901e-03
1.700000e+00	1.618047e-03
1.702500e+00	1.784294e-03
1.705000e+00	2.013867e-03
1.707500e+00	2.329111e-03
1.710000e+00	2.753508e-03
1.712500e+00	3.294734e-03
1.715000e+00	3.901271e-03
1.717500e+00	4.405002e-03
1.720000e+00	4.559083e-03
1.722500e+00	4.261329e-03
1.725000e+00	3.679022e-03
1.727500e+00	3.052954e-03
1.730000e+00	2.515649e-03
1.732500e+00	2.096189e-03
1.735000e+00	1.779477e-03
1.737500e+00	1.541343e-03
1.740000e+00	1.360640e-03
1.742500e+00	1.221476e-03
1.745000e+00	1.112505e-03
1.747500e+00	1.025744e-03
1.750000e+00	9.555620e-04
1.752500e+00	8.979519e-04
1.755000e+00	8.500234e-04
1.757500e+00	8.096628e-04
1.760000e+00	7.753026e-04
1.762500e+00	7.457635e-04
1.765000e+00	7.201468e-04
1.767500e+00	6.977589e-04
1.770000e+00	6.780583e-04
1.772500e+00	6.606172e-04
1.775000e+00	6.450945e-04
1.777500e+00	6.312154e-04
1.780000e+00	6.187569e-04
1.782500e+00	6.075360e-04
1.785000e+00	5.974017e-04
1.787500e+00	5.882285e-04
1.790000e+00	5.799114e-04
1.792500e+00	5.723621e-04
1.795000e+00	5.655056e-04
1.797500e+00	5.592783e-04
1.800000e+00	5.536258e-04
1.802500e+00	5.485014e-04
1.805000e+00	5.438651e-04
1.807500e+00	5.396821e-04
1.810000e+00	5.359225e-04
1.812500e+00	5.325603e-04
1.815000e+00	5.295733e-04
1.817500e+00	5.269418e-04
1.820000e+00	5.246493e-04
1.822500e+00	5.226811e-04
1.825000e+00	5.210250e-04
1.827500e+00	5.196704e-04
1.830000e+00	5.186086e-04
1.832500e+00	5.178323e-04
1.835000e+00	5.173357e-04
1.837500e+00	5.171142e-04
1.840000e+00	5.171646e-04
1.842500e+00	5.174848e-04
1.845000e+00	5.180739e-04
1.847500e+00	5.189321e-04
1.850000e+00	5.200608e-04
1.852500e+00	5.214622e-04
1.855000e+00	5.231401e-04
1.857500e+00	5.250991e-04
1.860000e+00	5.273452e-04
1.862500e+00	5.298855e-04
1.865000e+00	5.327284e-04
1.867500e+00	5.358839e-04
1.870000e+00	5.393635e-04
1.872500e+00	5.431800e-04
1.875000e+00	5.473485e-04
1.877500e+00	5.518857e-04
1.880000e+00	5.568105e-04
1.882500e+00	5.621445e-04
1.885000e+00	5.679116e-04
1.887500e+00	5.741389e-04
1.890000e+00	5.808571e-04
1.892500e+00	5.881003e-04
1.895000e+00	5.959074e-04
1.897500e+00	6.043220e-04
1.900000e+00	6.133937e-04
1.902500e+00	6.231785e-04
1.905000e+00	6.337402e-04
1.907500e+00	6.451512e-04
1.910000e+00	6.574945e-04
1.912500e+00	6.708653e-04
1.915000e+00	6.853729e-04
1.917500e+00	7.011435e-04
1.920000e+00	7.183237e-04
1.922500e+00	7.370839e-04
1.925000e+00	7.576237e-04
1.927500e+00	7.801776e-04
1.930000e+00	8.050228e-04
1.932500e+00	8.324889e-04
1.935000e+00	8.629699e-04
1.937500e+00	8.969400e-04
1.940000e+00	9.349741e-04
1.942500e+00	9.777737e-04
1.945000e+00	1.026202e-03
1.947500e+00	1.081331e-03
1.950000e+00	1.144503e-03
1.952500e+00	1.217413e-03
1.955000e+00	1.302230e-03
1.957500e+00	1.401755e-03
1.960000e+00	1.519651e-03
1.962500e+00	1.660769e-03
1.965000e+00	1.831621e-03
1.967500e+00	2.041070e-03
1.970000e+00	2.301348e-03
1.972500e+00	2.629563e-03
1.975000e+00	3.049913e-03
1.977500e+00	3.596816e-03
1.980000e+00	4.318940e-03
1.982500e+00	5.282950e-03
1.985000e+00	6.571800e-03
1.987500e+00	8.261324e-03
1.990000e+00	1.033702e-02
1.992500e+00	1.251087e-02
1.995000e+00	1.406123e-02
1.997500e+00	1.417247e-02
2.000000e+00	1.278244e-02
2.002500e+00	1.065990e-02
2.005000e+00	8.571579e-03
2.007500e+00	6.853867e-03
2.010000e+00	5.542713e-03
2.012500e+00	4.567090e-03
2.015000e+00	3.842974e-03
2.017500e+00	3.301471e-03
2.020000e+00	2.891947e-03
2.022500e+00	2.578533e-03
2.025000e+00	2.336036e-03
2.027500e+00	2.146676e-03
2.030000e+00	1.997779e-03
2.032500e+00	1.880199e-03
2.035000e+00	1.787244e-03
2.037500e+00	1.713958e-03
2.040000e+00	1.656627e-03
2.042500e+00	1.612434e-03
2.045000e+00	1.579227e-03
2.047500e+00	1.555347e-03
2.050000e+00	1.539509e-03
2.052500e+00	1.530714e-03
2.055000e+00	1.528185e-03
2.057500e+00	1.531322e-03
2.060000e+00	1.539665e-03
2.062500e+00	1.552869e-03
2.065000e+00	1.570684e-03
2.067500e+00	1.592939e-03
2.070000e+00	1.619534e-03
2.072500e+00	1.650430e-03
2.075000e+00	1.685642e-03
2.077500e+00	1.725240e-03
2.080000e+00	1.769342e-03
2.082500e+00	1.818116e-03
2.085000e+00	1.871779e-03
2.087500e+00	1.930601e-03
2.090000e+00	1.994907e-03
2.092500e+00	2.065079e-03
2.095000e+00	2.141564e-03
2.097500e+00	2.224882e-03
2.100000e+00	2.315633e-03
2.102500e+00	2.414509e-03
2.105000e+00	2.522304e-03
2.107500e+00	2.639936e-03
2.110000e+00	2.768460e-03
2.112500e+00	2.909096e-03
2.115000e+00	3.063255e-03
2.117500e+00	3.232576e-03
2.120000e+00	3.418969e-03
2.122500e+00	3.624664e-03
2.125000e+00	3.852282e-03
2.127500e+00	4.104915e-03
2.130000e+00	4.386227e-03
2.132500e+00	4.700586e-03
2.135000e+00	5.053230e-03
2.137500e+00	5.450477e-03
2.140000e+00	5.900003e-03
2.142500e+00	6.411199e-03
2.145000e+00	6.995647e-03
2.147500e+00	7.667746e-03
2.150000e+00	8.445566e-03
2.152500e+00	9.352002e-03
2.155000e+00	1.041636e-02
2.157500e+00	1.167660e-02
2.160000e+00	1.318242e-02
2.162500e+00	1.499981e-02
2.165000e+00	1.721750e-02
2.167500e+00	1.995646e-02
2.170000e+00	2.338401e-02
2.172500e+00	2.773452e-02
2.175000e+00	3.333985e-02
2.177500e+00	4.067215e-02
2.180000e+00	5.039782e-02
2.182500e+00	6.342364e-02
2.185000e+00	8.085646e-02
2.187500e+00	1.036357e-01
2.190000e+00	1.313015e-01
2.192500e+00	1.594518e-01
2.195000e+00	1.780103e-01
2.197500e+00	1.768168e-01
2.200000e+00	1.566171e-01
2.202500e+00	1.281338e-01
2.205000e+00	1.009026e-01
2.207500e+00	7.874663e-02
2.210000e+00	6.186891e-02
2.212500e+00	4.927306e-02
2.215000e+00	3.986563e-02
2.217500e+00	3.276719e-02
2.220000e+00	2.733554e-02
2.222500e+00	2.311654e-02
2.225000e+00	1.979101e-02
2.227500e+00	1.713329e-02
2.230000e+00	1.498212e-02
2.232500e+00	1.322074e-02
2.235000e+00	1.176338e-02
2.237500e+00	1.054623e-02
2.240000e+00	9.521125e-03
2.242500e+00	8.651306e-03
2.245000e+00	7.908362e-03
2.247500e+00	7.270110e-03
2.250000e+00	6.719056e-03
2.252500e+00	6.241281e-03
2.255000e+00	5.825623e-03
2.257500e+00	5.463068e-03
2.260000e+00	5.146290e-03
2.262500e+00	4.869312e-03
2.265000e+00	4.627236e-03
2.267500e+00	4.416044e-03
2.270000e+00	4.232442e-03
2.272500e+00	4.073736e-03
2.275000e+00	3.937744e-03
2.277500e+00	3.822718e-03
2.280000e+00	3.727297e-03
2.282500e+00	3.650462e-03
2.285000e+00	3.591515e-03
2.287500e+00	3.550056e-03
2.290000e+00	3.525985e-03
2.292500e+00	3.519505e-03
2.295000e+00	3.531139e-03
2.297500e+00	3.561758e-03
2.300000e+00	3.612630e-03
2.302500e+00	3.685479e-03
2.305000e+00	3.782573e-03
2.307500e+00	3.906839e-03
2.310000e+00	4.062024e-03
2.312500e+00	4.252899e-03
2.315000e+00	4.485550e-03
2.317500e+00	4.767762e-03
2.320000e+00	5.109555e-03
2.322500e+00	5.523922e-03
2.325000e+00	6.027875e-03
2.327500e+00	6.643922e-03
2.330000e+00	7.402202e-03
2.332500e+00	8.343592e-03
2.335000e+00	9.524282e-03
2.337500e+00	1.102254e-02
2.340000e+00	1.294867e-02
2.342500e+00	1.545947e-02
2.345000e+00	1.877771e-02
2.347500e+00	2.321402e-02
2.350000e+00	2.917551e-02
2.352500e+00	3.710563e-02
2.355000e+00	4.720698e-02
2.357500e+00	5.869570e-02
2.360000e+00	6.870681e-02
2.362500e+00	7.266421e-02
2.365000e+00	6.817137e-02
2.367500e+00	5.790044e-02
2.370000e+00	4.640153e-02
2.372500e+00	3.638931e-02
2.375000e+00	2.855338e-02
2.377500e+00	2.266025e-02
2.380000e+00	1.826386e-02
2.382500e+00	1.496249e-02
2.385000e+00	1.245138e-02
2.387500e+00	1.051242e-02
2.390000e+00	8.992106e-03
2.392500e+00	7.782341e-03
2.395000e+00	6.806338e-03
2.397500e+00	6.008867e-03
2.400000e+00	5.349655e-03
2.402500e+00	4.798925e-03
2.405000e+00	4.334353e-03
2.407500e+00	3.938987e-03
2.410000e+00	3.599793e-03
2.412500e+00	3.306635e-03
2.415000e+00	3.051542e-03
2.417500e+00	2.828186e-03
2.420000e+00	2.631494e-03
2.422500e+00	2.457364e-03
2.425000e+00	2.302452e-03
2.427500e+00	2.164013e-03
2.430000e+00	2.039774e-03
2.432500e+00	1.927845e-03
2.435000e+00	1.826640e-03
2.437500e+00	1.734824e-03
2.440000e+00	1.651268e-03
2.442500e+00	1.575006e-03
2.445000e+00	1.505217e-03
2.447500e+00	1.441191e-03
2.450000e+00	1.382320e-03
2.452500e+00	1.328073e-03
2.455000e+00	1.277993e-03
2.457500e+00	1.231679e-03
2.460000e+00	1.188781e-03
2.462500e+00	1.148995e-03
2.465000e+00	1.112051e-03
2.467500e+00	1.077714e-03
2.470000e+00	1.045777e-03
2.472500e+00	1.016059e-03
2.475000e+00	9.883998e-04
2.477500e+00	9.626615e-04
2.480000e+00	9.387229e-04
2.482500e+00	9.164802e-04
2.485000e+00	8.958449e-04
2.487500e+00	8.767437e-04
2.490000e+00	8.591175e-04
2.492500e+00	8.429217e-04
2.495000e+00	8.281264e-04
2.497500e+00	8.147176e-04
2.500000e+00	8.026982e-04
2.502500e+00	7.920904e-04
2.505000e+00	7.829384e-04
2.507500e+00	7.753106e-04
2.510000e+00	7.692978e-04
2.512500e+00	7.650007e-04
2.515000e+00	7.624980e-04
2.517500e+00	7.618260e-04
2.520000e+00	7.630656e-04
2.522500e+00	7.665286e-04
2.525000e+00	7.727805e-04
2.527500e+00	7.825015e-04
2.530000e+00	7.964488e-04
2.532500e+00	8.155448e-04
2.535000e+00	8.409992e-04
2.537500e+00	8.744480e-04
2.540000e+00	9.181375e-04
2.542500e+00	9.751870e-04
2.545000e+00	1.049977e-03
2.547500e+00	1.148715e-03
2.550000e+00	1.280236e-03
2.552500e+00	1.457000e-03
2.555000e+00	1.695936e-03
2.557500e+00	2.017636e-03
2.560000e+00	2.439381e-03
2.562500e+00	2.952117e-03
2.565000e+00	3.474047e-03
2.567500e+00	3.822482e-03
2.570000e+00	3.820647e-03
2.572500e+00	3.488129e-03
2.575000e+00	3.006401e-03
2.577500e+00	2.524647e-03
2.580000e+00	2.104092e-03
2.582500e+00	1.761538e-03
2.585000e+00	1.495125e-03
2.587500e+00	1.293105e-03
2.590000e+00	1.141154e-03
2.592500e+00	1.026765e-03
2.595000e+00	9.404500e-04
2.597500e+00	8.754611e-04
2.600000e+00	8.271821e-04
2.602500e+00	7.925885e-04
2.605000e+00	7.698756e-04
2.607500e+00	7.582462e-04
2.610000e+00	7.578377e-04
2.612500e+00	7.697783e-04
2.615000e+00	7.963684e-04
2.617500e+00	8.413600e-04
2.620000e+00	9.101913e-04
2.622500e+00	1.009624e-03
2.625000e+00	1.145139e-03
2.627500e+00	1.312538e-03
2.630000e+00	1.481259e-03
2.632500e+00	1.584880e-03
2.635000e+00	1.560814e-03
2.637500e+00	1.419252e-03
2.640000e+00	1.230440e-03
2.642500e+00	1.053327e-03
2.645000e+00	9.104624e-04
2.647500e+00	8.024889e-04
2.650000e+00	7.231707e-04
2.652500e+00	6.660365e-04
2.655000e+00	6.262131e-04
2.657500e+00	6.004791e-04
2.660000e+00	5.866359e-04
2.662500e+00	5.821879e-04
2.665000e+00	5.821307e-04
2.667500e+00	5.776737e-04
2.670000e+00	5.607871e-04
2.672500e+00	5.321579e-04
2.675000e+00	4.995913e-04
2.677500e+00	4.696362e-04
2.680000e+00	4.446552e-04
2.682500e+00	4.245048e-04
2.685000e+00	4.082693e-04
2.687500e+00	3.950198e-04
2.690000e+00	3.840155e-04
2.692500e+00	3.747093e-04
2.695000e+00	3.667058e-04
2.697500e+00	3.597194e-04
2.700000e+00	3.535411e-04
2.702500e+00	3.480161e-04
2.705000e+00	3.430277e-04
2.707500e+00	3.384865e-04
2.710000e+00	3.343229e-04
2.712500e+00	3.304819e-04
2.715000e+00	3.269197e-04
2.717500e+00	3.236004e-04
2.720000e+00	3.204949e-04
2.722500e+00	3.175788e-04
2.725000e+00	3.148318e-04
2.727500e+00	3.122367e-04
2.730000e+00	3.097789e-04
2.732500e+00	3.074459e-04
2.735000e+00	3.052266e-04
2.737500e+00	3.031119e-04
2.740000e+00	3.010932e-04
2.742500e+00	2.991635e-04
2.745000e+00	2.973162e-04
2.747500e+00	2.955456e-04
2.750000e+00	2.938466e-04
2.752500e+00	2.922147e-04
2.755000e+00	2.906457e-04
2.757500e+00	2.891360e-04
2.760000e+00	2.876820e-04
2.762500e+00	2.862809e-04
2.765000e+00	2.849297e-04
2.767500e+00	2.836260e-04
2.770000e+00	2.823674e-04
2.772500e+00	2.811516e-04
2.775000e+00	2.799769e-04
2.777500e+00	2.788412e-04
2.780000e+00	2.777430e-04
2.782500e+00	2.766806e-04
2.785000e+00	2.756525e-04
2.787500e+00	2.746575e-04
2.790000e+00	2.736942e-04
2.792500e+00	2.727615e-04
2.795000e+00	2.718582e-04
2.797500e+00	2.709832e-04
2.800000e+00	2.701357e-04
2.802500e+00	2.693146e-04
2.805000e+00	2.685192e-04
2.807500e+00	2.677485e-04
2.810000e+00	2.670019e-04
2.812500e+00	2.662786e-04
2.815000e+00	2.655778e-04
2.817500e+00	2.648990e-04
2.820000e+00	2.642415e-04
2.822500e+00	2.636048e-04
2.825000e+00	2.629882e-04
2.827500e+00	2.623913e-04
2.830000e+00	2.618134e-04
2.832500e+00	2.612543e-04
2.835000e+00	2.607133e-04
2.837500e+00	2.601900e-04
2.840000e+00	2.596841e-04
2.842500e+00	2.591951e-04
2.845000e+00	2.587227e-04
2.847500e+00	2.582664e-04
2.850000e+00	2.578260e-04
2.852500e+00	2.574010e-04
2.855000e+00	2.569912e-04
2.857500e+00	2.565962e-04
2.860000e+00	2.562159e-04
2.862500e+00	2.558497e-04
2.865000e+00	2.554976e-04
2.867500e+00	2.551592e-04
2.870000e+00	2.548343e-04
2.872500e+00	2.545227e-04
2.875000e+00	2.542240e-04
2.877500e+00	2.539382e-04
2.880000e+00	2.536649e-04
2.882500e+00	2.534039e-04
2.885000e+00	2.531552e-04
2.887500e+00	2.529183e-04
2.890000e+00	2.526933e-04
2.892500e+00	2.524798e-04
2.895000e+00	2.522778e-04
2.897500e+00	2.520870e-04
2.900000e+00	2.519074e-04
2.902500e+00	2.517386e-04
2.905000e+00	2.515807e-04
2.907500e+00	2.514334e-04
2.910000e+00	2.512966e-04
2.912500e+00	2.511702e-04
2.915000e+00	2.510540e-04
2.917500e+00	2.509480e-04
2.920000e+00	2.508519e-04
2.922500e+00	2.507657e-04
2.925000e+00	2.506893e-04
2.927500e+00	2.506225e-04
2.930000e+00	2.505652e-04
2.932500e+00	2.505175e-04
2.935000e+00	2.504790e-04
2.937500e+00	2.504499e-04
2.940000e+00	2.504298e-04
2.942500e+00	2.504189e-04
2.945000e+00	2.504169e-04
2.947500e+00	2.504239e-04
2.950000e+00	2.504397e-04
2.952500e+00	2.504642e-04
2.955000e+00	2.504974e-04
2.957500e+00	2.505392e-04
2.960000e+00	2.505896e-04
2.962500e+00	2.506484e-04
2.965000e+00	2.507156e-04
2.967500e+00	2.507912e-04
2.970000e+00	2.508751e-04
2.972500e+00	2.509672e-04
2.975000e+00	2.510675e-04
2.977500e+00	2.511759e-04
2.980000e+00	2.512924e-04
2.982500e+00	2.514170e-04
2.985000e+00	2.515495e-04
2.987500e+00	2.516899e-04
2.990000e+00	2.518383e-04
2.992500e+00	2.519945e-04
2.995000e+00	2.521585e-04
2.997500e+00	2.523304e-04
