#omega	spectral weight
-6.000000e+00	1.792568e-05
-5.997500e+00	1.793487e-05
-5.995000e+00	1.794408e-05
-5.992500e+00	1.795329e-05
-5.990000e+00	1.796252e-05
-5.987500e+00	1.797176e-05
-5.985000e+00	1.798101e-05
-5.982500e+00	1.799027e-05
-5.980000e+00	1.799954e-05
-5.977500e+00	1.800882e-05
-5.975000e+00	1.801811e-05
-5.972500e+00	1.802741e-05
-5.970000e+00	1.803673e-05
-5.967500e+00	1.804605e-05
-5.965000e+00	1.805539e-05
-5.962500e+00	1.806473e-05
-5.960000e+00	1.807409e-05
-5.957500e+00	1.808346e-05
-5.955000e+00	1.809284e-05
-5.952500e+00	1.810223e-05
-5.950000e+00	1.811163e-05
-5.947500e+00	1.812105e-05
-5.945000e+00	1.813047e-05
-5.942500e+00	1.813990e-05
-5.940000e+00	1.814935e-05
-5.937500e+00	1.815881e-05
-5.935000e+00	1.816828e-05
-5.932500e+00	1.817776e-05
-5.930000e+00	1.818725e-05
-5.927500e+00	1.819675e-05
-5.925000e+00	1.820627e-05
-5.922500e+00	1.821579e-05
-5.920000e+00	1.822533e-05
-5.917500e+00	1.823488e-05
-5.915000e+00	1.824444e-05
-5.912500e+00	1.825401e-05
-5.910000e+00	1.826359e-05
-5.907500e+00	1.827318e-05
-5.905000e+00	1.828279e-05
-5.902500e+00	1.829241e-05
-5.900000e+00	1.830204e-05
-5.897500e+00	1.831168e-05
-5.895000e+00	1.832133e-05
-5.892500e+00	1.833099e-05
-5.890000e+00	1.834067e-05
-5.887500e+00	1.835036e-05
-5.885000e+00	1.836006e-05
-5.882500e+00	1.836977e-05
-5.880000e+00	1.837949e-05
-5.877500e+00	1.838923e-05
-5.875000e+00	1.839897e-05
-5.872500e+00	1.840873e-05
-5.870000e+00	1.841850e-05
-5.867500e+00	1.842829e-05
-5.865000e+00	1.843808e-05
-5.862500e+00	1.844789e-05
-5.860000e+00	1.845771e-05
-5.857500e+00	1.846754e-05
-5.855000e+00	1.847738e-05
-5.852500e+00	1.848724e-05
-5.850000e+00	1.849710e-05
-5.847500e+00	1.850698e-05
-5.845000e+00	1.851688e-05
-5.842500e+00	1.852678e-05
-5.840000e+00	1.853670e-05
-5.837500e+00	1.854663e-05
-5.835000e+00	1.855657e-05
-5.832500e+00	1.856652e-05
-5.830000e+00	1.857649e-05
-5.827500e+00	1.858647e-05
-5.825000e+00	1.859646e-05
-5.822500e+00	1.860646e-05
-5.820000e+00	1.861648e-05
-5.817500e+00	1.862651e-05
-5.815000e+00	1.863655e-05
-5.812500e+00	1.864660e-05
-5.810000e+00	1.865667e-05
-5.807500e+00	1.866675e-05
-5.805000e+00	1.867684e-05
-5.802500e+00	1.868695e-05
-5.800000e+00	1.869707e-05
-5.797500e+00	1.870720e-05
-5.795000e+00	1.871734e-05
-5.792500e+00	1.872750e-05
-5.790000e+00	1.873767e-05
-5.787500e+00	1.874785e-05
-5.785000e+00	1.875805e-05
-5.782500e+00	1.876826e-05
-5.780000e+00	1.877848e-05
-5.777500e+00	1.878871e-05
-5.775000e+00	1.879896e-05
-5.772500e+00	1.880922e-05
-5.770000e+00	1.881950e-05
-5.767500e+00	1.882978e-05
-5.765000e+00	1.884009e-05
-5.762500e+00	1.885040e-05
-5.760000e+00	1.886073e-05
-5.757500e+00	1.887107e-05
-5.755000e+00	1.888142e-05
-5.752500e+00	1.889179e-05
-5.750000e+00	1.890217e-05
-5.747500e+00	1.891257e-05
-5.745000e+00	1.892298e-05
-5.742500e+00	1.893340e-05
-5.740000e+00	1.894384e-05
-5.737500e+00	1.895428e-05
-5.735000e+00	1.896475e-05
-5.732500e+00	1.897523e-05
-5.730000e+00	1.898572e-05
-5.727500e+00	1.899622e-05
-5.725000e+00	1.900674e-05
-5.722500e+00	1.901727e-05
-5.720000e+00	1.902782e-05
-5.717500e+00	1.903838e-05
-5.715000e+00	1.904895e-05
-5.712500e+00	1.905954e-05
-5.710000e+00	1.907014e-05
-5.707500e+00	1.908076e-05
-5.705000e+00	1.909139e-05
-5.702500e+00	1.910204e-05
-5.700000e+00	1.911269e-05
-5.697500e+00	1.912337e-05
-5.695000e+00	1.913406e-05
-5.692500e+00	1.914476e-05
-5.690000e+00	1.915547e-05
-5.687500e+00	1.916620e-05
-5.685000e+00	1.917695e-05
-5.682500e+00	1.918771e-05
-5.680000e+00	1.919848e-05
-5.677500e+00	1.920927e-05
-5.675000e+00	1.922008e-05
-5.672500e+00	1.923089e-05
-5.670000e+00	1.924173e-05
-5.667500e+00	1.925257e-05
-5.665000e+00	1.926344e-05
-5.662500e+00	1.927431e-05
-5.660000e+00	1.928521e-05
-5.657500e+00	1.929611e-05
-5.655000e+00	1.930704e-05
-5.652500e+00	1.931797e-05
-5.650000e+00	1.932892e-05
-5.647500e+00	1.933989e-05
-5.645000e+00	1.935087e-05
-5.642500e+00	1.936187e-05
-5.640000e+00	1.937288e-05
-5.637500e+00	1.938391e-05
-5.635000e+00	1.939495e-05
-5.632500e+00	1.940601e-05
-5.630000e+00	1.941708e-05
-5.627500e+00	1.942817e-05
-5.625000e+00	1.943928e-05
-5.622500e+00	1.945040e-05
-5.620000e+00	1.946153e-05
-5.617500e+00	1.947268e-05
-5.615000e+00	1.948385e-05
-5.612500e+00	1.949503e-05
-5.610000e+00	1.950623e-05
-5.607500e+00	1.951744e-05
-5.605000e+00	1.952867e-05
-5.602500e+00	1.953992e-05
-5.600000e+00	1.955118e-05
-5.597500e+00	1.956246e-05
-5.595000e+00	1.957375e-05
-5.592500e+00	1.958506e-05
-5.590000e+00	1.959638e-05
-5.587500e+00	1.960772e-05
-5.585000e+00	1.961908e-05
-5.582500e+00	1.963046e-05
-5.580000e+00	1.964185e-05
-5.577500e+00	1.965325e-05
-5.575000e+00	1.966467e-05
-5.572500e+00	1.967611e-05
-5.570000e+00	1.968757e-05
-5.567500e+00	1.969904e-05
-5.565000e+00	1.971053e-05
-5.562500e+00	1.972203e-05
-5.560000e+00	1.973355e-05
-5.557500e+00	1.974509e-05
-5.555000e+00	1.975665e-05
-5.552500e+00	1.976822e-05
-5.550000e+00	1.977981e-05
-5.547500e+00	1.979141e-05
-5.545000e+00	1.980304e-05
-5.542500e+00	1.981468e-05
-5.540000e+00	1.982633e-05
-5.537500e+00	1.983800e-05
-5.535000e+00	1.984970e-05
-5.532500e+00	1.986140e-05
-5.530000e+00	1.987313e-05
-5.527500e+00	1.988487e-05
-5.525000e+00	1.989663e-05
-5.522500e+00	1.990841e-05
-5.520000e+00	1.992020e-05
-5.517500e+00	1.993201e-05
-5.515000e+00	1.994384e-05
-5.512500e+00	1.995569e-05
-5.510000e+00	1.996755e-05
-5.507500e+00	1.997944e-05
-5.505000e+00	1.999134e-05
-5.502500e+00	2.000325e-05
-5.500000e+00	2.001519e-05
-5.497500e+00	2.002714e-05
-5.495000e+00	2.003911e-05
-5.492500e+00	2.005110e-05
-5.490000e+00	2.006311e-05
-5.487500e+00	2.007514e-05
-5.485000e+00	2.008718e-05
-5.482500e+00	2.009924e-05
-5.480000e+00	2.011132e-05
-5.477500e+00	2.012342e-05
-5.475000e+00	2.013554e-05
-5.472500e+00	2.014767e-05
-5.470000e+00	2.015983e-05
-5.467500e+00	2.017200e-05
-5.465000e+00	2.018419e-05
-5.462500e+00	2.019640e-05
-5.460000e+00	2.020863e-05
-5.457500e+00	2.022088e-05
-5.455000e+00	2.023315e-05
-5.452500e+00	2.024543e-05
-5.450000e+00	2.025774e-05
-5.447500e+00	2.027006e-05
-5.445000e+00	2.028240e-05
-5.442500e+00	2.029476e-05
-5.440000e+00	2.030714e-05
-5.437500e+00	2.031954e-05
-5.435000e+00	2.033196e-05
-5.432500e+00	2.034440e-05
-5.430000e+00	2.035686e-05
-5.427500e+00	2.036934e-05
-5.425000e+00	2.038184e-05
-5.422500e+00	2.039435e-05
-5.420000e+00	2.040689e-05
-5.417500e+00	2.041945e-05
-5.415000e+00	2.043202e-05
-5.412500e+00	2.044462e-05
-5.410000e+00	2.045724e-05
-5.407500e+00	2.046987e-05
-5.405000e+00	2.048253e-05
-5.402500e+00	2.049520e-05
-5.400000e+00	2.050790e-05
-5.397500e+00	2.052062e-05
-5.395000e+00	2.053336e-05
-5.392500e+00	2.054611e-05
-5.390000e+00	2.055889e-05
-5.387500e+00	2.057169e-05
-5.385000e+00	2.058451e-05
-5.382500e+00	2.059735e-05
-5.380000e+00	2.061021e-05
-5.377500e+00	2.062309e-05
-5.375000e+00	2.063600e-05
-5.372500e+00	2.064892e-05
-5.370000e+00	2.066187e-05
-5.367500e+00	2.067483e-05
-5.365000e+00	2.068782e-05
-5.362500e+00	2.070083e-05
-5.360000e+00	2.071386e-05
-5.357500e+00	2.072691e-05
-5.355000e+00	2.073998e-05
-5.352500e+00	2.075307e-05
-5.350000e+00	2.076619e-05
-5.347500e+00	2.077933e-05
-5.345000e+00	2.079248e-05
-5.342500e+00	2.080567e-05
-5.340000e+00	2.081887e-05
-5.337500e+00	2.083209e-05
-5.335000e+00	2.084534e-05
-5.332500e+00	2.085861e-05
-5.330000e+00	2.087190e-05
-5.327500e+00	2.088521e-05
-5.325000e+00	2.089855e-05
-5.322500e+00	2.091191e-05
-5.320000e+00	2.092529e-05
-5.317500e+00	2.093869e-05
-5.315000e+00	2.095211e-05
-5.312500e+00	2.096556e-05
-5.310000e+00	2.097903e-05
-5.307500e+00	2.099253e-05
-5.305000e+00	2.100604e-05
-5.302500e+00	2.101958e-05
-5.300000e+00	2.103315e-05
-5.297500e+00	2.104673e-05
-5.295000e+00	2.106034e-05
-5.292500e+00	2.107398e-05
-5.290000e+00	2.108763e-05
-5.287500e+00	2.110131e-05
-5.285000e+00	2.111502e-05
-5.282500e+00	2.112874e-05
-5.280000e+00	2.114249e-05
-5.277500e+00	2.115627e-05
-5.275000e+00	2.117007e-05
-5.272500e+00	2.118389e-05
-5.270000e+00	2.119774e-05
-5.267500e+00	2.121161e-05
-5.265000e+00	2.122550e-05
-5.262500e+00	2.123942e-05
-5.260000e+00	2.125337e-05
-5.257500e+00	2.126733e-05
-5.255000e+00	2.128133e-05
-5.252500e+00	2.129534e-05
-5.250000e+00	2.130939e-05
-5.247500e+00	2.132346e-05
-5.245000e+00	2.133755e-05
-5.242500e+00	2.135167e-05
-5.240000e+00	2.136581e-05
-5.237500e+00	2.137998e-05
-5.235000e+00	2.139417e-05
-5.232500e+00	2.140839e-05
-5.230000e+00	2.142263e-05
-5.227500e+00	2.143690e-05
-5.225000e+00	2.145120e-05
-5.222500e+00	2.146552e-05
-5.220000e+00	2.147987e-05
-5.217500e+00	2.149424e-05
-5.215000e+00	2.150864e-05
-5.212500e+00	2.152306e-05
-5.210000e+00	2.153752e-05
-5.207500e+00	2.155199e-05
-5.205000e+00	2.156650e-05
-5.202500e+00	2.158103e-05
-5.200000e+00	2.159559e-05
-5.197500e+00	2.161017e-05
-5.195000e+00	2.162478e-05
-5.192500e+00	2.163942e-05
-5.190000e+00	2.165409e-05
-5.187500e+00	2.166878e-05
-5.185000e+00	2.168350e-05
-5.182500e+00	2.169825e-05
-5.180000e+00	2.171302e-05
-5.177500e+00	2.172783e-05
-5.175000e+00	2.174266e-05
-5.172500e+00	2.175751e-05
-5.170000e+00	2.177240e-05
-5.167500e+00	2.178731e-05
-5.165000e+00	2.180225e-05
-5.162500e+00	2.181723e-05
-5.160000e+00	2.183222e-05
-5.157500e+00	2.184725e-05
-5.155000e+00	2.186231e-05
-5.152500e+00	2.187739e-05
-5.150000e+00	2.189250e-05
-5.147500e+00	2.190764e-05
-5.145000e+00	2.192282e-05
-5.142500e+00	2.193802e-05
-5.140000e+00	2.195324e-05
-5.137500e+00	2.196850e-05
-5.135000e+00	2.198379e-05
-5.132500e+00	2.199911e-05
-5.130000e+00	2.201445e-05
-5.127500e+00	2.202983e-05
-5.125000e+00	2.204524e-05
-5.122500e+00	2.206067e-05
-5.120000e+00	2.207614e-05
-5.117500e+00	2.209164e-05
-5.115000e+00	2.210717e-05
-5.112500e+00	2.212272e-05
-5.110000e+00	2.213831e-05
-5.107500e+00	2.215393e-05
-5.105000e+00	2.216958e-05
-5.102500e+00	2.218526e-05
-5.100000e+00	2.220098e-05
-5.097500e+00	2.221672e-05
-5.095000e+00	2.223250e-05
-5.092500e+00	2.224830e-05
-5.090000e+00	2.226414e-05
-5.087500e+00	2.228001e-05
-5.085000e+00	2.229591e-05
-5.082500e+00	2.231184e-05
-5.080000e+00	2.232781e-05
-5.077500e+00	2.234381e-05
-5.075000e+00	2.235984e-05
-5.072500e+00	2.237590e-05
-5.070000e+00	2.239200e-05
-5.067500e+00	2.240813e-05
-5.065000e+00	2.242429e-05
-5.062500e+00	2.244048e-05
-5.060000e+00	2.245671e-05
-5.057500e+00	2.247297e-05
-5.055000e+00	2.248927e-05
-5.052500e+00	2.250559e-05
-5.050000e+00	2.252196e-05
-5.047500e+00	2.253835e-05
-5.045000e+00	2.255478e-05
-5.042500e+00	2.257125e-05
-5.040000e+00	2.258774e-05
-5.037500e+00	2.260428e-05
-5.035000e+00	2.262084e-05
-5.032500e+00	2.263745e-05
-5.030000e+00	2.265408e-05
-5.027500e+00	2.267076e-05
-5.025000e+00	2.268746e-05
-5.022500e+00	2.270421e-05
-5.020000e+00	2.272098e-05
-5.017500e+00	2.273780e-05
-5.015000e+00	2.275465e-05
-5.012500e+00	2.277153e-05
-5.010000e+00	2.278846e-05
-5.007500e+00	2.280541e-05
-5.005000e+00	2.282241e-05
-5.002500e+00	2.283944e-05
-5.000000e+00	2.285651e-05
-4.997500e+00	2.287361e-05
-4.995000e+00	2.289076e-05
-4.992500e+00	2.290793e-05
-4.990000e+00	2.292515e-05
-4.987500e+00	2.294241e-05
-4.985000e+00	2.295970e-05
-4.982500e+00	2.297703e-05
-4.980000e+00	2.299440e-05
-4.977500e+00	2.301180e-05
-4.975000e+00	2.302925e-05
-4.972500e+00	2.304673e-05
-4.970000e+00	2.306425e-05
-4.967500e+00	2.308181e-05
-4.965000e+00	2.309941e-05
-4.962500e+00	2.311705e-05
-4.960000e+00	2.313473e-05
-4.957500e+00	2.315245e-05
-4.955000e+00	2.317021e-05
-4.952500e+00	2.318800e-05
-4.950000e+00	2.320584e-05
-4.947500e+00	2.322372e-05
-4.945000e+00	2.324164e-05
-4.942500e+00	2.325960e-05
-4.940000e+00	2.327760e-05
-4.937500e+00	2.329564e-05
-4.935000e+00	2.331372e-05
-4.932500e+00	2.333185e-05
-4.930000e+00	2.335002e-05
-4.927500e+00	2.336822e-05
-4.925000e+00	2.338647e-05
-4.922500e+00	2.340477e-05
-4.920000e+00	2.342310e-05
-4.917500e+00	2.344148e-05
-4.915000e+00	2.345990e-05
-4.912500e+00	2.347836e-05
-4.910000e+00	2.349687e-05
-4.907500e+00	2.351542e-05
-4.905000e+00	2.353401e-05
-4.902500e+00	2.355265e-05
-4.900000e+00	2.357133e-05
-4.897500e+00	2.359005e-05
-4.895000e+00	2.360882e-05
-4.892500e+00	2.362764e-05
-4.890000e+00	2.364650e-05
-4.887500e+00	2.366540e-05
-4.885000e+00	2.368435e-05
-4.882500e+00	2.370335e-05
-4.880000e+00	2.372239e-05
-4.877500e+00	2.374148e-05
-4.875000e+00	2.376061e-05
-4.872500e+00	2.377979e-05
-4.870000e+00	2.379902e-05
-4.867500e+00	2.381829e-05
-4.865000e+00	2.383761e-05
-4.862500e+00	2.385698e-05
-4.860000e+00	2.387640e-05
-4.857500e+00	2.389586e-05
-4.855000e+00	2.391537e-05
-4.852500e+00	2.393493e-05
-4.850000e+00	2.395454e-05
-4.847500e+00	2.397419e-05
-4.845000e+00	2.399390e-05
-4.842500e+00	2.401366e-05
-4.840000e+00	2.403346e-05
-4.837500e+00	2.405331e-05
-4.835000e+00	2.407322e-05
-4.832500e+00	2.409317e-05
-4.830000e+00	2.411318e-05
-4.827500e+00	2.413323e-05
-4.825000e+00	2.415334e-05
-4.822500e+00	2.417350e-05
-4.820000e+00	2.419371e-05
-4.817500e+00	2.421397e-05
-4.815000e+00	2.423428e-05
-4.812500e+00	2.425465e-05
-4.810000e+00	2.427507e-05
-4.807500e+00	2.429554e-05
-4.805000e+00	2.431606e-05
-4.802500e+00	2.433664e-05
-4.800000e+00	2.435727e-05
-4.797500e+00	2.437795e-05
-4.795000e+00	2.439869e-05
-4.792500e+00	2.441949e-05
-4.790000e+00	2.444033e-05
-4.787500e+00	2.446124e-05
-4.785000e+00	2.448220e-05
-4.782500e+00	2.450321e-05
-4.780000e+00	2.452428e-05
-4.777500e+00	2.454541e-05
-4.775000e+00	2.456659e-05
-4.772500e+00	2.458783e-05
-4.770000e+00	2.460913e-05
-4.767500e+00	2.463048e-05
-4.765000e+00	2.465190e-05
-4.762500e+00	2.467337e-05
-4.760000e+00	2.469489e-05
-4.757500e+00	2.471648e-05
-4.755000e+00	2.473813e-05
-4.752500e+00	2.475983e-05
-4.750000e+00	2.478160e-05
-4.747500e+00	2.480342e-05
-4.745000e+00	2.482531e-05
-4.742500e+00	2.484726e-05
-4.740000e+00	2.486926e-05
-4.737500e+00	2.489133e-05
-4.735000e+00	2.491346e-05
-4.732500e+00	2.493565e-05
-4.730000e+00	2.495791e-05
-4.727500e+00	2.498022e-05
-4.725000e+00	2.500260e-05
-4.722500e+00	2.502505e-05
-4.720000e+00	2.504755e-05
-4.717500e+00	2.507013e-05
-4.715000e+00	2.509276e-05
-4.712500e+00	2.511546e-05
-4.710000e+00	2.513823e-05
-4.707500e+00	2.516106e-05
-4.705000e+00	2.518395e-05
-4.702500e+00	2.520692e-05
-4.700000e+00	2.522994e-05
-4.697500e+00	2.525304e-05
-4.695000e+00	2.527620e-05
-4.692500e+00	2.529944e-05
-4.690000e+00	2.532274e-05
-4.687500e+00	2.534610e-05
-4.685000e+00	2.536954e-05
-4.682500e+00	2.539305e-05
-4.680000e+00	2.541662e-05
-4.677500e+00	2.544027e-05
-4.675000e+00	2.546399e-05
-4.672500e+00	2.548777e-05
-4.670000e+00	2.551163e-05
-4.667500e+00	2.553556e-05
-4.665000e+00	2.555957e-05
-4.662500e+00	2.558364e-05
-4.660000e+00	2.560779e-05
-4.657500e+00	2.563201e-05
-4.655000e+00	2.565631e-05
-4.652500e+00	2.568068e-05
-4.650000e+00	2.570513e-05
-4.647500e+00	2.572965e-05
-4.645000e+00	2.575424e-05
-4.642500e+00	2.577891e-05
-4.640000e+00	2.580366e-05
-4.637500e+00	2.582849e-05
-4.635000e+00	2.585339e-05
-4.632500e+00	2.587838e-05
-4.630000e+00	2.590344e-05
-4.627500e+00	2.592858e-05
-4.625000e+00	2.595379e-05
-4.622500e+00	2.597909e-05
-4.620000e+00	2.600447e-05
-4.617500e+00	2.602993e-05
-4.615000e+00	2.605547e-05
-4.612500e+00	2.608110e-05
-4.610000e+00	2.610680e-05
-4.607500e+00	2.613259e-05
-4.605000e+00	2.615846e-05
-4.602500e+00	2.618442e-05
-4.600000e+00	2.621046e-05
-4.597500e+00	2.623659e-05
-4.595000e+00	2.626280e-05
-4.592500e+00	2.628910e-05
-4.590000e+00	2.631548e-05
-4.587500e+00	2.634195e-05
-4.585000e+00	2.636851e-05
-4.582500e+00	2.639516e-05
-4.580000e+00	2.642190e-05
-4.577500e+00	2.644872e-05
-4.575000e+00	2.647564e-05
-4.572500e+00	2.650265e-05
-4.570000e+00	2.652974e-05
-4.567500e+00	2.655693e-05
-4.565000e+00	2.658422e-05
-4.562500e+00	2.661159e-05
-4.560000e+00	2.663906e-05
-4.557500e+00	2.666663e-05
-4.555000e+00	2.669428e-05
-4.552500e+00	2.672204e-05
-4.550000e+00	2.674989e-05
-4.547500e+00	2.677783e-05
-4.545000e+00	2.680588e-05
-4.542500e+00	2.683402e-05
-4.540000e+00	2.686226e-05
-4.537500e+00	2.689060e-05
-4.535000e+00	2.691904e-05
-4.532500e+00	2.694758e-05
-4.530000e+00	2.697623e-05
-4.527500e+00	2.700497e-05
-4.525000e+00	2.703382e-05
-4.522500e+00	2.706277e-05
-4.520000e+00	2.709183e-05
-4.517500e+00	2.712099e-05
-4.515000e+00	2.715025e-05
-4.512500e+00	2.717962e-05
-4.510000e+00	2.720910e-05
-4.507500e+00	2.723869e-05
-4.505000e+00	2.726839e-05
-4.502500e+00	2.729819e-05
-4.500000e+00	2.732811e-05
-4.497500e+00	2.735813e-05
-4.495000e+00	2.738827e-05
-4.492500e+00	2.741852e-05
-4.490000e+00	2.744889e-05
-4.487500e+00	2.747936e-05
-4.485000e+00	2.750996e-05
-4.482500e+00	2.754067e-05
-4.480000e+00	2.757149e-05
-4.477500e+00	2.760243e-05
-4.475000e+00	2.763349e-05
-4.472500e+00	2.766467e-05
-4.470000e+00	2.769597e-05
-4.467500e+00	2.772739e-05
-4.465000e+00	2.775894e-05
-4.462500e+00	2.779060e-05
-4.460000e+00	2.782239e-05
-4.457500e+00	2.785430e-05
-4.455000e+00	2.788634e-05
-4.452500e+00	2.791850e-05
-4.450000e+00	2.795079e-05
-4.447500e+00	2.798321e-05
-4.445000e+00	2.801576e-05
-4.442500e+00	2.804844e-05
-4.440000e+00	2.808125e-05
-4.437500e+00	2.811419e-05
-4.435000e+00	2.814726e-05
-4.432500e+00	2.818047e-05
-4.430000e+00	2.821381e-05
-4.427500e+00	2.824729e-05
-4.425000e+00	2.828091e-05
-4.422500e+00	2.831466e-05
-4.420000e+00	2.834856e-05
-4.417500e+00	2.838259e-05
-4.415000e+00	2.841676e-05
-4.412500e+00	2.845108e-05
-4.410000e+00	2.848554e-05
-4.407500e+00	2.852015e-05
-4.405000e+00	2.855490e-05
-4.402500e+00	2.858980e-05
-4.400000e+00	2.862484e-05
-4.397500e+00	2.866004e-05
-4.395000e+00	2.869538e-05
-4.392500e+00	2.873088e-05
-4.390000e+00	2.876653e-05
-4.387500e+00	2.880233e-05
-4.385000e+00	2.883829e-05
-4.382500e+00	2.887441e-05
-4.380000e+00	2.891068e-05
-4.377500e+00	2.894712e-05
-4.375000e+00	2.898371e-05
-4.372500e+00	2.902046e-05
-4.370000e+00	2.905738e-05
-4.367500e+00	2.909446e-05
-4.365000e+00	2.913171e-05
-4.362500e+00	2.916912e-05
-4.360000e+00	2.920670e-05
-4.357500e+00	2.924446e-05
-4.355000e+00	2.928238e-05
-4.352500e+00	2.932048e-05
-4.350000e+00	2.935875e-05
-4.347500e+00	2.939719e-05
-4.345000e+00	2.943581e-05
-4.342500e+00	2.947461e-05
-4.340000e+00	2.951359e-05
-4.337500e+00	2.955276e-05
-4.335000e+00	2.959210e-05
-4.332500e+00	2.963163e-05
-4.330000e+00	2.967135e-05
-4.327500e+00	2.971125e-05
-4.325000e+00	2.975134e-05
-4.322500e+00	2.979163e-05
-4.320000e+00	2.983210e-05
-4.317500e+00	2.987277e-05
-4.315000e+00	2.991364e-05
-4.312500e+00	2.995470e-05
-4.310000e+00	2.999597e-05
-4.307500e+00	3.003743e-05
-4.305000e+00	3.007910e-05
-4.302500e+00	3.012098e-05
-4.300000e+00	3.016306e-05
-4.297500e+00	3.020534e-05
-4.295000e+00	3.024784e-05
-4.292500e+00	3.029055e-05
-4.290000e+00	3.033348e-05
-4.287500e+00	3.037662e-05
-4.285000e+00	3.041998e-05
-4.282500e+00	3.046356e-05
-4.280000e+00	3.050736e-05
-4.277500e+00	3.055139e-05
-4.275000e+00	3.059564e-05
-4.272500e+00	3.064012e-05
-4.270000e+00	3.068483e-05
-4.267500e+00	3.072977e-05
-4.265000e+00	3.077495e-05
-4.262500e+00	3.082037e-05
-4.260000e+00	3.086602e-05
-4.257500e+00	3.091192e-05
-4.255000e+00	3.095806e-05
-4.252500e+00	3.100444e-05
-4.250000e+00	3.105107e-05
-4.247500e+00	3.109796e-05
-4.245000e+00	3.114510e-05
-4.242500e+00	3.119249e-05
-4.240000e+00	3.124014e-05
-4.237500e+00	3.128805e-05
-4.235000e+00	3.133623e-05
-4.232500e+00	3.138467e-05
-4.230000e+00	3.143337e-05
-4.227500e+00	3.148235e-05
-4.225000e+00	3.153161e-05
-4.222500e+00	3.158113e-05
-4.220000e+00	3.163094e-05
-4.217500e+00	3.168103e-05
-4.215000e+00	3.173141e-05
-4.212500e+00	3.178207e-05
-4.210000e+00	3.183302e-05
-4.207500e+00	3.188426e-05
-4.205000e+00	3.193581e-05
-4.202500e+00	3.198765e-05
-4.200000e+00	3.203979e-05
-4.197500e+00	3.209224e-05
-4.195000e+00	3.214499e-05
-4.192500e+00	3.219806e-05
-4.190000e+00	3.225145e-05
-4.187500e+00	3.230515e-05
-4.185000e+00	3.235917e-05
-4.182500e+00	3.241352e-05
-4.180000e+00	3.246820e-05
-4.177500e+00	3.252321e-05
-4.175000e+00	3.257855e-05
-4.172500e+00	3.263423e-05
-4.170000e+00	3.269026e-05
-4.167500e+00	3.274663e-05
-4.165000e+00	3.280335e-05
-4.162500e+00	3.286043e-05
-4.160000e+00	3.291786e-05
-4.157500e+00	3.297565e-05
-4.155000e+00	3.303381e-05
-4.152500e+00	3.309234e-05
-4.150000e+00	3.315124e-05
-4.147500e+00	3.321052e-05
-4.145000e+00	3.327018e-05
-4.142500e+00	3.333023e-05
-4.140000e+00	3.339067e-05
-4.137500e+00	3.345150e-05
-4.135000e+00	3.351273e-05
-4.132500e+00	3.357437e-05
-4.130000e+00	3.363641e-05
-4.127500e+00	3.369887e-05
-4.125000e+00	3.376174e-05
-4.122500e+00	3.382504e-05
-4.120000e+00	3.388876e-05
-4.117500e+00	3.395292e-05
-4.115000e+00	3.401751e-05
-4.112500e+00	3.408255e-05
-4.110000e+00	3.414803e-05
-4.107500e+00	3.421397e-05
-4.105000e+00	3.428036e-05
-4.102500e+00	3.434722e-05
-4.100000e+00	3.441454e-05
-4.097500e+00	3.448235e-05
-4.095000e+00	3.455063e-05
-4.092500e+00	3.461939e-05
-4.090000e+00	3.468865e-05
-4.087500e+00	3.475841e-05
-4.085000e+00	3.482867e-05
-4.082500e+00	3.489944e-05
-4.080000e+00	3.497073e-05
-4.077500e+00	3.504254e-05
-4.075000e+00	3.511488e-05
-4.072500e+00	3.518775e-05
-4.070000e+00	3.526117e-05
-4.067500e+00	3.533514e-05
-4.065000e+00	3.540966e-05
-4.062500e+00	3.548475e-05
-4.060000e+00	3.556041e-05
-4.057500e+00	3.563664e-05
-4.055000e+00	3.571346e-05
-4.052500e+00	3.579088e-05
-4.050000e+00	3.586889e-05
-4.047500e+00	3.594751e-05
-4.045000e+00	3.602675e-05
-4.042500e+00	3.610661e-05
-4.040000e+00	3.618710e-05
-4.037500e+00	3.626824e-05
-4.035000e+00	3.635002e-05
-4.032500e+00	3.643246e-05
-4.030000e+00	3.651557e-05
-4.027500e+00	3.659935e-05
-4.025000e+00	3.668382e-05
-4.022500e+00	3.676898e-05
-4.020000e+00	3.685484e-05
-4.017500e+00	3.694142e-05
-4.015000e+00	3.702872e-05
-4.012500e+00	3.711675e-05
-4.010000e+00	3.720553e-05
-4.007500e+00	3.729505e-05
-4.005000e+00	3.738535e-05
-4.002500e+00	3.747641e-05
-4.000000e+00	3.756826e-05
-3.997500e+00	3.766091e-05
-3.995000e+00	3.775436e-05
-3.992500e+00	3.784864e-05
-3.990000e+00	3.794374e-05
-3.987500e+00	3.803969e-05
-3.985000e+00	3.813649e-05
-3.982500e+00	3.823416e-05
-3.980000e+00	3.833271e-05
-3.977500e+00	3.843216e-05
-3.975000e+00	3.853251e-05
-3.972500e+00	3.863378e-05
-3.970000e+00	3.873598e-05
-3.967500e+00	3.883913e-05
-3.965000e+00	3.894324e-05
-3.962500e+00	3.904833e-05
-3.960000e+00	3.915441e-05
-3.957500e+00	3.926149e-05
-3.955000e+00	3.936960e-05
-3.952500e+00	3.947874e-05
-3.950000e+00	3.958894e-05
-3.947500e+00	3.970020e-05
-3.945000e+00	3.981255e-05
-3.942500e+00	3.992601e-05
-3.940000e+00	4.004059e-05
-3.937500e+00	4.015630e-05
-3.935000e+00	4.027317e-05
-3.932500e+00	4.039122e-05
-3.930000e+00	4.051046e-05
-3.927500e+00	4.063091e-05
-3.925000e+00	4.075260e-05
-3.922500e+00	4.087554e-05
-3.920000e+00	4.099975e-05
-3.917500e+00	4.112526e-05
-3.915000e+00	4.125208e-05
-3.912500e+00	4.138025e-05
-3.910000e+00	4.150977e-05
-3.907500e+00	4.164068e-05
-3.905000e+00	4.177299e-05
-3.902500e+00	4.190673e-05
-3.900000e+00	4.204193e-05
-3.897500e+00	4.217861e-05
-3.895000e+00	4.231679e-05
-3.892500e+00	4.245651e-05
-3.890000e+00	4.259778e-05
-3.887500e+00	4.274065e-05
-3.885000e+00	4.288512e-05
-3.882500e+00	4.303124e-05
-3.880000e+00	4.317902e-05
-3.877500e+00	4.332852e-05
-3.875000e+00	4.347974e-05
-3.872500e+00	4.363272e-05
-3.870000e+00	4.378751e-05
-3.867500e+00	4.394412e-05
-3.865000e+00	4.410259e-05
-3.862500e+00	4.426296e-05
-3.860000e+00	4.442526e-05
-3.857500e+00	4.458953e-05
-3.855000e+00	4.475581e-05
-3.852500e+00	4.492413e-05
-3.850000e+00	4.509453e-05
-3.847500e+00	4.526706e-05
-3.845000e+00	4.544174e-05
-3.842500e+00	4.561864e-05
-3.840000e+00	4.579778e-05
-3.837500e+00	4.597921e-05
-3.835000e+00	4.616298e-05
-3.832500e+00	4.634913e-05
-3.830000e+00	4.653771e-05
-3.827500e+00	4.672877e-05
-3.825000e+00	4.692237e-05
-3.822500e+00	4.711854e-05
-3.820000e+00	4.731735e-05
-3.817500e+00	4.751884e-05
-3.815000e+00	4.772308e-05
-3.812500e+00	4.793011e-05
-3.810000e+00	4.814001e-05
-3.807500e+00	4.835282e-05
-3.805000e+00	4.856862e-05
-3.802500e+00	4.878746e-05
-3.800000e+00	4.900940e-05
-3.797500e+00	4.923453e-05
-3.795000e+00	4.946289e-05
-3.792500e+00	4.969458e-05
-3.790000e+00	4.992965e-05
-3.787500e+00	5.016818e-05
-3.785000e+00	5.041026e-05
-3.782500e+00	5.065595e-05
-3.780000e+00	5.090535e-05
-3.777500e+00	5.115853e-05
-3.775000e+00	5.141558e-05
-3.772500e+00	5.167659e-05
-3.770000e+00	5.194165e-05
-3.767500e+00	5.221085e-05
-3.765000e+00	5.248430e-05
-3.762500e+00	5.276209e-05
-3.760000e+00	5.304433e-05
-3.757500e+00	5.333112e-05
-3.755000e+00	5.362257e-05
-3.752500e+00	5.391879e-05
-3.750000e+00	5.421990e-05
-3.747500e+00	5.452603e-05
-3.745000e+00	5.483728e-05
-3.742500e+00	5.515380e-05
-3.740000e+00	5.547571e-05
-3.737500e+00	5.580316e-05
-3.735000e+00	5.613627e-05
-3.732500e+00	5.647519e-05
-3.730000e+00	5.682008e-05
-3.727500e+00	5.717109e-05
-3.725000e+00	5.752838e-05
-3.722500e+00	5.789212e-05
-3.720000e+00	5.826246e-05
-3.717500e+00	5.863961e-05
-3.715000e+00	5.902372e-05
-3.712500e+00	5.941500e-05
-3.710000e+00	5.981364e-05
-3.707500e+00	6.021985e-05
-3.705000e+00	6.063382e-05
-3.702500e+00	6.105578e-05
-3.700000e+00	6.148596e-05
-3.697500e+00	6.192458e-05
-3.695000e+00	6.237190e-05
-3.692500e+00	6.282815e-05
-3.690000e+00	6.329360e-05
-3.687500e+00	6.376852e-05
-3.685000e+00	6.425318e-05
-3.682500e+00	6.474788e-05
-3.680000e+00	6.525292e-05
-3.677500e+00	6.576861e-05
-3.675000e+00	6.629527e-05
-3.672500e+00	6.683325e-05
-3.670000e+00	6.738288e-05
-3.667500e+00	6.794455e-05
-3.665000e+00	6.851861e-05
-3.662500e+00	6.910548e-05
-3.660000e+00	6.970556e-05
-3.657500e+00	7.031927e-05
-3.655000e+00	7.094707e-05
-3.652500e+00	7.158940e-05
-3.650000e+00	7.224677e-05
-3.647500e+00	7.291966e-05
-3.645000e+00	7.360861e-05
-3.642500e+00	7.431415e-05
-3.640000e+00	7.503687e-05
-3.637500e+00	7.577735e-05
-3.635000e+00	7.653623e-05
-3.632500e+00	7.731414e-05
-3.630000e+00	7.811177e-05
-3.627500e+00	7.892983e-05
-3.625000e+00	7.976905e-05
-3.622500e+00	8.063023e-05
-3.620000e+00	8.151416e-05
-3.617500e+00	8.242171e-05
-3.615000e+00	8.335377e-05
-3.612500e+00	8.431126e-05
-3.610000e+00	8.529518e-05
-3.607500e+00	8.630655e-05
-3.605000e+00	8.734644e-05
-3.602500e+00	8.841600e-05
-3.600000e+00	8.951642e-05
-3.597500e+00	9.064895e-05
-3.595000e+00	9.181490e-05
-3.592500e+00	9.301566e-05
-3.590000e+00	9.425269e-05
-3.587500e+00	9.552754e-05
-3.585000e+00	9.684180e-05
-3.582500e+00	9.819720e-05
-3.580000e+00	9.959554e-05
-3.577500e+00	1.010387e-04
-3.575000e+00	1.025287e-04
-3.572500e+00	1.040677e-04
-3.570000e+00	1.056580e-04
-3.567500e+00	1.073018e-04
-3.565000e+00	1.090017e-04
-3.562500e+00	1.107604e-04
-3.560000e+00	1.125807e-04
-3.557500e+00	1.144657e-04
-3.555000e+00	1.164184e-04
-3.552500e+00	1.184424e-04
-3.550000e+00	1.205411e-04
-3.547500e+00	1.227184e-04
-3.545000e+00	1.249785e-04
-3.542500e+00	1.273257e-04
-3.540000e+00	1.297646e-04
-3.537500e+00	1.323001e-04
-3.535000e+00	1.349376e-04
-3.532500e+00	1.376828e-04
-3.530000e+00	1.405418e-04
-3.527500e+00	1.435210e-04
-3.525000e+00	1.466274e-04
-3.522500e+00	1.498685e-04
-3.520000e+00	1.532524e-04
-3.517500e+00	1.567878e-04
-3.515000e+00	1.604840e-04
-3.512500e+00	1.643511e-04
-3.510000e+00	1.683999e-04
-3.507500e+00	1.726423e-04
-3.505000e+00	1.770909e-04
-3.502500e+00	1.817596e-04
-3.500000e+00	1.866633e-04
-3.497500e+00	1.918183e-04
-3.495000e+00	1.972423e-04
-3.492500e+00	2.029545e-04
-3.490000e+00	2.089761e-04
-3.487500e+00	2.153299e-04
-3.485000e+00	2.220412e-04
-3.482500e+00	2.291376e-04
-3.480000e+00	2.366494e-04
-3.477500e+00	2.446099e-04
-3.475000e+00	2.530560e-04
-3.472500e+00	2.620282e-04
-3.470000e+00	2.715715e-04
-3.467500e+00	2.817357e-04
-3.465000e+00	2.925762e-04
-3.462500e+00	3.041547e-04
-3.460000e+00	3.165401e-04
-3.457500e+00	3.298095e-04
-3.455000e+00	3.440493e-04
-3.452500e+00	3.593569e-04
-3.450000e+00	3.758420e-04
-3.447500e+00	3.936288e-04
-3.445000e+00	4.128583e-04
-3.442500e+00	4.336911e-04
-3.440000e+00	4.563103e-04
-3.437500e+00	4.809263e-04
-3.435000e+00	5.077811e-04
-3.432500e+00	5.371539e-04
-3.430000e+00	5.693693e-04
-3.427500e+00	6.048049e-04
-3.425000e+00	6.439032e-04
-3.422500e+00	6.871846e-04
-3.420000e+00	7.352646e-04
-3.417500e+00	7.888753e-04
-3.415000e+00	8.488925e-04
-3.412500e+00	9.163707e-04
-3.410000e+00	9.925880e-04
-3.407500e+00	1.079105e-03
-3.405000e+00	1.177842e-03
-3.402500e+00	1.291180e-03
-3.400000e+00	1.422101e-03
-3.397500e+00	1.574373e-03
-3.395000e+00	1.752807e-03
-3.392500e+00	1.963612e-03
-3.390000e+00	2.214898e-03
-3.387500e+00	2.517391e-03
-3.385000e+00	2.885467e-03
-3.382500e+00	3.338659e-03
-3.380000e+00	3.903882e-03
-3.377500e+00	4.618721e-03
-3.375000e+00	5.536270e-03
-3.372500e+00	6.732042e-03
-3.370000e+00	8.313026e-03
-3.367500e+00	1.042681e-02
-3.365000e+00	1.326081e-02
-3.362500e+00	1.699924e-02
-3.360000e+00	2.165773e-02
-3.357500e+00	2.669199e-02
-3.355000e+00	3.057123e-02
-3.352500e+00	3.133187e-02
-3.350000e+00	2.850392e-02
-3.347500e+00	2.369320e-02
-3.345000e+00	1.876952e-02
-3.342500e+00	1.464456e-02
-3.340000e+00	1.146672e-02
-3.337500e+00	9.088629e-03
-3.335000e+00	7.314571e-03
-3.332500e+00	5.979642e-03
-3.330000e+00	4.961486e-03
-3.327500e+00	4.173155e-03
-3.325000e+00	3.553526e-03
-3.322500e+00	3.059483e-03
-3.320000e+00	2.660304e-03
-3.317500e+00	2.333814e-03
-3.315000e+00	2.063784e-03
-3.312500e+00	1.838173e-03
-3.310000e+00	1.647922e-03
-3.307500e+00	1.486130e-03
-3.305000e+00	1.347476e-03
-3.302500e+00	1.227810e-03
-3.300000e+00	1.123860e-03
-3.297500e+00	1.033024e-03
-3.295000e+00	9.532091e-04
-3.292500e+00	8.827227e-04
-3.290000e+00	8.201809e-04
-3.287500e+00	7.644459e-04
-3.285000e+00	7.145748e-04
-3.282500e+00	6.697818e-04
-3.280000e+00	6.294076e-04
-3.277500e+00	5.928958e-04
-3.275000e+00	5.597746e-04
-3.272500e+00	5.296420e-04
-3.270000e+00	5.021532e-04
-3.267500e+00	4.770119e-04
-3.265000e+00	4.539620e-04
-3.262500e+00	4.327812e-04
-3.260000e+00	4.132759e-04
-3.257500e+00	3.952770e-04
-3.255000e+00	3.786362e-04
-3.252500e+00	3.632228e-04
-3.250000e+00	3.489217e-04
-3.247500e+00	3.356308e-04
-3.245000e+00	3.232595e-04
-3.242500e+00	3.117272e-04
-3.240000e+00	3.009619e-04
-3.237500e+00	2.908993e-04
-3.235000e+00	2.814815e-04
-3.232500e+00	2.726568e-04
-3.230000e+00	2.643783e-04
-3.227500e+00	2.566038e-04
-3.225000e+00	2.492951e-04
-3.222500e+00	2.424176e-04
-3.220000e+00	2.359400e-04
-3.217500e+00	2.298336e-04
-3.215000e+00	2.240724e-04
-3.212500e+00	2.186326e-04
-3.210000e+00	2.134926e-04
-3.207500e+00	2.086324e-04
-3.205000e+00	2.040338e-04
-3.202500e+00	1.996802e-04
-3.200000e+00	1.955560e-04
-3.197500e+00	1.916473e-04
-3.195000e+00	1.879408e-04
-3.192500e+00	1.844246e-04
-3.190000e+00	1.810876e-04
-3.187500e+00	1.779194e-04
-3.185000e+00	1.749106e-04
-3.182500e+00	1.720523e-04
-3.180000e+00	1.693363e-04
-3.177500e+00	1.667550e-04
-3.175000e+00	1.643013e-04
-3.172500e+00	1.619688e-04
-3.170000e+00	1.597511e-04
-3.167500e+00	1.576428e-04
-3.165000e+00	1.556383e-04
-3.162500e+00	1.537328e-04
-3.160000e+00	1.519217e-04
-3.157500e+00	1.502005e-04
-3.155000e+00	1.485653e-04
-3.152500e+00	1.470122e-04
-3.150000e+00	1.455378e-04
-3.147500e+00	1.441386e-04
-3.145000e+00	1.428116e-04
-3.142500e+00	1.415539e-04
-3.140000e+00	1.403628e-04
-3.137500e+00	1.392356e-04
-3.135000e+00	1.381700e-04
-3.132500e+00	1.371637e-04
-3.130000e+00	1.362147e-04
-3.127500e+00	1.353209e-04
-3.125000e+00	1.344804e-04
-3.122500e+00	1.336917e-04
-3.120000e+00	1.329529e-04
-3.117500e+00	1.322626e-04
-3.115000e+00	1.316193e-04
-3.112500e+00	1.310218e-04
-3.110000e+00	1.304687e-04
-3.107500e+00	1.299589e-04
-3.105000e+00	1.294913e-04
-3.102500e+00	1.290649e-04
-3.100000e+00	1.286786e-04
-3.097500e+00	1.283318e-04
-3.095000e+00	1.280234e-04
-3.092500e+00	1.277528e-04
-3.090000e+00	1.275193e-04
-3.087500e+00	1.273222e-04
-3.085000e+00	1.271610e-04
-3.082500e+00	1.270350e-04
-3.080000e+00	1.269439e-04
-3.077500e+00	1.268872e-04
-3.075000e+00	1.268645e-04
-3.072500e+00	1.268755e-04
-3.070000e+00	1.269198e-04
-3.067500e+00	1.269972e-04
-3.065000e+00	1.271075e-04
-3.062500e+00	1.272506e-04
-3.060000e+00	1.274263e-04
-3.057500e+00	1.276345e-04
-3.055000e+00	1.278751e-04
-3.052500e+00	1.281482e-04
-3.050000e+00	1.284539e-04
-3.047500e+00	1.287921e-04
-3.045000e+00	1.291630e-04
-3.042500e+00	1.295667e-04
-3.040000e+00	1.300034e-04
-3.037500e+00	1.304734e-04
-3.035000e+00	1.309769e-04
-3.032500e+00	1.315142e-04
-3.030000e+00	1.320858e-04
-3.027500e+00	1.326919e-04
-3.025000e+00	1.333330e-04
-3.022500e+00	1.340096e-04
-3.020000e+00	1.347222e-04
-3.017500e+00	1.354713e-04
-3.015000e+00	1.362577e-04
-3.012500e+00	1.370819e-04
-3.010000e+00	1.379447e-04
-3.007500e+00	1.388468e-04
-3.005000e+00	1.397890e-04
-3.002500e+00	1.407722e-04
-3.000000e+00	1.417974e-04
-2.997500e+00	1.428655e-04
-2.995000e+00	1.439775e-04
-2.992500e+00	1.451346e-04
-2.990000e+00	1.463380e-04
-2.987500e+00	1.475888e-04
-2.985000e+00	1.488885e-04
-2.982500e+00	1.502384e-04
-2.980000e+00	1.516399e-04
-2.977500e+00	1.530946e-04
-2.975000e+00	1.546043e-04
-2.972500e+00	1.561706e-04
-2.970000e+00	1.577953e-04
-2.967500e+00	1.594804e-04
-2.965000e+00	1.612280e-04
-2.962500e+00	1.630402e-04
-2.960000e+00	1.649193e-04
-2.957500e+00	1.668678e-04
-2.955000e+00	1.688881e-04
-2.952500e+00	1.709830e-04
-2.950000e+00	1.731553e-04
-2.947500e+00	1.754080e-04
-2.945000e+00	1.777444e-04
-2.942500e+00	1.801678e-04
-2.940000e+00	1.826818e-04
-2.937500e+00	1.852901e-04
-2.935000e+00	1.879968e-04
-2.932500e+00	1.908061e-04
-2.930000e+00	1.937226e-04
-2.927500e+00	1.967509e-04
-2.925000e+00	1.998961e-04
-2.922500e+00	2.031637e-04
-2.920000e+00	2.065594e-04
-2.917500e+00	2.100891e-04
-2.915000e+00	2.137595e-04
-2.912500e+00	2.175773e-04
-2.910000e+00	2.215499e-04
-2.907500e+00	2.256852e-04
-2.905000e+00	2.299914e-04
-2.902500e+00	2.344775e-04
-2.900000e+00	2.391530e-04
-2.897500e+00	2.440280e-04
-2.895000e+00	2.491135e-04
-2.892500e+00	2.544210e-04
-2.890000e+00	2.599632e-04
-2.887500e+00	2.657534e-04
-2.885000e+00	2.718061e-04
-2.882500e+00	2.781366e-04
-2.880000e+00	2.847618e-04
-2.877500e+00	2.916996e-04
-2.875000e+00	2.989694e-04
-2.872500e+00	3.065921e-04
-2.870000e+00	3.145904e-04
-2.867500e+00	3.229887e-04
-2.865000e+00	3.318137e-04
-2.862500e+00	3.410941e-04
-2.860000e+00	3.508612e-04
-2.857500e+00	3.611492e-04
-2.855000e+00	3.719951e-04
-2.852500e+00	3.834395e-04
-2.850000e+00	3.955266e-04
-2.847500e+00	4.083050e-04
-2.845000e+00	4.218277e-04
-2.842500e+00	4.361531e-04
-2.840000e+00	4.513456e-04
-2.837500e+00	4.674757e-04
-2.835000e+00	4.846219e-04
-2.832500e+00	5.028704e-04
-2.830000e+00	5.223174e-04
-2.827500e+00	5.430694e-04
-2.825000e+00	5.652450e-04
-2.822500e+00	5.889769e-04
-2.820000e+00	6.144134e-04
-2.817500e+00	6.417207e-04
-2.815000e+00	6.710861e-04
-2.812500e+00	7.027207e-04
-2.810000e+00	7.368632e-04
-2.807500e+00	7.737846e-04
-2.805000e+00	8.137935e-04
-2.802500e+00	8.572421e-04
-2.800000e+00	9.045344e-04
-2.797500e+00	9.561349e-04
-2.795000e+00	1.012580e-03
-2.792500e+00	1.074493e-03
-2.790000e+00	1.142599e-03
-2.787500e+00	1.217746e-03
-2.785000e+00	1.300933e-03
-2.782500e+00	1.393340e-03
-2.780000e+00	1.496370e-03
-2.777500e+00	1.611701e-03
-2.775000e+00	1.741353e-03
-2.772500e+00	1.887773e-03
-2.770000e+00	2.053947e-03
-2.767500e+00	2.243548e-03
-2.765000e+00	2.461128e-03
-2.762500e+00	2.712384e-03
-2.760000e+00	3.004511e-03
-2.757500e+00	3.346686e-03
-2.755000e+00	3.750752e-03
-2.752500e+00	4.232159e-03
-2.750000e+00	4.811330e-03
-2.747500e+00	5.515611e-03
-2.745000e+00	6.382125e-03
-2.742500e+00	7.461983e-03
-2.740000e+00	8.826502e-03
-2.737500e+00	1.057637e-02
-2.735000e+00	1.285474e-02
-2.732500e+00	1.586462e-02
-2.730000e+00	1.988679e-02
-2.727500e+00	2.528072e-02
-2.725000e+00	3.240947e-02
-2.722500e+00	4.134055e-02
-2.720000e+00	5.111577e-02
-2.717500e+00	5.888898e-02
-2.715000e+00	6.081121e-02
-2.712500e+00	5.569940e-02
-2.710000e+00	4.649564e-02
-2.707500e+00	3.689621e-02
-2.705000e+00	2.878865e-02
-2.702500e+00	2.252269e-02
-2.700000e+00	1.782966e-02
-2.697500e+00	1.432949e-02
-2.695000e+00	1.169760e-02
-2.692500e+00	9.692025e-03
-2.690000e+00	8.140602e-03
-2.687500e+00	6.922275e-03
-2.685000e+00	5.951689e-03
-2.682500e+00	5.168072e-03
-2.680000e+00	4.527595e-03
-2.677500e+00	3.998210e-03
-2.675000e+00	3.556157e-03
-2.672500e+00	3.183578e-03
-2.670000e+00	2.866877e-03
-2.667500e+00	2.595579e-03
-2.665000e+00	2.361521e-03
-2.662500e+00	2.158271e-03
-2.660000e+00	1.980715e-03
-2.657500e+00	1.824745e-03
-2.655000e+00	1.687038e-03
-2.652500e+00	1.564878e-03
-2.650000e+00	1.456036e-03
-2.647500e+00	1.358662e-03
-2.645000e+00	1.271218e-03
-2.642500e+00	1.192411e-03
-2.640000e+00	1.121154e-03
-2.637500e+00	1.056521e-03
-2.635000e+00	9.977275e-04
-2.632500e+00	9.440982e-04
-2.630000e+00	8.950539e-04
-2.627500e+00	8.500939e-04
-2.625000e+00	8.087839e-04
-2.622500e+00	7.707457e-04
-2.620000e+00	7.356491e-04
-2.617500e+00	7.032043e-04
-2.615000e+00	6.731564e-04
-2.612500e+00	6.452806e-04
-2.610000e+00	6.193779e-04
-2.607500e+00	5.952717e-04
-2.605000e+00	5.728046e-04
-2.602500e+00	5.518366e-04
-2.600000e+00	5.322420e-04
-2.597500e+00	5.139086e-04
-2.595000e+00	4.967351e-04
-2.592500e+00	4.806307e-04
-2.590000e+00	4.655132e-04
-2.587500e+00	4.513085e-04
-2.585000e+00	4.379493e-04
-2.582500e+00	4.253747e-04
-2.580000e+00	4.135292e-04
-2.577500e+00	4.023623e-04
-2.575000e+00	3.918281e-04
-2.572500e+00	3.818846e-04
-2.570000e+00	3.724934e-04
-2.567500e+00	3.636192e-04
-2.565000e+00	3.552300e-04
-2.562500e+00	3.472961e-04
-2.560000e+00	3.397903e-04
-2.557500e+00	3.326876e-04
-2.555000e+00	3.259651e-04
-2.552500e+00	3.196016e-04
-2.550000e+00	3.135775e-04
-2.547500e+00	3.078748e-04
-2.545000e+00	3.024768e-04
-2.542500e+00	2.973682e-04
-2.540000e+00	2.925348e-04
-2.537500e+00	2.879634e-04
-2.535000e+00	2.836420e-04
-2.532500e+00	2.795593e-04
-2.530000e+00	2.757049e-04
-2.527500e+00	2.720694e-04
-2.525000e+00	2.686439e-04
-2.522500e+00	2.654202e-04
-2.520000e+00	2.623908e-04
-2.517500e+00	2.595490e-04
-2.515000e+00	2.568882e-04
-2.512500e+00	2.544028e-04
-2.510000e+00	2.520874e-04
-2.507500e+00	2.499372e-04
-2.505000e+00	2.479479e-04
-2.502500e+00	2.461156e-04
-2.500000e+00	2.444367e-04
-2.497500e+00	2.429081e-04
-2.495000e+00	2.415271e-04
-2.492500e+00	2.402915e-04
-2.490000e+00	2.391991e-04
-2.487500e+00	2.382483e-04
-2.485000e+00	2.374380e-04
-2.482500e+00	2.367672e-04
-2.480000e+00	2.362352e-04
-2.477500e+00	2.358420e-04
-2.475000e+00	2.355876e-04
-2.472500e+00	2.354724e-04
-2.470000e+00	2.354974e-04
-2.467500e+00	2.356637e-04
-2.465000e+00	2.359730e-04
-2.462500e+00	2.364271e-04
-2.460000e+00	2.370284e-04
-2.457500e+00	2.377797e-04
-2.455000e+00	2.386843e-04
-2.452500e+00	2.397458e-04
-2.450000e+00	2.409683e-04
-2.447500e+00	2.423566e-04
-2.445000e+00	2.439160e-04
-2.442500e+00	2.456521e-04
-2.440000e+00	2.475714e-04
-2.437500e+00	2.496810e-04
-2.435000e+00	2.519888e-04
-2.432500e+00	2.545033e-04
-2.430000e+00	2.572340e-04
-2.427500e+00	2.601912e-04
-2.425000e+00	2.633864e-04
-2.422500e+00	2.668319e-04
-2.420000e+00	2.705414e-04
-2.417500e+00	2.745298e-04
-2.415000e+00	2.788136e-04
-2.412500e+00	2.834107e-04
-2.410000e+00	2.883408e-04
-2.407500e+00	2.936256e-04
-2.405000e+00	2.992889e-04
-2.402500e+00	3.053568e-04
-2.400000e+00	3.118584e-04
-2.397500e+00	3.188253e-04
-2.395000e+00	3.262928e-04
-2.392500e+00	3.342997e-04
-2.390000e+00	3.428893e-04
-2.387500e+00	3.521093e-04
-2.385000e+00	3.620130e-04
-2.382500e+00	3.726597e-04
-2.380000e+00	3.841157e-04
-2.377500e+00	3.964550e-04
-2.375000e+00	4.097609e-04
-2.372500e+00	4.241270e-04
-2.370000e+00	4.396586e-04
-2.367500e+00	4.564750e-04
-2.365000e+00	4.747116e-04
-2.362500e+00	4.945220e-04
-2.360000e+00	5.160818e-04
-2.357500e+00	5.395920e-04
-2.355000e+00	5.652836e-04
-2.352500e+00	5.934230e-04
-2.350000e+00	6.243187e-04
-2.347500e+00	6.583296e-04
-2.345000e+00	6.958750e-04
-2.342500e+00	7.374473e-04
-2.340000e+00	7.836272e-04
-2.337500e+00	8.351039e-04
-2.335000e+00	8.926994e-04
-2.332500e+00	9.574009e-04
-2.330000e+00	1.030401e-03
-2.327500e+00	1.113151e-03
-2.325000e+00	1.207430e-03
-2.322500e+00	1.315436e-03
-2.320000e+00	1.439912e-03
-2.317500e+00	1.584305e-03
-2.315000e+00	1.752997e-03
-2.312500e+00	1.951614e-03
-2.310000e+00	2.187465e-03
-2.307500e+00	2.470160e-03
-2.305000e+00	2.812499e-03
-2.302500e+00	3.231763e-03
-2.300000e+00	3.751612e-03
-2.297500e+00	4.404888e-03
-2.295000e+00	5.237756e-03
-2.292500e+00	6.315725e-03
-2.290000e+00	7.731946e-03
-2.287500e+00	9.617060e-03
-2.285000e+00	1.214528e-02
-2.282500e+00	1.551691e-02
-2.280000e+00	1.986105e-02
-2.277500e+00	2.495018e-02
-2.275000e+00	2.970972e-02
-2.272500e+00	3.215272e-02
-2.270000e+00	3.085154e-02
-2.267500e+00	2.660182e-02
-2.265000e+00	2.144787e-02
-2.262500e+00	1.680857e-02
-2.260000e+00	1.312853e-02
-2.257500e+00	1.035001e-02
-2.255000e+00	8.278505e-03
-2.252500e+00	6.727300e-03
-2.250000e+00	5.551869e-03
-2.247500e+00	4.648060e-03
-2.245000e+00	3.942478e-03
-2.242500e+00	3.383489e-03
-2.240000e+00	2.934491e-03
-2.237500e+00	2.569227e-03
-2.235000e+00	2.268605e-03
-2.232500e+00	2.018546e-03
-2.230000e+00	1.808526e-03
-2.227500e+00	1.630573e-03
-2.225000e+00	1.478574e-03
-2.222500e+00	1.347785e-03
-2.220000e+00	1.234485e-03
-2.217500e+00	1.135726e-03
-2.215000e+00	1.049149e-03
-2.212500e+00	9.728507e-04
-2.210000e+00	9.052828e-04
-2.207500e+00	8.451755e-04
-2.205000e+00	7.914801e-04
-2.202500e+00	7.433250e-04
-2.200000e+00	6.999810e-04
-2.197500e+00	6.608346e-04
-2.195000e+00	6.253666e-04
-2.192500e+00	5.931353e-04
-2.190000e+00	5.637634e-04
-2.187500e+00	5.369267e-04
-2.185000e+00	5.123458e-04
-2.182500e+00	4.897787e-04
-2.180000e+00	4.690148e-04
-2.177500e+00	4.498707e-04
-2.175000e+00	4.321855e-04
-2.172500e+00	4.158180e-04
-2.170000e+00	4.006437e-04
-2.167500e+00	3.865524e-04
-2.165000e+00	3.734467e-04
-2.162500e+00	3.612398e-04
-2.160000e+00	3.498543e-04
-2.157500e+00	3.392212e-04
-2.155000e+00	3.292785e-04
-2.152500e+00	3.199707e-04
-2.150000e+00	3.112478e-04
-2.147500e+00	3.030648e-04
-2.145000e+00	2.953808e-04
-2.142500e+00	2.881591e-04
-2.140000e+00	2.813662e-04
-2.137500e+00	2.749717e-04
-2.135000e+00	2.689481e-04
-2.132500e+00	2.632702e-04
-2.130000e+00	2.579150e-04
-2.127500e+00	2.528616e-04
-2.125000e+00	2.480906e-04
-2.122500e+00	2.435844e-04
-2.120000e+00	2.393270e-04
-2.117500e+00	2.353035e-04
-2.115000e+00	2.315002e-04
-2.112500e+00	2.279046e-04
-2.110000e+00	2.245050e-04
-2.107500e+00	2.212908e-04
-2.105000e+00	2.182522e-04
-2.102500e+00	2.153800e-04
-2.100000e+00	2.126659e-04
-2.097500e+00	2.101020e-04
-2.095000e+00	2.076811e-04
-2.092500e+00	2.053966e-04
-2.090000e+00	2.032424e-04
-2.087500e+00	2.012126e-04
-2.085000e+00	1.993022e-04
-2.082500e+00	1.975060e-04
-2.080000e+00	1.958197e-04
-2.077500e+00	1.942391e-04
-2.075000e+00	1.927602e-04
-2.072500e+00	1.913795e-04
-2.070000e+00	1.900938e-04
-2.067500e+00	1.889000e-04
-2.065000e+00	1.877954e-04
-2.062500e+00	1.867773e-04
-2.060000e+00	1.858435e-04
-2.057500e+00	1.849918e-04
-2.055000e+00	1.842204e-04
-2.052500e+00	1.835275e-04
-2.050000e+00	1.829115e-04
-2.047500e+00	1.823712e-04
-2.045000e+00	1.819053e-04
-2.042500e+00	1.815128e-04
-2.040000e+00	1.811927e-04
-2.037500e+00	1.809445e-04
-2.035000e+00	1.807675e-04
-2.032500e+00	1.806613e-04
-2.030000e+00	1.806257e-04
-2.027500e+00	1.806605e-04
-2.025000e+00	1.807659e-04
-2.022500e+00	1.809419e-04
-2.020000e+00	1.811889e-04
-2.017500e+00	1.815074e-04
-2.015000e+00	1.818980e-04
-2.012500e+00	1.823616e-04
-2.010000e+00	1.828990e-04
-2.007500e+00	1.835115e-04
-2.005000e+00	1.842004e-04
-2.002500e+00	1.849671e-04
-2.000000e+00	1.858132e-04
-1.997500e+00	1.867407e-04
-1.995000e+00	1.877516e-04
-1.992500e+00	1.888483e-04
-1.990000e+00	1.900332e-04
-1.987500e+00	1.913091e-04
-1.985000e+00	1.926789e-04
-1.982500e+00	1.941461e-04
-1.980000e+00	1.957142e-04
-1.977500e+00	1.973871e-04
-1.975000e+00	1.991690e-04
-1.972500e+00	2.010645e-04
-1.970000e+00	2.030786e-04
-1.967500e+00	2.052167e-04
-1.965000e+00	2.074848e-04
-1.962500e+00	2.098891e-04
-1.960000e+00	2.124366e-04
-1.957500e+00	2.151347e-04
-1.955000e+00	2.179916e-04
-1.952500e+00	2.210161e-04
-1.950000e+00	2.242178e-04
-1.947500e+00	2.276071e-04
-1.945000e+00	2.311954e-04
-1.942500e+00	2.349950e-04
-1.940000e+00	2.390195e-04
-1.937500e+00	2.432835e-04
-1.935000e+00	2.478032e-04
-1.932500e+00	2.525960e-04
-1.930000e+00	2.576814e-04
-1.927500e+00	2.630805e-04
-1.925000e+00	2.688166e-04
-1.922500e+00	2.749152e-04
-1.920000e+00	2.814046e-04
-1.917500e+00	2.883161e-04
-1.915000e+00	2.956840e-04
-1.912500e+00	3.035467e-04
-1.910000e+00	3.119467e-04
-1.907500e+00	3.209314e-04
-1.905000e+00	3.305535e-04
-1.902500e+00	3.408721e-04
-1.900000e+00	3.519536e-04
-1.897500e+00	3.638723e-04
-1.895000e+00	3.767122e-04
-1.892500e+00	3.905683e-04
-1.890000e+00	4.055480e-04
-1.887500e+00	4.217738e-04
-1.885000e+00	4.393854e-04
-1.882500e+00	4.585426e-04
-1.880000e+00	4.794291e-04
-1.877500e+00	5.022571e-04
-1.875000e+00	5.272720e-04
-1.872500e+00	5.547597e-04
-1.870000e+00	5.850541e-04
-1.867500e+00	6.185474e-04
-1.865000e+00	6.557025e-04
-1.862500e+00	6.970690e-04
-1.860000e+00	7.433027e-04
-1.857500e+00	7.951917e-04
-1.855000e+00	8.536887e-04
-1.852500e+00	9.199538e-04
-1.850000e+00	9.954104e-04
-1.847500e+00	1.081819e-03
-1.845000e+00	1.181376e-03
-1.842500e+00	1.296848e-03
-1.840000e+00	1.431753e-03
-1.837500e+00	1.590614e-03
-1.835000e+00	1.779314e-03
-1.832500e+00	2.005599e-03
-1.830000e+00	2.279800e-03
-1.827500e+00	2.615883e-03
-1.825000e+00	3.033000e-03
-1.822500e+00	3.557772e-03
-1.820000e+00	4.227663e-03
-1.817500e+00	5.095871e-03
-1.815000e+00	6.238004e-03
-1.812500e+00	7.759779e-03
-1.810000e+00	9.800883e-03
-1.807500e+00	1.251750e-02
-1.805000e+00	1.599524e-02
-1.802500e+00	2.000544e-02
-1.800000e+00	2.361955e-02
-1.797500e+00	2.525177e-02
-1.795000e+00	2.393133e-02
-1.792500e+00	2.045689e-02
-1.790000e+00	1.643036e-02
-1.787500e+00	1.287407e-02
-1.785000e+00	1.007545e-02
-1.782500e+00	7.968171e-03
-1.780000e+00	6.397561e-03
-1.777500e+00	5.220533e-03
-1.775000e+00	4.327605e-03
-1.772500e+00	3.640189e-03
-1.770000e+00	3.102952e-03
-1.767500e+00	2.676950e-03
-1.765000e+00	2.334546e-03
-1.762500e+00	2.055887e-03
-1.760000e+00	1.826516e-03
-1.757500e+00	1.635757e-03
-1.755000e+00	1.475619e-03
-1.752500e+00	1.340042e-03
-1.750000e+00	1.224371e-03
-1.747500e+00	1.124992e-03
-1.745000e+00	1.039067e-03
-1.742500e+00	9.643450e-04
-1.740000e+00	8.990241e-04
-1.737500e+00	8.416493e-04
-1.735000e+00	7.910362e-04
-1.732500e+00	7.462134e-04
-1.730000e+00	7.063785e-04
-1.727500e+00	6.708646e-04
-1.725000e+00	6.391137e-04
-1.722500e+00	6.106565e-04
-1.720000e+00	5.850964e-04
-1.717500e+00	5.620962e-04
-1.715000e+00	5.413680e-04
-1.712500e+00	5.226652e-04
-1.710000e+00	5.057756e-04
-1.707500e+00	4.905158e-04
-1.705000e+00	4.767270e-04
-1.702500e+00	4.642713e-04
-1.700000e+00	4.530284e-04
-1.697500e+00	4.428935e-04
-1.695000e+00	4.337747e-04
-1.692500e+00	4.255916e-04
-1.690000e+00	4.182739e-04
-1.687500e+00	4.117596e-04
-1.685000e+00	4.059946e-04
-1.682500e+00	4.009313e-04
-1.680000e+00	3.965284e-04
-1.677500e+00	3.927494e-04
-1.675000e+00	3.895629e-04
-1.672500e+00	3.869419e-04
-1.670000e+00	3.848629e-04
-1.667500e+00	3.833063e-04
-1.665000e+00	3.822556e-04
-1.662500e+00	3.816976e-04
-1.660000e+00	3.816216e-04
-1.657500e+00	3.820200e-04
-1.655000e+00	3.828876e-04
-1.652500e+00	3.842216e-04
-1.650000e+00	3.860218e-04
-1.647500e+00	3.882904e-04
-1.645000e+00	3.910320e-04
-1.642500e+00	3.942534e-04
-1.640000e+00	3.979643e-04
-1.637500e+00	4.021767e-04
-1.635000e+00	4.069051e-04
-1.632500e+00	4.121670e-04
-1.630000e+00	4.179828e-04
-1.627500e+00	4.243761e-04
-1.625000e+00	4.313736e-04
-1.622500e+00	4.390060e-04
-1.620000e+00	4.473078e-04
-1.617500e+00	4.563178e-04
-1.615000e+00	4.660797e-04
-1.612500e+00	4.766425e-04
-1.610000e+00	4.880610e-04
-1.607500e+00	5.003966e-04
-1.605000e+00	5.137183e-04
-1.602500e+00	5.281031e-04
-1.600000e+00	5.436374e-04
-1.597500e+00	5.604185e-04
-1.595000e+00	5.785554e-04
-1.592500e+00	5.981712e-04
-1.590000e+00	6.194047e-04
-1.587500e+00	6.424127e-04
-1.585000e+00	6.673733e-04
-1.582500e+00	6.944888e-04
-1.580000e+00	7.239896e-04
-1.577500e+00	7.561395e-04
-1.575000e+00	7.912408e-04
-1.572500e+00	8.296416e-04
-1.570000e+00	8.717441e-04
-1.567500e+00	9.180149e-04
-1.565000e+00	9.689974e-04
-1.562500e+00	1.025328e-03
-1.560000e+00	1.087753e-03
-1.557500e+00	1.157158e-03
-1.555000e+00	1.234593e-03
-1.552500e+00	1.321311e-03
-1.550000e+00	1.418824e-03
-1.547500e+00	1.528957e-03
-1.545000e+00	1.653940e-03
-1.542500e+00	1.796508e-03
-1.540000e+00	1.960054e-03
-1.537500e+00	2.148811e-03
-1.535000e+00	2.368124e-03
-1.532500e+00	2.624801e-03
-1.530000e+00	2.927608e-03
-1.527500e+00	3.287973e-03
-1.525000e+00	3.720966e-03
-1.522500e+00	4.246736e-03
-1.520000e+00	4.892582e-03
-1.517500e+00	5.696018e-03
-1.515000e+00	6.709302e-03
-1.512500e+00	8.006103e-03
-1.510000e+00	9.691116e-03
-1.507500e+00	1.191298e-02
-1.505000e+00	1.487842e-02
-1.502500e+00	1.885626e-02
-1.500000e+00	2.413248e-02
-1.497500e+00	3.081359e-02
-1.495000e+00	3.831541e-02
-1.492500e+00	4.466203e-02
-1.490000e+00	4.687044e-02
-1.487500e+00	4.359860e-02
-1.485000e+00	3.677875e-02
-1.482500e+00	2.933919e-02
-1.480000e+00	2.293433e-02
-1.477500e+00	1.794634e-02
-1.475000e+00	1.420251e-02
-1.472500e+00	1.141156e-02
-1.470000e+00	9.316343e-03
-1.467500e+00	7.723078e-03
-1.465000e+00	6.493360e-03
-1.462500e+00	5.529835e-03
-1.460000e+00	4.763921e-03
-1.457500e+00	4.146864e-03
-1.455000e+00	3.643567e-03
-1.452500e+00	3.228417e-03
-1.450000e+00	2.882457e-03
-1.447500e+00	2.591468e-03
-1.445000e+00	2.344644e-03
-1.442500e+00	2.133671e-03
-1.440000e+00	1.952082e-03
-1.437500e+00	1.794788e-03
-1.435000e+00	1.657751e-03
-1.432500e+00	1.537729e-03
-1.430000e+00	1.432106e-03
-1.427500e+00	1.338745e-03
-1.425000e+00	1.255895e-03
-1.422500e+00	1.182107e-03
-1.420000e+00	1.116175e-03
-1.417500e+00	1.057090e-03
-1.415000e+00	1.004003e-03
-1.412500e+00	9.561955e-04
-1.410000e+00	9.130566e-04
-1.407500e+00	8.740651e-04
-1.405000e+00	8.387740e-04
-1.402500e+00	8.067990e-04
-1.400000e+00	7.778082e-04
-1.397500e+00	7.515147e-04
-1.395000e+00	7.276692e-04
-1.392500e+00	7.060554e-04
-1.390000e+00	6.864847e-04
-1.387500e+00	6.687929e-04
-1.385000e+00	6.528370e-04
-1.382500e+00	6.384924e-04
-1.380000e+00	6.256509e-04
-1.377500e+00	6.142185e-04
-1.375000e+00	6.041144e-04
-1.372500e+00	5.952692e-04
-1.370000e+00	5.876241e-04
-1.367500e+00	5.811298e-04
-1.365000e+00	5.757462e-04
-1.362500e+00	5.714412e-04
-1.360000e+00	5.681909e-04
-1.357500e+00	5.659789e-04
-1.355000e+00	5.647961e-04
-1.352500e+00	5.646410e-04
-1.350000e+00	5.655190e-04
-1.347500e+00	5.674432e-04
-1.345000e+00	5.704346e-04
-1.342500e+00	5.745218e-04
-1.340000e+00	5.797422e-04
-1.337500e+00	5.861425e-04
-1.335000e+00	5.937792e-04
-1.332500e+00	6.027199e-04
-1.330000e+00	6.130443e-04
-1.327500e+00	6.248457e-04
-1.325000e+00	6.382330e-04
-1.322500e+00	6.533323e-04
-1.320000e+00	6.702901e-04
-1.317500e+00	6.892756e-04
-1.315000e+00	7.104851e-04
-1.312500e+00	7.341458e-04
-1.310000e+00	7.605219e-04
-1.307500e+00	7.899204e-04
-1.305000e+00	8.227000e-04
-1.302500e+00	8.592805e-04
-1.300000e+00	9.001549e-04
-1.297500e+00	9.459055e-04
-1.295000e+00	9.972224e-04
-1.292500e+00	1.054928e-03
-1.290000e+00	1.120007e-03
-1.287500e+00	1.193647e-03
-1.285000e+00	1.277289e-03
-1.282500e+00	1.372693e-03
-1.280000e+00	1.482025e-03
-1.277500e+00	1.607973e-03
-1.275000e+00	1.753903e-03
-1.272500e+00	1.924066e-03
-1.270000e+00	2.123893e-03
-1.267500e+00	2.360389e-03
-1.265000e+00	2.642706e-03
-1.262500e+00	2.982939e-03
-1.260000e+00	3.397297e-03
-1.257500e+00	3.907794e-03
-1.255000e+00	4.544752e-03
-1.252500e+00	5.350501e-03
-1.250000e+00	6.384821e-03
-1.247500e+00	7.732721e-03
-1.245000e+00	9.514700e-03
-1.242500e+00	1.189720e-02
-1.240000e+00	1.509243e-02
-1.237500e+00	1.931183e-02
-1.235000e+00	2.458401e-02
-1.232500e+00	3.031751e-02
-1.230000e+00	3.480461e-02
-1.227500e+00	3.579728e-02
-1.225000e+00	3.268249e-02
-1.222500e+00	2.724017e-02
-1.220000e+00	2.161945e-02
-1.217500e+00	1.689208e-02
-1.215000e+00	1.324437e-02
-1.212500e+00	1.051335e-02
-1.210000e+00	8.476036e-03
-1.207500e+00	6.943351e-03
-1.205000e+00	5.774687e-03
-1.202500e+00	4.870062e-03
-1.200000e+00	4.159184e-03
-1.197500e+00	3.592481e-03
-1.195000e+00	3.134642e-03
-1.192500e+00	2.760191e-03
-1.190000e+00	2.450492e-03
-1.187500e+00	2.191720e-03
-1.185000e+00	1.973482e-03
-1.182500e+00	1.787862e-03
-1.180000e+00	1.628757e-03
-1.177500e+00	1.491411e-03
-1.175000e+00	1.372075e-03
-1.172500e+00	1.267767e-03
-1.170000e+00	1.176091e-03
-1.167500e+00	1.095109e-03
-1.165000e+00	1.023236e-03
-1.162500e+00	9.591696e-04
-1.160000e+00	9.018321e-04
-1.157500e+00	8.503241e-04
-1.155000e+00	8.038916e-04
-1.152500e+00	7.618990e-04
-1.150000e+00	7.238069e-04
-1.147500e+00	6.891559e-04
-1.145000e+00	6.575528e-04
-1.142500e+00	6.286592e-04
-1.140000e+00	6.021831e-04
-1.137500e+00	5.778714e-04
-1.135000e+00	5.555036e-04
-1.132500e+00	5.348875e-04
-1.130000e+00	5.158548e-04
-1.127500e+00	4.982574e-04
-1.125000e+00	4.819652e-04
-1.122500e+00	4.668632e-04
-1.120000e+00	4.528495e-04
-1.117500e+00	4.398341e-04
-1.115000e+00	4.277368e-04
-1.112500e+00	4.164864e-04
-1.110000e+00	4.060196e-04
-1.107500e+00	3.962801e-04
-1.105000e+00	3.872176e-04
-1.102500e+00	3.787876e-04
-1.100000e+00	3.709504e-04
-1.097500e+00	3.636711e-04
-1.095000e+00	3.569187e-04
-1.092500e+00	3.506661e-04
-1.090000e+00	3.448900e-04
-1.087500e+00	3.395702e-04
-1.085000e+00	3.346899e-04
-1.082500e+00	3.302353e-04
-1.080000e+00	3.261957e-04
-1.077500e+00	3.225635e-04
-1.075000e+00	3.193342e-04
-1.072500e+00	3.165064e-04
-1.070000e+00	3.140824e-04
-1.067500e+00	3.120679e-04
-1.065000e+00	3.104728e-04
-1.062500e+00	3.093115e-04
-1.060000e+00	3.086032e-04
-1.057500e+00	3.083734e-04
-1.055000e+00	3.086541e-04
-1.052500e+00	3.094853e-04
-1.050000e+00	3.109168e-04
-1.047500e+00	3.130098e-04
-1.045000e+00	3.158398e-04
-1.042500e+00	3.194993e-04
-1.040000e+00	3.241028e-04
-1.037500e+00	3.297917e-04
-1.035000e+00	3.367421e-04
-1.032500e+00	3.451740e-04
-1.030000e+00	3.553650e-04
-1.027500e+00	3.676675e-04
-1.025000e+00	3.825339e-04
-1.022500e+00	4.005499e-04
-1.020000e+00	4.224833e-04
-1.017500e+00	4.493522e-04
-1.015000e+00	4.825249e-04
-1.012500e+00	5.238643e-04
-1.010000e+00	5.759428e-04
-1.007500e+00	6.423593e-04
-1.005000e+00	7.282039e-04
-1.002500e+00	8.407190e-04
-1.000000e+00	9.901523e-04
-9.975000e-01	1.190563e-03
-9.950000e-01	1.459528e-03
-9.925000e-01	1.813378e-03
-9.900000e-01	2.250031e-03
-9.875000e-01	2.710581e-03
-9.850000e-01	3.043972e-03
-9.825000e-01	3.074751e-03
-9.800000e-01	2.783354e-03
-9.775000e-01	2.330456e-03
-9.750000e-01	1.881283e-03
-9.725000e-01	1.509944e-03
-9.700000e-01	1.225269e-03
-9.675000e-01	1.012423e-03
-9.650000e-01	8.534800e-04
-9.625000e-01	7.336588e-04
-9.600000e-01	6.420745e-04
-9.575000e-01	5.710098e-04
-9.550000e-01	5.150402e-04
-9.525000e-01	4.703355e-04
-9.500000e-01	4.341629e-04
-9.475000e-01	4.045466e-04
-9.450000e-01	3.800386e-04
-9.425000e-01	3.595625e-04
-9.400000e-01	3.423075e-04
-9.375000e-01	3.276549e-04
-9.350000e-01	3.151270e-04
-9.325000e-01	3.043508e-04
-9.300000e-01	2.950319e-04
-9.275000e-01	2.869358e-04
-9.250000e-01	2.798741e-04
-9.225000e-01	2.736937e-04
-9.200000e-01	2.682697e-04
-9.175000e-01	2.634994e-04
-9.150000e-01	2.592976e-04
-9.125000e-01	2.555931e-04
-9.100000e-01	2.523264e-04
-9.075000e-01	2.494472e-04
-9.050000e-01	2.469130e-04
-9.025000e-01	2.446874e-04
-9.000000e-01	2.427395e-04
-8.975000e-01	2.410425e-04
-8.950000e-01	2.395736e-04
-8.925000e-01	2.383129e-04
-8.900000e-01	2.372432e-04
-8.875000e-01	2.363494e-04
-8.850000e-01	2.356187e-04
-8.825000e-01	2.350396e-04
-8.800000e-01	2.346022e-04
-8.775000e-01	2.342978e-04
-8.750000e-01	2.341186e-04
-8.725000e-01	2.340582e-04
-8.700000e-01	2.341106e-04
-8.675000e-01	2.342707e-04
-8.650000e-01	2.345340e-04
-8.625000e-01	2.348968e-04
-8.600000e-01	2.353556e-04
-8.575000e-01	2.359076e-04
-8.550000e-01	2.365503e-04
-8.525000e-01	2.372815e-04
-8.500000e-01	2.380997e-04
-8.475000e-01	2.390034e-04
-8.450000e-01	2.399914e-04
-8.425000e-01	2.410629e-04
-8.400000e-01	2.422173e-04
-8.375000e-01	2.434544e-04
-8.350000e-01	2.447739e-04
-8.325000e-01	2.461760e-04
-8.300000e-01	2.476610e-04
-8.275000e-01	2.492295e-04
-8.250000e-01	2.508820e-04
-8.225000e-01	2.526195e-04
-8.200000e-01	2.544430e-04
-8.175000e-01	2.563539e-04
-8.150000e-01	2.583536e-04
-8.125000e-01	2.604436e-04
-8.100000e-01	2.626258e-04
-8.075000e-01	2.649023e-04
-8.050000e-01	2.672751e-04
-8.025000e-01	2.697466e-04
-8.000000e-01	2.723195e-04
-7.975000e-01	2.749964e-04
-7.950000e-01	2.777804e-04
-7.925000e-01	2.806747e-04
-7.900000e-01	2.836827e-04
-7.875000e-01	2.868081e-04
-7.850000e-01	2.900547e-04
-7.825000e-01	2.934267e-04
-7.800000e-01	2.969287e-04
-7.775000e-01	3.005652e-04
-7.750000e-01	3.043413e-04
-7.725000e-01	3.082625e-04
-7.700000e-01	3.123343e-04
-7.675000e-01	3.165627e-04
-7.650000e-01	3.209544e-04
-7.625000e-01	3.255159e-04
-7.600000e-01	3.302547e-04
-7.575000e-01	3.351784e-04
-7.550000e-01	3.402953e-04
-7.525000e-01	3.456141e-04
-7.500000e-01	3.511442e-04
-7.475000e-01	3.568953e-04
-7.450000e-01	3.628781e-04
-7.425000e-01	3.691039e-04
-7.400000e-01	3.755847e-04
-7.375000e-01	3.823333e-04
-7.350000e-01	3.893633e-04
-7.325000e-01	3.966895e-04
-7.300000e-01	4.043275e-04
-7.275000e-01	4.122941e-04
-7.250000e-01	4.206072e-04
-7.225000e-01	4.292860e-04
-7.200000e-01	4.383513e-04
-7.175000e-01	4.478253e-04
-7.150000e-01	4.577318e-04
-7.125000e-01	4.680964e-04
-7.100000e-01	4.789470e-04
-7.075000e-01	4.903132e-04
-7.050000e-01	5.022274e-04
-7.025000e-01	5.147244e-04
-7.000000e-01	5.278418e-04
-6.975000e-01	5.416206e-04
-6.950000e-01	5.561049e-04
-6.925000e-01	5.713430e-04
-6.900000e-01	5.873872e-04
-6.875000e-01	6.042944e-04
-6.850000e-01	6.221270e-04
-6.825000e-01	6.409530e-04
-6.800000e-01	6.608465e-04
-6.775000e-01	6.818893e-04
-6.750000e-01	7.041707e-04
-6.725000e-01	7.277893e-04
-6.700000e-01	7.528534e-04
-6.675000e-01	7.794828e-04
-6.650000e-01	8.078099e-04
-6.625000e-01	8.379815e-04
-6.600000e-01	8.701606e-04
-6.575000e-01	9.045287e-04
-6.550000e-01	9.412882e-04
-6.525000e-01	9.806657e-04
-6.500000e-01	1.022915e-03
-6.475000e-01	1.068322e-03
-6.450000e-01	1.117208e-03
-6.425000e-01	1.169937e-03
-6.400000e-01	1.226921e-03
-6.375000e-01	1.288632e-03
-6.350000e-01	1.355604e-03
-6.325000e-01	1.428451e-03
-6.300000e-01	1.507880e-03
-6.275000e-01	1.594705e-03
-6.250000e-01	1.689872e-03
-6.225000e-01	1.794479e-03
-6.200000e-01	1.909813e-03
-6.175000e-01	2.037385e-03
-6.150000e-01	2.178982e-03
-6.125000e-01	2.336723e-03
-6.100000e-01	2.513144e-03
-6.075000e-01	2.711293e-03
-6.050000e-01	2.934857e-03
-6.025000e-01	3.188335e-03
-6.000000e-01	3.477250e-03
-5.975000e-01	3.808444e-03
-5.950000e-01	4.190468e-03
-5.925000e-01	4.634102e-03
-5.900000e-01	5.153087e-03
-5.875000e-01	5.765118e-03
-5.850000e-01	6.493254e-03
-5.825000e-01	7.367918e-03
-5.800000e-01	8.429777e-03
-5.775000e-01	9.733943e-03
-5.750000e-01	1.135615e-02
-5.725000e-01	1.340192e-02
-5.700000e-01	1.602001e-02
-5.675000e-01	1.942181e-02
-5.650000e-01	2.390748e-02
-5.625000e-01	2.989424e-02
-5.600000e-01	3.792421e-02
-5.575000e-01	4.857225e-02
-5.550000e-01	6.204618e-02
-5.525000e-01	7.715114e-02
-5.500000e-01	8.988219e-02
-5.475000e-01	9.423548e-02
-5.450000e-01	8.756488e-02
-5.425000e-01	7.380588e-02
-5.400000e-01	5.884321e-02
-5.375000e-01	4.597952e-02
-5.350000e-01	3.596828e-02
-5.325000e-01	2.845701e-02
-5.300000e-01	2.285929e-02
-5.275000e-01	1.865867e-02
-5.250000e-01	1.546624e-02
-5.225000e-01	1.300438e-02
-5.200000e-01	1.107787e-02
-5.175000e-01	9.549217e-03
-5.150000e-01	8.320765e-03
-5.125000e-01	7.322283e-03
-5.100000e-01	6.502615e-03
-5.075000e-01	5.824021e-03
-5.050000e-01	5.258340e-03
-5.025000e-01	4.784350e-03
-5.000000e-01	4.385953e-03
-4.975000e-01	4.050903e-03
-4.950000e-01	3.769930e-03
-4.925000e-01	3.536124e-03
-4.900000e-01	3.344541e-03
-4.875000e-01	3.191964e-03
-4.850000e-01	3.076806e-03
-4.825000e-01	2.999176e-03
-4.800000e-01	2.961094e-03
-4.775000e-01	2.966939e-03
-4.750000e-01	3.024185e-03
-4.725000e-01	3.144556e-03
-4.700000e-01	3.345713e-03
-4.675000e-01	3.653493e-03
-4.650000e-01	4.104158e-03
-4.625000e-01	4.744077e-03
-4.600000e-01	5.618540e-03
-4.575000e-01	6.729332e-03
-4.550000e-01	7.935221e-03
-4.525000e-01	8.846180e-03
-4.500000e-01	8.969859e-03
-4.475000e-01	8.198000e-03
-4.450000e-01	6.940176e-03
-4.425000e-01	5.663461e-03
-4.400000e-01	4.592431e-03
-4.375000e-01	3.761921e-03
-4.350000e-01	3.134050e-03
-4.325000e-01	2.659433e-03
-4.300000e-01	2.296603e-03
-4.275000e-01	2.014802e-03
-4.250000e-01	1.792154e-03
-4.225000e-01	1.613252e-03
-4.200000e-01	1.467201e-03
-4.175000e-01	1.346212e-03
-4.150000e-01	1.244644e-03
-4.125000e-01	1.158352e-03
-4.100000e-01	1.084243e-03
-4.075000e-01	1.019977e-03
-4.050000e-01	9.637625e-04
-4.025000e-01	9.142063e-04
-4.000000e-01	8.702145e-04
-3.975000e-01	8.309178e-04
-3.950000e-01	7.956180e-04
-3.925000e-01	7.637490e-04
-3.900000e-01	7.348478e-04
-3.875000e-01	7.085321e-04
-3.850000e-01	6.844841e-04
-3.825000e-01	6.624374e-04
-3.800000e-01	6.421675e-04
-3.775000e-01	6.234837e-04
-3.750000e-01	6.062233e-04
-3.725000e-01	5.902466e-04
-3.700000e-01	5.754332e-04
-3.675000e-01	5.616787e-04
-3.650000e-01	5.488924e-04
-3.625000e-01	5.369950e-04
-3.600000e-01	5.259174e-04
-3.575000e-01	5.155986e-04
-3.550000e-01	5.059851e-04
-3.525000e-01	4.970300e-04
-3.500000e-01	4.886918e-04
-3.475000e-01	4.809339e-04
-3.450000e-01	4.737242e-04
-3.425000e-01	4.670347e-04
-3.400000e-01	4.608408e-04
-3.375000e-01	4.551210e-04
-3.350000e-01	4.498571e-04
-3.325000e-01	4.450335e-04
-3.300000e-01	4.406373e-04
-3.275000e-01	4.366579e-04
-3.250000e-01	4.330874e-04
-3.225000e-01	4.299200e-04
-3.200000e-01	4.271522e-04
-3.175000e-01	4.247832e-04
-3.150000e-01	4.228140e-04
-3.125000e-01	4.212487e-04
-3.100000e-01	4.200935e-04
-3.075000e-01	4.193575e-04
-3.050000e-01	4.190530e-04
-3.025000e-01	4.191953e-04
-3.000000e-01	4.198033e-04
-2.975000e-01	4.208999e-04
-2.950000e-01	4.225126e-04
-2.925000e-01	4.246738e-04
-2.900000e-01	4.274217e-04
-2.875000e-01	4.308012e-04
-2.850000e-01	4.348652e-04
-2.825000e-01	4.396752e-04
-2.800000e-01	4.453035e-04
-2.775000e-01	4.518350e-04
-2.750000e-01	4.593695e-04
-2.725000e-01	4.680246e-04
-2.700000e-01	4.779395e-04
-2.675000e-01	4.892795e-04
-2.650000e-01	5.022419e-04
-2.625000e-01	5.170634e-04
-2.600000e-01	5.340290e-04
-2.575000e-01	5.534852e-04
-2.550000e-01	5.758545e-04
-2.525000e-01	6.016574e-04
-2.500000e-01	6.315390e-04
-2.475000e-01	6.663066e-04
-2.450000e-01	7.069792e-04
-2.425000e-01	7.548565e-04
-2.400000e-01	8.116135e-04
-2.375000e-01	8.794351e-04
-2.350000e-01	9.612054e-04
-2.325000e-01	1.060783e-03
-2.300000e-01	1.183399e-03
-2.275000e-01	1.336250e-03
-2.250000e-01	1.529363e-03
-2.225000e-01	1.776887e-03
-2.200000e-01	2.098928e-03
-2.175000e-01	2.524025e-03
-2.150000e-01	3.091785e-03
-2.125000e-01	3.853429e-03
-2.100000e-01	4.862446e-03
-2.075000e-01	6.135250e-03
-2.050000e-01	7.551232e-03
-2.025000e-01	8.722782e-03
-2.000000e-01	9.088143e-03
-1.975000e-01	8.424405e-03
-1.950000e-01	7.120354e-03
-1.925000e-01	5.722655e-03
-1.900000e-01	4.528557e-03
-1.875000e-01	3.601730e-03
-1.850000e-01	2.907063e-03
-1.825000e-01	2.389546e-03
-1.800000e-01	2.001254e-03
-1.775000e-01	1.706226e-03
-1.750000e-01	1.478819e-03
-1.725000e-01	1.301002e-03
-1.700000e-01	1.160072e-03
-1.675000e-01	1.046995e-03
-1.650000e-01	9.552673e-04
-1.625000e-01	8.801434e-04
-1.600000e-01	8.181124e-04
-1.575000e-01	7.665427e-04
-1.550000e-01	7.234379e-04
-1.525000e-01	6.872661e-04
-1.500000e-01	6.568400e-04
-1.475000e-01	6.312308e-04
-1.450000e-01	6.097068e-04
-1.425000e-01	5.916878e-04
-1.400000e-01	5.767122e-04
-1.375000e-01	5.644113e-04
-1.350000e-01	5.544916e-04
-1.325000e-01	5.467200e-04
-1.300000e-01	5.409137e-04
-1.275000e-01	5.369317e-04
-1.250000e-01	5.346691e-04
-1.225000e-01	5.340527e-04
-1.200000e-01	5.350374e-04
-1.175000e-01	5.376046e-04
-1.150000e-01	5.417610e-04
-1.125000e-01	5.475380e-04
-1.100000e-01	5.549924e-04
-1.075000e-01	5.642079e-04
-1.050000e-01	5.752971e-04
-1.025000e-01	5.884050e-04
-1.000000e-01	6.037133e-04
-9.750000e-02	6.214462e-04
-9.500000e-02	6.418780e-04
-9.250000e-02	6.653431e-04
-9.000000e-02	6.922483e-04
-8.750000e-02	7.230893e-04
-8.500000e-02	7.584718e-04
-8.250000e-02	7.991389e-04
-8.000000e-02	8.460075e-04
-7.750000e-02	9.002161e-04
-7.500000e-02	9.631892e-04
-7.250000e-02	1.036724e-03
-7.000000e-02	1.123110e-03
-6.750000e-02	1.225291e-03
-6.500000e-02	1.347098e-03
-6.250000e-02	1.493575e-03
-6.000000e-02	1.671447e-03
-5.750000e-02	1.889804e-03
-5.500000e-02	2.161102e-03
-5.250000e-02	2.502647e-03
-5.000000e-02	2.938781e-03
-4.750000e-02	3.504060e-03
-4.500000e-02	4.247613e-03
-4.250000e-02	5.238245e-03
-4.000000e-02	6.567310e-03
-3.750000e-02	8.338463e-03
-3.500000e-02	1.061379e-02
-3.250000e-02	1.325937e-02
-3.000000e-02	1.569013e-02
-2.750000e-02	1.686543e-02
-2.500000e-02	1.609179e-02
-2.250000e-02	1.383953e-02
-2.000000e-02	1.116995e-02
-1.750000e-02	8.789667e-03
-1.500000e-02	6.908999e-03
-1.250000e-02	5.490899e-03
-1.000000e-02	4.433719e-03
-7.500000e-03	3.641682e-03
-5.000000e-03	3.041089e-03
-2.500000e-03	2.578933e-03
9.379164e-13	2.217877e-03
2.500000e-03	1.931648e-03
5.000000e-03	1.701612e-03
7.500000e-03	1.514392e-03
1.000000e-02	1.360253e-03
1.250000e-02	1.232013e-03
1.500000e-02	1.124298e-03
1.750000e-02	1.033036e-03
2.000000e-02	9.550998e-04
2.250000e-02	8.880634e-04
2.500000e-02	8.300219e-04
2.750000e-02	7.794653e-04
3.000000e-02	7.351849e-04
3.250000e-02	6.962048e-04
3.500000e-02	6.617306e-04
3.750000e-02	6.311107e-04
4.000000e-02	6.038069e-04
4.250000e-02	5.793713e-04
4.500000e-02	5.574293e-04
4.750000e-02	5.376655e-04
5.000000e-02	5.198128e-04
5.250000e-02	5.036442e-04
5.500000e-02	4.889653e-04
5.750000e-02	4.756094e-04
6.000000e-02	4.634325e-04
6.250000e-02	4.523099e-04
6.500000e-02	4.421331e-04
6.750000e-02	4.328076e-04
7.000000e-02	4.242504e-04
7.250000e-02	4.163887e-04
7.500000e-02	4.091583e-04
7.750000e-02	4.025023e-04
8.000000e-02	3.963703e-04
8.250000e-02	3.907177e-04
8.500000e-02	3.855044e-04
8.750000e-02	3.806947e-04
9.000000e-02	3.762568e-04
9.250000e-02	3.721618e-04
9.500000e-02	3.683839e-04
9.750000e-02	3.648999e-04
1.000000e-01	3.616887e-04
1.025000e-01	3.587313e-04
1.050000e-01	3.560103e-04
1.075000e-01	3.535101e-04
1.100000e-01	3.512164e-04
1.125000e-01	3.491162e-04
1.150000e-01	3.471976e-04
1.175000e-01	3.454498e-04
1.200000e-01	3.438629e-04
1.225000e-01	3.424277e-04
1.250000e-01	3.411359e-04
1.275000e-01	3.399799e-04
1.300000e-01	3.389525e-04
1.325000e-01	3.380474e-04
1.350000e-01	3.372585e-04
1.375000e-01	3.365803e-04
1.400000e-01	3.360078e-04
1.425000e-01	3.355363e-04
1.450000e-01	3.351613e-04
1.475000e-01	3.348790e-04
1.500000e-01	3.346856e-04
1.525000e-01	3.345778e-04
1.550000e-01	3.345522e-04
1.575000e-01	3.346060e-04
1.600000e-01	3.347364e-04
1.625000e-01	3.349410e-04
1.650000e-01	3.352174e-04
1.675000e-01	3.355635e-04
1.700000e-01	3.359772e-04
1.725000e-01	3.364568e-04
1.750000e-01	3.370004e-04
1.775000e-01	3.376065e-04
1.800000e-01	3.382738e-04
1.825000e-01	3.390007e-04
1.850000e-01	3.397862e-04
1.875000e-01	3.406290e-04
1.900000e-01	3.415282e-04
1.925000e-01	3.424827e-04
1.950000e-01	3.434917e-04
1.975000e-01	3.445545e-04
2.000000e-01	3.456702e-04
2.025000e-01	3.468384e-04
2.050000e-01	3.480583e-04
2.075000e-01	3.493295e-04
2.100000e-01	3.506516e-04
2.125000e-01	3.520242e-04
2.150000e-01	3.534468e-04
2.175000e-01	3.549193e-04
2.200000e-01	3.564414e-04
2.225000e-01	3.580129e-04
2.250000e-01	3.596338e-04
2.275000e-01	3.613038e-04
2.300000e-01	3.630230e-04
2.325000e-01	3.647914e-04
2.350000e-01	3.666090e-04
2.375000e-01	3.684759e-04
2.400000e-01	3.703923e-04
2.425000e-01	3.723582e-04
2.450000e-01	3.743739e-04
2.475000e-01	3.764396e-04
2.500000e-01	3.785556e-04
2.525000e-01	3.807222e-04
2.550000e-01	3.829398e-04
2.575000e-01	3.852087e-04
2.600000e-01	3.875294e-04
2.625000e-01	3.899022e-04
2.650000e-01	3.923278e-04
2.675000e-01	3.948065e-04
2.700000e-01	3.973390e-04
2.725000e-01	3.999258e-04
2.750000e-01	4.025676e-04
2.775000e-01	4.052650e-04
2.800000e-01	4.080187e-04
2.825000e-01	4.108294e-04
2.850000e-01	4.136979e-04
2.875000e-01	4.166251e-04
2.900000e-01	4.196116e-04
2.925000e-01	4.226585e-04
2.950000e-01	4.257665e-04
2.975000e-01	4.289367e-04
3.000000e-01	4.321700e-04
3.025000e-01	4.354675e-04
3.050000e-01	4.388302e-04
3.075000e-01	4.422592e-04
3.100000e-01	4.457557e-04
3.125000e-01	4.493207e-04
3.150000e-01	4.529557e-04
3.175000e-01	4.566618e-04
3.200000e-01	4.604404e-04
3.225000e-01	4.642927e-04
3.250000e-01	4.682203e-04
3.275000e-01	4.722246e-04
3.300000e-01	4.763071e-04
3.325000e-01	4.804694e-04
3.350000e-01	4.847130e-04
3.375000e-01	4.890397e-04
3.400000e-01	4.934512e-04
3.425000e-01	4.979492e-04
3.450000e-01	5.025357e-04
3.475000e-01	5.072124e-04
3.500000e-01	5.119814e-04
3.525000e-01	5.168448e-04
3.550000e-01	5.218045e-04
3.575000e-01	5.268629e-04
3.600000e-01	5.320221e-04
3.625000e-01	5.372845e-04
3.650000e-01	5.426524e-04
3.675000e-01	5.481283e-04
3.700000e-01	5.537149e-04
3.725000e-01	5.594148e-04
3.750000e-01	5.652306e-04
3.775000e-01	5.711653e-04
3.800000e-01	5.772217e-04
3.825000e-01	5.834030e-04
3.850000e-01	5.897121e-04
3.875000e-01	5.961525e-04
3.900000e-01	6.027274e-04
3.925000e-01	6.094402e-04
3.950000e-01	6.162947e-04
3.975000e-01	6.232945e-04
4.000000e-01	6.304435e-04
4.025000e-01	6.377456e-04
4.050000e-01	6.452050e-04
4.075000e-01	6.528259e-04
4.100000e-01	6.606128e-04
4.125000e-01	6.685704e-04
4.150000e-01	6.767032e-04
4.175000e-01	6.850164e-04
4.200000e-01	6.935149e-04
4.225000e-01	7.022041e-04
4.250000e-01	7.110896e-04
4.275000e-01	7.201769e-04
4.300000e-01	7.294721e-04
4.325000e-01	7.389813e-04
4.350000e-01	7.487109e-04
4.375000e-01	7.586675e-04
4.400000e-01	7.688580e-04
4.425000e-01	7.792897e-04
4.450000e-01	7.899698e-04
4.475000e-01	8.009063e-04
4.500000e-01	8.121071e-04
4.525000e-01	8.235807e-04
4.550000e-01	8.353357e-04
4.575000e-01	8.473812e-04
4.600000e-01	8.597268e-04
4.625000e-01	8.723822e-04
4.650000e-01	8.853577e-04
4.675000e-01	8.986640e-04
4.700000e-01	9.123123e-04
4.725000e-01	9.263142e-04
4.750000e-01	9.406819e-04
4.775000e-01	9.554280e-04
4.800000e-01	9.705658e-04
4.825000e-01	9.861091e-04
4.850000e-01	1.002072e-03
4.875000e-01	1.018471e-03
4.900000e-01	1.035320e-03
4.925000e-01	1.052636e-03
4.950000e-01	1.070437e-03
4.975000e-01	1.088741e-03
5.000000e-01	1.107567e-03
5.025000e-01	1.126934e-03
5.050000e-01	1.146864e-03
5.075000e-01	1.167378e-03
5.100000e-01	1.188499e-03
5.125000e-01	1.210251e-03
5.150000e-01	1.232660e-03
5.175000e-01	1.255752e-03
5.200000e-01	1.279556e-03
5.225000e-01	1.304099e-03
5.250000e-01	1.329414e-03
5.275000e-01	1.355533e-03
5.300000e-01	1.382490e-03
5.325000e-01	1.410321e-03
5.350000e-01	1.439065e-03
5.375000e-01	1.468761e-03
5.400000e-01	1.499453e-03
5.425000e-01	1.531184e-03
5.450000e-01	1.564003e-03
5.475000e-01	1.597959e-03
5.500000e-01	1.633106e-03
5.525000e-01	1.669500e-03
5.550000e-01	1.707201e-03
5.575000e-01	1.746271e-03
5.600000e-01	1.786778e-03
5.625000e-01	1.828793e-03
5.650000e-01	1.872392e-03
5.675000e-01	1.917656e-03
5.700000e-01	1.964669e-03
5.725000e-01	2.013524e-03
5.750000e-01	2.064318e-03
5.775000e-01	2.117154e-03
5.800000e-01	2.172144e-03
5.825000e-01	2.229406e-03
5.850000e-01	2.289068e-03
5.875000e-01	2.351264e-03
5.900000e-01	2.416141e-03
5.925000e-01	2.483854e-03
5.950000e-01	2.554573e-03
5.975000e-01	2.628476e-03
6.000000e-01	2.705758e-03
6.025000e-01	2.786627e-03
6.050000e-01	2.871311e-03
6.075000e-01	2.960051e-03
6.100000e-01	3.053111e-03
6.125000e-01	3.150777e-03
6.150000e-01	3.253355e-03
6.175000e-01	3.361183e-03
6.200000e-01	3.474623e-03
6.225000e-01	3.594072e-03
6.250000e-01	3.719961e-03
6.275000e-01	3.852762e-03
6.300000e-01	3.992988e-03
6.325000e-01	4.141204e-03
6.350000e-01	4.298028e-03
6.375000e-01	4.464138e-03
6.400000e-01	4.640280e-03
6.425000e-01	4.827280e-03
6.450000e-01	5.026045e-03
6.475000e-01	5.237582e-03
6.500000e-01	5.463007e-03
6.525000e-01	5.703561e-03
6.550000e-01	5.960625e-03
6.575000e-01	6.235742e-03
6.600000e-01	6.530637e-03
6.625000e-01	6.847249e-03
6.650000e-01	7.187756e-03
6.675000e-01	7.554617e-03
6.700000e-01	7.950615e-03
6.725000e-01	8.378907e-03
6.750000e-01	8.843089e-03
6.775000e-01	9.347268e-03
6.800000e-01	9.896155e-03
6.825000e-01	1.049517e-02
6.850000e-01	1.115057e-02
6.875000e-01	1.186964e-02
6.900000e-01	1.266082e-02
6.925000e-01	1.353404e-02
6.950000e-01	1.450097e-02
6.975000e-01	1.557540e-02
7.000000e-01	1.677373e-02
7.025000e-01	1.811560e-02
7.050000e-01	1.962466e-02
7.075000e-01	2.132956e-02
7.100000e-01	2.326529e-02
7.125000e-01	2.547491e-02
7.150000e-01	2.801184e-02
7.175000e-01	3.094296e-02
7.200000e-01	3.435280e-02
7.225000e-01	3.834927e-02
7.250000e-01	4.307173e-02
7.275000e-01	4.870219e-02
7.300000e-01	5.548140e-02
7.325000e-01	6.373211e-02
7.350000e-01	7.389290e-02
7.375000e-01	8.656822e-02
7.400000e-01	1.026023e-01
7.425000e-01	1.231878e-01
7.450000e-01	1.500211e-01
7.475000e-01	1.855054e-01
7.500000e-01	2.329537e-01
7.525000e-01	2.965665e-01
7.550000e-01	3.804481e-01
7.575000e-01	4.848592e-01
7.600000e-01	5.973984e-01
7.625000e-01	6.835549e-01
7.650000e-01	6.995312e-01
7.675000e-01	6.354477e-01
7.700000e-01	5.275890e-01
7.725000e-01	4.175981e-01
7.750000e-01	3.255928e-01
7.775000e-01	2.547549e-01
7.800000e-01	2.017517e-01
7.825000e-01	1.622083e-01
7.850000e-01	1.324479e-01
7.875000e-01	1.097446e-01
7.900000e-01	9.216189e-02
7.925000e-01	7.833866e-02
7.950000e-01	6.731453e-02
7.975000e-01	5.840512e-02
8.000000e-01	5.111636e-02
8.025000e-01	4.508666e-02
8.050000e-01	4.004759e-02
8.075000e-01	3.579724e-02
8.100000e-01	3.218177e-02
8.125000e-01	2.908250e-02
8.150000e-01	2.640690e-02
8.175000e-01	2.408200e-02
8.200000e-01	2.204974e-02
8.225000e-01	2.026345e-02
8.250000e-01	1.868536e-02
8.275000e-01	1.728458e-02
8.300000e-01	1.603573e-02
8.325000e-01	1.491776e-02
8.350000e-01	1.391314e-02
8.375000e-01	1.300714e-02
8.400000e-01	1.218736e-02
8.425000e-01	1.144325e-02
8.450000e-01	1.076584e-02
8.475000e-01	1.014743e-02
8.500000e-01	9.581409e-03
8.525000e-01	9.062052e-03
8.550000e-01	8.584397e-03
8.575000e-01	8.144122e-03
8.600000e-01	7.737448e-03
8.625000e-01	7.361060e-03
8.650000e-01	7.012043e-03
8.675000e-01	6.687822e-03
8.700000e-01	6.386117e-03
8.725000e-01	6.104904e-03
8.750000e-01	5.842382e-03
8.775000e-01	5.596941e-03
8.800000e-01	5.367143e-03
8.825000e-01	5.151697e-03
8.850000e-01	4.949442e-03
8.875000e-01	4.759332e-03
8.900000e-01	4.580423e-03
8.925000e-01	4.411862e-03
8.950000e-01	4.252874e-03
8.975000e-01	4.102756e-03
9.000000e-01	3.960868e-03
9.025000e-01	3.826629e-03
9.050000e-01	3.699505e-03
9.075000e-01	3.579010e-03
9.100000e-01	3.464699e-03
9.125000e-01	3.356164e-03
9.150000e-01	3.253030e-03
9.175000e-01	3.154950e-03
9.200000e-01	3.061608e-03
9.225000e-01	2.972711e-03
9.250000e-01	2.887989e-03
9.275000e-01	2.807190e-03
9.300000e-01	2.730084e-03
9.325000e-01	2.656457e-03
9.350000e-01	2.586109e-03
9.375000e-01	2.518857e-03
9.400000e-01	2.454528e-03
9.425000e-01	2.392962e-03
9.450000e-01	2.334012e-03
9.475000e-01	2.277538e-03
9.500000e-01	2.223412e-03
9.525000e-01	2.171512e-03
9.550000e-01	2.121726e-03
9.575000e-01	2.073948e-03
9.600000e-01	2.028080e-03
9.625000e-01	1.984029e-03
9.650000e-01	1.941707e-03
9.675000e-01	1.901035e-03
9.700000e-01	1.861936e-03
9.725000e-01	1.824337e-03
9.750000e-01	1.788172e-03
9.775000e-01	1.753378e-03
9.800000e-01	1.719894e-03
9.825000e-01	1.687665e-03
9.850000e-01	1.656637e-03
9.875000e-01	1.626762e-03
9.900000e-01	1.597992e-03
9.925000e-01	1.570284e-03
9.950000e-01	1.543595e-03
9.975000e-01	1.517887e-03
1.000000e+00	1.493122e-03
1.002500e+00	1.469266e-03
1.005000e+00	1.446285e-03
1.007500e+00	1.424149e-03
1.010000e+00	1.402828e-03
1.012500e+00	1.382296e-03
1.015000e+00	1.362525e-03
1.017500e+00	1.343491e-03
1.020000e+00	1.325172e-03
1.022500e+00	1.307545e-03
1.025000e+00	1.290591e-03
1.027500e+00	1.274290e-03
1.030000e+00	1.258624e-03
1.032500e+00	1.243576e-03
1.035000e+00	1.229131e-03
1.037500e+00	1.215274e-03
1.040000e+00	1.201992e-03
1.042500e+00	1.189271e-03
1.045000e+00	1.177100e-03
1.047500e+00	1.165469e-03
1.050000e+00	1.154368e-03
1.052500e+00	1.143787e-03
1.055000e+00	1.133718e-03
1.057500e+00	1.124155e-03
1.060000e+00	1.115091e-03
1.062500e+00	1.106521e-03
1.065000e+00	1.098439e-03
1.067500e+00	1.090843e-03
1.070000e+00	1.083729e-03
1.072500e+00	1.077095e-03
1.075000e+00	1.070940e-03
1.077500e+00	1.065264e-03
1.080000e+00	1.060067e-03
1.082500e+00	1.055351e-03
1.085000e+00	1.051119e-03
1.087500e+00	1.047373e-03
1.090000e+00	1.044118e-03
1.092500e+00	1.041361e-03
1.095000e+00	1.039107e-03
1.097500e+00	1.037364e-03
1.100000e+00	1.036142e-03
1.102500e+00	1.035451e-03
1.105000e+00	1.035303e-03
1.107500e+00	1.035712e-03
1.110000e+00	1.036691e-03
1.112500e+00	1.038257e-03
1.115000e+00	1.040430e-03
1.117500e+00	1.043229e-03
1.120000e+00	1.046676e-03
1.122500e+00	1.050796e-03
1.125000e+00	1.055616e-03
1.127500e+00	1.061167e-03
1.130000e+00	1.067480e-03
1.132500e+00	1.074591e-03
1.135000e+00	1.082540e-03
1.137500e+00	1.091369e-03
1.140000e+00	1.101126e-03
1.142500e+00	1.111863e-03
1.145000e+00	1.123635e-03
1.147500e+00	1.136507e-03
1.150000e+00	1.150545e-03
1.152500e+00	1.165826e-03
1.155000e+00	1.182432e-03
1.157500e+00	1.200455e-03
1.160000e+00	1.219997e-03
1.162500e+00	1.241167e-03
1.165000e+00	1.264091e-03
1.167500e+00	1.288906e-03
1.170000e+00	1.315762e-03
1.172500e+00	1.344830e-03
1.175000e+00	1.376299e-03
1.177500e+00	1.410380e-03
1.180000e+00	1.447308e-03
1.182500e+00	1.487350e-03
1.185000e+00	1.530803e-03
1.187500e+00	1.578005e-03
1.190000e+00	1.629336e-03
1.192500e+00	1.685229e-03
1.195000e+00	1.746176e-03
1.197500e+00	1.812738e-03
1.200000e+00	1.885558e-03
1.202500e+00	1.965378e-03
1.205000e+00	2.053050e-03
1.207500e+00	2.149565e-03
1.210000e+00	2.256075e-03
1.212500e+00	2.373927e-03
1.215000e+00	2.504703e-03
1.217500e+00	2.650272e-03
1.220000e+00	2.812854e-03
1.222500e+00	2.995096e-03
1.225000e+00	3.200184e-03
1.227500e+00	3.431967e-03
1.230000e+00	3.695138e-03
1.232500e+00	3.995452e-03
1.235000e+00	4.340032e-03
1.237500e+00	4.737770e-03
1.240000e+00	5.199865e-03
1.242500e+00	5.740569e-03
1.245000e+00	6.378212e-03
1.247500e+00	7.136644e-03
1.250000e+00	8.047280e-03
1.252500e+00	9.152039e-03
1.255000e+00	1.050763e-02
1.257500e+00	1.219184e-02
1.260000e+00	1.431286e-02
1.262500e+00	1.702299e-02
1.265000e+00	2.053856e-02
1.267500e+00	2.516693e-02
1.270000e+00	3.133745e-02
1.272500e+00	3.961551e-02
1.275000e+00	5.062698e-02
1.277500e+00	6.469278e-02
1.280000e+00	8.082294e-02
1.282500e+00	9.517005e-02
1.285000e+00	1.013366e-01
1.287500e+00	9.563295e-02
1.290000e+00	8.149025e-02
1.292500e+00	6.533031e-02
1.295000e+00	5.114133e-02
1.297500e+00	4.000155e-02
1.300000e+00	3.161891e-02
1.302500e+00	2.536985e-02
1.305000e+00	2.068382e-02
1.307500e+00	1.712586e-02
1.310000e+00	1.438411e-02
1.312500e+00	1.223904e-02
1.315000e+00	1.053612e-02
1.317500e+00	9.165647e-03
1.320000e+00	8.048763e-03
1.322500e+00	7.128026e-03
1.325000e+00	6.360997e-03
1.327500e+00	5.715888e-03
1.330000e+00	5.168581e-03
1.332500e+00	4.700545e-03
1.335000e+00	4.297381e-03
1.337500e+00	3.947778e-03
1.340000e+00	3.642761e-03
1.342500e+00	3.375142e-03
1.345000e+00	3.139111e-03
1.347500e+00	2.929938e-03
1.350000e+00	2.743741e-03
1.352500e+00	2.577310e-03
1.355000e+00	2.427975e-03
1.357500e+00	2.293500e-03
1.360000e+00	2.172003e-03
1.362500e+00	2.061889e-03
1.365000e+00	1.961803e-03
1.367500e+00	1.870583e-03
1.370000e+00	1.787234e-03
1.372500e+00	1.710894e-03
1.375000e+00	1.640820e-03
1.377500e+00	1.576362e-03
1.380000e+00	1.516956e-03
1.382500e+00	1.462107e-03
1.385000e+00	1.411378e-03
1.387500e+00	1.364387e-03
1.390000e+00	1.320794e-03
1.392500e+00	1.280299e-03
1.395000e+00	1.242633e-03
1.397500e+00	1.207560e-03
1.400000e+00	1.174867e-03
1.402500e+00	1.144362e-03
1.405000e+00	1.115876e-03
1.407500e+00	1.089254e-03
1.410000e+00	1.064359e-03
1.412500e+00	1.041065e-03
1.415000e+00	1.019260e-03
1.417500e+00	9.988418e-04
1.420000e+00	9.797179e-04
1.422500e+00	9.618043e-04
1.425000e+00	9.450249e-04
1.427500e+00	9.293101e-04
1.430000e+00	9.145969e-04
1.432500e+00	9.008278e-04
1.435000e+00	8.879502e-04
1.437500e+00	8.759163e-04
1.440000e+00	8.646826e-04
1.442500e+00	8.542092e-04
1.445000e+00	8.444599e-04
1.447500e+00	8.354016e-04
1.450000e+00	8.270042e-04
1.452500e+00	8.192402e-04
1.455000e+00	8.120849e-04
1.457500e+00	8.055157e-04
1.460000e+00	7.995123e-04
1.462500e+00	7.940562e-04
1.465000e+00	7.891312e-04
1.467500e+00	7.847225e-04
1.470000e+00	7.808173e-04
1.472500e+00	7.774042e-04
1.475000e+00	7.744733e-04
1.477500e+00	7.720164e-04
1.480000e+00	7.700266e-04
1.482500e+00	7.684982e-04
1.485000e+00	7.674270e-04
1.487500e+00	7.668102e-04
1.490000e+00	7.666460e-04
1.492500e+00	7.669341e-04
1.495000e+00	7.676754e-04
1.497500e+00	7.688721e-04
1.500000e+00	7.705275e-04
1.502500e+00	7.726464e-04
1.505000e+00	7.752349e-04
1.507500e+00	7.783004e-04
1.510000e+00	7.818517e-04
1.512500e+00	7.858991e-04
1.515000e+00	7.904544e-04
1.517500e+00	7.955311e-04
1.520000e+00	8.011441e-04
1.522500e+00	8.073102e-04
1.525000e+00	8.140484e-04
1.527500e+00	8.213791e-04
1.530000e+00	8.293253e-04
1.532500e+00	8.379122e-04
1.535000e+00	8.471674e-04
1.537500e+00	8.571211e-04
1.540000e+00	8.678065e-04
1.542500e+00	8.792601e-04
1.545000e+00	8.915214e-04
1.547500e+00	9.046340e-04
1.550000e+00	9.186453e-04
1.552500e+00	9.336075e-04
1.555000e+00	9.495773e-04
1.557500e+00	9.666171e-04
1.560000e+00	9.847953e-04
1.562500e+00	1.004187e-03
1.565000e+00	1.024873e-03
1.567500e+00	1.046946e-03
1.570000e+00	1.070504e-03
1.572500e+00	1.095656e-03
1.575000e+00	1.122525e-03
1.577500e+00	1.151243e-03
1.580000e+00	1.181958e-03
1.582500e+00	1.214835e-03
1.585000e+00	1.250056e-03
1.587500e+00	1.287823e-03
1.590000e+00	1.328365e-03
1.592500e+00	1.371933e-03
1.595000e+00	1.418813e-03
1.597500e+00	1.469323e-03
1.600000e+00	1.523824e-03
1.602500e+00	1.582720e-03
1.605000e+00	1.646474e-03
1.607500e+00	1.715608e-03
1.610000e+00	1.790719e-03
1.612500e+00	1.872491e-03
1.615000e+00	1.961706e-03
1.617500e+00	2.059270e-03
1.620000e+00	2.166227e-03
1.622500e+00	2.283794e-03
1.625000e+00	2.413390e-03
1.627500e+00	2.556678e-03
1.630000e+00	2.715621e-03
1.632500e+00	2.892544e-03
1.635000e+00	3.090219e-03
1.637500e+00	3.311970e-03
1.640000e+00	3.561808e-03
1.642500e+00	3.844611e-03
1.645000e+00	4.166349e-03
1.647500e+00	4.534390e-03
1.650000e+00	4.957908e-03
1.652500e+00	5.448425e-03
1.655000e+00	6.020556e-03
1.657500e+00	6.693042e-03
1.660000e+00	7.490176e-03
1.662500e+00	8.443839e-03
1.665000e+00	9.596409e-03
1.667500e+00	1.100497e-02
1.670000e+00	1.274752e-02
1.672500e+00	1.493209e-02
1.675000e+00	1.771024e-02
1.677500e+00	2.129683e-02
1.680000e+00	2.599747e-02
1.682500e+00	3.224245e-02
1.685000e+00	4.061234e-02
1.687500e+00	5.179868e-02
1.690000e+00	6.633067e-02
1.692500e+00	8.371406e-02
1.695000e+00	1.007857e-01
1.697500e+00	1.109733e-01
1.700000e+00	1.085168e-01
1.702500e+00	9.493739e-02
1.705000e+00	7.715151e-02
1.707500e+00	6.063292e-02
1.710000e+00	4.735701e-02
1.712500e+00	3.728841e-02
1.715000e+00	2.977919e-02
1.717500e+00	2.416475e-02
1.720000e+00	1.992050e-02
1.722500e+00	1.666585e-02
1.725000e+00	1.413213e-02
1.727500e+00	1.213044e-02
1.730000e+00	1.052709e-02
1.732500e+00	9.226359e-03
1.735000e+00	8.158811e-03
1.737500e+00	7.273354e-03
1.740000e+00	6.531877e-03
1.742500e+00	5.905577e-03
1.745000e+00	5.372408e-03
1.747500e+00	4.915300e-03
1.750000e+00	4.520888e-03
1.752500e+00	4.178603e-03
1.755000e+00	3.880009e-03
1.757500e+00	3.618309e-03
1.760000e+00	3.387985e-03
1.762500e+00	3.184527e-03
1.765000e+00	3.004216e-03
1.767500e+00	2.843971e-03
1.770000e+00	2.701225e-03
1.772500e+00	2.573825e-03
1.775000e+00	2.459957e-03
1.777500e+00	2.358090e-03
1.780000e+00	2.266921e-03
1.782500e+00	2.185345e-03
1.785000e+00	2.112415e-03
1.787500e+00	2.047325e-03
1.790000e+00	1.989383e-03
1.792500e+00	1.938000e-03
1.795000e+00	1.892671e-03
1.797500e+00	1.852969e-03
1.800000e+00	1.818532e-03
1.802500e+00	1.789057e-03
1.805000e+00	1.764295e-03
1.807500e+00	1.744043e-03
1.810000e+00	1.728145e-03
1.812500e+00	1.716486e-03
1.815000e+00	1.708988e-03
1.817500e+00	1.705616e-03
1.820000e+00	1.706369e-03
1.822500e+00	1.711285e-03
1.825000e+00	1.720444e-03
1.827500e+00	1.733964e-03
1.830000e+00	1.752008e-03
1.832500e+00	1.774785e-03
1.835000e+00	1.802558e-03
1.837500e+00	1.835646e-03
1.840000e+00	1.874435e-03
1.842500e+00	1.919384e-03
1.845000e+00	1.971039e-03
1.847500e+00	2.030043e-03
1.850000e+00	2.097160e-03
1.852500e+00	2.173289e-03
1.855000e+00	2.259494e-03
1.857500e+00	2.357038e-03
1.860000e+00	2.467421e-03
1.862500e+00	2.592433e-03
1.865000e+00	2.734223e-03
1.867500e+00	2.895379e-03
1.870000e+00	3.079036e-03
1.872500e+00	3.289022e-03
1.875000e+00	3.530036e-03
1.877500e+00	3.807896e-03
1.880000e+00	4.129863e-03
1.882500e+00	4.505081e-03
1.885000e+00	4.945180e-03
1.887500e+00	5.465104e-03
1.890000e+00	6.084278e-03
1.892500e+00	6.828258e-03
1.895000e+00	7.731100e-03
1.897500e+00	8.838808e-03
1.900000e+00	1.021439e-02
1.902500e+00	1.194534e-02
1.905000e+00	1.415471e-02
1.907500e+00	1.701711e-02
1.910000e+00	2.078084e-02
1.912500e+00	2.579387e-02
1.915000e+00	3.251927e-02
1.917500e+00	4.148603e-02
1.920000e+00	5.302346e-02
1.922500e+00	6.649052e-02
1.925000e+00	7.897700e-02
1.927500e+00	8.520347e-02
1.930000e+00	8.151225e-02
1.932500e+00	7.015275e-02
1.935000e+00	5.653353e-02
1.937500e+00	4.433198e-02
1.940000e+00	3.467198e-02
1.942500e+00	2.738271e-02
1.945000e+00	2.194797e-02
1.947500e+00	1.787682e-02
1.950000e+00	1.479036e-02
1.952500e+00	1.241581e-02
1.955000e+00	1.056101e-02
1.957500e+00	9.090723e-03
1.960000e+00	7.909084e-03
1.962500e+00	6.947289e-03
1.965000e+00	6.155290e-03
1.967500e+00	5.496172e-03
1.970000e+00	4.942327e-03
1.972500e+00	4.472837e-03
1.975000e+00	4.071654e-03
1.977500e+00	3.726324e-03
1.980000e+00	3.427073e-03
1.982500e+00	3.166157e-03
1.985000e+00	2.937376e-03
1.987500e+00	2.735730e-03
1.990000e+00	2.557146e-03
1.992500e+00	2.398286e-03
1.995000e+00	2.256394e-03
1.997500e+00	2.129176e-03
2.000000e+00	2.014714e-03
2.002500e+00	1.911396e-03
2.005000e+00	1.817854e-03
2.007500e+00	1.732929e-03
2.010000e+00	1.655626e-03
2.012500e+00	1.585095e-03
2.015000e+00	1.520599e-03
2.017500e+00	1.461504e-03
2.020000e+00	1.407257e-03
2.022500e+00	1.357375e-03
2.025000e+00	1.311437e-03
2.027500e+00	1.269072e-03
2.030000e+00	1.229956e-03
2.032500e+00	1.193800e-03
2.035000e+00	1.160349e-03
2.037500e+00	1.129378e-03
2.040000e+00	1.100687e-03
2.042500e+00	1.074095e-03
2.045000e+00	1.049444e-03
2.047500e+00	1.026590e-03
2.050000e+00	1.005407e-03
2.052500e+00	9.857787e-04
2.055000e+00	9.676032e-04
2.057500e+00	9.507881e-04
2.060000e+00	9.352506e-04
2.062500e+00	9.209163e-04
2.065000e+00	9.077186e-04
2.067500e+00	8.955975e-04
2.070000e+00	8.844996e-04
2.072500e+00	8.743768e-04
2.075000e+00	8.651866e-04
2.077500e+00	8.568911e-04
2.080000e+00	8.494569e-04
2.082500e+00	8.428547e-04
2.085000e+00	8.370592e-04
2.087500e+00	8.320485e-04
2.090000e+00	8.278043e-04
2.092500e+00	8.243117e-04
2.095000e+00	8.215586e-04
2.097500e+00	8.195363e-04
2.100000e+00	8.182390e-04
2.102500e+00	8.176636e-04
2.105000e+00	8.178102e-04
2.107500e+00	8.186817e-04
2.110000e+00	8.202840e-04
2.112500e+00	8.226259e-04
2.115000e+00	8.257193e-04
2.117500e+00	8.295794e-04
2.120000e+00	8.342246e-04
2.122500e+00	8.396769e-04
2.125000e+00	8.459619e-04
2.127500e+00	8.531092e-04
2.130000e+00	8.611527e-04
2.132500e+00	8.701307e-04
2.135000e+00	8.800867e-04
2.137500e+00	8.910692e-04
2.140000e+00	9.031329e-04
2.142500e+00	9.163388e-04
2.145000e+00	9.307552e-04
2.147500e+00	9.464582e-04
2.150000e+00	9.635325e-04
2.152500e+00	9.820730e-04
2.155000e+00	1.002185e-03
2.157500e+00	1.023987e-03
2.160000e+00	1.047611e-03
2.162500e+00	1.073204e-03
2.165000e+00	1.100931e-03
2.167500e+00	1.130979e-03
2.170000e+00	1.163555e-03
2.172500e+00	1.198896e-03
2.175000e+00	1.237266e-03
2.177500e+00	1.278967e-03
2.180000e+00	1.324341e-03
2.182500e+00	1.373776e-03
2.185000e+00	1.427716e-03
2.187500e+00	1.486671e-03
2.190000e+00	1.551226e-03
2.192500e+00	1.622055e-03
2.195000e+00	1.699941e-03
2.197500e+00	1.785794e-03
2.200000e+00	1.880676e-03
2.202500e+00	1.985837e-03
2.205000e+00	2.102749e-03
2.207500e+00	2.233160e-03
2.210000e+00	2.379152e-03
2.212500e+00	2.543229e-03
2.215000e+00	2.728413e-03
2.217500e+00	2.938381e-03
2.220000e+00	3.177638e-03
2.222500e+00	3.451754e-03
2.225000e+00	3.767664e-03
2.227500e+00	4.134096e-03
2.230000e+00	4.562128e-03
2.232500e+00	5.065985e-03
2.235000e+00	5.664133e-03
2.237500e+00	6.380841e-03
2.240000e+00	7.248410e-03
2.242500e+00	8.310432e-03
2.245000e+00	9.626546e-03
2.247500e+00	1.127949e-02
2.250000e+00	1.338551e-02
2.252500e+00	1.610951e-02
2.255000e+00	1.968600e-02
2.257500e+00	2.444429e-02
2.260000e+00	3.082501e-02
2.262500e+00	3.934020e-02
2.265000e+00	5.033845e-02
2.267500e+00	6.330214e-02
2.270000e+00	7.560175e-02
2.272500e+00	8.221349e-02
2.275000e+00	7.930632e-02
2.277500e+00	6.866505e-02
2.280000e+00	5.549494e-02
2.282500e+00	4.354048e-02
2.285000e+00	3.402473e-02
2.287500e+00	2.683168e-02
2.290000e+00	2.146861e-02
2.292500e+00	1.745434e-02
2.295000e+00	1.441452e-02
2.297500e+00	1.207887e-02
2.300000e+00	1.025687e-02
2.302500e+00	8.814504e-03
2.305000e+00	7.656802e-03
2.307500e+00	6.715688e-03
2.310000e+00	5.941687e-03
2.312500e+00	5.298340e-03
2.315000e+00	4.758409e-03
2.317500e+00	4.301272e-03
2.320000e+00	3.911126e-03
2.322500e+00	3.575711e-03
2.325000e+00	3.285419e-03
2.327500e+00	3.032637e-03
2.330000e+00	2.811281e-03
2.332500e+00	2.616441e-03
2.335000e+00	2.444123e-03
2.337500e+00	2.291057e-03
2.340000e+00	2.154541e-03
2.342500e+00	2.032330e-03
2.345000e+00	1.922548e-03
2.347500e+00	1.823616e-03
2.350000e+00	1.734200e-03
2.352500e+00	1.653163e-03
2.355000e+00	1.579538e-03
2.357500e+00	1.512492e-03
2.360000e+00	1.451308e-03
2.362500e+00	1.395366e-03
2.365000e+00	1.344127e-03
2.367500e+00	1.297122e-03
2.370000e+00	1.253939e-03
2.372500e+00	1.214219e-03
2.375000e+00	1.177643e-03
2.377500e+00	1.143933e-03
2.380000e+00	1.112842e-03
2.382500e+00	1.084148e-03
2.385000e+00	1.057657e-03
2.387500e+00	1.033196e-03
2.390000e+00	1.010610e-03
2.392500e+00	9.897591e-04
2.395000e+00	9.705201e-04
2.397500e+00	9.527819e-04
2.400000e+00	9.364447e-04
2.402500e+00	9.214189e-04
2.405000e+00	9.076244e-04
2.407500e+00	8.949888e-04
2.410000e+00	8.834472e-04
2.412500e+00	8.729416e-04
2.415000e+00	8.634198e-04
2.417500e+00	8.548349e-04
2.420000e+00	8.471453e-04
2.422500e+00	8.403139e-04
2.425000e+00	8.343078e-04
2.427500e+00	8.290978e-04
2.430000e+00	8.246587e-04
2.432500e+00	8.209684e-04
2.435000e+00	8.180081e-04
2.437500e+00	8.157620e-04
2.440000e+00	8.142170e-04
2.442500e+00	8.133630e-04
2.445000e+00	8.131924e-04
2.447500e+00	8.137002e-04
2.450000e+00	8.148838e-04
2.452500e+00	8.167433e-04
2.455000e+00	8.192810e-04
2.457500e+00	8.225019e-04
2.460000e+00	8.264132e-04
2.462500e+00	8.310250e-04
2.465000e+00	8.363497e-04
2.467500e+00	8.424024e-04
2.470000e+00	8.492011e-04
2.472500e+00	8.567665e-04
2.475000e+00	8.651226e-04
2.477500e+00	8.742965e-04
2.480000e+00	8.843186e-04
2.482500e+00	8.952231e-04
2.485000e+00	9.070481e-04
2.487500e+00	9.198360e-04
2.490000e+00	9.336336e-04
2.492500e+00	9.484929e-04
2.495000e+00	9.644712e-04
2.497500e+00	9.816317e-04
2.500000e+00	1.000044e-03
2.502500e+00	1.019786e-03
2.505000e+00	1.040941e-03
2.507500e+00	1.063605e-03
2.510000e+00	1.087879e-03
2.512500e+00	1.113879e-03
2.515000e+00	1.141731e-03
2.517500e+00	1.171574e-03
2.520000e+00	1.203565e-03
2.522500e+00	1.237876e-03
2.525000e+00	1.274698e-03
2.527500e+00	1.314246e-03
2.530000e+00	1.356758e-03
2.532500e+00	1.402501e-03
2.535000e+00	1.451775e-03
2.537500e+00	1.504916e-03
2.540000e+00	1.562304e-03
2.542500e+00	1.624366e-03
2.545000e+00	1.691589e-03
2.547500e+00	1.764524e-03
2.550000e+00	1.843799e-03
2.552500e+00	1.930133e-03
2.555000e+00	2.024351e-03
2.557500e+00	2.127404e-03
2.560000e+00	2.240390e-03
2.562500e+00	2.364586e-03
2.565000e+00	2.501480e-03
2.567500e+00	2.652815e-03
2.570000e+00	2.820645e-03
2.572500e+00	3.007402e-03
2.575000e+00	3.215980e-03
2.577500e+00	3.449845e-03
2.580000e+00	3.713174e-03
2.582500e+00	4.011037e-03
2.585000e+00	4.349631e-03
2.587500e+00	4.736590e-03
2.590000e+00	5.181398e-03
2.592500e+00	5.695943e-03
2.595000e+00	6.295273e-03
2.597500e+00	6.998629e-03
2.600000e+00	7.830895e-03
2.602500e+00	8.824632e-03
2.605000e+00	1.002299e-02
2.607500e+00	1.148393e-02
2.610000e+00	1.328636e-02
2.612500e+00	1.553926e-02
2.615000e+00	1.839511e-02
2.617500e+00	2.206962e-02
2.620000e+00	2.686966e-02
2.622500e+00	3.322911e-02
2.625000e+00	4.174179e-02
2.627500e+00	5.314488e-02
2.630000e+00	6.810614e-02
2.632500e+00	8.647406e-02
2.635000e+00	1.056401e-01
2.637500e+00	1.191493e-01
2.640000e+00	1.198119e-01
2.642500e+00	1.072167e-01
2.645000e+00	8.824332e-02
2.647500e+00	6.964505e-02
2.650000e+00	5.434959e-02
2.652500e+00	4.265000e-02
2.655000e+00	3.390994e-02
2.657500e+00	2.738489e-02
2.660000e+00	2.246596e-02
2.662500e+00	1.870598e-02
2.665000e+00	1.578817e-02
2.667500e+00	1.348988e-02
2.670000e+00	1.165385e-02
2.672500e+00	1.016781e-02
2.675000e+00	8.950575e-03
2.677500e+00	7.942585e-03
2.680000e+00	7.099562e-03
2.682500e+00	6.388130e-03
2.685000e+00	5.782817e-03
2.687500e+00	5.263949e-03
2.690000e+00	4.816157e-03
2.692500e+00	4.427313e-03
2.695000e+00	4.087755e-03
2.697500e+00	3.789713e-03
2.700000e+00	3.526890e-03
2.702500e+00	3.294139e-03
2.705000e+00	3.087228e-03
2.707500e+00	2.902653e-03
2.710000e+00	2.737493e-03
2.712500e+00	2.589301e-03
2.715000e+00	2.456019e-03
2.717500e+00	2.335905e-03
2.720000e+00	2.227480e-03
2.722500e+00	2.129485e-03
2.725000e+00	2.040845e-03
2.727500e+00	1.960641e-03
2.730000e+00	1.888085e-03
2.732500e+00	1.822503e-03
2.735000e+00	1.763320e-03
2.737500e+00	1.710047e-03
2.740000e+00	1.662270e-03
2.742500e+00	1.619645e-03
2.745000e+00	1.581889e-03
2.747500e+00	1.548777e-03
2.750000e+00	1.520138e-03
2.752500e+00	1.495855e-03
2.755000e+00	1.475862e-03
2.757500e+00	1.460146e-03
2.760000e+00	1.448753e-03
2.762500e+00	1.441787e-03
2.765000e+00	1.439417e-03
2.767500e+00	1.441890e-03
2.770000e+00	1.449540e-03
2.772500e+00	1.462800e-03
2.775000e+00	1.482231e-03
2.777500e+00	1.508540e-03
2.780000e+00	1.542622e-03
2.782500e+00	1.585603e-03
2.785000e+00	1.638905e-03
2.787500e+00	1.704331e-03
2.790000e+00	1.784177e-03
2.792500e+00	1.881391e-03
2.795000e+00	1.999795e-03
2.797500e+00	2.144385e-03
2.800000e+00	2.321775e-03
2.802500e+00	2.540825e-03
2.805000e+00	2.813559e-03
2.807500e+00	3.156520e-03
2.810000e+00	3.592767e-03
2.812500e+00	4.154830e-03
2.815000e+00	4.888953e-03
2.817500e+00	5.860802e-03
2.820000e+00	7.161694e-03
2.822500e+00	8.910318e-03
2.825000e+00	1.123267e-02
2.827500e+00	1.417478e-02
2.830000e+00	1.747621e-02
2.832500e+00	2.026147e-02
2.835000e+00	2.121488e-02
2.837500e+00	1.975243e-02
2.840000e+00	1.673299e-02
2.842500e+00	1.344676e-02
2.845000e+00	1.061948e-02
2.847500e+00	8.417430e-03
2.850000e+00	6.763710e-03
2.852500e+00	5.529810e-03
2.855000e+00	4.602455e-03
2.857500e+00	3.896317e-03
2.860000e+00	3.350467e-03
2.862500e+00	2.922044e-03
2.865000e+00	2.580852e-03
2.867500e+00	2.305422e-03
2.870000e+00	2.080295e-03
2.872500e+00	1.894190e-03
2.875000e+00	1.738754e-03
2.877500e+00	1.607721e-03
2.880000e+00	1.496328e-03
2.882500e+00	1.400911e-03
2.885000e+00	1.318615e-03
2.887500e+00	1.247199e-03
2.890000e+00	1.184879e-03
2.892500e+00	1.130226e-03
2.895000e+00	1.082085e-03
2.897500e+00	1.039513e-03
2.900000e+00	1.001738e-03
2.902500e+00	9.681211e-04
2.905000e+00	9.381301e-04
2.907500e+00	9.113207e-04
2.910000e+00	8.873194e-04
2.912500e+00	8.658105e-04
2.915000e+00	8.465265e-04
2.917500e+00	8.292395e-04
2.920000e+00	8.137551e-04
2.922500e+00	7.999070e-04
2.925000e+00	7.875527e-04
2.927500e+00	7.765699e-04
2.930000e+00	7.668539e-04
2.932500e+00	7.583152e-04
2.935000e+00	7.508772e-04
2.937500e+00	7.444752e-04
2.940000e+00	7.390547e-04
2.942500e+00	7.345707e-04
2.945000e+00	7.309863e-04
2.947500e+00	7.282727e-04
2.950000e+00	7.264082e-04
2.952500e+00	7.253782e-04
2.955000e+00	7.251745e-04
2.957500e+00	7.257957e-04
2.960000e+00	7.272468e-04
2.962500e+00	7.295398e-04
2.965000e+00	7.326932e-04
2.967500e+00	7.367332e-04
2.970000e+00	7.416938e-04
2.972500e+00	7.476174e-04
2.975000e+00	7.545561e-04
2.977500e+00	7.625725e-04
2.980000e+00	7.717411e-04
2.982500e+00	7.821502e-04
2.985000e+00	7.939036e-04
2.987500e+00	8.071237e-04
2.990000e+00	8.219541e-04
2.992500e+00	8.385640e-04
2.995000e+00	8.571525e-04
2.997500e+00	8.779548e-04
