#omega	spectral weight
-6.000000e+00	5.273260e-05
-5.997500e+00	5.301373e-05
-5.995000e+00	5.329872e-05
-5.992500e+00	5.358764e-05
-5.990000e+00	5.388058e-05
-5.987500e+00	5.417762e-05
-5.985000e+00	5.447884e-05
-5.982500e+00	5.478433e-05
-5.980000e+00	5.509417e-05
-5.977500e+00	5.540845e-05
-5.975000e+00	5.572728e-05
-5.972500e+00	5.605074e-05
-5.970000e+00	5.637892e-05
-5.967500e+00	5.671194e-05
-5.965000e+00	5.704990e-05
-5.962500e+00	5.739289e-05
-5.960000e+00	5.774104e-05
-5.957500e+00	5.809444e-05
-5.955000e+00	5.845323e-05
-5.952500e+00	5.881750e-05
-5.950000e+00	5.918739e-05
-5.947500e+00	5.956303e-05
-5.945000e+00	5.994453e-05
-5.942500e+00	6.033203e-05
-5.940000e+00	6.072568e-05
-5.937500e+00	6.112560e-05
-5.935000e+00	6.153194e-05
-5.932500e+00	6.194485e-05
-5.930000e+00	6.236448e-05
-5.927500e+00	6.279099e-05
-5.925000e+00	6.322454e-05
-5.922500e+00	6.366531e-05
-5.920000e+00	6.411345e-05
-5.917500e+00	6.456914e-05
-5.915000e+00	6.503258e-05
-5.912500e+00	6.550394e-05
-5.910000e+00	6.598343e-05
-5.907500e+00	6.647123e-05
-5.905000e+00	6.696756e-05
-5.902500e+00	6.747263e-05
-5.900000e+00	6.798665e-05
-5.897500e+00	6.850986e-05
-5.895000e+00	6.904249e-05
-5.892500e+00	6.958478e-05
-5.890000e+00	7.013698e-05
-5.887500e+00	7.069934e-05
-5.885000e+00	7.127213e-05
-5.882500e+00	7.185563e-05
-5.880000e+00	7.245012e-05
-5.877500e+00	7.305589e-05
-5.875000e+00	7.367324e-05
-5.872500e+00	7.430250e-05
-5.870000e+00	7.494398e-05
-5.867500e+00	7.559801e-05
-5.865000e+00	7.626496e-05
-5.862500e+00	7.694517e-05
-5.860000e+00	7.763902e-05
-5.857500e+00	7.834690e-05
-5.855000e+00	7.906920e-05
-5.852500e+00	7.980633e-05
-5.850000e+00	8.055874e-05
-5.847500e+00	8.132686e-05
-5.845000e+00	8.211114e-05
-5.842500e+00	8.291209e-05
-5.840000e+00	8.373018e-05
-5.837500e+00	8.456593e-05
-5.835000e+00	8.541988e-05
-5.832500e+00	8.629258e-05
-5.830000e+00	8.718462e-05
-5.827500e+00	8.809659e-05
-5.825000e+00	8.902911e-05
-5.822500e+00	8.998283e-05
-5.820000e+00	9.095842e-05
-5.817500e+00	9.195660e-05
-5.815000e+00	9.297808e-05
-5.812500e+00	9.402362e-05
-5.810000e+00	9.509402e-05
-5.807500e+00	9.619010e-05
-5.805000e+00	9.731272e-05
-5.802500e+00	9.846277e-05
-5.800000e+00	9.964119e-05
-5.797500e+00	1.008490e-04
-5.795000e+00	1.020871e-04
-5.792500e+00	1.033566e-04
-5.790000e+00	1.046586e-04
-5.787500e+00	1.059944e-04
-5.785000e+00	1.073650e-04
-5.782500e+00	1.087718e-04
-5.780000e+00	1.102160e-04
-5.777500e+00	1.116991e-04
-5.775000e+00	1.132225e-04
-5.772500e+00	1.147878e-04
-5.770000e+00	1.163964e-04
-5.767500e+00	1.180502e-04
-5.765000e+00	1.197507e-04
-5.762500e+00	1.214999e-04
-5.760000e+00	1.232997e-04
-5.757500e+00	1.251520e-04
-5.755000e+00	1.270591e-04
-5.752500e+00	1.290232e-04
-5.750000e+00	1.310465e-04
-5.747500e+00	1.331316e-04
-5.745000e+00	1.352810e-04
-5.742500e+00	1.374975e-04
-5.740000e+00	1.397840e-04
-5.737500e+00	1.421435e-04
-5.735000e+00	1.445792e-04
-5.732500e+00	1.470946e-04
-5.730000e+00	1.496931e-04
-5.727500e+00	1.523785e-04
-5.725000e+00	1.551550e-04
-5.722500e+00	1.580266e-04
-5.720000e+00	1.609978e-04
-5.717500e+00	1.640735e-04
-5.715000e+00	1.672587e-04
-5.712500e+00	1.705586e-04
-5.710000e+00	1.739789e-04
-5.707500e+00	1.775258e-04
-5.705000e+00	1.812055e-04
-5.702500e+00	1.850249e-04
-5.700000e+00	1.889913e-04
-5.697500e+00	1.931124e-04
-5.695000e+00	1.973965e-04
-5.692500e+00	2.018523e-04
-5.690000e+00	2.064894e-04
-5.687500e+00	2.113177e-04
-5.685000e+00	2.163481e-04
-5.682500e+00	2.215921e-04
-5.680000e+00	2.270622e-04
-5.677500e+00	2.327716e-04
-5.675000e+00	2.387346e-04
-5.672500e+00	2.449667e-04
-5.670000e+00	2.514844e-04
-5.667500e+00	2.583055e-04
-5.665000e+00	2.654495e-04
-5.662500e+00	2.729370e-04
-5.660000e+00	2.807908e-04
-5.657500e+00	2.890352e-04
-5.655000e+00	2.976967e-04
-5.652500e+00	3.068042e-04
-5.650000e+00	3.163890e-04
-5.647500e+00	3.264852e-04
-5.645000e+00	3.371300e-04
-5.642500e+00	3.483641e-04
-5.640000e+00	3.602320e-04
-5.637500e+00	3.727826e-04
-5.635000e+00	3.860693e-04
-5.632500e+00	4.001512e-04
-5.630000e+00	4.150931e-04
-5.627500e+00	4.309667e-04
-5.625000e+00	4.478512e-04
-5.622500e+00	4.658347e-04
-5.620000e+00	4.850146e-04
-5.617500e+00	5.054998e-04
-5.615000e+00	5.274114e-04
-5.612500e+00	5.508851e-04
-5.610000e+00	5.760731e-04
-5.607500e+00	6.031463e-04
-5.605000e+00	6.322977e-04
-5.602500e+00	6.637453e-04
-5.600000e+00	6.977363e-04
-5.597500e+00	7.345523e-04
-5.595000e+00	7.745144e-04
-5.592500e+00	8.179906e-04
-5.590000e+00	8.654041e-04
-5.587500e+00	9.172433e-04
-5.585000e+00	9.740743e-04
-5.582500e+00	1.036556e-03
-5.580000e+00	1.105460e-03
-5.577500e+00	1.181691e-03
-5.575000e+00	1.266321e-03
-5.572500e+00	1.360619e-03
-5.570000e+00	1.466104e-03
-5.567500e+00	1.584604e-03
-5.565000e+00	1.718327e-03
-5.562500e+00	1.869967e-03
-5.560000e+00	2.042833e-03
-5.557500e+00	2.241023e-03
-5.555000e+00	2.469655e-03
-5.552500e+00	2.735183e-03
-5.550000e+00	3.045828e-03
-5.547500e+00	3.412178e-03
-5.545000e+00	3.848023e-03
-5.542500e+00	4.371552e-03
-5.540000e+00	5.007070e-03
-5.537500e+00	5.787502e-03
-5.535000e+00	6.758078e-03
-5.532500e+00	7.981786e-03
-5.530000e+00	9.547403e-03
-5.527500e+00	1.158108e-02
-5.525000e+00	1.426196e-02
-5.522500e+00	1.783936e-02
-5.520000e+00	2.263825e-02
-5.517500e+00	2.900682e-02
-5.515000e+00	3.708371e-02
-5.512500e+00	4.618667e-02
-5.510000e+00	5.395681e-02
-5.507500e+00	5.677314e-02
-5.505000e+00	5.292791e-02
-5.502500e+00	4.469959e-02
-5.500000e+00	3.565601e-02
-5.497500e+00	2.784516e-02
-5.495000e+00	2.175410e-02
-5.492500e+00	1.718031e-02
-5.490000e+00	1.377047e-02
-5.487500e+00	1.121092e-02
-5.485000e+00	9.264833e-03
-5.482500e+00	7.762967e-03
-5.480000e+00	6.586260e-03
-5.477500e+00	5.650845e-03
-5.475000e+00	4.897119e-03
-5.472500e+00	4.282183e-03
-5.470000e+00	3.774741e-03
-5.467500e+00	3.351638e-03
-5.465000e+00	2.995505e-03
-5.462500e+00	2.693149e-03
-5.460000e+00	2.434419e-03
-5.457500e+00	2.211420e-03
-5.455000e+00	2.017943e-03
-5.452500e+00	1.849055e-03
-5.450000e+00	1.700803e-03
-5.447500e+00	1.569989e-03
-5.445000e+00	1.454007e-03
-5.442500e+00	1.350715e-03
-5.440000e+00	1.258343e-03
-5.437500e+00	1.175417e-03
-5.435000e+00	1.100702e-03
-5.432500e+00	1.033155e-03
-5.430000e+00	9.718961e-04
-5.427500e+00	9.161735e-04
-5.425000e+00	8.653448e-04
-5.422500e+00	8.188573e-04
-5.420000e+00	7.762343e-04
-5.417500e+00	7.370623e-04
-5.415000e+00	7.009814e-04
-5.412500e+00	6.676775e-04
-5.410000e+00	6.368751e-04
-5.407500e+00	6.083321e-04
-5.405000e+00	5.818348e-04
-5.402500e+00	5.571941e-04
-5.400000e+00	5.342424e-04
-5.397500e+00	5.128304e-04
-5.395000e+00	4.928249e-04
-5.392500e+00	4.741070e-04
-5.390000e+00	4.565697e-04
-5.387500e+00	4.401172e-04
-5.385000e+00	4.246632e-04
-5.382500e+00	4.101297e-04
-5.380000e+00	3.964461e-04
-5.377500e+00	3.835487e-04
-5.375000e+00	3.713794e-04
-5.372500e+00	3.598855e-04
-5.370000e+00	3.490190e-04
-5.367500e+00	3.387361e-04
-5.365000e+00	3.289967e-04
-5.362500e+00	3.197642e-04
-5.360000e+00	3.110048e-04
-5.357500e+00	3.026878e-04
-5.355000e+00	2.947848e-04
-5.352500e+00	2.872696e-04
-5.350000e+00	2.801181e-04
-5.347500e+00	2.733081e-04
-5.345000e+00	2.668190e-04
-5.342500e+00	2.606319e-04
-5.340000e+00	2.547290e-04
-5.337500e+00	2.490941e-04
-5.335000e+00	2.437120e-04
-5.332500e+00	2.385685e-04
-5.330000e+00	2.336506e-04
-5.327500e+00	2.289460e-04
-5.325000e+00	2.244434e-04
-5.322500e+00	2.201320e-04
-5.320000e+00	2.160020e-04
-5.317500e+00	2.120440e-04
-5.315000e+00	2.082495e-04
-5.312500e+00	2.046102e-04
-5.310000e+00	2.011185e-04
-5.307500e+00	1.977673e-04
-5.305000e+00	1.945499e-04
-5.302500e+00	1.914599e-04
-5.300000e+00	1.884915e-04
-5.297500e+00	1.856390e-04
-5.295000e+00	1.828972e-04
-5.292500e+00	1.802612e-04
-5.290000e+00	1.777263e-04
-5.287500e+00	1.752882e-04
-5.285000e+00	1.729425e-04
-5.282500e+00	1.706856e-04
-5.280000e+00	1.685136e-04
-5.277500e+00	1.664230e-04
-5.275000e+00	1.644105e-04
-5.272500e+00	1.624731e-04
-5.270000e+00	1.606077e-04
-5.267500e+00	1.588115e-04
-5.265000e+00	1.570819e-04
-5.262500e+00	1.554164e-04
-5.260000e+00	1.538124e-04
-5.257500e+00	1.522679e-04
-5.255000e+00	1.507805e-04
-5.252500e+00	1.493484e-04
-5.250000e+00	1.479694e-04
-5.247500e+00	1.466418e-04
-5.245000e+00	1.453638e-04
-5.242500e+00	1.441337e-04
-5.240000e+00	1.429499e-04
-5.237500e+00	1.418110e-04
-5.235000e+00	1.407154e-04
-5.232500e+00	1.396618e-04
-5.230000e+00	1.386489e-04
-5.227500e+00	1.376755e-04
-5.225000e+00	1.367403e-04
-5.222500e+00	1.358422e-04
-5.220000e+00	1.349801e-04
-5.217500e+00	1.341531e-04
-5.215000e+00	1.333600e-04
-5.212500e+00	1.326001e-04
-5.210000e+00	1.318724e-04
-5.207500e+00	1.311760e-04
-5.205000e+00	1.305101e-04
-5.202500e+00	1.298740e-04
-5.200000e+00	1.292669e-04
-5.197500e+00	1.286882e-04
-5.195000e+00	1.281370e-04
-5.192500e+00	1.276129e-04
-5.190000e+00	1.271153e-04
-5.187500e+00	1.266434e-04
-5.185000e+00	1.261968e-04
-5.182500e+00	1.257749e-04
-5.180000e+00	1.253773e-04
-5.177500e+00	1.250035e-04
-5.175000e+00	1.246530e-04
-5.172500e+00	1.243253e-04
-5.170000e+00	1.240202e-04
-5.167500e+00	1.237372e-04
-5.165000e+00	1.234758e-04
-5.162500e+00	1.232359e-04
-5.160000e+00	1.230171e-04
-5.157500e+00	1.228189e-04
-5.155000e+00	1.226413e-04
-5.152500e+00	1.224838e-04
-5.150000e+00	1.223463e-04
-5.147500e+00	1.222284e-04
-5.145000e+00	1.221300e-04
-5.142500e+00	1.220509e-04
-5.140000e+00	1.219908e-04
-5.137500e+00	1.219496e-04
-5.135000e+00	1.219271e-04
-5.132500e+00	1.219231e-04
-5.130000e+00	1.219376e-04
-5.127500e+00	1.219704e-04
-5.125000e+00	1.220214e-04
-5.122500e+00	1.220904e-04
-5.120000e+00	1.221775e-04
-5.117500e+00	1.222825e-04
-5.115000e+00	1.224053e-04
-5.112500e+00	1.225460e-04
-5.110000e+00	1.227044e-04
-5.107500e+00	1.228806e-04
-5.105000e+00	1.230745e-04
-5.102500e+00	1.232862e-04
-5.100000e+00	1.235156e-04
-5.097500e+00	1.237628e-04
-5.095000e+00	1.240278e-04
-5.092500e+00	1.243106e-04
-5.090000e+00	1.246113e-04
-5.087500e+00	1.249301e-04
-5.085000e+00	1.252668e-04
-5.082500e+00	1.256217e-04
-5.080000e+00	1.259949e-04
-5.077500e+00	1.263864e-04
-5.075000e+00	1.267963e-04
-5.072500e+00	1.272250e-04
-5.070000e+00	1.276723e-04
-5.067500e+00	1.281387e-04
-5.065000e+00	1.286241e-04
-5.062500e+00	1.291289e-04
-5.060000e+00	1.296531e-04
-5.057500e+00	1.301971e-04
-5.055000e+00	1.307610e-04
-5.052500e+00	1.313451e-04
-5.050000e+00	1.319496e-04
-5.047500e+00	1.325749e-04
-5.045000e+00	1.332212e-04
-5.042500e+00	1.338887e-04
-5.040000e+00	1.345779e-04
-5.037500e+00	1.352890e-04
-5.035000e+00	1.360224e-04
-5.032500e+00	1.367784e-04
-5.030000e+00	1.375575e-04
-5.027500e+00	1.383599e-04
-5.025000e+00	1.391862e-04
-5.022500e+00	1.400368e-04
-5.020000e+00	1.409121e-04
-5.017500e+00	1.418126e-04
-5.015000e+00	1.427388e-04
-5.012500e+00	1.436912e-04
-5.010000e+00	1.446702e-04
-5.007500e+00	1.456766e-04
-5.005000e+00	1.467109e-04
-5.002500e+00	1.477736e-04
-5.000000e+00	1.488654e-04
-4.997500e+00	1.499869e-04
-4.995000e+00	1.511389e-04
-4.992500e+00	1.523220e-04
-4.990000e+00	1.535370e-04
-4.987500e+00	1.547847e-04
-4.985000e+00	1.560658e-04
-4.982500e+00	1.573811e-04
-4.980000e+00	1.587317e-04
-4.977500e+00	1.601182e-04
-4.975000e+00	1.615418e-04
-4.972500e+00	1.630032e-04
-4.970000e+00	1.645037e-04
-4.967500e+00	1.660442e-04
-4.965000e+00	1.676259e-04
-4.962500e+00	1.692498e-04
-4.960000e+00	1.709172e-04
-4.957500e+00	1.726293e-04
-4.955000e+00	1.743875e-04
-4.952500e+00	1.761930e-04
-4.950000e+00	1.780473e-04
-4.947500e+00	1.799518e-04
-4.945000e+00	1.819081e-04
-4.942500e+00	1.839178e-04
-4.940000e+00	1.859826e-04
-4.937500e+00	1.881041e-04
-4.935000e+00	1.902842e-04
-4.932500e+00	1.925248e-04
-4.930000e+00	1.948279e-04
-4.927500e+00	1.971955e-04
-4.925000e+00	1.996299e-04
-4.922500e+00	2.021331e-04
-4.920000e+00	2.047077e-04
-4.917500e+00	2.073561e-04
-4.915000e+00	2.100808e-04
-4.912500e+00	2.128847e-04
-4.910000e+00	2.157704e-04
-4.907500e+00	2.187410e-04
-4.905000e+00	2.217996e-04
-4.902500e+00	2.249494e-04
-4.900000e+00	2.281939e-04
-4.897500e+00	2.315366e-04
-4.895000e+00	2.349813e-04
-4.892500e+00	2.385320e-04
-4.890000e+00	2.421928e-04
-4.887500e+00	2.459681e-04
-4.885000e+00	2.498624e-04
-4.882500e+00	2.538806e-04
-4.880000e+00	2.580277e-04
-4.877500e+00	2.623092e-04
-4.875000e+00	2.667306e-04
-4.872500e+00	2.712979e-04
-4.870000e+00	2.760174e-04
-4.867500e+00	2.808956e-04
-4.865000e+00	2.859395e-04
-4.862500e+00	2.911566e-04
-4.860000e+00	2.965546e-04
-4.857500e+00	3.021417e-04
-4.855000e+00	3.079268e-04
-4.852500e+00	3.139189e-04
-4.850000e+00	3.201280e-04
-4.847500e+00	3.265645e-04
-4.845000e+00	3.332392e-04
-4.842500e+00	3.401640e-04
-4.840000e+00	3.473514e-04
-4.837500e+00	3.548144e-04
-4.835000e+00	3.625672e-04
-4.832500e+00	3.706249e-04
-4.830000e+00	3.790034e-04
-4.827500e+00	3.877197e-04
-4.825000e+00	3.967921e-04
-4.822500e+00	4.062401e-04
-4.820000e+00	4.160844e-04
-4.817500e+00	4.263474e-04
-4.815000e+00	4.370529e-04
-4.812500e+00	4.482266e-04
-4.810000e+00	4.598960e-04
-4.807500e+00	4.720906e-04
-4.805000e+00	4.848422e-04
-4.802500e+00	4.981851e-04
-4.800000e+00	5.121563e-04
-4.797500e+00	5.267956e-04
-4.795000e+00	5.421461e-04
-4.792500e+00	5.582544e-04
-4.790000e+00	5.751711e-04
-4.787500e+00	5.929509e-04
-4.785000e+00	6.116533e-04
-4.782500e+00	6.313432e-04
-4.780000e+00	6.520911e-04
-4.777500e+00	6.739738e-04
-4.775000e+00	6.970754e-04
-4.772500e+00	7.214880e-04
-4.770000e+00	7.473123e-04
-4.767500e+00	7.746591e-04
-4.765000e+00	8.036501e-04
-4.762500e+00	8.344195e-04
-4.760000e+00	8.671153e-04
-4.757500e+00	9.019014e-04
-4.755000e+00	9.389594e-04
-4.752500e+00	9.784910e-04
-4.750000e+00	1.020721e-03
-4.747500e+00	1.065899e-03
-4.745000e+00	1.114306e-03
-4.742500e+00	1.166257e-03
-4.740000e+00	1.222104e-03
-4.737500e+00	1.282246e-03
-4.735000e+00	1.347133e-03
-4.732500e+00	1.417276e-03
-4.730000e+00	1.493256e-03
-4.727500e+00	1.575737e-03
-4.725000e+00	1.665478e-03
-4.722500e+00	1.763354e-03
-4.720000e+00	1.870372e-03
-4.717500e+00	1.987701e-03
-4.715000e+00	2.116703e-03
-4.712500e+00	2.258968e-03
-4.710000e+00	2.416366e-03
-4.707500e+00	2.591106e-03
-4.705000e+00	2.785810e-03
-4.702500e+00	3.003613e-03
-4.700000e+00	3.248281e-03
-4.697500e+00	3.524375e-03
-4.695000e+00	3.837449e-03
-4.692500e+00	4.194327e-03
-4.690000e+00	4.603459e-03
-4.687500e+00	5.075397e-03
-4.685000e+00	5.623445e-03
-4.682500e+00	6.264546e-03
-4.680000e+00	7.020516e-03
-4.677500e+00	7.919763e-03
-4.675000e+00	8.999750e-03
-4.672500e+00	1.031052e-02
-4.670000e+00	1.191986e-02
-4.667500e+00	1.392084e-02
-4.665000e+00	1.644307e-02
-4.662500e+00	1.966919e-02
-4.660000e+00	2.385867e-02
-4.657500e+00	2.938007e-02
-4.655000e+00	3.674661e-02
-4.652500e+00	4.662858e-02
-4.650000e+00	5.974847e-02
-4.647500e+00	7.640946e-02
-4.645000e+00	9.524649e-02
-4.642500e+00	1.114472e-01
-4.640000e+00	1.175185e-01
-4.637500e+00	1.097869e-01
-4.635000e+00	9.284705e-02
-4.632500e+00	7.410595e-02
-4.630000e+00	5.787411e-02
-4.627500e+00	4.520182e-02
-4.625000e+00	3.568285e-02
-4.622500e+00	2.858648e-02
-4.620000e+00	2.326069e-02
-4.617500e+00	1.921239e-02
-4.615000e+00	1.608900e-02
-4.612500e+00	1.364247e-02
-4.610000e+00	1.169809e-02
-4.607500e+00	1.013173e-02
-4.605000e+00	8.854046e-03
-4.602500e+00	7.799900e-03
-4.600000e+00	6.921096e-03
-4.597500e+00	6.181499e-03
-4.595000e+00	5.553660e-03
-4.592500e+00	5.016470e-03
-4.590000e+00	4.553511e-03
-4.587500e+00	4.151873e-03
-4.585000e+00	3.801305e-03
-4.582500e+00	3.493589e-03
-4.580000e+00	3.222082e-03
-4.577500e+00	2.981367e-03
-4.575000e+00	2.766998e-03
-4.572500e+00	2.575296e-03
-4.570000e+00	2.403199e-03
-4.567500e+00	2.248141e-03
-4.565000e+00	2.107961e-03
-4.562500e+00	1.980829e-03
-4.560000e+00	1.865184e-03
-4.557500e+00	1.759693e-03
-4.555000e+00	1.663210e-03
-4.552500e+00	1.574744e-03
-4.550000e+00	1.493436e-03
-4.547500e+00	1.418542e-03
-4.545000e+00	1.349408e-03
-4.542500e+00	1.285463e-03
-4.540000e+00	1.226204e-03
-4.537500e+00	1.171189e-03
-4.535000e+00	1.120025e-03
-4.532500e+00	1.072364e-03
-4.530000e+00	1.027897e-03
-4.527500e+00	9.863470e-04
-4.525000e+00	9.474676e-04
-4.522500e+00	9.110372e-04
-4.520000e+00	8.768570e-04
-4.517500e+00	8.447478e-04
-4.515000e+00	8.145481e-04
-4.512500e+00	7.861115e-04
-4.510000e+00	7.593058e-04
-4.507500e+00	7.340108e-04
-4.505000e+00	7.101171e-04
-4.502500e+00	6.875252e-04
-4.500000e+00	6.661443e-04
-4.497500e+00	6.458913e-04
-4.495000e+00	6.266903e-04
-4.492500e+00	6.084716e-04
-4.490000e+00	5.911711e-04
-4.487500e+00	5.747303e-04
-4.485000e+00	5.590948e-04
-4.482500e+00	5.442148e-04
-4.480000e+00	5.300443e-04
-4.477500e+00	5.165407e-04
-4.475000e+00	5.036646e-04
-4.472500e+00	4.913796e-04
-4.470000e+00	4.796519e-04
-4.467500e+00	4.684500e-04
-4.465000e+00	4.577447e-04
-4.462500e+00	4.475091e-04
-4.460000e+00	4.377177e-04
-4.457500e+00	4.283470e-04
-4.455000e+00	4.193752e-04
-4.452500e+00	4.107816e-04
-4.450000e+00	4.025471e-04
-4.447500e+00	3.946539e-04
-4.445000e+00	3.870851e-04
-4.442500e+00	3.798250e-04
-4.440000e+00	3.728590e-04
-4.437500e+00	3.661731e-04
-4.435000e+00	3.597546e-04
-4.432500e+00	3.535910e-04
-4.430000e+00	3.476712e-04
-4.427500e+00	3.419842e-04
-4.425000e+00	3.365199e-04
-4.422500e+00	3.312689e-04
-4.420000e+00	3.262221e-04
-4.417500e+00	3.213712e-04
-4.415000e+00	3.167080e-04
-4.412500e+00	3.122252e-04
-4.410000e+00	3.079156e-04
-4.407500e+00	3.037725e-04
-4.405000e+00	2.997896e-04
-4.402500e+00	2.959609e-04
-4.400000e+00	2.922807e-04
-4.397500e+00	2.887439e-04
-4.395000e+00	2.853452e-04
-4.392500e+00	2.820799e-04
-4.390000e+00	2.789437e-04
-4.387500e+00	2.759321e-04
-4.385000e+00	2.730411e-04
-4.382500e+00	2.702671e-04
-4.380000e+00	2.676063e-04
-4.377500e+00	2.650554e-04
-4.375000e+00	2.626112e-04
-4.372500e+00	2.602707e-04
-4.370000e+00	2.580309e-04
-4.367500e+00	2.558893e-04
-4.365000e+00	2.538433e-04
-4.362500e+00	2.518905e-04
-4.360000e+00	2.500286e-04
-4.357500e+00	2.482556e-04
-4.355000e+00	2.465694e-04
-4.352500e+00	2.449683e-04
-4.350000e+00	2.434504e-04
-4.347500e+00	2.420143e-04
-4.345000e+00	2.406583e-04
-4.342500e+00	2.393810e-04
-4.340000e+00	2.381813e-04
-4.337500e+00	2.370579e-04
-4.335000e+00	2.360097e-04
-4.332500e+00	2.350357e-04
-4.330000e+00	2.341352e-04
-4.327500e+00	2.333071e-04
-4.325000e+00	2.325509e-04
-4.322500e+00	2.318660e-04
-4.320000e+00	2.312518e-04
-4.317500e+00	2.307078e-04
-4.315000e+00	2.302338e-04
-4.312500e+00	2.298294e-04
-4.310000e+00	2.294946e-04
-4.307500e+00	2.292291e-04
-4.305000e+00	2.290331e-04
-4.302500e+00	2.289066e-04
-4.300000e+00	2.288497e-04
-4.297500e+00	2.288628e-04
-4.295000e+00	2.289462e-04
-4.292500e+00	2.291003e-04
-4.290000e+00	2.293257e-04
-4.287500e+00	2.296231e-04
-4.285000e+00	2.299931e-04
-4.282500e+00	2.304367e-04
-4.280000e+00	2.309546e-04
-4.277500e+00	2.315481e-04
-4.275000e+00	2.322182e-04
-4.272500e+00	2.329663e-04
-4.270000e+00	2.337937e-04
-4.267500e+00	2.347019e-04
-4.265000e+00	2.356925e-04
-4.262500e+00	2.367675e-04
-4.260000e+00	2.379285e-04
-4.257500e+00	2.391778e-04
-4.255000e+00	2.405176e-04
-4.252500e+00	2.419501e-04
-4.250000e+00	2.434781e-04
-4.247500e+00	2.451041e-04
-4.245000e+00	2.468311e-04
-4.242500e+00	2.486622e-04
-4.240000e+00	2.506008e-04
-4.237500e+00	2.526504e-04
-4.235000e+00	2.548147e-04
-4.232500e+00	2.570979e-04
-4.230000e+00	2.595042e-04
-4.227500e+00	2.620382e-04
-4.225000e+00	2.647049e-04
-4.222500e+00	2.675093e-04
-4.220000e+00	2.704572e-04
-4.217500e+00	2.735545e-04
-4.215000e+00	2.768075e-04
-4.212500e+00	2.802229e-04
-4.210000e+00	2.838080e-04
-4.207500e+00	2.875706e-04
-4.205000e+00	2.915188e-04
-4.202500e+00	2.956615e-04
-4.200000e+00	3.000082e-04
-4.197500e+00	3.045689e-04
-4.195000e+00	3.093544e-04
-4.192500e+00	3.143765e-04
-4.190000e+00	3.196474e-04
-4.187500e+00	3.251806e-04
-4.185000e+00	3.309904e-04
-4.182500e+00	3.370923e-04
-4.180000e+00	3.435028e-04
-4.177500e+00	3.502399e-04
-4.175000e+00	3.573228e-04
-4.172500e+00	3.647724e-04
-4.170000e+00	3.726111e-04
-4.167500e+00	3.808633e-04
-4.165000e+00	3.895554e-04
-4.162500e+00	3.987158e-04
-4.160000e+00	4.083756e-04
-4.157500e+00	4.185686e-04
-4.155000e+00	4.293313e-04
-4.152500e+00	4.407037e-04
-4.150000e+00	4.527295e-04
-4.147500e+00	4.654563e-04
-4.145000e+00	4.789364e-04
-4.142500e+00	4.932268e-04
-4.140000e+00	5.083905e-04
-4.137500e+00	5.244966e-04
-4.135000e+00	5.416212e-04
-4.132500e+00	5.598485e-04
-4.130000e+00	5.792715e-04
-4.127500e+00	5.999935e-04
-4.125000e+00	6.221289e-04
-4.122500e+00	6.458054e-04
-4.120000e+00	6.711654e-04
-4.117500e+00	6.983681e-04
-4.115000e+00	7.275922e-04
-4.112500e+00	7.590384e-04
-4.110000e+00	7.929333e-04
-4.107500e+00	8.295328e-04
-4.105000e+00	8.691272e-04
-4.102500e+00	9.120470e-04
-4.100000e+00	9.586692e-04
-4.097500e+00	1.009426e-03
-4.095000e+00	1.064813e-03
-4.092500e+00	1.125405e-03
-4.090000e+00	1.191865e-03
-4.087500e+00	1.264968e-03
-4.085000e+00	1.345616e-03
-4.082500e+00	1.434874e-03
-4.080000e+00	1.533995e-03
-4.077500e+00	1.644471e-03
-4.075000e+00	1.768082e-03
-4.072500e+00	1.906969e-03
-4.070000e+00	2.063722e-03
-4.067500e+00	2.241497e-03
-4.065000e+00	2.444170e-03
-4.062500e+00	2.676541e-03
-4.060000e+00	2.944600e-03
-4.057500e+00	3.255905e-03
-4.055000e+00	3.620073e-03
-4.052500e+00	4.049490e-03
-4.050000e+00	4.560280e-03
-4.047500e+00	5.173704e-03
-4.045000e+00	5.918156e-03
-4.042500e+00	6.832091e-03
-4.040000e+00	7.968307e-03
-4.037500e+00	9.400302e-03
-4.035000e+00	1.123164e-02
-4.032500e+00	1.360945e-02
-4.030000e+00	1.674271e-02
-4.027500e+00	2.092260e-02
-4.025000e+00	2.652987e-02
-4.022500e+00	3.397664e-02
-4.020000e+00	4.344189e-02
-4.017500e+00	5.416676e-02
-4.015000e+00	6.343867e-02
-4.012500e+00	6.699193e-02
-4.010000e+00	6.267987e-02
-4.007500e+00	5.307007e-02
-4.005000e+00	4.238878e-02
-4.002500e+00	3.311927e-02
-4.000000e+00	2.587665e-02
-3.997500e+00	2.043487e-02
-3.995000e+00	1.637808e-02
-3.992500e+00	1.333384e-02
-3.990000e+00	1.102021e-02
-3.987500e+00	9.235480e-03
-3.985000e+00	7.837748e-03
-3.982500e+00	6.727074e-03
-3.980000e+00	5.832450e-03
-3.977500e+00	5.102796e-03
-3.975000e+00	4.500858e-03
-3.972500e+00	3.999087e-03
-3.970000e+00	3.576828e-03
-3.967500e+00	3.218396e-03
-3.965000e+00	2.911728e-03
-3.962500e+00	2.647444e-03
-3.960000e+00	2.418171e-03
-3.957500e+00	2.218051e-03
-3.955000e+00	2.042394e-03
-3.952500e+00	1.887403e-03
-3.950000e+00	1.749988e-03
-3.947500e+00	1.627608e-03
-3.945000e+00	1.518164e-03
-3.942500e+00	1.419908e-03
-3.940000e+00	1.331376e-03
-3.937500e+00	1.251333e-03
-3.935000e+00	1.178736e-03
-3.932500e+00	1.112693e-03
-3.930000e+00	1.052444e-03
-3.927500e+00	9.973336e-04
-3.925000e+00	9.467981e-04
-3.922500e+00	9.003474e-04
-3.920000e+00	8.575555e-04
-3.917500e+00	8.180504e-04
-3.915000e+00	7.815060e-04
-3.912500e+00	7.476357e-04
-3.910000e+00	7.161865e-04
-3.907500e+00	6.869348e-04
-3.905000e+00	6.596820e-04
-3.902500e+00	6.342515e-04
-3.900000e+00	6.104858e-04
-3.897500e+00	5.882440e-04
-3.895000e+00	5.673999e-04
-3.892500e+00	5.478399e-04
-3.890000e+00	5.294618e-04
-3.887500e+00	5.121735e-04
-3.885000e+00	4.958916e-04
-3.882500e+00	4.805406e-04
-3.880000e+00	4.660518e-04
-3.877500e+00	4.523630e-04
-3.875000e+00	4.394172e-04
-3.872500e+00	4.271628e-04
-3.870000e+00	4.155523e-04
-3.867500e+00	4.045424e-04
-3.865000e+00	3.940933e-04
-3.862500e+00	3.841686e-04
-3.860000e+00	3.747346e-04
-3.857500e+00	3.657604e-04
-3.855000e+00	3.572177e-04
-3.852500e+00	3.490801e-04
-3.850000e+00	3.413233e-04
-3.847500e+00	3.339248e-04
-3.845000e+00	3.268638e-04
-3.842500e+00	3.201210e-04
-3.840000e+00	3.136785e-04
-3.837500e+00	3.075195e-04
-3.835000e+00	3.016286e-04
-3.832500e+00	2.959914e-04
-3.830000e+00	2.905943e-04
-3.827500e+00	2.854249e-04
-3.825000e+00	2.804713e-04
-3.822500e+00	2.757227e-04
-3.820000e+00	2.711688e-04
-3.817500e+00	2.667999e-04
-3.815000e+00	2.626070e-04
-3.812500e+00	2.585818e-04
-3.810000e+00	2.547163e-04
-3.807500e+00	2.510031e-04
-3.805000e+00	2.474351e-04
-3.802500e+00	2.440059e-04
-3.800000e+00	2.407091e-04
-3.797500e+00	2.375391e-04
-3.795000e+00	2.344902e-04
-3.792500e+00	2.315574e-04
-3.790000e+00	2.287357e-04
-3.787500e+00	2.260206e-04
-3.785000e+00	2.234076e-04
-3.782500e+00	2.208927e-04
-3.780000e+00	2.184720e-04
-3.777500e+00	2.161418e-04
-3.775000e+00	2.138986e-04
-3.772500e+00	2.117391e-04
-3.770000e+00	2.096603e-04
-3.767500e+00	2.076591e-04
-3.765000e+00	2.057327e-04
-3.762500e+00	2.038785e-04
-3.760000e+00	2.020940e-04
-3.757500e+00	2.003768e-04
-3.755000e+00	1.987247e-04
-3.752500e+00	1.971353e-04
-3.750000e+00	1.956069e-04
-3.747500e+00	1.941373e-04
-3.745000e+00	1.927247e-04
-3.742500e+00	1.913674e-04
-3.740000e+00	1.900638e-04
-3.737500e+00	1.888123e-04
-3.735000e+00	1.876112e-04
-3.732500e+00	1.864594e-04
-3.730000e+00	1.853553e-04
-3.727500e+00	1.842977e-04
-3.725000e+00	1.832854e-04
-3.722500e+00	1.823172e-04
-3.720000e+00	1.813921e-04
-3.717500e+00	1.805089e-04
-3.715000e+00	1.796667e-04
-3.712500e+00	1.788647e-04
-3.710000e+00	1.781017e-04
-3.707500e+00	1.773772e-04
-3.705000e+00	1.766901e-04
-3.702500e+00	1.760399e-04
-3.700000e+00	1.754258e-04
-3.697500e+00	1.748471e-04
-3.695000e+00	1.743032e-04
-3.692500e+00	1.737935e-04
-3.690000e+00	1.733175e-04
-3.687500e+00	1.728747e-04
-3.685000e+00	1.724645e-04
-3.682500e+00	1.720865e-04
-3.680000e+00	1.717403e-04
-3.677500e+00	1.714256e-04
-3.675000e+00	1.711419e-04
-3.672500e+00	1.708889e-04
-3.670000e+00	1.706665e-04
-3.667500e+00	1.704742e-04
-3.665000e+00	1.703118e-04
-3.662500e+00	1.701792e-04
-3.660000e+00	1.700762e-04
-3.657500e+00	1.700025e-04
-3.655000e+00	1.699582e-04
-3.652500e+00	1.699430e-04
-3.650000e+00	1.699570e-04
-3.647500e+00	1.700000e-04
-3.645000e+00	1.700721e-04
-3.642500e+00	1.701732e-04
-3.640000e+00	1.703035e-04
-3.637500e+00	1.704628e-04
-3.635000e+00	1.706514e-04
-3.632500e+00	1.708694e-04
-3.630000e+00	1.711168e-04
-3.627500e+00	1.713939e-04
-3.625000e+00	1.717009e-04
-3.622500e+00	1.720379e-04
-3.620000e+00	1.724052e-04
-3.617500e+00	1.728032e-04
-3.615000e+00	1.732321e-04
-3.612500e+00	1.736922e-04
-3.610000e+00	1.741840e-04
-3.607500e+00	1.747078e-04
-3.605000e+00	1.752641e-04
-3.602500e+00	1.758533e-04
-3.600000e+00	1.764760e-04
-3.597500e+00	1.771326e-04
-3.595000e+00	1.778239e-04
-3.592500e+00	1.785503e-04
-3.590000e+00	1.793126e-04
-3.587500e+00	1.801114e-04
-3.585000e+00	1.809475e-04
-3.582500e+00	1.818216e-04
-3.580000e+00	1.827347e-04
-3.577500e+00	1.836875e-04
-3.575000e+00	1.846811e-04
-3.572500e+00	1.857163e-04
-3.570000e+00	1.867943e-04
-3.567500e+00	1.879161e-04
-3.565000e+00	1.890829e-04
-3.562500e+00	1.902959e-04
-3.560000e+00	1.915564e-04
-3.557500e+00	1.928658e-04
-3.555000e+00	1.942254e-04
-3.552500e+00	1.956369e-04
-3.550000e+00	1.971017e-04
-3.547500e+00	1.986216e-04
-3.545000e+00	2.001984e-04
-3.542500e+00	2.018338e-04
-3.540000e+00	2.035300e-04
-3.537500e+00	2.052888e-04
-3.535000e+00	2.071126e-04
-3.532500e+00	2.090037e-04
-3.530000e+00	2.109644e-04
-3.527500e+00	2.129974e-04
-3.525000e+00	2.151054e-04
-3.522500e+00	2.172912e-04
-3.520000e+00	2.195579e-04
-3.517500e+00	2.219087e-04
-3.515000e+00	2.243470e-04
-3.512500e+00	2.268764e-04
-3.510000e+00	2.295007e-04
-3.507500e+00	2.322239e-04
-3.505000e+00	2.350503e-04
-3.502500e+00	2.379844e-04
-3.500000e+00	2.410311e-04
-3.497500e+00	2.441954e-04
-3.495000e+00	2.474827e-04
-3.492500e+00	2.508989e-04
-3.490000e+00	2.544500e-04
-3.487500e+00	2.581426e-04
-3.485000e+00	2.619837e-04
-3.482500e+00	2.659805e-04
-3.480000e+00	2.701412e-04
-3.477500e+00	2.744740e-04
-3.475000e+00	2.789880e-04
-3.472500e+00	2.836928e-04
-3.470000e+00	2.885988e-04
-3.467500e+00	2.937170e-04
-3.465000e+00	2.990593e-04
-3.462500e+00	3.046384e-04
-3.460000e+00	3.104680e-04
-3.457500e+00	3.165626e-04
-3.455000e+00	3.229383e-04
-3.452500e+00	3.296120e-04
-3.450000e+00	3.366021e-04
-3.447500e+00	3.439286e-04
-3.445000e+00	3.516127e-04
-3.442500e+00	3.596779e-04
-3.440000e+00	3.681494e-04
-3.437500e+00	3.770545e-04
-3.435000e+00	3.864229e-04
-3.432500e+00	3.962870e-04
-3.430000e+00	4.066822e-04
-3.427500e+00	4.176469e-04
-3.425000e+00	4.292232e-04
-3.422500e+00	4.414573e-04
-3.420000e+00	4.543998e-04
-3.417500e+00	4.681062e-04
-3.415000e+00	4.826377e-04
-3.412500e+00	4.980618e-04
-3.410000e+00	5.144530e-04
-3.407500e+00	5.318939e-04
-3.405000e+00	5.504759e-04
-3.402500e+00	5.703009e-04
-3.400000e+00	5.914822e-04
-3.397500e+00	6.141466e-04
-3.395000e+00	6.384360e-04
-3.392500e+00	6.645095e-04
-3.390000e+00	6.925464e-04
-3.387500e+00	7.227491e-04
-3.385000e+00	7.553466e-04
-3.382500e+00	7.905990e-04
-3.380000e+00	8.288028e-04
-3.377500e+00	8.702968e-04
-3.375000e+00	9.154697e-04
-3.372500e+00	9.647693e-04
-3.370000e+00	1.018713e-03
-3.367500e+00	1.077903e-03
-3.365000e+00	1.143039e-03
-3.362500e+00	1.214943e-03
-3.360000e+00	1.294583e-03
-3.357500e+00	1.383105e-03
-3.355000e+00	1.481873e-03
-3.352500e+00	1.592520e-03
-3.350000e+00	1.717017e-03
-3.347500e+00	1.857756e-03
-3.345000e+00	2.017660e-03
-3.342500e+00	2.200333e-03
-3.340000e+00	2.410254e-03
-3.337500e+00	2.653038e-03
-3.335000e+00	2.935799e-03
-3.332500e+00	3.267635e-03
-3.330000e+00	3.660321e-03
-3.327500e+00	4.129273e-03
-3.325000e+00	4.694932e-03
-3.322500e+00	5.384773e-03
-3.320000e+00	6.236231e-03
-3.317500e+00	7.301035e-03
-3.315000e+00	8.651609e-03
-3.312500e+00	1.039045e-02
-3.310000e+00	1.266339e-02
-3.307500e+00	1.567645e-02
-3.305000e+00	1.971080e-02
-3.302500e+00	2.511278e-02
-3.300000e+00	3.218681e-02
-3.297500e+00	4.082743e-02
-3.295000e+00	4.973681e-02
-3.292500e+00	5.582308e-02
-3.290000e+00	5.580101e-02
-3.287500e+00	4.968475e-02
-3.285000e+00	4.077021e-02
-3.282500e+00	3.213898e-02
-3.280000e+00	2.507792e-02
-3.277500e+00	1.968761e-02
-3.275000e+00	1.566255e-02
-3.272500e+00	1.265668e-02
-3.270000e+00	1.038931e-02
-3.267500e+00	8.654895e-03
-3.265000e+00	7.307949e-03
-3.262500e+00	6.246209e-03
-3.260000e+00	5.397417e-03
-3.257500e+00	4.709959e-03
-3.255000e+00	4.146478e-03
-3.252500e+00	3.679556e-03
-3.250000e+00	3.288790e-03
-3.247500e+00	2.958793e-03
-3.245000e+00	2.677813e-03
-3.242500e+00	2.436765e-03
-3.240000e+00	2.228551e-03
-3.237500e+00	2.047561e-03
-3.235000e+00	1.889326e-03
-3.232500e+00	1.750246e-03
-3.230000e+00	1.627404e-03
-3.227500e+00	1.518410e-03
-3.225000e+00	1.421299e-03
-3.222500e+00	1.334438e-03
-3.220000e+00	1.256466e-03
-3.217500e+00	1.186239e-03
-3.215000e+00	1.122792e-03
-3.212500e+00	1.065304e-03
-3.210000e+00	1.013076e-03
-3.207500e+00	9.655081e-04
-3.205000e+00	9.220836e-04
-3.202500e+00	8.823562e-04
-3.200000e+00	8.459384e-04
-3.197500e+00	8.124925e-04
-3.195000e+00	7.817233e-04
-3.192500e+00	7.533719e-04
-3.190000e+00	7.272103e-04
-3.187500e+00	7.030372e-04
-3.185000e+00	6.806748e-04
-3.182500e+00	6.599648e-04
-3.180000e+00	6.407666e-04
-3.177500e+00	6.229547e-04
-3.175000e+00	6.064170e-04
-3.172500e+00	5.910530e-04
-3.170000e+00	5.767723e-04
-3.167500e+00	5.634939e-04
-3.165000e+00	5.511445e-04
-3.162500e+00	5.396582e-04
-3.160000e+00	5.289752e-04
-3.157500e+00	5.190415e-04
-3.155000e+00	5.098080e-04
-3.152500e+00	5.012302e-04
-3.150000e+00	4.932678e-04
-3.147500e+00	4.858839e-04
-3.145000e+00	4.790451e-04
-3.142500e+00	4.727209e-04
-3.140000e+00	4.668834e-04
-3.137500e+00	4.615075e-04
-3.135000e+00	4.565698e-04
-3.132500e+00	4.520495e-04
-3.130000e+00	4.479273e-04
-3.127500e+00	4.441857e-04
-3.125000e+00	4.408089e-04
-3.122500e+00	4.377823e-04
-3.120000e+00	4.350930e-04
-3.117500e+00	4.327289e-04
-3.115000e+00	4.306795e-04
-3.112500e+00	4.289351e-04
-3.110000e+00	4.274871e-04
-3.107500e+00	4.263279e-04
-3.105000e+00	4.254506e-04
-3.102500e+00	4.248493e-04
-3.100000e+00	4.245191e-04
-3.097500e+00	4.244554e-04
-3.095000e+00	4.246547e-04
-3.092500e+00	4.251141e-04
-3.090000e+00	4.258314e-04
-3.087500e+00	4.268051e-04
-3.085000e+00	4.280342e-04
-3.082500e+00	4.295185e-04
-3.080000e+00	4.312585e-04
-3.077500e+00	4.332551e-04
-3.075000e+00	4.355099e-04
-3.072500e+00	4.380253e-04
-3.070000e+00	4.408041e-04
-3.067500e+00	4.438499e-04
-3.065000e+00	4.471670e-04
-3.062500e+00	4.507601e-04
-3.060000e+00	4.546349e-04
-3.057500e+00	4.587976e-04
-3.055000e+00	4.632553e-04
-3.052500e+00	4.680157e-04
-3.050000e+00	4.730875e-04
-3.047500e+00	4.784800e-04
-3.045000e+00	4.842036e-04
-3.042500e+00	4.902697e-04
-3.040000e+00	4.966903e-04
-3.037500e+00	5.034788e-04
-3.035000e+00	5.106497e-04
-3.032500e+00	5.182185e-04
-3.030000e+00	5.262022e-04
-3.027500e+00	5.346191e-04
-3.025000e+00	5.434888e-04
-3.022500e+00	5.528327e-04
-3.020000e+00	5.626738e-04
-3.017500e+00	5.730371e-04
-3.015000e+00	5.839495e-04
-3.012500e+00	5.954399e-04
-3.010000e+00	6.075398e-04
-3.007500e+00	6.202833e-04
-3.005000e+00	6.337071e-04
-3.002500e+00	6.478510e-04
-3.000000e+00	6.627583e-04
-2.997500e+00	6.784759e-04
-2.995000e+00	6.950546e-04
-2.992500e+00	7.125498e-04
-2.990000e+00	7.310217e-04
-2.987500e+00	7.505359e-04
-2.985000e+00	7.711640e-04
-2.982500e+00	7.929841e-04
-2.980000e+00	8.160818e-04
-2.977500e+00	8.405506e-04
-2.975000e+00	8.664934e-04
-2.972500e+00	8.940229e-04
-2.970000e+00	9.232634e-04
-2.967500e+00	9.543518e-04
-2.965000e+00	9.874394e-04
-2.962500e+00	1.022693e-03
-2.960000e+00	1.060299e-03
-2.957500e+00	1.100464e-03
-2.955000e+00	1.143415e-03
-2.952500e+00	1.189411e-03
-2.950000e+00	1.238737e-03
-2.947500e+00	1.291714e-03
-2.945000e+00	1.348705e-03
-2.942500e+00	1.410115e-03
-2.940000e+00	1.476406e-03
-2.937500e+00	1.548099e-03
-2.935000e+00	1.625789e-03
-2.932500e+00	1.710154e-03
-2.930000e+00	1.801969e-03
-2.927500e+00	1.902128e-03
-2.925000e+00	2.011661e-03
-2.922500e+00	2.131761e-03
-2.920000e+00	2.263818e-03
-2.917500e+00	2.409454e-03
-2.915000e+00	2.570578e-03
-2.912500e+00	2.749443e-03
-2.910000e+00	2.948722e-03
-2.907500e+00	3.171611e-03
-2.905000e+00	3.421946e-03
-2.902500e+00	3.704371e-03
-2.900000e+00	4.024541e-03
-2.897500e+00	4.389398e-03
-2.895000e+00	4.807534e-03
-2.892500e+00	5.289670e-03
-2.890000e+00	5.849320e-03
-2.887500e+00	6.503678e-03
-2.885000e+00	7.274868e-03
-2.882500e+00	8.191680e-03
-2.880000e+00	9.292043e-03
-2.877500e+00	1.062659e-02
-2.875000e+00	1.226382e-02
-2.872500e+00	1.429774e-02
-2.870000e+00	1.685910e-02
-2.867500e+00	2.013205e-02
-2.865000e+00	2.437813e-02
-2.862500e+00	2.996895e-02
-2.860000e+00	3.742320e-02
-2.857500e+00	4.742269e-02
-2.855000e+00	6.071769e-02
-2.852500e+00	7.767738e-02
-2.850000e+00	9.706340e-02
-2.847500e+00	1.141762e-01
-2.845000e+00	1.213191e-01
-2.842500e+00	1.142072e-01
-2.840000e+00	9.710865e-02
-2.837500e+00	7.772183e-02
-2.835000e+00	6.075532e-02
-2.832500e+00	4.745319e-02
-2.830000e+00	3.744809e-02
-2.827500e+00	2.998991e-02
-2.825000e+00	2.439651e-02
-2.822500e+00	2.014883e-02
-2.820000e+00	1.687499e-02
-2.817500e+00	1.431322e-02
-2.815000e+00	1.227924e-02
-2.812500e+00	1.064221e-02
-2.810000e+00	9.308042e-03
-2.807500e+00	8.208195e-03
-2.805000e+00	7.292002e-03
-2.802500e+00	6.521511e-03
-2.800000e+00	5.867914e-03
-2.797500e+00	5.309076e-03
-2.795000e+00	4.827793e-03
-2.792500e+00	4.410546e-03
-2.790000e+00	4.046606e-03
-2.787500e+00	3.727381e-03
-2.785000e+00	3.445923e-03
-2.782500e+00	3.196577e-03
-2.780000e+00	2.974697e-03
-2.777500e+00	2.776445e-03
-2.775000e+00	2.598625e-03
-2.772500e+00	2.438564e-03
-2.770000e+00	2.294008e-03
-2.767500e+00	2.163048e-03
-2.765000e+00	2.044062e-03
-2.762500e+00	1.935661e-03
-2.760000e+00	1.836651e-03
-2.757500e+00	1.746002e-03
-2.755000e+00	1.662822e-03
-2.752500e+00	1.586335e-03
-2.750000e+00	1.515864e-03
-2.747500e+00	1.450815e-03
-2.745000e+00	1.390667e-03
-2.742500e+00	1.334961e-03
-2.740000e+00	1.283288e-03
-2.737500e+00	1.235290e-03
-2.735000e+00	1.190646e-03
-2.732500e+00	1.149069e-03
-2.730000e+00	1.110305e-03
-2.727500e+00	1.074125e-03
-2.725000e+00	1.040323e-03
-2.722500e+00	1.008717e-03
-2.720000e+00	9.791382e-04
-2.717500e+00	9.514377e-04
-2.715000e+00	9.254795e-04
-2.712500e+00	9.011407e-04
-2.710000e+00	8.783096e-04
-2.707500e+00	8.568850e-04
-2.705000e+00	8.367745e-04
-2.702500e+00	8.178942e-04
-2.700000e+00	8.001674e-04
-2.697500e+00	7.835242e-04
-2.695000e+00	7.679008e-04
-2.692500e+00	7.532385e-04
-2.690000e+00	7.394841e-04
-2.687500e+00	7.265885e-04
-2.685000e+00	7.145069e-04
-2.682500e+00	7.031983e-04
-2.680000e+00	6.926251e-04
-2.677500e+00	6.827529e-04
-2.675000e+00	6.735501e-04
-2.672500e+00	6.649880e-04
-2.670000e+00	6.570403e-04
-2.667500e+00	6.496830e-04
-2.665000e+00	6.428943e-04
-2.662500e+00	6.366544e-04
-2.660000e+00	6.309454e-04
-2.657500e+00	6.257510e-04
-2.655000e+00	6.210570e-04
-2.652500e+00	6.168503e-04
-2.650000e+00	6.131197e-04
-2.647500e+00	6.098551e-04
-2.645000e+00	6.070481e-04
-2.642500e+00	6.046914e-04
-2.640000e+00	6.027791e-04
-2.637500e+00	6.013066e-04
-2.635000e+00	6.002705e-04
-2.632500e+00	5.996684e-04
-2.630000e+00	5.994996e-04
-2.627500e+00	5.997641e-04
-2.625000e+00	6.004633e-04
-2.622500e+00	6.016000e-04
-2.620000e+00	6.031780e-04
-2.617500e+00	6.052023e-04
-2.615000e+00	6.076795e-04
-2.612500e+00	6.106172e-04
-2.610000e+00	6.140247e-04
-2.607500e+00	6.179124e-04
-2.605000e+00	6.222924e-04
-2.602500e+00	6.271785e-04
-2.600000e+00	6.325858e-04
-2.597500e+00	6.385316e-04
-2.595000e+00	6.450348e-04
-2.592500e+00	6.521165e-04
-2.590000e+00	6.597997e-04
-2.587500e+00	6.681101e-04
-2.585000e+00	6.770756e-04
-2.582500e+00	6.867268e-04
-2.580000e+00	6.970976e-04
-2.577500e+00	7.082247e-04
-2.575000e+00	7.201485e-04
-2.572500e+00	7.329131e-04
-2.570000e+00	7.465669e-04
-2.567500e+00	7.611628e-04
-2.565000e+00	7.767589e-04
-2.562500e+00	7.934186e-04
-2.560000e+00	8.112117e-04
-2.557500e+00	8.302148e-04
-2.555000e+00	8.505120e-04
-2.552500e+00	8.721959e-04
-2.550000e+00	8.953685e-04
-2.547500e+00	9.201424e-04
-2.545000e+00	9.466421e-04
-2.542500e+00	9.750052e-04
-2.540000e+00	1.005384e-03
-2.537500e+00	1.037949e-03
-2.535000e+00	1.072888e-03
-2.532500e+00	1.110412e-03
-2.530000e+00	1.150756e-03
-2.527500e+00	1.194183e-03
-2.525000e+00	1.240990e-03
-2.522500e+00	1.291509e-03
-2.520000e+00	1.346117e-03
-2.517500e+00	1.405240e-03
-2.515000e+00	1.469360e-03
-2.512500e+00	1.539030e-03
-2.510000e+00	1.614877e-03
-2.507500e+00	1.697624e-03
-2.505000e+00	1.788102e-03
-2.502500e+00	1.887271e-03
-2.500000e+00	1.996246e-03
-2.497500e+00	2.116325e-03
-2.495000e+00	2.249029e-03
-2.492500e+00	2.396147e-03
-2.490000e+00	2.559797e-03
-2.487500e+00	2.742496e-03
-2.485000e+00	2.947258e-03
-2.482500e+00	3.177709e-03
-2.480000e+00	3.438247e-03
-2.477500e+00	3.734243e-03
-2.475000e+00	4.072305e-03
-2.472500e+00	4.460631e-03
-2.470000e+00	4.909485e-03
-2.467500e+00	5.431840e-03
-2.465000e+00	6.044260e-03
-2.462500e+00	6.768129e-03
-2.460000e+00	7.631382e-03
-2.457500e+00	8.670969e-03
-2.455000e+00	9.936419e-03
-2.452500e+00	1.149504e-02
-2.450000e+00	1.343960e-02
-2.447500e+00	1.589966e-02
-2.445000e+00	1.905824e-02
-2.442500e+00	2.317568e-02
-2.440000e+00	2.862079e-02
-2.437500e+00	3.590202e-02
-2.435000e+00	4.566410e-02
-2.432500e+00	5.853733e-02
-2.430000e+00	7.456278e-02
-2.427500e+00	9.183940e-02
-2.425000e+00	1.050725e-01
-2.422500e+00	1.075369e-01
-2.420000e+00	9.770828e-02
-2.417500e+00	8.115261e-02
-2.415000e+00	6.426488e-02
-2.412500e+00	5.013683e-02
-2.410000e+00	3.925853e-02
-2.407500e+00	3.111881e-02
-2.405000e+00	2.504600e-02
-2.402500e+00	2.047552e-02
-2.400000e+00	1.698877e-02
-2.397500e+00	1.428837e-02
-2.395000e+00	1.216529e-02
-2.392500e+00	1.047205e-02
-2.390000e+00	9.103549e-03
-2.387500e+00	7.983919e-03
-2.385000e+00	7.057630e-03
-2.382500e+00	6.283466e-03
-2.380000e+00	5.630422e-03
-2.377500e+00	5.074872e-03
-2.375000e+00	4.598595e-03
-2.372500e+00	4.187381e-03
-2.370000e+00	3.830026e-03
-2.367500e+00	3.517613e-03
-2.365000e+00	3.242980e-03
-2.362500e+00	3.000322e-03
-2.360000e+00	2.784900e-03
-2.357500e+00	2.592814e-03
-2.355000e+00	2.420835e-03
-2.352500e+00	2.266268e-03
-2.350000e+00	2.126854e-03
-2.347500e+00	2.000685e-03
-2.345000e+00	1.886146e-03
-2.342500e+00	1.781856e-03
-2.340000e+00	1.686635e-03
-2.337500e+00	1.599466e-03
-2.335000e+00	1.519471e-03
-2.332500e+00	1.445888e-03
-2.330000e+00	1.378053e-03
-2.327500e+00	1.315385e-03
-2.325000e+00	1.257377e-03
-2.322500e+00	1.203579e-03
-2.320000e+00	1.153597e-03
-2.317500e+00	1.107080e-03
-2.315000e+00	1.063719e-03
-2.312500e+00	1.023235e-03
-2.310000e+00	9.853825e-04
-2.307500e+00	9.499400e-04
-2.305000e+00	9.167091e-04
-2.302500e+00	8.855119e-04
-2.300000e+00	8.561875e-04
-2.297500e+00	8.285912e-04
-2.295000e+00	8.025917e-04
-2.292500e+00	7.780701e-04
-2.290000e+00	7.549186e-04
-2.287500e+00	7.330388e-04
-2.285000e+00	7.123414e-04
-2.282500e+00	6.927446e-04
-2.280000e+00	6.741737e-04
-2.277500e+00	6.565604e-04
-2.275000e+00	6.398419e-04
-2.272500e+00	6.239608e-04
-2.270000e+00	6.088640e-04
-2.267500e+00	5.945028e-04
-2.265000e+00	5.808322e-04
-2.262500e+00	5.678108e-04
-2.260000e+00	5.554003e-04
-2.257500e+00	5.435651e-04
-2.255000e+00	5.322724e-04
-2.252500e+00	5.214918e-04
-2.250000e+00	5.111949e-04
-2.247500e+00	5.013556e-04
-2.245000e+00	4.919493e-04
-2.242500e+00	4.829534e-04
-2.240000e+00	4.743467e-04
-2.237500e+00	4.661095e-04
-2.235000e+00	4.582233e-04
-2.232500e+00	4.506710e-04
-2.230000e+00	4.434365e-04
-2.227500e+00	4.365048e-04
-2.225000e+00	4.298618e-04
-2.222500e+00	4.234945e-04
-2.220000e+00	4.173906e-04
-2.217500e+00	4.115384e-04
-2.215000e+00	4.059273e-04
-2.212500e+00	4.005471e-04
-2.210000e+00	3.953884e-04
-2.207500e+00	3.904423e-04
-2.205000e+00	3.857005e-04
-2.202500e+00	3.811551e-04
-2.200000e+00	3.767988e-04
-2.197500e+00	3.726249e-04
-2.195000e+00	3.686269e-04
-2.192500e+00	3.647988e-04
-2.190000e+00	3.611350e-04
-2.187500e+00	3.576302e-04
-2.185000e+00	3.542797e-04
-2.182500e+00	3.510788e-04
-2.180000e+00	3.480233e-04
-2.177500e+00	3.451094e-04
-2.175000e+00	3.423333e-04
-2.172500e+00	3.396918e-04
-2.170000e+00	3.371818e-04
-2.167500e+00	3.348005e-04
-2.165000e+00	3.325455e-04
-2.162500e+00	3.304143e-04
-2.160000e+00	3.284051e-04
-2.157500e+00	3.265160e-04
-2.155000e+00	3.247455e-04
-2.152500e+00	3.230924e-04
-2.150000e+00	3.215556e-04
-2.147500e+00	3.201344e-04
-2.145000e+00	3.188281e-04
-2.142500e+00	3.176365e-04
-2.140000e+00	3.165596e-04
-2.137500e+00	3.155977e-04
-2.135000e+00	3.147512e-04
-2.132500e+00	3.140210e-04
-2.130000e+00	3.134081e-04
-2.127500e+00	3.129140e-04
-2.125000e+00	3.125403e-04
-2.122500e+00	3.122893e-04
-2.120000e+00	3.121632e-04
-2.117500e+00	3.121650e-04
-2.115000e+00	3.122979e-04
-2.112500e+00	3.125656e-04
-2.110000e+00	3.129723e-04
-2.107500e+00	3.135227e-04
-2.105000e+00	3.142221e-04
-2.102500e+00	3.150764e-04
-2.100000e+00	3.160921e-04
-2.097500e+00	3.172765e-04
-2.095000e+00	3.186378e-04
-2.092500e+00	3.201851e-04
-2.090000e+00	3.219282e-04
-2.087500e+00	3.238784e-04
-2.085000e+00	3.260480e-04
-2.082500e+00	3.284506e-04
-2.080000e+00	3.311016e-04
-2.077500e+00	3.340178e-04
-2.075000e+00	3.372181e-04
-2.072500e+00	3.407235e-04
-2.070000e+00	3.445576e-04
-2.067500e+00	3.487464e-04
-2.065000e+00	3.533196e-04
-2.062500e+00	3.583099e-04
-2.060000e+00	3.637546e-04
-2.057500e+00	3.696955e-04
-2.055000e+00	3.761798e-04
-2.052500e+00	3.832611e-04
-2.050000e+00	3.910003e-04
-2.047500e+00	3.994667e-04
-2.045000e+00	4.087396e-04
-2.042500e+00	4.189099e-04
-2.040000e+00	4.300823e-04
-2.037500e+00	4.423776e-04
-2.035000e+00	4.559362e-04
-2.032500e+00	4.709215e-04
-2.030000e+00	4.875247e-04
-2.027500e+00	5.059708e-04
-2.025000e+00	5.265256e-04
-2.022500e+00	5.495050e-04
-2.020000e+00	5.752869e-04
-2.017500e+00	6.043254e-04
-2.015000e+00	6.371707e-04
-2.012500e+00	6.744938e-04
-2.010000e+00	7.171190e-04
-2.007500e+00	7.660679e-04
-2.005000e+00	8.226171e-04
-2.002500e+00	8.883772e-04
-2.000000e+00	9.654011e-04
-1.997500e+00	1.056334e-03
-1.995000e+00	1.164623e-03
-1.992500e+00	1.294818e-03
-1.990000e+00	1.453003e-03
-1.987500e+00	1.647425e-03
-1.985000e+00	1.889422e-03
-1.982500e+00	2.194791e-03
-1.980000e+00	2.585812e-03
-1.977500e+00	3.094149e-03
-1.975000e+00	3.764748e-03
-1.972500e+00	4.660052e-03
-1.970000e+00	5.861019e-03
-1.967500e+00	7.452924e-03
-1.965000e+00	9.464546e-03
-1.962500e+00	1.171202e-02
-1.960000e+00	1.359068e-02
-1.957500e+00	1.420761e-02
-1.955000e+00	1.318674e-02
-1.952500e+00	1.112803e-02
-1.950000e+00	8.903815e-03
-1.947500e+00	6.996796e-03
-1.945000e+00	5.514101e-03
-1.942500e+00	4.401770e-03
-1.940000e+00	3.572492e-03
-1.937500e+00	2.949742e-03
-1.935000e+00	2.475988e-03
-1.932500e+00	2.110174e-03
-1.930000e+00	1.823420e-03
-1.927500e+00	1.595383e-03
-1.925000e+00	1.411593e-03
-1.922500e+00	1.261629e-03
-1.920000e+00	1.137886e-03
-1.917500e+00	1.034730e-03
-1.915000e+00	9.479346e-04
-1.912500e+00	8.742868e-04
-1.910000e+00	8.113132e-04
-1.907500e+00	7.570888e-04
-1.905000e+00	7.100989e-04
-1.902500e+00	6.691400e-04
-1.900000e+00	6.332466e-04
-1.897500e+00	6.016380e-04
-1.895000e+00	5.736773e-04
-1.892500e+00	5.488413e-04
-1.890000e+00	5.266971e-04
-1.887500e+00	5.068840e-04
-1.885000e+00	4.891001e-04
-1.882500e+00	4.730906e-04
-1.880000e+00	4.586397e-04
-1.877500e+00	4.455637e-04
-1.875000e+00	4.337054e-04
-1.872500e+00	4.229293e-04
-1.870000e+00	4.131190e-04
-1.867500e+00	4.041730e-04
-1.865000e+00	3.960035e-04
-1.862500e+00	3.885335e-04
-1.860000e+00	3.816956e-04
-1.857500e+00	3.754306e-04
-1.855000e+00	3.696862e-04
-1.852500e+00	3.644163e-04
-1.850000e+00	3.595798e-04
-1.847500e+00	3.551403e-04
-1.845000e+00	3.510654e-04
-1.842500e+00	3.473259e-04
-1.840000e+00	3.438959e-04
-1.837500e+00	3.407520e-04
-1.835000e+00	3.378732e-04
-1.832500e+00	3.352407e-04
-1.830000e+00	3.328373e-04
-1.827500e+00	3.306476e-04
-1.825000e+00	3.286575e-04
-1.822500e+00	3.268545e-04
-1.820000e+00	3.252268e-04
-1.817500e+00	3.237641e-04
-1.815000e+00	3.224568e-04
-1.812500e+00	3.212961e-04
-1.810000e+00	3.202740e-04
-1.807500e+00	3.193834e-04
-1.805000e+00	3.186174e-04
-1.802500e+00	3.179701e-04
-1.800000e+00	3.174357e-04
-1.797500e+00	3.170092e-04
-1.795000e+00	3.166860e-04
-1.792500e+00	3.164615e-04
-1.790000e+00	3.163320e-04
-1.787500e+00	3.162937e-04
-1.785000e+00	3.163433e-04
-1.782500e+00	3.164777e-04
-1.780000e+00	3.166942e-04
-1.777500e+00	3.169901e-04
-1.775000e+00	3.173632e-04
-1.772500e+00	3.178111e-04
-1.770000e+00	3.183319e-04
-1.767500e+00	3.189239e-04
-1.765000e+00	3.195854e-04
-1.762500e+00	3.203148e-04
-1.760000e+00	3.211109e-04
-1.757500e+00	3.219724e-04
-1.755000e+00	3.228982e-04
-1.752500e+00	3.238872e-04
-1.750000e+00	3.249388e-04
-1.747500e+00	3.260519e-04
-1.745000e+00	3.272261e-04
-1.742500e+00	3.284606e-04
-1.740000e+00	3.297551e-04
-1.737500e+00	3.311090e-04
-1.735000e+00	3.325221e-04
-1.732500e+00	3.339941e-04
-1.730000e+00	3.355248e-04
-1.727500e+00	3.371141e-04
-1.725000e+00	3.387620e-04
-1.722500e+00	3.404685e-04
-1.720000e+00	3.422337e-04
-1.717500e+00	3.440576e-04
-1.715000e+00	3.459407e-04
-1.712500e+00	3.478830e-04
-1.710000e+00	3.498850e-04
-1.707500e+00	3.519470e-04
-1.705000e+00	3.540695e-04
-1.702500e+00	3.562530e-04
-1.700000e+00	3.584980e-04
-1.697500e+00	3.608051e-04
-1.695000e+00	3.631751e-04
-1.692500e+00	3.656086e-04
-1.690000e+00	3.681064e-04
-1.687500e+00	3.706693e-04
-1.685000e+00	3.732983e-04
-1.682500e+00	3.759942e-04
-1.680000e+00	3.787581e-04
-1.677500e+00	3.815911e-04
-1.675000e+00	3.844941e-04
-1.672500e+00	3.874685e-04
-1.670000e+00	3.905155e-04
-1.667500e+00	3.936362e-04
-1.665000e+00	3.968322e-04
-1.662500e+00	4.001048e-04
-1.660000e+00	4.034555e-04
-1.657500e+00	4.068858e-04
-1.655000e+00	4.103973e-04
-1.652500e+00	4.139918e-04
-1.650000e+00	4.176711e-04
-1.647500e+00	4.214368e-04
-1.645000e+00	4.252910e-04
-1.642500e+00	4.292356e-04
-1.640000e+00	4.332728e-04
-1.637500e+00	4.374046e-04
-1.635000e+00	4.416332e-04
-1.632500e+00	4.459611e-04
-1.630000e+00	4.503907e-04
-1.627500e+00	4.549243e-04
-1.625000e+00	4.595648e-04
-1.622500e+00	4.643148e-04
-1.620000e+00	4.691771e-04
-1.617500e+00	4.741546e-04
-1.615000e+00	4.792505e-04
-1.612500e+00	4.844679e-04
-1.610000e+00	4.898101e-04
-1.607500e+00	4.952805e-04
-1.605000e+00	5.008828e-04
-1.602500e+00	5.066205e-04
-1.600000e+00	5.124977e-04
-1.597500e+00	5.185183e-04
-1.595000e+00	5.246865e-04
-1.592500e+00	5.310067e-04
-1.590000e+00	5.374833e-04
-1.587500e+00	5.441211e-04
-1.585000e+00	5.509250e-04
-1.582500e+00	5.579002e-04
-1.580000e+00	5.650519e-04
-1.577500e+00	5.723857e-04
-1.575000e+00	5.799074e-04
-1.572500e+00	5.876229e-04
-1.570000e+00	5.955387e-04
-1.567500e+00	6.036613e-04
-1.565000e+00	6.119974e-04
-1.562500e+00	6.205543e-04
-1.560000e+00	6.293394e-04
-1.557500e+00	6.383604e-04
-1.555000e+00	6.476256e-04
-1.552500e+00	6.571433e-04
-1.550000e+00	6.669226e-04
-1.547500e+00	6.769726e-04
-1.545000e+00	6.873032e-04
-1.542500e+00	6.979244e-04
-1.540000e+00	7.088469e-04
-1.537500e+00	7.200819e-04
-1.535000e+00	7.316411e-04
-1.532500e+00	7.435367e-04
-1.530000e+00	7.557815e-04
-1.527500e+00	7.683891e-04
-1.525000e+00	7.813735e-04
-1.522500e+00	7.947497e-04
-1.520000e+00	8.085331e-04
-1.517500e+00	8.227403e-04
-1.515000e+00	8.373884e-04
-1.512500e+00	8.524956e-04
-1.510000e+00	8.680809e-04
-1.507500e+00	8.841645e-04
-1.505000e+00	9.007676e-04
-1.502500e+00	9.179124e-04
-1.500000e+00	9.356226e-04
-1.497500e+00	9.539229e-04
-1.495000e+00	9.728397e-04
-1.492500e+00	9.924006e-04
-1.490000e+00	1.012635e-03
-1.487500e+00	1.033574e-03
-1.485000e+00	1.055250e-03
-1.482500e+00	1.077699e-03
-1.480000e+00	1.100956e-03
-1.477500e+00	1.125061e-03
-1.475000e+00	1.150056e-03
-1.472500e+00	1.175985e-03
-1.470000e+00	1.202894e-03
-1.467500e+00	1.230834e-03
-1.465000e+00	1.259857e-03
-1.462500e+00	1.290021e-03
-1.460000e+00	1.321384e-03
-1.457500e+00	1.354012e-03
-1.455000e+00	1.387974e-03
-1.452500e+00	1.423342e-03
-1.450000e+00	1.460196e-03
-1.447500e+00	1.498620e-03
-1.445000e+00	1.538703e-03
-1.442500e+00	1.580543e-03
-1.440000e+00	1.624243e-03
-1.437500e+00	1.669916e-03
-1.435000e+00	1.717682e-03
-1.432500e+00	1.767670e-03
-1.430000e+00	1.820021e-03
-1.427500e+00	1.874884e-03
-1.425000e+00	1.932425e-03
-1.422500e+00	1.992818e-03
-1.420000e+00	2.056257e-03
-1.417500e+00	2.122948e-03
-1.415000e+00	2.193119e-03
-1.412500e+00	2.267014e-03
-1.410000e+00	2.344903e-03
-1.407500e+00	2.427077e-03
-1.405000e+00	2.513856e-03
-1.402500e+00	2.605592e-03
-1.400000e+00	2.702667e-03
-1.397500e+00	2.805505e-03
-1.395000e+00	2.914569e-03
-1.392500e+00	3.030373e-03
-1.390000e+00	3.153482e-03
-1.387500e+00	3.284522e-03
-1.385000e+00	3.424188e-03
-1.382500e+00	3.573255e-03
-1.380000e+00	3.732581e-03
-1.377500e+00	3.903130e-03
-1.375000e+00	4.085977e-03
-1.372500e+00	4.282331e-03
-1.370000e+00	4.493552e-03
-1.367500e+00	4.721176e-03
-1.365000e+00	4.966940e-03
-1.362500e+00	5.232818e-03
-1.360000e+00	5.521058e-03
-1.357500e+00	5.834228e-03
-1.355000e+00	6.175278e-03
-1.352500e+00	6.547602e-03
-1.350000e+00	6.955122e-03
-1.347500e+00	7.402397e-03
-1.345000e+00	7.894737e-03
-1.342500e+00	8.438367e-03
-1.340000e+00	9.040617e-03
-1.337500e+00	9.710162e-03
-1.335000e+00	1.045733e-02
-1.332500e+00	1.129448e-02
-1.330000e+00	1.223654e-02
-1.327500e+00	1.330157e-02
-1.325000e+00	1.451169e-02
-1.322500e+00	1.589415e-02
-1.320000e+00	1.748277e-02
-1.317500e+00	1.931997e-02
-1.315000e+00	2.145945e-02
-1.312500e+00	2.396986e-02
-1.310000e+00	2.694000e-02
-1.307500e+00	3.048605e-02
-1.305000e+00	3.476200e-02
-1.302500e+00	3.997468e-02
-1.300000e+00	4.640573e-02
-1.297500e+00	5.444409e-02
-1.295000e+00	6.463398e-02
-1.292500e+00	7.774534e-02
-1.290000e+00	9.487349e-02
-1.287500e+00	1.175670e-01
-1.285000e+00	1.479449e-01
-1.282500e+00	1.886365e-01
-1.280000e+00	2.420189e-01
-1.277500e+00	3.075350e-01
-1.275000e+00	3.758452e-01
-1.272500e+00	4.238962e-01
-1.270000e+00	4.260890e-01
-1.267500e+00	3.810616e-01
-1.265000e+00	3.133856e-01
-1.262500e+00	2.471021e-01
-1.260000e+00	1.926082e-01
-1.257500e+00	1.509299e-01
-1.255000e+00	1.197942e-01
-1.252500e+00	9.654753e-02
-1.250000e+00	7.902085e-02
-1.247500e+00	6.562151e-02
-1.245000e+00	5.522138e-02
-1.242500e+00	4.702752e-02
-1.240000e+00	4.047984e-02
-1.237500e+00	3.517849e-02
-1.235000e+00	3.083427e-02
-1.232500e+00	2.723502e-02
-1.230000e+00	2.422300e-02
-1.227500e+00	2.167928e-02
-1.225000e+00	1.951311e-02
-1.222500e+00	1.765436e-02
-1.220000e+00	1.604824e-02
-1.217500e+00	1.465151e-02
-1.215000e+00	1.342969e-02
-1.212500e+00	1.235507e-02
-1.210000e+00	1.140514e-02
-1.207500e+00	1.056153e-02
-1.205000e+00	9.809083e-03
-1.202500e+00	9.135250e-03
-1.200000e+00	8.529548e-03
-1.197500e+00	7.983180e-03
-1.195000e+00	7.488716e-03
-1.192500e+00	7.039849e-03
-1.190000e+00	6.631201e-03
-1.187500e+00	6.258160e-03
-1.185000e+00	5.916757e-03
-1.182500e+00	5.603559e-03
-1.180000e+00	5.315589e-03
-1.177500e+00	5.050251e-03
-1.175000e+00	4.805277e-03
-1.172500e+00	4.578677e-03
-1.170000e+00	4.368698e-03
-1.167500e+00	4.173796e-03
-1.165000e+00	3.992603e-03
-1.162500e+00	3.823904e-03
-1.160000e+00	3.666618e-03
-1.157500e+00	3.519784e-03
-1.155000e+00	3.382538e-03
-1.152500e+00	3.254111e-03
-1.150000e+00	3.133811e-03
-1.147500e+00	3.021014e-03
-1.145000e+00	2.915162e-03
-1.142500e+00	2.815750e-03
-1.140000e+00	2.722322e-03
-1.137500e+00	2.634467e-03
-1.135000e+00	2.551813e-03
-1.132500e+00	2.474024e-03
-1.130000e+00	2.400797e-03
-1.127500e+00	2.331857e-03
-1.125000e+00	2.266957e-03
-1.122500e+00	2.205875e-03
-1.120000e+00	2.148410e-03
-1.117500e+00	2.094384e-03
-1.115000e+00	2.043638e-03
-1.112500e+00	1.996032e-03
-1.110000e+00	1.951446e-03
-1.107500e+00	1.909775e-03
-1.105000e+00	1.870931e-03
-1.102500e+00	1.834846e-03
-1.100000e+00	1.801467e-03
-1.097500e+00	1.770758e-03
-1.095000e+00	1.742704e-03
-1.092500e+00	1.717309e-03
-1.090000e+00	1.694597e-03
-1.087500e+00	1.674615e-03
-1.085000e+00	1.657439e-03
-1.082500e+00	1.643170e-03
-1.080000e+00	1.631948e-03
-1.077500e+00	1.623947e-03
-1.075000e+00	1.619390e-03
-1.072500e+00	1.618554e-03
-1.070000e+00	1.621783e-03
-1.067500e+00	1.629499e-03
-1.065000e+00	1.642223e-03
-1.062500e+00	1.660599e-03
-1.060000e+00	1.685420e-03
-1.057500e+00	1.717675e-03
-1.055000e+00	1.758594e-03
-1.052500e+00	1.809727e-03
-1.050000e+00	1.873034e-03
-1.047500e+00	1.951018e-03
-1.045000e+00	2.046909e-03
-1.042500e+00	2.164917e-03
-1.040000e+00	2.310593e-03
-1.037500e+00	2.491351e-03
-1.035000e+00	2.717221e-03
-1.032500e+00	3.001964e-03
-1.030000e+00	3.364714e-03
-1.027500e+00	3.832402e-03
-1.025000e+00	4.443278e-03
-1.022500e+00	5.251716e-03
-1.020000e+00	6.333791e-03
-1.017500e+00	7.790174e-03
-1.015000e+00	9.733941e-03
-1.012500e+00	1.222882e-02
-1.010000e+00	1.511519e-02
-1.007500e+00	1.773102e-02
-1.005000e+00	1.893179e-02
-1.002500e+00	1.799830e-02
-1.000000e+00	1.548947e-02
-9.975000e-01	1.256474e-02
-9.950000e-01	9.973437e-03
-9.925000e-01	7.929933e-03
-9.900000e-01	6.388413e-03
-9.875000e-01	5.237206e-03
-9.850000e-01	4.372442e-03
-9.825000e-01	3.714514e-03
-9.800000e-01	3.206243e-03
-9.775000e-01	2.807364e-03
-9.750000e-01	2.489537e-03
-9.725000e-01	2.232651e-03
-9.700000e-01	2.022262e-03
-9.675000e-01	1.847852e-03
-9.650000e-01	1.701652e-03
-9.625000e-01	1.577850e-03
-9.600000e-01	1.472034e-03
-9.575000e-01	1.380818e-03
-9.550000e-01	1.301570e-03
-9.525000e-01	1.232222e-03
-9.500000e-01	1.171135e-03
-9.475000e-01	1.116994e-03
-9.450000e-01	1.068737e-03
-9.425000e-01	1.025499e-03
-9.400000e-01	9.865705e-04
-9.375000e-01	9.513625e-04
-9.350000e-01	9.193862e-04
-9.325000e-01	8.902316e-04
-9.300000e-01	8.635530e-04
-9.275000e-01	8.390573e-04
-9.250000e-01	8.164950e-04
-9.225000e-01	7.956521e-04
-9.200000e-01	7.763445e-04
-9.175000e-01	7.584133e-04
-9.150000e-01	7.417203e-04
-9.125000e-01	7.261451e-04
-9.100000e-01	7.115826e-04
-9.075000e-01	6.979401e-04
-9.050000e-01	6.851364e-04
-9.025000e-01	6.730993e-04
-9.000000e-01	6.617649e-04
-8.975000e-01	6.510766e-04
-8.950000e-01	6.409837e-04
-8.925000e-01	6.314407e-04
-8.900000e-01	6.224071e-04
-8.875000e-01	6.138464e-04
-8.850000e-01	6.057256e-04
-8.825000e-01	5.980149e-04
-8.800000e-01	5.906875e-04
-8.775000e-01	5.837189e-04
-8.750000e-01	5.770870e-04
-8.725000e-01	5.707714e-04
-8.700000e-01	5.647539e-04
-8.675000e-01	5.590174e-04
-8.650000e-01	5.535467e-04
-8.625000e-01	5.483276e-04
-8.600000e-01	5.433470e-04
-8.575000e-01	5.385931e-04
-8.550000e-01	5.340548e-04
-8.525000e-01	5.297221e-04
-8.500000e-01	5.255856e-04
-8.475000e-01	5.216366e-04
-8.450000e-01	5.178673e-04
-8.425000e-01	5.142701e-04
-8.400000e-01	5.108384e-04
-8.375000e-01	5.075657e-04
-8.350000e-01	5.044461e-04
-8.325000e-01	5.014743e-04
-8.300000e-01	4.986452e-04
-8.275000e-01	4.959541e-04
-8.250000e-01	4.933967e-04
-8.225000e-01	4.909688e-04
-8.200000e-01	4.886669e-04
-8.175000e-01	4.864874e-04
-8.150000e-01	4.844271e-04
-8.125000e-01	4.824830e-04
-8.100000e-01	4.806524e-04
-8.075000e-01	4.789327e-04
-8.050000e-01	4.773217e-04
-8.025000e-01	4.758172e-04
-8.000000e-01	4.744172e-04
-7.975000e-01	4.731199e-04
-7.950000e-01	4.719237e-04
-7.925000e-01	4.708271e-04
-7.900000e-01	4.698288e-04
-7.875000e-01	4.689277e-04
-7.850000e-01	4.681226e-04
-7.825000e-01	4.674127e-04
-7.800000e-01	4.667973e-04
-7.775000e-01	4.662756e-04
-7.750000e-01	4.658472e-04
-7.725000e-01	4.655116e-04
-7.700000e-01	4.652686e-04
-7.675000e-01	4.651180e-04
-7.650000e-01	4.650598e-04
-7.625000e-01	4.650941e-04
-7.600000e-01	4.652210e-04
-7.575000e-01	4.654410e-04
-7.550000e-01	4.657543e-04
-7.525000e-01	4.661617e-04
-7.500000e-01	4.666637e-04
-7.475000e-01	4.672611e-04
-7.450000e-01	4.679550e-04
-7.425000e-01	4.687463e-04
-7.400000e-01	4.696362e-04
-7.375000e-01	4.706261e-04
-7.350000e-01	4.717173e-04
-7.325000e-01	4.729116e-04
-7.300000e-01	4.742106e-04
-7.275000e-01	4.756163e-04
-7.250000e-01	4.771308e-04
-7.225000e-01	4.787562e-04
-7.200000e-01	4.804949e-04
-7.175000e-01	4.823496e-04
-7.150000e-01	4.843231e-04
-7.125000e-01	4.864183e-04
-7.100000e-01	4.886384e-04
-7.075000e-01	4.909868e-04
-7.050000e-01	4.934672e-04
-7.025000e-01	4.960835e-04
-7.000000e-01	4.988399e-04
-6.975000e-01	5.017408e-04
-6.950000e-01	5.047909e-04
-6.925000e-01	5.079953e-04
-6.900000e-01	5.113594e-04
-6.875000e-01	5.148890e-04
-6.850000e-01	5.185902e-04
-6.825000e-01	5.224695e-04
-6.800000e-01	5.265339e-04
-6.775000e-01	5.307909e-04
-6.750000e-01	5.352485e-04
-6.725000e-01	5.399151e-04
-6.700000e-01	5.447998e-04
-6.675000e-01	5.499123e-04
-6.650000e-01	5.552631e-04
-6.625000e-01	5.608631e-04
-6.600000e-01	5.667244e-04
-6.575000e-01	5.728596e-04
-6.550000e-01	5.792825e-04
-6.525000e-01	5.860077e-04
-6.500000e-01	5.930509e-04
-6.475000e-01	6.004291e-04
-6.450000e-01	6.081605e-04
-6.425000e-01	6.162647e-04
-6.400000e-01	6.247629e-04
-6.375000e-01	6.336779e-04
-6.350000e-01	6.430343e-04
-6.325000e-01	6.528588e-04
-6.300000e-01	6.631803e-04
-6.275000e-01	6.740299e-04
-6.250000e-01	6.854417e-04
-6.225000e-01	6.974526e-04
-6.200000e-01	7.101026e-04
-6.175000e-01	7.234354e-04
-6.150000e-01	7.374989e-04
-6.125000e-01	7.523450e-04
-6.100000e-01	7.680309e-04
-6.075000e-01	7.846191e-04
-6.050000e-01	8.021784e-04
-6.025000e-01	8.207842e-04
-6.000000e-01	8.405198e-04
-5.975000e-01	8.614773e-04
-5.950000e-01	8.837583e-04
-5.925000e-01	9.074755e-04
-5.900000e-01	9.327544e-04
-5.875000e-01	9.597343e-04
-5.850000e-01	9.885711e-04
-5.825000e-01	1.019439e-03
-5.800000e-01	1.052533e-03
-5.775000e-01	1.088073e-03
-5.750000e-01	1.126307e-03
-5.725000e-01	1.167514e-03
-5.700000e-01	1.212014e-03
-5.675000e-01	1.260167e-03
-5.650000e-01	1.312387e-03
-5.625000e-01	1.369148e-03
-5.600000e-01	1.430993e-03
-5.575000e-01	1.498551e-03
-5.550000e-01	1.572553e-03
-5.525000e-01	1.653846e-03
-5.500000e-01	1.743425e-03
-5.475000e-01	1.842458e-03
-5.450000e-01	1.952325e-03
-5.425000e-01	2.074669e-03
-5.400000e-01	2.211452e-03
-5.375000e-01	2.365034e-03
-5.350000e-01	2.538275e-03
-5.325000e-01	2.734663e-03
-5.300000e-01	2.958487e-03
-5.275000e-01	3.215062e-03
-5.250000e-01	3.511036e-03
-5.225000e-01	3.854798e-03
-5.200000e-01	4.257050e-03
-5.175000e-01	4.731589e-03
-5.150000e-01	5.296412e-03
-5.125000e-01	5.975290e-03
-5.100000e-01	6.800034e-03
-5.075000e-01	7.813810e-03
-5.050000e-01	9.076005e-03
-5.025000e-01	1.066945e-02
-5.000000e-01	1.271102e-02
-4.975000e-01	1.536688e-02
-4.950000e-01	1.887275e-02
-4.925000e-01	2.355527e-02
-4.900000e-01	2.983468e-02
-4.875000e-01	3.814283e-02
-4.850000e-01	4.858679e-02
-4.825000e-01	6.011185e-02
-4.800000e-01	6.946269e-02
-4.775000e-01	7.208163e-02
-4.750000e-01	6.636388e-02
-4.725000e-01	5.562998e-02
-4.700000e-01	4.428467e-02
-4.675000e-01	3.464841e-02
-4.650000e-01	2.718491e-02
-4.625000e-01	2.159234e-02
-4.600000e-01	1.742279e-02
-4.575000e-01	1.428996e-02
-4.550000e-01	1.190500e-02
-4.525000e-01	1.006215e-02
-4.500000e-01	8.616722e-03
-4.475000e-01	7.466718e-03
-4.450000e-01	6.539558e-03
-4.425000e-01	5.782928e-03
-4.400000e-01	5.158600e-03
-4.375000e-01	4.638246e-03
-4.350000e-01	4.200588e-03
-4.325000e-01	3.829438e-03
-4.300000e-01	3.512328e-03
-4.275000e-01	3.239548e-03
-4.250000e-01	3.003451e-03
-4.225000e-01	2.797961e-03
-4.200000e-01	2.618201e-03
-4.175000e-01	2.460224e-03
-4.150000e-01	2.320811e-03
-4.125000e-01	2.197317e-03
-4.100000e-01	2.087553e-03
-4.075000e-01	1.989696e-03
-4.050000e-01	1.902219e-03
-4.025000e-01	1.823836e-03
-4.000000e-01	1.753456e-03
-3.975000e-01	1.690153e-03
-3.950000e-01	1.633132e-03
-3.925000e-01	1.581714e-03
-3.900000e-01	1.535310e-03
-3.875000e-01	1.493414e-03
-3.850000e-01	1.455584e-03
-3.825000e-01	1.421437e-03
-3.800000e-01	1.390636e-03
-3.775000e-01	1.362888e-03
-3.750000e-01	1.337935e-03
-3.725000e-01	1.315551e-03
-3.700000e-01	1.295535e-03
-3.675000e-01	1.277711e-03
-3.650000e-01	1.261924e-03
-3.625000e-01	1.248036e-03
-3.600000e-01	1.235925e-03
-3.575000e-01	1.225483e-03
-3.550000e-01	1.216617e-03
-3.525000e-01	1.209242e-03
-3.500000e-01	1.203284e-03
-3.475000e-01	1.198678e-03
-3.450000e-01	1.195369e-03
-3.425000e-01	1.193308e-03
-3.400000e-01	1.192452e-03
-3.375000e-01	1.192766e-03
-3.350000e-01	1.194220e-03
-3.325000e-01	1.196790e-03
-3.300000e-01	1.200456e-03
-3.275000e-01	1.205204e-03
-3.250000e-01	1.211024e-03
-3.225000e-01	1.217911e-03
-3.200000e-01	1.225864e-03
-3.175000e-01	1.234886e-03
-3.150000e-01	1.244985e-03
-3.125000e-01	1.256171e-03
-3.100000e-01	1.268460e-03
-3.075000e-01	1.281874e-03
-3.050000e-01	1.296434e-03
-3.025000e-01	1.312170e-03
-3.000000e-01	1.329116e-03
-2.975000e-01	1.347307e-03
-2.950000e-01	1.366789e-03
-2.925000e-01	1.387607e-03
-2.900000e-01	1.409816e-03
-2.875000e-01	1.433475e-03
-2.850000e-01	1.458649e-03
-2.825000e-01	1.485412e-03
-2.800000e-01	1.513842e-03
-2.775000e-01	1.544028e-03
-2.750000e-01	1.576065e-03
-2.725000e-01	1.610060e-03
-2.700000e-01	1.646128e-03
-2.675000e-01	1.684398e-03
-2.650000e-01	1.725008e-03
-2.625000e-01	1.768112e-03
-2.600000e-01	1.813879e-03
-2.575000e-01	1.862495e-03
-2.550000e-01	1.914164e-03
-2.525000e-01	1.969112e-03
-2.500000e-01	2.027586e-03
-2.475000e-01	2.089863e-03
-2.450000e-01	2.156246e-03
-2.425000e-01	2.227072e-03
-2.400000e-01	2.302718e-03
-2.375000e-01	2.383600e-03
-2.350000e-01	2.470183e-03
-2.325000e-01	2.562989e-03
-2.300000e-01	2.662600e-03
-2.275000e-01	2.769672e-03
-2.250000e-01	2.884940e-03
-2.225000e-01	3.009240e-03
-2.200000e-01	3.143512e-03
-2.175000e-01	3.288828e-03
-2.150000e-01	3.446408e-03
-2.125000e-01	3.617647e-03
-2.100000e-01	3.804143e-03
-2.075000e-01	4.007741e-03
-2.050000e-01	4.230569e-03
-2.025000e-01	4.475099e-03
-2.000000e-01	4.744214e-03
-1.975000e-01	5.041291e-03
-1.950000e-01	5.370304e-03
-1.925000e-01	5.735959e-03
-1.900000e-01	6.143854e-03
-1.875000e-01	6.600690e-03
-1.850000e-01	7.114546e-03
-1.825000e-01	7.695216e-03
-1.800000e-01	8.354672e-03
-1.775000e-01	9.107656e-03
-1.750000e-01	9.972472e-03
-1.725000e-01	1.097206e-02
-1.700000e-01	1.213543e-02
-1.675000e-01	1.349968e-02
-1.650000e-01	1.511274e-02
-1.625000e-01	1.703731e-02
-1.600000e-01	1.935640e-02
-1.575000e-01	2.218148e-02
-1.550000e-01	2.566418e-02
-1.525000e-01	3.001380e-02
-1.500000e-01	3.552298e-02
-1.475000e-01	4.260558e-02
-1.450000e-01	5.185030e-02
-1.425000e-01	6.409009e-02
-1.400000e-01	8.046777e-02
-1.375000e-01	1.024123e-01
-1.350000e-01	1.312533e-01
-1.325000e-01	1.668269e-01
-1.300000e-01	2.043566e-01
-1.275000e-01	2.315729e-01
-1.250000e-01	2.341979e-01
-1.225000e-01	2.106045e-01
-1.200000e-01	1.738420e-01
-1.175000e-01	1.373582e-01
-1.150000e-01	1.071948e-01
-1.125000e-01	8.407652e-02
-1.100000e-01	6.679892e-02
-1.075000e-01	5.390394e-02
-1.050000e-01	4.418910e-02
-1.025000e-01	3.676868e-02
-1.000000e-01	3.101474e-02
-9.750000e-02	2.648587e-02
-9.500000e-02	2.287046e-02
-9.250000e-02	1.994616e-02
-9.000000e-02	1.755226e-02
-8.750000e-02	1.557097e-02
-8.500000e-02	1.391473e-02
-8.250000e-02	1.251762e-02
-8.000000e-02	1.132932e-02
-7.750000e-02	1.031099e-02
-7.500000e-02	9.432316e-03
-7.250000e-02	8.669365e-03
-7.000000e-02	8.003075e-03
-6.750000e-02	7.418121e-03
-6.500000e-02	6.902078e-03
-6.250000e-02	6.444791e-03
-6.000000e-02	6.037902e-03
-5.750000e-02	5.674483e-03
-5.500000e-02	5.348754e-03
-5.250000e-02	5.055863e-03
-5.000000e-02	4.791718e-03
-4.750000e-02	4.552844e-03
-4.500000e-02	4.336279e-03
-4.250000e-02	4.139487e-03
-4.000000e-02	3.960284e-03
-3.750000e-02	3.796784e-03
-3.500000e-02	3.647349e-03
-3.250000e-02	3.510555e-03
-3.000000e-02	3.385158e-03
-2.750000e-02	3.270065e-03
-2.500000e-02	3.164319e-03
-2.250000e-02	3.067071e-03
-2.000000e-02	2.977576e-03
-1.750000e-02	2.895168e-03
-1.500000e-02	2.819259e-03
-1.250000e-02	2.749323e-03
-1.000000e-02	2.684892e-03
-7.500000e-03	2.625546e-03
-5.000000e-03	2.570910e-03
-2.500000e-03	2.520646e-03
9.379164e-13	2.474452e-03
2.500000e-03	2.432055e-03
5.000000e-03	2.393208e-03
7.500000e-03	2.357691e-03
1.000000e-02	2.325302e-03
1.250000e-02	2.295862e-03
1.500000e-02	2.269206e-03
1.750000e-02	2.245188e-03
2.000000e-02	2.223674e-03
2.250000e-02	2.204543e-03
2.500000e-02	2.187687e-03
2.750000e-02	2.173007e-03
3.000000e-02	2.160417e-03
3.250000e-02	2.149836e-03
3.500000e-02	2.141194e-03
3.750000e-02	2.134428e-03
4.000000e-02	2.129482e-03
4.250000e-02	2.126307e-03
4.500000e-02	2.124860e-03
4.750000e-02	2.125104e-03
5.000000e-02	2.127007e-03
5.250000e-02	2.130544e-03
5.500000e-02	2.135693e-03
5.750000e-02	2.142436e-03
6.000000e-02	2.150764e-03
6.250000e-02	2.160667e-03
6.500000e-02	2.172144e-03
6.750000e-02	2.185194e-03
7.000000e-02	2.199824e-03
7.250000e-02	2.216043e-03
7.500000e-02	2.233865e-03
7.750000e-02	2.253308e-03
8.000000e-02	2.274392e-03
8.250000e-02	2.297146e-03
8.500000e-02	2.321598e-03
8.750000e-02	2.347784e-03
9.000000e-02	2.375742e-03
9.250000e-02	2.405518e-03
9.500000e-02	2.437160e-03
9.750000e-02	2.470721e-03
1.000000e-01	2.506261e-03
1.025000e-01	2.543844e-03
1.050000e-01	2.583541e-03
1.075000e-01	2.625427e-03
1.100000e-01	2.669586e-03
1.125000e-01	2.716108e-03
1.150000e-01	2.765089e-03
1.175000e-01	2.816635e-03
1.200000e-01	2.870859e-03
1.225000e-01	2.927883e-03
1.250000e-01	2.987840e-03
1.275000e-01	3.050870e-03
1.300000e-01	3.117128e-03
1.325000e-01	3.186779e-03
1.350000e-01	3.260003e-03
1.375000e-01	3.336990e-03
1.400000e-01	3.417951e-03
1.425000e-01	3.503109e-03
1.450000e-01	3.592708e-03
1.475000e-01	3.687011e-03
1.500000e-01	3.786304e-03
1.525000e-01	3.890895e-03
1.550000e-01	4.001120e-03
1.575000e-01	4.117342e-03
1.600000e-01	4.239958e-03
1.625000e-01	4.369398e-03
1.650000e-01	4.506133e-03
1.675000e-01	4.650675e-03
1.700000e-01	4.803584e-03
1.725000e-01	4.965473e-03
1.750000e-01	5.137015e-03
1.775000e-01	5.318946e-03
1.800000e-01	5.512078e-03
1.825000e-01	5.717303e-03
1.850000e-01	5.935609e-03
1.875000e-01	6.168083e-03
1.900000e-01	6.415933e-03
1.925000e-01	6.680499e-03
1.950000e-01	6.963270e-03
1.975000e-01	7.265906e-03
2.000000e-01	7.590264e-03
2.025000e-01	7.938422e-03
2.050000e-01	8.312714e-03
2.075000e-01	8.715767e-03
2.100000e-01	9.150548e-03
2.125000e-01	9.620419e-03
2.150000e-01	1.012919e-02
2.175000e-01	1.068122e-02
2.200000e-01	1.128148e-02
2.225000e-01	1.193567e-02
2.250000e-01	1.265037e-02
2.275000e-01	1.343319e-02
2.300000e-01	1.429294e-02
2.325000e-01	1.523994e-02
2.350000e-01	1.628627e-02
2.375000e-01	1.744613e-02
2.400000e-01	1.873639e-02
2.425000e-01	2.017709e-02
2.450000e-01	2.179229e-02
2.475000e-01	2.361096e-02
2.500000e-01	2.566830e-02
2.525000e-01	2.800737e-02
2.550000e-01	3.068122e-02
2.575000e-01	3.375584e-02
2.600000e-01	3.731399e-02
2.625000e-01	4.146052e-02
2.650000e-01	4.632963e-02
2.675000e-01	5.209501e-02
2.700000e-01	5.898422e-02
2.725000e-01	6.729913e-02
2.750000e-01	7.744566e-02
2.775000e-01	8.997717e-02
2.800000e-01	1.056587e-01
2.825000e-01	1.255618e-01
2.850000e-01	1.512035e-01
2.875000e-01	1.847421e-01
2.900000e-01	2.292249e-01
2.925000e-01	2.888023e-01
2.950000e-01	3.685549e-01
2.975000e-01	4.728431e-01
3.000000e-01	5.997341e-01
3.025000e-01	7.293866e-01
3.050000e-01	8.158215e-01
3.075000e-01	8.119078e-01
3.100000e-01	7.200765e-01
3.125000e-01	5.892917e-01
3.150000e-01	4.637700e-01
3.175000e-01	3.614647e-01
3.200000e-01	2.834723e-01
3.225000e-01	2.252466e-01
3.250000e-01	1.817505e-01
3.275000e-01	1.489225e-01
3.300000e-01	1.237942e-01
3.325000e-01	1.042657e-01
3.350000e-01	8.886115e-02
3.375000e-01	7.653724e-02
3.400000e-01	6.654843e-02
3.425000e-01	5.835486e-02
3.450000e-01	5.156009e-02
3.475000e-01	4.586898e-02
3.500000e-01	4.105884e-02
3.525000e-01	3.695950e-02
3.550000e-01	3.343936e-02
3.575000e-01	3.039555e-02
3.600000e-01	2.774678e-02
3.625000e-01	2.542820e-02
3.650000e-01	2.338762e-02
3.675000e-01	2.158268e-02
3.700000e-01	1.997870e-02
3.725000e-01	1.854714e-02
3.750000e-01	1.726430e-02
3.775000e-01	1.611038e-02
3.800000e-01	1.506877e-02
3.825000e-01	1.412543e-02
3.850000e-01	1.326842e-02
3.875000e-01	1.248757e-02
3.900000e-01	1.177416e-02
3.925000e-01	1.112065e-02
3.950000e-01	1.052056e-02
3.975000e-01	9.968227e-03
4.000000e-01	9.458734e-03
4.025000e-01	8.987772e-03
4.050000e-01	8.551563e-03
4.075000e-01	8.146776e-03
4.100000e-01	7.770470e-03
4.125000e-01	7.420039e-03
4.150000e-01	7.093169e-03
4.175000e-01	6.787797e-03
4.200000e-01	6.502080e-03
4.225000e-01	6.234369e-03
4.250000e-01	5.983184e-03
4.275000e-01	5.747194e-03
4.300000e-01	5.525198e-03
4.325000e-01	5.316111e-03
4.350000e-01	5.118953e-03
4.375000e-01	4.932833e-03
4.400000e-01	4.756943e-03
4.425000e-01	4.590547e-03
4.450000e-01	4.432973e-03
4.475000e-01	4.283610e-03
4.500000e-01	4.141895e-03
4.525000e-01	4.007316e-03
4.550000e-01	3.879402e-03
4.575000e-01	3.757719e-03
4.600000e-01	3.641869e-03
4.625000e-01	3.531485e-03
4.650000e-01	3.426229e-03
4.675000e-01	3.325787e-03
4.700000e-01	3.229870e-03
4.725000e-01	3.138210e-03
4.750000e-01	3.050559e-03
4.775000e-01	2.966686e-03
4.800000e-01	2.886377e-03
4.825000e-01	2.809433e-03
4.850000e-01	2.735669e-03
4.875000e-01	2.664911e-03
4.900000e-01	2.596998e-03
4.925000e-01	2.531780e-03
4.950000e-01	2.469115e-03
4.975000e-01	2.408873e-03
5.000000e-01	2.350930e-03
5.025000e-01	2.295169e-03
5.050000e-01	2.241484e-03
5.075000e-01	2.189772e-03
5.100000e-01	2.139938e-03
5.125000e-01	2.091892e-03
5.150000e-01	2.045549e-03
5.175000e-01	2.000830e-03
5.200000e-01	1.957659e-03
5.225000e-01	1.915967e-03
5.250000e-01	1.875686e-03
5.275000e-01	1.836754e-03
5.300000e-01	1.799111e-03
5.325000e-01	1.762701e-03
5.350000e-01	1.727470e-03
5.375000e-01	1.693368e-03
5.400000e-01	1.660348e-03
5.425000e-01	1.628365e-03
5.450000e-01	1.597375e-03
5.475000e-01	1.567338e-03
5.500000e-01	1.538216e-03
5.525000e-01	1.509971e-03
5.550000e-01	1.482569e-03
5.575000e-01	1.455977e-03
5.600000e-01	1.430163e-03
5.625000e-01	1.405098e-03
5.650000e-01	1.380753e-03
5.675000e-01	1.357100e-03
5.700000e-01	1.334114e-03
5.725000e-01	1.311770e-03
5.750000e-01	1.290045e-03
5.775000e-01	1.268916e-03
5.800000e-01	1.248362e-03
5.825000e-01	1.228361e-03
5.850000e-01	1.208896e-03
5.875000e-01	1.189946e-03
5.900000e-01	1.171494e-03
5.925000e-01	1.153523e-03
5.950000e-01	1.136016e-03
5.975000e-01	1.118958e-03
6.000000e-01	1.102334e-03
6.025000e-01	1.086130e-03
6.050000e-01	1.070330e-03
6.075000e-01	1.054923e-03
6.100000e-01	1.039896e-03
6.125000e-01	1.025236e-03
6.150000e-01	1.010933e-03
6.175000e-01	9.969731e-04
6.200000e-01	9.833475e-04
6.225000e-01	9.700453e-04
6.250000e-01	9.570566e-04
6.275000e-01	9.443719e-04
6.300000e-01	9.319819e-04
6.325000e-01	9.198778e-04
6.350000e-01	9.080512e-04
6.375000e-01	8.964937e-04
6.400000e-01	8.851976e-04
6.425000e-01	8.741552e-04
6.450000e-01	8.633593e-04
6.475000e-01	8.528028e-04
6.500000e-01	8.424789e-04
6.525000e-01	8.323810e-04
6.550000e-01	8.225030e-04
6.575000e-01	8.128386e-04
6.600000e-01	8.033820e-04
6.625000e-01	7.941275e-04
6.650000e-01	7.850698e-04
6.675000e-01	7.762035e-04
6.700000e-01	7.675234e-04
6.725000e-01	7.590248e-04
6.750000e-01	7.507028e-04
6.775000e-01	7.425529e-04
6.800000e-01	7.345706e-04
6.825000e-01	7.267516e-04
6.850000e-01	7.190918e-04
6.875000e-01	7.115872e-04
6.900000e-01	7.042339e-04
6.925000e-01	6.970281e-04
6.950000e-01	6.899663e-04
6.975000e-01	6.830448e-04
7.000000e-01	6.762604e-04
7.025000e-01	6.696096e-04
7.050000e-01	6.630894e-04
7.075000e-01	6.566967e-04
7.100000e-01	6.504284e-04
7.125000e-01	6.442817e-04
7.150000e-01	6.382537e-04
7.175000e-01	6.323418e-04
7.200000e-01	6.265433e-04
7.225000e-01	6.208557e-04
7.250000e-01	6.152765e-04
7.275000e-01	6.098032e-04
7.300000e-01	6.044337e-04
7.325000e-01	5.991656e-04
7.350000e-01	5.939967e-04
7.375000e-01	5.889249e-04
7.400000e-01	5.839482e-04
7.425000e-01	5.790646e-04
7.450000e-01	5.742722e-04
7.475000e-01	5.695690e-04
7.500000e-01	5.649532e-04
7.525000e-01	5.604232e-04
7.550000e-01	5.559771e-04
7.575000e-01	5.516133e-04
7.600000e-01	5.473302e-04
7.625000e-01	5.431263e-04
7.650000e-01	5.390000e-04
7.675000e-01	5.349498e-04
7.700000e-01	5.309744e-04
7.725000e-01	5.270723e-04
7.750000e-01	5.232422e-04
7.775000e-01	5.194827e-04
7.800000e-01	5.157927e-04
7.825000e-01	5.121709e-04
7.850000e-01	5.086161e-04
7.875000e-01	5.051271e-04
7.900000e-01	5.017028e-04
7.925000e-01	4.983422e-04
7.950000e-01	4.950442e-04
7.975000e-01	4.918077e-04
8.000000e-01	4.886318e-04
8.025000e-01	4.855155e-04
8.050000e-01	4.824579e-04
8.075000e-01	4.794581e-04
8.100000e-01	4.765152e-04
8.125000e-01	4.736285e-04
8.150000e-01	4.707969e-04
8.175000e-01	4.680199e-04
8.200000e-01	4.652966e-04
8.225000e-01	4.626262e-04
8.250000e-01	4.600081e-04
8.275000e-01	4.574417e-04
8.300000e-01	4.549261e-04
8.325000e-01	4.524609e-04
8.350000e-01	4.500453e-04
8.375000e-01	4.476788e-04
8.400000e-01	4.453609e-04
8.425000e-01	4.430909e-04
8.450000e-01	4.408684e-04
8.475000e-01	4.386929e-04
8.500000e-01	4.365639e-04
8.525000e-01	4.344809e-04
8.550000e-01	4.324436e-04
8.575000e-01	4.304514e-04
8.600000e-01	4.285040e-04
8.625000e-01	4.266011e-04
8.650000e-01	4.247423e-04
8.675000e-01	4.229273e-04
8.700000e-01	4.211557e-04
8.725000e-01	4.194273e-04
8.750000e-01	4.177418e-04
8.775000e-01	4.160990e-04
8.800000e-01	4.144987e-04
8.825000e-01	4.129406e-04
8.850000e-01	4.114246e-04
8.875000e-01	4.099505e-04
8.900000e-01	4.085182e-04
8.925000e-01	4.071276e-04
8.950000e-01	4.057786e-04
8.975000e-01	4.044711e-04
9.000000e-01	4.032050e-04
9.025000e-01	4.019805e-04
9.050000e-01	4.007973e-04
9.075000e-01	3.996557e-04
9.100000e-01	3.985555e-04
9.125000e-01	3.974970e-04
9.150000e-01	3.964802e-04
9.175000e-01	3.955051e-04
9.200000e-01	3.945721e-04
9.225000e-01	3.936812e-04
9.250000e-01	3.928326e-04
9.275000e-01	3.920267e-04
9.300000e-01	3.912636e-04
9.325000e-01	3.905436e-04
9.350000e-01	3.898671e-04
9.375000e-01	3.892344e-04
9.400000e-01	3.886460e-04
9.425000e-01	3.881022e-04
9.450000e-01	3.876035e-04
9.475000e-01	3.871503e-04
9.500000e-01	3.867433e-04
9.525000e-01	3.863831e-04
9.550000e-01	3.860701e-04
9.575000e-01	3.858051e-04
9.600000e-01	3.855888e-04
9.625000e-01	3.854220e-04
9.650000e-01	3.853054e-04
9.675000e-01	3.852399e-04
9.700000e-01	3.852263e-04
9.725000e-01	3.852658e-04
9.750000e-01	3.853592e-04
9.775000e-01	3.855076e-04
9.800000e-01	3.857123e-04
9.825000e-01	3.859743e-04
9.850000e-01	3.862951e-04
9.875000e-01	3.866759e-04
9.900000e-01	3.871182e-04
9.925000e-01	3.876235e-04
9.950000e-01	3.881934e-04
9.975000e-01	3.888297e-04
1.000000e+00	3.895340e-04
1.002500e+00	3.903084e-04
1.005000e+00	3.911548e-04
1.007500e+00	3.920754e-04
1.010000e+00	3.930723e-04
1.012500e+00	3.941480e-04
1.015000e+00	3.953051e-04
1.017500e+00	3.965461e-04
1.020000e+00	3.978738e-04
1.022500e+00	3.992913e-04
1.025000e+00	4.008017e-04
1.027500e+00	4.024084e-04
1.030000e+00	4.041149e-04
1.032500e+00	4.059249e-04
1.035000e+00	4.078425e-04
1.037500e+00	4.098719e-04
1.040000e+00	4.120175e-04
1.042500e+00	4.142842e-04
1.045000e+00	4.166770e-04
1.047500e+00	4.192013e-04
1.050000e+00	4.218628e-04
1.052500e+00	4.246676e-04
1.055000e+00	4.276223e-04
1.057500e+00	4.307338e-04
1.060000e+00	4.340094e-04
1.062500e+00	4.374571e-04
1.065000e+00	4.410852e-04
1.067500e+00	4.449028e-04
1.070000e+00	4.489195e-04
1.072500e+00	4.531457e-04
1.075000e+00	4.575924e-04
1.077500e+00	4.622714e-04
1.080000e+00	4.671956e-04
1.082500e+00	4.723785e-04
1.085000e+00	4.778349e-04
1.087500e+00	4.835807e-04
1.090000e+00	4.896329e-04
1.092500e+00	4.960100e-04
1.095000e+00	5.027319e-04
1.097500e+00	5.098201e-04
1.100000e+00	5.172979e-04
1.102500e+00	5.251907e-04
1.105000e+00	5.335258e-04
1.107500e+00	5.423330e-04
1.110000e+00	5.516450e-04
1.112500e+00	5.614969e-04
1.115000e+00	5.719276e-04
1.117500e+00	5.829791e-04
1.120000e+00	5.946978e-04
1.122500e+00	6.071344e-04
1.125000e+00	6.203446e-04
1.127500e+00	6.343897e-04
1.130000e+00	6.493373e-04
1.132500e+00	6.652623e-04
1.135000e+00	6.822473e-04
1.137500e+00	7.003840e-04
1.140000e+00	7.197745e-04
1.142500e+00	7.405324e-04
1.145000e+00	7.627846e-04
1.147500e+00	7.866733e-04
1.150000e+00	8.123578e-04
1.152500e+00	8.400177e-04
1.155000e+00	8.698556e-04
1.157500e+00	9.021007e-04
1.160000e+00	9.370133e-04
1.162500e+00	9.748900e-04
1.165000e+00	1.016070e-03
1.167500e+00	1.060941e-03
1.170000e+00	1.109951e-03
1.172500e+00	1.163618e-03
1.175000e+00	1.222542e-03
1.177500e+00	1.287424e-03
1.180000e+00	1.359083e-03
1.182500e+00	1.438485e-03
1.185000e+00	1.526773e-03
1.187500e+00	1.625307e-03
1.190000e+00	1.735715e-03
1.192500e+00	1.859961e-03
1.195000e+00	2.000424e-03
1.197500e+00	2.160015e-03
1.200000e+00	2.342316e-03
1.202500e+00	2.551779e-03
1.205000e+00	2.793980e-03
1.207500e+00	3.075977e-03
1.210000e+00	3.406792e-03
1.212500e+00	3.798089e-03
1.215000e+00	4.265124e-03
1.217500e+00	4.828110e-03
1.220000e+00	5.514184e-03
1.222500e+00	6.360282e-03
1.225000e+00	7.417391e-03
1.227500e+00	8.756829e-03
1.230000e+00	1.047946e-02
1.232500e+00	1.272879e-02
1.235000e+00	1.570776e-02
1.237500e+00	1.969457e-02
1.240000e+00	2.503602e-02
1.242500e+00	3.205124e-02
1.245000e+00	4.068740e-02
1.247500e+00	4.975691e-02
1.250000e+00	5.625699e-02
1.252500e+00	5.675650e-02
1.255000e+00	5.094548e-02
1.257500e+00	4.202114e-02
1.260000e+00	3.321088e-02
1.262500e+00	2.594314e-02
1.265000e+00	2.037755e-02
1.267500e+00	1.621873e-02
1.270000e+00	1.311433e-02
1.272500e+00	1.077481e-02
1.275000e+00	8.987158e-03
1.277500e+00	7.600420e-03
1.280000e+00	6.508483e-03
1.282500e+00	5.636417e-03
1.285000e+00	4.930750e-03
1.287500e+00	4.352821e-03
1.290000e+00	3.874284e-03
1.292500e+00	3.474069e-03
1.295000e+00	3.136299e-03
1.297500e+00	2.848861e-03
1.300000e+00	2.602400e-03
1.302500e+00	2.389608e-03
1.305000e+00	2.204721e-03
1.307500e+00	2.043145e-03
1.310000e+00	1.901185e-03
1.312500e+00	1.775845e-03
1.315000e+00	1.664677e-03
1.317500e+00	1.565664e-03
1.320000e+00	1.477137e-03
1.322500e+00	1.397699e-03
1.325000e+00	1.326181e-03
1.327500e+00	1.261596e-03
1.330000e+00	1.203104e-03
1.332500e+00	1.149991e-03
1.335000e+00	1.101644e-03
1.337500e+00	1.057536e-03
1.340000e+00	1.017212e-03
1.342500e+00	9.802760e-04
1.345000e+00	9.463845e-04
1.347500e+00	9.152365e-04
1.350000e+00	8.865684e-04
1.352500e+00	8.601484e-04
1.355000e+00	8.357721e-04
1.357500e+00	8.132585e-04
1.360000e+00	7.924474e-04
1.362500e+00	7.731963e-04
1.365000e+00	7.553781e-04
1.367500e+00	7.388795e-04
1.370000e+00	7.235991e-04
1.372500e+00	7.094460e-04
1.375000e+00	6.963386e-04
1.377500e+00	6.842037e-04
1.380000e+00	6.729753e-04
1.382500e+00	6.625938e-04
1.385000e+00	6.530057e-04
1.387500e+00	6.441625e-04
1.390000e+00	6.360206e-04
1.392500e+00	6.285404e-04
1.395000e+00	6.216863e-04
1.397500e+00	6.154261e-04
1.400000e+00	6.097309e-04
1.402500e+00	6.045743e-04
1.405000e+00	5.999330e-04
1.407500e+00	5.957859e-04
1.410000e+00	5.921139e-04
1.412500e+00	5.889005e-04
1.415000e+00	5.861306e-04
1.417500e+00	5.837912e-04
1.420000e+00	5.818709e-04
1.422500e+00	5.803599e-04
1.425000e+00	5.792498e-04
1.427500e+00	5.785339e-04
1.430000e+00	5.782066e-04
1.432500e+00	5.782637e-04
1.435000e+00	5.787025e-04
1.437500e+00	5.795212e-04
1.440000e+00	5.807195e-04
1.442500e+00	5.822984e-04
1.445000e+00	5.842599e-04
1.447500e+00	5.866073e-04
1.450000e+00	5.893454e-04
1.452500e+00	5.924799e-04
1.455000e+00	5.960181e-04
1.457500e+00	5.999686e-04
1.460000e+00	6.043414e-04
1.462500e+00	6.091478e-04
1.465000e+00	6.144009e-04
1.467500e+00	6.201154e-04
1.470000e+00	6.263075e-04
1.472500e+00	6.329956e-04
1.475000e+00	6.401997e-04
1.477500e+00	6.479423e-04
1.480000e+00	6.562478e-04
1.482500e+00	6.651435e-04
1.485000e+00	6.746591e-04
1.487500e+00	6.848272e-04
1.490000e+00	6.956838e-04
1.492500e+00	7.072683e-04
1.495000e+00	7.196239e-04
1.497500e+00	7.327981e-04
1.500000e+00	7.468432e-04
1.502500e+00	7.618163e-04
1.505000e+00	7.777806e-04
1.507500e+00	7.948055e-04
1.510000e+00	8.129677e-04
1.512500e+00	8.323515e-04
1.515000e+00	8.530506e-04
1.517500e+00	8.751682e-04
1.520000e+00	8.988192e-04
1.522500e+00	9.241309e-04
1.525000e+00	9.512453e-04
1.527500e+00	9.803205e-04
1.530000e+00	1.011533e-03
1.532500e+00	1.045082e-03
1.535000e+00	1.081189e-03
1.537500e+00	1.120105e-03
1.540000e+00	1.162112e-03
1.542500e+00	1.207531e-03
1.545000e+00	1.256725e-03
1.547500e+00	1.310109e-03
1.550000e+00	1.368155e-03
1.552500e+00	1.431407e-03
1.555000e+00	1.500490e-03
1.557500e+00	1.576126e-03
1.560000e+00	1.659152e-03
1.562500e+00	1.750547e-03
1.565000e+00	1.851455e-03
1.567500e+00	1.963222e-03
1.570000e+00	2.087442e-03
1.572500e+00	2.226011e-03
1.575000e+00	2.381197e-03
1.577500e+00	2.555734e-03
1.580000e+00	2.752936e-03
1.582500e+00	2.976850e-03
1.585000e+00	3.232461e-03
1.587500e+00	3.525953e-03
1.590000e+00	3.865074e-03
1.592500e+00	4.259620e-03
1.595000e+00	4.722107e-03
1.597500e+00	5.268702e-03
1.600000e+00	5.920540e-03
1.602500e+00	6.705595e-03
1.605000e+00	7.661390e-03
1.607500e+00	8.838961e-03
1.610000e+00	1.030869e-02
1.612500e+00	1.216895e-02
1.615000e+00	1.455881e-02
1.617500e+00	1.767603e-02
1.620000e+00	2.180065e-02
1.622500e+00	2.731767e-02
1.625000e+00	3.471150e-02
1.627500e+00	4.444300e-02
1.630000e+00	5.649481e-02
1.632500e+00	6.933126e-02
1.635000e+00	7.886987e-02
1.637500e+00	8.017408e-02
1.640000e+00	7.243722e-02
1.642500e+00	5.998509e-02
1.645000e+00	4.748383e-02
1.647500e+00	3.709732e-02
1.650000e+00	2.912215e-02
1.652500e+00	2.315982e-02
1.655000e+00	1.871157e-02
1.657500e+00	1.536278e-02
1.660000e+00	1.280722e-02
1.662500e+00	1.082759e-02
1.665000e+00	9.271162e-03
1.667500e+00	8.030145e-03
1.670000e+00	7.027670e-03
1.672500e+00	6.208212e-03
1.675000e+00	5.531101e-03
1.677500e+00	4.966133e-03
1.680000e+00	4.490573e-03
1.682500e+00	4.087093e-03
1.685000e+00	3.742321e-03
1.687500e+00	3.445829e-03
1.690000e+00	3.189397e-03
1.692500e+00	2.966484e-03
1.695000e+00	2.771837e-03
1.697500e+00	2.601207e-03
1.700000e+00	2.451127e-03
1.702500e+00	2.318750e-03
1.705000e+00	2.201726e-03
1.707500e+00	2.098100e-03
1.710000e+00	2.006241e-03
1.712500e+00	1.924782e-03
1.715000e+00	1.852571e-03
1.717500e+00	1.788637e-03
1.720000e+00	1.732159e-03
1.722500e+00	1.682443e-03
1.725000e+00	1.638900e-03
1.727500e+00	1.601035e-03
1.730000e+00	1.568433e-03
1.732500e+00	1.540746e-03
1.735000e+00	1.517689e-03
1.737500e+00	1.499032e-03
1.740000e+00	1.484593e-03
1.742500e+00	1.474238e-03
1.745000e+00	1.467876e-03
1.747500e+00	1.465454e-03
1.750000e+00	1.466965e-03
1.752500e+00	1.472438e-03
1.755000e+00	1.481944e-03
1.757500e+00	1.495599e-03
1.760000e+00	1.513561e-03
1.762500e+00	1.536040e-03
1.765000e+00	1.563300e-03
1.767500e+00	1.595663e-03
1.770000e+00	1.633522e-03
1.772500e+00	1.677347e-03
1.775000e+00	1.727702e-03
1.777500e+00	1.785253e-03
1.780000e+00	1.850796e-03
1.782500e+00	1.925274e-03
1.785000e+00	2.009811e-03
1.787500e+00	2.105752e-03
1.790000e+00	2.214703e-03
1.792500e+00	2.338601e-03
1.795000e+00	2.479789e-03
1.797500e+00	2.641117e-03
1.800000e+00	2.826074e-03
1.802500e+00	3.038965e-03
1.805000e+00	3.285142e-03
1.807500e+00	3.571314e-03
1.810000e+00	3.905975e-03
1.812500e+00	4.299979e-03
1.815000e+00	4.767356e-03
1.817500e+00	5.326450e-03
1.820000e+00	6.001546e-03
1.822500e+00	6.825223e-03
1.825000e+00	7.841791e-03
1.827500e+00	9.112360e-03
1.830000e+00	1.072234e-02
1.832500e+00	1.279245e-02
1.835000e+00	1.549440e-02
1.837500e+00	1.907134e-02
1.840000e+00	2.385773e-02
1.842500e+00	3.027492e-02
1.845000e+00	3.872558e-02
1.847500e+00	4.920149e-02
1.850000e+00	6.038195e-02
1.852500e+00	6.873020e-02
1.855000e+00	6.993523e-02
1.857500e+00	6.324826e-02
1.860000e+00	5.241301e-02
1.862500e+00	4.150784e-02
1.865000e+00	3.243675e-02
1.867500e+00	2.546740e-02
1.870000e+00	2.025504e-02
1.872500e+00	1.636500e-02
1.875000e+00	1.343530e-02
1.877500e+00	1.119843e-02
1.880000e+00	9.464530e-03
1.882500e+00	8.100150e-03
1.885000e+00	7.011103e-03
1.887500e+00	6.130231e-03
1.890000e+00	5.409025e-03
1.892500e+00	4.811953e-03
1.895000e+00	4.312627e-03
1.897500e+00	3.891183e-03
1.900000e+00	3.532476e-03
1.902500e+00	3.224821e-03
1.905000e+00	2.959097e-03
1.907500e+00	2.728111e-03
1.910000e+00	2.526138e-03
1.912500e+00	2.348573e-03
1.915000e+00	2.191687e-03
1.917500e+00	2.052431e-03
1.920000e+00	1.928298e-03
1.922500e+00	1.817210e-03
1.925000e+00	1.717433e-03
1.927500e+00	1.627513e-03
1.930000e+00	1.546223e-03
1.932500e+00	1.472523e-03
1.935000e+00	1.405526e-03
1.937500e+00	1.344471e-03
1.940000e+00	1.288705e-03
1.942500e+00	1.237665e-03
1.945000e+00	1.190859e-03
1.947500e+00	1.147864e-03
1.950000e+00	1.108306e-03
1.952500e+00	1.071862e-03
1.955000e+00	1.038244e-03
1.957500e+00	1.007202e-03
1.960000e+00	9.785133e-04
1.962500e+00	9.519815e-04
1.965000e+00	9.274327e-04
1.967500e+00	9.047126e-04
1.970000e+00	8.836841e-04
1.972500e+00	8.642252e-04
1.975000e+00	8.462276e-04
1.977500e+00	8.295949e-04
1.980000e+00	8.142414e-04
1.982500e+00	8.000912e-04
1.985000e+00	7.870770e-04
1.987500e+00	7.751397e-04
1.990000e+00	7.642273e-04
1.992500e+00	7.542946e-04
1.995000e+00	7.453028e-04
1.997500e+00	7.372188e-04
2.000000e+00	7.300153e-04
2.002500e+00	7.236703e-04
2.005000e+00	7.181672e-04
2.007500e+00	7.134943e-04
2.010000e+00	7.096452e-04
2.012500e+00	7.066189e-04
2.015000e+00	7.044194e-04
2.017500e+00	7.030567e-04
2.020000e+00	7.025463e-04
2.022500e+00	7.029102e-04
2.025000e+00	7.041773e-04
2.027500e+00	7.063839e-04
2.030000e+00	7.095746e-04
2.032500e+00	7.138032e-04
2.035000e+00	7.191341e-04
2.037500e+00	7.256436e-04
2.040000e+00	7.334216e-04
2.042500e+00	7.425740e-04
2.045000e+00	7.532250e-04
2.047500e+00	7.655207e-04
2.050000e+00	7.796326e-04
2.052500e+00	7.957627e-04
2.055000e+00	8.141495e-04
2.057500e+00	8.350753e-04
2.060000e+00	8.588757e-04
2.062500e+00	8.859512e-04
2.065000e+00	9.167824e-04
2.067500e+00	9.519490e-04
2.070000e+00	9.921545e-04
2.072500e+00	1.038258e-03
2.075000e+00	1.091318e-03
2.077500e+00	1.152645e-03
2.080000e+00	1.223881e-03
2.082500e+00	1.307097e-03
2.085000e+00	1.404934e-03
2.087500e+00	1.520797e-03
2.090000e+00	1.659126e-03
2.092500e+00	1.825780e-03
2.095000e+00	2.028596e-03
2.097500e+00	2.278200e-03
2.100000e+00	2.589199e-03
2.102500e+00	2.981950e-03
2.105000e+00	3.485162e-03
2.107500e+00	4.139643e-03
2.110000e+00	5.003314e-03
2.112500e+00	6.156635e-03
2.115000e+00	7.703900e-03
2.117500e+00	9.754866e-03
2.120000e+00	1.234622e-02
2.122500e+00	1.524019e-02
2.125000e+00	1.765672e-02
2.127500e+00	1.844617e-02
2.130000e+00	1.712729e-02
2.132500e+00	1.447499e-02
2.135000e+00	1.161193e-02
2.137500e+00	9.158205e-03
2.140000e+00	7.250917e-03
2.142500e+00	5.820341e-03
2.145000e+00	4.754046e-03
2.147500e+00	3.953554e-03
2.150000e+00	3.344844e-03
2.152500e+00	2.875095e-03
2.155000e+00	2.507157e-03
2.157500e+00	2.214855e-03
2.160000e+00	1.979575e-03
2.162500e+00	1.787913e-03
2.165000e+00	1.630080e-03
2.167500e+00	1.498833e-03
2.170000e+00	1.388733e-03
2.172500e+00	1.295648e-03
2.175000e+00	1.216396e-03
2.177500e+00	1.148503e-03
2.180000e+00	1.090021e-03
2.182500e+00	1.039405e-03
2.185000e+00	9.954131e-04
2.187500e+00	9.570443e-04
2.190000e+00	9.234815e-04
2.192500e+00	8.940542e-04
2.195000e+00	8.682086e-04
2.197500e+00	8.454839e-04
2.200000e+00	8.254949e-04
2.202500e+00	8.079175e-04
2.205000e+00	7.924780e-04
2.207500e+00	7.789442e-04
2.210000e+00	7.671182e-04
2.212500e+00	7.568305e-04
2.215000e+00	7.479360e-04
2.217500e+00	7.403098e-04
2.220000e+00	7.338441e-04
2.222500e+00	7.284459e-04
2.225000e+00	7.240347e-04
2.227500e+00	7.205409e-04
2.230000e+00	7.179043e-04
2.232500e+00	7.160727e-04
2.235000e+00	7.150013e-04
2.237500e+00	7.146515e-04
2.240000e+00	7.149901e-04
2.242500e+00	7.159892e-04
2.245000e+00	7.176250e-04
2.247500e+00	7.198778e-04
2.250000e+00	7.227318e-04
2.252500e+00	7.261743e-04
2.255000e+00	7.301955e-04
2.257500e+00	7.347889e-04
2.260000e+00	7.399503e-04
2.262500e+00	7.456782e-04
2.265000e+00	7.519735e-04
2.267500e+00	7.588394e-04
2.270000e+00	7.662815e-04
2.272500e+00	7.743074e-04
2.275000e+00	7.829272e-04
2.277500e+00	7.921529e-04
2.280000e+00	8.019990e-04
2.282500e+00	8.124822e-04
2.285000e+00	8.236214e-04
2.287500e+00	8.354382e-04
2.290000e+00	8.479563e-04
2.292500e+00	8.612025e-04
2.295000e+00	8.752059e-04
2.297500e+00	8.899989e-04
2.300000e+00	9.056169e-04
2.302500e+00	9.220985e-04
2.305000e+00	9.394859e-04
2.307500e+00	9.578254e-04
2.310000e+00	9.771670e-04
2.312500e+00	9.975656e-04
2.315000e+00	1.019081e-03
2.317500e+00	1.041777e-03
2.320000e+00	1.065726e-03
2.322500e+00	1.091004e-03
2.325000e+00	1.117695e-03
2.327500e+00	1.145892e-03
2.330000e+00	1.175693e-03
2.332500e+00	1.207209e-03
2.335000e+00	1.240559e-03
2.337500e+00	1.275875e-03
2.340000e+00	1.313301e-03
2.342500e+00	1.352995e-03
2.345000e+00	1.395131e-03
2.347500e+00	1.439901e-03
2.350000e+00	1.487518e-03
2.352500e+00	1.538215e-03
2.355000e+00	1.592252e-03
2.357500e+00	1.649918e-03
2.360000e+00	1.711534e-03
2.362500e+00	1.777457e-03
2.365000e+00	1.848087e-03
2.367500e+00	1.923873e-03
2.370000e+00	2.005318e-03
2.372500e+00	2.092989e-03
2.375000e+00	2.187526e-03
2.377500e+00	2.289655e-03
2.380000e+00	2.400200e-03
2.382500e+00	2.520100e-03
2.385000e+00	2.650432e-03
2.387500e+00	2.792429e-03
2.390000e+00	2.947514e-03
2.392500e+00	3.117333e-03
2.395000e+00	3.303800e-03
2.397500e+00	3.509148e-03
2.400000e+00	3.735997e-03
2.402500e+00	3.987438e-03
2.405000e+00	4.267133e-03
2.407500e+00	4.579447e-03
2.410000e+00	4.929618e-03
2.412500e+00	5.323973e-03
2.415000e+00	5.770200e-03
2.417500e+00	6.277723e-03
2.420000e+00	6.858176e-03
2.422500e+00	7.526053e-03
2.425000e+00	8.299574e-03
2.427500e+00	9.201874e-03
2.430000e+00	1.026264e-02
2.432500e+00	1.152041e-02
2.435000e+00	1.302582e-02
2.437500e+00	1.484626e-02
2.440000e+00	1.707266e-02
2.442500e+00	1.982941e-02
2.445000e+00	2.328910e-02
2.447500e+00	2.769416e-02
2.450000e+00	3.338850e-02
2.452500e+00	4.086113e-02
2.455000e+00	5.079831e-02
2.457500e+00	6.411724e-02
2.460000e+00	8.187996e-02
2.462500e+00	1.047971e-01
2.465000e+00	1.317520e-01
2.467500e+00	1.572131e-01
2.470000e+00	1.707278e-01
2.472500e+00	1.644828e-01
2.475000e+00	1.423568e-01
2.477500e+00	1.151591e-01
2.480000e+00	9.057257e-02
2.482500e+00	7.107597e-02
2.485000e+00	5.641298e-02
2.487500e+00	4.556838e-02
2.490000e+00	3.756030e-02
2.492500e+00	3.163407e-02
2.495000e+00	2.725747e-02
2.497500e+00	2.407331e-02
2.500000e+00	2.185592e-02
2.502500e+00	2.048022e-02
2.505000e+00	1.989876e-02
2.507500e+00	2.011180e-02
2.510000e+00	2.109446e-02
2.512500e+00	2.262157e-02
2.515000e+00	2.400950e-02
2.517500e+00	2.417577e-02
2.520000e+00	2.251074e-02
2.522500e+00	1.957680e-02
2.525000e+00	1.640826e-02
2.527500e+00	1.363474e-02
2.530000e+00	1.141576e-02
2.532500e+00	9.692937e-03
2.535000e+00	8.357200e-03
2.537500e+00	7.309921e-03
2.540000e+00	6.475660e-03
2.542500e+00	5.799811e-03
2.545000e+00	5.243406e-03
2.547500e+00	4.778546e-03
2.550000e+00	4.385033e-03
2.552500e+00	4.048029e-03
2.555000e+00	3.756458e-03
2.557500e+00	3.501925e-03
2.560000e+00	3.277965e-03
2.562500e+00	3.079531e-03
2.565000e+00	2.902627e-03
2.567500e+00	2.744052e-03
2.570000e+00	2.601211e-03
2.572500e+00	2.471979e-03
2.575000e+00	2.354600e-03
2.577500e+00	2.247608e-03
2.580000e+00	2.149771e-03
2.582500e+00	2.060045e-03
2.585000e+00	1.977539e-03
2.587500e+00	1.901490e-03
2.590000e+00	1.831237e-03
2.592500e+00	1.766208e-03
2.595000e+00	1.705905e-03
2.597500e+00	1.649889e-03
2.600000e+00	1.597777e-03
2.602500e+00	1.549229e-03
2.605000e+00	1.503944e-03
2.607500e+00	1.461653e-03
2.610000e+00	1.422119e-03
2.612500e+00	1.385127e-03
2.615000e+00	1.350486e-03
2.617500e+00	1.318024e-03
2.620000e+00	1.287585e-03
2.622500e+00	1.259028e-03
2.625000e+00	1.232227e-03
2.627500e+00	1.207067e-03
2.630000e+00	1.183442e-03
2.632500e+00	1.161258e-03
2.635000e+00	1.140427e-03
2.637500e+00	1.120871e-03
2.640000e+00	1.102518e-03
2.642500e+00	1.085300e-03
2.645000e+00	1.069158e-03
2.647500e+00	1.054037e-03
2.650000e+00	1.039886e-03
2.652500e+00	1.026657e-03
2.655000e+00	1.014310e-03
2.657500e+00	1.002805e-03
2.660000e+00	9.921063e-04
2.662500e+00	9.821815e-04
2.665000e+00	9.730010e-04
2.667500e+00	9.645376e-04
2.670000e+00	9.567670e-04
2.672500e+00	9.496667e-04
2.675000e+00	9.432166e-04
2.677500e+00	9.373988e-04
2.680000e+00	9.321971e-04
2.682500e+00	9.275973e-04
2.685000e+00	9.235868e-04
2.687500e+00	9.201550e-04
2.690000e+00	9.172926e-04
2.692500e+00	9.149921e-04
2.695000e+00	9.132477e-04
2.697500e+00	9.120549e-04
2.700000e+00	9.114108e-04
2.702500e+00	9.113143e-04
2.705000e+00	9.117655e-04
2.707500e+00	9.127664e-04
2.710000e+00	9.143203e-04
2.712500e+00	9.164323e-04
2.715000e+00	9.191094e-04
2.717500e+00	9.223602e-04
2.720000e+00	9.261951e-04
2.722500e+00	9.306268e-04
2.725000e+00	9.356699e-04
2.727500e+00	9.413414e-04
2.730000e+00	9.476606e-04
2.732500e+00	9.546498e-04
2.735000e+00	9.623339e-04
2.737500e+00	9.707412e-04
2.740000e+00	9.799035e-04
2.742500e+00	9.898564e-04
2.745000e+00	1.000640e-03
2.747500e+00	1.012300e-03
2.750000e+00	1.024885e-03
2.752500e+00	1.038454e-03
2.755000e+00	1.053070e-03
2.757500e+00	1.068804e-03
2.760000e+00	1.085738e-03
2.762500e+00	1.103964e-03
2.765000e+00	1.123586e-03
2.767500e+00	1.144722e-03
2.770000e+00	1.167508e-03
2.772500e+00	1.192099e-03
2.775000e+00	1.218674e-03
2.777500e+00	1.247439e-03
2.780000e+00	1.278634e-03
2.782500e+00	1.312538e-03
2.785000e+00	1.349479e-03
2.787500e+00	1.389846e-03
2.790000e+00	1.434099e-03
2.792500e+00	1.482788e-03
2.795000e+00	1.536575e-03
2.797500e+00	1.596267e-03
2.800000e+00	1.662848e-03
2.802500e+00	1.737533e-03
2.805000e+00	1.821838e-03
2.807500e+00	1.917671e-03
2.810000e+00	2.027457e-03
2.812500e+00	2.154323e-03
2.815000e+00	2.302338e-03
2.817500e+00	2.476877e-03
2.820000e+00	2.685135e-03
2.822500e+00	2.936877e-03
2.825000e+00	3.245552e-03
2.827500e+00	3.629934e-03
2.830000e+00	4.116535e-03
2.832500e+00	4.743034e-03
2.835000e+00	5.562718e-03
2.837500e+00	6.648738e-03
2.840000e+00	8.092803e-03
2.842500e+00	9.981147e-03
2.845000e+00	1.230679e-02
2.847500e+00	1.477114e-02
2.850000e+00	1.659481e-02
2.852500e+00	1.685463e-02
2.855000e+00	1.542456e-02
2.857500e+00	1.313278e-02
2.860000e+00	1.085061e-02
2.862500e+00	8.975442e-03
2.865000e+00	7.558431e-03
2.867500e+00	6.523634e-03
2.870000e+00	5.777694e-03
2.872500e+00	5.243472e-03
2.875000e+00	4.864273e-03
2.877500e+00	4.600120e-03
2.880000e+00	4.423183e-03
2.882500e+00	4.314116e-03
2.885000e+00	4.259459e-03
2.887500e+00	4.249855e-03
2.890000e+00	4.278867e-03
2.892500e+00	4.342177e-03
2.895000e+00	4.437057e-03
2.897500e+00	4.562014e-03
2.900000e+00	4.716562e-03
2.902500e+00	4.901085e-03
2.905000e+00	5.116754e-03
2.907500e+00	5.365510e-03
2.910000e+00	5.650081e-03
2.912500e+00	5.974041e-03
2.915000e+00	6.341922e-03
2.917500e+00	6.759359e-03
2.920000e+00	7.233308e-03
2.922500e+00	7.772321e-03
2.925000e+00	8.386928e-03
2.927500e+00	9.090125e-03
2.930000e+00	9.898044e-03
2.932500e+00	1.083083e-02
2.935000e+00	1.191384e-02
2.937500e+00	1.317928e-02
2.940000e+00	1.466843e-02
2.942500e+00	1.643481e-02
2.945000e+00	1.854862e-02
2.947500e+00	2.110305e-02
2.950000e+00	2.422353e-02
2.952500e+00	2.808118e-02
2.955000e+00	3.291274e-02
2.957500e+00	3.904997e-02
2.960000e+00	4.696276e-02
2.962500e+00	5.731963e-02
2.965000e+00	7.106373e-02
2.967500e+00	8.947643e-02
2.970000e+00	1.141148e-01
2.972500e+00	1.462764e-01
2.975000e+00	1.852278e-01
2.977500e+00	2.245997e-01
2.980000e+00	2.500894e-01
2.982500e+00	2.476472e-01
2.985000e+00	2.187940e-01
2.987500e+00	1.787280e-01
2.990000e+00	1.406499e-01
2.992500e+00	1.097473e-01
2.995000e+00	8.622934e-02
2.997500e+00	6.868214e-02
