#omega	spectral weight
-3.000000e+00	2.638532e-03
-2.997500e+00	2.657382e-03
-2.995000e+00	2.728972e-03
-2.992500e+00	2.821589e-03
-2.990000e+00	2.910675e-03
-2.987500e+00	2.959337e-03
-2.985000e+00	2.923912e-03
-2.982500e+00	2.820355e-03
-2.980000e+00	2.714737e-03
-2.977500e+00	2.636163e-03
-2.975000e+00	2.552133e-03
-2.972500e+00	2.428381e-03
-2.970000e+00	2.273946e-03
-2.967500e+00	2.116465e-03
-2.965000e+00	1.982890e-03
-2.962500e+00	1.901161e-03
-2.960000e+00	1.891586e-03
-2.957500e+00	1.960947e-03
-2.955000e+00	2.101697e-03
-2.952500e+00	2.291374e-03
-2.950000e+00	2.504699e-03
-2.947500e+00	2.730400e-03
-2.945000e+00	2.948358e-03
-2.942500e+00	3.104455e-03
-2.940000e+00	3.166558e-03
-2.937500e+00	3.171496e-03
-2.935000e+00	3.152799e-03
-2.932500e+00	3.087271e-03
-2.930000e+00	2.965547e-03
-2.927500e+00	2.848732e-03
-2.925000e+00	2.811068e-03
-2.922500e+00	2.872607e-03
-2.920000e+00	2.977113e-03
-2.917500e+00	3.010764e-03
-2.915000e+00	2.895501e-03
-2.912500e+00	2.675067e-03
-2.910000e+00	2.453539e-03
-2.907500e+00	2.294293e-03
-2.905000e+00	2.205921e-03
-2.902500e+00	2.178337e-03
-2.900000e+00	2.204747e-03
-2.897500e+00	2.268943e-03
-2.895000e+00	2.340558e-03
-2.892500e+00	2.404656e-03
-2.890000e+00	2.467448e-03
-2.887500e+00	2.517813e-03
-2.885000e+00	2.532674e-03
-2.882500e+00	2.530901e-03
-2.880000e+00	2.566559e-03
-2.877500e+00	2.664512e-03
-2.875000e+00	2.785038e-03
-2.872500e+00	2.852370e-03
-2.870000e+00	2.838799e-03
-2.867500e+00	2.792212e-03
-2.865000e+00	2.757082e-03
-2.862500e+00	2.730386e-03
-2.860000e+00	2.710451e-03
-2.857500e+00	2.730968e-03
-2.855000e+00	2.816277e-03
-2.852500e+00	2.933074e-03
-2.850000e+00	3.008539e-03
-2.847500e+00	3.012994e-03
-2.845000e+00	2.989781e-03
-2.842500e+00	2.972297e-03
-2.840000e+00	2.933012e-03
-2.837500e+00	2.846462e-03
-2.835000e+00	2.752496e-03
-2.832500e+00	2.710483e-03
-2.830000e+00	2.727446e-03
-2.827500e+00	2.747924e-03
-2.825000e+00	2.714049e-03
-2.822500e+00	2.637391e-03
-2.820000e+00	2.572343e-03
-2.817500e+00	2.535607e-03
-2.815000e+00	2.493047e-03
-2.812500e+00	2.420743e-03
-2.810000e+00	2.343556e-03
-2.807500e+00	2.290712e-03
-2.805000e+00	2.253241e-03
-2.802500e+00	2.209904e-03
-2.800000e+00	2.174502e-03
-2.797500e+00	2.187974e-03
-2.795000e+00	2.278660e-03
-2.792500e+00	2.443092e-03
-2.790000e+00	2.647899e-03
-2.787500e+00	2.859296e-03
-2.785000e+00	3.080062e-03
-2.782500e+00	3.317790e-03
-2.780000e+00	3.516027e-03
-2.777500e+00	3.583952e-03
-2.775000e+00	3.520111e-03
-2.772500e+00	3.421185e-03
-2.770000e+00	3.348046e-03
-2.767500e+00	3.258193e-03
-2.765000e+00	3.081910e-03
-2.762500e+00	2.835238e-03
-2.760000e+00	2.606023e-03
-2.757500e+00	2.465981e-03
-2.755000e+00	2.440844e-03
-2.752500e+00	2.518192e-03
-2.750000e+00	2.644026e-03
-2.747500e+00	2.723913e-03
-2.745000e+00	2.684469e-03
-2.742500e+00	2.550683e-03
-2.740000e+00	2.407737e-03
-2.737500e+00	2.311163e-03
-2.735000e+00	2.271216e-03
-2.732500e+00	2.286277e-03
-2.730000e+00	2.351753e-03
-2.727500e+00	2.436891e-03
-2.725000e+00	2.490751e-03
-2.722500e+00	2.500771e-03
-2.720000e+00	2.516727e-03
-2.717500e+00	2.593306e-03
-2.715000e+00	2.736277e-03
-2.712500e+00	2.898884e-03
-2.710000e+00	3.032600e-03
-2.707500e+00	3.150254e-03
-2.705000e+00	3.293844e-03
-2.702500e+00	3.438522e-03
-2.700000e+00	3.476893e-03
-2.697500e+00	3.337544e-03
-2.695000e+00	3.086750e-03
-2.692500e+00	2.848649e-03
-2.690000e+00	2.689798e-03
-2.687500e+00	2.602759e-03
-2.685000e+00	2.552473e-03
-2.682500e+00	2.534555e-03
-2.680000e+00	2.584410e-03
-2.677500e+00	2.734574e-03
-2.675000e+00	2.975099e-03
-2.672500e+00	3.226808e-03
-2.670000e+00	3.355299e-03
-2.667500e+00	3.283151e-03
-2.665000e+00	3.081591e-03
-2.662500e+00	2.879594e-03
-2.660000e+00	2.739078e-03
-2.657500e+00	2.639778e-03
-2.655000e+00	2.541205e-03
-2.652500e+00	2.446333e-03
-2.650000e+00	2.387702e-03
-2.647500e+00	2.370702e-03
-2.645000e+00	2.361270e-03
-2.642500e+00	2.332878e-03
-2.640000e+00	2.309301e-03
-2.637500e+00	2.337055e-03
-2.635000e+00	2.435097e-03
-2.632500e+00	2.574663e-03
-2.630000e+00	2.695999e-03
-2.627500e+00	2.770266e-03
-2.625000e+00	2.836277e-03
-2.622500e+00	2.939194e-03
-2.620000e+00	3.058196e-03
-2.617500e+00	3.120641e-03
-2.615000e+00	3.100045e-03
-2.612500e+00	3.065265e-03
-2.610000e+00	3.102374e-03
-2.607500e+00	3.231708e-03
-2.605000e+00	3.386871e-03
-2.602500e+00	3.459928e-03
-2.600000e+00	3.416407e-03
-2.597500e+00	3.338334e-03
-2.595000e+00	3.315122e-03
-2.592500e+00	3.342066e-03
-2.590000e+00	3.320684e-03
-2.587500e+00	3.161762e-03
-2.585000e+00	2.894080e-03
-2.582500e+00	2.618901e-03
-2.580000e+00	2.401413e-03
-2.577500e+00	2.249899e-03
-2.575000e+00	2.157045e-03
-2.572500e+00	2.130551e-03
-2.570000e+00	2.184862e-03
-2.567500e+00	2.319353e-03
-2.565000e+00	2.498682e-03
-2.562500e+00	2.644566e-03
-2.560000e+00	2.682606e-03
-2.557500e+00	2.625500e-03
-2.555000e+00	2.561060e-03
-2.552500e+00	2.561552e-03
-2.550000e+00	2.638612e-03
-2.547500e+00	2.750796e-03
-2.545000e+00	2.849190e-03
-2.542500e+00	2.937774e-03
-2.540000e+00	3.057955e-03
-2.537500e+00	3.206340e-03
-2.535000e+00	3.304588e-03
-2.532500e+00	3.282009e-03
-2.530000e+00	3.178792e-03
-2.527500e+00	3.106133e-03
-2.525000e+00	3.137459e-03
-2.522500e+00	3.261730e-03
-2.520000e+00	3.383248e-03
-2.517500e+00	3.380645e-03
-2.515000e+00	3.230545e-03
-2.512500e+00	3.030313e-03
-2.510000e+00	2.877912e-03
-2.507500e+00	2.791884e-03
-2.505000e+00	2.727885e-03
-2.502500e+00	2.650334e-03
-2.500000e+00	2.585193e-03
-2.497500e+00	2.588016e-03
-2.495000e+00	2.688714e-03
-2.492500e+00	2.867211e-03
-2.490000e+00	3.050065e-03
-2.487500e+00	3.154208e-03
-2.485000e+00	3.168528e-03
-2.482500e+00	3.139416e-03
-2.480000e+00	3.070622e-03
-2.477500e+00	2.920360e-03
-2.475000e+00	2.696707e-03
-2.472500e+00	2.474189e-03
-2.470000e+00	2.320268e-03
-2.467500e+00	2.258387e-03
-2.465000e+00	2.273815e-03
-2.462500e+00	2.325130e-03
-2.460000e+00	2.372880e-03
-2.457500e+00	2.422409e-03
-2.455000e+00	2.518046e-03
-2.452500e+00	2.690053e-03
-2.450000e+00	2.914767e-03
-2.447500e+00	3.110161e-03
-2.445000e+00	3.199484e-03
-2.442500e+00	3.206800e-03
-2.440000e+00	3.234008e-03
-2.437500e+00	3.348332e-03
-2.435000e+00	3.518763e-03
-2.432500e+00	3.626418e-03
-2.430000e+00	3.570045e-03
-2.427500e+00	3.388338e-03
-2.425000e+00	3.212189e-03
-2.422500e+00	3.132358e-03
-2.420000e+00	3.149117e-03
-2.417500e+00	3.185405e-03
-2.415000e+00	3.151163e-03
-2.412500e+00	3.042254e-03
-2.410000e+00	2.942435e-03
-2.407500e+00	2.926573e-03
-2.405000e+00	2.998555e-03
-2.402500e+00	3.080441e-03
-2.400000e+00	3.052943e-03
-2.397500e+00	2.867670e-03
-2.395000e+00	2.599486e-03
-2.392500e+00	2.353918e-03
-2.390000e+00	2.187102e-03
-2.387500e+00	2.106531e-03
-2.385000e+00	2.093971e-03
-2.382500e+00	2.127889e-03
-2.380000e+00	2.207558e-03
-2.377500e+00	2.354157e-03
-2.375000e+00	2.581204e-03
-2.372500e+00	2.860297e-03
-2.370000e+00	3.104009e-03
-2.367500e+00	3.215689e-03
-2.365000e+00	3.199254e-03
-2.362500e+00	3.163691e-03
-2.360000e+00	3.206225e-03
-2.357500e+00	3.336098e-03
-2.355000e+00	3.469482e-03
-2.352500e+00	3.494434e-03
-2.350000e+00	3.393955e-03
-2.347500e+00	3.262475e-03
-2.345000e+00	3.183191e-03
-2.342500e+00	3.148689e-03
-2.340000e+00	3.091564e-03
-2.337500e+00	2.982795e-03
-2.335000e+00	2.877483e-03
-2.332500e+00	2.849861e-03
-2.330000e+00	2.927977e-03
-2.327500e+00	3.073663e-03
-2.325000e+00	3.189654e-03
-2.322500e+00	3.190108e-03
-2.320000e+00	3.097457e-03
-2.317500e+00	3.012767e-03
-2.315000e+00	3.002827e-03
-2.312500e+00	3.046475e-03
-2.310000e+00	3.053557e-03
-2.307500e+00	2.954251e-03
-2.305000e+00	2.783799e-03
-2.302500e+00	2.638064e-03
-2.300000e+00	2.584843e-03
-2.297500e+00	2.638404e-03
-2.295000e+00	2.760507e-03
-2.292500e+00	2.862733e-03
-2.290000e+00	2.857835e-03
-2.287500e+00	2.750522e-03
-2.285000e+00	2.629337e-03
-2.282500e+00	2.569657e-03
-2.280000e+00	2.582820e-03
-2.277500e+00	2.621519e-03
-2.275000e+00	2.624698e-03
-2.272500e+00	2.588170e-03
-2.270000e+00	2.571707e-03
-2.267500e+00	2.635015e-03
-2.265000e+00	2.794716e-03
-2.262500e+00	3.012529e-03
-2.260000e+00	3.205911e-03
-2.257500e+00	3.317976e-03
-2.255000e+00	3.389399e-03
-2.252500e+00	3.502846e-03
-2.250000e+00	3.669834e-03
-2.247500e+00	3.795287e-03
-2.245000e+00	3.766605e-03
-2.242500e+00	3.597469e-03
-2.240000e+00	3.415423e-03
-2.237500e+00	3.321381e-03
-2.235000e+00	3.316242e-03
-2.232500e+00	3.310297e-03
-2.230000e+00	3.201766e-03
-2.227500e+00	2.989129e-03
-2.225000e+00	2.766333e-03
-2.222500e+00	2.620432e-03
-2.220000e+00	2.584138e-03
-2.217500e+00	2.639923e-03
-2.215000e+00	2.724287e-03
-2.212500e+00	2.754152e-03
-2.210000e+00	2.702495e-03
-2.207500e+00	2.628679e-03
-2.205000e+00	2.605407e-03
-2.202500e+00	2.650288e-03
-2.200000e+00	2.712104e-03
-2.197500e+00	2.707280e-03
-2.195000e+00	2.606904e-03
-2.192500e+00	2.472159e-03
-2.190000e+00	2.385600e-03
-2.187500e+00	2.396786e-03
-2.185000e+00	2.524511e-03
-2.182500e+00	2.765264e-03
-2.180000e+00	3.079441e-03
-2.177500e+00	3.370938e-03
-2.175000e+00	3.528233e-03
-2.172500e+00	3.540505e-03
-2.170000e+00	3.512271e-03
-2.167500e+00	3.528553e-03
-2.165000e+00	3.562380e-03
-2.162500e+00	3.513507e-03
-2.160000e+00	3.341614e-03
-2.157500e+00	3.126141e-03
-2.155000e+00	2.971313e-03
-2.152500e+00	2.919231e-03
-2.150000e+00	2.938534e-03
-2.147500e+00	2.952562e-03
-2.145000e+00	2.912251e-03
-2.142500e+00	2.855038e-03
-2.140000e+00	2.860913e-03
-2.137500e+00	2.980456e-03
-2.135000e+00	3.205116e-03
-2.132500e+00	3.450579e-03
-2.130000e+00	3.573534e-03
-2.127500e+00	3.488896e-03
-2.125000e+00	3.270719e-03
-2.122500e+00	3.063513e-03
-2.120000e+00	2.952662e-03
-2.117500e+00	2.932701e-03
-2.115000e+00	2.924917e-03
-2.112500e+00	2.835881e-03
-2.110000e+00	2.651759e-03
-2.107500e+00	2.446499e-03
-2.105000e+00	2.297544e-03
-2.102500e+00	2.242363e-03
-2.100000e+00	2.287562e-03
-2.097500e+00	2.416957e-03
-2.095000e+00	2.583556e-03
-2.092500e+00	2.715293e-03
-2.090000e+00	2.774037e-03
-2.087500e+00	2.804851e-03
-2.085000e+00	2.882668e-03
-2.082500e+00	3.030564e-03
-2.080000e+00	3.189862e-03
-2.077500e+00	3.259317e-03
-2.075000e+00	3.205882e-03
-2.072500e+00	3.113838e-03
-2.070000e+00	3.095377e-03
-2.067500e+00	3.210440e-03
-2.065000e+00	3.449608e-03
-2.062500e+00	3.722352e-03
-2.060000e+00	3.872501e-03
-2.057500e+00	3.801344e-03
-2.055000e+00	3.583483e-03
-2.052500e+00	3.377520e-03
-2.050000e+00	3.280834e-03
-2.047500e+00	3.288884e-03
-2.045000e+00	3.310383e-03
-2.042500e+00	3.231063e-03
-2.040000e+00	3.028137e-03
-2.037500e+00	2.789454e-03
-2.035000e+00	2.611005e-03
-2.032500e+00	2.534480e-03
-2.030000e+00	2.549669e-03
-2.027500e+00	2.606356e-03
-2.025000e+00	2.643536e-03
-2.022500e+00	2.649508e-03
-2.020000e+00	2.675353e-03
-2.017500e+00	2.770755e-03
-2.015000e+00	2.925825e-03
-2.012500e+00	3.056489e-03
-2.010000e+00	3.058651e-03
-2.007500e+00	2.921330e-03
-2.005000e+00	2.742109e-03
-2.002500e+00	2.623205e-03
-2.000000e+00	2.611066e-03
-1.997500e+00	2.698374e-03
-1.995000e+00	2.828610e-03
-1.992500e+00	2.914389e-03
-1.990000e+00	2.911773e-03
-1.987500e+00	2.874899e-03
-1.985000e+00	2.896757e-03
-1.982500e+00	3.031344e-03
-1.980000e+00	3.265526e-03
-1.977500e+00	3.505789e-03
-1.975000e+00	3.607241e-03
-1.972500e+00	3.501916e-03
-1.970000e+00	3.281395e-03
-1.967500e+00	3.091439e-03
-1.965000e+00	3.016932e-03
-1.962500e+00	3.065465e-03
-1.960000e+00	3.178633e-03
-1.957500e+00	3.256133e-03
-1.955000e+00	3.239046e-03
-1.952500e+00	3.178885e-03
-1.950000e+00	3.175054e-03
-1.947500e+00	3.276767e-03
-1.945000e+00	3.443050e-03
-1.942500e+00	3.549949e-03
-1.940000e+00	3.482271e-03
-1.937500e+00	3.262149e-03
-1.935000e+00	3.019282e-03
-1.932500e+00	2.858054e-03
-1.930000e+00	2.803616e-03
-1.927500e+00	2.808779e-03
-1.925000e+00	2.780488e-03
-1.922500e+00	2.654550e-03
-1.920000e+00	2.462061e-03
-1.917500e+00	2.284265e-03
-1.915000e+00	2.178799e-03
-1.912500e+00	2.168133e-03
-1.910000e+00	2.255426e-03
-1.907500e+00	2.428365e-03
-1.905000e+00	2.646086e-03
-1.902500e+00	2.835507e-03
-1.900000e+00	2.944413e-03
-1.897500e+00	3.009177e-03
-1.895000e+00	3.117950e-03
-1.892500e+00	3.316109e-03
-1.890000e+00	3.553772e-03
-1.887500e+00	3.694187e-03
-1.885000e+00	3.626057e-03
-1.882500e+00	3.395720e-03
-1.880000e+00	3.152888e-03
-1.877500e+00	3.012828e-03
-1.875000e+00	3.018465e-03
-1.872500e+00	3.156190e-03
-1.870000e+00	3.353176e-03
-1.867500e+00	3.479873e-03
-1.865000e+00	3.436514e-03
-1.862500e+00	3.262918e-03
-1.860000e+00	3.088815e-03
-1.857500e+00	3.007135e-03
-1.855000e+00	3.028162e-03
-1.852500e+00	3.087082e-03
-1.850000e+00	3.086496e-03
-1.847500e+00	2.991497e-03
-1.845000e+00	2.870454e-03
-1.842500e+00	2.816363e-03
-1.840000e+00	2.876166e-03
-1.837500e+00	3.034694e-03
-1.835000e+00	3.207000e-03
-1.832500e+00	3.263466e-03
-1.830000e+00	3.140811e-03
-1.827500e+00	2.915190e-03
-1.825000e+00	2.711157e-03
-1.822500e+00	2.600580e-03
-1.820000e+00	2.588507e-03
-1.817500e+00	2.625295e-03
-1.815000e+00	2.629501e-03
-1.812500e+00	2.554732e-03
-1.810000e+00	2.439686e-03
-1.807500e+00	2.360442e-03
-1.805000e+00	2.369232e-03
-1.802500e+00	2.485578e-03
-1.800000e+00	2.700821e-03
-1.797500e+00	2.965575e-03
-1.795000e+00	3.183951e-03
-1.792500e+00	3.278159e-03
-1.790000e+00	3.283159e-03
-1.787500e+00	3.313058e-03
-1.785000e+00	3.445364e-03
-1.782500e+00	3.658875e-03
-1.780000e+00	3.827411e-03
-1.777500e+00	3.800306e-03
-1.775000e+00	3.561782e-03
-1.772500e+00	3.248416e-03
-1.770000e+00	3.001924e-03
-1.767500e+00	2.890591e-03
-1.765000e+00	2.924061e-03
-1.762500e+00	3.067466e-03
-1.760000e+00	3.230579e-03
-1.757500e+00	3.287794e-03
-1.755000e+00	3.182975e-03
-1.752500e+00	2.993899e-03
-1.750000e+00	2.840878e-03
-1.747500e+00	2.790077e-03
-1.745000e+00	2.836845e-03
-1.742500e+00	2.913540e-03
-1.740000e+00	2.923522e-03
-1.737500e+00	2.830189e-03
-1.735000e+00	2.698593e-03
-1.732500e+00	2.619426e-03
-1.730000e+00	2.638587e-03
-1.727500e+00	2.743253e-03
-1.725000e+00	2.861239e-03
-1.722500e+00	2.891033e-03
-1.720000e+00	2.794765e-03
-1.717500e+00	2.642691e-03
-1.715000e+00	2.533669e-03
-1.712500e+00	2.525139e-03
-1.710000e+00	2.628623e-03
-1.707500e+00	2.812606e-03
-1.705000e+00	2.992741e-03
-1.702500e+00	3.061981e-03
-1.700000e+00	2.991866e-03
-1.697500e+00	2.870036e-03
-1.695000e+00	2.807211e-03
-1.692500e+00	2.865304e-03
-1.690000e+00	3.052705e-03
-1.687500e+00	3.321016e-03
-1.685000e+00	3.554211e-03
-1.682500e+00	3.625808e-03
-1.680000e+00	3.530505e-03
-1.677500e+00	3.393703e-03
-1.675000e+00	3.332941e-03
-1.672500e+00	3.368743e-03
-1.670000e+00	3.419867e-03
-1.667500e+00	3.364822e-03
-1.665000e+00	3.167735e-03
-1.662500e+00	2.917623e-03
-1.660000e+00	2.724962e-03
-1.657500e+00	2.648900e-03
-1.655000e+00	2.701266e-03
-1.652500e+00	2.855382e-03
-1.650000e+00	3.032286e-03
-1.647500e+00	3.109164e-03
-1.645000e+00	3.013257e-03
-1.642500e+00	2.804302e-03
-1.640000e+00	2.602768e-03
-1.637500e+00	2.488764e-03
-1.635000e+00	2.486146e-03
-1.632500e+00	2.576187e-03
-1.630000e+00	2.696403e-03
-1.627500e+00	2.755214e-03
-1.625000e+00	2.706836e-03
-1.622500e+00	2.604991e-03
-1.620000e+00	2.542110e-03
-1.617500e+00	2.576537e-03
-1.615000e+00	2.717480e-03
-1.612500e+00	2.921100e-03
-1.610000e+00	3.085356e-03
-1.607500e+00	3.105652e-03
-1.605000e+00	2.985166e-03
-1.602500e+00	2.833617e-03
-1.600000e+00	2.757491e-03
-1.597500e+00	2.807317e-03
-1.595000e+00	2.983562e-03
-1.592500e+00	3.232893e-03
-1.590000e+00	3.438133e-03
-1.587500e+00	3.479530e-03
-1.585000e+00	3.361307e-03
-1.582500e+00	3.210172e-03
-1.580000e+00	3.144044e-03
-1.577500e+00	3.199244e-03
-1.575000e+00	3.323092e-03
-1.572500e+00	3.389702e-03
-1.570000e+00	3.289165e-03
-1.567500e+00	3.045004e-03
-1.565000e+00	2.779471e-03
-1.562500e+00	2.593147e-03
-1.560000e+00	2.528557e-03
-1.557500e+00	2.591020e-03
-1.555000e+00	2.757131e-03
-1.552500e+00	2.956945e-03
-1.550000e+00	3.069823e-03
-1.547500e+00	3.004873e-03
-1.545000e+00	2.801487e-03
-1.542500e+00	2.580966e-03
-1.540000e+00	2.434843e-03
-1.537500e+00	2.396385e-03
-1.535000e+00	2.456723e-03
-1.532500e+00	2.568255e-03
-1.530000e+00	2.649271e-03
-1.527500e+00	2.639818e-03
-1.525000e+00	2.568810e-03
-1.522500e+00	2.520920e-03
-1.520000e+00	2.558515e-03
-1.517500e+00	2.692013e-03
-1.515000e+00	2.873679e-03
-1.512500e+00	3.004606e-03
-1.510000e+00	3.006664e-03
-1.507500e+00	2.913547e-03
-1.505000e+00	2.834936e-03
-1.502500e+00	2.857039e-03
-1.500000e+00	3.006627e-03
-1.497500e+00	3.245955e-03
-1.495000e+00	3.461127e-03
-1.492500e+00	3.506095e-03
-1.490000e+00	3.340690e-03
-1.487500e+00	3.078527e-03
-1.485000e+00	2.860318e-03
-1.482500e+00	2.760560e-03
-1.480000e+00	2.789837e-03
-1.477500e+00	2.907164e-03
-1.475000e+00	3.018854e-03
-1.472500e+00	3.021959e-03
-1.470000e+00	2.904668e-03
-1.467500e+00	2.759276e-03
-1.465000e+00	2.683044e-03
-1.462500e+00	2.716988e-03
-1.460000e+00	2.839442e-03
-1.457500e+00	2.963384e-03
-1.455000e+00	2.969066e-03
-1.452500e+00	2.810966e-03
-1.450000e+00	2.567550e-03
-1.447500e+00	2.348242e-03
-1.445000e+00	2.215292e-03
-1.442500e+00	2.187212e-03
-1.440000e+00	2.259320e-03
-1.437500e+00	2.403936e-03
-1.435000e+00	2.556351e-03
-1.432500e+00	2.630470e-03
-1.430000e+00	2.595949e-03
-1.427500e+00	2.518073e-03
-1.425000e+00	2.488719e-03
-1.422500e+00	2.562187e-03
-1.420000e+00	2.745173e-03
-1.417500e+00	2.989498e-03
-1.415000e+00	3.181229e-03
-1.412500e+00	3.198056e-03
-1.410000e+00	3.035499e-03
-1.407500e+00	2.813580e-03
-1.405000e+00	2.652904e-03
-1.402500e+00	2.612547e-03
-1.400000e+00	2.703014e-03
-1.397500e+00	2.894870e-03
-1.395000e+00	3.102823e-03
-1.392500e+00	3.197653e-03
-1.390000e+00	3.109613e-03
-1.387500e+00	2.910024e-03
-1.385000e+00	2.728222e-03
-1.382500e+00	2.645796e-03
-1.380000e+00	2.678625e-03
-1.377500e+00	2.784750e-03
-1.375000e+00	2.868644e-03
-1.372500e+00	2.835227e-03
-1.370000e+00	2.686565e-03
-1.367500e+00	2.516265e-03
-1.365000e+00	2.411530e-03
-1.362500e+00	2.406001e-03
-1.360000e+00	2.481227e-03
-1.357500e+00	2.567752e-03
-1.355000e+00	2.571250e-03
-1.352500e+00	2.455886e-03
-1.350000e+00	2.283357e-03
-1.347500e+00	2.140664e-03
-1.345000e+00	2.079025e-03
-1.342500e+00	2.115718e-03
-1.340000e+00	2.247386e-03
-1.337500e+00	2.443829e-03
-1.335000e+00	2.629888e-03
-1.332500e+00	2.706203e-03
-1.330000e+00	2.641117e-03
-1.327500e+00	2.512353e-03
-1.325000e+00	2.423402e-03
-1.322500e+00	2.432432e-03
-1.320000e+00	2.546373e-03
-1.317500e+00	2.721155e-03
-1.315000e+00	2.857855e-03
-1.312500e+00	2.856128e-03
-1.310000e+00	2.718435e-03
-1.307500e+00	2.547256e-03
-1.305000e+00	2.440525e-03
-1.302500e+00	2.441816e-03
-1.300000e+00	2.545820e-03
-1.297500e+00	2.697207e-03
-1.295000e+00	2.791797e-03
-1.292500e+00	2.743281e-03
-1.290000e+00	2.576287e-03
-1.287500e+00	2.395125e-03
-1.285000e+00	2.284048e-03
-1.282500e+00	2.275133e-03
-1.280000e+00	2.357826e-03
-1.277500e+00	2.477071e-03
-1.275000e+00	2.536667e-03
-1.272500e+00	2.464076e-03
-1.270000e+00	2.288223e-03
-1.267500e+00	2.101297e-03
-1.265000e+00	1.972781e-03
-1.262500e+00	1.928683e-03
-1.260000e+00	1.965870e-03
-1.257500e+00	2.055176e-03
-1.255000e+00	2.135676e-03
-1.252500e+00	2.140691e-03
-1.250000e+00	2.062326e-03
-1.247500e+00	1.960167e-03
-1.245000e+00	1.898614e-03
-1.242500e+00	1.912112e-03
-1.240000e+00	2.011025e-03
-1.237500e+00	2.186033e-03
-1.235000e+00	2.394765e-03
-1.232500e+00	2.552216e-03
-1.230000e+00	2.580631e-03
-1.227500e+00	2.496147e-03
-1.225000e+00	2.393890e-03
-1.222500e+00	2.358644e-03
-1.220000e+00	2.430837e-03
-1.217500e+00	2.615678e-03
-1.215000e+00	2.879710e-03
-1.212500e+00	3.130837e-03
-1.210000e+00	3.243190e-03
-1.207500e+00	3.172307e-03
-1.205000e+00	3.012831e-03
-1.202500e+00	2.895437e-03
-1.200000e+00	2.893902e-03
-1.197500e+00	3.016192e-03
-1.195000e+00	3.208242e-03
-1.192500e+00	3.359109e-03
-1.190000e+00	3.373707e-03
-1.187500e+00	3.278747e-03
-1.185000e+00	3.193446e-03
-1.182500e+00	3.212745e-03
-1.180000e+00	3.353459e-03
-1.177500e+00	3.543267e-03
-1.175000e+00	3.634184e-03
-1.172500e+00	3.509378e-03
-1.170000e+00	3.209775e-03
-1.167500e+00	2.877211e-03
-1.165000e+00	2.618750e-03
-1.162500e+00	2.475351e-03
-1.160000e+00	2.453169e-03
-1.157500e+00	2.545941e-03
-1.155000e+00	2.732953e-03
-1.152500e+00	2.959255e-03
-1.150000e+00	3.132068e-03
-1.147500e+00	3.188112e-03
-1.145000e+00	3.173112e-03
-1.142500e+00	3.198040e-03
-1.140000e+00	3.345127e-03
-1.137500e+00	3.631648e-03
-1.135000e+00	3.992642e-03
-1.132500e+00	4.267378e-03
-1.130000e+00	4.285100e-03
-1.127500e+00	4.043655e-03
-1.125000e+00	3.712935e-03
-1.122500e+00	3.458073e-03
-1.120000e+00	3.353107e-03
-1.117500e+00	3.397926e-03
-1.115000e+00	3.533884e-03
-1.112500e+00	3.653828e-03
-1.110000e+00	3.673157e-03
-1.107500e+00	3.624091e-03
-1.105000e+00	3.622612e-03
-1.102500e+00	3.764923e-03
-1.100000e+00	4.084124e-03
-1.097500e+00	4.531714e-03
-1.095000e+00	4.941746e-03
-1.092500e+00	5.069049e-03
-1.090000e+00	4.801187e-03
-1.087500e+00	4.289596e-03
-1.085000e+00	3.769697e-03
-1.082500e+00	3.379992e-03
-1.080000e+00	3.160583e-03
-1.077500e+00	3.105236e-03
-1.075000e+00	3.181711e-03
-1.072500e+00	3.317458e-03
-1.070000e+00	3.392642e-03
-1.067500e+00	3.311310e-03
-1.065000e+00	3.100420e-03
-1.062500e+00	2.871700e-03
-1.060000e+00	2.714127e-03
-1.057500e+00	2.665489e-03
-1.055000e+00	2.735515e-03
-1.052500e+00	2.921632e-03
-1.050000e+00	3.202817e-03
-1.047500e+00	3.521850e-03
-1.045000e+00	3.800086e-03
-1.042500e+00	4.019811e-03
-1.040000e+00	4.269974e-03
-1.037500e+00	4.666573e-03
-1.035000e+00	5.255838e-03
-1.032500e+00	5.949944e-03
-1.030000e+00	6.489911e-03
-1.027500e+00	6.577852e-03
-1.025000e+00	6.188971e-03
-1.022500e+00	5.606640e-03
-1.020000e+00	5.114323e-03
-1.017500e+00	4.814895e-03
-1.015000e+00	4.642660e-03
-1.012500e+00	4.436160e-03
-1.010000e+00	4.080169e-03
-1.007500e+00	3.616861e-03
-1.005000e+00	3.166806e-03
-1.002500e+00	2.808498e-03
-1.000000e+00	2.562533e-03
-9.975000e-01	2.423273e-03
-9.950000e-01	2.380952e-03
-9.925000e-01	2.428241e-03
-9.900000e-01	2.555960e-03
-9.875000e-01	2.739876e-03
-9.850000e-01	2.930148e-03
-9.825000e-01	3.078250e-03
-9.800000e-01	3.197402e-03
-9.775000e-01	3.364467e-03
-9.750000e-01	3.659993e-03
-9.725000e-01	4.133291e-03
-9.700000e-01	4.786194e-03
-9.675000e-01	5.527856e-03
-9.650000e-01	6.129171e-03
-9.625000e-01	6.333190e-03
-9.600000e-01	6.131380e-03
-9.575000e-01	5.792612e-03
-9.550000e-01	5.586179e-03
-9.525000e-01	5.615053e-03
-9.500000e-01	5.804705e-03
-9.475000e-01	5.927900e-03
-9.450000e-01	5.745916e-03
-9.425000e-01	5.248750e-03
-9.400000e-01	4.648011e-03
-9.375000e-01	4.142256e-03
-9.350000e-01	3.809141e-03
-9.325000e-01	3.631304e-03
-9.300000e-01	3.528456e-03
-9.275000e-01	3.396249e-03
-9.250000e-01	3.188156e-03
-9.225000e-01	2.951885e-03
-9.200000e-01	2.761105e-03
-9.175000e-01	2.658398e-03
-9.150000e-01	2.658995e-03
-9.125000e-01	2.770245e-03
-9.100000e-01	3.001443e-03
-9.075000e-01	3.360822e-03
-9.050000e-01	3.835390e-03
-9.025000e-01	4.351648e-03
-9.000000e-01	4.760564e-03
-8.975000e-01	4.943758e-03
-8.950000e-01	4.966859e-03
-8.925000e-01	5.025449e-03
-8.900000e-01	5.269773e-03
-8.875000e-01	5.721591e-03
-8.850000e-01	6.242275e-03
-8.825000e-01	6.545896e-03
-8.800000e-01	6.405124e-03
-8.775000e-01	5.907866e-03
-8.750000e-01	5.349226e-03
-8.725000e-01	4.954732e-03
-8.700000e-01	4.803891e-03
-8.675000e-01	4.867077e-03
-8.650000e-01	5.014429e-03
-8.625000e-01	5.035004e-03
-8.600000e-01	4.782456e-03
-8.575000e-01	4.324468e-03
-8.550000e-01	3.844891e-03
-8.525000e-01	3.472093e-03
-8.500000e-01	3.249170e-03
-8.475000e-01	3.173873e-03
-8.450000e-01	3.220825e-03
-8.425000e-01	3.335860e-03
-8.400000e-01	3.436157e-03
-8.375000e-01	3.465843e-03
-8.350000e-01	3.461050e-03
-8.325000e-01	3.515084e-03
-8.300000e-01	3.705384e-03
-8.275000e-01	4.072737e-03
-8.250000e-01	4.616722e-03
-8.225000e-01	5.258513e-03
-8.200000e-01	5.795195e-03
-8.175000e-01	5.984292e-03
-8.150000e-01	5.793479e-03
-8.125000e-01	5.455266e-03
-8.100000e-01	5.227454e-03
-8.075000e-01	5.239925e-03
-8.050000e-01	5.496471e-03
-8.025000e-01	5.875664e-03
-8.000000e-01	6.126047e-03
-7.975000e-01	6.010792e-03
-7.950000e-01	5.553067e-03
-7.925000e-01	4.998540e-03
-7.900000e-01	4.562934e-03
-7.875000e-01	4.333288e-03
-7.850000e-01	4.299687e-03
-7.825000e-01	4.375187e-03
-7.800000e-01	4.404848e-03
-7.775000e-01	4.257102e-03
-7.750000e-01	3.953265e-03
-7.725000e-01	3.628482e-03
-7.700000e-01	3.395021e-03
-7.675000e-01	3.301625e-03
-7.650000e-01	3.362424e-03
-7.625000e-01	3.579804e-03
-7.600000e-01	3.939589e-03
-7.575000e-01	4.378202e-03
-7.550000e-01	4.753275e-03
-7.525000e-01	4.914370e-03
-7.500000e-01	4.869387e-03
-7.475000e-01	4.793397e-03
-7.450000e-01	4.861499e-03
-7.425000e-01	5.154256e-03
-7.400000e-01	5.643518e-03
-7.375000e-01	6.162885e-03
-7.350000e-01	6.427000e-03
-7.325000e-01	6.251856e-03
-7.300000e-01	5.768438e-03
-7.275000e-01	5.267199e-03
-7.250000e-01	4.947784e-03
-7.225000e-01	4.873376e-03
-7.200000e-01	5.007115e-03
-7.175000e-01	5.212310e-03
-7.150000e-01	5.272167e-03
-7.125000e-01	5.046163e-03
-7.100000e-01	4.618533e-03
-7.075000e-01	4.186463e-03
-7.050000e-01	3.884933e-03
-7.025000e-01	3.759181e-03
-7.000000e-01	3.799745e-03
-6.975000e-01	3.951264e-03
-6.950000e-01	4.103269e-03
-6.925000e-01	4.137855e-03
-6.900000e-01	4.045298e-03
-6.875000e-01	3.938123e-03
-6.850000e-01	3.938920e-03
-6.825000e-01	4.118512e-03
-6.800000e-01	4.502809e-03
-6.775000e-01	5.067876e-03
-6.750000e-01	5.691960e-03
-6.725000e-01	6.128537e-03
-6.700000e-01	6.158845e-03
-6.675000e-01	5.839887e-03
-6.650000e-01	5.446278e-03
-6.625000e-01	5.208312e-03
-6.600000e-01	5.213637e-03
-6.575000e-01	5.425513e-03
-6.550000e-01	5.684738e-03
-6.525000e-01	5.753969e-03
-6.500000e-01	5.512558e-03
-6.475000e-01	5.089931e-03
-6.450000e-01	4.707234e-03
-6.425000e-01	4.496820e-03
-6.400000e-01	4.477648e-03
-6.375000e-01	4.573241e-03
-6.350000e-01	4.627289e-03
-6.325000e-01	4.499860e-03
-6.300000e-01	4.208028e-03
-6.275000e-01	3.893823e-03
-6.250000e-01	3.680173e-03
-6.225000e-01	3.623830e-03
-6.200000e-01	3.744560e-03
-6.175000e-01	4.048585e-03
-6.150000e-01	4.519820e-03
-6.125000e-01	5.076427e-03
-6.100000e-01	5.532302e-03
-6.075000e-01	5.688788e-03
-6.050000e-01	5.550772e-03
-6.025000e-01	5.336950e-03
-6.000000e-01	5.259246e-03
-5.975000e-01	5.395580e-03
-5.950000e-01	5.676715e-03
-5.925000e-01	5.899118e-03
-5.900000e-01	5.849271e-03
-5.875000e-01	5.526074e-03
-5.850000e-01	5.137766e-03
-5.825000e-01	4.882718e-03
-5.800000e-01	4.840240e-03
-5.775000e-01	4.975276e-03
-5.750000e-01	5.141984e-03
-5.725000e-01	5.132620e-03
-5.700000e-01	4.852449e-03
-5.675000e-01	4.419102e-03
-5.650000e-01	4.015909e-03
-5.625000e-01	3.751544e-03
-5.600000e-01	3.661822e-03
-5.575000e-01	3.752355e-03
-5.550000e-01	4.015624e-03
-5.525000e-01	4.413338e-03
-5.500000e-01	4.837050e-03
-5.475000e-01	5.117444e-03
-5.450000e-01	5.167236e-03
-5.425000e-01	5.098808e-03
-5.400000e-01	5.105902e-03
-5.375000e-01	5.297396e-03
-5.350000e-01	5.638653e-03
-5.325000e-01	5.944805e-03
-5.300000e-01	5.978947e-03
-5.275000e-01	5.689522e-03
-5.250000e-01	5.272705e-03
-5.225000e-01	4.956790e-03
-5.200000e-01	4.857271e-03
-5.175000e-01	4.979585e-03
-5.150000e-01	5.227258e-03
-5.125000e-01	5.397544e-03
-5.100000e-01	5.288438e-03
-5.075000e-01	4.899672e-03
-5.050000e-01	4.420864e-03
-5.025000e-01	4.029610e-03
-5.000000e-01	3.806429e-03
-4.975000e-01	3.770105e-03
-4.950000e-01	3.914866e-03
-4.925000e-01	4.210322e-03
-4.900000e-01	4.570940e-03
-4.875000e-01	4.847790e-03
-4.850000e-01	4.933225e-03
-4.825000e-01	4.893600e-03
-4.800000e-01	4.904236e-03
-4.775000e-01	5.089969e-03
-4.750000e-01	5.454389e-03
-4.725000e-01	5.855746e-03
-4.700000e-01	6.042452e-03
-4.675000e-01	5.859889e-03
-4.650000e-01	5.431517e-03
-4.625000e-01	5.012053e-03
-4.600000e-01	4.772539e-03
-4.575000e-01	4.764617e-03
-4.550000e-01	4.948053e-03
-4.525000e-01	5.183789e-03
-4.500000e-01	5.256399e-03
-4.475000e-01	5.036544e-03
-4.450000e-01	4.620417e-03
-4.425000e-01	4.206928e-03
-4.400000e-01	3.928735e-03
-4.375000e-01	3.834098e-03
-4.350000e-01	3.929021e-03
-4.325000e-01	4.193360e-03
-4.300000e-01	4.558151e-03
-4.275000e-01	4.880566e-03
-4.250000e-01	5.014009e-03
-4.225000e-01	4.967328e-03
-4.200000e-01	4.908127e-03
-4.175000e-01	4.995895e-03
-4.150000e-01	5.279770e-03
-4.125000e-01	5.670487e-03
-4.100000e-01	5.941732e-03
-4.075000e-01	5.871578e-03
-4.050000e-01	5.479932e-03
-4.025000e-01	5.000923e-03
-4.000000e-01	4.644349e-03
-3.975000e-01	4.498162e-03
-3.950000e-01	4.555057e-03
-3.925000e-01	4.725717e-03
-3.900000e-01	4.841353e-03
-3.875000e-01	4.750718e-03
-3.850000e-01	4.474063e-03
-3.825000e-01	4.171555e-03
-3.800000e-01	3.983905e-03
-3.775000e-01	3.975854e-03
-3.750000e-01	4.159767e-03
-3.725000e-01	4.503148e-03
-3.700000e-01	4.899495e-03
-3.675000e-01	5.167419e-03
-3.650000e-01	5.184507e-03
-3.625000e-01	5.036246e-03
-3.600000e-01	4.924965e-03
-3.575000e-01	4.990093e-03
-3.550000e-01	5.244583e-03
-3.525000e-01	5.562135e-03
-3.500000e-01	5.704270e-03
-3.475000e-01	5.501112e-03
-3.450000e-01	5.039775e-03
-3.425000e-01	4.551751e-03
-3.400000e-01	4.202581e-03
-3.375000e-01	4.050648e-03
-3.350000e-01	4.087841e-03
-3.325000e-01	4.252942e-03
-3.300000e-01	4.423254e-03
-3.275000e-01	4.468308e-03
-3.250000e-01	4.378548e-03
-3.225000e-01	4.279778e-03
-3.200000e-01	4.303501e-03
-3.175000e-01	4.504879e-03
-3.150000e-01	4.845201e-03
-3.125000e-01	5.178004e-03
-3.100000e-01	5.306197e-03
-3.075000e-01	5.170111e-03
-3.050000e-01	4.925142e-03
-3.025000e-01	4.769965e-03
-3.000000e-01	4.798844e-03
-2.975000e-01	4.975588e-03
-2.950000e-01	5.139826e-03
-2.925000e-01	5.089308e-03
-2.900000e-01	4.773280e-03
-2.875000e-01	4.343571e-03
-2.850000e-01	3.979858e-03
-2.825000e-01	3.776526e-03
-2.800000e-01	3.760646e-03
-2.775000e-01	3.926838e-03
-2.750000e-01	4.235315e-03
-2.725000e-01	4.581351e-03
-2.700000e-01	4.805759e-03
-2.675000e-01	4.826216e-03
-2.650000e-01	4.742318e-03
-2.625000e-01	4.721340e-03
-2.600000e-01	4.838062e-03
-2.575000e-01	5.021096e-03
-2.550000e-01	5.092310e-03
-2.525000e-01	4.930134e-03
-2.500000e-01	4.614303e-03
-2.475000e-01	4.326551e-03
-2.450000e-01	4.185427e-03
-2.425000e-01	4.204106e-03
-2.400000e-01	4.301437e-03
-2.375000e-01	4.337488e-03
-2.350000e-01	4.229215e-03
-2.325000e-01	4.043597e-03
-2.300000e-01	3.917278e-03
-2.275000e-01	3.943424e-03
-2.250000e-01	4.147128e-03
-2.225000e-01	4.482704e-03
-2.200000e-01	4.814139e-03
-2.175000e-01	4.959961e-03
-2.150000e-01	4.862599e-03
-2.125000e-01	4.659314e-03
-2.100000e-01	4.515749e-03
-2.075000e-01	4.474515e-03
-2.050000e-01	4.445473e-03
-2.025000e-01	4.309190e-03
-2.000000e-01	4.063242e-03
-1.975000e-01	3.822981e-03
-1.950000e-01	3.699187e-03
-1.925000e-01	3.740757e-03
-1.900000e-01	3.938845e-03
-1.875000e-01	4.218680e-03
-1.850000e-01	4.435096e-03
-1.825000e-01	4.463809e-03
-1.800000e-01	4.340616e-03
-1.775000e-01	4.221305e-03
-1.750000e-01	4.221536e-03
-1.725000e-01	4.339544e-03
-1.700000e-01	4.456592e-03
-1.675000e-01	4.416935e-03
-1.650000e-01	4.189134e-03
-1.625000e-01	3.900534e-03
-1.600000e-01	3.693407e-03
-1.575000e-01	3.631316e-03
-1.550000e-01	3.698957e-03
-1.525000e-01	3.819453e-03
-1.500000e-01	3.903642e-03
-1.475000e-01	3.941429e-03
-1.450000e-01	4.006711e-03
-1.425000e-01	4.144569e-03
-1.400000e-01	4.288016e-03
-1.375000e-01	4.295944e-03
-1.350000e-01	4.110413e-03
-1.325000e-01	3.836286e-03
-1.300000e-01	3.620393e-03
-1.275000e-01	3.537353e-03
-1.250000e-01	3.575691e-03
-1.225000e-01	3.655926e-03
-1.200000e-01	3.685198e-03
-1.175000e-01	3.653185e-03
-1.150000e-01	3.639165e-03
-1.125000e-01	3.705978e-03
-1.100000e-01	3.823343e-03
-1.075000e-01	3.882913e-03
-1.050000e-01	3.810777e-03
-1.025000e-01	3.658828e-03
-1.000000e-01	3.525946e-03
-9.750000e-02	3.442178e-03
-9.500000e-02	3.371370e-03
-9.250000e-02	3.298771e-03
-9.000000e-02	3.270380e-03
-8.750000e-02	3.331695e-03
-8.500000e-02	3.461398e-03
-8.250000e-02	3.561267e-03
-8.000000e-02	3.532847e-03
-7.750000e-02	3.391007e-03
-7.500000e-02	3.240274e-03
-7.250000e-02	3.151627e-03
-7.000000e-02	3.114082e-03
-6.750000e-02	3.082513e-03
-6.500000e-02	3.052211e-03
-6.250000e-02	3.054939e-03
-6.000000e-02	3.087517e-03
-5.750000e-02	3.094932e-03
-5.500000e-02	3.040868e-03
-5.250000e-02	2.951671e-03
-5.000000e-02	2.860413e-03
-4.750000e-02	2.774545e-03
-4.500000e-02	2.711027e-03
-4.250000e-02	2.692495e-03
-4.000000e-02	2.700536e-03
-3.750000e-02	2.677710e-03
-3.500000e-02	2.597161e-03
-3.250000e-02	2.495036e-03
-3.000000e-02	2.410695e-03
-2.750000e-02	2.346378e-03
-2.500000e-02	2.289632e-03
-2.250000e-02	2.227229e-03
-2.000000e-02	2.144378e-03
-1.750000e-02	2.042417e-03
-1.500000e-02	1.935808e-03
-1.250000e-02	1.829946e-03
-1.000000e-02	1.715697e-03
-7.500000e-03	1.584629e-03
-5.000000e-03	1.440551e-03
-2.500000e-03	1.290289e-03
-6.394885e-14	1.141127e-03
2.500000e-03	1.003580e-03
5.000000e-03	8.861041e-04
7.500000e-03	7.908637e-04
1.000000e-02	7.153653e-04
1.250000e-02	6.556054e-04
1.500000e-02	6.078529e-04
1.750000e-02	5.691644e-04
2.000000e-02	5.373564e-04
2.250000e-02	5.108371e-04
2.500000e-02	4.884445e-04
2.750000e-02	4.693217e-04
3.000000e-02	4.528284e-04
3.250000e-02	4.384786e-04
3.500000e-02	4.258984e-04
3.750000e-02	4.147959e-04
4.000000e-02	4.049403e-04
4.250000e-02	3.961468e-04
4.500000e-02	3.882660e-04
4.750000e-02	3.811754e-04
5.000000e-02	3.747743e-04
5.250000e-02	3.689786e-04
5.500000e-02	3.637176e-04
5.750000e-02	3.589319e-04
6.000000e-02	3.545705e-04
6.250000e-02	3.505901e-04
6.500000e-02	3.469531e-04
6.750000e-02	3.436271e-04
7.000000e-02	3.405838e-04
7.250000e-02	3.377985e-04
7.500000e-02	3.352495e-04
7.750000e-02	3.329177e-04
8.000000e-02	3.307860e-04
8.250000e-02	3.288394e-04
8.500000e-02	3.270646e-04
8.750000e-02	3.254494e-04
9.000000e-02	3.239831e-04
9.250000e-02	3.226560e-04
9.500000e-02	3.214594e-04
9.750000e-02	3.203854e-04
1.000000e-01	3.194269e-04
1.025000e-01	3.185773e-04
1.050000e-01	3.178308e-04
1.075000e-01	3.171820e-04
1.100000e-01	3.166260e-04
1.125000e-01	3.161583e-04
1.150000e-01	3.157749e-04
1.175000e-01	3.154718e-04
1.200000e-01	3.152458e-04
1.225000e-01	3.150937e-04
1.250000e-01	3.150124e-04
1.275000e-01	3.149995e-04
1.300000e-01	3.150523e-04
1.325000e-01	3.151686e-04
1.350000e-01	3.153464e-04
1.375000e-01	3.155837e-04
1.400000e-01	3.158786e-04
1.425000e-01	3.162297e-04
1.450000e-01	3.166353e-04
1.475000e-01	3.170941e-04
1.500000e-01	3.176047e-04
1.525000e-01	3.181661e-04
1.550000e-01	3.187770e-04
1.575000e-01	3.194366e-04
1.600000e-01	3.201439e-04
1.625000e-01	3.208980e-04
1.650000e-01	3.216982e-04
1.675000e-01	3.225437e-04
1.700000e-01	3.234340e-04
1.725000e-01	3.243685e-04
1.750000e-01	3.253466e-04
1.775000e-01	3.263679e-04
1.800000e-01	3.274319e-04
1.825000e-01	3.285384e-04
1.850000e-01	3.296869e-04
1.875000e-01	3.308773e-04
1.900000e-01	3.321091e-04
1.925000e-01	3.333824e-04
1.950000e-01	3.346969e-04
1.975000e-01	3.360525e-04
2.000000e-01	3.374491e-04
2.025000e-01	3.388866e-04
2.050000e-01	3.403651e-04
2.075000e-01	3.418846e-04
2.100000e-01	3.434451e-04
2.125000e-01	3.450467e-04
2.150000e-01	3.466894e-04
2.175000e-01	3.483735e-04
2.200000e-01	3.500992e-04
2.225000e-01	3.518665e-04
2.250000e-01	3.536757e-04
2.275000e-01	3.555271e-04
2.300000e-01	3.574209e-04
2.325000e-01	3.593575e-04
2.350000e-01	3.613371e-04
2.375000e-01	3.633602e-04
2.400000e-01	3.654271e-04
2.425000e-01	3.675381e-04
2.450000e-01	3.696938e-04
2.475000e-01	3.718946e-04
2.500000e-01	3.741410e-04
2.525000e-01	3.764334e-04
2.550000e-01	3.787725e-04
2.575000e-01	3.811587e-04
2.600000e-01	3.835927e-04
2.625000e-01	3.860751e-04
2.650000e-01	3.886065e-04
2.675000e-01	3.911875e-04
2.700000e-01	3.938189e-04
2.725000e-01	3.965015e-04
2.750000e-01	3.992358e-04
2.775000e-01	4.020228e-04
2.800000e-01	4.048632e-04
2.825000e-01	4.077579e-04
2.850000e-01	4.107077e-04
2.875000e-01	4.137135e-04
2.900000e-01	4.167763e-04
2.925000e-01	4.198971e-04
2.950000e-01	4.230767e-04
2.975000e-01	4.263163e-04
3.000000e-01	4.296169e-04
3.025000e-01	4.329796e-04
3.050000e-01	4.364056e-04
3.075000e-01	4.398960e-04
3.100000e-01	4.434520e-04
3.125000e-01	4.470749e-04
3.150000e-01	4.507660e-04
3.175000e-01	4.545266e-04
3.200000e-01	4.583581e-04
3.225000e-01	4.622618e-04
3.250000e-01	4.662394e-04
3.275000e-01	4.702922e-04
3.300000e-01	4.744219e-04
3.325000e-01	4.786300e-04
3.350000e-01	4.829182e-04
3.375000e-01	4.872882e-04
3.400000e-01	4.917418e-04
3.425000e-01	4.962809e-04
3.450000e-01	5.009072e-04
3.475000e-01	5.056228e-04
3.500000e-01	5.104296e-04
3.525000e-01	5.153298e-04
3.550000e-01	5.203254e-04
3.575000e-01	5.254187e-04
3.600000e-01	5.306119e-04
3.625000e-01	5.359074e-04
3.650000e-01	5.413077e-04
3.675000e-01	5.468152e-04
3.700000e-01	5.524325e-04
3.725000e-01	5.581623e-04
3.750000e-01	5.640074e-04
3.775000e-01	5.699706e-04
3.800000e-01	5.760549e-04
3.825000e-01	5.822633e-04
3.850000e-01	5.885990e-04
3.875000e-01	5.950653e-04
3.900000e-01	6.016655e-04
3.925000e-01	6.084032e-04
3.950000e-01	6.152819e-04
3.975000e-01	6.223054e-04
4.000000e-01	6.294775e-04
4.025000e-01	6.368023e-04
4.050000e-01	6.442839e-04
4.075000e-01	6.519265e-04
4.100000e-01	6.597348e-04
4.125000e-01	6.677132e-04
4.150000e-01	6.758665e-04
4.175000e-01	6.841997e-04
4.200000e-01	6.927179e-04
4.225000e-01	7.014264e-04
4.250000e-01	7.103308e-04
4.275000e-01	7.194368e-04
4.300000e-01	7.287503e-04
4.325000e-01	7.382775e-04
4.350000e-01	7.480248e-04
4.375000e-01	7.579989e-04
4.400000e-01	7.682066e-04
4.425000e-01	7.786552e-04
4.450000e-01	7.893520e-04
4.475000e-01	8.003050e-04
4.500000e-01	8.115221e-04
4.525000e-01	8.230117e-04
4.550000e-01	8.347826e-04
4.575000e-01	8.468439e-04
4.600000e-01	8.592050e-04
4.625000e-01	8.718758e-04
4.650000e-01	8.848667e-04
4.675000e-01	8.981882e-04
4.700000e-01	9.118516e-04
4.725000e-01	9.258686e-04
4.750000e-01	9.402512e-04
4.775000e-01	9.550123e-04
4.800000e-01	9.701650e-04
4.825000e-01	9.857232e-04
4.850000e-01	1.001701e-03
4.875000e-01	1.018115e-03
4.900000e-01	1.034979e-03
4.925000e-01	1.052310e-03
4.950000e-01	1.070126e-03
4.975000e-01	1.088445e-03
5.000000e-01	1.107286e-03
5.025000e-01	1.126669e-03
5.050000e-01	1.146614e-03
5.075000e-01	1.167144e-03
5.100000e-01	1.188281e-03
5.125000e-01	1.210050e-03
5.150000e-01	1.232476e-03
5.175000e-01	1.255584e-03
5.200000e-01	1.279405e-03
5.225000e-01	1.303966e-03
5.250000e-01	1.329299e-03
5.275000e-01	1.355436e-03
5.300000e-01	1.382412e-03
5.325000e-01	1.410263e-03
5.350000e-01	1.439026e-03
5.375000e-01	1.468743e-03
5.400000e-01	1.499456e-03
5.425000e-01	1.531210e-03
5.450000e-01	1.564051e-03
5.475000e-01	1.598031e-03
5.500000e-01	1.633203e-03
5.525000e-01	1.669623e-03
5.550000e-01	1.707350e-03
5.575000e-01	1.746448e-03
5.600000e-01	1.786985e-03
5.625000e-01	1.829030e-03
5.650000e-01	1.872662e-03
5.675000e-01	1.917959e-03
5.700000e-01	1.965008e-03
5.725000e-01	2.013900e-03
5.750000e-01	2.064733e-03
5.775000e-01	2.117611e-03
5.800000e-01	2.172645e-03
5.825000e-01	2.229954e-03
5.850000e-01	2.289665e-03
5.875000e-01	2.351914e-03
5.900000e-01	2.416846e-03
5.925000e-01	2.484619e-03
5.950000e-01	2.555401e-03
5.975000e-01	2.629372e-03
6.000000e-01	2.706726e-03
6.025000e-01	2.787674e-03
6.050000e-01	2.872440e-03
6.075000e-01	2.961269e-03
6.100000e-01	3.054425e-03
6.125000e-01	3.152194e-03
6.150000e-01	3.254884e-03
6.175000e-01	3.362831e-03
6.200000e-01	3.476401e-03
6.225000e-01	3.595989e-03
6.250000e-01	3.722030e-03
6.275000e-01	3.854995e-03
6.300000e-01	3.995400e-03
6.325000e-01	4.143811e-03
6.350000e-01	4.300847e-03
6.375000e-01	4.467188e-03
6.400000e-01	4.643584e-03
6.425000e-01	4.830860e-03
6.450000e-01	5.029929e-03
6.475000e-01	5.241800e-03
6.500000e-01	5.467593e-03
6.525000e-01	5.708552e-03
6.550000e-01	5.966064e-03
6.575000e-01	6.241676e-03
6.600000e-01	6.537122e-03
6.625000e-01	6.854345e-03
6.650000e-01	7.195535e-03
6.675000e-01	7.563158e-03
6.700000e-01	7.960009e-03
6.725000e-01	8.389260e-03
6.750000e-01	8.854520e-03
6.775000e-01	9.359918e-03
6.800000e-01	9.910185e-03
6.825000e-01	1.051077e-02
6.850000e-01	1.116796e-02
6.875000e-01	1.188907e-02
6.900000e-01	1.268260e-02
6.925000e-01	1.355853e-02
6.950000e-01	1.452859e-02
6.975000e-01	1.560666e-02
7.000000e-01	1.680926e-02
7.025000e-01	1.815614e-02
7.050000e-01	1.967111e-02
7.075000e-01	2.138303e-02
7.100000e-01	2.332716e-02
7.125000e-01	2.554689e-02
7.150000e-01	2.809608e-02
7.175000e-01	3.104218e-02
7.200000e-01	3.447048e-02
7.225000e-01	3.848994e-02
7.250000e-01	4.324127e-02
7.275000e-01	4.890841e-02
7.300000e-01	5.573477e-02
7.325000e-01	6.404685e-02
7.350000e-01	7.428860e-02
7.375000e-01	8.707221e-02
7.400000e-01	1.032532e-01
7.425000e-01	1.240407e-01
7.450000e-01	1.511547e-01
7.475000e-01	1.870304e-01
7.500000e-01	2.350182e-01
7.525000e-01	2.993406e-01
7.550000e-01	3.840392e-01
7.575000e-01	4.890548e-01
7.600000e-01	6.012036e-01
7.625000e-01	6.850912e-01
7.650000e-01	6.974589e-01
7.675000e-01	6.306433e-01
7.700000e-01	5.220961e-01
7.725000e-01	4.127540e-01
7.750000e-01	3.217718e-01
7.775000e-01	2.518649e-01
7.800000e-01	1.995850e-01
7.825000e-01	1.605735e-01
7.850000e-01	1.311984e-01
7.875000e-01	1.087749e-01
7.900000e-01	9.139783e-02
7.925000e-01	7.772765e-02
7.950000e-01	6.681920e-02
7.975000e-01	5.799851e-02
8.000000e-01	5.077879e-02
8.025000e-01	4.480350e-02
8.050000e-01	3.980788e-02
8.075000e-01	3.559261e-02
8.100000e-01	3.200577e-02
8.125000e-01	2.893010e-02
8.150000e-01	2.627412e-02
8.175000e-01	2.396568e-02
8.200000e-01	2.194732e-02
8.225000e-01	2.017289e-02
8.250000e-01	1.860494e-02
8.275000e-01	1.721293e-02
8.300000e-01	1.597168e-02
8.325000e-01	1.486036e-02
8.350000e-01	1.386156e-02
8.375000e-01	1.296071e-02
8.400000e-01	1.214548e-02
8.425000e-01	1.140543e-02
8.450000e-01	1.073165e-02
8.475000e-01	1.011651e-02
8.500000e-01	9.553430e-03
8.525000e-01	9.036742e-03
8.550000e-01	8.561515e-03
8.575000e-01	8.123457e-03
8.600000e-01	7.718817e-03
8.625000e-01	7.344301e-03
8.650000e-01	6.997014e-03
8.675000e-01	6.674396e-03
8.700000e-01	6.374184e-03
8.725000e-01	6.094367e-03
8.750000e-01	5.833153e-03
8.775000e-01	5.588944e-03
8.800000e-01	5.360311e-03
8.825000e-01	5.145968e-03
8.850000e-01	4.944764e-03
8.875000e-01	4.755659e-03
8.900000e-01	4.577714e-03
8.925000e-01	4.410080e-03
8.950000e-01	4.251988e-03
8.975000e-01	4.102740e-03
9.000000e-01	3.961699e-03
9.025000e-01	3.828286e-03
9.050000e-01	3.701973e-03
9.075000e-01	3.582277e-03
9.100000e-01	3.468755e-03
9.125000e-01	3.361000e-03
9.150000e-01	3.258642e-03
9.175000e-01	3.161337e-03
9.200000e-01	3.068770e-03
9.225000e-01	2.980650e-03
9.250000e-01	2.896710e-03
9.275000e-01	2.816701e-03
9.300000e-01	2.740395e-03
9.325000e-01	2.667579e-03
9.350000e-01	2.598057e-03
9.375000e-01	2.531646e-03
9.400000e-01	2.468177e-03
9.425000e-01	2.407493e-03
9.450000e-01	2.349448e-03
9.475000e-01	2.293906e-03
9.500000e-01	2.240739e-03
9.525000e-01	2.189831e-03
9.550000e-01	2.141070e-03
9.575000e-01	2.094356e-03
9.600000e-01	2.049591e-03
9.625000e-01	2.006686e-03
9.650000e-01	1.965560e-03
9.675000e-01	1.926134e-03
9.700000e-01	1.888335e-03
9.725000e-01	1.852098e-03
9.750000e-01	1.817358e-03
9.775000e-01	1.784058e-03
9.800000e-01	1.752144e-03
9.825000e-01	1.721565e-03
9.850000e-01	1.692275e-03
9.875000e-01	1.664231e-03
9.900000e-01	1.637395e-03
9.925000e-01	1.611730e-03
9.950000e-01	1.587203e-03
9.975000e-01	1.563785e-03
1.000000e+00	1.541451e-03
1.002500e+00	1.520176e-03
1.005000e+00	1.499942e-03
1.007500e+00	1.480732e-03
1.010000e+00	1.462533e-03
1.012500e+00	1.445334e-03
1.015000e+00	1.429131e-03
1.017500e+00	1.413920e-03
1.020000e+00	1.399705e-03
1.022500e+00	1.386490e-03
1.025000e+00	1.374287e-03
1.027500e+00	1.363113e-03
1.030000e+00	1.352991e-03
1.032500e+00	1.343948e-03
1.035000e+00	1.336024e-03
1.037500e+00	1.329263e-03
1.040000e+00	1.323721e-03
1.042500e+00	1.319468e-03
1.045000e+00	1.316585e-03
1.047500e+00	1.315173e-03
1.050000e+00	1.315351e-03
1.052500e+00	1.317266e-03
1.055000e+00	1.321093e-03
1.057500e+00	1.327050e-03
1.060000e+00	1.335399e-03
1.062500e+00	1.346466e-03
1.065000e+00	1.360658e-03
1.067500e+00	1.378483e-03
1.070000e+00	1.400589e-03
1.072500e+00	1.427809e-03
1.075000e+00	1.461227e-03
1.077500e+00	1.502273e-03
1.080000e+00	1.552864e-03
1.082500e+00	1.615600e-03
1.085000e+00	1.694047e-03
1.087500e+00	1.793097e-03
1.090000e+00	1.919349e-03
1.092500e+00	2.081197e-03
1.095000e+00	2.287716e-03
1.097500e+00	2.544791e-03
1.100000e+00	2.848312e-03
1.102500e+00	3.180155e-03
1.105000e+00	3.514964e-03
1.107500e+00	3.834781e-03
1.110000e+00	4.133506e-03
1.112500e+00	4.403771e-03
1.115000e+00	4.639681e-03
1.117500e+00	4.856908e-03
1.120000e+00	5.075233e-03
1.122500e+00	5.285485e-03
1.125000e+00	5.451620e-03
1.127500e+00	5.572095e-03
1.130000e+00	5.706503e-03
1.132500e+00	5.883423e-03
1.135000e+00	6.056638e-03
1.137500e+00	6.193624e-03
1.140000e+00	6.309011e-03
1.142500e+00	6.388155e-03
1.145000e+00	6.416752e-03
1.147500e+00	6.470215e-03
1.150000e+00	6.638404e-03
1.152500e+00	6.887021e-03
1.155000e+00	7.058923e-03
1.157500e+00	7.056530e-03
1.160000e+00	6.977820e-03
1.162500e+00	6.975580e-03
1.165000e+00	7.074467e-03
1.167500e+00	7.191608e-03
1.170000e+00	7.297425e-03
1.172500e+00	7.456023e-03
1.175000e+00	7.667000e-03
1.177500e+00	7.786947e-03
1.180000e+00	7.703578e-03
1.182500e+00	7.521553e-03
1.185000e+00	7.444232e-03
1.187500e+00	7.555450e-03
1.190000e+00	7.758902e-03
1.192500e+00	7.889610e-03
1.195000e+00	7.923141e-03
1.197500e+00	8.001731e-03
1.200000e+00	8.214831e-03
1.202500e+00	8.442677e-03
1.205000e+00	8.447173e-03
1.207500e+00	8.162838e-03
1.210000e+00	7.801535e-03
1.212500e+00	7.623293e-03
1.215000e+00	7.756605e-03
1.217500e+00	8.173412e-03
1.220000e+00	8.679005e-03
1.222500e+00	8.965902e-03
1.225000e+00	8.873654e-03
1.227500e+00	8.579818e-03
1.230000e+00	8.381816e-03
1.232500e+00	8.411317e-03
1.235000e+00	8.563936e-03
1.237500e+00	8.605183e-03
1.240000e+00	8.429342e-03
1.242500e+00	8.198610e-03
1.245000e+00	8.154580e-03
1.247500e+00	8.412639e-03
1.250000e+00	8.897811e-03
1.252500e+00	9.342533e-03
1.255000e+00	9.442817e-03
1.257500e+00	9.177681e-03
1.260000e+00	8.836240e-03
1.262500e+00	8.692622e-03
1.265000e+00	8.796426e-03
1.267500e+00	8.965427e-03
1.270000e+00	8.934894e-03
1.272500e+00	8.644877e-03
1.275000e+00	8.316574e-03
1.277500e+00	8.212491e-03
1.280000e+00	8.467736e-03
1.282500e+00	9.068583e-03
1.285000e+00	9.817635e-03
1.287500e+00	1.031864e-02
1.290000e+00	1.022301e-02
1.292500e+00	9.610168e-03
1.295000e+00	8.891801e-03
1.297500e+00	8.412482e-03
1.300000e+00	8.310477e-03
1.302500e+00	8.564047e-03
1.305000e+00	9.004935e-03
1.307500e+00	9.334092e-03
1.310000e+00	9.324225e-03
1.312500e+00	9.074773e-03
1.315000e+00	8.898728e-03
1.317500e+00	9.026936e-03
1.320000e+00	9.485777e-03
1.322500e+00	1.006926e-02
1.325000e+00	1.038467e-02
1.327500e+00	1.015618e-02
1.330000e+00	9.540425e-03
1.332500e+00	8.937162e-03
1.335000e+00	8.632165e-03
1.337500e+00	8.709864e-03
1.340000e+00	9.082653e-03
1.342500e+00	9.490258e-03
1.345000e+00	9.602288e-03
1.347500e+00	9.323981e-03
1.350000e+00	8.910064e-03
1.352500e+00	8.688149e-03
1.355000e+00	8.844608e-03
1.357500e+00	9.411773e-03
1.360000e+00	1.025424e-02
1.362500e+00	1.100474e-02
1.365000e+00	1.117996e-02
1.367500e+00	1.062355e-02
1.370000e+00	9.689963e-03
1.372500e+00	8.842354e-03
1.375000e+00	8.338140e-03
1.377500e+00	8.251132e-03
1.380000e+00	8.554915e-03
1.382500e+00	9.120603e-03
1.385000e+00	9.670649e-03
1.387500e+00	9.880850e-03
1.390000e+00	9.695481e-03
1.392500e+00	9.407843e-03
1.395000e+00	9.352324e-03
1.397500e+00	9.680337e-03
1.400000e+00	1.031586e-02
1.402500e+00	1.093052e-02
1.405000e+00	1.106342e-02
1.407500e+00	1.053874e-02
1.410000e+00	9.668287e-03
1.412500e+00	8.890315e-03
1.415000e+00	8.458727e-03
1.417500e+00	8.452461e-03
1.420000e+00	8.850286e-03
1.422500e+00	9.519088e-03
1.425000e+00	1.014933e-02
1.427500e+00	1.034581e-02
1.430000e+00	9.989982e-03
1.432500e+00	9.386526e-03
1.435000e+00	8.931531e-03
1.437500e+00	8.854409e-03
1.440000e+00	9.225596e-03
1.442500e+00	9.990648e-03
1.445000e+00	1.090964e-02
1.447500e+00	1.151547e-02
1.450000e+00	1.138878e-02
1.452500e+00	1.060963e-02
1.455000e+00	9.657946e-03
1.457500e+00	8.941843e-03
1.460000e+00	8.634030e-03
1.462500e+00	8.746374e-03
1.465000e+00	9.169872e-03
1.467500e+00	9.642610e-03
1.470000e+00	9.817087e-03
1.472500e+00	9.560857e-03
1.475000e+00	9.114096e-03
1.477500e+00	8.825219e-03
1.480000e+00	8.910789e-03
1.482500e+00	9.444300e-03
1.485000e+00	1.037040e-02
1.487500e+00	1.142693e-02
1.490000e+00	1.209819e-02
1.492500e+00	1.192477e-02
1.495000e+00	1.100100e-02
1.497500e+00	9.855003e-03
1.500000e+00	8.928681e-03
1.502500e+00	8.408836e-03
1.505000e+00	8.331404e-03
1.507500e+00	8.665979e-03
1.510000e+00	9.301080e-03
1.512500e+00	9.968521e-03
1.515000e+00	1.028033e-02
1.517500e+00	1.004952e-02
1.520000e+00	9.516676e-03
1.522500e+00	9.082294e-03
1.525000e+00	9.005448e-03
1.527500e+00	9.373282e-03
1.530000e+00	1.013118e-02
1.532500e+00	1.102788e-02
1.535000e+00	1.159085e-02
1.537500e+00	1.142588e-02
1.540000e+00	1.065011e-02
1.542500e+00	9.749680e-03
1.545000e+00	9.118813e-03
1.547500e+00	8.923561e-03
1.550000e+00	9.180796e-03
1.552500e+00	9.787434e-03
1.555000e+00	1.045884e-02
1.557500e+00	1.075110e-02
1.560000e+00	1.039603e-02
1.562500e+00	9.602389e-03
1.565000e+00	8.801830e-03
1.567500e+00	8.287667e-03
1.570000e+00	8.174712e-03
1.572500e+00	8.492878e-03
1.575000e+00	9.228478e-03
1.577500e+00	1.027311e-02
1.580000e+00	1.131037e-02
1.582500e+00	1.183841e-02
1.585000e+00	1.157464e-02
1.587500e+00	1.080014e-02
1.590000e+00	1.004233e-02
1.592500e+00	9.646826e-03
1.595000e+00	9.711846e-03
1.597500e+00	1.013806e-02
1.600000e+00	1.061404e-02
1.602500e+00	1.069683e-02
1.605000e+00	1.017736e-02
1.607500e+00	9.306211e-03
1.610000e+00	8.486435e-03
1.612500e+00	7.963556e-03
1.615000e+00	7.824885e-03
1.617500e+00	8.094704e-03
1.620000e+00	8.778073e-03
1.622500e+00	9.828356e-03
1.625000e+00	1.103690e-02
1.627500e+00	1.194064e-02
1.630000e+00	1.204878e-02
1.632500e+00	1.136041e-02
1.635000e+00	1.037863e-02
1.637500e+00	9.596147e-03
1.640000e+00	9.249252e-03
1.642500e+00	9.386531e-03
1.645000e+00	9.929836e-03
1.647500e+00	1.062692e-02
1.650000e+00	1.103091e-02
1.652500e+00	1.077953e-02
1.655000e+00	9.982802e-03
1.657500e+00	9.078261e-03
1.660000e+00	8.413918e-03
1.662500e+00	8.137356e-03
1.665000e+00	8.286333e-03
1.667500e+00	8.851128e-03
1.670000e+00	9.746095e-03
1.672500e+00	1.070702e-02
1.675000e+00	1.126783e-02
1.677500e+00	1.108373e-02
1.680000e+00	1.032600e-02
1.682500e+00	9.482357e-03
1.685000e+00	8.921499e-03
1.687500e+00	8.799745e-03
1.690000e+00	9.157649e-03
1.692500e+00	9.966472e-03
1.695000e+00	1.106334e-02
1.697500e+00	1.203238e-02
1.700000e+00	1.230176e-02
1.702500e+00	1.165160e-02
1.705000e+00	1.047323e-02
1.707500e+00	9.315925e-03
1.710000e+00	8.491200e-03
1.712500e+00	8.092385e-03
1.715000e+00	8.122125e-03
1.717500e+00	8.546073e-03
1.720000e+00	9.256421e-03
1.722500e+00	9.984140e-03
1.725000e+00	1.032778e-02
1.727500e+00	1.008093e-02
1.730000e+00	9.480915e-03
1.732500e+00	8.942257e-03
1.735000e+00	8.740487e-03
1.737500e+00	8.990303e-03
1.740000e+00	9.715988e-03
1.742500e+00	1.083998e-02
1.745000e+00	1.206639e-02
1.747500e+00	1.282045e-02
1.750000e+00	1.259901e-02
1.752500e+00	1.151953e-02
1.755000e+00	1.017040e-02
1.757500e+00	9.032482e-03
1.760000e+00	8.300873e-03
1.762500e+00	8.009207e-03
1.765000e+00	8.141400e-03
1.767500e+00	8.653721e-03
1.770000e+00	9.416204e-03
1.772500e+00	1.012312e-02
1.775000e+00	1.036742e-02
1.777500e+00	1.000846e-02
1.780000e+00	9.347045e-03
1.782500e+00	8.794732e-03
1.785000e+00	8.596759e-03
1.787500e+00	8.844450e-03
1.790000e+00	9.541691e-03
1.792500e+00	1.057925e-02
1.795000e+00	1.162443e-02
1.797500e+00	1.213176e-02
1.800000e+00	1.175915e-02
1.802500e+00	1.076505e-02
1.805000e+00	9.700668e-03
1.807500e+00	8.942287e-03
1.810000e+00	8.630590e-03
1.812500e+00	8.788697e-03
1.815000e+00	9.378231e-03
1.817500e+00	1.024806e-02
1.820000e+00	1.103313e-02
1.822500e+00	1.123907e-02
1.825000e+00	1.067820e-02
1.827500e+00	9.688227e-03
1.830000e+00	8.741782e-03
1.832500e+00	8.109465e-03
1.835000e+00	7.878576e-03
1.837500e+00	8.063125e-03
1.840000e+00	8.649125e-03
1.842500e+00	9.555916e-03
1.845000e+00	1.053162e-02
1.847500e+00	1.112614e-02
1.850000e+00	1.100187e-02
1.852500e+00	1.032408e-02
1.855000e+00	9.574463e-03
1.857500e+00	9.123324e-03
1.860000e+00	9.130865e-03
1.862500e+00	9.630651e-03
1.865000e+00	1.055076e-02
1.867500e+00	1.162092e-02
1.870000e+00	1.230593e-02
1.872500e+00	1.210413e-02
1.875000e+00	1.107666e-02
1.877500e+00	9.759050e-03
1.880000e+00	8.613908e-03
1.882500e+00	7.833549e-03
1.885000e+00	7.450818e-03
1.887500e+00	7.454845e-03
1.890000e+00	7.835026e-03
1.892500e+00	8.564827e-03
1.895000e+00	9.525810e-03
1.897500e+00	1.040591e-02
1.900000e+00	1.077081e-02
1.902500e+00	1.045973e-02
1.905000e+00	9.794772e-03
1.907500e+00	9.231625e-03
1.910000e+00	9.046615e-03
1.912500e+00	9.339492e-03
1.915000e+00	1.009642e-02
1.917500e+00	1.114925e-02
1.920000e+00	1.207042e-02
1.922500e+00	1.228568e-02
1.925000e+00	1.158909e-02
1.927500e+00	1.038203e-02
1.930000e+00	9.207849e-03
1.932500e+00	8.368211e-03
1.935000e+00	7.951020e-03
1.937500e+00	7.959613e-03
1.940000e+00	8.370517e-03
1.942500e+00	9.105627e-03
1.945000e+00	9.938534e-03
1.947500e+00	1.045844e-02
1.950000e+00	1.033446e-02
1.952500e+00	9.686199e-03
1.955000e+00	8.944689e-03
1.957500e+00	8.454419e-03
1.960000e+00	8.366748e-03
1.962500e+00	8.718963e-03
1.965000e+00	9.471312e-03
1.967500e+00	1.044272e-02
1.970000e+00	1.122555e-02
1.972500e+00	1.135085e-02
1.975000e+00	1.075385e-02
1.977500e+00	9.856714e-03
1.980000e+00	9.119452e-03
1.982500e+00	8.781112e-03
1.985000e+00	8.914780e-03
1.987500e+00	9.505585e-03
1.990000e+00	1.042281e-02
1.992500e+00	1.131409e-02
1.995000e+00	1.164434e-02
1.997500e+00	1.112525e-02
2.000000e+00	1.004548e-02
2.002500e+00	8.921107e-03
2.005000e+00	8.075914e-03
2.007500e+00	7.616689e-03
2.010000e+00	7.556040e-03
2.012500e+00	7.884568e-03
2.015000e+00	8.567806e-03
2.017500e+00	9.473169e-03
2.020000e+00	1.027445e-02
2.022500e+00	1.054393e-02
2.025000e+00	1.015219e-02
2.027500e+00	9.434539e-03
2.030000e+00	8.826405e-03
2.032500e+00	8.580793e-03
2.035000e+00	8.793105e-03
2.037500e+00	9.481864e-03
2.040000e+00	1.057859e-02
2.042500e+00	1.181181e-02
2.045000e+00	1.262424e-02
2.047500e+00	1.247673e-02
2.050000e+00	1.141929e-02
2.052500e+00	1.002087e-02
2.055000e+00	8.784174e-03
2.057500e+00	7.921244e-03
2.060000e+00	7.468088e-03
2.062500e+00	7.409968e-03
2.065000e+00	7.729902e-03
2.067500e+00	8.392948e-03
2.070000e+00	9.270069e-03
2.072500e+00	1.004302e-02
2.075000e+00	1.029286e-02
2.077500e+00	9.890258e-03
2.080000e+00	9.159988e-03
2.082500e+00	8.525244e-03
2.085000e+00	8.230396e-03
2.087500e+00	8.365952e-03
2.090000e+00	8.952502e-03
2.092500e+00	9.943229e-03
2.095000e+00	1.112559e-02
2.097500e+00	1.201916e-02
2.100000e+00	1.208428e-02
2.102500e+00	1.126602e-02
2.105000e+00	1.005962e-02
2.107500e+00	8.978529e-03
2.110000e+00	8.271262e-03
2.112500e+00	8.001943e-03
2.115000e+00	8.169985e-03
2.117500e+00	8.745423e-03
2.120000e+00	9.615317e-03
2.122500e+00	1.047451e-02
2.125000e+00	1.084434e-02
2.127500e+00	1.044844e-02
2.130000e+00	9.533202e-03
2.132500e+00	8.572860e-03
2.135000e+00	7.877508e-03
2.137500e+00	7.558420e-03
2.140000e+00	7.638343e-03
2.142500e+00	8.115751e-03
2.145000e+00	8.951889e-03
2.147500e+00	9.982287e-03
2.150000e+00	1.081955e-02
2.152500e+00	1.099990e-02
2.155000e+00	1.044106e-02
2.157500e+00	9.549839e-03
2.160000e+00	8.785857e-03
2.162500e+00	8.392668e-03
2.165000e+00	8.451230e-03
2.167500e+00	8.974504e-03
2.170000e+00	9.912144e-03
2.172500e+00	1.105250e-02
2.175000e+00	1.191576e-02
2.177500e+00	1.195026e-02
2.180000e+00	1.107772e-02
2.182500e+00	9.780300e-03
2.185000e+00	8.570191e-03
2.187500e+00	7.691897e-03
2.190000e+00	7.198770e-03
2.192500e+00	7.081176e-03
2.195000e+00	7.326460e-03
2.197500e+00	7.918949e-03
2.200000e+00	8.784944e-03
2.202500e+00	9.690669e-03
2.205000e+00	1.022324e-02
2.207500e+00	1.008612e-02
2.210000e+00	9.446422e-03
2.212500e+00	8.745807e-03
2.215000e+00	8.315021e-03
2.217500e+00	8.297368e-03
2.220000e+00	8.736080e-03
2.222500e+00	9.612826e-03
2.225000e+00	1.078056e-02
2.227500e+00	1.183623e-02
2.230000e+00	1.219106e-02
2.232500e+00	1.157459e-02
2.235000e+00	1.035322e-02
2.237500e+00	9.097717e-03
2.240000e+00	8.145116e-03
2.242500e+00	7.597319e-03
2.245000e+00	7.458132e-03
2.247500e+00	7.708388e-03
2.250000e+00	8.301566e-03
2.252500e+00	9.090689e-03
2.255000e+00	9.745800e-03
2.257500e+00	9.873897e-03
2.260000e+00	9.401376e-03
2.262500e+00	8.667267e-03
2.265000e+00	8.058892e-03
2.267500e+00	7.784301e-03
2.270000e+00	7.914344e-03
2.272500e+00	8.456314e-03
2.275000e+00	9.344869e-03
2.277500e+00	1.034691e-02
2.280000e+00	1.100658e-02
2.282500e+00	1.091518e-02
2.285000e+00	1.015779e-02
2.287500e+00	9.212701e-03
2.290000e+00	8.486230e-03
2.292500e+00	8.158794e-03
2.295000e+00	8.277325e-03
2.297500e+00	8.827736e-03
2.300000e+00	9.706910e-03
2.302500e+00	1.061661e-02
2.305000e+00	1.105700e-02
2.307500e+00	1.068862e-02
2.310000e+00	9.715981e-03
2.312500e+00	8.634577e-03
2.315000e+00	7.790638e-03
2.317500e+00	7.310312e-03
2.320000e+00	7.213759e-03
2.322500e+00	7.493517e-03
2.325000e+00	8.118717e-03
2.327500e+00	8.969400e-03
2.330000e+00	9.740979e-03
2.332500e+00	1.001197e-02
2.335000e+00	9.620632e-03
2.337500e+00	8.863657e-03
2.340000e+00	8.162699e-03
2.342500e+00	7.768223e-03
2.345000e+00	7.773220e-03
2.347500e+00	8.207127e-03
2.350000e+00	9.066369e-03
2.352500e+00	1.025413e-02
2.355000e+00	1.144569e-02
2.357500e+00	1.206622e-02
2.360000e+00	1.170065e-02
2.362500e+00	1.056705e-02
2.365000e+00	9.248340e-03
2.367500e+00	8.161376e-03
2.370000e+00	7.455773e-03
2.372500e+00	7.147554e-03
2.375000e+00	7.220032e-03
2.377500e+00	7.647742e-03
2.380000e+00	8.354600e-03
2.382500e+00	9.121693e-03
2.385000e+00	9.564084e-03
2.387500e+00	9.394088e-03
2.390000e+00	8.748025e-03
2.392500e+00	8.025018e-03
2.395000e+00	7.527562e-03
2.397500e+00	7.384514e-03
2.400000e+00	7.636849e-03
2.402500e+00	8.293567e-03
2.405000e+00	9.307653e-03
2.407500e+00	1.046947e-02
2.410000e+00	1.131461e-02
2.412500e+00	1.134694e-02
2.415000e+00	1.055360e-02
2.417500e+00	9.422317e-03
2.420000e+00	8.430018e-03
2.422500e+00	7.800258e-03
2.425000e+00	7.588935e-03
2.427500e+00	7.792944e-03
2.430000e+00	8.374670e-03
2.432500e+00	9.200561e-03
2.435000e+00	9.942287e-03
2.437500e+00	1.014820e-02
2.440000e+00	9.640258e-03
2.442500e+00	8.722908e-03
2.445000e+00	7.829849e-03
2.447500e+00	7.210320e-03
2.450000e+00	6.943577e-03
2.452500e+00	7.042593e-03
2.455000e+00	7.504291e-03
2.457500e+00	8.291217e-03
2.460000e+00	9.246334e-03
2.462500e+00	1.000562e-02
2.465000e+00	1.014512e-02
2.467500e+00	9.605723e-03
2.470000e+00	8.771755e-03
2.472500e+00	8.062177e-03
2.475000e+00	7.694326e-03
2.477500e+00	7.739408e-03
2.480000e+00	8.210748e-03
2.482500e+00	9.071134e-03
2.485000e+00	1.014664e-02
2.487500e+00	1.101631e-02
2.490000e+00	1.115116e-02
2.492500e+00	1.041495e-02
2.495000e+00	9.223350e-03
2.497500e+00	8.073106e-03
2.500000e+00	7.218730e-03
2.502500e+00	6.722477e-03
2.505000e+00	6.578084e-03
2.507500e+00	6.773702e-03
2.510000e+00	7.297311e-03
2.512500e+00	8.091077e-03
2.515000e+00	8.956765e-03
2.517500e+00	9.513471e-03
2.520000e+00	9.437563e-03
2.522500e+00	8.825984e-03
2.525000e+00	8.085888e-03
2.527500e+00	7.551198e-03
2.530000e+00	7.370985e-03
2.532500e+00	7.591854e-03
2.535000e+00	8.219361e-03
2.537500e+00	9.194776e-03
2.540000e+00	1.028799e-02
2.542500e+00	1.102153e-02
2.545000e+00	1.092834e-02
2.547500e+00	1.004749e-02
2.550000e+00	8.872110e-03
2.552500e+00	7.843416e-03
2.555000e+00	7.152118e-03
2.557500e+00	6.836246e-03
2.560000e+00	6.888705e-03
2.562500e+00	7.293875e-03
2.565000e+00	7.998715e-03
2.567500e+00	8.824851e-03
2.570000e+00	9.403860e-03
2.572500e+00	9.367553e-03
2.575000e+00	8.735430e-03
2.577500e+00	7.890330e-03
2.580000e+00	7.186387e-03
2.582500e+00	6.786504e-03
2.585000e+00	6.735993e-03
2.587500e+00	7.045597e-03
2.590000e+00	7.712614e-03
2.592500e+00	8.674838e-03
2.595000e+00	9.702670e-03
2.597500e+00	1.035054e-02
2.600000e+00	1.023827e-02
2.602500e+00	9.477038e-03
2.605000e+00	8.539957e-03
2.607500e+00	7.811688e-03
2.610000e+00	7.455656e-03
2.612500e+00	7.507050e-03
2.615000e+00	7.938870e-03
2.617500e+00	8.632813e-03
2.620000e+00	9.293802e-03
2.622500e+00	9.495837e-03
2.625000e+00	9.034905e-03
2.627500e+00	8.161524e-03
2.630000e+00	7.279999e-03
2.632500e+00	6.633522e-03
2.635000e+00	6.299941e-03
2.637500e+00	6.290147e-03
2.640000e+00	6.605096e-03
2.642500e+00	7.238251e-03
2.645000e+00	8.123565e-03
2.647500e+00	9.035786e-03
2.650000e+00	9.569389e-03
2.652500e+00	9.426716e-03
2.655000e+00	8.765481e-03
2.657500e+00	8.018732e-03
2.660000e+00	7.510846e-03
2.662500e+00	7.376398e-03
2.665000e+00	7.643583e-03
2.667500e+00	8.270415e-03
2.670000e+00	9.085983e-03
2.672500e+00	9.713366e-03
2.675000e+00	9.721853e-03
2.677500e+00	9.048078e-03
2.680000e+00	8.064187e-03
2.682500e+00	7.168462e-03
2.685000e+00	6.554817e-03
2.687500e+00	6.271491e-03
2.690000e+00	6.318249e-03
2.692500e+00	6.685317e-03
2.695000e+00	7.332865e-03
2.697500e+00	8.114946e-03
2.700000e+00	8.710624e-03
2.702500e+00	8.768597e-03
2.705000e+00	8.266914e-03
2.707500e+00	7.543352e-03
2.710000e+00	6.941913e-03
2.712500e+00	6.634051e-03
2.715000e+00	6.675061e-03
2.717500e+00	7.079602e-03
2.720000e+00	7.832257e-03
2.722500e+00	8.821713e-03
2.725000e+00	9.729896e-03
2.727500e+00	1.007427e-02
2.730000e+00	9.611852e-03
2.732500e+00	8.626852e-03
2.735000e+00	7.594343e-03
2.737500e+00	6.804335e-03
2.740000e+00	6.348390e-03
2.742500e+00	6.232924e-03
2.745000e+00	6.444347e-03
2.747500e+00	6.947768e-03
2.750000e+00	7.626652e-03
2.752500e+00	8.206258e-03
2.755000e+00	8.335774e-03
2.757500e+00	7.915324e-03
2.760000e+00	7.216212e-03
2.762500e+00	6.577643e-03
2.765000e+00	6.185698e-03
2.767500e+00	6.101982e-03
2.770000e+00	6.343675e-03
2.772500e+00	6.914977e-03
2.775000e+00	7.777235e-03
2.777500e+00	8.756015e-03
2.780000e+00	9.463680e-03
2.782500e+00	9.487533e-03
2.785000e+00	8.820084e-03
2.787500e+00	7.870433e-03
2.790000e+00	7.036405e-03
2.792500e+00	6.503511e-03
2.795000e+00	6.316521e-03
2.797500e+00	6.468035e-03
2.800000e+00	6.914438e-03
2.802500e+00	7.521342e-03
2.805000e+00	7.999113e-03
2.807500e+00	8.014863e-03
2.810000e+00	7.515451e-03
2.812500e+00	6.786033e-03
2.815000e+00	6.137071e-03
2.817500e+00	5.723952e-03
2.820000e+00	5.591153e-03
2.822500e+00	5.747959e-03
2.825000e+00	6.198972e-03
2.827500e+00	6.925551e-03
2.830000e+00	7.813319e-03
2.832500e+00	8.563425e-03
2.835000e+00	8.780964e-03
2.837500e+00	8.347504e-03
2.840000e+00	7.570912e-03
2.842500e+00	6.843934e-03
2.845000e+00	6.383734e-03
2.847500e+00	6.257167e-03
2.850000e+00	6.461965e-03
2.852500e+00	6.939285e-03
2.855000e+00	7.514830e-03
2.857500e+00	7.863795e-03
2.860000e+00	7.698988e-03
2.862500e+00	7.074705e-03
2.865000e+00	6.310784e-03
2.867500e+00	5.672846e-03
2.870000e+00	5.270189e-03
2.872500e+00	5.124544e-03
2.875000e+00	5.236195e-03
2.877500e+00	5.606624e-03
2.880000e+00	6.221959e-03
2.882500e+00	6.992370e-03
2.885000e+00	7.672870e-03
2.887500e+00	7.922452e-03
2.890000e+00	7.616378e-03
2.892500e+00	7.004984e-03
2.895000e+00	6.436207e-03
2.897500e+00	6.113981e-03
2.900000e+00	6.107676e-03
2.902500e+00	6.417833e-03
2.905000e+00	6.977021e-03
2.907500e+00	7.584693e-03
2.910000e+00	7.893875e-03
2.912500e+00	7.647033e-03
2.915000e+00	6.959743e-03
2.917500e+00	6.171770e-03
2.920000e+00	5.531115e-03
2.922500e+00	5.128871e-03
2.925000e+00	4.977730e-03
2.927500e+00	5.074264e-03
2.930000e+00	5.418673e-03
2.932500e+00	5.999035e-03
2.935000e+00	6.735079e-03
2.937500e+00	7.401937e-03
2.940000e+00	7.676796e-03
2.942500e+00	7.428920e-03
2.945000e+00	6.886443e-03
2.947500e+00	6.384210e-03
2.950000e+00	6.125331e-03
2.952500e+00	6.182365e-03
2.955000e+00	6.556481e-03
2.957500e+00	7.171776e-03
2.960000e+00	7.805906e-03
2.962500e+00	8.092285e-03
2.965000e+00	7.788765e-03
2.967500e+00	7.048993e-03
2.970000e+00	6.228967e-03
2.972500e+00	5.571191e-03
2.975000e+00	5.158727e-03
2.977500e+00	4.999702e-03
2.980000e+00	5.088621e-03
2.982500e+00	5.425088e-03
2.985000e+00	5.998456e-03
2.987500e+00	6.733089e-03
2.990000e+00	7.411599e-03
2.992500e+00	7.713006e-03
2.995000e+00	7.495496e-03
2.997500e+00	6.976734e-03
3.000000e+00	6.493286e-03
3.002500e+00	6.254576e-03
3.005000e+00	6.336189e-03
3.007500e+00	6.735113e-03
3.010000e+00	7.358817e-03
3.012500e+00	7.957315e-03
3.015000e+00	8.157749e-03
3.017500e+00	7.767515e-03
3.020000e+00	6.992781e-03
3.022500e+00	6.186926e-03
3.025000e+00	5.565556e-03
3.027500e+00	5.194982e-03
3.030000e+00	5.078835e-03
3.032500e+00	5.212745e-03
3.035000e+00	5.598308e-03
3.037500e+00	6.223623e-03
3.040000e+00	7.003200e-03
3.042500e+00	7.700270e-03
3.045000e+00	7.983826e-03
3.047500e+00	7.733788e-03
3.050000e+00	7.198338e-03
3.052500e+00	6.723474e-03
3.055000e+00	6.513934e-03
3.057500e+00	6.634935e-03
3.060000e+00	7.058547e-03
3.062500e+00	7.637781e-03
3.065000e+00	8.062159e-03
3.067500e+00	7.999611e-03
3.070000e+00	7.425455e-03
3.072500e+00	6.639984e-03
3.075000e+00	5.942010e-03
3.077500e+00	5.469258e-03
3.080000e+00	5.252610e-03
3.082500e+00	5.291921e-03
3.085000e+00	5.590672e-03
3.087500e+00	6.155693e-03
3.090000e+00	6.960667e-03
3.092500e+00	7.863588e-03
3.095000e+00	8.539308e-03
3.097500e+00	8.638899e-03
3.100000e+00	8.159334e-03
3.102500e+00	7.458035e-03
3.105000e+00	6.886892e-03
3.107500e+00	6.615546e-03
3.110000e+00	6.682761e-03
3.112500e+00	7.047123e-03
3.115000e+00	7.558515e-03
3.117500e+00	7.920336e-03
3.120000e+00	7.835668e-03
3.122500e+00	7.306416e-03
3.125000e+00	6.619578e-03
3.127500e+00	6.044655e-03
3.130000e+00	5.704594e-03
3.132500e+00	5.631962e-03
3.135000e+00	5.836546e-03
3.137500e+00	6.332401e-03
3.140000e+00	7.126095e-03
3.142500e+00	8.156198e-03
3.145000e+00	9.183400e-03
3.147500e+00	9.764394e-03
3.150000e+00	9.563805e-03
3.152500e+00	8.740630e-03
3.155000e+00	7.757946e-03
3.157500e+00	6.957596e-03
3.160000e+00	6.468055e-03
3.162500e+00	6.306519e-03
3.165000e+00	6.454190e-03
3.167500e+00	6.860980e-03
3.170000e+00	7.394313e-03
3.172500e+00	7.801522e-03
3.175000e+00	7.845510e-03
3.177500e+00	7.559416e-03
3.180000e+00	7.215280e-03
3.182500e+00	7.063746e-03
3.185000e+00	7.231549e-03
3.187500e+00	7.756236e-03
3.190000e+00	8.591102e-03
3.192500e+00	9.528475e-03
3.195000e+00	1.014612e-02
3.197500e+00	1.004587e-02
3.200000e+00	9.278343e-03
3.202500e+00	8.274290e-03
3.205000e+00	7.406552e-03
3.207500e+00	6.831373e-03
3.210000e+00	6.577387e-03
3.212500e+00	6.639727e-03
3.215000e+00	7.018794e-03
3.217500e+00	7.715154e-03
3.220000e+00	8.678311e-03
3.222500e+00	9.705461e-03
3.225000e+00	1.039501e-02
3.227500e+00	1.040158e-02
3.230000e+00	9.829286e-03
3.232500e+00	9.119518e-03
3.235000e+00	8.636509e-03
3.237500e+00	8.537695e-03
3.240000e+00	8.843098e-03
3.242500e+00	9.462385e-03
3.245000e+00	1.013936e-02
3.247500e+00	1.047146e-02
3.250000e+00	1.021360e-02
3.252500e+00	9.554446e-03
3.255000e+00	8.887478e-03
3.257500e+00	8.481414e-03
3.260000e+00	8.444089e-03
3.262500e+00	8.813102e-03
3.265000e+00	9.608240e-03
3.267500e+00	1.081103e-02
3.270000e+00	1.225953e-02
3.272500e+00	1.350955e-02
3.275000e+00	1.394892e-02
3.277500e+00	1.335942e-02
3.280000e+00	1.218451e-02
3.282500e+00	1.102386e-02
3.285000e+00	1.021092e-02
3.287500e+00	9.843601e-03
3.290000e+00	9.932441e-03
3.292500e+00	1.048435e-02
3.295000e+00	1.151985e-02
3.297500e+00	1.303129e-02
3.300000e+00	1.485971e-02
3.302500e+00	1.652648e-02
3.305000e+00	1.732561e-02
3.307500e+00	1.695440e-02
3.310000e+00	1.589907e-02
3.312500e+00	1.489319e-02
3.315000e+00	1.438280e-02
3.317500e+00	1.452496e-02
3.320000e+00	1.533458e-02
3.322500e+00	1.671428e-02
3.325000e+00	1.835712e-02
3.327500e+00	1.971769e-02
3.330000e+00	2.039532e-02
3.332500e+00	2.063412e-02
3.335000e+00	2.110093e-02
3.337500e+00	2.231028e-02
3.340000e+00	2.438845e-02
3.342500e+00	2.698061e-02
3.345000e+00	2.919951e-02
3.347500e+00	3.014445e-02
3.350000e+00	2.989922e-02
3.352500e+00	2.950509e-02
3.355000e+00	2.998564e-02
3.357500e+00	3.192726e-02
3.360000e+00	3.563240e-02
3.362500e+00	4.120934e-02
3.365000e+00	4.830790e-02
3.367500e+00	5.555665e-02
3.370000e+00	6.060443e-02
3.372500e+00	6.207177e-02
3.375000e+00	6.144127e-02
3.377500e+00	6.164783e-02
3.380000e+00	6.483691e-02
3.382500e+00	7.182868e-02
3.385000e+00	8.199202e-02
3.387500e+00	9.243739e-02
3.390000e+00	9.802169e-02
3.392500e+00	9.510244e-02
3.395000e+00	8.572962e-02
3.397500e+00	7.515605e-02
3.400000e+00	6.700176e-02
3.402500e+00	6.207484e-02
3.405000e+00	5.908461e-02
3.407500e+00	5.559313e-02
3.410000e+00	4.990757e-02
3.412500e+00	4.260354e-02
3.415000e+00	3.537778e-02
3.417500e+00	2.932055e-02
3.420000e+00	2.468146e-02
3.422500e+00	2.130743e-02
3.425000e+00	1.893162e-02
3.427500e+00	1.723393e-02
3.430000e+00	1.582307e-02
3.432500e+00	1.434774e-02
3.435000e+00	1.272825e-02
3.437500e+00	1.113502e-02
3.440000e+00	9.735439e-03
3.442500e+00	8.583960e-03
3.445000e+00	7.663088e-03
3.447500e+00	6.934527e-03
3.450000e+00	6.360604e-03
3.452500e+00	5.905300e-03
3.455000e+00	5.526385e-03
3.457500e+00	5.175034e-03
3.460000e+00	4.819823e-03
3.462500e+00	4.467558e-03
3.465000e+00	4.142485e-03
3.467500e+00	3.858798e-03
3.470000e+00	3.617645e-03
3.472500e+00	3.414401e-03
3.475000e+00	3.243635e-03
3.477500e+00	3.100921e-03
3.480000e+00	2.983216e-03
3.482500e+00	2.888836e-03
3.485000e+00	2.817404e-03
3.487500e+00	2.769917e-03
3.490000e+00	2.748927e-03
3.492500e+00	2.758788e-03
3.495000e+00	2.805632e-03
3.497500e+00	2.896086e-03
3.500000e+00	3.032264e-03
3.502500e+00	3.200085e-03
3.505000e+00	3.357607e-03
3.507500e+00	3.454644e-03
3.510000e+00	3.491375e-03
3.512500e+00	3.531605e-03
3.515000e+00	3.645464e-03
3.517500e+00	3.866566e-03
3.520000e+00	4.174824e-03
3.522500e+00	4.475294e-03
3.525000e+00	4.619702e-03
3.527500e+00	4.536692e-03
3.530000e+00	4.322684e-03
3.532500e+00	4.136423e-03
3.535000e+00	4.080850e-03
3.537500e+00	4.194247e-03
3.540000e+00	4.469150e-03
3.542500e+00	4.836984e-03
3.545000e+00	5.139214e-03
3.547500e+00	5.192132e-03
3.550000e+00	4.968875e-03
3.552500e+00	4.634316e-03
3.555000e+00	4.370347e-03
3.557500e+00	4.272823e-03
3.560000e+00	4.370172e-03
3.562500e+00	4.648203e-03
3.565000e+00	5.030951e-03
3.567500e+00	5.346801e-03
3.570000e+00	5.395121e-03
3.572500e+00	5.142184e-03
3.575000e+00	4.762910e-03
3.577500e+00	4.453174e-03
3.580000e+00	4.316174e-03
3.582500e+00	4.382404e-03
3.585000e+00	4.639487e-03
3.587500e+00	5.016500e-03
3.590000e+00	5.346690e-03
3.592500e+00	5.420083e-03
3.595000e+00	5.179206e-03
3.597500e+00	4.788522e-03
3.600000e+00	4.452748e-03
3.602500e+00	4.285406e-03
3.605000e+00	4.321889e-03
3.607500e+00	4.552961e-03
3.610000e+00	4.914062e-03
3.612500e+00	5.247535e-03
3.615000e+00	5.342351e-03
3.617500e+00	5.122263e-03
3.620000e+00	4.736796e-03
3.622500e+00	4.392460e-03
3.625000e+00	4.209478e-03
3.627500e+00	4.227005e-03
3.630000e+00	4.437742e-03
3.632500e+00	4.780593e-03
3.635000e+00	5.104421e-03
3.637500e+00	5.202758e-03
3.640000e+00	4.994590e-03
3.642500e+00	4.620455e-03
3.645000e+00	4.282586e-03
3.647500e+00	4.100872e-03
3.650000e+00	4.114659e-03
3.652500e+00	4.316060e-03
3.655000e+00	4.642842e-03
3.657500e+00	4.944852e-03
3.660000e+00	5.023869e-03
3.662500e+00	4.811196e-03
3.665000e+00	4.449226e-03
3.667500e+00	4.131027e-03
3.670000e+00	3.967883e-03
3.672500e+00	3.994547e-03
3.675000e+00	4.199039e-03
3.677500e+00	4.512222e-03
3.680000e+00	4.778847e-03
3.682500e+00	4.814315e-03
3.685000e+00	4.580909e-03
3.687500e+00	4.232576e-03
3.690000e+00	3.947359e-03
3.692500e+00	3.819870e-03
3.695000e+00	3.875459e-03
3.697500e+00	4.093522e-03
3.700000e+00	4.390923e-03
3.702500e+00	4.603309e-03
3.705000e+00	4.571812e-03
3.707500e+00	4.308663e-03
3.710000e+00	3.981508e-03
3.712500e+00	3.744596e-03
3.715000e+00	3.669304e-03
3.717500e+00	3.767386e-03
3.720000e+00	4.003418e-03
3.722500e+00	4.272161e-03
3.725000e+00	4.403518e-03
3.727500e+00	4.287806e-03
3.730000e+00	4.000241e-03
3.732500e+00	3.711128e-03
3.735000e+00	3.540249e-03
3.737500e+00	3.532020e-03
3.740000e+00	3.680381e-03
3.742500e+00	3.926009e-03
3.745000e+00	4.136075e-03
3.747500e+00	4.155591e-03
3.750000e+00	3.956128e-03
3.752500e+00	3.669069e-03
3.755000e+00	3.443315e-03
3.757500e+00	3.356520e-03
3.760000e+00	3.425261e-03
3.762500e+00	3.618689e-03
3.765000e+00	3.842254e-03
3.767500e+00	3.945953e-03
3.770000e+00	3.837225e-03
3.772500e+00	3.586154e-03
3.775000e+00	3.341987e-03
3.777500e+00	3.207410e-03
3.780000e+00	3.217955e-03
3.782500e+00	3.360294e-03
3.785000e+00	3.565970e-03
3.787500e+00	3.704482e-03
3.790000e+00	3.659348e-03
3.792500e+00	3.451728e-03
3.795000e+00	3.213736e-03
3.797500e+00	3.059139e-03
3.800000e+00	3.036191e-03
3.802500e+00	3.141762e-03
3.805000e+00	3.321791e-03
3.807500e+00	3.462370e-03
3.810000e+00	3.446020e-03
3.812500e+00	3.270485e-03
3.815000e+00	3.050194e-03
3.817500e+00	2.897512e-03
3.820000e+00	2.864424e-03
3.822500e+00	2.951138e-03
3.825000e+00	3.108436e-03
3.827500e+00	3.231570e-03
3.830000e+00	3.213212e-03
3.832500e+00	3.052182e-03
3.835000e+00	2.853538e-03
3.837500e+00	2.719593e-03
3.840000e+00	2.696455e-03
3.842500e+00	2.780362e-03
3.845000e+00	2.918448e-03
3.847500e+00	3.009155e-03
3.850000e+00	2.964873e-03
3.852500e+00	2.805442e-03
3.855000e+00	2.632878e-03
3.857500e+00	2.532070e-03
3.860000e+00	2.534702e-03
3.862500e+00	2.625420e-03
3.865000e+00	2.740138e-03
3.867500e+00	2.781263e-03
3.870000e+00	2.696708e-03
3.872500e+00	2.539177e-03
3.875000e+00	2.403527e-03
3.877500e+00	2.349136e-03
3.880000e+00	2.386372e-03
3.882500e+00	2.480424e-03
3.885000e+00	2.553167e-03
3.887500e+00	2.527564e-03
3.890000e+00	2.407041e-03
3.892500e+00	2.269763e-03
3.895000e+00	2.187718e-03
3.897500e+00	2.188009e-03
3.900000e+00	2.253580e-03
3.902500e+00	2.324888e-03
3.905000e+00	2.326188e-03
3.907500e+00	2.236414e-03
3.910000e+00	2.112917e-03
3.912500e+00	2.026284e-03
3.915000e+00	2.010074e-03
3.917500e+00	2.055230e-03
3.920000e+00	2.112744e-03
3.922500e+00	2.115546e-03
3.925000e+00	2.040078e-03
3.927500e+00	1.932951e-03
3.930000e+00	1.856467e-03
3.932500e+00	1.840641e-03
3.935000e+00	1.875519e-03
3.937500e+00	1.915119e-03
3.940000e+00	1.903301e-03
3.942500e+00	1.829155e-03
3.945000e+00	1.738571e-03
3.947500e+00	1.681861e-03
3.950000e+00	1.677203e-03
3.952500e+00	1.706149e-03
3.955000e+00	1.722256e-03
3.957500e+00	1.686882e-03
3.960000e+00	1.611777e-03
3.962500e+00	1.542789e-03
3.965000e+00	1.512472e-03
3.967500e+00	1.520680e-03
3.970000e+00	1.536747e-03
3.972500e+00	1.520758e-03
3.975000e+00	1.464607e-03
3.977500e+00	1.400309e-03
3.980000e+00	1.361642e-03
3.982500e+00	1.356377e-03
3.985000e+00	1.363748e-03
3.987500e+00	1.350413e-03
3.990000e+00	1.304830e-03
3.992500e+00	1.250125e-03
3.995000e+00	1.214473e-03
3.997500e+00	1.204688e-03
