#omega	spectral weight
-3.000000e+00	9.753995e-03
-2.997500e+00	8.541362e-03
-2.995000e+00	7.688269e-03
-2.992500e+00	7.208149e-03
-2.990000e+00	7.075265e-03
-2.987500e+00	7.275378e-03
-2.985000e+00	7.816150e-03
-2.982500e+00	8.709706e-03
-2.980000e+00	9.912103e-03
-2.977500e+00	1.120376e-02
-2.975000e+00	1.211535e-02
-2.972500e+00	1.219656e-02
-2.970000e+00	1.150983e-02
-2.967500e+00	1.056162e-02
-2.965000e+00	9.796747e-03
-2.962500e+00	9.410896e-03
-2.960000e+00	9.453857e-03
-2.957500e+00	9.942719e-03
-2.955000e+00	1.091618e-02
-2.952500e+00	1.245090e-02
-2.950000e+00	1.464867e-02
-2.947500e+00	1.756836e-02
-2.945000e+00	2.105204e-02
-2.942500e+00	2.450307e-02
-2.940000e+00	2.706415e-02
-2.937500e+00	2.851545e-02
-2.935000e+00	2.966353e-02
-2.932500e+00	3.130594e-02
-2.930000e+00	3.312513e-02
-2.927500e+00	3.362700e-02
-2.925000e+00	3.151451e-02
-2.922500e+00	2.724750e-02
-2.920000e+00	2.240505e-02
-2.917500e+00	1.812968e-02
-2.915000e+00	1.477609e-02
-2.912500e+00	1.228307e-02
-2.910000e+00	1.047924e-02
-2.907500e+00	9.206260e-03
-2.905000e+00	8.349243e-03
-2.902500e+00	7.836749e-03
-2.900000e+00	7.634981e-03
-2.897500e+00	7.742679e-03
-2.895000e+00	8.185197e-03
-2.892500e+00	8.997801e-03
-2.890000e+00	1.017313e-02
-2.887500e+00	1.153845e-02
-2.885000e+00	1.261271e-02
-2.882500e+00	1.275474e-02
-2.880000e+00	1.176852e-02
-2.877500e+00	1.013779e-02
-2.875000e+00	8.467568e-03
-2.872500e+00	7.064714e-03
-2.870000e+00	5.984390e-03
-2.867500e+00	5.181333e-03
-2.865000e+00	4.592968e-03
-2.862500e+00	4.166748e-03
-2.860000e+00	3.864731e-03
-2.857500e+00	3.661703e-03
-2.855000e+00	3.542514e-03
-2.852500e+00	3.500025e-03
-2.850000e+00	3.533613e-03
-2.847500e+00	3.647153e-03
-2.845000e+00	3.843706e-03
-2.842500e+00	4.111940e-03
-2.840000e+00	4.404477e-03
-2.837500e+00	4.638751e-03
-2.835000e+00	4.767199e-03
-2.832500e+00	4.846742e-03
-2.830000e+00	4.989716e-03
-2.827500e+00	5.284690e-03
-2.825000e+00	5.781674e-03
-2.822500e+00	6.496076e-03
-2.820000e+00	7.378892e-03
-2.817500e+00	8.263172e-03
-2.815000e+00	8.909028e-03
-2.812500e+00	9.246046e-03
-2.810000e+00	9.508911e-03
-2.807500e+00	1.002726e-02
-2.805000e+00	1.101685e-02
-2.802500e+00	1.252586e-02
-2.800000e+00	1.435599e-02
-2.797500e+00	1.594061e-02
-2.795000e+00	1.655197e-02
-2.792500e+00	1.601724e-02
-2.790000e+00	1.496170e-02
-2.787500e+00	1.415100e-02
-2.785000e+00	1.402863e-02
-2.782500e+00	1.477580e-02
-2.780000e+00	1.644393e-02
-2.777500e+00	1.890874e-02
-2.775000e+00	2.161140e-02
-2.772500e+00	2.336137e-02
-2.770000e+00	2.296063e-02
-2.767500e+00	2.045666e-02
-2.765000e+00	1.705239e-02
-2.762500e+00	1.383131e-02
-2.760000e+00	1.122929e-02
-2.757500e+00	9.269389e-03
-2.755000e+00	7.839030e-03
-2.752500e+00	6.817216e-03
-2.750000e+00	6.111033e-03
-2.747500e+00	5.658842e-03
-2.745000e+00	5.423668e-03
-2.742500e+00	5.380834e-03
-2.740000e+00	5.493656e-03
-2.737500e+00	5.673196e-03
-2.735000e+00	5.760810e-03
-2.732500e+00	5.623816e-03
-2.730000e+00	5.298348e-03
-2.727500e+00	4.943149e-03
-2.725000e+00	4.687726e-03
-2.722500e+00	4.589876e-03
-2.720000e+00	4.671207e-03
-2.717500e+00	4.949393e-03
-2.715000e+00	5.448668e-03
-2.712500e+00	6.186729e-03
-2.710000e+00	7.123666e-03
-2.707500e+00	8.065523e-03
-2.705000e+00	8.626270e-03
-2.702500e+00	8.481441e-03
-2.700000e+00	7.734962e-03
-2.697500e+00	6.792835e-03
-2.695000e+00	5.971685e-03
-2.692500e+00	5.391017e-03
-2.690000e+00	5.062490e-03
-2.687500e+00	4.970646e-03
-2.685000e+00	5.106618e-03
-2.682500e+00	5.472000e-03
-2.680000e+00	6.058217e-03
-2.677500e+00	6.790810e-03
-2.675000e+00	7.454436e-03
-2.672500e+00	7.734327e-03
-2.670000e+00	7.495838e-03
-2.667500e+00	6.953349e-03
-2.665000e+00	6.429513e-03
-2.662500e+00	6.120187e-03
-2.660000e+00	6.097247e-03
-2.657500e+00	6.381003e-03
-2.655000e+00	6.968465e-03
-2.652500e+00	7.797214e-03
-2.650000e+00	8.655304e-03
-2.647500e+00	9.156707e-03
-2.645000e+00	9.005002e-03
-2.642500e+00	8.328723e-03
-2.640000e+00	7.524207e-03
-2.637500e+00	6.887879e-03
-2.635000e+00	6.533750e-03
-2.632500e+00	6.483343e-03
-2.630000e+00	6.739399e-03
-2.627500e+00	7.310076e-03
-2.625000e+00	8.190928e-03
-2.622500e+00	9.296296e-03
-2.620000e+00	1.035699e-02
-2.617500e+00	1.095365e-02
-2.615000e+00	1.087655e-02
-2.612500e+00	1.039421e-02
-2.610000e+00	9.961341e-03
-2.607500e+00	9.879724e-03
-2.605000e+00	1.028585e-02
-2.602500e+00	1.125636e-02
-2.600000e+00	1.286530e-02
-2.597500e+00	1.515793e-02
-2.595000e+00	1.800712e-02
-2.592500e+00	2.085604e-02
-2.590000e+00	2.268202e-02
-2.587500e+00	2.277273e-02
-2.585000e+00	2.161500e-02
-2.582500e+00	2.039160e-02
-2.580000e+00	1.998044e-02
-2.577500e+00	2.071389e-02
-2.575000e+00	2.246581e-02
-2.572500e+00	2.453876e-02
-2.570000e+00	2.560890e-02
-2.567500e+00	2.453967e-02
-2.565000e+00	2.157585e-02
-2.562500e+00	1.796919e-02
-2.560000e+00	1.470658e-02
-2.557500e+00	1.213593e-02
-2.555000e+00	1.024307e-02
-2.552500e+00	8.909350e-03
-2.550000e+00	8.021528e-03
-2.547500e+00	7.501589e-03
-2.545000e+00	7.308645e-03
-2.542500e+00	7.431506e-03
-2.540000e+00	7.870054e-03
-2.537500e+00	8.587447e-03
-2.535000e+00	9.414419e-03
-2.532500e+00	9.973653e-03
-2.530000e+00	9.863278e-03
-2.527500e+00	9.072411e-03
-2.525000e+00	7.988302e-03
-2.522500e+00	6.981215e-03
-2.520000e+00	6.211022e-03
-2.517500e+00	5.698248e-03
-2.515000e+00	5.418532e-03
-2.512500e+00	5.348411e-03
-2.510000e+00	5.480653e-03
-2.507500e+00	5.828883e-03
-2.505000e+00	6.429748e-03
-2.502500e+00	7.342908e-03
-2.500000e+00	8.640570e-03
-2.497500e+00	1.036182e-02
-2.495000e+00	1.238709e-02
-2.492500e+00	1.423998e-02
-2.490000e+00	1.510869e-02
-2.487500e+00	1.449860e-02
-2.485000e+00	1.282603e-02
-2.482500e+00	1.092444e-02
-2.480000e+00	9.335652e-03
-2.477500e+00	8.230821e-03
-2.475000e+00	7.604572e-03
-2.472500e+00	7.401178e-03
-2.470000e+00	7.532659e-03
-2.467500e+00	7.823936e-03
-2.465000e+00	7.973418e-03
-2.462500e+00	7.706552e-03
-2.460000e+00	7.047625e-03
-2.457500e+00	6.268687e-03
-2.455000e+00	5.604370e-03
-2.452500e+00	5.150922e-03
-2.450000e+00	4.924038e-03
-2.447500e+00	4.918438e-03
-2.445000e+00	5.129586e-03
-2.442500e+00	5.542336e-03
-2.440000e+00	6.084461e-03
-2.437500e+00	6.564298e-03
-2.435000e+00	6.712365e-03
-2.432500e+00	6.420805e-03
-2.430000e+00	5.872339e-03
-2.427500e+00	5.328253e-03
-2.425000e+00	4.937134e-03
-2.422500e+00	4.742928e-03
-2.420000e+00	4.750082e-03
-2.417500e+00	4.963335e-03
-2.415000e+00	5.403536e-03
-2.412500e+00	6.111446e-03
-2.410000e+00	7.139448e-03
-2.407500e+00	8.513540e-03
-2.405000e+00	1.013039e-02
-2.402500e+00	1.159786e-02
-2.400000e+00	1.225990e-02
-2.397500e+00	1.172895e-02
-2.395000e+00	1.034884e-02
-2.392500e+00	8.782761e-03
-2.390000e+00	7.451388e-03
-2.387500e+00	6.478257e-03
-2.385000e+00	5.848479e-03
-2.382500e+00	5.518041e-03
-2.380000e+00	5.455155e-03
-2.377500e+00	5.647265e-03
-2.375000e+00	6.087717e-03
-2.372500e+00	6.734515e-03
-2.370000e+00	7.435765e-03
-2.367500e+00	7.899223e-03
-2.365000e+00	7.882028e-03
-2.362500e+00	7.469029e-03
-2.360000e+00	6.981168e-03
-2.357500e+00	6.681282e-03
-2.355000e+00	6.692507e-03
-2.352500e+00	7.062345e-03
-2.350000e+00	7.805593e-03
-2.347500e+00	8.872596e-03
-2.345000e+00	1.003819e-02
-2.342500e+00	1.082184e-02
-2.340000e+00	1.074518e-02
-2.337500e+00	9.839319e-03
-2.335000e+00	8.601148e-03
-2.332500e+00	7.476993e-03
-2.330000e+00	6.654012e-03
-2.327500e+00	6.158366e-03
-2.325000e+00	5.968934e-03
-2.322500e+00	6.069515e-03
-2.320000e+00	6.460166e-03
-2.317500e+00	7.140340e-03
-2.315000e+00	8.052668e-03
-2.312500e+00	8.984304e-03
-2.310000e+00	9.541786e-03
-2.307500e+00	9.425550e-03
-2.305000e+00	8.775116e-03
-2.302500e+00	8.004051e-03
-2.300000e+00	7.421619e-03
-2.297500e+00	7.150197e-03
-2.295000e+00	7.219999e-03
-2.292500e+00	7.648889e-03
-2.290000e+00	8.478006e-03
-2.287500e+00	9.780504e-03
-2.285000e+00	1.164346e-02
-2.282500e+00	1.408943e-02
-2.280000e+00	1.687841e-02
-2.277500e+00	1.924644e-02
-2.275000e+00	2.007545e-02
-2.272500e+00	1.890505e-02
-2.270000e+00	1.650113e-02
-2.267500e+00	1.397041e-02
-2.265000e+00	1.193711e-02
-2.262500e+00	1.056649e-02
-2.260000e+00	9.836317e-03
-2.257500e+00	9.695761e-03
-2.255000e+00	1.010638e-02
-2.252500e+00	1.099930e-02
-2.250000e+00	1.214802e-02
-2.247500e+00	1.303166e-02
-2.245000e+00	1.301420e-02
-2.242500e+00	1.194713e-02
-2.240000e+00	1.033137e-02
-2.237500e+00	8.742140e-03
-2.235000e+00	7.456140e-03
-2.232500e+00	6.517667e-03
-2.230000e+00	5.884384e-03
-2.227500e+00	5.504013e-03
-2.225000e+00	5.339667e-03
-2.222500e+00	5.375290e-03
-2.220000e+00	5.616216e-03
-2.217500e+00	6.089575e-03
-2.215000e+00	6.843862e-03
-2.212500e+00	7.940626e-03
-2.210000e+00	9.418011e-03
-2.207500e+00	1.118853e-02
-2.205000e+00	1.287131e-02
-2.202500e+00	1.379138e-02
-2.200000e+00	1.351132e-02
-2.197500e+00	1.236792e-02
-2.195000e+00	1.108967e-02
-2.192500e+00	1.016160e-02
-2.190000e+00	9.692996e-03
-2.187500e+00	9.507861e-03
-2.185000e+00	9.243822e-03
-2.182500e+00	8.604194e-03
-2.180000e+00	7.637810e-03
-2.177500e+00	6.620221e-03
-2.175000e+00	5.757332e-03
-2.172500e+00	5.112576e-03
-2.170000e+00	4.674229e-03
-2.167500e+00	4.412827e-03
-2.165000e+00	4.304973e-03
-2.162500e+00	4.340051e-03
-2.160000e+00	4.521749e-03
-2.157500e+00	4.868994e-03
-2.155000e+00	5.416996e-03
-2.152500e+00	6.215560e-03
-2.150000e+00	7.314756e-03
-2.147500e+00	8.714522e-03
-2.145000e+00	1.025257e-02
-2.142500e+00	1.150351e-02
-2.140000e+00	1.198316e-02
-2.137500e+00	1.167771e-02
-2.135000e+00	1.110183e-02
-2.132500e+00	1.075349e-02
-2.130000e+00	1.076279e-02
-2.127500e+00	1.086686e-02
-2.125000e+00	1.058709e-02
-2.122500e+00	9.675085e-03
-2.120000e+00	8.370544e-03
-2.117500e+00	7.071699e-03
-2.115000e+00	6.001400e-03
-2.112500e+00	5.204687e-03
-2.110000e+00	4.652091e-03
-2.107500e+00	4.302794e-03
-2.105000e+00	4.126800e-03
-2.102500e+00	4.108557e-03
-2.100000e+00	4.241796e-03
-2.097500e+00	4.513288e-03
-2.095000e+00	4.867832e-03
-2.092500e+00	5.170414e-03
-2.090000e+00	5.251345e-03
-2.087500e+00	5.069583e-03
-2.085000e+00	4.764573e-03
-2.082500e+00	4.503326e-03
-2.080000e+00	4.376049e-03
-2.077500e+00	4.413642e-03
-2.075000e+00	4.630002e-03
-2.072500e+00	5.046584e-03
-2.070000e+00	5.703004e-03
-2.067500e+00	6.659593e-03
-2.065000e+00	7.986568e-03
-2.062500e+00	9.715599e-03
-2.060000e+00	1.171059e-02
-2.057500e+00	1.347705e-02
-2.055000e+00	1.422213e-02
-2.052500e+00	1.352646e-02
-2.050000e+00	1.185308e-02
-2.047500e+00	1.000065e-02
-2.045000e+00	8.455678e-03
-2.042500e+00	7.357198e-03
-2.040000e+00	6.689884e-03
-2.037500e+00	6.409404e-03
-2.035000e+00	6.484450e-03
-2.032500e+00	6.888397e-03
-2.030000e+00	7.544692e-03
-2.027500e+00	8.229369e-03
-2.025000e+00	8.546430e-03
-2.022500e+00	8.195169e-03
-2.020000e+00	7.301391e-03
-2.017500e+00	6.251425e-03
-2.015000e+00	5.324282e-03
-2.012500e+00	4.611504e-03
-2.010000e+00	4.106128e-03
-2.007500e+00	3.775421e-03
-2.005000e+00	3.590683e-03
-2.002500e+00	3.535166e-03
-2.000000e+00	3.604098e-03
-1.997500e+00	3.800425e-03
-1.995000e+00	4.122181e-03
-1.992500e+00	4.532500e-03
-1.990000e+00	4.918409e-03
-1.987500e+00	5.109700e-03
-1.985000e+00	5.028870e-03
-1.982500e+00	4.790554e-03
-1.980000e+00	4.575647e-03
-1.977500e+00	4.499532e-03
-1.975000e+00	4.611922e-03
-1.972500e+00	4.940285e-03
-1.970000e+00	5.515146e-03
-1.967500e+00	6.368155e-03
-1.965000e+00	7.492091e-03
-1.962500e+00	8.742583e-03
-1.960000e+00	9.734029e-03
-1.957500e+00	9.985093e-03
-1.955000e+00	9.397369e-03
-1.952500e+00	8.384273e-03
-1.950000e+00	7.418697e-03
-1.947500e+00	6.741682e-03
-1.945000e+00	6.416917e-03
-1.942500e+00	6.445311e-03
-1.940000e+00	6.815995e-03
-1.937500e+00	7.491627e-03
-1.935000e+00	8.332873e-03
-1.932500e+00	9.016067e-03
-1.930000e+00	9.152271e-03
-1.927500e+00	8.666759e-03
-1.925000e+00	7.891403e-03
-1.922500e+00	7.202988e-03
-1.920000e+00	6.798182e-03
-1.917500e+00	6.740310e-03
-1.915000e+00	7.050366e-03
-1.912500e+00	7.744403e-03
-1.910000e+00	8.808644e-03
-1.907500e+00	1.010013e-02
-1.905000e+00	1.121028e-02
-1.902500e+00	1.154928e-02
-1.900000e+00	1.086709e-02
-1.897500e+00	9.549812e-03
-1.895000e+00	8.162482e-03
-1.892500e+00	7.019688e-03
-1.890000e+00	6.195036e-03
-1.887500e+00	5.660704e-03
-1.885000e+00	5.371076e-03
-1.882500e+00	5.292701e-03
-1.880000e+00	5.411689e-03
-1.877500e+00	5.735152e-03
-1.875000e+00	6.292669e-03
-1.872500e+00	7.138848e-03
-1.870000e+00	8.354177e-03
-1.867500e+00	1.003302e-02
-1.865000e+00	1.222806e-02
-1.862500e+00	1.479568e-02
-1.860000e+00	1.714973e-02
-1.857500e+00	1.828297e-02
-1.855000e+00	1.757270e-02
-1.852500e+00	1.552803e-02
-1.850000e+00	1.318613e-02
-1.847500e+00	1.122546e-02
-1.845000e+00	9.860433e-03
-1.842500e+00	9.079944e-03
-1.840000e+00	8.799336e-03
-1.837500e+00	8.874768e-03
-1.835000e+00	9.045178e-03
-1.832500e+00	8.958829e-03
-1.830000e+00	8.430234e-03
-1.827500e+00	7.622228e-03
-1.825000e+00	6.826019e-03
-1.822500e+00	6.216494e-03
-1.820000e+00	5.842440e-03
-1.817500e+00	5.700529e-03
-1.815000e+00	5.783687e-03
-1.812500e+00	6.100702e-03
-1.810000e+00	6.683003e-03
-1.807500e+00	7.585007e-03
-1.805000e+00	8.871533e-03
-1.802500e+00	1.056712e-02
-1.800000e+00	1.252491e-02
-1.797500e+00	1.424226e-02
-1.795000e+00	1.494538e-02
-1.792500e+00	1.426733e-02
-1.790000e+00	1.270108e-02
-1.787500e+00	1.102822e-02
-1.785000e+00	9.713805e-03
-1.782500e+00	8.895878e-03
-1.780000e+00	8.572971e-03
-1.777500e+00	8.713712e-03
-1.775000e+00	9.268769e-03
-1.772500e+00	1.010350e-02
-1.770000e+00	1.089586e-02
-1.767500e+00	1.119889e-02
-1.765000e+00	1.082982e-02
-1.762500e+00	1.009026e-02
-1.760000e+00	9.425126e-03
-1.757500e+00	9.105894e-03
-1.755000e+00	9.242845e-03
-1.752500e+00	9.893433e-03
-1.750000e+00	1.112166e-02
-1.747500e+00	1.298910e-02
-1.745000e+00	1.545098e-02
-1.742500e+00	1.811578e-02
-1.740000e+00	2.002818e-02
-1.737500e+00	2.009901e-02
-1.735000e+00	1.821896e-02
-1.732500e+00	1.538609e-02
-1.730000e+00	1.261441e-02
-1.727500e+00	1.035510e-02
-1.725000e+00	8.661484e-03
-1.722500e+00	7.445412e-03
-1.720000e+00	6.603426e-03
-1.717500e+00	6.055524e-03
-1.715000e+00	5.750647e-03
-1.712500e+00	5.662670e-03
-1.710000e+00	5.782342e-03
-1.707500e+00	6.099928e-03
-1.705000e+00	6.566114e-03
-1.702500e+00	7.034709e-03
-1.700000e+00	7.273265e-03
-1.697500e+00	7.152157e-03
-1.695000e+00	6.802426e-03
-1.692500e+00	6.467470e-03
-1.690000e+00	6.310621e-03
-1.687500e+00	6.401464e-03
-1.685000e+00	6.775115e-03
-1.682500e+00	7.473858e-03
-1.680000e+00	8.562320e-03
-1.677500e+00	1.011673e-02
-1.675000e+00	1.216352e-02
-1.672500e+00	1.451761e-02
-1.670000e+00	1.655493e-02
-1.667500e+00	1.731612e-02
-1.665000e+00	1.634119e-02
-1.662500e+00	1.422598e-02
-1.660000e+00	1.191651e-02
-1.657500e+00	9.961681e-03
-1.655000e+00	8.498451e-03
-1.652500e+00	7.482784e-03
-1.650000e+00	6.834062e-03
-1.647500e+00	6.487416e-03
-1.645000e+00	6.405612e-03
-1.642500e+00	6.577944e-03
-1.640000e+00	7.013010e-03
-1.637500e+00	7.718453e-03
-1.635000e+00	8.649166e-03
-1.632500e+00	9.619816e-03
-1.630000e+00	1.028931e-02
-1.627500e+00	1.041603e-02
-1.625000e+00	1.016005e-02
-1.622500e+00	9.924615e-03
-1.620000e+00	1.002674e-02
-1.617500e+00	1.063410e-02
-1.615000e+00	1.184364e-02
-1.612500e+00	1.371157e-02
-1.610000e+00	1.616113e-02
-1.607500e+00	1.874523e-02
-1.605000e+00	2.048327e-02
-1.602500e+00	2.040063e-02
-1.600000e+00	1.857661e-02
-1.597500e+00	1.604439e-02
-1.595000e+00	1.372394e-02
-1.592500e+00	1.199698e-02
-1.590000e+00	1.091147e-02
-1.587500e+00	1.041619e-02
-1.585000e+00	1.047081e-02
-1.582500e+00	1.108056e-02
-1.580000e+00	1.229748e-02
-1.577500e+00	1.418823e-02
-1.575000e+00	1.672562e-02
-1.572500e+00	1.954401e-02
-1.570000e+00	2.168625e-02
-1.567500e+00	2.196766e-02
-1.565000e+00	2.014466e-02
-1.562500e+00	1.720917e-02
-1.560000e+00	1.427591e-02
-1.557500e+00	1.187808e-02
-1.555000e+00	1.010169e-02
-1.552500e+00	8.865695e-03
-1.550000e+00	8.067526e-03
-1.547500e+00	7.628035e-03
-1.545000e+00	7.491940e-03
-1.542500e+00	7.603139e-03
-1.540000e+00	7.856634e-03
-1.537500e+00	8.063709e-03
-1.535000e+00	8.039912e-03
-1.532500e+00	7.789500e-03
-1.530000e+00	7.494973e-03
-1.527500e+00	7.329433e-03
-1.525000e+00	7.378293e-03
-1.522500e+00	7.675984e-03
-1.520000e+00	8.251008e-03
-1.517500e+00	9.150196e-03
-1.515000e+00	1.044970e-02
-1.512500e+00	1.225585e-02
-1.510000e+00	1.468187e-02
-1.507500e+00	1.775838e-02
-1.505000e+00	2.122588e-02
-1.502500e+00	2.432741e-02
-1.500000e+00	2.615262e-02
-1.497500e+00	2.666562e-02
-1.495000e+00	2.692476e-02
-1.492500e+00	2.804695e-02
-1.490000e+00	3.041455e-02
-1.487500e+00	3.338643e-02
-1.485000e+00	3.524391e-02
-1.482500e+00	3.420018e-02
-1.480000e+00	3.024928e-02
-1.477500e+00	2.507253e-02
-1.475000e+00	2.020577e-02
-1.472500e+00	1.626162e-02
-1.470000e+00	1.325940e-02
-1.467500e+00	1.102304e-02
-1.465000e+00	9.363689e-03
-1.462500e+00	8.131231e-03
-1.460000e+00	7.218049e-03
-1.457500e+00	6.550968e-03
-1.455000e+00	6.082764e-03
-1.452500e+00	5.785546e-03
-1.450000e+00	5.644946e-03
-1.447500e+00	5.651277e-03
-1.445000e+00	5.780359e-03
-1.442500e+00	5.960485e-03
-1.440000e+00	6.059597e-03
-1.437500e+00	5.969177e-03
-1.435000e+00	5.724366e-03
-1.432500e+00	5.461187e-03
-1.430000e+00	5.288252e-03
-1.427500e+00	5.252701e-03
-1.425000e+00	5.370914e-03
-1.422500e+00	5.656903e-03
-1.420000e+00	6.136604e-03
-1.417500e+00	6.854780e-03
-1.415000e+00	7.877734e-03
-1.412500e+00	9.285934e-03
-1.410000e+00	1.113430e-02
-1.407500e+00	1.333571e-02
-1.405000e+00	1.545863e-02
-1.402500e+00	1.669298e-02
-1.400000e+00	1.644934e-02
-1.397500e+00	1.506142e-02
-1.395000e+00	1.340445e-02
-1.392500e+00	1.211635e-02
-1.390000e+00	1.144585e-02
-1.387500e+00	1.144599e-02
-1.385000e+00	1.210998e-02
-1.382500e+00	1.336576e-02
-1.380000e+00	1.493454e-02
-1.377500e+00	1.616304e-02
-1.375000e+00	1.624779e-02
-1.372500e+00	1.499724e-02
-1.370000e+00	1.304472e-02
-1.367500e+00	1.112347e-02
-1.365000e+00	9.590749e-03
-1.362500e+00	8.509830e-03
-1.360000e+00	7.835541e-03
-1.357500e+00	7.512870e-03
-1.355000e+00	7.509981e-03
-1.352500e+00	7.823818e-03
-1.350000e+00	8.471688e-03
-1.347500e+00	9.459852e-03
-1.345000e+00	1.070332e-02
-1.342500e+00	1.190234e-02
-1.340000e+00	1.255755e-02
-1.337500e+00	1.237478e-02
-1.335000e+00	1.162688e-02
-1.332500e+00	1.084621e-02
-1.330000e+00	1.039358e-02
-1.327500e+00	1.041712e-02
-1.325000e+00	1.097946e-02
-1.322500e+00	1.214654e-02
-1.320000e+00	1.401210e-02
-1.317500e+00	1.665366e-02
-1.315000e+00	1.996671e-02
-1.312500e+00	2.333644e-02
-1.310000e+00	2.545573e-02
-1.307500e+00	2.510919e-02
-1.305000e+00	2.251099e-02
-1.302500e+00	1.903685e-02
-1.300000e+00	1.583468e-02
-1.297500e+00	1.334720e-02
-1.295000e+00	1.159835e-02
-1.292500e+00	1.048593e-02
-1.290000e+00	9.910684e-03
-1.287500e+00	9.808687e-03
-1.285000e+00	1.013712e-02
-1.282500e+00	1.081714e-02
-1.280000e+00	1.162828e-02
-1.277500e+00	1.215360e-02
-1.275000e+00	1.202274e-02
-1.272500e+00	1.130989e-02
-1.270000e+00	1.043680e-02
-1.267500e+00	9.754854e-03
-1.265000e+00	9.411105e-03
-1.262500e+00	9.439148e-03
-1.260000e+00	9.850137e-03
-1.257500e+00	1.067672e-02
-1.255000e+00	1.199137e-02
-1.252500e+00	1.391402e-02
-1.250000e+00	1.660407e-02
-1.247500e+00	2.020217e-02
-1.245000e+00	2.464080e-02
-1.242500e+00	2.926029e-02
-1.240000e+00	3.256788e-02
-1.237500e+00	3.312056e-02
-1.235000e+00	3.116550e-02
-1.232500e+00	2.843277e-02
-1.230000e+00	2.644275e-02
-1.227500e+00	2.578843e-02
-1.225000e+00	2.625748e-02
-1.222500e+00	2.691382e-02
-1.220000e+00	2.641674e-02
-1.217500e+00	2.411683e-02
-1.215000e+00	2.069367e-02
-1.212500e+00	1.724023e-02
-1.210000e+00	1.436492e-02
-1.207500e+00	1.219195e-02
-1.205000e+00	1.064161e-02
-1.202500e+00	9.600434e-03
-1.200000e+00	8.981303e-03
-1.197500e+00	8.736348e-03
-1.195000e+00	8.854583e-03
-1.192500e+00	9.350635e-03
-1.190000e+00	1.023152e-02
-1.187500e+00	1.141064e-02
-1.185000e+00	1.256348e-02
-1.182500e+00	1.310556e-02
-1.180000e+00	1.261477e-02
-1.177500e+00	1.131383e-02
-1.175000e+00	9.791640e-03
-1.172500e+00	8.460186e-03
-1.170000e+00	7.451889e-03
-1.167500e+00	6.756221e-03
-1.165000e+00	6.326602e-03
-1.162500e+00	6.123714e-03
-1.160000e+00	6.127445e-03
-1.157500e+00	6.338669e-03
-1.155000e+00	6.777900e-03
-1.152500e+00	7.478624e-03
-1.150000e+00	8.462640e-03
-1.147500e+00	9.672240e-03
-1.145000e+00	1.085616e-02
-1.142500e+00	1.155761e-02
-1.140000e+00	1.145941e-02
-1.137500e+00	1.076451e-02
-1.135000e+00	9.964369e-03
-1.132500e+00	9.410846e-03
-1.130000e+00	9.243537e-03
-1.127500e+00	9.504277e-03
-1.125000e+00	1.022682e-02
-1.122500e+00	1.147379e-02
-1.120000e+00	1.333585e-02
-1.117500e+00	1.587873e-02
-1.115000e+00	1.898459e-02
-1.112500e+00	2.207948e-02
-1.110000e+00	2.409636e-02
-1.107500e+00	2.429587e-02
-1.105000e+00	2.320182e-02
-1.102500e+00	2.205195e-02
-1.100000e+00	2.168846e-02
-1.097500e+00	2.219488e-02
-1.095000e+00	2.291249e-02
-1.092500e+00	2.270886e-02
-1.090000e+00	2.091295e-02
-1.087500e+00	1.801480e-02
-1.085000e+00	1.498019e-02
-1.082500e+00	1.239377e-02
-1.080000e+00	1.039297e-02
-1.077500e+00	8.910815e-03
-1.075000e+00	7.836565e-03
-1.072500e+00	7.073931e-03
-1.070000e+00	6.552981e-03
-1.067500e+00	6.227948e-03
-1.065000e+00	6.072885e-03
-1.062500e+00	6.078588e-03
-1.060000e+00	6.251459e-03
-1.057500e+00	6.614002e-03
-1.055000e+00	7.205589e-03
-1.052500e+00	8.078831e-03
-1.050000e+00	9.278078e-03
-1.047500e+00	1.077098e-02
-1.045000e+00	1.231227e-02
-1.042500e+00	1.336458e-02
-1.040000e+00	1.341982e-02
-1.037500e+00	1.256589e-02
-1.035000e+00	1.139027e-02
-1.032500e+00	1.039728e-02
-1.030000e+00	9.801108e-03
-1.027500e+00	9.646948e-03
-1.025000e+00	9.939256e-03
-1.022500e+00	1.070222e-02
-1.020000e+00	1.199836e-02
-1.017500e+00	1.391874e-02
-1.015000e+00	1.652208e-02
-1.012500e+00	1.966359e-02
-1.010000e+00	2.271487e-02
-1.007500e+00	2.456258e-02
-1.005000e+00	2.449654e-02
-1.002500e+00	2.311041e-02
-1.000000e+00	2.167334e-02
-9.975000e-01	2.108573e-02
-9.950000e-01	2.167861e-02
-9.925000e-01	2.333646e-02
-9.900000e-01	2.540022e-02
-9.875000e-01	2.658220e-02
-9.850000e-01	2.570378e-02
-9.825000e-01	2.291268e-02
-9.800000e-01	1.942707e-02
-9.775000e-01	1.626471e-02
-9.750000e-01	1.380771e-02
-9.725000e-01	1.206200e-02
-9.700000e-01	1.092200e-02
-9.675000e-01	1.028800e-02
-9.650000e-01	1.010060e-02
-9.625000e-01	1.034632e-02
-9.600000e-01	1.105455e-02
-9.575000e-01	1.228416e-02
-9.550000e-01	1.407587e-02
-9.525000e-01	1.632035e-02
-9.500000e-01	1.852820e-02
-9.475000e-01	1.977799e-02
-9.450000e-01	1.937408e-02
-9.425000e-01	1.765688e-02
-9.400000e-01	1.560102e-02
-9.375000e-01	1.392454e-02
-9.350000e-01	1.289957e-02
-9.325000e-01	1.257343e-02
-9.300000e-01	1.294517e-02
-9.275000e-01	1.401893e-02
-9.250000e-01	1.574954e-02
-9.225000e-01	1.786478e-02
-9.200000e-01	1.964608e-02
-9.175000e-01	2.012766e-02
-9.150000e-01	1.899307e-02
-9.125000e-01	1.696337e-02
-9.100000e-01	1.498073e-02
-9.075000e-01	1.356210e-02
-9.050000e-01	1.285896e-02
-9.025000e-01	1.288259e-02
-9.000000e-01	1.360752e-02
-8.975000e-01	1.493133e-02
-8.950000e-01	1.650474e-02
-8.925000e-01	1.758807e-02
-8.900000e-01	1.740067e-02
-8.875000e-01	1.591420e-02
-8.850000e-01	1.386475e-02
-8.825000e-01	1.195742e-02
-8.800000e-01	1.049559e-02
-8.775000e-01	9.516502e-03
-8.750000e-01	8.971668e-03
-8.725000e-01	8.814228e-03
-8.700000e-01	9.027924e-03
-8.675000e-01	9.635140e-03
-8.650000e-01	1.069867e-02
-8.625000e-01	1.231470e-02
-8.600000e-01	1.457390e-02
-8.575000e-01	1.743436e-02
-8.550000e-01	2.045130e-02
-8.525000e-01	2.255902e-02
-8.500000e-01	2.260217e-02
-8.475000e-01	2.055256e-02
-8.450000e-01	1.754587e-02
-8.425000e-01	1.467213e-02
-8.400000e-01	1.240326e-02
-8.375000e-01	1.079757e-02
-8.350000e-01	9.775709e-03
-8.325000e-01	9.252645e-03
-8.300000e-01	9.175154e-03
-8.275000e-01	9.514028e-03
-8.250000e-01	1.021661e-02
-8.225000e-01	1.110526e-02
-8.200000e-01	1.178193e-02
-8.175000e-01	1.178852e-02
-8.150000e-01	1.105910e-02
-8.125000e-01	9.993631e-03
-8.100000e-01	9.018260e-03
-8.075000e-01	8.337620e-03
-8.050000e-01	7.998652e-03
-8.025000e-01	7.999088e-03
-8.000000e-01	8.343438e-03
-7.975000e-01	9.059705e-03
-7.950000e-01	1.018930e-02
-7.925000e-01	1.173468e-02
-7.900000e-01	1.352954e-02
-7.875000e-01	1.507309e-02
-7.850000e-01	1.565325e-02
-7.825000e-01	1.500092e-02
-7.800000e-01	1.362575e-02
-7.775000e-01	1.223475e-02
-7.750000e-01	1.122351e-02
-7.725000e-01	1.070356e-02
-7.700000e-01	1.067737e-02
-7.675000e-01	1.114363e-02
-7.650000e-01	1.213911e-02
-7.625000e-01	1.375308e-02
-7.600000e-01	1.612497e-02
-7.575000e-01	1.940403e-02
-7.550000e-01	2.360227e-02
-7.525000e-01	2.824971e-02
-7.500000e-01	3.201851e-02
-7.475000e-01	3.320912e-02
-7.450000e-01	3.145081e-02
-7.425000e-01	2.822579e-02
-7.400000e-01	2.527092e-02
-7.375000e-01	2.346431e-02
-7.350000e-01	2.289166e-02
-7.325000e-01	2.305163e-02
-7.300000e-01	2.294966e-02
-7.275000e-01	2.164986e-02
-7.250000e-01	1.915354e-02
-7.225000e-01	1.625916e-02
-7.200000e-01	1.366077e-02
-7.175000e-01	1.161320e-02
-7.150000e-01	1.010469e-02
-7.125000e-01	9.043652e-03
-7.100000e-01	8.341751e-03
-7.075000e-01	7.937141e-03
-7.050000e-01	7.797031e-03
-7.025000e-01	7.915725e-03
-7.000000e-01	8.312137e-03
-6.975000e-01	9.023492e-03
-6.950000e-01	1.008213e-02
-6.925000e-01	1.144725e-02
-6.900000e-01	1.287401e-02
-6.875000e-01	1.384725e-02
-6.850000e-01	1.390455e-02
-6.825000e-01	1.316229e-02
-6.800000e-01	1.219193e-02
-6.775000e-01	1.147399e-02
-6.750000e-01	1.122420e-02
-6.725000e-01	1.151547e-02
-6.700000e-01	1.239897e-02
-6.675000e-01	1.395690e-02
-6.650000e-01	1.629832e-02
-6.625000e-01	1.947462e-02
-6.600000e-01	2.324170e-02
-6.575000e-01	2.669392e-02
-6.550000e-01	2.833062e-02
-6.525000e-01	2.728988e-02
-6.500000e-01	2.439889e-02
-6.475000e-01	2.121340e-02
-6.450000e-01	1.873744e-02
-6.425000e-01	1.730178e-02
-6.400000e-01	1.689886e-02
-6.375000e-01	1.733991e-02
-6.350000e-01	1.817041e-02
-6.325000e-01	1.859137e-02
-6.300000e-01	1.787773e-02
-6.275000e-01	1.609606e-02
-6.250000e-01	1.395977e-02
-6.225000e-01	1.207461e-02
-6.200000e-01	1.067559e-02
-6.175000e-01	9.780317e-03
-6.150000e-01	9.347979e-03
-6.125000e-01	9.349944e-03
-6.100000e-01	9.785016e-03
-6.075000e-01	1.065733e-02
-6.050000e-01	1.189946e-02
-6.025000e-01	1.322376e-02
-6.000000e-01	1.403875e-02
-5.975000e-01	1.379513e-02
-5.950000e-01	1.258123e-02
-5.925000e-01	1.100604e-02
-5.900000e-01	9.580300e-03
-5.875000e-01	8.502175e-03
-5.850000e-01	7.784461e-03
-5.825000e-01	7.385512e-03
-5.800000e-01	7.268192e-03
-5.775000e-01	7.418118e-03
-5.750000e-01	7.847357e-03
-5.725000e-01	8.591889e-03
-5.700000e-01	9.696880e-03
-5.675000e-01	1.116687e-02
-5.650000e-01	1.284803e-02
-5.625000e-01	1.429119e-02
-5.600000e-01	1.489636e-02
-5.575000e-01	1.450016e-02
-5.550000e-01	1.360601e-02
-5.525000e-01	1.284873e-02
-5.500000e-01	1.259458e-02
-5.475000e-01	1.299132e-02
-5.450000e-01	1.411240e-02
-5.425000e-01	1.600593e-02
-5.400000e-01	1.860886e-02
-5.375000e-01	2.150485e-02
-5.350000e-01	2.371090e-02
-5.325000e-01	2.414174e-02
-5.300000e-01	2.275124e-02
-5.275000e-01	2.062579e-02
-5.250000e-01	1.886472e-02
-5.225000e-01	1.801115e-02
-5.200000e-01	1.820810e-02
-5.175000e-01	1.937414e-02
-5.150000e-01	2.112707e-02
-5.125000e-01	2.259054e-02
-5.100000e-01	2.265934e-02
-5.075000e-01	2.100118e-02
-5.050000e-01	1.841377e-02
-5.025000e-01	1.588862e-02
-5.000000e-01	1.393371e-02
-4.975000e-01	1.266021e-02
-4.950000e-01	1.203433e-02
-4.925000e-01	1.201705e-02
-4.900000e-01	1.261210e-02
-4.875000e-01	1.386776e-02
-4.850000e-01	1.583271e-02
-4.825000e-01	1.841780e-02
-4.800000e-01	2.112128e-02
-4.775000e-01	2.285395e-02
-4.750000e-01	2.255238e-02
-4.725000e-01	2.032609e-02
-4.700000e-01	1.731276e-02
-4.675000e-01	1.450234e-02
-4.650000e-01	1.228721e-02
-4.625000e-01	1.069070e-02
-4.600000e-01	9.619623e-03
-4.575000e-01	8.978741e-03
-4.550000e-01	8.703886e-03
-4.525000e-01	8.764340e-03
-4.500000e-01	9.151437e-03
-4.475000e-01	9.847590e-03
-4.450000e-01	1.075999e-02
-4.425000e-01	1.164706e-02
-4.400000e-01	1.220074e-02
-4.375000e-01	1.236409e-02
-4.350000e-01	1.244906e-02
-4.325000e-01	1.285137e-02
-4.300000e-01	1.384686e-02
-4.275000e-01	1.562105e-02
-4.250000e-01	1.832199e-02
-4.225000e-01	2.199002e-02
-4.200000e-01	2.627325e-02
-4.175000e-01	3.000280e-02
-4.150000e-01	3.136918e-02
-4.125000e-01	2.947378e-02
-4.100000e-01	2.540499e-02
-4.075000e-01	2.093860e-02
-4.050000e-01	1.711497e-02
-4.025000e-01	1.419453e-02
-4.000000e-01	1.209092e-02
-3.975000e-01	1.064466e-02
-3.950000e-01	9.721768e-03
-3.925000e-01	9.233198e-03
-3.900000e-01	9.124251e-03
-3.875000e-01	9.341666e-03
-3.850000e-01	9.767836e-03
-3.825000e-01	1.014975e-02
-3.800000e-01	1.017396e-02
-3.775000e-01	9.755556e-03
-3.750000e-01	9.136491e-03
-3.725000e-01	8.615208e-03
-3.700000e-01	8.356501e-03
-3.675000e-01	8.419863e-03
-3.650000e-01	8.831155e-03
-3.625000e-01	9.612369e-03
-3.600000e-01	1.075872e-02
-3.575000e-01	1.215442e-02
-3.550000e-01	1.347343e-02
-3.525000e-01	1.429544e-02
-3.500000e-01	1.454901e-02
-3.475000e-01	1.467545e-02
-3.450000e-01	1.522171e-02
-3.425000e-01	1.652118e-02
-3.400000e-01	1.863757e-02
-3.375000e-01	2.124454e-02
-3.350000e-01	2.340691e-02
-3.325000e-01	2.386085e-02
-3.300000e-01	2.217515e-02
-3.275000e-01	1.925080e-02
-3.250000e-01	1.626493e-02
-3.225000e-01	1.383295e-02
-3.200000e-01	1.208176e-02
-3.175000e-01	1.094446e-02
-3.150000e-01	1.032690e-02
-3.125000e-01	1.016587e-02
-3.100000e-01	1.044306e-02
-3.075000e-01	1.118597e-02
-3.050000e-01	1.246136e-02
-3.025000e-01	1.434590e-02
-3.000000e-01	1.682998e-02
-2.975000e-01	1.959917e-02
-2.950000e-01	2.180755e-02
-2.925000e-01	2.240706e-02
-2.900000e-01	2.120392e-02
-2.875000e-01	1.913012e-02
-2.850000e-01	1.724497e-02
-2.825000e-01	1.610253e-02
-2.800000e-01	1.586951e-02
-2.775000e-01	1.655005e-02
-2.750000e-01	1.802038e-02
-2.725000e-01	1.986042e-02
-2.700000e-01	2.118241e-02
-2.675000e-01	2.102747e-02
-2.650000e-01	1.932337e-02
-2.625000e-01	1.694466e-02
-2.600000e-01	1.476145e-02
-2.575000e-01	1.316807e-02
-2.550000e-01	1.223855e-02
-2.525000e-01	1.194820e-02
-2.500000e-01	1.227909e-02
-2.475000e-01	1.323726e-02
-2.450000e-01	1.479698e-02
-2.425000e-01	1.674625e-02
-2.400000e-01	1.848537e-02
-2.375000e-01	1.916276e-02
-2.350000e-01	1.845236e-02
-2.325000e-01	1.697334e-02
-2.300000e-01	1.559339e-02
-2.275000e-01	1.476814e-02
-2.250000e-01	1.447526e-02
-2.225000e-01	1.432273e-02
-2.200000e-01	1.378829e-02
-2.175000e-01	1.269166e-02
-2.150000e-01	1.134322e-02
-2.125000e-01	1.014034e-02
-2.100000e-01	9.285089e-03
-2.075000e-01	8.822925e-03
-2.050000e-01	8.743786e-03
-2.025000e-01	9.024131e-03
-2.000000e-01	9.603291e-03
-1.975000e-01	1.030563e-02
-1.950000e-01	1.079658e-02
-1.925000e-01	1.077703e-02
-1.900000e-01	1.030889e-02
-1.875000e-01	9.743816e-03
-1.850000e-01	9.384910e-03
-1.825000e-01	9.376009e-03
-1.800000e-01	9.775619e-03
-1.775000e-01	1.062743e-02
-1.750000e-01	1.197528e-02
-1.725000e-01	1.381083e-02
-1.700000e-01	1.593448e-02
-1.675000e-01	1.781937e-02
-1.650000e-01	1.885077e-02
-1.625000e-01	1.900908e-02
-1.600000e-01	1.899557e-02
-1.575000e-01	1.955177e-02
-1.550000e-01	2.097935e-02
-1.525000e-01	2.299495e-02
-1.500000e-01	2.463394e-02
-1.475000e-01	2.466094e-02
-1.450000e-01	2.274775e-02
-1.425000e-01	1.982923e-02
-1.400000e-01	1.701961e-02
-1.375000e-01	1.487890e-02
-1.350000e-01	1.352796e-02
-1.325000e-01	1.292375e-02
-1.300000e-01	1.298648e-02
-1.275000e-01	1.358547e-02
-1.250000e-01	1.443851e-02
-1.225000e-01	1.508932e-02
-1.200000e-01	1.522164e-02
-1.175000e-01	1.501965e-02
-1.150000e-01	1.490619e-02
-1.125000e-01	1.500231e-02
-1.100000e-01	1.495403e-02
-1.075000e-01	1.427182e-02
-1.050000e-01	1.291878e-02
-1.025000e-01	1.133473e-02
-1.000000e-01	9.937616e-03
-9.750000e-02	8.898921e-03
-9.500000e-02	8.232391e-03
-9.250000e-02	7.906627e-03
-9.000000e-02	7.898126e-03
-8.750000e-02	8.205124e-03
-8.500000e-02	8.838099e-03
-8.250000e-02	9.778787e-03
-8.000000e-02	1.088910e-02
-7.750000e-02	1.182132e-02
-7.500000e-02	1.216115e-02
-7.250000e-02	1.185349e-02
-7.000000e-02	1.128499e-02
-6.750000e-02	1.086051e-02
-6.500000e-02	1.075066e-02
-6.250000e-02	1.098363e-02
-6.000000e-02	1.161475e-02
-5.750000e-02	1.275794e-02
-5.500000e-02	1.446826e-02
-5.250000e-02	1.654993e-02
-5.000000e-02	1.834892e-02
-4.750000e-02	1.891306e-02
-4.500000e-02	1.785242e-02
-4.250000e-02	1.581367e-02
-4.000000e-02	1.372579e-02
-3.750000e-02	1.209400e-02
-3.500000e-02	1.098680e-02
-3.250000e-02	1.022414e-02
-3.000000e-02	9.549438e-03
-2.750000e-02	8.831342e-03
-2.500000e-02	8.125639e-03
-2.250000e-02	7.528341e-03
-2.000000e-02	7.086444e-03
-1.750000e-02	6.810935e-03
-1.500000e-02	6.669568e-03
-1.250000e-02	6.587564e-03
-1.000000e-02	6.511987e-03
-7.500000e-03	6.448297e-03
-5.000000e-03	6.381030e-03
-2.500000e-03	6.218495e-03
-6.394885e-14	5.883348e-03
2.500000e-03	5.418501e-03
5.000000e-03	4.939161e-03
7.500000e-03	4.526590e-03
1.000000e-02	4.203481e-03
1.250000e-02	3.961225e-03
1.500000e-02	3.783119e-03
1.750000e-02	3.653798e-03
2.000000e-02	3.561401e-03
2.250000e-02	3.497299e-03
2.500000e-02	3.455323e-03
2.750000e-02	3.431064e-03
3.000000e-02	3.421347e-03
3.250000e-02	3.423865e-03
3.500000e-02	3.436930e-03
3.750000e-02	3.459299e-03
4.000000e-02	3.490054e-03
4.250000e-02	3.528526e-03
4.500000e-02	3.574229e-03
4.750000e-02	3.626828e-03
5.000000e-02	3.686102e-03
5.250000e-02	3.751928e-03
5.500000e-02	3.824263e-03
5.750000e-02	3.903135e-03
6.000000e-02	3.988634e-03
6.250000e-02	4.080907e-03
6.500000e-02	4.180156e-03
6.750000e-02	4.286634e-03
7.000000e-02	4.400647e-03
7.250000e-02	4.522552e-03
7.500000e-02	4.652761e-03
7.750000e-02	4.791742e-03
8.000000e-02	4.940024e-03
8.250000e-02	5.098199e-03
8.500000e-02	5.266931e-03
8.750000e-02	5.446960e-03
9.000000e-02	5.639111e-03
9.250000e-02	5.844302e-03
9.500000e-02	6.063557e-03
9.750000e-02	6.298015e-03
1.000000e-01	6.548949e-03
1.025000e-01	6.817778e-03
1.050000e-01	7.106090e-03
1.075000e-01	7.415666e-03
1.100000e-01	7.748503e-03
1.125000e-01	8.106848e-03
1.150000e-01	8.493236e-03
1.175000e-01	8.910531e-03
1.200000e-01	9.361983e-03
1.225000e-01	9.851284e-03
1.250000e-01	1.038265e-02
1.275000e-01	1.096089e-02
1.300000e-01	1.159155e-02
1.325000e-01	1.228101e-02
1.350000e-01	1.303666e-02
1.375000e-01	1.386706e-02
1.400000e-01	1.478224e-02
1.425000e-01	1.579393e-02
1.450000e-01	1.691598e-02
1.475000e-01	1.816480e-02
1.500000e-01	1.955991e-02
1.525000e-01	2.112474e-02
1.550000e-01	2.288756e-02
1.575000e-01	2.488271e-02
1.600000e-01	2.715221e-02
1.625000e-01	2.974790e-02
1.650000e-01	3.273427e-02
1.675000e-01	3.619229e-02
1.700000e-01	4.022458e-02
1.725000e-01	4.496264e-02
1.750000e-01	5.057680e-02
1.775000e-01	5.729040e-02
1.800000e-01	6.540007e-02
1.825000e-01	7.530500e-02
1.850000e-01	8.755007e-02
1.875000e-01	1.028893e-01
1.900000e-01	1.223797e-01
1.925000e-01	1.475189e-01
1.950000e-01	1.804375e-01
1.975000e-01	2.241389e-01
2.000000e-01	2.826952e-01
2.025000e-01	3.610223e-01
2.050000e-01	4.631093e-01
2.075000e-01	5.862520e-01
2.100000e-01	7.095589e-01
2.125000e-01	7.873291e-01
2.150000e-01	7.763023e-01
2.175000e-01	6.833177e-01
2.200000e-01	5.568083e-01
2.225000e-01	4.375232e-01
2.250000e-01	3.410324e-01
2.275000e-01	2.676764e-01
2.300000e-01	2.129395e-01
2.325000e-01	1.720274e-01
2.350000e-01	1.411193e-01
2.375000e-01	1.174337e-01
2.400000e-01	9.900521e-02
2.425000e-01	8.445232e-02
2.450000e-01	7.279776e-02
2.475000e-01	6.334251e-02
2.500000e-01	5.557987e-02
2.525000e-01	4.913737e-02
2.550000e-01	4.373741e-02
2.575000e-01	3.917032e-02
2.600000e-01	3.527576e-02
2.625000e-01	3.192961e-02
2.650000e-01	2.903477e-02
2.675000e-01	2.651445e-02
2.700000e-01	2.430734e-02
2.725000e-01	2.236408e-02
2.750000e-01	2.064456e-02
2.775000e-01	1.911597e-02
2.800000e-01	1.775124e-02
2.825000e-01	1.652791e-02
2.850000e-01	1.542721e-02
2.875000e-01	1.443336e-02
2.900000e-01	1.353304e-02
2.925000e-01	1.271492e-02
2.950000e-01	1.196934e-02
2.975000e-01	1.128799e-02
3.000000e-01	1.066373e-02
3.025000e-01	1.009037e-02
3.050000e-01	9.562551e-03
3.075000e-01	9.075580e-03
3.100000e-01	8.625360e-03
3.125000e-01	8.208292e-03
3.150000e-01	7.821206e-03
3.175000e-01	7.461300e-03
3.200000e-01	7.126093e-03
3.225000e-01	6.813378e-03
3.250000e-01	6.521189e-03
3.275000e-01	6.247772e-03
3.300000e-01	5.991552e-03
3.325000e-01	5.751118e-03
3.350000e-01	5.525202e-03
3.375000e-01	5.312657e-03
3.400000e-01	5.112449e-03
3.425000e-01	4.923642e-03
3.450000e-01	4.745387e-03
3.475000e-01	4.576911e-03
3.500000e-01	4.417512e-03
3.525000e-01	4.266550e-03
3.550000e-01	4.123439e-03
3.575000e-01	3.987644e-03
3.600000e-01	3.858674e-03
3.625000e-01	3.736079e-03
3.650000e-01	3.619446e-03
3.675000e-01	3.508394e-03
3.700000e-01	3.402573e-03
3.725000e-01	3.301657e-03
3.750000e-01	3.205350e-03
3.775000e-01	3.113373e-03
3.800000e-01	3.025471e-03
3.825000e-01	2.941407e-03
3.850000e-01	2.860959e-03
3.875000e-01	2.783924e-03
3.900000e-01	2.710111e-03
3.925000e-01	2.639342e-03
3.950000e-01	2.571452e-03
3.975000e-01	2.506286e-03
4.000000e-01	2.443701e-03
4.025000e-01	2.383563e-03
4.050000e-01	2.325744e-03
4.075000e-01	2.270127e-03
4.100000e-01	2.216602e-03
4.125000e-01	2.165064e-03
4.150000e-01	2.115417e-03
4.175000e-01	2.067569e-03
4.200000e-01	2.021433e-03
4.225000e-01	1.976930e-03
4.250000e-01	1.933983e-03
4.275000e-01	1.892520e-03
4.300000e-01	1.852473e-03
4.325000e-01	1.813780e-03
4.350000e-01	1.776378e-03
4.375000e-01	1.740212e-03
4.400000e-01	1.705227e-03
4.425000e-01	1.671373e-03
4.450000e-01	1.638602e-03
4.475000e-01	1.606867e-03
4.500000e-01	1.576125e-03
4.525000e-01	1.546336e-03
4.550000e-01	1.517461e-03
4.575000e-01	1.489462e-03
4.600000e-01	1.462304e-03
4.625000e-01	1.435955e-03
4.650000e-01	1.410381e-03
4.675000e-01	1.385554e-03
4.700000e-01	1.361445e-03
4.725000e-01	1.338025e-03
4.750000e-01	1.315270e-03
4.775000e-01	1.293154e-03
4.800000e-01	1.271653e-03
4.825000e-01	1.250746e-03
4.850000e-01	1.230410e-03
4.875000e-01	1.210624e-03
4.900000e-01	1.191371e-03
4.925000e-01	1.172629e-03
4.950000e-01	1.154382e-03
4.975000e-01	1.136613e-03
5.000000e-01	1.119304e-03
5.025000e-01	1.102441e-03
5.050000e-01	1.086007e-03
5.075000e-01	1.069990e-03
5.100000e-01	1.054374e-03
5.125000e-01	1.039147e-03
5.150000e-01	1.024296e-03
5.175000e-01	1.009809e-03
5.200000e-01	9.956744e-04
5.225000e-01	9.818804e-04
5.250000e-01	9.684166e-04
5.275000e-01	9.552726e-04
5.300000e-01	9.424385e-04
5.325000e-01	9.299047e-04
5.350000e-01	9.176620e-04
5.375000e-01	9.057017e-04
5.400000e-01	8.940153e-04
5.425000e-01	8.825945e-04
5.450000e-01	8.714315e-04
5.475000e-01	8.605187e-04
5.500000e-01	8.498489e-04
5.525000e-01	8.394149e-04
5.550000e-01	8.292101e-04
5.575000e-01	8.192280e-04
5.600000e-01	8.094621e-04
5.625000e-01	7.999065e-04
5.650000e-01	7.905553e-04
5.675000e-01	7.814029e-04
5.700000e-01	7.724438e-04
5.725000e-01	7.636727e-04
5.750000e-01	7.550846e-04
5.775000e-01	7.466746e-04
5.800000e-01	7.384379e-04
5.825000e-01	7.303699e-04
5.850000e-01	7.224663e-04
5.875000e-01	7.147227e-04
5.900000e-01	7.071351e-04
5.925000e-01	6.996993e-04
5.950000e-01	6.924116e-04
5.975000e-01	6.852683e-04
6.000000e-01	6.782656e-04
6.025000e-01	6.714001e-04
6.050000e-01	6.646684e-04
6.075000e-01	6.580672e-04
6.100000e-01	6.515933e-04
6.125000e-01	6.452437e-04
6.150000e-01	6.390154e-04
6.175000e-01	6.329054e-04
6.200000e-01	6.269110e-04
6.225000e-01	6.210295e-04
6.250000e-01	6.152581e-04
6.275000e-01	6.095945e-04
6.300000e-01	6.040360e-04
6.325000e-01	5.985803e-04
6.350000e-01	5.932251e-04
6.375000e-01	5.879681e-04
6.400000e-01	5.828071e-04
6.425000e-01	5.777400e-04
6.450000e-01	5.727647e-04
6.475000e-01	5.678793e-04
6.500000e-01	5.630817e-04
6.525000e-01	5.583700e-04
6.550000e-01	5.537425e-04
6.575000e-01	5.491974e-04
6.600000e-01	5.447329e-04
6.625000e-01	5.403474e-04
6.650000e-01	5.360392e-04
6.675000e-01	5.318067e-04
6.700000e-01	5.276483e-04
6.725000e-01	5.235627e-04
6.750000e-01	5.195483e-04
6.775000e-01	5.156037e-04
6.800000e-01	5.117276e-04
6.825000e-01	5.079185e-04
6.850000e-01	5.041752e-04
6.875000e-01	5.004965e-04
6.900000e-01	4.968811e-04
6.925000e-01	4.933278e-04
6.950000e-01	4.898354e-04
6.975000e-01	4.864028e-04
7.000000e-01	4.830290e-04
7.025000e-01	4.797127e-04
7.050000e-01	4.764531e-04
7.075000e-01	4.732491e-04
7.100000e-01	4.700997e-04
7.125000e-01	4.670040e-04
7.150000e-01	4.639609e-04
7.175000e-01	4.609697e-04
7.200000e-01	4.580294e-04
7.225000e-01	4.551392e-04
7.250000e-01	4.522983e-04
7.275000e-01	4.495058e-04
7.300000e-01	4.467610e-04
7.325000e-01	4.440630e-04
7.350000e-01	4.414112e-04
7.375000e-01	4.388049e-04
7.400000e-01	4.362432e-04
7.425000e-01	4.337257e-04
7.450000e-01	4.312515e-04
7.475000e-01	4.288200e-04
7.500000e-01	4.264307e-04
7.525000e-01	4.240829e-04
7.550000e-01	4.217760e-04
7.575000e-01	4.195095e-04
7.600000e-01	4.172828e-04
7.625000e-01	4.150954e-04
7.650000e-01	4.129468e-04
7.675000e-01	4.108364e-04
7.700000e-01	4.087637e-04
7.725000e-01	4.067284e-04
7.750000e-01	4.047299e-04
7.775000e-01	4.027679e-04
7.800000e-01	4.008418e-04
7.825000e-01	3.989513e-04
7.850000e-01	3.970960e-04
7.875000e-01	3.952755e-04
7.900000e-01	3.934894e-04
7.925000e-01	3.917374e-04
7.950000e-01	3.900192e-04
7.975000e-01	3.883344e-04
8.000000e-01	3.866828e-04
8.025000e-01	3.850640e-04
8.050000e-01	3.834777e-04
8.075000e-01	3.819238e-04
8.100000e-01	3.804019e-04
8.125000e-01	3.789118e-04
8.150000e-01	3.774533e-04
8.175000e-01	3.760261e-04
8.200000e-01	3.746301e-04
8.225000e-01	3.732652e-04
8.250000e-01	3.719310e-04
8.275000e-01	3.706276e-04
8.300000e-01	3.693546e-04
8.325000e-01	3.681121e-04
8.350000e-01	3.668999e-04
8.375000e-01	3.657179e-04
8.400000e-01	3.645661e-04
8.425000e-01	3.634443e-04
8.450000e-01	3.623525e-04
8.475000e-01	3.612907e-04
8.500000e-01	3.602589e-04
8.525000e-01	3.592571e-04
8.550000e-01	3.582852e-04
8.575000e-01	3.573434e-04
8.600000e-01	3.564317e-04
8.625000e-01	3.555501e-04
8.650000e-01	3.546987e-04
8.675000e-01	3.538777e-04
8.700000e-01	3.530871e-04
8.725000e-01	3.523272e-04
8.750000e-01	3.515981e-04
8.775000e-01	3.509000e-04
8.800000e-01	3.502331e-04
8.825000e-01	3.495976e-04
8.850000e-01	3.489938e-04
8.875000e-01	3.484221e-04
8.900000e-01	3.478826e-04
8.925000e-01	3.473759e-04
8.950000e-01	3.469021e-04
8.975000e-01	3.464619e-04
9.000000e-01	3.460555e-04
9.025000e-01	3.456835e-04
9.050000e-01	3.453463e-04
9.075000e-01	3.450446e-04
9.100000e-01	3.447789e-04
9.125000e-01	3.445499e-04
9.150000e-01	3.443581e-04
9.175000e-01	3.442044e-04
9.200000e-01	3.440895e-04
9.225000e-01	3.440143e-04
9.250000e-01	3.439795e-04
9.275000e-01	3.439862e-04
9.300000e-01	3.440354e-04
9.325000e-01	3.441281e-04
9.350000e-01	3.442655e-04
9.375000e-01	3.444487e-04
9.400000e-01	3.446792e-04
9.425000e-01	3.449583e-04
9.450000e-01	3.452874e-04
9.475000e-01	3.456682e-04
9.500000e-01	3.461024e-04
9.525000e-01	3.465917e-04
9.550000e-01	3.471382e-04
9.575000e-01	3.477439e-04
9.600000e-01	3.484111e-04
9.625000e-01	3.491421e-04
9.650000e-01	3.499395e-04
9.675000e-01	3.508061e-04
9.700000e-01	3.517448e-04
9.725000e-01	3.527589e-04
9.750000e-01	3.538518e-04
9.775000e-01	3.550271e-04
9.800000e-01	3.562889e-04
9.825000e-01	3.576416e-04
9.850000e-01	3.590898e-04
9.875000e-01	3.606386e-04
9.900000e-01	3.622935e-04
9.925000e-01	3.640606e-04
9.950000e-01	3.659464e-04
9.975000e-01	3.679580e-04
1.000000e+00	3.701032e-04
1.002500e+00	3.723906e-04
1.005000e+00	3.748297e-04
1.007500e+00	3.774306e-04
1.010000e+00	3.802049e-04
1.012500e+00	3.831650e-04
1.015000e+00	3.863250e-04
1.017500e+00	3.897004e-04
1.020000e+00	3.933083e-04
1.022500e+00	3.971683e-04
1.025000e+00	4.013018e-04
1.027500e+00	4.057332e-04
1.030000e+00	4.104902e-04
1.032500e+00	4.156038e-04
1.035000e+00	4.211097e-04
1.037500e+00	4.270484e-04
1.040000e+00	4.334666e-04
1.042500e+00	4.404182e-04
1.045000e+00	4.479659e-04
1.047500e+00	4.561827e-04
1.050000e+00	4.651547e-04
1.052500e+00	4.749836e-04
1.055000e+00	4.857907e-04
1.057500e+00	4.977220e-04
1.060000e+00	5.109542e-04
1.062500e+00	5.257040e-04
1.065000e+00	5.422392e-04
1.067500e+00	5.608947e-04
1.070000e+00	5.820947e-04
1.072500e+00	6.063834e-04
1.075000e+00	6.344685e-04
1.077500e+00	6.672847e-04
1.080000e+00	7.060842e-04
1.082500e+00	7.525696e-04
1.085000e+00	8.090815e-04
1.087500e+00	8.788524e-04
1.090000e+00	9.662948e-04
1.092500e+00	1.077145e-03
1.095000e+00	1.217843e-03
1.097500e+00	1.392592e-03
1.100000e+00	1.595997e-03
1.102500e+00	1.804894e-03
1.105000e+00	1.989333e-03
1.107500e+00	2.150803e-03
1.110000e+00	2.331284e-03
1.112500e+00	2.564975e-03
1.115000e+00	2.830429e-03
1.117500e+00	3.046753e-03
1.120000e+00	3.144822e-03
1.122500e+00	3.152705e-03
1.125000e+00	3.151290e-03
1.127500e+00	3.171241e-03
1.130000e+00	3.190392e-03
1.132500e+00	3.211861e-03
1.135000e+00	3.287851e-03
1.137500e+00	3.457587e-03
1.140000e+00	3.694207e-03
1.142500e+00	3.913530e-03
1.145000e+00	4.062050e-03
1.147500e+00	4.190353e-03
1.150000e+00	4.375688e-03
1.152500e+00	4.592273e-03
1.155000e+00	4.688674e-03
1.157500e+00	4.531726e-03
1.160000e+00	4.174992e-03
1.162500e+00	3.793324e-03
1.165000e+00	3.518667e-03
1.167500e+00	3.403169e-03
1.170000e+00	3.457512e-03
1.172500e+00	3.676545e-03
1.175000e+00	4.033011e-03
1.177500e+00	4.452177e-03
1.180000e+00	4.822615e-03
1.182500e+00	5.097361e-03
1.185000e+00	5.353516e-03
1.187500e+00	5.661971e-03
1.190000e+00	5.932202e-03
1.192500e+00	5.946948e-03
1.195000e+00	5.609969e-03
1.197500e+00	5.082182e-03
1.200000e+00	4.596596e-03
1.202500e+00	4.285157e-03
1.205000e+00	4.178514e-03
1.207500e+00	4.244919e-03
1.210000e+00	4.396661e-03
1.212500e+00	4.509553e-03
1.215000e+00	4.520076e-03
1.217500e+00	4.495995e-03
1.220000e+00	4.547196e-03
1.222500e+00	4.706066e-03
1.225000e+00	4.898981e-03
1.227500e+00	5.021284e-03
1.230000e+00	5.074441e-03
1.232500e+00	5.180796e-03
1.235000e+00	5.450875e-03
1.237500e+00	5.878489e-03
1.240000e+00	6.302413e-03
1.242500e+00	6.477043e-03
1.245000e+00	6.311867e-03
1.247500e+00	5.991130e-03
1.250000e+00	5.771284e-03
1.252500e+00	5.792129e-03
1.255000e+00	6.047031e-03
1.257500e+00	6.376627e-03
1.260000e+00	6.494581e-03
1.262500e+00	6.193621e-03
1.265000e+00	5.565886e-03
1.267500e+00	4.872707e-03
1.270000e+00	4.297542e-03
1.272500e+00	3.900465e-03
1.275000e+00	3.680617e-03
1.277500e+00	3.625035e-03
1.280000e+00	3.728761e-03
1.282500e+00	3.999849e-03
1.285000e+00	4.455437e-03
1.287500e+00	5.103230e-03
1.290000e+00	5.893875e-03
1.292500e+00	6.652947e-03
1.295000e+00	7.107880e-03
1.297500e+00	7.134674e-03
1.300000e+00	6.932811e-03
1.302500e+00	6.814455e-03
1.305000e+00	6.949616e-03
1.307500e+00	7.296216e-03
1.310000e+00	7.604196e-03
1.312500e+00	7.549306e-03
1.315000e+00	7.048360e-03
1.317500e+00	6.346567e-03
1.320000e+00	5.735167e-03
1.322500e+00	5.364171e-03
1.325000e+00	5.265832e-03
1.327500e+00	5.401620e-03
1.330000e+00	5.652183e-03
1.332500e+00	5.804787e-03
1.335000e+00	5.671860e-03
1.337500e+00	5.281691e-03
1.340000e+00	4.833256e-03
1.342500e+00	4.496228e-03
1.345000e+00	4.345841e-03
1.347500e+00	4.404894e-03
1.350000e+00	4.681666e-03
1.352500e+00	5.171860e-03
1.355000e+00	5.819278e-03
1.357500e+00	6.447222e-03
1.360000e+00	6.768444e-03
1.362500e+00	6.615659e-03
1.365000e+00	6.143720e-03
1.367500e+00	5.652343e-03
1.370000e+00	5.343040e-03
1.372500e+00	5.296565e-03
1.375000e+00	5.542258e-03
1.377500e+00	6.099316e-03
1.380000e+00	6.967171e-03
1.382500e+00	8.054611e-03
1.385000e+00	9.064445e-03
1.387500e+00	9.515343e-03
1.390000e+00	9.132316e-03
1.392500e+00	8.175027e-03
1.395000e+00	7.131063e-03
1.397500e+00	6.313050e-03
1.400000e+00	5.822700e-03
1.402500e+00	5.659544e-03
1.405000e+00	5.777032e-03
1.407500e+00	6.062320e-03
1.410000e+00	6.292582e-03
1.412500e+00	6.210274e-03
1.415000e+00	5.756922e-03
1.417500e+00	5.126374e-03
1.420000e+00	4.538307e-03
1.422500e+00	4.098425e-03
1.425000e+00	3.826665e-03
1.427500e+00	3.713893e-03
1.430000e+00	3.751994e-03
1.432500e+00	3.944728e-03
1.435000e+00	4.310722e-03
1.437500e+00	4.881526e-03
1.440000e+00	5.688289e-03
1.442500e+00	6.718181e-03
1.445000e+00	7.821232e-03
1.447500e+00	8.633537e-03
1.450000e+00	8.757337e-03
1.452500e+00	8.183902e-03
1.455000e+00	7.314971e-03
1.457500e+00	6.545809e-03
1.460000e+00	6.063827e-03
1.462500e+00	5.918502e-03
1.465000e+00	6.113377e-03
1.467500e+00	6.632782e-03
1.470000e+00	7.400210e-03
1.472500e+00	8.186438e-03
1.475000e+00	8.600041e-03
1.477500e+00	8.372613e-03
1.480000e+00	7.669202e-03
1.482500e+00	6.892951e-03
1.485000e+00	6.331555e-03
1.487500e+00	6.093508e-03
1.490000e+00	6.184445e-03
1.492500e+00	6.534272e-03
1.495000e+00	6.951696e-03
1.497500e+00	7.117400e-03
1.500000e+00	6.796014e-03
1.502500e+00	6.085338e-03
1.505000e+00	5.279369e-03
1.507500e+00	4.587579e-03
1.510000e+00	4.077939e-03
1.512500e+00	3.745948e-03
1.515000e+00	3.569926e-03
1.517500e+00	3.533847e-03
1.520000e+00	3.634056e-03
1.522500e+00	3.880526e-03
1.525000e+00	4.295224e-03
1.527500e+00	4.903186e-03
1.530000e+00	5.702733e-03
1.532500e+00	6.597650e-03
1.535000e+00	7.327165e-03
1.537500e+00	7.569226e-03
1.540000e+00	7.269245e-03
1.542500e+00	6.723756e-03
1.545000e+00	6.270567e-03
1.547500e+00	6.093323e-03
1.550000e+00	6.257083e-03
1.552500e+00	6.770892e-03
1.555000e+00	7.577806e-03
1.557500e+00	8.468413e-03
1.560000e+00	9.030072e-03
1.562500e+00	8.888751e-03
1.565000e+00	8.112811e-03
1.567500e+00	7.124337e-03
1.570000e+00	6.277928e-03
1.572500e+00	5.720469e-03
1.575000e+00	5.479776e-03
1.577500e+00	5.550907e-03
1.580000e+00	5.922664e-03
1.582500e+00	6.548592e-03
1.585000e+00	7.265324e-03
1.587500e+00	7.731545e-03
1.590000e+00	7.600781e-03
1.592500e+00	6.879589e-03
1.595000e+00	5.908871e-03
1.597500e+00	5.000255e-03
1.600000e+00	4.281253e-03
1.602500e+00	3.761120e-03
1.605000e+00	3.410699e-03
1.607500e+00	3.199589e-03
1.610000e+00	3.107374e-03
1.612500e+00	3.125596e-03
1.615000e+00	3.257549e-03
1.617500e+00	3.517540e-03
1.620000e+00	3.927595e-03
1.622500e+00	4.504229e-03
1.625000e+00	5.220145e-03
1.627500e+00	5.934829e-03
1.630000e+00	6.372159e-03
1.632500e+00	6.310557e-03
1.635000e+00	5.840350e-03
1.637500e+00	5.260173e-03
1.640000e+00	4.800166e-03
1.642500e+00	4.553682e-03
1.645000e+00	4.543755e-03
1.647500e+00	4.779739e-03
1.650000e+00	5.275899e-03
1.652500e+00	6.035090e-03
1.655000e+00	6.986240e-03
1.657500e+00	7.882590e-03
1.660000e+00	8.307297e-03
1.662500e+00	7.999329e-03
1.665000e+00	7.161490e-03
1.667500e+00	6.217602e-03
1.670000e+00	5.448615e-03
1.672500e+00	4.948290e-03
1.675000e+00	4.723415e-03
1.677500e+00	4.763404e-03
1.680000e+00	5.058797e-03
1.682500e+00	5.577909e-03
1.685000e+00	6.200197e-03
1.687500e+00	6.652117e-03
1.690000e+00	6.618812e-03
1.692500e+00	6.054625e-03
1.695000e+00	5.231072e-03
1.697500e+00	4.433814e-03
1.700000e+00	3.793052e-03
1.702500e+00	3.326669e-03
1.705000e+00	3.012897e-03
1.707500e+00	2.826894e-03
1.710000e+00	2.752293e-03
1.712500e+00	2.782443e-03
1.715000e+00	2.916177e-03
1.717500e+00	3.144962e-03
1.720000e+00	3.425027e-03
1.722500e+00	3.647766e-03
1.725000e+00	3.677575e-03
1.727500e+00	3.482377e-03
1.730000e+00	3.171425e-03
1.732500e+00	2.871836e-03
1.735000e+00	2.646660e-03
1.737500e+00	2.508743e-03
1.740000e+00	2.452727e-03
1.742500e+00	2.472301e-03
1.745000e+00	2.566399e-03
1.747500e+00	2.741255e-03
1.750000e+00	3.011511e-03
1.752500e+00	3.400910e-03
1.755000e+00	3.940410e-03
1.757500e+00	4.656475e-03
1.760000e+00	5.533758e-03
1.762500e+00	6.441502e-03
1.765000e+00	7.093372e-03
1.767500e+00	7.226576e-03
1.770000e+00	6.906838e-03
1.772500e+00	6.469757e-03
1.775000e+00	6.208374e-03
1.777500e+00	6.266586e-03
1.780000e+00	6.699814e-03
1.782500e+00	7.517030e-03
1.785000e+00	8.637288e-03
1.787500e+00	9.767034e-03
1.790000e+00	1.036409e-02
1.792500e+00	1.000299e-02
1.795000e+00	8.848837e-03
1.797500e+00	7.443761e-03
1.800000e+00	6.187494e-03
1.802500e+00	5.214906e-03
1.805000e+00	4.518921e-03
1.807500e+00	4.053955e-03
1.810000e+00	3.778652e-03
1.812500e+00	3.666905e-03
1.815000e+00	3.706696e-03
1.817500e+00	3.890899e-03
1.820000e+00	4.193921e-03
1.822500e+00	4.529784e-03
1.825000e+00	4.732404e-03
1.827500e+00	4.656963e-03
1.830000e+00	4.337848e-03
1.832500e+00	3.943870e-03
1.835000e+00	3.611225e-03
1.837500e+00	3.392735e-03
1.840000e+00	3.294504e-03
1.842500e+00	3.311035e-03
1.845000e+00	3.441232e-03
1.847500e+00	3.694246e-03
1.850000e+00	4.092204e-03
1.852500e+00	4.671994e-03
1.855000e+00	5.483948e-03
1.857500e+00	6.577729e-03
1.860000e+00	7.951601e-03
1.862500e+00	9.436410e-03
1.865000e+00	1.057948e-02
1.867500e+00	1.083010e-02
1.870000e+00	1.009720e-02
1.872500e+00	8.869446e-03
1.875000e+00	7.681848e-03
1.877500e+00	6.794705e-03
1.880000e+00	6.264779e-03
1.882500e+00	6.079400e-03
1.885000e+00	6.225774e-03
1.887500e+00	6.710002e-03
1.890000e+00	7.542717e-03
1.892500e+00	8.679575e-03
1.895000e+00	9.901001e-03
1.897500e+00	1.073315e-02
1.900000e+00	1.071097e-02
1.902500e+00	9.882285e-03
1.905000e+00	8.754402e-03
1.907500e+00	7.781162e-03
1.910000e+00	7.162913e-03
1.912500e+00	6.946341e-03
1.915000e+00	7.132122e-03
1.917500e+00	7.705436e-03
1.920000e+00	8.589204e-03
1.922500e+00	9.530140e-03
1.925000e+00	1.004811e-02
1.927500e+00	9.733289e-03
1.930000e+00	8.690238e-03
1.932500e+00	7.394957e-03
1.935000e+00	6.220212e-03
1.937500e+00	5.298074e-03
1.940000e+00	4.624342e-03
1.942500e+00	4.154824e-03
1.945000e+00	3.846207e-03
1.947500e+00	3.667036e-03
1.950000e+00	3.598526e-03
1.952500e+00	3.633318e-03
1.955000e+00	3.774697e-03
1.957500e+00	4.036819e-03
1.960000e+00	4.445435e-03
1.962500e+00	5.036765e-03
1.965000e+00	5.847301e-03
1.967500e+00	6.877150e-03
1.970000e+00	8.006044e-03
1.972500e+00	8.908764e-03
1.975000e+00	9.188803e-03
1.977500e+00	8.784144e-03
1.980000e+00	8.058217e-03
1.982500e+00	7.414101e-03
1.985000e+00	7.061264e-03
1.987500e+00	7.068761e-03
1.990000e+00	7.464718e-03
1.992500e+00	8.284971e-03
1.995000e+00	9.570647e-03
1.997500e+00	1.130272e-02
2.000000e+00	1.324193e-02
2.002500e+00	1.475827e-02
2.005000e+00	1.506319e-02
2.007500e+00	1.398506e-02
2.010000e+00	1.218299e-02
2.012500e+00	1.041337e-02
2.015000e+00	9.052371e-03
2.017500e+00	8.182235e-03
2.020000e+00	7.780427e-03
2.022500e+00	7.818087e-03
2.025000e+00	8.282747e-03
2.027500e+00	9.146586e-03
2.030000e+00	1.026890e-02
2.032500e+00	1.126133e-02
2.035000e+00	1.155274e-02
2.037500e+00	1.087815e-02
2.040000e+00	9.588573e-03
2.042500e+00	8.230739e-03
2.045000e+00	7.120057e-03
2.047500e+00	6.338515e-03
2.050000e+00	5.869653e-03
2.052500e+00	5.682020e-03
2.055000e+00	5.758301e-03
2.057500e+00	6.095408e-03
2.060000e+00	6.679618e-03
2.062500e+00	7.423539e-03
2.065000e+00	8.082444e-03
2.067500e+00	8.301587e-03
2.070000e+00	7.927310e-03
2.072500e+00	7.190597e-03
2.075000e+00	6.436171e-03
2.077500e+00	5.861913e-03
2.080000e+00	5.523170e-03
2.082500e+00	5.418118e-03
2.085000e+00	5.540515e-03
2.087500e+00	5.900356e-03
2.090000e+00	6.529951e-03
2.092500e+00	7.480699e-03
2.095000e+00	8.799840e-03
2.097500e+00	1.045617e-02
2.100000e+00	1.218758e-02
2.102500e+00	1.339470e-02
2.105000e+00	1.346974e-02
2.107500e+00	1.245685e-02
2.110000e+00	1.100798e-02
2.112500e+00	9.716191e-03
2.115000e+00	8.841047e-03
2.117500e+00	8.435521e-03
2.120000e+00	8.495429e-03
2.122500e+00	9.027236e-03
2.125000e+00	1.005507e-02
2.127500e+00	1.157011e-02
2.130000e+00	1.339254e-02
2.132500e+00	1.498429e-02
2.135000e+00	1.555211e-02
2.137500e+00	1.474701e-02
2.140000e+00	1.308795e-02
2.142500e+00	1.135754e-02
2.145000e+00	1.000945e-02
2.147500e+00	9.174551e-03
2.150000e+00	8.853184e-03
2.152500e+00	9.031369e-03
2.155000e+00	9.713420e-03
2.157500e+00	1.089171e-02
2.160000e+00	1.243614e-02
2.162500e+00	1.391073e-02
2.165000e+00	1.456552e-02
2.167500e+00	1.389718e-02
2.170000e+00	1.222512e-02
2.172500e+00	1.029087e-02
2.175000e+00	8.590114e-03
2.177500e+00	7.270362e-03
2.180000e+00	6.305810e-03
2.182500e+00	5.626385e-03
2.185000e+00	5.167754e-03
2.187500e+00	4.883173e-03
2.190000e+00	4.743134e-03
2.192500e+00	4.732772e-03
2.195000e+00	4.850065e-03
2.197500e+00	5.105572e-03
2.200000e+00	5.523808e-03
2.202500e+00	6.146029e-03
2.205000e+00	7.032979e-03
2.207500e+00	8.262209e-03
2.210000e+00	9.903363e-03
2.212500e+00	1.193361e-02
2.215000e+00	1.405702e-02
2.217500e+00	1.556267e-02
2.220000e+00	1.568854e-02
2.222500e+00	1.443290e-02
2.225000e+00	1.256369e-02
2.227500e+00	1.081006e-02
2.230000e+00	9.489693e-03
2.232500e+00	8.649335e-03
2.235000e+00	8.249297e-03
2.237500e+00	8.253075e-03
2.240000e+00	8.657317e-03
2.242500e+00	9.498601e-03
2.245000e+00	1.084674e-02
2.247500e+00	1.276837e-02
2.250000e+00	1.521316e-02
2.252500e+00	1.777928e-02
2.255000e+00	1.954258e-02
2.257500e+00	1.954816e-02
2.260000e+00	1.783379e-02
2.262500e+00	1.538855e-02
2.265000e+00	1.312262e-02
2.267500e+00	1.142539e-02
2.270000e+00	1.035427e-02
2.272500e+00	9.865537e-03
2.275000e+00	9.922360e-03
2.277500e+00	1.052117e-02
2.280000e+00	1.166551e-02
2.282500e+00	1.326864e-02
2.285000e+00	1.496401e-02
2.287500e+00	1.599717e-02
2.290000e+00	1.566396e-02
2.292500e+00	1.407056e-02
2.295000e+00	1.198871e-02
2.297500e+00	1.006588e-02
2.300000e+00	8.548760e-03
2.302500e+00	7.443749e-03
2.305000e+00	6.682864e-03
2.307500e+00	6.197236e-03
2.310000e+00	5.938027e-03
2.312500e+00	5.879070e-03
2.315000e+00	6.015592e-03
2.317500e+00	6.363215e-03
2.320000e+00	6.956539e-03
2.322500e+00	7.841332e-03
2.325000e+00	9.043392e-03
2.327500e+00	1.048357e-02
2.330000e+00	1.184231e-02
2.332500e+00	1.256950e-02
2.335000e+00	1.232470e-02
2.337500e+00	1.139117e-02
2.340000e+00	1.034900e-02
2.342500e+00	9.587989e-03
2.345000e+00	9.250816e-03
2.347500e+00	9.370915e-03
2.350000e+00	9.972067e-03
2.352500e+00	1.110624e-02
2.355000e+00	1.284684e-02
2.357500e+00	1.521955e-02
2.360000e+00	1.801617e-02
2.362500e+00	2.052418e-02
2.365000e+00	2.162066e-02
2.367500e+00	2.073169e-02
2.370000e+00	1.853654e-02
2.372500e+00	1.618014e-02
2.375000e+00	1.436831e-02
2.377500e+00	1.332867e-02
2.380000e+00	1.308198e-02
2.382500e+00	1.360106e-02
2.385000e+00	1.481151e-02
2.387500e+00	1.644859e-02
2.390000e+00	1.785536e-02
2.392500e+00	1.813110e-02
2.395000e+00	1.692502e-02
2.397500e+00	1.483658e-02
2.400000e+00	1.270215e-02
2.402500e+00	1.097622e-02
2.405000e+00	9.763656e-03
2.407500e+00	9.028964e-03
2.410000e+00	8.719054e-03
2.412500e+00	8.807214e-03
2.415000e+00	9.301777e-03
2.417500e+00	1.023471e-02
2.420000e+00	1.161554e-02
2.422500e+00	1.331287e-02
2.425000e+00	1.487585e-02
2.427500e+00	1.557005e-02
2.430000e+00	1.497842e-02
2.432500e+00	1.350051e-02
2.435000e+00	1.187841e-02
2.437500e+00	1.058231e-02
2.440000e+00	9.760939e-03
2.442500e+00	9.420685e-03
2.445000e+00	9.547636e-03
2.447500e+00	1.015327e-02
2.450000e+00	1.127433e-02
2.452500e+00	1.292414e-02
2.455000e+00	1.495619e-02
2.457500e+00	1.684883e-02
2.460000e+00	1.772089e-02
2.462500e+00	1.702396e-02
2.465000e+00	1.518608e-02
2.467500e+00	1.309075e-02
2.470000e+00	1.131060e-02
2.472500e+00	1.001590e-02
2.475000e+00	9.184833e-03
2.477500e+00	8.752276e-03
2.480000e+00	8.668002e-03
2.482500e+00	8.912758e-03
2.485000e+00	9.502229e-03
2.487500e+00	1.049006e-02
2.490000e+00	1.197185e-02
2.492500e+00	1.408395e-02
2.495000e+00	1.697409e-02
2.497500e+00	2.068472e-02
2.500000e+00	2.485919e-02
2.502500e+00	2.836178e-02
2.505000e+00	2.955372e-02
2.507500e+00	2.779718e-02
2.510000e+00	2.424725e-02
2.512500e+00	2.052115e-02
2.515000e+00	1.751349e-02
2.517500e+00	1.544932e-02
2.520000e+00	1.428342e-02
2.522500e+00	1.393583e-02
2.525000e+00	1.437167e-02
2.527500e+00	1.559656e-02
2.530000e+00	1.757197e-02
2.532500e+00	2.000306e-02
2.535000e+00	2.206194e-02
2.537500e+00	2.256145e-02
2.540000e+00	2.100329e-02
2.542500e+00	1.816241e-02
2.545000e+00	1.516301e-02
2.547500e+00	1.262259e-02
2.550000e+00	1.067428e-02
2.552500e+00	9.245417e-03
2.555000e+00	8.222473e-03
2.557500e+00	7.507992e-03
2.560000e+00	7.031275e-03
2.562500e+00	6.745503e-03
2.565000e+00	6.622876e-03
2.567500e+00	6.650973e-03
2.570000e+00	6.830855e-03
2.572500e+00	7.176564e-03
2.575000e+00	7.714815e-03
2.577500e+00	8.481354e-03
2.580000e+00	9.504738e-03
2.582500e+00	1.076185e-02
2.585000e+00	1.211148e-02
2.587500e+00	1.331781e-02
2.590000e+00	1.429902e-02
2.592500e+00	1.532754e-02
2.595000e+00	1.684716e-02
2.597500e+00	1.924044e-02
2.600000e+00	2.278939e-02
2.602500e+00	2.762396e-02
2.605000e+00	3.341923e-02
2.607500e+00	3.883226e-02
2.610000e+00	4.148349e-02
2.612500e+00	3.976626e-02
2.615000e+00	3.472221e-02
2.617500e+00	2.876434e-02
2.620000e+00	2.351520e-02
2.622500e+00	1.946960e-02
2.625000e+00	1.656015e-02
2.627500e+00	1.457749e-02
2.630000e+00	1.333503e-02
2.632500e+00	1.271057e-02
2.635000e+00	1.264852e-02
2.637500e+00	1.315284e-02
2.640000e+00	1.427209e-02
2.642500e+00	1.605423e-02
2.645000e+00	1.841784e-02
2.647500e+00	2.089828e-02
2.650000e+00	2.248852e-02
2.652500e+00	2.221044e-02
2.655000e+00	2.017250e-02
2.657500e+00	1.742814e-02
2.660000e+00	1.489031e-02
2.662500e+00	1.292096e-02
2.665000e+00	1.154357e-02
2.667500e+00	1.067608e-02
2.670000e+00	1.023663e-02
2.672500e+00	1.017536e-02
2.675000e+00	1.047986e-02
2.677500e+00	1.117297e-02
2.680000e+00	1.230309e-02
2.682500e+00	1.391014e-02
2.685000e+00	1.593141e-02
2.687500e+00	1.803828e-02
2.690000e+00	1.960491e-02
2.692500e+00	2.018938e-02
2.695000e+00	2.011800e-02
2.697500e+00	2.019844e-02
2.700000e+00	2.109033e-02
2.702500e+00	2.316677e-02
2.705000e+00	2.661183e-02
2.707500e+00	3.133506e-02
2.710000e+00	3.654999e-02
2.712500e+00	4.035258e-02
2.715000e+00	4.055430e-02
2.717500e+00	3.689443e-02
2.720000e+00	3.133490e-02
2.722500e+00	2.589925e-02
2.725000e+00	2.149683e-02
2.727500e+00	1.824026e-02
2.730000e+00	1.595694e-02
2.732500e+00	1.444267e-02
2.735000e+00	1.354008e-02
2.737500e+00	1.315070e-02
2.740000e+00	1.323051e-02
2.742500e+00	1.378583e-02
2.745000e+00	1.487406e-02
2.747500e+00	1.660868e-02
2.750000e+00	1.916257e-02
2.752500e+00	2.274747e-02
2.755000e+00	2.750779e-02
2.757500e+00	3.320686e-02
2.760000e+00	3.867144e-02
2.762500e+00	4.166348e-02
2.765000e+00	4.047451e-02
2.767500e+00	3.589929e-02
2.770000e+00	3.026391e-02
2.772500e+00	2.525058e-02
2.775000e+00	2.142329e-02
2.777500e+00	1.875604e-02
2.780000e+00	1.706526e-02
2.782500e+00	1.618772e-02
2.785000e+00	1.602977e-02
2.787500e+00	1.657464e-02
2.790000e+00	1.787973e-02
2.792500e+00	2.006301e-02
2.795000e+00	2.324692e-02
2.797500e+00	2.737971e-02
2.800000e+00	3.184723e-02
2.802500e+00	3.512684e-02
2.805000e+00	3.548419e-02
2.807500e+00	3.276537e-02
2.810000e+00	2.859667e-02
2.812500e+00	2.463178e-02
2.815000e+00	2.162866e-02
2.817500e+00	1.971966e-02
2.820000e+00	1.882465e-02
2.822500e+00	1.884520e-02
2.825000e+00	1.968872e-02
2.827500e+00	2.117383e-02
2.830000e+00	2.286950e-02
2.832500e+00	2.413070e-02
2.835000e+00	2.464203e-02
2.837500e+00	2.485965e-02
2.840000e+00	2.558974e-02
2.842500e+00	2.746113e-02
2.845000e+00	3.089678e-02
2.847500e+00	3.624347e-02
2.850000e+00	4.370982e-02
2.852500e+00	5.289772e-02
2.855000e+00	6.188092e-02
2.857500e+00	6.689738e-02
2.860000e+00	6.489098e-02
2.862500e+00	5.697052e-02
2.865000e+00	4.702041e-02
2.867500e+00	3.795757e-02
2.870000e+00	3.078040e-02
2.872500e+00	2.543385e-02
2.875000e+00	2.155831e-02
2.877500e+00	1.879982e-02
2.880000e+00	1.688976e-02
2.882500e+00	1.564680e-02
2.885000e+00	1.496199e-02
2.887500e+00	1.478574e-02
2.890000e+00	1.512047e-02
2.892500e+00	1.601703e-02
2.895000e+00	1.756626e-02
2.897500e+00	1.986132e-02
2.900000e+00	2.287497e-02
2.902500e+00	2.619374e-02
2.905000e+00	2.878936e-02
2.907500e+00	2.951728e-02
2.910000e+00	2.834467e-02
2.912500e+00	2.645865e-02
2.915000e+00	2.507158e-02
2.917500e+00	2.482208e-02
2.920000e+00	2.598054e-02
2.922500e+00	2.873429e-02
2.925000e+00	3.328072e-02
2.927500e+00	3.967173e-02
2.930000e+00	4.728737e-02
2.932500e+00	5.403955e-02
2.935000e+00	5.659626e-02
2.937500e+00	5.314877e-02
2.940000e+00	4.555370e-02
2.942500e+00	3.708799e-02
2.945000e+00	2.973347e-02
2.947500e+00	2.400468e-02
2.950000e+00	1.974258e-02
2.952500e+00	1.663426e-02
2.955000e+00	1.440224e-02
2.957500e+00	1.284129e-02
2.960000e+00	1.180050e-02
2.962500e+00	1.113834e-02
2.965000e+00	1.066597e-02
2.967500e+00	1.015074e-02
2.970000e+00	9.460922e-03
2.972500e+00	8.675720e-03
2.975000e+00	7.959023e-03
2.977500e+00	7.412038e-03
2.980000e+00	7.064965e-03
2.982500e+00	6.921066e-03
2.985000e+00	6.986656e-03
2.987500e+00	7.283992e-03
2.990000e+00	7.854868e-03
2.992500e+00	8.753567e-03
2.995000e+00	1.001175e-02
2.997500e+00	1.153938e-02
3.000000e+00	1.295997e-02
3.002500e+00	1.360184e-02
3.005000e+00	1.300722e-02
3.007500e+00	1.146597e-02
3.010000e+00	9.658905e-03
3.012500e+00	8.044362e-03
3.015000e+00	6.760013e-03
3.017500e+00	5.782277e-03
3.020000e+00	5.045090e-03
3.022500e+00	4.485993e-03
3.025000e+00	4.056834e-03
3.027500e+00	3.722935e-03
3.030000e+00	3.459857e-03
3.032500e+00	3.250425e-03
3.035000e+00	3.082514e-03
3.037500e+00	2.947521e-03
3.040000e+00	2.839336e-03
3.042500e+00	2.753672e-03
3.045000e+00	2.687631e-03
3.047500e+00	2.639452e-03
3.050000e+00	2.608398e-03
3.052500e+00	2.594765e-03
3.055000e+00	2.600018e-03
3.057500e+00	2.627049e-03
3.060000e+00	2.680529e-03
3.062500e+00	2.767109e-03
3.065000e+00	2.894653e-03
3.067500e+00	3.068141e-03
3.070000e+00	3.277777e-03
3.072500e+00	3.478741e-03
3.075000e+00	3.589020e-03
3.077500e+00	3.550841e-03
3.080000e+00	3.398485e-03
3.082500e+00	3.216892e-03
3.085000e+00	3.064880e-03
3.087500e+00	2.961562e-03
3.090000e+00	2.905998e-03
3.092500e+00	2.892299e-03
3.095000e+00	2.915735e-03
3.097500e+00	2.974460e-03
3.100000e+00	3.069919e-03
3.102500e+00	3.207119e-03
3.105000e+00	3.395061e-03
3.107500e+00	3.646978e-03
3.110000e+00	3.978838e-03
3.112500e+00	4.401744e-03
3.115000e+00	4.899923e-03
3.117500e+00	5.393498e-03
3.120000e+00	5.735423e-03
3.122500e+00	5.826344e-03
3.125000e+00	5.739711e-03
3.127500e+00	5.644906e-03
3.130000e+00	5.667538e-03
3.132500e+00	5.867483e-03
3.135000e+00	6.278218e-03
3.137500e+00	6.937181e-03
3.140000e+00	7.895087e-03
3.142500e+00	9.199954e-03
3.145000e+00	1.083172e-02
3.147500e+00	1.255941e-02
3.150000e+00	1.382082e-02
3.152500e+00	1.399426e-02
3.155000e+00	1.304934e-02
3.157500e+00	1.158733e-02
3.160000e+00	1.019812e-02
3.162500e+00	9.142516e-03
3.165000e+00	8.457354e-03
3.167500e+00	8.104416e-03
3.170000e+00	8.043458e-03
3.172500e+00	8.256128e-03
3.175000e+00	8.751569e-03
3.177500e+00	9.565378e-03
3.180000e+00	1.074879e-02
3.182500e+00	1.232803e-02
3.185000e+00	1.419643e-02
3.187500e+00	1.594772e-02
3.190000e+00	1.690180e-02
3.192500e+00	1.666097e-02
3.195000e+00	1.559517e-02
3.197500e+00	1.441329e-02
3.200000e+00	1.357773e-02
3.202500e+00	1.324951e-02
3.205000e+00	1.345826e-02
3.207500e+00	1.422216e-02
3.210000e+00	1.559788e-02
3.212500e+00	1.769216e-02
3.215000e+00	2.063551e-02
3.217500e+00	2.446923e-02
3.220000e+00	2.885651e-02
3.222500e+00	3.268769e-02
3.225000e+00	3.429267e-02
3.227500e+00	3.292304e-02
3.230000e+00	2.967112e-02
3.232500e+00	2.619683e-02
3.235000e+00	2.345540e-02
3.237500e+00	2.169935e-02
3.240000e+00	2.088481e-02
3.242500e+00	2.092263e-02
3.245000e+00	2.177342e-02
3.247500e+00	2.347667e-02
3.250000e+00	2.616104e-02
3.252500e+00	3.004435e-02
3.255000e+00	3.539588e-02
3.257500e+00	4.237320e-02
3.260000e+00	5.057235e-02
3.262500e+00	5.831367e-02
3.265000e+00	6.270814e-02
3.267500e+00	6.200250e-02
3.270000e+00	5.775163e-02
3.272500e+00	5.307067e-02
3.275000e+00	5.007559e-02
3.277500e+00	4.959797e-02
3.280000e+00	5.189846e-02
3.282500e+00	5.711100e-02
3.285000e+00	6.518947e-02
3.287500e+00	7.530037e-02
3.290000e+00	8.486755e-02
3.292500e+00	8.989620e-02
3.295000e+00	8.837782e-02
3.297500e+00	8.281173e-02
3.300000e+00	7.742657e-02
3.302500e+00	7.497545e-02
3.305000e+00	7.662210e-02
3.307500e+00	8.294827e-02
3.310000e+00	9.455812e-02
3.312500e+00	1.120399e-01
3.315000e+00	1.350576e-01
3.317500e+00	1.601854e-01
3.320000e+00	1.788380e-01
3.322500e+00	1.809281e-01
3.325000e+00	1.650800e-01
3.327500e+00	1.403140e-01
3.330000e+00	1.161449e-01
3.332500e+00	9.698419e-02
3.335000e+00	8.354609e-02
3.337500e+00	7.524931e-02
3.340000e+00	7.143716e-02
3.342500e+00	7.177169e-02
3.345000e+00	7.627113e-02
3.347500e+00	8.510484e-02
3.350000e+00	9.793695e-02
3.352500e+00	1.125000e-01
3.355000e+00	1.231987e-01
3.357500e+00	1.233522e-01
3.360000e+00	1.118212e-01
3.362500e+00	9.432303e-02
3.365000e+00	7.703963e-02
3.367500e+00	6.283671e-02
3.370000e+00	5.211244e-02
3.372500e+00	4.436017e-02
3.375000e+00	3.896436e-02
3.377500e+00	3.545309e-02
3.380000e+00	3.354004e-02
3.382500e+00	3.310667e-02
3.385000e+00	3.415997e-02
3.387500e+00	3.672943e-02
3.390000e+00	4.059732e-02
3.392500e+00	4.478173e-02
3.395000e+00	4.722610e-02
3.397500e+00	4.597018e-02
3.400000e+00	4.125627e-02
3.402500e+00	3.519369e-02
3.405000e+00	2.958499e-02
3.407500e+00	2.513179e-02
3.410000e+00	2.186836e-02
3.412500e+00	1.962438e-02
3.415000e+00	1.823348e-02
3.417500e+00	1.759369e-02
3.420000e+00	1.767066e-02
3.422500e+00	1.846791e-02
3.425000e+00	1.993813e-02
3.427500e+00	2.178478e-02
3.430000e+00	2.323363e-02
3.432500e+00	2.326441e-02
3.435000e+00	2.156319e-02
3.437500e+00	1.888998e-02
3.440000e+00	1.619816e-02
3.442500e+00	1.397478e-02
3.445000e+00	1.231479e-02
3.447500e+00	1.116054e-02
3.450000e+00	1.043457e-02
3.452500e+00	1.008509e-02
3.455000e+00	1.009468e-02
3.457500e+00	1.047334e-02
3.460000e+00	1.123011e-02
3.462500e+00	1.229649e-02
3.465000e+00	1.338794e-02
3.467500e+00	1.394964e-02
3.470000e+00	1.351588e-02
3.472500e+00	1.222747e-02
3.475000e+00	1.064981e-02
3.477500e+00	9.218348e-03
3.480000e+00	8.085957e-03
3.482500e+00	7.247718e-03
3.485000e+00	6.653066e-03
3.487500e+00	6.253127e-03
3.490000e+00	6.013527e-03
3.492500e+00	5.915626e-03
3.495000e+00	5.955496e-03
3.497500e+00	6.143493e-03
3.500000e+00	6.504545e-03
3.502500e+00	7.076918e-03
3.505000e+00	7.901897e-03
3.507500e+00	8.985628e-03
3.510000e+00	1.020700e-02
3.512500e+00	1.120905e-02
3.515000e+00	1.151020e-02
3.517500e+00	1.096607e-02
3.520000e+00	9.953905e-03
3.522500e+00	8.949479e-03
3.525000e+00	8.205844e-03
3.527500e+00	7.789279e-03
3.530000e+00	7.697873e-03
3.532500e+00	7.929192e-03
3.535000e+00	8.505267e-03
3.537500e+00	9.476227e-03
3.540000e+00	1.090204e-02
3.542500e+00	1.278387e-02
3.545000e+00	1.490062e-02
3.547500e+00	1.661820e-02
3.550000e+00	1.708790e-02
3.552500e+00	1.605716e-02
3.555000e+00	1.418539e-02
3.557500e+00	1.229793e-02
3.560000e+00	1.082589e-02
3.562500e+00	9.870387e-03
3.565000e+00	9.408433e-03
3.567500e+00	9.408527e-03
3.570000e+00	9.871056e-03
3.572500e+00	1.083193e-02
3.575000e+00	1.233334e-02
3.577500e+00	1.432766e-02
3.580000e+00	1.647615e-02
3.582500e+00	1.798702e-02
3.585000e+00	1.800604e-02
3.587500e+00	1.651175e-02
3.590000e+00	1.434124e-02
3.592500e+00	1.229954e-02
3.595000e+00	1.073901e-02
3.597500e+00	9.710899e-03
3.600000e+00	9.169683e-03
3.602500e+00	9.072700e-03
3.605000e+00	9.412508e-03
3.607500e+00	1.022076e-02
3.610000e+00	1.154980e-02
3.612500e+00	1.340526e-02
3.615000e+00	1.558015e-02
3.617500e+00	1.743378e-02
3.620000e+00	1.802309e-02
3.622500e+00	1.694152e-02
3.625000e+00	1.481010e-02
3.627500e+00	1.254733e-02
3.630000e+00	1.066950e-02
3.632500e+00	9.301733e-03
3.635000e+00	8.404230e-03
3.637500e+00	7.909378e-03
3.640000e+00	7.771627e-03
3.642500e+00	7.980058e-03
3.645000e+00	8.558343e-03
3.647500e+00	9.554384e-03
3.650000e+00	1.100141e-02
3.652500e+00	1.280952e-02
3.655000e+00	1.457475e-02
3.657500e+00	1.552968e-02
3.660000e+00	1.508036e-02
3.662500e+00	1.348665e-02
3.665000e+00	1.154247e-02
3.667500e+00	9.829461e-03
3.670000e+00	8.548238e-03
3.672500e+00	7.698562e-03
3.675000e+00	7.229242e-03
3.677500e+00	7.100999e-03
3.680000e+00	7.304136e-03
3.682500e+00	7.857543e-03
3.685000e+00	8.789859e-03
3.687500e+00	1.007973e-02
3.690000e+00	1.152417e-02
3.692500e+00	1.260800e-02
3.695000e+00	1.271034e-02
3.697500e+00	1.172385e-02
3.700000e+00	1.018479e-02
3.702500e+00	8.678103e-03
3.705000e+00	7.480936e-03
3.707500e+00	6.641065e-03
3.710000e+00	6.124495e-03
3.712500e+00	5.891897e-03
3.715000e+00	5.924008e-03
3.717500e+00	6.225523e-03
3.720000e+00	6.816116e-03
3.722500e+00	7.697518e-03
3.725000e+00	8.771335e-03
3.727500e+00	9.722022e-03
3.730000e+00	1.006016e-02
3.732500e+00	9.537555e-03
3.735000e+00	8.443147e-03
3.737500e+00	7.257816e-03
3.740000e+00	6.267512e-03
3.742500e+00	5.548563e-03
3.745000e+00	5.085041e-03
3.747500e+00	4.844185e-03
3.750000e+00	4.804878e-03
3.752500e+00	4.965355e-03
3.755000e+00	5.343720e-03
3.757500e+00	5.972285e-03
3.760000e+00	6.874722e-03
3.762500e+00	8.000794e-03
3.765000e+00	9.108359e-03
3.767500e+00	9.724319e-03
3.770000e+00	9.464939e-03
3.772500e+00	8.471356e-03
3.775000e+00	7.234411e-03
3.777500e+00	6.123684e-03
3.780000e+00	5.268343e-03
3.782500e+00	4.666643e-03
3.785000e+00	4.280929e-03
3.787500e+00	4.077656e-03
3.790000e+00	4.038492e-03
3.792500e+00	4.160770e-03
3.795000e+00	4.451797e-03
3.797500e+00	4.910845e-03
3.800000e+00	5.484987e-03
3.802500e+00	6.005520e-03
3.805000e+00	6.208305e-03
3.807500e+00	5.955293e-03
3.810000e+00	5.399385e-03
3.812500e+00	4.802543e-03
3.815000e+00	4.324116e-03
3.817500e+00	4.010499e-03
3.820000e+00	3.858938e-03
3.822500e+00	3.859510e-03
3.825000e+00	4.011838e-03
3.827500e+00	4.330738e-03
3.830000e+00	4.847976e-03
3.832500e+00	5.609435e-03
3.835000e+00	6.657149e-03
3.837500e+00	7.970488e-03
3.840000e+00	9.342183e-03
3.842500e+00	1.028291e-02
3.845000e+00	1.027338e-02
3.847500e+00	9.315545e-03
3.850000e+00	7.930617e-03
3.852500e+00	6.607500e-03
3.855000e+00	5.553336e-03
3.857500e+00	4.789914e-03
3.860000e+00	4.277450e-03
3.862500e+00	3.972679e-03
3.865000e+00	3.844327e-03
3.867500e+00	3.868012e-03
3.870000e+00	4.004758e-03
3.872500e+00	4.166666e-03
3.875000e+00	4.213972e-03
3.877500e+00	4.052949e-03
3.880000e+00	3.737003e-03
3.882500e+00	3.395652e-03
3.885000e+00	3.116395e-03
3.887500e+00	2.926596e-03
3.890000e+00	2.824480e-03
3.892500e+00	2.802243e-03
3.895000e+00	2.855445e-03
3.897500e+00	2.985997e-03
3.900000e+00	3.203453e-03
3.902500e+00	3.526542e-03
3.905000e+00	3.985549e-03
3.907500e+00	4.625246e-03
3.910000e+00	5.506032e-03
3.912500e+00	6.695035e-03
3.915000e+00	8.224826e-03
3.917500e+00	9.981192e-03
3.920000e+00	1.153407e-02
3.922500e+00	1.218119e-02
3.925000e+00	1.153404e-02
3.927500e+00	9.984547e-03
3.930000e+00	8.235652e-03
3.932500e+00	6.717157e-03
3.935000e+00	5.543951e-03
3.937500e+00	4.685377e-03
3.940000e+00	4.077416e-03
3.942500e+00	3.664045e-03
3.945000e+00	3.405958e-03
3.947500e+00	3.277698e-03
3.950000e+00	3.258356e-03
3.952500e+00	3.313502e-03
3.955000e+00	3.373265e-03
3.957500e+00	3.344678e-03
3.960000e+00	3.188351e-03
3.962500e+00	2.959706e-03
3.965000e+00	2.740056e-03
3.967500e+00	2.574349e-03
3.970000e+00	2.473351e-03
3.972500e+00	2.434210e-03
3.975000e+00	2.452756e-03
3.977500e+00	2.528115e-03
3.980000e+00	2.664261e-03
3.982500e+00	2.870990e-03
3.985000e+00	3.165334e-03
3.987500e+00	3.573741e-03
3.990000e+00	4.134899e-03
3.992500e+00	4.901639e-03
3.995000e+00	5.936182e-03
3.997500e+00	7.282074e-03
