#omega	spectral weight
-3.000000e+00	2.481743e-05
-2.997500e+00	2.482908e-05
-2.995000e+00	2.484075e-05
-2.992500e+00	2.485242e-05
-2.990000e+00	2.486410e-05
-2.987500e+00	2.487580e-05
-2.985000e+00	2.488750e-05
-2.982500e+00	2.489921e-05
-2.980000e+00	2.491093e-05
-2.977500e+00	2.492265e-05
-2.975000e+00	2.493439e-05
-2.972500e+00	2.494614e-05
-2.970000e+00	2.495789e-05
-2.967500e+00	2.496966e-05
-2.965000e+00	2.498143e-05
-2.962500e+00	2.499321e-05
-2.960000e+00	2.500500e-05
-2.957500e+00	2.501680e-05
-2.955000e+00	2.502861e-05
-2.952500e+00	2.504043e-05
-2.950000e+00	2.505226e-05
-2.947500e+00	2.506409e-05
-2.945000e+00	2.507594e-05
-2.942500e+00	2.508779e-05
-2.940000e+00	2.509966e-05
-2.937500e+00	2.511153e-05
-2.935000e+00	2.512341e-05
-2.932500e+00	2.513531e-05
-2.930000e+00	2.514721e-05
-2.927500e+00	2.515912e-05
-2.925000e+00	2.517104e-05
-2.922500e+00	2.518297e-05
-2.920000e+00	2.519490e-05
-2.917500e+00	2.520685e-05
-2.915000e+00	2.521881e-05
-2.912500e+00	2.523077e-05
-2.910000e+00	2.524275e-05
-2.907500e+00	2.525473e-05
-2.905000e+00	2.526673e-05
-2.902500e+00	2.527873e-05
-2.900000e+00	2.529074e-05
-2.897500e+00	2.530276e-05
-2.895000e+00	2.531479e-05
-2.892500e+00	2.532684e-05
-2.890000e+00	2.533889e-05
-2.887500e+00	2.535095e-05
-2.885000e+00	2.536301e-05
-2.882500e+00	2.537509e-05
-2.880000e+00	2.538718e-05
-2.877500e+00	2.539928e-05
-2.875000e+00	2.541138e-05
-2.872500e+00	2.542350e-05
-2.870000e+00	2.543563e-05
-2.867500e+00	2.544776e-05
-2.865000e+00	2.545991e-05
-2.862500e+00	2.547206e-05
-2.860000e+00	2.548422e-05
-2.857500e+00	2.549640e-05
-2.855000e+00	2.550858e-05
-2.852500e+00	2.552077e-05
-2.850000e+00	2.553297e-05
-2.847500e+00	2.554519e-05
-2.845000e+00	2.555741e-05
-2.842500e+00	2.556964e-05
-2.840000e+00	2.558188e-05
-2.837500e+00	2.559413e-05
-2.835000e+00	2.560639e-05
-2.832500e+00	2.561866e-05
-2.830000e+00	2.563094e-05
-2.827500e+00	2.564323e-05
-2.825000e+00	2.565552e-05
-2.822500e+00	2.566783e-05
-2.820000e+00	2.568015e-05
-2.817500e+00	2.569248e-05
-2.815000e+00	2.570482e-05
-2.812500e+00	2.571716e-05
-2.810000e+00	2.572952e-05
-2.807500e+00	2.574189e-05
-2.805000e+00	2.575427e-05
-2.802500e+00	2.576665e-05
-2.800000e+00	2.577905e-05
-2.797500e+00	2.579145e-05
-2.795000e+00	2.580387e-05
-2.792500e+00	2.581630e-05
-2.790000e+00	2.582873e-05
-2.787500e+00	2.584118e-05
-2.785000e+00	2.585363e-05
-2.782500e+00	2.586610e-05
-2.780000e+00	2.587858e-05
-2.777500e+00	2.589106e-05
-2.775000e+00	2.590356e-05
-2.772500e+00	2.591606e-05
-2.770000e+00	2.592858e-05
-2.767500e+00	2.594110e-05
-2.765000e+00	2.595364e-05
-2.762500e+00	2.596619e-05
-2.760000e+00	2.597874e-05
-2.757500e+00	2.599131e-05
-2.755000e+00	2.600388e-05
-2.752500e+00	2.601647e-05
-2.750000e+00	2.602906e-05
-2.747500e+00	2.604167e-05
-2.745000e+00	2.605429e-05
-2.742500e+00	2.606691e-05
-2.740000e+00	2.607955e-05
-2.737500e+00	2.609220e-05
-2.735000e+00	2.610485e-05
-2.732500e+00	2.611752e-05
-2.730000e+00	2.613020e-05
-2.727500e+00	2.614289e-05
-2.725000e+00	2.615558e-05
-2.722500e+00	2.616829e-05
-2.720000e+00	2.618101e-05
-2.717500e+00	2.619374e-05
-2.715000e+00	2.620648e-05
-2.712500e+00	2.621923e-05
-2.710000e+00	2.623198e-05
-2.707500e+00	2.624475e-05
-2.705000e+00	2.625753e-05
-2.702500e+00	2.627033e-05
-2.700000e+00	2.628313e-05
-2.697500e+00	2.629594e-05
-2.695000e+00	2.630876e-05
-2.692500e+00	2.632159e-05
-2.690000e+00	2.633443e-05
-2.687500e+00	2.634729e-05
-2.685000e+00	2.636015e-05
-2.682500e+00	2.637302e-05
-2.680000e+00	2.638591e-05
-2.677500e+00	2.639880e-05
-2.675000e+00	2.641171e-05
-2.672500e+00	2.642462e-05
-2.670000e+00	2.643755e-05
-2.667500e+00	2.645049e-05
-2.665000e+00	2.646343e-05
-2.662500e+00	2.647639e-05
-2.660000e+00	2.648936e-05
-2.657500e+00	2.650234e-05
-2.655000e+00	2.651533e-05
-2.652500e+00	2.652833e-05
-2.650000e+00	2.654134e-05
-2.647500e+00	2.655436e-05
-2.645000e+00	2.656740e-05
-2.642500e+00	2.658044e-05
-2.640000e+00	2.659349e-05
-2.637500e+00	2.660656e-05
-2.635000e+00	2.661963e-05
-2.632500e+00	2.663272e-05
-2.630000e+00	2.664582e-05
-2.627500e+00	2.665892e-05
-2.625000e+00	2.667204e-05
-2.622500e+00	2.668517e-05
-2.620000e+00	2.669831e-05
-2.617500e+00	2.671146e-05
-2.615000e+00	2.672462e-05
-2.612500e+00	2.673780e-05
-2.610000e+00	2.675098e-05
-2.607500e+00	2.676418e-05
-2.605000e+00	2.677738e-05
-2.602500e+00	2.679060e-05
-2.600000e+00	2.680383e-05
-2.597500e+00	2.681706e-05
-2.595000e+00	2.683031e-05
-2.592500e+00	2.684357e-05
-2.590000e+00	2.685684e-05
-2.587500e+00	2.687013e-05
-2.585000e+00	2.688342e-05
-2.582500e+00	2.689672e-05
-2.580000e+00	2.691004e-05
-2.577500e+00	2.692337e-05
-2.575000e+00	2.693670e-05
-2.572500e+00	2.695005e-05
-2.570000e+00	2.696341e-05
-2.567500e+00	2.697678e-05
-2.565000e+00	2.699017e-05
-2.562500e+00	2.700356e-05
-2.560000e+00	2.701697e-05
-2.557500e+00	2.703038e-05
-2.555000e+00	2.704381e-05
-2.552500e+00	2.705725e-05
-2.550000e+00	2.707070e-05
-2.547500e+00	2.708416e-05
-2.545000e+00	2.709763e-05
-2.542500e+00	2.711111e-05
-2.540000e+00	2.712461e-05
-2.537500e+00	2.713812e-05
-2.535000e+00	2.715163e-05
-2.532500e+00	2.716516e-05
-2.530000e+00	2.717870e-05
-2.527500e+00	2.719225e-05
-2.525000e+00	2.720582e-05
-2.522500e+00	2.721939e-05
-2.520000e+00	2.723298e-05
-2.517500e+00	2.724658e-05
-2.515000e+00	2.726019e-05
-2.512500e+00	2.727381e-05
-2.510000e+00	2.728744e-05
-2.507500e+00	2.730108e-05
-2.505000e+00	2.731474e-05
-2.502500e+00	2.732840e-05
-2.500000e+00	2.734208e-05
-2.497500e+00	2.735577e-05
-2.495000e+00	2.736947e-05
-2.492500e+00	2.738319e-05
-2.490000e+00	2.739691e-05
-2.487500e+00	2.741065e-05
-2.485000e+00	2.742440e-05
-2.482500e+00	2.743816e-05
-2.480000e+00	2.745193e-05
-2.477500e+00	2.746571e-05
-2.475000e+00	2.747951e-05
-2.472500e+00	2.749332e-05
-2.470000e+00	2.750714e-05
-2.467500e+00	2.752097e-05
-2.465000e+00	2.753481e-05
-2.462500e+00	2.754866e-05
-2.460000e+00	2.756253e-05
-2.457500e+00	2.757641e-05
-2.455000e+00	2.759030e-05
-2.452500e+00	2.760420e-05
-2.450000e+00	2.761811e-05
-2.447500e+00	2.763204e-05
-2.445000e+00	2.764598e-05
-2.442500e+00	2.765993e-05
-2.440000e+00	2.767389e-05
-2.437500e+00	2.768787e-05
-2.435000e+00	2.770185e-05
-2.432500e+00	2.771585e-05
-2.430000e+00	2.772986e-05
-2.427500e+00	2.774388e-05
-2.425000e+00	2.775792e-05
-2.422500e+00	2.777196e-05
-2.420000e+00	2.778602e-05
-2.417500e+00	2.780009e-05
-2.415000e+00	2.781418e-05
-2.412500e+00	2.782827e-05
-2.410000e+00	2.784238e-05
-2.407500e+00	2.785650e-05
-2.405000e+00	2.787063e-05
-2.402500e+00	2.788478e-05
-2.400000e+00	2.789893e-05
-2.397500e+00	2.791310e-05
-2.395000e+00	2.792728e-05
-2.392500e+00	2.794148e-05
-2.390000e+00	2.795569e-05
-2.387500e+00	2.796990e-05
-2.385000e+00	2.798414e-05
-2.382500e+00	2.799838e-05
-2.380000e+00	2.801264e-05
-2.377500e+00	2.802690e-05
-2.375000e+00	2.804118e-05
-2.372500e+00	2.805548e-05
-2.370000e+00	2.806978e-05
-2.367500e+00	2.808410e-05
-2.365000e+00	2.809843e-05
-2.362500e+00	2.811278e-05
-2.360000e+00	2.812714e-05
-2.357500e+00	2.814150e-05
-2.355000e+00	2.815589e-05
-2.352500e+00	2.817028e-05
-2.350000e+00	2.818469e-05
-2.347500e+00	2.819911e-05
-2.345000e+00	2.821354e-05
-2.342500e+00	2.822799e-05
-2.340000e+00	2.824245e-05
-2.337500e+00	2.825692e-05
-2.335000e+00	2.827140e-05
-2.332500e+00	2.828590e-05
-2.330000e+00	2.830041e-05
-2.327500e+00	2.831493e-05
-2.325000e+00	2.832947e-05
-2.322500e+00	2.834401e-05
-2.320000e+00	2.835858e-05
-2.317500e+00	2.837315e-05
-2.315000e+00	2.838774e-05
-2.312500e+00	2.840234e-05
-2.310000e+00	2.841695e-05
-2.307500e+00	2.843158e-05
-2.305000e+00	2.844622e-05
-2.302500e+00	2.846087e-05
-2.300000e+00	2.847554e-05
-2.297500e+00	2.849022e-05
-2.295000e+00	2.850491e-05
-2.292500e+00	2.851961e-05
-2.290000e+00	2.853433e-05
-2.287500e+00	2.854906e-05
-2.285000e+00	2.856381e-05
-2.282500e+00	2.857857e-05
-2.280000e+00	2.859334e-05
-2.277500e+00	2.860812e-05
-2.275000e+00	2.862292e-05
-2.272500e+00	2.863773e-05
-2.270000e+00	2.865256e-05
-2.267500e+00	2.866740e-05
-2.265000e+00	2.868225e-05
-2.262500e+00	2.869711e-05
-2.260000e+00	2.871199e-05
-2.257500e+00	2.872689e-05
-2.255000e+00	2.874179e-05
-2.252500e+00	2.875671e-05
-2.250000e+00	2.877164e-05
-2.247500e+00	2.878659e-05
-2.245000e+00	2.880155e-05
-2.242500e+00	2.881653e-05
-2.240000e+00	2.883151e-05
-2.237500e+00	2.884651e-05
-2.235000e+00	2.886153e-05
-2.232500e+00	2.887656e-05
-2.230000e+00	2.889160e-05
-2.227500e+00	2.890666e-05
-2.225000e+00	2.892173e-05
-2.222500e+00	2.893681e-05
-2.220000e+00	2.895191e-05
-2.217500e+00	2.896702e-05
-2.215000e+00	2.898215e-05
-2.212500e+00	2.899728e-05
-2.210000e+00	2.901244e-05
-2.207500e+00	2.902761e-05
-2.205000e+00	2.904279e-05
-2.202500e+00	2.905798e-05
-2.200000e+00	2.907319e-05
-2.197500e+00	2.908842e-05
-2.195000e+00	2.910365e-05
-2.192500e+00	2.911890e-05
-2.190000e+00	2.913417e-05
-2.187500e+00	2.914945e-05
-2.185000e+00	2.916475e-05
-2.182500e+00	2.918005e-05
-2.180000e+00	2.919538e-05
-2.177500e+00	2.921071e-05
-2.175000e+00	2.922606e-05
-2.172500e+00	2.924143e-05
-2.170000e+00	2.925681e-05
-2.167500e+00	2.927220e-05
-2.165000e+00	2.928761e-05
-2.162500e+00	2.930304e-05
-2.160000e+00	2.931847e-05
-2.157500e+00	2.933393e-05
-2.155000e+00	2.934939e-05
-2.152500e+00	2.936487e-05
-2.150000e+00	2.938037e-05
-2.147500e+00	2.939588e-05
-2.145000e+00	2.941141e-05
-2.142500e+00	2.942695e-05
-2.140000e+00	2.944250e-05
-2.137500e+00	2.945807e-05
-2.135000e+00	2.947365e-05
-2.132500e+00	2.948925e-05
-2.130000e+00	2.950486e-05
-2.127500e+00	2.952049e-05
-2.125000e+00	2.953613e-05
-2.122500e+00	2.955179e-05
-2.120000e+00	2.956746e-05
-2.117500e+00	2.958315e-05
-2.115000e+00	2.959885e-05
-2.112500e+00	2.961457e-05
-2.110000e+00	2.963030e-05
-2.107500e+00	2.964605e-05
-2.105000e+00	2.966181e-05
-2.102500e+00	2.967759e-05
-2.100000e+00	2.969338e-05
-2.097500e+00	2.970919e-05
-2.095000e+00	2.972502e-05
-2.092500e+00	2.974085e-05
-2.090000e+00	2.975671e-05
-2.087500e+00	2.977258e-05
-2.085000e+00	2.978846e-05
-2.082500e+00	2.980436e-05
-2.080000e+00	2.982027e-05
-2.077500e+00	2.983620e-05
-2.075000e+00	2.985215e-05
-2.072500e+00	2.986811e-05
-2.070000e+00	2.988409e-05
-2.067500e+00	2.990008e-05
-2.065000e+00	2.991609e-05
-2.062500e+00	2.993211e-05
-2.060000e+00	2.994815e-05
-2.057500e+00	2.996420e-05
-2.055000e+00	2.998027e-05
-2.052500e+00	2.999636e-05
-2.050000e+00	3.001246e-05
-2.047500e+00	3.002857e-05
-2.045000e+00	3.004471e-05
-2.042500e+00	3.006086e-05
-2.040000e+00	3.007702e-05
-2.037500e+00	3.009320e-05
-2.035000e+00	3.010940e-05
-2.032500e+00	3.012561e-05
-2.030000e+00	3.014184e-05
-2.027500e+00	3.015808e-05
-2.025000e+00	3.017434e-05
-2.022500e+00	3.019062e-05
-2.020000e+00	3.020691e-05
-2.017500e+00	3.022322e-05
-2.015000e+00	3.023954e-05
-2.012500e+00	3.025588e-05
-2.010000e+00	3.027224e-05
-2.007500e+00	3.028861e-05
-2.005000e+00	3.030500e-05
-2.002500e+00	3.032141e-05
-2.000000e+00	3.033783e-05
-1.997500e+00	3.035427e-05
-1.995000e+00	3.037072e-05
-1.992500e+00	3.038719e-05
-1.990000e+00	3.040368e-05
-1.987500e+00	3.042018e-05
-1.985000e+00	3.043671e-05
-1.982500e+00	3.045324e-05
-1.980000e+00	3.046980e-05
-1.977500e+00	3.048637e-05
-1.975000e+00	3.050296e-05
-1.972500e+00	3.051956e-05
-1.970000e+00	3.053618e-05
-1.967500e+00	3.055282e-05
-1.965000e+00	3.056947e-05
-1.962500e+00	3.058614e-05
-1.960000e+00	3.060283e-05
-1.957500e+00	3.061954e-05
-1.955000e+00	3.063626e-05
-1.952500e+00	3.065300e-05
-1.950000e+00	3.066976e-05
-1.947500e+00	3.068653e-05
-1.945000e+00	3.070332e-05
-1.942500e+00	3.072013e-05
-1.940000e+00	3.073695e-05
-1.937500e+00	3.075380e-05
-1.935000e+00	3.077066e-05
-1.932500e+00	3.078753e-05
-1.930000e+00	3.080443e-05
-1.927500e+00	3.082134e-05
-1.925000e+00	3.083827e-05
-1.922500e+00	3.085522e-05
-1.920000e+00	3.087218e-05
-1.917500e+00	3.088916e-05
-1.915000e+00	3.090616e-05
-1.912500e+00	3.092318e-05
-1.910000e+00	3.094021e-05
-1.907500e+00	3.095727e-05
-1.905000e+00	3.097434e-05
-1.902500e+00	3.099142e-05
-1.900000e+00	3.100853e-05
-1.897500e+00	3.102565e-05
-1.895000e+00	3.104280e-05
-1.892500e+00	3.105995e-05
-1.890000e+00	3.107713e-05
-1.887500e+00	3.109433e-05
-1.885000e+00	3.111154e-05
-1.882500e+00	3.112877e-05
-1.880000e+00	3.114602e-05
-1.877500e+00	3.116329e-05
-1.875000e+00	3.118058e-05
-1.872500e+00	3.119788e-05
-1.870000e+00	3.121521e-05
-1.867500e+00	3.123255e-05
-1.865000e+00	3.124991e-05
-1.862500e+00	3.126729e-05
-1.860000e+00	3.128468e-05
-1.857500e+00	3.130210e-05
-1.855000e+00	3.131953e-05
-1.852500e+00	3.133699e-05
-1.850000e+00	3.135446e-05
-1.847500e+00	3.137195e-05
-1.845000e+00	3.138946e-05
-1.842500e+00	3.140699e-05
-1.840000e+00	3.142453e-05
-1.837500e+00	3.144210e-05
-1.835000e+00	3.145968e-05
-1.832500e+00	3.147729e-05
-1.830000e+00	3.149491e-05
-1.827500e+00	3.151255e-05
-1.825000e+00	3.153021e-05
-1.822500e+00	3.154789e-05
-1.820000e+00	3.156559e-05
-1.817500e+00	3.158331e-05
-1.815000e+00	3.160105e-05
-1.812500e+00	3.161881e-05
-1.810000e+00	3.163659e-05
-1.807500e+00	3.165438e-05
-1.805000e+00	3.167220e-05
-1.802500e+00	3.169004e-05
-1.800000e+00	3.170789e-05
-1.797500e+00	3.172577e-05
-1.795000e+00	3.174366e-05
-1.792500e+00	3.176158e-05
-1.790000e+00	3.177951e-05
-1.787500e+00	3.179747e-05
-1.785000e+00	3.181544e-05
-1.782500e+00	3.183343e-05
-1.780000e+00	3.185145e-05
-1.777500e+00	3.186948e-05
-1.775000e+00	3.188754e-05
-1.772500e+00	3.190561e-05
-1.770000e+00	3.192371e-05
-1.767500e+00	3.194182e-05
-1.765000e+00	3.195996e-05
-1.762500e+00	3.197812e-05
-1.760000e+00	3.199629e-05
-1.757500e+00	3.201449e-05
-1.755000e+00	3.203271e-05
-1.752500e+00	3.205095e-05
-1.750000e+00	3.206921e-05
-1.747500e+00	3.208749e-05
-1.745000e+00	3.210579e-05
-1.742500e+00	3.212411e-05
-1.740000e+00	3.214246e-05
-1.737500e+00	3.216082e-05
-1.735000e+00	3.217921e-05
-1.732500e+00	3.219761e-05
-1.730000e+00	3.221604e-05
-1.727500e+00	3.223449e-05
-1.725000e+00	3.225296e-05
-1.722500e+00	3.227145e-05
-1.720000e+00	3.228996e-05
-1.717500e+00	3.230850e-05
-1.715000e+00	3.232705e-05
-1.712500e+00	3.234563e-05
-1.710000e+00	3.236423e-05
-1.707500e+00	3.238285e-05
-1.705000e+00	3.240149e-05
-1.702500e+00	3.242016e-05
-1.700000e+00	3.243885e-05
-1.697500e+00	3.245755e-05
-1.695000e+00	3.247628e-05
-1.692500e+00	3.249504e-05
-1.690000e+00	3.251381e-05
-1.687500e+00	3.253261e-05
-1.685000e+00	3.255143e-05
-1.682500e+00	3.257027e-05
-1.680000e+00	3.258913e-05
-1.677500e+00	3.260802e-05
-1.675000e+00	3.262693e-05
-1.672500e+00	3.264586e-05
-1.670000e+00	3.266482e-05
-1.667500e+00	3.268380e-05
-1.665000e+00	3.270280e-05
-1.662500e+00	3.272182e-05
-1.660000e+00	3.274087e-05
-1.657500e+00	3.275994e-05
-1.655000e+00	3.277903e-05
-1.652500e+00	3.279814e-05
-1.650000e+00	3.281728e-05
-1.647500e+00	3.283645e-05
-1.645000e+00	3.285563e-05
-1.642500e+00	3.287484e-05
-1.640000e+00	3.289407e-05
-1.637500e+00	3.291333e-05
-1.635000e+00	3.293261e-05
-1.632500e+00	3.295192e-05
-1.630000e+00	3.297124e-05
-1.627500e+00	3.299060e-05
-1.625000e+00	3.300997e-05
-1.622500e+00	3.302937e-05
-1.620000e+00	3.304880e-05
-1.617500e+00	3.306825e-05
-1.615000e+00	3.308772e-05
-1.612500e+00	3.310722e-05
-1.610000e+00	3.312674e-05
-1.607500e+00	3.314629e-05
-1.605000e+00	3.316586e-05
-1.602500e+00	3.318546e-05
-1.600000e+00	3.320508e-05
-1.597500e+00	3.322472e-05
-1.595000e+00	3.324439e-05
-1.592500e+00	3.326409e-05
-1.590000e+00	3.328381e-05
-1.587500e+00	3.330356e-05
-1.585000e+00	3.332333e-05
-1.582500e+00	3.334313e-05
-1.580000e+00	3.336295e-05
-1.577500e+00	3.338280e-05
-1.575000e+00	3.340268e-05
-1.572500e+00	3.342258e-05
-1.570000e+00	3.344250e-05
-1.567500e+00	3.346245e-05
-1.565000e+00	3.348243e-05
-1.562500e+00	3.350244e-05
-1.560000e+00	3.352247e-05
-1.557500e+00	3.354253e-05
-1.555000e+00	3.356261e-05
-1.552500e+00	3.358272e-05
-1.550000e+00	3.360286e-05
-1.547500e+00	3.362302e-05
-1.545000e+00	3.364321e-05
-1.542500e+00	3.366343e-05
-1.540000e+00	3.368368e-05
-1.537500e+00	3.370395e-05
-1.535000e+00	3.372425e-05
-1.532500e+00	3.374457e-05
-1.530000e+00	3.376493e-05
-1.527500e+00	3.378531e-05
-1.525000e+00	3.380572e-05
-1.522500e+00	3.382616e-05
-1.520000e+00	3.384662e-05
-1.517500e+00	3.386712e-05
-1.515000e+00	3.388764e-05
-1.512500e+00	3.390819e-05
-1.510000e+00	3.392877e-05
-1.507500e+00	3.394937e-05
-1.505000e+00	3.397001e-05
-1.502500e+00	3.399067e-05
-1.500000e+00	3.401136e-05
-1.497500e+00	3.403208e-05
-1.495000e+00	3.405284e-05
-1.492500e+00	3.407362e-05
-1.490000e+00	3.409442e-05
-1.487500e+00	3.411526e-05
-1.485000e+00	3.413613e-05
-1.482500e+00	3.415703e-05
-1.480000e+00	3.417796e-05
-1.477500e+00	3.419891e-05
-1.475000e+00	3.421990e-05
-1.472500e+00	3.424092e-05
-1.470000e+00	3.426197e-05
-1.467500e+00	3.428304e-05
-1.465000e+00	3.430415e-05
-1.462500e+00	3.432529e-05
-1.460000e+00	3.434646e-05
-1.457500e+00	3.436766e-05
-1.455000e+00	3.438890e-05
-1.452500e+00	3.441016e-05
-1.450000e+00	3.443145e-05
-1.447500e+00	3.445278e-05
-1.445000e+00	3.447414e-05
-1.442500e+00	3.449553e-05
-1.440000e+00	3.451695e-05
-1.437500e+00	3.453840e-05
-1.435000e+00	3.455989e-05
-1.432500e+00	3.458140e-05
-1.430000e+00	3.460296e-05
-1.427500e+00	3.462454e-05
-1.425000e+00	3.464615e-05
-1.422500e+00	3.466780e-05
-1.420000e+00	3.468948e-05
-1.417500e+00	3.471120e-05
-1.415000e+00	3.473295e-05
-1.412500e+00	3.475473e-05
-1.410000e+00	3.477655e-05
-1.407500e+00	3.479840e-05
-1.405000e+00	3.482028e-05
-1.402500e+00	3.484220e-05
-1.400000e+00	3.486415e-05
-1.397500e+00	3.488614e-05
-1.395000e+00	3.490816e-05
-1.392500e+00	3.493021e-05
-1.390000e+00	3.495230e-05
-1.387500e+00	3.497443e-05
-1.385000e+00	3.499659e-05
-1.382500e+00	3.501879e-05
-1.380000e+00	3.504102e-05
-1.377500e+00	3.506329e-05
-1.375000e+00	3.508560e-05
-1.372500e+00	3.510794e-05
-1.370000e+00	3.513032e-05
-1.367500e+00	3.515273e-05
-1.365000e+00	3.517518e-05
-1.362500e+00	3.519767e-05
-1.360000e+00	3.522020e-05
-1.357500e+00	3.524276e-05
-1.355000e+00	3.526536e-05
-1.352500e+00	3.528800e-05
-1.350000e+00	3.531068e-05
-1.347500e+00	3.533339e-05
-1.345000e+00	3.535614e-05
-1.342500e+00	3.537894e-05
-1.340000e+00	3.540177e-05
-1.337500e+00	3.542464e-05
-1.335000e+00	3.544755e-05
-1.332500e+00	3.547050e-05
-1.330000e+00	3.549348e-05
-1.327500e+00	3.551651e-05
-1.325000e+00	3.553958e-05
-1.322500e+00	3.556269e-05
-1.320000e+00	3.558584e-05
-1.317500e+00	3.560903e-05
-1.315000e+00	3.563226e-05
-1.312500e+00	3.565554e-05
-1.310000e+00	3.567885e-05
-1.307500e+00	3.570221e-05
-1.305000e+00	3.572561e-05
-1.302500e+00	3.574905e-05
-1.300000e+00	3.577253e-05
-1.297500e+00	3.579606e-05
-1.295000e+00	3.581963e-05
-1.292500e+00	3.584324e-05
-1.290000e+00	3.586690e-05
-1.287500e+00	3.589060e-05
-1.285000e+00	3.591434e-05
-1.282500e+00	3.593813e-05
-1.280000e+00	3.596196e-05
-1.277500e+00	3.598584e-05
-1.275000e+00	3.600977e-05
-1.272500e+00	3.603373e-05
-1.270000e+00	3.605775e-05
-1.267500e+00	3.608181e-05
-1.265000e+00	3.610592e-05
-1.262500e+00	3.613007e-05
-1.260000e+00	3.615428e-05
-1.257500e+00	3.617853e-05
-1.255000e+00	3.620282e-05
-1.252500e+00	3.622717e-05
-1.250000e+00	3.625156e-05
-1.247500e+00	3.627600e-05
-1.245000e+00	3.630049e-05
-1.242500e+00	3.632503e-05
-1.240000e+00	3.634962e-05
-1.237500e+00	3.637426e-05
-1.235000e+00	3.639895e-05
-1.232500e+00	3.642369e-05
-1.230000e+00	3.644848e-05
-1.227500e+00	3.647333e-05
-1.225000e+00	3.649822e-05
-1.222500e+00	3.652317e-05
-1.220000e+00	3.654817e-05
-1.217500e+00	3.657322e-05
-1.215000e+00	3.659832e-05
-1.212500e+00	3.662348e-05
-1.210000e+00	3.664869e-05
-1.207500e+00	3.667396e-05
-1.205000e+00	3.669928e-05
-1.202500e+00	3.672466e-05
-1.200000e+00	3.675009e-05
-1.197500e+00	3.677558e-05
-1.195000e+00	3.680113e-05
-1.192500e+00	3.682673e-05
-1.190000e+00	3.685239e-05
-1.187500e+00	3.687811e-05
-1.185000e+00	3.690388e-05
-1.182500e+00	3.692972e-05
-1.180000e+00	3.695561e-05
-1.177500e+00	3.698156e-05
-1.175000e+00	3.700757e-05
-1.172500e+00	3.703365e-05
-1.170000e+00	3.705978e-05
-1.167500e+00	3.708598e-05
-1.165000e+00	3.711224e-05
-1.162500e+00	3.713856e-05
-1.160000e+00	3.716494e-05
-1.157500e+00	3.719139e-05
-1.155000e+00	3.721790e-05
-1.152500e+00	3.724447e-05
-1.150000e+00	3.727112e-05
-1.147500e+00	3.729782e-05
-1.145000e+00	3.732460e-05
-1.142500e+00	3.735144e-05
-1.140000e+00	3.737834e-05
-1.137500e+00	3.740532e-05
-1.135000e+00	3.743236e-05
-1.132500e+00	3.745948e-05
-1.130000e+00	3.748666e-05
-1.127500e+00	3.751391e-05
-1.125000e+00	3.754124e-05
-1.122500e+00	3.756863e-05
-1.120000e+00	3.759610e-05
-1.117500e+00	3.762364e-05
-1.115000e+00	3.765126e-05
-1.112500e+00	3.767895e-05
-1.110000e+00	3.770672e-05
-1.107500e+00	3.773456e-05
-1.105000e+00	3.776247e-05
-1.102500e+00	3.779047e-05
-1.100000e+00	3.781854e-05
-1.097500e+00	3.784669e-05
-1.095000e+00	3.787492e-05
-1.092500e+00	3.790323e-05
-1.090000e+00	3.793163e-05
-1.087500e+00	3.796010e-05
-1.085000e+00	3.798866e-05
-1.082500e+00	3.801730e-05
-1.080000e+00	3.804602e-05
-1.077500e+00	3.807483e-05
-1.075000e+00	3.810373e-05
-1.072500e+00	3.813271e-05
-1.070000e+00	3.816178e-05
-1.067500e+00	3.819094e-05
-1.065000e+00	3.822019e-05
-1.062500e+00	3.824953e-05
-1.060000e+00	3.827896e-05
-1.057500e+00	3.830848e-05
-1.055000e+00	3.833810e-05
-1.052500e+00	3.836781e-05
-1.050000e+00	3.839762e-05
-1.047500e+00	3.842752e-05
-1.045000e+00	3.845752e-05
-1.042500e+00	3.848762e-05
-1.040000e+00	3.851782e-05
-1.037500e+00	3.854812e-05
-1.035000e+00	3.857852e-05
-1.032500e+00	3.860903e-05
-1.030000e+00	3.863964e-05
-1.027500e+00	3.867036e-05
-1.025000e+00	3.870118e-05
-1.022500e+00	3.873211e-05
-1.020000e+00	3.876315e-05
-1.017500e+00	3.879430e-05
-1.015000e+00	3.882557e-05
-1.012500e+00	3.885694e-05
-1.010000e+00	3.888843e-05
-1.007500e+00	3.892004e-05
-1.005000e+00	3.895176e-05
-1.002500e+00	3.898361e-05
-1.000000e+00	3.901557e-05
-9.975000e-01	3.904766e-05
-9.950000e-01	3.907987e-05
-9.925000e-01	3.911220e-05
-9.900000e-01	3.914466e-05
-9.875000e-01	3.917725e-05
-9.850000e-01	3.920997e-05
-9.825000e-01	3.924282e-05
-9.800000e-01	3.927581e-05
-9.775000e-01	3.930893e-05
-9.750000e-01	3.934218e-05
-9.725000e-01	3.937558e-05
-9.700000e-01	3.940911e-05
-9.675000e-01	3.944279e-05
-9.650000e-01	3.947661e-05
-9.625000e-01	3.951058e-05
-9.600000e-01	3.954470e-05
-9.575000e-01	3.957896e-05
-9.550000e-01	3.961338e-05
-9.525000e-01	3.964796e-05
-9.500000e-01	3.968269e-05
-9.475000e-01	3.971758e-05
-9.450000e-01	3.975263e-05
-9.425000e-01	3.978784e-05
-9.400000e-01	3.982323e-05
-9.375000e-01	3.985878e-05
-9.350000e-01	3.989450e-05
-9.325000e-01	3.993039e-05
-9.300000e-01	3.996646e-05
-9.275000e-01	4.000271e-05
-9.250000e-01	4.003914e-05
-9.225000e-01	4.007576e-05
-9.200000e-01	4.011256e-05
-9.175000e-01	4.014956e-05
-9.150000e-01	4.018674e-05
-9.125000e-01	4.022413e-05
-9.100000e-01	4.026171e-05
-9.075000e-01	4.029949e-05
-9.050000e-01	4.033748e-05
-9.025000e-01	4.037568e-05
-9.000000e-01	4.041410e-05
-8.975000e-01	4.045273e-05
-8.950000e-01	4.049157e-05
-8.925000e-01	4.053065e-05
-8.900000e-01	4.056994e-05
-8.875000e-01	4.060947e-05
-8.850000e-01	4.064924e-05
-8.825000e-01	4.068924e-05
-8.800000e-01	4.072949e-05
-8.775000e-01	4.076998e-05
-8.750000e-01	4.081073e-05
-8.725000e-01	4.085173e-05
-8.700000e-01	4.089299e-05
-8.675000e-01	4.093452e-05
-8.650000e-01	4.097632e-05
-8.625000e-01	4.101840e-05
-8.600000e-01	4.106075e-05
-8.575000e-01	4.110339e-05
-8.550000e-01	4.114632e-05
-8.525000e-01	4.118955e-05
-8.500000e-01	4.123308e-05
-8.475000e-01	4.127692e-05
-8.450000e-01	4.132107e-05
-8.425000e-01	4.136554e-05
-8.400000e-01	4.141034e-05
-8.375000e-01	4.145547e-05
-8.350000e-01	4.150094e-05
-8.325000e-01	4.154675e-05
-8.300000e-01	4.159292e-05
-8.275000e-01	4.163945e-05
-8.250000e-01	4.168635e-05
-8.225000e-01	4.173362e-05
-8.200000e-01	4.178128e-05
-8.175000e-01	4.182933e-05
-8.150000e-01	4.187778e-05
-8.125000e-01	4.192663e-05
-8.100000e-01	4.197590e-05
-8.075000e-01	4.202560e-05
-8.050000e-01	4.207574e-05
-8.025000e-01	4.212632e-05
-8.000000e-01	4.217736e-05
-7.975000e-01	4.222886e-05
-7.950000e-01	4.228083e-05
-7.925000e-01	4.233330e-05
-7.900000e-01	4.238626e-05
-7.875000e-01	4.243974e-05
-7.850000e-01	4.249373e-05
-7.825000e-01	4.254826e-05
-7.800000e-01	4.260334e-05
-7.775000e-01	4.265898e-05
-7.750000e-01	4.271519e-05
-7.725000e-01	4.277199e-05
-7.700000e-01	4.282939e-05
-7.675000e-01	4.288741e-05
-7.650000e-01	4.294607e-05
-7.625000e-01	4.300537e-05
-7.600000e-01	4.306534e-05
-7.575000e-01	4.312600e-05
-7.550000e-01	4.318736e-05
-7.525000e-01	4.324944e-05
-7.500000e-01	4.331225e-05
-7.475000e-01	4.337583e-05
-7.450000e-01	4.344019e-05
-7.425000e-01	4.350535e-05
-7.400000e-01	4.357134e-05
-7.375000e-01	4.363817e-05
-7.350000e-01	4.370587e-05
-7.325000e-01	4.377448e-05
-7.300000e-01	4.384400e-05
-7.275000e-01	4.391447e-05
-7.250000e-01	4.398592e-05
-7.225000e-01	4.405838e-05
-7.200000e-01	4.413188e-05
-7.175000e-01	4.420644e-05
-7.150000e-01	4.428211e-05
-7.125000e-01	4.435891e-05
-7.100000e-01	4.443688e-05
-7.075000e-01	4.451607e-05
-7.050000e-01	4.459650e-05
-7.025000e-01	4.467821e-05
-7.000000e-01	4.476126e-05
-6.975000e-01	4.484569e-05
-6.950000e-01	4.493154e-05
-6.925000e-01	4.501885e-05
-6.900000e-01	4.510769e-05
-6.875000e-01	4.519810e-05
-6.850000e-01	4.529014e-05
-6.825000e-01	4.538387e-05
-6.800000e-01	4.547934e-05
-6.775000e-01	4.557663e-05
-6.750000e-01	4.567579e-05
-6.725000e-01	4.577691e-05
-6.700000e-01	4.588004e-05
-6.675000e-01	4.598528e-05
-6.650000e-01	4.609270e-05
-6.625000e-01	4.620239e-05
-6.600000e-01	4.631444e-05
-6.575000e-01	4.642895e-05
-6.550000e-01	4.654601e-05
-6.525000e-01	4.666574e-05
-6.500000e-01	4.678824e-05
-6.475000e-01	4.691363e-05
-6.450000e-01	4.704205e-05
-6.425000e-01	4.717362e-05
-6.400000e-01	4.730849e-05
-6.375000e-01	4.744680e-05
-6.350000e-01	4.758871e-05
-6.325000e-01	4.773440e-05
-6.300000e-01	4.788403e-05
-6.275000e-01	4.803782e-05
-6.250000e-01	4.819595e-05
-6.225000e-01	4.835864e-05
-6.200000e-01	4.852614e-05
-6.175000e-01	4.869868e-05
-6.150000e-01	4.887653e-05
-6.125000e-01	4.905997e-05
-6.100000e-01	4.924932e-05
-6.075000e-01	4.944490e-05
-6.050000e-01	4.964706e-05
-6.025000e-01	4.985618e-05
-6.000000e-01	5.007268e-05
-5.975000e-01	5.029698e-05
-5.950000e-01	5.052959e-05
-5.925000e-01	5.077100e-05
-5.900000e-01	5.102179e-05
-5.875000e-01	5.128256e-05
-5.850000e-01	5.155399e-05
-5.825000e-01	5.183679e-05
-5.800000e-01	5.213177e-05
-5.775000e-01	5.243980e-05
-5.750000e-01	5.276182e-05
-5.725000e-01	5.309889e-05
-5.700000e-01	5.345218e-05
-5.675000e-01	5.382296e-05
-5.650000e-01	5.421265e-05
-5.625000e-01	5.462283e-05
-5.600000e-01	5.505526e-05
-5.575000e-01	5.551192e-05
-5.550000e-01	5.599499e-05
-5.525000e-01	5.650698e-05
-5.500000e-01	5.705069e-05
-5.475000e-01	5.762929e-05
-5.450000e-01	5.824641e-05
-5.425000e-01	5.890619e-05
-5.400000e-01	5.961339e-05
-5.375000e-01	6.037349e-05
-5.350000e-01	6.119289e-05
-5.325000e-01	6.207900e-05
-5.300000e-01	6.304058e-05
-5.275000e-01	6.408795e-05
-5.250000e-01	6.523341e-05
-5.225000e-01	6.649171e-05
-5.200000e-01	6.788070e-05
-5.175000e-01	6.942217e-05
-5.150000e-01	7.114298e-05
-5.125000e-01	7.307660e-05
-5.100000e-01	7.526521e-05
-5.075000e-01	7.776266e-05
-5.050000e-01	8.063857e-05
-5.025000e-01	8.398432e-05
-5.000000e-01	8.792152e-05
-4.975000e-01	9.261444e-05
-4.950000e-01	9.828773e-05
-4.925000e-01	1.052510e-04
-4.900000e-01	1.139294e-04
-4.875000e-01	1.248894e-04
-4.850000e-01	1.388215e-04
-4.825000e-01	1.563768e-04
-4.800000e-01	1.777177e-04
-4.775000e-01	2.019422e-04
-4.750000e-01	2.272358e-04
-4.725000e-01	2.516851e-04
-4.700000e-01	2.732122e-04
-4.675000e-01	2.905973e-04
-4.650000e-01	3.053340e-04
-4.625000e-01	3.198549e-04
-4.600000e-01	3.348302e-04
-4.575000e-01	3.484047e-04
-4.550000e-01	3.580945e-04
-4.525000e-01	3.627169e-04
-4.500000e-01	3.639293e-04
-4.475000e-01	3.674432e-04
-4.450000e-01	3.780780e-04
-4.425000e-01	3.939185e-04
-4.400000e-01	4.077354e-04
-4.375000e-01	4.135549e-04
-4.350000e-01	4.103356e-04
-4.325000e-01	4.028238e-04
-4.300000e-01	3.990863e-04
-4.275000e-01	4.034247e-04
-4.250000e-01	4.138216e-04
-4.225000e-01	4.260688e-04
-4.200000e-01	4.369750e-04
-4.175000e-01	4.443854e-04
-4.150000e-01	4.470795e-04
-4.125000e-01	4.453087e-04
-4.100000e-01	4.412505e-04
-4.075000e-01	4.366467e-04
-4.050000e-01	4.314491e-04
-4.025000e-01	4.271163e-04
-4.000000e-01	4.287300e-04
-3.975000e-01	4.399239e-04
-3.950000e-01	4.584317e-04
-3.925000e-01	4.768877e-04
-3.900000e-01	4.858866e-04
-3.875000e-01	4.813022e-04
-3.850000e-01	4.686575e-04
-3.825000e-01	4.545762e-04
-3.800000e-01	4.417788e-04
-3.775000e-01	4.340665e-04
-3.750000e-01	4.363664e-04
-3.725000e-01	4.497864e-04
-3.700000e-01	4.698644e-04
-3.675000e-01	4.878582e-04
-3.650000e-01	4.955987e-04
-3.625000e-01	4.917183e-04
-3.600000e-01	4.826866e-04
-3.575000e-01	4.757272e-04
-3.550000e-01	4.715492e-04
-3.525000e-01	4.665639e-04
-3.500000e-01	4.596033e-04
-3.475000e-01	4.544649e-04
-3.450000e-01	4.551716e-04
-3.425000e-01	4.615957e-04
-3.400000e-01	4.712621e-04
-3.375000e-01	4.818216e-04
-3.350000e-01	4.917970e-04
-3.325000e-01	5.003894e-04
-3.300000e-01	5.051571e-04
-3.275000e-01	5.004395e-04
-3.250000e-01	4.842312e-04
-3.225000e-01	4.643239e-04
-3.200000e-01	4.503302e-04
-3.175000e-01	4.456973e-04
-3.150000e-01	4.501204e-04
-3.125000e-01	4.625961e-04
-3.100000e-01	4.796709e-04
-3.075000e-01	4.956324e-04
-3.050000e-01	5.051934e-04
-3.025000e-01	5.049971e-04
-3.000000e-01	4.950870e-04
-2.975000e-01	4.802171e-04
-2.950000e-01	4.681349e-04
-2.925000e-01	4.629248e-04
-2.900000e-01	4.615289e-04
-2.875000e-01	4.593284e-04
-2.850000e-01	4.573546e-04
-2.825000e-01	4.603957e-04
-2.800000e-01	4.691956e-04
-2.775000e-01	4.791501e-04
-2.750000e-01	4.862678e-04
-2.725000e-01	4.898279e-04
-2.700000e-01	4.892494e-04
-2.675000e-01	4.842320e-04
-2.650000e-01	4.749195e-04
-2.625000e-01	4.609779e-04
-2.600000e-01	4.460997e-04
-2.575000e-01	4.380498e-04
-2.550000e-01	4.413722e-04
-2.525000e-01	4.537259e-04
-2.500000e-01	4.680575e-04
-2.475000e-01	4.775194e-04
-2.450000e-01	4.797392e-04
-2.425000e-01	4.758609e-04
-2.400000e-01	4.678607e-04
-2.375000e-01	4.581781e-04
-2.350000e-01	4.490276e-04
-2.325000e-01	4.419909e-04
-2.300000e-01	4.377594e-04
-2.275000e-01	4.360414e-04
-2.250000e-01	4.372519e-04
-2.225000e-01	4.422586e-04
-2.200000e-01	4.499509e-04
-2.175000e-01	4.567951e-04
-2.150000e-01	4.585882e-04
-2.125000e-01	4.534838e-04
-2.100000e-01	4.432821e-04
-2.075000e-01	4.315891e-04
-2.050000e-01	4.216404e-04
-2.025000e-01	4.161069e-04
-2.000000e-01	4.165363e-04
-1.975000e-01	4.216262e-04
-1.950000e-01	4.273155e-04
-1.925000e-01	4.304456e-04
-1.900000e-01	4.307922e-04
-1.875000e-01	4.284039e-04
-1.850000e-01	4.222680e-04
-1.825000e-01	4.127594e-04
-1.800000e-01	4.027100e-04
-1.775000e-01	3.955458e-04
-1.750000e-01	3.933314e-04
-1.725000e-01	3.957344e-04
-1.700000e-01	3.998126e-04
-1.675000e-01	4.019794e-04
-1.650000e-01	4.008155e-04
-1.625000e-01	3.963151e-04
-1.600000e-01	3.885759e-04
-1.575000e-01	3.791328e-04
-1.550000e-01	3.708570e-04
-1.525000e-01	3.659816e-04
-1.500000e-01	3.649687e-04
-1.475000e-01	3.661760e-04
-1.450000e-01	3.669754e-04
-1.425000e-01	3.651965e-04
-1.400000e-01	3.599642e-04
-1.375000e-01	3.520067e-04
-1.350000e-01	3.431810e-04
-1.325000e-01	3.358328e-04
-1.300000e-01	3.318894e-04
-1.275000e-01	3.315742e-04
-1.250000e-01	3.335184e-04
-1.225000e-01	3.361196e-04
-1.200000e-01	3.383894e-04
-1.175000e-01	3.397747e-04
-1.150000e-01	3.407954e-04
-1.125000e-01	3.438576e-04
-1.100000e-01	3.512822e-04
-1.075000e-01	3.622416e-04
-1.050000e-01	3.727275e-04
-1.025000e-01	3.790259e-04
-1.000000e-01	3.806829e-04
-9.750000e-02	3.803271e-04
-9.500000e-02	3.813729e-04
-9.250000e-02	3.852786e-04
-9.000000e-02	3.901173e-04
-8.750000e-02	3.922128e-04
-8.500000e-02	3.900418e-04
-8.250000e-02	3.858294e-04
-8.000000e-02	3.821938e-04
-7.750000e-02	3.793453e-04
-7.500000e-02	3.757968e-04
-7.250000e-02	3.701331e-04
-7.000000e-02	3.620880e-04
-6.750000e-02	3.525118e-04
-6.500000e-02	3.427498e-04
-6.250000e-02	3.336178e-04
-6.000000e-02	3.251695e-04
-5.750000e-02	3.175034e-04
-5.500000e-02	3.110650e-04
-5.250000e-02	3.062834e-04
-5.000000e-02	3.030438e-04
-4.750000e-02	3.005008e-04
-4.500000e-02	2.978091e-04
-4.250000e-02	2.949641e-04
-4.000000e-02	2.922990e-04
-3.750000e-02	2.895617e-04
-3.500000e-02	2.862693e-04
-3.250000e-02	2.824034e-04
-3.000000e-02	2.780755e-04
-2.750000e-02	2.730758e-04
-2.500000e-02	2.672130e-04
-2.250000e-02	2.604944e-04
-2.000000e-02	2.528253e-04
-1.750000e-02	2.440451e-04
-1.500000e-02	2.340583e-04
-1.250000e-02	2.227388e-04
-1.000000e-02	2.099777e-04
-7.500000e-03	1.957556e-04
-5.000000e-03	1.802426e-04
-2.500000e-03	1.639746e-04
-6.394885e-14	1.479415e-04
2.500000e-03	1.333278e-04
5.000000e-03	1.209478e-04
7.500000e-03	1.109561e-04
1.000000e-02	1.030531e-04
1.250000e-02	9.680384e-05
1.500000e-02	9.181215e-05
1.750000e-02	8.776829e-05
2.000000e-02	8.444313e-05
2.250000e-02	8.166988e-05
2.500000e-02	7.932680e-05
2.750000e-02	7.732411e-05
3.000000e-02	7.559470e-05
3.250000e-02	7.408765e-05
3.500000e-02	7.276377e-05
3.750000e-02	7.159249e-05
4.000000e-02	7.054962e-05
4.250000e-02	6.961582e-05
4.500000e-02	6.877545e-05
4.750000e-02	6.801571e-05
5.000000e-02	6.732607e-05
5.250000e-02	6.669773e-05
5.500000e-02	6.612334e-05
5.750000e-02	6.559668e-05
6.000000e-02	6.511245e-05
6.250000e-02	6.466612e-05
6.500000e-02	6.425379e-05
6.750000e-02	6.387209e-05
7.000000e-02	6.351807e-05
7.250000e-02	6.318916e-05
7.500000e-02	6.288311e-05
7.750000e-02	6.259792e-05
8.000000e-02	6.233184e-05
8.250000e-02	6.208329e-05
8.500000e-02	6.185088e-05
8.750000e-02	6.163336e-05
9.000000e-02	6.142960e-05
9.250000e-02	6.123861e-05
9.500000e-02	6.105946e-05
9.750000e-02	6.089134e-05
1.000000e-01	6.073349e-05
1.025000e-01	6.058524e-05
1.050000e-01	6.044596e-05
1.075000e-01	6.031510e-05
1.100000e-01	6.019212e-05
1.125000e-01	6.007656e-05
1.150000e-01	5.996798e-05
1.175000e-01	5.986598e-05
1.200000e-01	5.977018e-05
1.225000e-01	5.968025e-05
1.250000e-01	5.959587e-05
1.275000e-01	5.951674e-05
1.300000e-01	5.944260e-05
1.325000e-01	5.937319e-05
1.350000e-01	5.930828e-05
1.375000e-01	5.924764e-05
1.400000e-01	5.919107e-05
1.425000e-01	5.913839e-05
1.450000e-01	5.908941e-05
1.475000e-01	5.904397e-05
1.500000e-01	5.900191e-05
1.525000e-01	5.896308e-05
1.550000e-01	5.892736e-05
1.575000e-01	5.889460e-05
1.600000e-01	5.886468e-05
1.625000e-01	5.883750e-05
1.650000e-01	5.881295e-05
1.675000e-01	5.879092e-05
1.700000e-01	5.877131e-05
1.725000e-01	5.875404e-05
1.750000e-01	5.873902e-05
1.775000e-01	5.872618e-05
1.800000e-01	5.871542e-05
1.825000e-01	5.870669e-05
1.850000e-01	5.869991e-05
1.875000e-01	5.869502e-05
1.900000e-01	5.869195e-05
1.925000e-01	5.869065e-05
1.950000e-01	5.869106e-05
1.975000e-01	5.869313e-05
2.000000e-01	5.869681e-05
2.025000e-01	5.870205e-05
2.050000e-01	5.870880e-05
2.075000e-01	5.871702e-05
2.100000e-01	5.872668e-05
2.125000e-01	5.873772e-05
2.150000e-01	5.875012e-05
2.175000e-01	5.876383e-05
2.200000e-01	5.877882e-05
2.225000e-01	5.879507e-05
2.250000e-01	5.881253e-05
2.275000e-01	5.883119e-05
2.300000e-01	5.885100e-05
2.325000e-01	5.887195e-05
2.350000e-01	5.889400e-05
2.375000e-01	5.891714e-05
2.400000e-01	5.894133e-05
2.425000e-01	5.896656e-05
2.450000e-01	5.899281e-05
2.475000e-01	5.902005e-05
2.500000e-01	5.904826e-05
2.525000e-01	5.907743e-05
2.550000e-01	5.910753e-05
2.575000e-01	5.913856e-05
2.600000e-01	5.917048e-05
2.625000e-01	5.920329e-05
2.650000e-01	5.923698e-05
2.675000e-01	5.927151e-05
2.700000e-01	5.930689e-05
2.725000e-01	5.934310e-05
2.750000e-01	5.938013e-05
2.775000e-01	5.941796e-05
2.800000e-01	5.945658e-05
2.825000e-01	5.949598e-05
2.850000e-01	5.953615e-05
2.875000e-01	5.957708e-05
2.900000e-01	5.961875e-05
2.925000e-01	5.966117e-05
2.950000e-01	5.970432e-05
2.975000e-01	5.974819e-05
3.000000e-01	5.979278e-05
3.025000e-01	5.983807e-05
3.050000e-01	5.988406e-05
3.075000e-01	5.993074e-05
3.100000e-01	5.997811e-05
3.125000e-01	6.002615e-05
3.150000e-01	6.007487e-05
3.175000e-01	6.012425e-05
3.200000e-01	6.017430e-05
3.225000e-01	6.022500e-05
3.250000e-01	6.027635e-05
3.275000e-01	6.032834e-05
3.300000e-01	6.038098e-05
3.325000e-01	6.043426e-05
3.350000e-01	6.048816e-05
3.375000e-01	6.054270e-05
3.400000e-01	6.059786e-05
3.425000e-01	6.065365e-05
3.450000e-01	6.071005e-05
3.475000e-01	6.076708e-05
3.500000e-01	6.082471e-05
3.525000e-01	6.088296e-05
3.550000e-01	6.094182e-05
3.575000e-01	6.100129e-05
3.600000e-01	6.106136e-05
3.625000e-01	6.112203e-05
3.650000e-01	6.118331e-05
3.675000e-01	6.124520e-05
3.700000e-01	6.130768e-05
3.725000e-01	6.137076e-05
3.750000e-01	6.143444e-05
3.775000e-01	6.149872e-05
3.800000e-01	6.156360e-05
3.825000e-01	6.162908e-05
3.850000e-01	6.169515e-05
3.875000e-01	6.176183e-05
3.900000e-01	6.182910e-05
3.925000e-01	6.189697e-05
3.950000e-01	6.196544e-05
3.975000e-01	6.203451e-05
4.000000e-01	6.210419e-05
4.025000e-01	6.217446e-05
4.050000e-01	6.224534e-05
4.075000e-01	6.231682e-05
4.100000e-01	6.238891e-05
4.125000e-01	6.246161e-05
4.150000e-01	6.253492e-05
4.175000e-01	6.260884e-05
4.200000e-01	6.268337e-05
4.225000e-01	6.275852e-05
4.250000e-01	6.283429e-05
4.275000e-01	6.291067e-05
4.300000e-01	6.298769e-05
4.325000e-01	6.306532e-05
4.350000e-01	6.314359e-05
4.375000e-01	6.322249e-05
4.400000e-01	6.330203e-05
4.425000e-01	6.338220e-05
4.450000e-01	6.346302e-05
4.475000e-01	6.354448e-05
4.500000e-01	6.362659e-05
4.525000e-01	6.370936e-05
4.550000e-01	6.379278e-05
4.575000e-01	6.387687e-05
4.600000e-01	6.396162e-05
4.625000e-01	6.404704e-05
4.650000e-01	6.413314e-05
4.675000e-01	6.421992e-05
4.700000e-01	6.430738e-05
4.725000e-01	6.439553e-05
4.750000e-01	6.448438e-05
4.775000e-01	6.457393e-05
4.800000e-01	6.466419e-05
4.825000e-01	6.475515e-05
4.850000e-01	6.484684e-05
4.875000e-01	6.493925e-05
4.900000e-01	6.503239e-05
4.925000e-01	6.512626e-05
4.950000e-01	6.522088e-05
4.975000e-01	6.531625e-05
5.000000e-01	6.541237e-05
5.025000e-01	6.550926e-05
5.050000e-01	6.560692e-05
5.075000e-01	6.570536e-05
5.100000e-01	6.580458e-05
5.125000e-01	6.590459e-05
5.150000e-01	6.600541e-05
5.175000e-01	6.610703e-05
5.200000e-01	6.620948e-05
5.225000e-01	6.631275e-05
5.250000e-01	6.641685e-05
5.275000e-01	6.652180e-05
5.300000e-01	6.662760e-05
5.325000e-01	6.673426e-05
5.350000e-01	6.684179e-05
5.375000e-01	6.695021e-05
5.400000e-01	6.705952e-05
5.425000e-01	6.716972e-05
5.450000e-01	6.728084e-05
5.475000e-01	6.739288e-05
5.500000e-01	6.750586e-05
5.525000e-01	6.761978e-05
5.550000e-01	6.773465e-05
5.575000e-01	6.785050e-05
5.600000e-01	6.796732e-05
5.625000e-01	6.808513e-05
5.650000e-01	6.820395e-05
5.675000e-01	6.832378e-05
5.700000e-01	6.844465e-05
5.725000e-01	6.856655e-05
5.750000e-01	6.868952e-05
5.775000e-01	6.881355e-05
5.800000e-01	6.893867e-05
5.825000e-01	6.906488e-05
5.850000e-01	6.919221e-05
5.875000e-01	6.932067e-05
5.900000e-01	6.945028e-05
5.925000e-01	6.958104e-05
5.950000e-01	6.971298e-05
5.975000e-01	6.984611e-05
6.000000e-01	6.998045e-05
6.025000e-01	7.011602e-05
6.050000e-01	7.025283e-05
6.075000e-01	7.039091e-05
6.100000e-01	7.053027e-05
6.125000e-01	7.067093e-05
6.150000e-01	7.081290e-05
6.175000e-01	7.095622e-05
6.200000e-01	7.110090e-05
6.225000e-01	7.124695e-05
6.250000e-01	7.139441e-05
6.275000e-01	7.154329e-05
6.300000e-01	7.169362e-05
6.325000e-01	7.184541e-05
6.350000e-01	7.199870e-05
6.375000e-01	7.215350e-05
6.400000e-01	7.230984e-05
6.425000e-01	7.246774e-05
6.450000e-01	7.262724e-05
6.475000e-01	7.278835e-05
6.500000e-01	7.295110e-05
6.525000e-01	7.311552e-05
6.550000e-01	7.328164e-05
6.575000e-01	7.344949e-05
6.600000e-01	7.361910e-05
6.625000e-01	7.379049e-05
6.650000e-01	7.396369e-05
6.675000e-01	7.413875e-05
6.700000e-01	7.431569e-05
6.725000e-01	7.449454e-05
6.750000e-01	7.467534e-05
6.775000e-01	7.485813e-05
6.800000e-01	7.504294e-05
6.825000e-01	7.522980e-05
6.850000e-01	7.541876e-05
6.875000e-01	7.560985e-05
6.900000e-01	7.580311e-05
6.925000e-01	7.599859e-05
6.950000e-01	7.619632e-05
6.975000e-01	7.639635e-05
7.000000e-01	7.659872e-05
7.025000e-01	7.680349e-05
7.050000e-01	7.701068e-05
7.075000e-01	7.722036e-05
7.100000e-01	7.743257e-05
7.125000e-01	7.764736e-05
7.150000e-01	7.786478e-05
7.175000e-01	7.808489e-05
7.200000e-01	7.830774e-05
7.225000e-01	7.853339e-05
7.250000e-01	7.876189e-05
7.275000e-01	7.899331e-05
7.300000e-01	7.922771e-05
7.325000e-01	7.946514e-05
7.350000e-01	7.970568e-05
7.375000e-01	7.994939e-05
7.400000e-01	8.019634e-05
7.425000e-01	8.044659e-05
7.450000e-01	8.070023e-05
7.475000e-01	8.095733e-05
7.500000e-01	8.121796e-05
7.525000e-01	8.148221e-05
7.550000e-01	8.175015e-05
7.575000e-01	8.202188e-05
7.600000e-01	8.229747e-05
7.625000e-01	8.257702e-05
7.650000e-01	8.286062e-05
7.675000e-01	8.314837e-05
7.700000e-01	8.344036e-05
7.725000e-01	8.373670e-05
7.750000e-01	8.403750e-05
7.775000e-01	8.434285e-05
7.800000e-01	8.465288e-05
7.825000e-01	8.496770e-05
7.850000e-01	8.528743e-05
7.875000e-01	8.561220e-05
7.900000e-01	8.594212e-05
7.925000e-01	8.627735e-05
7.950000e-01	8.661800e-05
7.975000e-01	8.696423e-05
8.000000e-01	8.731618e-05
8.025000e-01	8.767400e-05
8.050000e-01	8.803786e-05
8.075000e-01	8.840791e-05
8.100000e-01	8.878433e-05
8.125000e-01	8.916729e-05
8.150000e-01	8.955697e-05
8.175000e-01	8.995356e-05
8.200000e-01	9.035726e-05
8.225000e-01	9.076828e-05
8.250000e-01	9.118681e-05
8.275000e-01	9.161310e-05
8.300000e-01	9.204735e-05
8.325000e-01	9.248981e-05
8.350000e-01	9.294073e-05
8.375000e-01	9.340036e-05
8.400000e-01	9.386897e-05
8.425000e-01	9.434685e-05
8.450000e-01	9.483427e-05
8.475000e-01	9.533154e-05
8.500000e-01	9.583898e-05
8.525000e-01	9.635691e-05
8.550000e-01	9.688568e-05
8.575000e-01	9.742564e-05
8.600000e-01	9.797717e-05
8.625000e-01	9.854066e-05
8.650000e-01	9.911651e-05
8.675000e-01	9.970516e-05
8.700000e-01	1.003070e-04
8.725000e-01	1.009226e-04
8.750000e-01	1.015524e-04
8.775000e-01	1.021969e-04
8.800000e-01	1.028566e-04
8.825000e-01	1.035321e-04
8.850000e-01	1.042240e-04
8.875000e-01	1.049330e-04
8.900000e-01	1.056596e-04
8.925000e-01	1.064045e-04
8.950000e-01	1.071685e-04
8.975000e-01	1.079524e-04
9.000000e-01	1.087568e-04
9.025000e-01	1.095828e-04
9.050000e-01	1.104310e-04
9.075000e-01	1.113026e-04
9.100000e-01	1.121984e-04
9.125000e-01	1.131196e-04
9.150000e-01	1.140672e-04
9.175000e-01	1.150424e-04
9.200000e-01	1.160464e-04
9.225000e-01	1.170805e-04
9.250000e-01	1.181461e-04
9.275000e-01	1.192448e-04
9.300000e-01	1.203780e-04
9.325000e-01	1.215475e-04
9.350000e-01	1.227550e-04
9.375000e-01	1.240024e-04
9.400000e-01	1.252917e-04
9.425000e-01	1.266250e-04
9.450000e-01	1.280048e-04
9.475000e-01	1.294333e-04
9.500000e-01	1.309134e-04
9.525000e-01	1.324477e-04
9.550000e-01	1.340394e-04
9.575000e-01	1.356916e-04
9.600000e-01	1.374079e-04
9.625000e-01	1.391921e-04
9.650000e-01	1.410483e-04
9.675000e-01	1.429807e-04
9.700000e-01	1.449943e-04
9.725000e-01	1.470941e-04
9.750000e-01	1.492858e-04
9.775000e-01	1.515754e-04
9.800000e-01	1.539695e-04
9.825000e-01	1.564754e-04
9.850000e-01	1.591010e-04
9.875000e-01	1.618548e-04
9.900000e-01	1.647464e-04
9.925000e-01	1.677861e-04
9.950000e-01	1.709855e-04
9.975000e-01	1.743570e-04
1.000000e+00	1.779147e-04
1.002500e+00	1.816742e-04
1.005000e+00	1.856525e-04
1.007500e+00	1.898689e-04
1.010000e+00	1.943449e-04
1.012500e+00	1.991044e-04
1.015000e+00	2.041746e-04
1.017500e+00	2.095859e-04
1.020000e+00	2.153728e-04
1.022500e+00	2.215745e-04
1.025000e+00	2.282358e-04
1.027500e+00	2.354078e-04
1.030000e+00	2.431495e-04
1.032500e+00	2.515287e-04
1.035000e+00	2.606246e-04
1.037500e+00	2.705291e-04
1.040000e+00	2.813505e-04
1.042500e+00	2.932163e-04
1.045000e+00	3.062780e-04
1.047500e+00	3.207170e-04
1.050000e+00	3.367517e-04
1.052500e+00	3.546473e-04
1.055000e+00	3.747287e-04
1.057500e+00	3.973974e-04
1.060000e+00	4.231546e-04
1.062500e+00	4.526329e-04
1.065000e+00	4.866395e-04
1.067500e+00	5.262179e-04
1.070000e+00	5.727346e-04
1.072500e+00	6.280046e-04
1.075000e+00	6.944734e-04
1.077500e+00	7.754840e-04
1.080000e+00	8.756658e-04
1.082500e+00	1.001489e-03
1.085000e+00	1.162000e-03
1.087500e+00	1.369613e-03
1.090000e+00	1.640289e-03
1.092500e+00	1.990943e-03
1.095000e+00	2.428785e-03
1.097500e+00	2.926374e-03
1.100000e+00	3.397255e-03
1.102500e+00	3.737994e-03
1.105000e+00	3.944624e-03
1.107500e+00	4.115004e-03
1.110000e+00	4.293050e-03
1.112500e+00	4.387924e-03
1.115000e+00	4.293350e-03
1.117500e+00	4.055995e-03
1.120000e+00	3.829571e-03
1.122500e+00	3.714954e-03
1.125000e+00	3.705832e-03
1.127500e+00	3.736601e-03
1.130000e+00	3.775419e-03
1.132500e+00	3.853814e-03
1.135000e+00	3.979073e-03
1.137500e+00	4.067717e-03
1.140000e+00	4.021711e-03
1.142500e+00	3.863818e-03
1.145000e+00	3.709103e-03
1.147500e+00	3.620199e-03
1.150000e+00	3.549643e-03
1.152500e+00	3.408666e-03
1.155000e+00	3.188209e-03
1.157500e+00	2.972203e-03
1.160000e+00	2.847018e-03
1.162500e+00	2.857942e-03
1.165000e+00	3.021686e-03
1.167500e+00	3.334294e-03
1.170000e+00	3.748038e-03
1.172500e+00	4.130655e-03
1.175000e+00	4.293932e-03
1.177500e+00	4.162232e-03
1.180000e+00	3.865464e-03
1.182500e+00	3.582852e-03
1.185000e+00	3.387150e-03
1.187500e+00	3.235027e-03
1.190000e+00	3.047866e-03
1.192500e+00	2.813648e-03
1.195000e+00	2.593983e-03
1.197500e+00	2.451306e-03
1.200000e+00	2.416408e-03
1.202500e+00	2.500422e-03
1.205000e+00	2.705538e-03
1.207500e+00	3.015822e-03
1.210000e+00	3.368429e-03
1.212500e+00	3.642387e-03
1.215000e+00	3.740691e-03
1.217500e+00	3.702661e-03
1.220000e+00	3.645975e-03
1.222500e+00	3.617961e-03
1.225000e+00	3.567755e-03
1.227500e+00	3.451676e-03
1.230000e+00	3.315351e-03
1.232500e+00	3.229560e-03
1.235000e+00	3.196374e-03
1.237500e+00	3.145903e-03
1.240000e+00	3.023865e-03
1.242500e+00	2.866013e-03
1.245000e+00	2.749923e-03
1.247500e+00	2.713762e-03
1.250000e+00	2.737252e-03
1.252500e+00	2.775046e-03
1.255000e+00	2.813006e-03
1.257500e+00	2.871501e-03
1.260000e+00	2.939939e-03
1.262500e+00	2.950336e-03
1.265000e+00	2.852919e-03
1.267500e+00	2.692384e-03
1.270000e+00	2.561385e-03
1.272500e+00	2.525521e-03
1.275000e+00	2.613171e-03
1.277500e+00	2.829506e-03
1.280000e+00	3.151520e-03
1.282500e+00	3.502933e-03
1.285000e+00	3.761038e-03
1.287500e+00	3.859668e-03
1.290000e+00	3.870044e-03
1.292500e+00	3.895418e-03
1.295000e+00	3.927769e-03
1.297500e+00	3.849705e-03
1.300000e+00	3.581863e-03
1.302500e+00	3.188466e-03
1.305000e+00	2.796403e-03
1.307500e+00	2.489936e-03
1.310000e+00	2.297669e-03
1.312500e+00	2.220058e-03
1.315000e+00	2.247633e-03
1.317500e+00	2.358807e-03
1.320000e+00	2.501558e-03
1.322500e+00	2.587116e-03
1.325000e+00	2.546506e-03
1.327500e+00	2.405840e-03
1.330000e+00	2.254122e-03
1.332500e+00	2.161424e-03
1.335000e+00	2.159443e-03
1.337500e+00	2.261160e-03
1.340000e+00	2.475882e-03
1.342500e+00	2.808845e-03
1.345000e+00	3.243872e-03
1.347500e+00	3.717567e-03
1.350000e+00	4.128422e-03
1.352500e+00	4.400627e-03
1.355000e+00	4.496575e-03
1.357500e+00	4.386033e-03
1.360000e+00	4.099718e-03
1.362500e+00	3.740086e-03
1.365000e+00	3.401675e-03
1.367500e+00	3.114608e-03
1.370000e+00	2.849082e-03
1.372500e+00	2.580922e-03
1.375000e+00	2.334783e-03
1.377500e+00	2.151207e-03
1.380000e+00	2.052775e-03
1.382500e+00	2.046172e-03
1.385000e+00	2.131967e-03
1.387500e+00	2.303192e-03
1.390000e+00	2.528514e-03
1.392500e+00	2.732771e-03
1.395000e+00	2.825611e-03
1.397500e+00	2.793680e-03
1.400000e+00	2.722659e-03
1.402500e+00	2.702613e-03
1.405000e+00	2.755738e-03
1.407500e+00	2.827937e-03
1.410000e+00	2.830801e-03
1.412500e+00	2.734558e-03
1.415000e+00	2.605158e-03
1.417500e+00	2.531327e-03
1.420000e+00	2.566876e-03
1.422500e+00	2.732090e-03
1.425000e+00	3.020004e-03
1.427500e+00	3.378062e-03
1.430000e+00	3.689275e-03
1.432500e+00	3.828960e-03
1.435000e+00	3.776931e-03
1.437500e+00	3.603255e-03
1.440000e+00	3.378486e-03
1.442500e+00	3.169520e-03
1.445000e+00	3.031629e-03
1.447500e+00	2.963176e-03
1.450000e+00	2.900674e-03
1.452500e+00	2.784690e-03
1.455000e+00	2.633478e-03
1.457500e+00	2.518519e-03
1.460000e+00	2.497136e-03
1.462500e+00	2.593188e-03
1.465000e+00	2.801504e-03
1.467500e+00	3.080731e-03
1.470000e+00	3.348131e-03
1.472500e+00	3.510098e-03
1.475000e+00	3.512545e-03
1.477500e+00	3.362550e-03
1.480000e+00	3.101042e-03
1.482500e+00	2.777115e-03
1.485000e+00	2.447984e-03
1.487500e+00	2.163215e-03
1.490000e+00	1.949888e-03
1.492500e+00	1.814570e-03
1.495000e+00	1.754236e-03
1.497500e+00	1.765786e-03
1.500000e+00	1.850378e-03
1.502500e+00	2.013122e-03
1.505000e+00	2.256720e-03
1.507500e+00	2.564185e-03
1.510000e+00	2.873310e-03
1.512500e+00	3.084070e-03
1.515000e+00	3.147936e-03
1.517500e+00	3.137593e-03
1.520000e+00	3.171572e-03
1.522500e+00	3.311491e-03
1.525000e+00	3.529724e-03
1.527500e+00	3.728900e-03
1.530000e+00	3.831668e-03
1.532500e+00	3.871064e-03
1.535000e+00	3.922356e-03
1.537500e+00	3.967154e-03
1.540000e+00	3.889914e-03
1.542500e+00	3.628919e-03
1.545000e+00	3.271761e-03
1.547500e+00	2.954410e-03
1.550000e+00	2.757048e-03
1.552500e+00	2.702555e-03
1.555000e+00	2.780222e-03
1.557500e+00	2.943534e-03
1.560000e+00	3.094577e-03
1.562500e+00	3.115845e-03
1.565000e+00	2.961101e-03
1.567500e+00	2.680023e-03
1.570000e+00	2.357358e-03
1.572500e+00	2.063918e-03
1.575000e+00	1.835624e-03
1.577500e+00	1.678716e-03
1.580000e+00	1.586595e-03
1.582500e+00	1.551636e-03
1.585000e+00	1.570342e-03
1.587500e+00	1.644756e-03
1.590000e+00	1.782092e-03
1.592500e+00	1.993019e-03
1.595000e+00	2.285557e-03
1.597500e+00	2.648165e-03
1.600000e+00	3.022375e-03
1.602500e+00	3.304251e-03
1.605000e+00	3.432023e-03
1.607500e+00	3.464612e-03
1.610000e+00	3.501673e-03
1.612500e+00	3.576122e-03
1.615000e+00	3.672998e-03
1.617500e+00	3.796150e-03
1.620000e+00	3.938837e-03
1.622500e+00	4.014342e-03
1.625000e+00	3.917712e-03
1.627500e+00	3.671665e-03
1.630000e+00	3.410004e-03
1.632500e+00	3.234467e-03
1.635000e+00	3.151003e-03
1.637500e+00	3.095923e-03
1.640000e+00	3.013692e-03
1.642500e+00	2.921072e-03
1.645000e+00	2.866390e-03
1.647500e+00	2.852317e-03
1.650000e+00	2.832103e-03
1.652500e+00	2.777325e-03
1.655000e+00	2.713380e-03
1.657500e+00	2.664210e-03
1.660000e+00	2.612814e-03
1.662500e+00	2.535959e-03
1.665000e+00	2.429203e-03
1.667500e+00	2.289772e-03
1.670000e+00	2.128411e-03
1.672500e+00	1.982632e-03
1.675000e+00	1.889818e-03
1.677500e+00	1.869525e-03
1.680000e+00	1.930068e-03
1.682500e+00	2.076926e-03
1.685000e+00	2.311418e-03
1.687500e+00	2.616942e-03
1.690000e+00	2.941570e-03
1.692500e+00	3.214355e-03
1.695000e+00	3.403152e-03
1.697500e+00	3.510341e-03
1.700000e+00	3.510940e-03
1.702500e+00	3.393397e-03
1.705000e+00	3.226530e-03
1.707500e+00	3.092287e-03
1.710000e+00	2.996590e-03
1.712500e+00	2.882165e-03
1.715000e+00	2.719144e-03
1.717500e+00	2.552348e-03
1.720000e+00	2.448645e-03
1.722500e+00	2.447858e-03
1.725000e+00	2.560470e-03
1.727500e+00	2.769395e-03
1.730000e+00	3.016340e-03
1.732500e+00	3.208353e-03
1.735000e+00	3.295330e-03
1.737500e+00	3.334287e-03
1.740000e+00	3.414837e-03
1.742500e+00	3.546316e-03
1.745000e+00	3.631191e-03
1.747500e+00	3.556055e-03
1.750000e+00	3.327482e-03
1.752500e+00	3.053056e-03
1.755000e+00	2.816389e-03
1.757500e+00	2.648099e-03
1.760000e+00	2.567400e-03
1.762500e+00	2.593694e-03
1.765000e+00	2.728037e-03
1.767500e+00	2.930119e-03
1.770000e+00	3.104046e-03
1.772500e+00	3.146224e-03
1.775000e+00	3.051683e-03
1.777500e+00	2.914262e-03
1.780000e+00	2.806957e-03
1.782500e+00	2.719257e-03
1.785000e+00	2.601966e-03
1.787500e+00	2.451425e-03
1.790000e+00	2.320888e-03
1.792500e+00	2.264047e-03
1.795000e+00	2.306106e-03
1.797500e+00	2.445458e-03
1.800000e+00	2.650689e-03
1.802500e+00	2.859024e-03
1.805000e+00	3.007686e-03
1.807500e+00	3.062495e-03
1.810000e+00	2.991573e-03
1.812500e+00	2.781321e-03
1.815000e+00	2.491372e-03
1.817500e+00	2.213187e-03
1.820000e+00	2.001976e-03
1.822500e+00	1.872562e-03
1.825000e+00	1.822818e-03
1.827500e+00	1.849507e-03
1.830000e+00	1.954340e-03
1.832500e+00	2.144666e-03
1.835000e+00	2.429370e-03
1.837500e+00	2.806528e-03
1.840000e+00	3.243154e-03
1.842500e+00	3.671082e-03
1.845000e+00	4.024282e-03
1.847500e+00	4.258779e-03
1.850000e+00	4.341436e-03
1.852500e+00	4.303244e-03
1.855000e+00	4.236226e-03
1.857500e+00	4.166105e-03
1.860000e+00	4.013843e-03
1.862500e+00	3.728283e-03
1.865000e+00	3.385173e-03
1.867500e+00	3.104728e-03
1.870000e+00	2.956863e-03
1.872500e+00	2.952996e-03
1.875000e+00	3.055500e-03
1.877500e+00	3.171436e-03
1.880000e+00	3.182462e-03
1.882500e+00	3.044203e-03
1.885000e+00	2.817836e-03
1.887500e+00	2.572279e-03
1.890000e+00	2.333365e-03
1.892500e+00	2.120149e-03
1.895000e+00	1.959835e-03
1.897500e+00	1.871317e-03
1.900000e+00	1.861650e-03
1.902500e+00	1.932352e-03
1.905000e+00	2.079637e-03
1.907500e+00	2.284257e-03
1.910000e+00	2.501549e-03
1.912500e+00	2.678769e-03
1.915000e+00	2.784986e-03
1.917500e+00	2.791854e-03
1.920000e+00	2.667753e-03
1.922500e+00	2.440339e-03
1.925000e+00	2.194057e-03
1.927500e+00	1.997295e-03
1.930000e+00	1.876724e-03
1.932500e+00	1.835590e-03
1.935000e+00	1.871419e-03
1.937500e+00	1.981913e-03
1.940000e+00	2.161537e-03
1.942500e+00	2.394089e-03
1.945000e+00	2.657991e-03
1.947500e+00	2.957754e-03
1.950000e+00	3.337932e-03
1.952500e+00	3.834911e-03
1.955000e+00	4.403043e-03
1.957500e+00	4.870945e-03
1.960000e+00	5.030259e-03
1.962500e+00	4.859950e-03
1.965000e+00	4.555299e-03
1.967500e+00	4.294032e-03
1.970000e+00	4.092343e-03
1.972500e+00	3.859832e-03
1.975000e+00	3.551567e-03
1.977500e+00	3.232274e-03
1.980000e+00	2.986699e-03
1.982500e+00	2.839753e-03
1.985000e+00	2.754280e-03
1.987500e+00	2.675879e-03
1.990000e+00	2.594512e-03
1.992500e+00	2.546801e-03
1.995000e+00	2.553746e-03
1.997500e+00	2.576762e-03
2.000000e+00	2.534497e-03
2.002500e+00	2.384101e-03
2.005000e+00	2.171505e-03
2.007500e+00	1.972979e-03
2.010000e+00	1.833929e-03
2.012500e+00	1.768348e-03
2.015000e+00	1.777553e-03
2.017500e+00	1.859672e-03
2.020000e+00	2.006625e-03
2.022500e+00	2.191213e-03
2.025000e+00	2.360978e-03
2.027500e+00	2.473654e-03
2.030000e+00	2.549110e-03
2.032500e+00	2.643119e-03
2.035000e+00	2.769277e-03
2.037500e+00	2.869930e-03
2.040000e+00	2.875706e-03
2.042500e+00	2.801190e-03
2.045000e+00	2.736792e-03
2.047500e+00	2.761032e-03
2.050000e+00	2.897305e-03
2.052500e+00	3.105191e-03
2.055000e+00	3.278260e-03
2.057500e+00	3.303792e-03
2.060000e+00	3.181286e-03
2.062500e+00	3.025111e-03
2.065000e+00	2.947440e-03
2.067500e+00	2.997763e-03
2.070000e+00	3.166306e-03
2.072500e+00	3.390218e-03
2.075000e+00	3.583286e-03
2.077500e+00	3.715882e-03
2.080000e+00	3.831064e-03
2.082500e+00	3.935659e-03
2.085000e+00	3.942053e-03
2.087500e+00	3.779456e-03
2.090000e+00	3.514062e-03
2.092500e+00	3.277232e-03
2.095000e+00	3.138340e-03
2.097500e+00	3.070940e-03
2.100000e+00	2.987242e-03
2.102500e+00	2.826263e-03
2.105000e+00	2.621222e-03
2.107500e+00	2.450497e-03
2.110000e+00	2.362562e-03
2.112500e+00	2.356902e-03
2.115000e+00	2.387042e-03
2.117500e+00	2.378041e-03
2.120000e+00	2.287021e-03
2.122500e+00	2.148264e-03
2.125000e+00	2.028172e-03
2.127500e+00	1.968199e-03
2.130000e+00	1.976550e-03
2.132500e+00	2.038033e-03
2.135000e+00	2.127479e-03
2.137500e+00	2.237485e-03
2.140000e+00	2.396707e-03
2.142500e+00	2.648802e-03
2.145000e+00	3.019927e-03
2.147500e+00	3.488404e-03
2.150000e+00	3.945047e-03
2.152500e+00	4.202337e-03
2.155000e+00	4.146974e-03
2.157500e+00	3.872926e-03
2.160000e+00	3.552922e-03
2.162500e+00	3.260828e-03
2.165000e+00	2.974567e-03
2.167500e+00	2.681223e-03
2.170000e+00	2.418739e-03
2.172500e+00	2.230736e-03
2.175000e+00	2.136507e-03
2.177500e+00	2.136511e-03
2.180000e+00	2.217720e-03
2.182500e+00	2.345123e-03
2.185000e+00	2.456591e-03
2.187500e+00	2.500965e-03
2.190000e+00	2.497609e-03
2.192500e+00	2.520713e-03
2.195000e+00	2.635473e-03
2.197500e+00	2.871322e-03
2.200000e+00	3.214098e-03
2.202500e+00	3.582956e-03
2.205000e+00	3.832841e-03
2.207500e+00	3.866244e-03
2.210000e+00	3.750044e-03
2.212500e+00	3.626970e-03
2.215000e+00	3.553178e-03
2.217500e+00	3.461525e-03
2.220000e+00	3.258040e-03
2.222500e+00	2.949393e-03
2.225000e+00	2.630241e-03
2.227500e+00	2.380973e-03
2.230000e+00	2.233389e-03
2.232500e+00	2.191718e-03
2.235000e+00	2.250941e-03
2.237500e+00	2.396458e-03
2.240000e+00	2.588240e-03
2.242500e+00	2.752570e-03
2.245000e+00	2.828937e-03
2.247500e+00	2.843167e-03
2.250000e+00	2.885004e-03
2.252500e+00	3.021337e-03
2.255000e+00	3.248771e-03
2.257500e+00	3.480265e-03
2.260000e+00	3.584307e-03
2.262500e+00	3.512859e-03
2.265000e+00	3.364237e-03
2.267500e+00	3.269728e-03
2.270000e+00	3.281457e-03
2.272500e+00	3.347203e-03
2.275000e+00	3.339518e-03
2.277500e+00	3.164192e-03
2.280000e+00	2.863481e-03
2.282500e+00	2.555254e-03
2.285000e+00	2.321493e-03
2.287500e+00	2.186407e-03
2.290000e+00	2.137532e-03
2.292500e+00	2.137724e-03
2.295000e+00	2.139015e-03
2.297500e+00	2.117568e-03
2.300000e+00	2.086536e-03
2.302500e+00	2.057481e-03
2.305000e+00	2.020928e-03
2.307500e+00	1.977891e-03
2.310000e+00	1.957709e-03
2.312500e+00	1.995400e-03
2.315000e+00	2.115736e-03
2.317500e+00	2.336729e-03
2.320000e+00	2.672247e-03
2.322500e+00	3.119009e-03
2.325000e+00	3.620673e-03
2.327500e+00	4.035403e-03
2.330000e+00	4.204311e-03
2.332500e+00	4.121637e-03
2.335000e+00	3.941287e-03
2.337500e+00	3.785484e-03
2.340000e+00	3.641836e-03
2.342500e+00	3.435832e-03
2.345000e+00	3.163552e-03
2.347500e+00	2.905856e-03
2.350000e+00	2.741293e-03
2.352500e+00	2.707826e-03
2.355000e+00	2.816663e-03
2.357500e+00	3.060382e-03
2.360000e+00	3.392276e-03
2.362500e+00	3.690093e-03
2.365000e+00	3.782872e-03
2.367500e+00	3.602262e-03
2.370000e+00	3.264735e-03
2.372500e+00	2.938004e-03
2.375000e+00	2.719081e-03
2.377500e+00	2.635964e-03
2.380000e+00	2.679182e-03
2.382500e+00	2.806469e-03
2.385000e+00	2.933691e-03
2.387500e+00	2.970285e-03
2.390000e+00	2.907053e-03
2.392500e+00	2.821652e-03
2.395000e+00	2.777021e-03
2.397500e+00	2.756116e-03
2.400000e+00	2.687595e-03
2.402500e+00	2.536679e-03
2.405000e+00	2.352373e-03
2.407500e+00	2.207793e-03
2.410000e+00	2.142045e-03
2.412500e+00	2.153330e-03
2.415000e+00	2.201763e-03
2.417500e+00	2.217588e-03
2.420000e+00	2.150014e-03
2.422500e+00	2.019803e-03
2.425000e+00	1.889569e-03
2.427500e+00	1.805478e-03
2.430000e+00	1.786289e-03
2.432500e+00	1.838207e-03
2.435000e+00	1.966060e-03
2.437500e+00	2.175450e-03
2.440000e+00	2.466283e-03
2.442500e+00	2.820132e-03
2.445000e+00	3.200547e-03
2.447500e+00	3.588330e-03
2.450000e+00	3.993940e-03
2.452500e+00	4.378013e-03
2.455000e+00	4.597589e-03
2.457500e+00	4.537014e-03
2.460000e+00	4.277586e-03
2.462500e+00	4.015005e-03
2.465000e+00	3.873488e-03
2.467500e+00	3.845125e-03
2.470000e+00	3.818471e-03
2.472500e+00	3.678096e-03
2.475000e+00	3.430805e-03
2.477500e+00	3.187190e-03
2.480000e+00	3.041152e-03
2.482500e+00	3.016015e-03
2.485000e+00	3.064158e-03
2.487500e+00	3.080695e-03
2.490000e+00	2.973977e-03
2.492500e+00	2.759822e-03
2.495000e+00	2.534824e-03
2.497500e+00	2.379604e-03
2.500000e+00	2.328831e-03
2.502500e+00	2.387740e-03
2.505000e+00	2.538681e-03
2.507500e+00	2.725298e-03
2.510000e+00	2.845621e-03
2.512500e+00	2.816781e-03
2.515000e+00	2.667106e-03
2.517500e+00	2.502864e-03
2.520000e+00	2.406698e-03
2.522500e+00	2.402209e-03
2.525000e+00	2.459746e-03
2.527500e+00	2.506811e-03
2.530000e+00	2.475335e-03
2.532500e+00	2.372315e-03
2.535000e+00	2.266693e-03
2.537500e+00	2.212639e-03
2.540000e+00	2.211966e-03
2.542500e+00	2.218909e-03
2.545000e+00	2.178444e-03
2.547500e+00	2.085370e-03
2.550000e+00	1.987036e-03
2.552500e+00	1.931667e-03
2.555000e+00	1.944596e-03
2.557500e+00	2.037818e-03
2.560000e+00	2.222326e-03
2.562500e+00	2.512851e-03
2.565000e+00	2.923280e-03
2.567500e+00	3.446905e-03
2.570000e+00	4.018916e-03
2.572500e+00	4.503084e-03
2.575000e+00	4.791014e-03
2.577500e+00	4.928010e-03
2.580000e+00	5.018813e-03
2.582500e+00	5.034766e-03
2.585000e+00	4.834236e-03
2.587500e+00	4.383574e-03
2.590000e+00	3.831473e-03
2.592500e+00	3.345241e-03
2.595000e+00	3.004866e-03
2.597500e+00	2.823607e-03
2.600000e+00	2.784628e-03
2.602500e+00	2.845993e-03
2.605000e+00	2.925107e-03
2.607500e+00	2.914970e-03
2.610000e+00	2.770848e-03
2.612500e+00	2.556856e-03
2.615000e+00	2.368429e-03
2.617500e+00	2.261540e-03
2.620000e+00	2.252278e-03
2.622500e+00	2.331508e-03
2.625000e+00	2.462266e-03
2.627500e+00	2.576222e-03
2.630000e+00	2.614920e-03
2.632500e+00	2.595141e-03
2.635000e+00	2.590001e-03
2.637500e+00	2.648900e-03
2.640000e+00	2.754120e-03
2.642500e+00	2.826305e-03
2.645000e+00	2.791928e-03
2.647500e+00	2.670196e-03
2.650000e+00	2.550390e-03
2.652500e+00	2.504083e-03
2.655000e+00	2.550355e-03
2.657500e+00	2.655344e-03
2.660000e+00	2.737222e-03
2.662500e+00	2.715897e-03
2.665000e+00	2.595663e-03
2.667500e+00	2.456926e-03
2.670000e+00	2.374340e-03
2.672500e+00	2.384957e-03
2.675000e+00	2.503808e-03
2.677500e+00	2.738947e-03
2.680000e+00	3.089736e-03
2.682500e+00	3.528202e-03
2.685000e+00	3.984629e-03
2.687500e+00	4.393839e-03
2.690000e+00	4.782440e-03
2.692500e+00	5.232390e-03
2.695000e+00	5.720038e-03
2.697500e+00	6.031281e-03
2.700000e+00	5.917075e-03
2.702500e+00	5.389675e-03
2.705000e+00	4.713069e-03
2.707500e+00	4.127078e-03
2.710000e+00	3.729500e-03
2.712500e+00	3.517274e-03
2.715000e+00	3.428857e-03
2.717500e+00	3.368094e-03
2.720000e+00	3.264696e-03
2.722500e+00	3.138949e-03
2.725000e+00	3.066222e-03
2.727500e+00	3.096459e-03
2.730000e+00	3.217334e-03
2.732500e+00	3.345468e-03
2.735000e+00	3.362817e-03
2.737500e+00	3.227433e-03
2.740000e+00	3.023061e-03
2.742500e+00	2.864684e-03
2.745000e+00	2.820437e-03
2.747500e+00	2.913465e-03
2.750000e+00	3.134983e-03
2.752500e+00	3.428505e-03
2.755000e+00	3.664983e-03
2.757500e+00	3.695195e-03
2.760000e+00	3.497020e-03
2.762500e+00	3.202340e-03
2.765000e+00	2.953694e-03
2.767500e+00	2.817405e-03
2.770000e+00	2.791685e-03
2.772500e+00	2.823996e-03
2.775000e+00	2.832029e-03
2.777500e+00	2.767966e-03
2.780000e+00	2.669001e-03
2.782500e+00	2.611212e-03
2.785000e+00	2.647060e-03
2.787500e+00	2.793171e-03
2.790000e+00	3.030333e-03
2.792500e+00	3.291431e-03
2.795000e+00	3.478273e-03
2.797500e+00	3.553036e-03
2.800000e+00	3.597225e-03
2.802500e+00	3.733847e-03
2.805000e+00	4.038169e-03
2.807500e+00	4.505483e-03
2.810000e+00	5.017790e-03
2.812500e+00	5.337443e-03
2.815000e+00	5.267914e-03
2.817500e+00	4.875751e-03
2.820000e+00	4.409755e-03
2.822500e+00	4.057114e-03
2.825000e+00	3.861152e-03
2.827500e+00	3.751479e-03
2.830000e+00	3.607632e-03
2.832500e+00	3.370199e-03
2.835000e+00	3.096182e-03
2.837500e+00	2.879527e-03
2.840000e+00	2.776459e-03
2.842500e+00	2.803022e-03
2.845000e+00	2.945718e-03
2.847500e+00	3.148579e-03
2.850000e+00	3.297924e-03
2.852500e+00	3.278728e-03
2.855000e+00	3.092535e-03
2.857500e+00	2.854627e-03
2.860000e+00	2.675773e-03
2.862500e+00	2.609887e-03
2.865000e+00	2.672671e-03
2.867500e+00	2.858377e-03
2.870000e+00	3.127919e-03
2.872500e+00	3.380480e-03
2.875000e+00	3.474931e-03
2.877500e+00	3.354123e-03
2.880000e+00	3.114544e-03
2.882500e+00	2.895620e-03
2.885000e+00	2.772531e-03
2.887500e+00	2.745927e-03
2.890000e+00	2.760209e-03
2.892500e+00	2.739012e-03
2.895000e+00	2.656259e-03
2.897500e+00	2.563111e-03
2.900000e+00	2.529474e-03
2.902500e+00	2.598511e-03
2.905000e+00	2.786250e-03
2.907500e+00	3.081888e-03
2.910000e+00	3.426360e-03
2.912500e+00	3.700224e-03
2.915000e+00	3.800299e-03
2.917500e+00	3.763198e-03
2.920000e+00	3.735046e-03
2.922500e+00	3.835470e-03
2.925000e+00	4.092319e-03
2.927500e+00	4.422802e-03
2.930000e+00	4.634753e-03
2.932500e+00	4.548784e-03
2.935000e+00	4.190807e-03
2.937500e+00	3.755768e-03
2.940000e+00	3.411204e-03
2.942500e+00	3.226754e-03
2.945000e+00	3.205287e-03
2.947500e+00	3.302195e-03
2.950000e+00	3.415764e-03
2.952500e+00	3.413293e-03
2.955000e+00	3.241979e-03
2.957500e+00	2.984448e-03
2.960000e+00	2.759109e-03
2.962500e+00	2.631005e-03
2.965000e+00	2.607287e-03
2.967500e+00	2.650083e-03
2.970000e+00	2.687157e-03
2.972500e+00	2.659945e-03
2.975000e+00	2.585761e-03
2.977500e+00	2.537293e-03
2.980000e+00	2.577648e-03
2.982500e+00	2.739680e-03
2.985000e+00	3.029481e-03
2.987500e+00	3.410330e-03
2.990000e+00	3.765028e-03
2.992500e+00	3.910190e-03
2.995000e+00	3.747597e-03
2.997500e+00	3.380466e-03
3.000000e+00	2.990906e-03
3.002500e+00	2.692558e-03
3.005000e+00	2.521166e-03
3.007500e+00	2.475330e-03
3.010000e+00	2.536621e-03
3.012500e+00	2.663690e-03
3.015000e+00	2.785591e-03
3.017500e+00	2.841401e-03
3.020000e+00	2.847123e-03
3.022500e+00	2.877944e-03
3.025000e+00	2.983991e-03
3.027500e+00	3.140183e-03
3.030000e+00	3.248579e-03
3.032500e+00	3.217264e-03
3.035000e+00	3.068221e-03
3.037500e+00	2.913314e-03
3.040000e+00	2.849040e-03
3.042500e+00	2.921671e-03
3.045000e+00	3.141672e-03
3.047500e+00	3.481677e-03
3.050000e+00	3.844526e-03
3.052500e+00	4.058545e-03
3.055000e+00	3.999902e-03
3.057500e+00	3.736426e-03
3.060000e+00	3.448986e-03
3.062500e+00	3.267159e-03
3.065000e+00	3.224806e-03
3.067500e+00	3.275642e-03
3.070000e+00	3.310029e-03
3.072500e+00	3.223273e-03
3.075000e+00	3.020373e-03
3.077500e+00	2.802004e-03
3.080000e+00	2.660103e-03
3.082500e+00	2.637209e-03
3.085000e+00	2.740267e-03
3.087500e+00	2.944621e-03
3.090000e+00	3.173589e-03
3.092500e+00	3.298665e-03
3.095000e+00	3.232521e-03
3.097500e+00	3.029392e-03
3.100000e+00	2.821769e-03
3.102500e+00	2.705173e-03
3.105000e+00	2.713916e-03
3.107500e+00	2.836372e-03
3.110000e+00	3.010477e-03
3.112500e+00	3.120152e-03
3.115000e+00	3.065544e-03
3.117500e+00	2.868999e-03
3.120000e+00	2.645490e-03
3.122500e+00	2.490626e-03
3.125000e+00	2.444096e-03
3.127500e+00	2.505799e-03
3.130000e+00	2.640443e-03
3.132500e+00	2.767792e-03
3.135000e+00	2.791758e-03
3.137500e+00	2.690281e-03
3.140000e+00	2.541218e-03
3.142500e+00	2.437825e-03
3.145000e+00	2.431429e-03
3.147500e+00	2.535268e-03
3.150000e+00	2.730946e-03
3.152500e+00	2.955798e-03
3.155000e+00	3.109285e-03
3.157500e+00	3.134062e-03
3.160000e+00	3.089698e-03
3.162500e+00	3.090108e-03
3.165000e+00	3.205887e-03
3.167500e+00	3.428361e-03
3.170000e+00	3.656549e-03
3.172500e+00	3.727371e-03
3.175000e+00	3.554704e-03
3.177500e+00	3.227911e-03
3.180000e+00	2.903002e-03
3.182500e+00	2.677349e-03
3.185000e+00	2.582582e-03
3.187500e+00	2.616646e-03
3.190000e+00	2.753101e-03
3.192500e+00	2.925813e-03
3.195000e+00	3.030941e-03
3.197500e+00	3.003299e-03
3.200000e+00	2.892558e-03
3.202500e+00	2.806236e-03
3.205000e+00	2.813056e-03
3.207500e+00	2.911489e-03
3.210000e+00	3.028833e-03
3.212500e+00	3.053543e-03
3.215000e+00	2.936341e-03
3.217500e+00	2.747361e-03
3.220000e+00	2.594609e-03
3.222500e+00	2.544297e-03
3.225000e+00	2.616472e-03
3.227500e+00	2.794071e-03
3.230000e+00	3.008042e-03
3.232500e+00	3.130474e-03
3.235000e+00	3.054215e-03
3.237500e+00	2.807783e-03
3.240000e+00	2.516898e-03
3.242500e+00	2.281804e-03
3.245000e+00	2.142342e-03
3.247500e+00	2.103672e-03
3.250000e+00	2.155543e-03
3.252500e+00	2.269960e-03
3.255000e+00	2.391054e-03
3.257500e+00	2.456067e-03
3.260000e+00	2.458158e-03
3.262500e+00	2.460237e-03
3.265000e+00	2.532051e-03
3.267500e+00	2.703200e-03
3.270000e+00	2.946928e-03
3.272500e+00	3.168405e-03
3.275000e+00	3.244560e-03
3.277500e+00	3.145325e-03
3.280000e+00	2.974751e-03
3.282500e+00	2.860045e-03
3.285000e+00	2.868799e-03
3.287500e+00	3.004542e-03
3.290000e+00	3.204850e-03
3.292500e+00	3.335987e-03
3.295000e+00	3.265882e-03
3.297500e+00	2.998311e-03
3.300000e+00	2.661382e-03
3.302500e+00	2.371933e-03
3.305000e+00	2.180442e-03
3.307500e+00	2.095310e-03
3.310000e+00	2.108060e-03
3.312500e+00	2.195514e-03
3.315000e+00	2.306001e-03
3.317500e+00	2.361787e-03
3.320000e+00	2.316974e-03
3.322500e+00	2.210079e-03
3.325000e+00	2.119794e-03
3.327500e+00	2.101166e-03
3.330000e+00	2.175393e-03
3.332500e+00	2.337261e-03
3.335000e+00	2.546899e-03
3.337500e+00	2.721266e-03
3.340000e+00	2.781954e-03
3.342500e+00	2.743721e-03
3.345000e+00	2.703535e-03
3.347500e+00	2.744025e-03
3.350000e+00	2.880034e-03
3.352500e+00	3.045726e-03
3.355000e+00	3.111973e-03
3.357500e+00	2.987983e-03
3.360000e+00	2.722776e-03
3.362500e+00	2.441501e-03
3.365000e+00	2.232242e-03
3.367500e+00	2.125869e-03
3.370000e+00	2.120151e-03
3.372500e+00	2.188901e-03
3.375000e+00	2.272547e-03
3.377500e+00	2.287959e-03
3.380000e+00	2.193898e-03
3.382500e+00	2.035269e-03
3.385000e+00	1.887954e-03
3.387500e+00	1.799609e-03
3.390000e+00	1.788430e-03
3.392500e+00	1.861267e-03
3.395000e+00	2.022874e-03
3.397500e+00	2.271323e-03
3.400000e+00	2.577226e-03
3.402500e+00	2.856826e-03
3.405000e+00	2.995367e-03
3.407500e+00	2.957403e-03
3.410000e+00	2.835161e-03
3.412500e+00	2.738835e-03
3.415000e+00	2.695018e-03
3.417500e+00	2.641276e-03
3.420000e+00	2.498654e-03
3.422500e+00	2.267098e-03
3.425000e+00	2.018803e-03
3.427500e+00	1.817901e-03
3.430000e+00	1.690102e-03
3.432500e+00	1.637012e-03
3.435000e+00	1.648404e-03
3.437500e+00	1.699734e-03
3.440000e+00	1.746082e-03
3.442500e+00	1.741782e-03
3.445000e+00	1.685311e-03
3.447500e+00	1.621034e-03
3.450000e+00	1.594521e-03
3.452500e+00	1.630477e-03
3.455000e+00	1.736903e-03
3.457500e+00	1.905063e-03
3.460000e+00	2.094343e-03
3.462500e+00	2.222913e-03
3.465000e+00	2.216558e-03
3.467500e+00	2.090599e-03
3.470000e+00	1.932692e-03
3.472500e+00	1.816625e-03
3.475000e+00	1.769550e-03
3.477500e+00	1.780248e-03
3.480000e+00	1.805177e-03
3.482500e+00	1.785522e-03
3.485000e+00	1.696418e-03
3.487500e+00	1.570427e-03
3.490000e+00	1.455134e-03
3.492500e+00	1.376788e-03
3.495000e+00	1.342271e-03
3.497500e+00	1.351439e-03
3.500000e+00	1.404448e-03
3.502500e+00	1.504428e-03
3.505000e+00	1.657627e-03
3.507500e+00	1.870776e-03
3.510000e+00	2.143062e-03
3.512500e+00	2.452722e-03
3.515000e+00	2.757392e-03
3.517500e+00	3.039483e-03
3.520000e+00	3.352868e-03
3.522500e+00	3.786371e-03
3.525000e+00	4.386707e-03
3.527500e+00	5.091890e-03
3.530000e+00	5.676574e-03
3.532500e+00	5.832544e-03
3.535000e+00	5.464637e-03
3.537500e+00	4.808395e-03
3.540000e+00	4.159672e-03
3.542500e+00	3.662062e-03
3.545000e+00	3.314166e-03
3.547500e+00	3.039808e-03
3.550000e+00	2.768508e-03
3.552500e+00	2.497683e-03
3.555000e+00	2.270412e-03
3.557500e+00	2.120944e-03
3.560000e+00	2.061645e-03
3.562500e+00	2.092762e-03
3.565000e+00	2.204402e-03
3.567500e+00	2.362985e-03
3.570000e+00	2.496713e-03
3.572500e+00	2.527463e-03
3.575000e+00	2.451789e-03
3.577500e+00	2.349561e-03
3.580000e+00	2.304069e-03
3.582500e+00	2.356778e-03
3.585000e+00	2.507249e-03
3.587500e+00	2.705898e-03
3.590000e+00	2.843388e-03
3.592500e+00	2.806287e-03
3.595000e+00	2.592206e-03
3.597500e+00	2.308592e-03
3.600000e+00	2.057664e-03
3.602500e+00	1.884499e-03
3.605000e+00	1.796099e-03
3.607500e+00	1.783545e-03
3.610000e+00	1.825837e-03
3.612500e+00	1.884183e-03
3.615000e+00	1.913287e-03
3.617500e+00	1.902165e-03
3.620000e+00	1.888768e-03
3.622500e+00	1.922257e-03
3.625000e+00	2.035138e-03
3.627500e+00	2.243019e-03
3.630000e+00	2.541819e-03
3.632500e+00	2.885396e-03
3.635000e+00	3.164690e-03
3.637500e+00	3.263392e-03
3.640000e+00	3.185967e-03
3.642500e+00	3.061872e-03
3.645000e+00	3.012556e-03
3.647500e+00	3.072421e-03
3.650000e+00	3.179278e-03
3.652500e+00	3.199458e-03
3.655000e+00	3.033515e-03
3.657500e+00	2.723406e-03
3.660000e+00	2.391926e-03
3.662500e+00	2.126211e-03
3.665000e+00	1.955662e-03
3.667500e+00	1.879048e-03
3.670000e+00	1.880844e-03
3.672500e+00	1.927682e-03
3.675000e+00	1.962419e-03
3.677500e+00	1.931852e-03
3.680000e+00	1.839074e-03
3.682500e+00	1.737461e-03
3.685000e+00	1.676834e-03
3.687500e+00	1.682152e-03
3.690000e+00	1.761923e-03
3.692500e+00	1.912841e-03
3.695000e+00	2.108463e-03
3.697500e+00	2.281940e-03
3.700000e+00	2.348144e-03
3.702500e+00	2.286555e-03
3.705000e+00	2.170550e-03
3.707500e+00	2.089955e-03
3.710000e+00	2.092544e-03
3.712500e+00	2.180931e-03
3.715000e+00	2.312380e-03
3.717500e+00	2.397520e-03
3.720000e+00	2.352113e-03
3.722500e+00	2.184153e-03
3.725000e+00	1.980363e-03
3.727500e+00	1.817130e-03
3.730000e+00	1.727368e-03
3.732500e+00	1.715972e-03
3.735000e+00	1.772038e-03
3.737500e+00	1.864321e-03
3.740000e+00	1.936483e-03
3.742500e+00	1.938656e-03
3.745000e+00	1.880796e-03
3.747500e+00	1.822378e-03
3.750000e+00	1.817268e-03
3.752500e+00	1.893910e-03
3.755000e+00	2.062413e-03
3.757500e+00	2.312468e-03
3.760000e+00	2.590754e-03
3.762500e+00	2.784855e-03
3.765000e+00	2.786760e-03
3.767500e+00	2.610766e-03
3.770000e+00	2.378582e-03
3.772500e+00	2.197840e-03
3.775000e+00	2.112242e-03
3.777500e+00	2.114597e-03
3.780000e+00	2.155368e-03
3.782500e+00	2.153440e-03
3.785000e+00	2.053000e-03
3.787500e+00	1.880052e-03
3.790000e+00	1.704652e-03
3.792500e+00	1.576089e-03
3.795000e+00	1.511962e-03
3.797500e+00	1.512983e-03
3.800000e+00	1.569762e-03
3.802500e+00	1.656390e-03
3.805000e+00	1.724857e-03
3.807500e+00	1.731334e-03
3.810000e+00	1.683470e-03
3.812500e+00	1.633424e-03
3.815000e+00	1.629312e-03
3.817500e+00	1.696220e-03
3.820000e+00	1.840766e-03
3.822500e+00	2.046863e-03
3.825000e+00	2.255408e-03
3.827500e+00	2.362388e-03
3.830000e+00	2.293908e-03
3.832500e+00	2.090436e-03
3.835000e+00	1.857060e-03
3.837500e+00	1.668474e-03
3.840000e+00	1.551248e-03
3.842500e+00	1.506605e-03
3.845000e+00	1.524773e-03
3.847500e+00	1.582970e-03
3.850000e+00	1.638617e-03
3.852500e+00	1.646020e-03
3.855000e+00	1.600367e-03
3.857500e+00	1.543643e-03
3.860000e+00	1.521205e-03
3.862500e+00	1.556540e-03
3.865000e+00	1.651772e-03
3.867500e+00	1.785027e-03
3.870000e+00	1.903634e-03
3.872500e+00	1.948516e-03
3.875000e+00	1.915738e-03
3.877500e+00	1.865580e-03
3.880000e+00	1.862550e-03
3.882500e+00	1.938713e-03
3.885000e+00	2.090240e-03
3.887500e+00	2.268767e-03
3.890000e+00	2.378502e-03
3.892500e+00	2.337295e-03
3.895000e+00	2.166156e-03
3.897500e+00	1.962428e-03
3.900000e+00	1.805417e-03
3.902500e+00	1.727679e-03
3.905000e+00	1.732287e-03
3.907500e+00	1.802582e-03
3.910000e+00	1.894455e-03
3.912500e+00	1.937237e-03
3.915000e+00	1.882675e-03
3.917500e+00	1.757389e-03
3.920000e+00	1.629291e-03
3.922500e+00	1.547485e-03
3.925000e+00	1.531380e-03
3.927500e+00	1.583150e-03
3.930000e+00	1.690862e-03
3.932500e+00	1.818136e-03
3.935000e+00	1.902422e-03
3.937500e+00	1.899044e-03
3.940000e+00	1.833955e-03
3.942500e+00	1.776132e-03
3.945000e+00	1.777559e-03
3.947500e+00	1.855039e-03
3.950000e+00	1.989310e-03
3.952500e+00	2.116071e-03
3.955000e+00	2.142788e-03
3.957500e+00	2.028106e-03
3.960000e+00	1.828224e-03
3.962500e+00	1.628941e-03
3.965000e+00	1.479987e-03
3.967500e+00	1.395404e-03
3.970000e+00	1.372952e-03
3.972500e+00	1.401913e-03
3.975000e+00	1.458051e-03
3.977500e+00	1.499340e-03
3.980000e+00	1.488647e-03
3.982500e+00	1.432294e-03
3.985000e+00	1.372222e-03
3.987500e+00	1.345962e-03
3.990000e+00	1.372947e-03
3.992500e+00	1.461936e-03
3.995000e+00	1.615169e-03
3.997500e+00	1.819736e-03
