#omega	spectral weight
-3.000000e+00	7.202828e-03
-2.997500e+00	7.379401e-03
-2.995000e+00	7.030341e-03
-2.992500e+00	6.371466e-03
-2.990000e+00	5.711156e-03
-2.987500e+00	5.223805e-03
-2.985000e+00	4.959244e-03
-2.982500e+00	4.919366e-03
-2.980000e+00	5.103817e-03
-2.977500e+00	5.524764e-03
-2.975000e+00	6.200689e-03
-2.972500e+00	7.121881e-03
-2.970000e+00	8.171724e-03
-2.967500e+00	9.049338e-03
-2.965000e+00	9.396664e-03
-2.962500e+00	9.173245e-03
-2.960000e+00	8.734312e-03
-2.957500e+00	8.475107e-03
-2.955000e+00	8.619135e-03
-2.952500e+00	9.257325e-03
-2.950000e+00	1.039617e-02
-2.947500e+00	1.189317e-02
-2.945000e+00	1.330316e-02
-2.942500e+00	1.391472e-02
-2.940000e+00	1.332089e-02
-2.937500e+00	1.189583e-02
-2.935000e+00	1.034536e-02
-2.932500e+00	9.120193e-03
-2.930000e+00	8.366803e-03
-2.927500e+00	8.094961e-03
-2.925000e+00	8.283507e-03
-2.922500e+00	8.891842e-03
-2.920000e+00	9.788293e-03
-2.917500e+00	1.063097e-02
-2.915000e+00	1.090544e-02
-2.912500e+00	1.034190e-02
-2.910000e+00	9.222602e-03
-2.907500e+00	8.035611e-03
-2.905000e+00	7.075789e-03
-2.902500e+00	6.425842e-03
-2.900000e+00	6.076194e-03
-2.897500e+00	6.003138e-03
-2.895000e+00	6.198336e-03
-2.892500e+00	6.674187e-03
-2.890000e+00	7.452762e-03
-2.887500e+00	8.526174e-03
-2.885000e+00	9.770420e-03
-2.882500e+00	1.086768e-02
-2.880000e+00	1.146060e-02
-2.877500e+00	1.155833e-02
-2.875000e+00	1.159158e-02
-2.872500e+00	1.201022e-02
-2.870000e+00	1.302276e-02
-2.867500e+00	1.452303e-02
-2.865000e+00	1.597763e-02
-2.862500e+00	1.650102e-02
-2.860000e+00	1.555441e-02
-2.857500e+00	1.355210e-02
-2.855000e+00	1.133337e-02
-2.852500e+00	9.430307e-03
-2.850000e+00	7.991324e-03
-2.847500e+00	6.984498e-03
-2.845000e+00	6.338288e-03
-2.842500e+00	5.995090e-03
-2.840000e+00	5.923577e-03
-2.837500e+00	6.114870e-03
-2.835000e+00	6.564523e-03
-2.832500e+00	7.226018e-03
-2.830000e+00	7.928508e-03
-2.827500e+00	8.346117e-03
-2.825000e+00	8.211484e-03
-2.822500e+00	7.617722e-03
-2.820000e+00	6.907987e-03
-2.817500e+00	6.352531e-03
-2.815000e+00	6.063590e-03
-2.812500e+00	6.069974e-03
-2.810000e+00	6.378454e-03
-2.807500e+00	6.980947e-03
-2.805000e+00	7.803952e-03
-2.802500e+00	8.612775e-03
-2.800000e+00	9.005939e-03
-2.797500e+00	8.712356e-03
-2.795000e+00	7.901197e-03
-2.792500e+00	6.971438e-03
-2.790000e+00	6.194163e-03
-2.787500e+00	5.656563e-03
-2.785000e+00	5.355978e-03
-2.782500e+00	5.270383e-03
-2.780000e+00	5.386810e-03
-2.777500e+00	5.708624e-03
-2.775000e+00	6.252438e-03
-2.772500e+00	7.031243e-03
-2.770000e+00	8.009281e-03
-2.767500e+00	9.030442e-03
-2.765000e+00	9.823153e-03
-2.762500e+00	1.023527e-02
-2.760000e+00	1.046155e-02
-2.757500e+00	1.087892e-02
-2.755000e+00	1.179028e-02
-2.752500e+00	1.338810e-02
-2.750000e+00	1.578889e-02
-2.747500e+00	1.895289e-02
-2.745000e+00	2.241012e-02
-2.742500e+00	2.499372e-02
-2.740000e+00	2.535556e-02
-2.737500e+00	2.334709e-02
-2.735000e+00	2.021353e-02
-2.732500e+00	1.725191e-02
-2.730000e+00	1.507751e-02
-2.727500e+00	1.382216e-02
-2.725000e+00	1.344735e-02
-2.722500e+00	1.386750e-02
-2.720000e+00	1.489420e-02
-2.717500e+00	1.605698e-02
-2.715000e+00	1.655284e-02
-2.712500e+00	1.576844e-02
-2.710000e+00	1.393728e-02
-2.707500e+00	1.181813e-02
-2.705000e+00	9.965061e-03
-2.702500e+00	8.564335e-03
-2.700000e+00	7.609530e-03
-2.697500e+00	7.044788e-03
-2.695000e+00	6.818049e-03
-2.692500e+00	6.876586e-03
-2.690000e+00	7.120262e-03
-2.687500e+00	7.339975e-03
-2.685000e+00	7.262424e-03
-2.682500e+00	6.782599e-03
-2.680000e+00	6.074025e-03
-2.677500e+00	5.376291e-03
-2.675000e+00	4.817380e-03
-2.672500e+00	4.425219e-03
-2.670000e+00	4.188529e-03
-2.667500e+00	4.091797e-03
-2.665000e+00	4.126569e-03
-2.662500e+00	4.289753e-03
-2.660000e+00	4.569474e-03
-2.657500e+00	4.913570e-03
-2.655000e+00	5.199308e-03
-2.652500e+00	5.283367e-03
-2.650000e+00	5.146041e-03
-2.647500e+00	4.917585e-03
-2.645000e+00	4.739208e-03
-2.642500e+00	4.683211e-03
-2.640000e+00	4.773357e-03
-2.637500e+00	5.020556e-03
-2.635000e+00	5.442343e-03
-2.632500e+00	6.070432e-03
-2.630000e+00	6.950336e-03
-2.627500e+00	8.126518e-03
-2.625000e+00	9.591885e-03
-2.622500e+00	1.118234e-02
-2.620000e+00	1.250203e-02
-2.617500e+00	1.315341e-02
-2.615000e+00	1.320923e-02
-2.612500e+00	1.319636e-02
-2.610000e+00	1.363118e-02
-2.607500e+00	1.481914e-02
-2.605000e+00	1.691133e-02
-2.602500e+00	1.989309e-02
-2.600000e+00	2.335251e-02
-2.597500e+00	2.616868e-02
-2.595000e+00	2.686219e-02
-2.592500e+00	2.499427e-02
-2.590000e+00	2.170018e-02
-2.587500e+00	1.839783e-02
-2.585000e+00	1.582753e-02
-2.582500e+00	1.416553e-02
-2.580000e+00	1.337594e-02
-2.577500e+00	1.339821e-02
-2.575000e+00	1.418078e-02
-2.572500e+00	1.559535e-02
-2.570000e+00	1.723583e-02
-2.567500e+00	1.828253e-02
-2.565000e+00	1.793595e-02
-2.562500e+00	1.625373e-02
-2.560000e+00	1.406029e-02
-2.557500e+00	1.208958e-02
-2.555000e+00	1.064867e-02
-2.552500e+00	9.782555e-03
-2.550000e+00	9.457080e-03
-2.547500e+00	9.628539e-03
-2.545000e+00	1.021916e-02
-2.542500e+00	1.101390e-02
-2.540000e+00	1.156568e-02
-2.537500e+00	1.138681e-02
-2.535000e+00	1.042970e-02
-2.532500e+00	9.126719e-03
-2.530000e+00	7.913606e-03
-2.527500e+00	6.986426e-03
-2.525000e+00	6.376763e-03
-2.522500e+00	6.061954e-03
-2.520000e+00	6.015046e-03
-2.517500e+00	6.205873e-03
-2.515000e+00	6.563140e-03
-2.512500e+00	6.914112e-03
-2.510000e+00	7.001367e-03
-2.507500e+00	6.687324e-03
-2.505000e+00	6.107595e-03
-2.502500e+00	5.501436e-03
-2.500000e+00	5.013366e-03
-2.497500e+00	4.682495e-03
-2.495000e+00	4.501363e-03
-2.492500e+00	4.454433e-03
-2.490000e+00	4.532855e-03
-2.487500e+00	4.738860e-03
-2.485000e+00	5.087347e-03
-2.482500e+00	5.606858e-03
-2.480000e+00	6.338379e-03
-2.477500e+00	7.324424e-03
-2.475000e+00	8.569906e-03
-2.472500e+00	9.952617e-03
-2.470000e+00	1.113435e-02
-2.467500e+00	1.170738e-02
-2.465000e+00	1.163010e-02
-2.462500e+00	1.132260e-02
-2.460000e+00	1.125686e-02
-2.457500e+00	1.171306e-02
-2.455000e+00	1.283435e-02
-2.452500e+00	1.470659e-02
-2.450000e+00	1.731916e-02
-2.447500e+00	2.035603e-02
-2.445000e+00	2.292614e-02
-2.442500e+00	2.382398e-02
-2.440000e+00	2.267233e-02
-2.437500e+00	2.041195e-02
-2.435000e+00	1.826370e-02
-2.432500e+00	1.691002e-02
-2.430000e+00	1.656077e-02
-2.427500e+00	1.719698e-02
-2.425000e+00	1.859856e-02
-2.422500e+00	2.016571e-02
-2.420000e+00	2.088903e-02
-2.417500e+00	2.003375e-02
-2.415000e+00	1.793831e-02
-2.412500e+00	1.556901e-02
-2.410000e+00	1.362201e-02
-2.407500e+00	1.234639e-02
-2.405000e+00	1.176560e-02
-2.402500e+00	1.184108e-02
-2.400000e+00	1.249586e-02
-2.397500e+00	1.351722e-02
-2.395000e+00	1.441408e-02
-2.392500e+00	1.453434e-02
-2.390000e+00	1.364131e-02
-2.387500e+00	1.218253e-02
-2.385000e+00	1.076626e-02
-2.382500e+00	9.729183e-03
-2.380000e+00	9.168608e-03
-2.377500e+00	9.091799e-03
-2.375000e+00	9.492388e-03
-2.372500e+00	1.034229e-02
-2.370000e+00	1.149886e-02
-2.367500e+00	1.255869e-02
-2.365000e+00	1.290074e-02
-2.362500e+00	1.219337e-02
-2.360000e+00	1.077712e-02
-2.357500e+00	9.248052e-03
-2.355000e+00	7.966513e-03
-2.352500e+00	7.030025e-03
-2.350000e+00	6.418977e-03
-2.347500e+00	6.091646e-03
-2.345000e+00	6.018700e-03
-2.342500e+00	6.186794e-03
-2.340000e+00	6.581230e-03
-2.337500e+00	7.139302e-03
-2.335000e+00	7.681147e-03
-2.332500e+00	7.923137e-03
-2.330000e+00	7.705724e-03
-2.327500e+00	7.180451e-03
-2.325000e+00	6.628433e-03
-2.322500e+00	6.228399e-03
-2.320000e+00	6.038990e-03
-2.317500e+00	6.066970e-03
-2.315000e+00	6.314269e-03
-2.312500e+00	6.797998e-03
-2.310000e+00	7.558389e-03
-2.307500e+00	8.661437e-03
-2.305000e+00	1.019152e-02
-2.302500e+00	1.221178e-02
-2.300000e+00	1.464577e-02
-2.297500e+00	1.706431e-02
-2.295000e+00	1.862585e-02
-2.292500e+00	1.867729e-02
-2.290000e+00	1.753785e-02
-2.287500e+00	1.615954e-02
-2.285000e+00	1.528189e-02
-2.282500e+00	1.523176e-02
-2.280000e+00	1.610871e-02
-2.277500e+00	1.788278e-02
-2.275000e+00	2.027223e-02
-2.272500e+00	2.248109e-02
-2.270000e+00	2.329853e-02
-2.267500e+00	2.209564e-02
-2.265000e+00	1.955567e-02
-2.262500e+00	1.684949e-02
-2.260000e+00	1.468958e-02
-2.257500e+00	1.328802e-02
-2.255000e+00	1.264269e-02
-2.252500e+00	1.272126e-02
-2.250000e+00	1.351887e-02
-2.247500e+00	1.502713e-02
-2.245000e+00	1.709781e-02
-2.242500e+00	1.919659e-02
-2.240000e+00	2.033264e-02
-2.237500e+00	1.973363e-02
-2.235000e+00	1.771872e-02
-2.232500e+00	1.530345e-02
-2.230000e+00	1.324530e-02
-2.227500e+00	1.182182e-02
-2.225000e+00	1.105695e-02
-2.222500e+00	1.090098e-02
-2.220000e+00	1.126982e-02
-2.217500e+00	1.197101e-02
-2.215000e+00	1.259120e-02
-2.212500e+00	1.259959e-02
-2.210000e+00	1.181499e-02
-2.207500e+00	1.060307e-02
-2.205000e+00	9.445700e-03
-2.202500e+00	8.603750e-03
-2.200000e+00	8.149747e-03
-2.197500e+00	8.088972e-03
-2.195000e+00	8.425188e-03
-2.192500e+00	9.169405e-03
-2.190000e+00	1.029359e-02
-2.187500e+00	1.161120e-02
-2.185000e+00	1.264634e-02
-2.182500e+00	1.279854e-02
-2.180000e+00	1.192118e-02
-2.177500e+00	1.049597e-02
-2.175000e+00	9.087550e-03
-2.172500e+00	7.976020e-03
-2.170000e+00	7.216399e-03
-2.167500e+00	6.780637e-03
-2.165000e+00	6.633811e-03
-2.162500e+00	6.759149e-03
-2.160000e+00	7.158889e-03
-2.157500e+00	7.835771e-03
-2.155000e+00	8.740781e-03
-2.152500e+00	9.682814e-03
-2.150000e+00	1.030664e-02
-2.147500e+00	1.034634e-02
-2.145000e+00	9.942397e-03
-2.142500e+00	9.490578e-03
-2.140000e+00	9.297314e-03
-2.137500e+00	9.507394e-03
-2.135000e+00	1.019305e-02
-2.132500e+00	1.142388e-02
-2.130000e+00	1.327627e-02
-2.127500e+00	1.576234e-02
-2.125000e+00	1.863111e-02
-2.122500e+00	2.110720e-02
-2.120000e+00	2.207233e-02
-2.117500e+00	2.108904e-02
-2.115000e+00	1.895425e-02
-2.112500e+00	1.679918e-02
-2.110000e+00	1.527615e-02
-2.107500e+00	1.459369e-02
-2.105000e+00	1.479064e-02
-2.102500e+00	1.588658e-02
-2.100000e+00	1.788347e-02
-2.097500e+00	2.061164e-02
-2.095000e+00	2.341786e-02
-2.092500e+00	2.503493e-02
-2.090000e+00	2.438952e-02
-2.087500e+00	2.179058e-02
-2.085000e+00	1.853388e-02
-2.082500e+00	1.563314e-02
-2.080000e+00	1.346182e-02
-2.077500e+00	1.203775e-02
-2.075000e+00	1.128233e-02
-2.072500e+00	1.112717e-02
-2.070000e+00	1.152502e-02
-2.067500e+00	1.239169e-02
-2.065000e+00	1.347600e-02
-2.062500e+00	1.426089e-02
-2.060000e+00	1.421806e-02
-2.057500e+00	1.335913e-02
-2.055000e+00	1.222582e-02
-2.052500e+00	1.133761e-02
-2.050000e+00	1.094813e-02
-2.047500e+00	1.114101e-02
-2.045000e+00	1.193222e-02
-2.042500e+00	1.325450e-02
-2.040000e+00	1.481262e-02
-2.037500e+00	1.594051e-02
-2.035000e+00	1.589092e-02
-2.032500e+00	1.458424e-02
-2.030000e+00	1.269104e-02
-2.027500e+00	1.089631e-02
-2.025000e+00	9.511228e-03
-2.022500e+00	8.585914e-03
-2.020000e+00	8.083602e-03
-2.017500e+00	7.966770e-03
-2.015000e+00	8.220718e-03
-2.012500e+00	8.840847e-03
-2.010000e+00	9.777141e-03
-2.007500e+00	1.082159e-02
-2.005000e+00	1.152897e-02
-2.002500e+00	1.145083e-02
-2.000000e+00	1.060882e-02
-1.997500e+00	9.462652e-03
-1.995000e+00	8.429692e-03
-1.992500e+00	7.685777e-03
-1.990000e+00	7.254961e-03
-1.987500e+00	7.116170e-03
-1.985000e+00	7.254027e-03
-1.982500e+00	7.676229e-03
-1.980000e+00	8.418375e-03
-1.977500e+00	9.541431e-03
-1.975000e+00	1.111115e-02
-1.972500e+00	1.312700e-02
-1.970000e+00	1.536016e-02
-1.967500e+00	1.718935e-02
-1.965000e+00	1.785519e-02
-1.962500e+00	1.724421e-02
-1.960000e+00	1.607371e-02
-1.957500e+00	1.515132e-02
-1.955000e+00	1.492176e-02
-1.952500e+00	1.556379e-02
-1.950000e+00	1.715893e-02
-1.947500e+00	1.970527e-02
-1.945000e+00	2.292146e-02
-1.942500e+00	2.589946e-02
-1.940000e+00	2.715940e-02
-1.937500e+00	2.582692e-02
-1.935000e+00	2.265324e-02
-1.932500e+00	1.909825e-02
-1.930000e+00	1.608703e-02
-1.927500e+00	1.388982e-02
-1.925000e+00	1.247315e-02
-1.922500e+00	1.174126e-02
-1.920000e+00	1.162606e-02
-1.917500e+00	1.209795e-02
-1.915000e+00	1.312296e-02
-1.912500e+00	1.454671e-02
-1.910000e+00	1.592605e-02
-1.907500e+00	1.657462e-02
-1.905000e+00	1.613536e-02
-1.902500e+00	1.502302e-02
-1.900000e+00	1.396220e-02
-1.897500e+00	1.342981e-02
-1.895000e+00	1.361296e-02
-1.892500e+00	1.453198e-02
-1.890000e+00	1.602750e-02
-1.887500e+00	1.759015e-02
-1.885000e+00	1.833029e-02
-1.882500e+00	1.759095e-02
-1.880000e+00	1.567234e-02
-1.877500e+00	1.343878e-02
-1.875000e+00	1.150728e-02
-1.872500e+00	1.008340e-02
-1.870000e+00	9.162191e-03
-1.867500e+00	8.689246e-03
-1.865000e+00	8.626680e-03
-1.862500e+00	8.968369e-03
-1.860000e+00	9.727151e-03
-1.857500e+00	1.088256e-02
-1.855000e+00	1.225930e-02
-1.852500e+00	1.338452e-02
-1.850000e+00	1.362633e-02
-1.847500e+00	1.278469e-02
-1.845000e+00	1.133153e-02
-1.842500e+00	9.867865e-03
-1.840000e+00	8.706931e-03
-1.837500e+00	7.917189e-03
-1.835000e+00	7.472628e-03
-1.832500e+00	7.337340e-03
-1.830000e+00	7.495458e-03
-1.827500e+00	7.957680e-03
-1.825000e+00	8.755730e-03
-1.822500e+00	9.916154e-03
-1.820000e+00	1.138600e-02
-1.817500e+00	1.289840e-02
-1.815000e+00	1.392654e-02
-1.812500e+00	1.404743e-02
-1.810000e+00	1.344463e-02
-1.807500e+00	1.271796e-02
-1.805000e+00	1.234920e-02
-1.802500e+00	1.256907e-02
-1.800000e+00	1.348757e-02
-1.797500e+00	1.519911e-02
-1.795000e+00	1.778571e-02
-1.792500e+00	2.118097e-02
-1.790000e+00	2.484636e-02
-1.787500e+00	2.748979e-02
-1.785000e+00	2.767078e-02
-1.782500e+00	2.529198e-02
-1.780000e+00	2.171948e-02
-1.777500e+00	1.831361e-02
-1.775000e+00	1.568536e-02
-1.772500e+00	1.393155e-02
-1.770000e+00	1.297761e-02
-1.767500e+00	1.274186e-02
-1.765000e+00	1.317011e-02
-1.762500e+00	1.418556e-02
-1.760000e+00	1.555127e-02
-1.757500e+00	1.672172e-02
-1.755000e+00	1.702935e-02
-1.752500e+00	1.633248e-02
-1.750000e+00	1.520530e-02
-1.747500e+00	1.432927e-02
-1.745000e+00	1.408876e-02
-1.742500e+00	1.463117e-02
-1.740000e+00	1.597980e-02
-1.737500e+00	1.798146e-02
-1.735000e+00	2.008188e-02
-1.732500e+00	2.123565e-02
-1.730000e+00	2.057522e-02
-1.727500e+00	1.836144e-02
-1.725000e+00	1.563800e-02
-1.722500e+00	1.320828e-02
-1.720000e+00	1.135845e-02
-1.717500e+00	1.008964e-02
-1.715000e+00	9.325776e-03
-1.712500e+00	9.002443e-03
-1.710000e+00	9.091893e-03
-1.707500e+00	9.602319e-03
-1.705000e+00	1.055635e-02
-1.702500e+00	1.192485e-02
-1.700000e+00	1.348239e-02
-1.697500e+00	1.466402e-02
-1.695000e+00	1.479007e-02
-1.692500e+00	1.374256e-02
-1.690000e+00	1.210797e-02
-1.687500e+00	1.052772e-02
-1.685000e+00	9.308534e-03
-1.682500e+00	8.508385e-03
-1.680000e+00	8.098339e-03
-1.677500e+00	8.046362e-03
-1.675000e+00	8.343488e-03
-1.672500e+00	9.000065e-03
-1.670000e+00	1.001091e-02
-1.667500e+00	1.126675e-02
-1.665000e+00	1.243141e-02
-1.662500e+00	1.299627e-02
-1.660000e+00	1.272535e-02
-1.657500e+00	1.195323e-02
-1.655000e+00	1.121121e-02
-1.652500e+00	1.083249e-02
-1.650000e+00	1.094942e-02
-1.647500e+00	1.162300e-02
-1.645000e+00	1.292406e-02
-1.642500e+00	1.495049e-02
-1.640000e+00	1.777165e-02
-1.637500e+00	2.124149e-02
-1.635000e+00	2.465978e-02
-1.632500e+00	2.667242e-02
-1.630000e+00	2.621222e-02
-1.627500e+00	2.373502e-02
-1.625000e+00	2.068530e-02
-1.622500e+00	1.815445e-02
-1.620000e+00	1.655741e-02
-1.617500e+00	1.593539e-02
-1.615000e+00	1.616999e-02
-1.612500e+00	1.696296e-02
-1.610000e+00	1.771193e-02
-1.607500e+00	1.767183e-02
-1.605000e+00	1.660198e-02
-1.602500e+00	1.501372e-02
-1.600000e+00	1.356722e-02
-1.597500e+00	1.262180e-02
-1.595000e+00	1.228955e-02
-1.592500e+00	1.260279e-02
-1.590000e+00	1.360370e-02
-1.587500e+00	1.535221e-02
-1.585000e+00	1.784208e-02
-1.582500e+00	2.077296e-02
-1.580000e+00	2.325001e-02
-1.577500e+00	2.398128e-02
-1.575000e+00	2.243567e-02
-1.572500e+00	1.948191e-02
-1.570000e+00	1.636873e-02
-1.567500e+00	1.378743e-02
-1.565000e+00	1.190088e-02
-1.562500e+00	1.065224e-02
-1.560000e+00	9.948962e-03
-1.557500e+00	9.727770e-03
-1.555000e+00	9.965706e-03
-1.552500e+00	1.066241e-02
-1.550000e+00	1.178090e-02
-1.547500e+00	1.311848e-02
-1.545000e+00	1.417336e-02
-1.542500e+00	1.432976e-02
-1.540000e+00	1.346137e-02
-1.537500e+00	1.208786e-02
-1.535000e+00	1.080186e-02
-1.532500e+00	9.904366e-03
-1.530000e+00	9.474385e-03
-1.527500e+00	9.511103e-03
-1.525000e+00	9.991578e-03
-1.522500e+00	1.083847e-02
-1.520000e+00	1.181352e-02
-1.517500e+00	1.245712e-02
-1.515000e+00	1.235465e-02
-1.512500e+00	1.158301e-02
-1.510000e+00	1.061217e-02
-1.507500e+00	9.839079e-03
-1.505000e+00	9.433252e-03
-1.502500e+00	9.437220e-03
-1.500000e+00	9.868614e-03
-1.497500e+00	1.076754e-02
-1.495000e+00	1.220728e-02
-1.492500e+00	1.426964e-02
-1.490000e+00	1.694740e-02
-1.487500e+00	1.992066e-02
-1.485000e+00	2.232876e-02
-1.482500e+00	2.311766e-02
-1.480000e+00	2.212099e-02
-1.477500e+00	2.032007e-02
-1.475000e+00	1.882034e-02
-1.472500e+00	1.821235e-02
-1.470000e+00	1.867538e-02
-1.467500e+00	2.013992e-02
-1.465000e+00	2.219472e-02
-1.462500e+00	2.387372e-02
-1.460000e+00	2.395950e-02
-1.457500e+00	2.209790e-02
-1.455000e+00	1.917976e-02
-1.452500e+00	1.629645e-02
-1.450000e+00	1.399648e-02
-1.447500e+00	1.238486e-02
-1.445000e+00	1.139976e-02
-1.442500e+00	1.096405e-02
-1.440000e+00	1.103808e-02
-1.437500e+00	1.163261e-02
-1.435000e+00	1.280634e-02
-1.432500e+00	1.464171e-02
-1.430000e+00	1.715969e-02
-1.427500e+00	2.010610e-02
-1.425000e+00	2.265974e-02
-1.422500e+00	2.358640e-02
-1.420000e+00	2.232989e-02
-1.417500e+00	1.969471e-02
-1.415000e+00	1.691157e-02
-1.412500e+00	1.469764e-02
-1.410000e+00	1.325579e-02
-1.407500e+00	1.256780e-02
-1.405000e+00	1.255434e-02
-1.402500e+00	1.307218e-02
-1.400000e+00	1.380057e-02
-1.397500e+00	1.418289e-02
-1.395000e+00	1.374690e-02
-1.392500e+00	1.259407e-02
-1.390000e+00	1.124830e-02
-1.387500e+00	1.013257e-02
-1.385000e+00	9.414832e-03
-1.382500e+00	9.124255e-03
-1.380000e+00	9.258912e-03
-1.377500e+00	9.825313e-03
-1.375000e+00	1.082063e-02
-1.372500e+00	1.214692e-02
-1.370000e+00	1.346181e-02
-1.367500e+00	1.415891e-02
-1.365000e+00	1.381005e-02
-1.362500e+00	1.265906e-02
-1.360000e+00	1.132458e-02
-1.357500e+00	1.024178e-02
-1.355000e+00	9.562719e-03
-1.352500e+00	9.300654e-03
-1.350000e+00	9.443019e-03
-1.347500e+00	9.999831e-03
-1.345000e+00	1.101975e-02
-1.342500e+00	1.259021e-02
-1.340000e+00	1.481173e-02
-1.337500e+00	1.770220e-02
-1.335000e+00	2.096497e-02
-1.332500e+00	2.370950e-02
-1.330000e+00	2.471607e-02
-1.327500e+00	2.360395e-02
-1.325000e+00	2.133625e-02
-1.322500e+00	1.916287e-02
-1.320000e+00	1.778581e-02
-1.317500e+00	1.743668e-02
-1.315000e+00	1.815739e-02
-1.312500e+00	1.989335e-02
-1.310000e+00	2.234857e-02
-1.307500e+00	2.468412e-02
-1.305000e+00	2.556506e-02
-1.302500e+00	2.419896e-02
-1.300000e+00	2.123572e-02
-1.297500e+00	1.795482e-02
-1.295000e+00	1.516391e-02
-1.292500e+00	1.309109e-02
-1.290000e+00	1.169433e-02
-1.287500e+00	1.087426e-02
-1.285000e+00	1.055619e-02
-1.282500e+00	1.071159e-02
-1.280000e+00	1.135908e-02
-1.277500e+00	1.255245e-02
-1.275000e+00	1.433608e-02
-1.272500e+00	1.661902e-02
-1.270000e+00	1.894356e-02
-1.267500e+00	2.039412e-02
-1.265000e+00	2.020531e-02
-1.262500e+00	1.864409e-02
-1.260000e+00	1.671177e-02
-1.257500e+00	1.520609e-02
-1.255000e+00	1.445517e-02
-1.252500e+00	1.450055e-02
-1.250000e+00	1.520154e-02
-1.247500e+00	1.615162e-02
-1.245000e+00	1.662749e-02
-1.242500e+00	1.601110e-02
-1.240000e+00	1.442487e-02
-1.237500e+00	1.253517e-02
-1.235000e+00	1.087247e-02
-1.232500e+00	9.629222e-03
-1.230000e+00	8.807834e-03
-1.227500e+00	8.359747e-03
-1.225000e+00	8.246240e-03
-1.222500e+00	8.456650e-03
-1.220000e+00	9.010484e-03
-1.217500e+00	9.948339e-03
-1.215000e+00	1.129654e-02
-1.212500e+00	1.297060e-02
-1.210000e+00	1.461294e-02
-1.207500e+00	1.557410e-02
-1.205000e+00	1.540045e-02
-1.202500e+00	1.437695e-02
-1.200000e+00	1.320222e-02
-1.197500e+00	1.237959e-02
-1.195000e+00	1.211212e-02
-1.192500e+00	1.246449e-02
-1.190000e+00	1.348728e-02
-1.187500e+00	1.525605e-02
-1.185000e+00	1.782891e-02
-1.182500e+00	2.107787e-02
-1.180000e+00	2.436825e-02
-1.177500e+00	2.642489e-02
-1.175000e+00	2.616432e-02
-1.172500e+00	2.392782e-02
-1.170000e+00	2.108608e-02
-1.167500e+00	1.873320e-02
-1.165000e+00	1.731648e-02
-1.162500e+00	1.693006e-02
-1.160000e+00	1.756901e-02
-1.157500e+00	1.917925e-02
-1.155000e+00	2.150736e-02
-1.152500e+00	2.380313e-02
-1.150000e+00	2.480408e-02
-1.147500e+00	2.366177e-02
-1.145000e+00	2.089845e-02
-1.142500e+00	1.774475e-02
-1.140000e+00	1.502996e-02
-1.137500e+00	1.301116e-02
-1.135000e+00	1.166478e-02
-1.132500e+00	1.090341e-02
-1.130000e+00	1.066130e-02
-1.127500e+00	1.091317e-02
-1.125000e+00	1.165867e-02
-1.122500e+00	1.286318e-02
-1.120000e+00	1.432694e-02
-1.117500e+00	1.554705e-02
-1.115000e+00	1.590043e-02
-1.112500e+00	1.526258e-02
-1.110000e+00	1.418406e-02
-1.107500e+00	1.330980e-02
-1.105000e+00	1.299758e-02
-1.102500e+00	1.337753e-02
-1.100000e+00	1.446320e-02
-1.097500e+00	1.611415e-02
-1.095000e+00	1.784908e-02
-1.092500e+00	1.878040e-02
-1.090000e+00	1.819274e-02
-1.087500e+00	1.632746e-02
-1.085000e+00	1.406252e-02
-1.082500e+00	1.205957e-02
-1.080000e+00	1.054805e-02
-1.077500e+00	9.522788e-03
-1.075000e+00	8.915211e-03
-1.072500e+00	8.665685e-03
-1.070000e+00	8.744407e-03
-1.067500e+00	9.155716e-03
-1.065000e+00	9.938977e-03
-1.062500e+00	1.116664e-02
-1.060000e+00	1.292773e-02
-1.057500e+00	1.526297e-02
-1.055000e+00	1.799416e-02
-1.052500e+00	2.047568e-02
-1.050000e+00	2.168150e-02
-1.047500e+00	2.109295e-02
-1.045000e+00	1.935473e-02
-1.042500e+00	1.755110e-02
-1.040000e+00	1.637000e-02
-1.037500e+00	1.606674e-02
-1.035000e+00	1.670952e-02
-1.032500e+00	1.829890e-02
-1.030000e+00	2.068917e-02
-1.027500e+00	2.332430e-02
-1.025000e+00	2.506825e-02
-1.022500e+00	2.484251e-02
-1.020000e+00	2.278532e-02
-1.017500e+00	2.007767e-02
-1.015000e+00	1.775087e-02
-1.012500e+00	1.624852e-02
-1.010000e+00	1.566639e-02
-1.007500e+00	1.600227e-02
-1.005000e+00	1.723477e-02
-1.002500e+00	1.923782e-02
-1.000000e+00	2.153404e-02
-9.975000e-01	2.309616e-02
-9.950000e-01	2.284570e-02
-9.925000e-01	2.076174e-02
-9.900000e-01	1.788222e-02
-9.875000e-01	1.519109e-02
-9.850000e-01	1.311011e-02
-9.825000e-01	1.169208e-02
-9.800000e-01	1.087170e-02
-9.775000e-01	1.058348e-02
-9.750000e-01	1.078962e-02
-9.725000e-01	1.145370e-02
-9.700000e-01	1.245405e-02
-9.675000e-01	1.344991e-02
-9.650000e-01	1.389518e-02
-9.625000e-01	1.346461e-02
-9.600000e-01	1.243330e-02
-9.575000e-01	1.134863e-02
-9.550000e-01	1.057332e-02
-9.525000e-01	1.024035e-02
-9.500000e-01	1.038446e-02
-9.475000e-01	1.103240e-02
-9.450000e-01	1.222705e-02
-9.425000e-01	1.398805e-02
-9.400000e-01	1.617748e-02
-9.375000e-01	1.827702e-02
-9.350000e-01	1.938241e-02
-9.325000e-01	1.889710e-02
-9.300000e-01	1.723911e-02
-9.275000e-01	1.534685e-02
-9.250000e-01	1.386375e-02
-9.225000e-01	1.301992e-02
-9.200000e-01	1.285319e-02
-9.175000e-01	1.337295e-02
-9.150000e-01	1.461991e-02
-9.125000e-01	1.665002e-02
-9.100000e-01	1.942061e-02
-9.075000e-01	2.252678e-02
-9.050000e-01	2.493665e-02
-9.025000e-01	2.540293e-02
-9.000000e-01	2.371368e-02
-8.975000e-01	2.096686e-02
-8.950000e-01	1.837430e-02
-8.925000e-01	1.653871e-02
-8.900000e-01	1.561180e-02
-8.875000e-01	1.558897e-02
-8.850000e-01	1.643716e-02
-8.825000e-01	1.805499e-02
-8.800000e-01	2.007892e-02
-8.775000e-01	2.167740e-02
-8.750000e-01	2.186570e-02
-8.725000e-01	2.046924e-02
-8.700000e-01	1.833331e-02
-8.675000e-01	1.639863e-02
-8.650000e-01	1.514333e-02
-8.625000e-01	1.470308e-02
-8.600000e-01	1.508842e-02
-8.575000e-01	1.624941e-02
-8.550000e-01	1.796872e-02
-8.525000e-01	1.964374e-02
-8.500000e-01	2.031961e-02
-8.475000e-01	1.943452e-02
-8.450000e-01	1.746699e-02
-8.425000e-01	1.535486e-02
-8.400000e-01	1.370644e-02
-8.375000e-01	1.272225e-02
-8.350000e-01	1.240642e-02
-8.325000e-01	1.267957e-02
-8.300000e-01	1.333988e-02
-8.275000e-01	1.395563e-02
-8.250000e-01	1.396131e-02
-8.225000e-01	1.313772e-02
-8.200000e-01	1.184263e-02
-8.175000e-01	1.057378e-02
-8.150000e-01	9.599873e-03
-8.125000e-01	8.983148e-03
-8.100000e-01	8.705288e-03
-8.075000e-01	8.741113e-03
-8.050000e-01	9.086221e-03
-8.025000e-01	9.766534e-03
-8.000000e-01	1.084399e-02
-7.975000e-01	1.242197e-02
-7.950000e-01	1.464482e-02
-7.925000e-01	1.766818e-02
-7.900000e-01	2.153914e-02
-7.875000e-01	2.589372e-02
-7.850000e-01	2.956419e-02
-7.825000e-01	3.086092e-02
-7.800000e-01	2.912415e-02
-7.775000e-01	2.554897e-02
-7.750000e-01	2.181549e-02
-7.725000e-01	1.886236e-02
-7.700000e-01	1.693996e-02
-7.675000e-01	1.602223e-02
-7.650000e-01	1.604305e-02
-7.625000e-01	1.695024e-02
-7.600000e-01	1.862224e-02
-7.575000e-01	2.064692e-02
-7.550000e-01	2.212464e-02
-7.525000e-01	2.206317e-02
-7.500000e-01	2.037610e-02
-7.475000e-01	1.797377e-02
-7.450000e-01	1.577889e-02
-7.425000e-01	1.422166e-02
-7.400000e-01	1.339610e-02
-7.375000e-01	1.328921e-02
-7.350000e-01	1.387897e-02
-7.325000e-01	1.511195e-02
-7.300000e-01	1.676390e-02
-7.275000e-01	1.824358e-02
-7.250000e-01	1.870628e-02
-7.225000e-01	1.779071e-02
-7.200000e-01	1.604946e-02
-7.175000e-01	1.430607e-02
-7.150000e-01	1.304177e-02
-7.125000e-01	1.240716e-02
-7.100000e-01	1.241791e-02
-7.075000e-01	1.305315e-02
-7.050000e-01	1.422707e-02
-7.025000e-01	1.564763e-02
-7.000000e-01	1.669601e-02
-6.975000e-01	1.672194e-02
-6.950000e-01	1.571519e-02
-6.925000e-01	1.431907e-02
-6.900000e-01	1.316134e-02
-6.875000e-01	1.254280e-02
-6.850000e-01	1.254992e-02
-6.825000e-01	1.318988e-02
-6.800000e-01	1.440209e-02
-6.775000e-01	1.593960e-02
-6.750000e-01	1.722589e-02
-6.725000e-01	1.756485e-02
-6.700000e-01	1.681998e-02
-6.675000e-01	1.558863e-02
-6.650000e-01	1.455788e-02
-6.625000e-01	1.409824e-02
-6.600000e-01	1.434816e-02
-6.575000e-01	1.538362e-02
-6.550000e-01	1.729909e-02
-6.525000e-01	2.018823e-02
-6.500000e-01	2.398399e-02
-6.475000e-01	2.809420e-02
-6.450000e-01	3.107698e-02
-6.425000e-01	3.129932e-02
-6.400000e-01	2.861834e-02
-6.375000e-01	2.455796e-02
-6.350000e-01	2.066064e-02
-6.325000e-01	1.762587e-02
-6.300000e-01	1.556600e-02
-6.275000e-01	1.439533e-02
-6.250000e-01	1.402004e-02
-6.225000e-01	1.438459e-02
-6.200000e-01	1.543024e-02
-6.175000e-01	1.695678e-02
-6.150000e-01	1.841458e-02
-6.125000e-01	1.894489e-02
-6.100000e-01	1.806343e-02
-6.075000e-01	1.621915e-02
-6.050000e-01	1.424755e-02
-6.025000e-01	1.267537e-02
-6.000000e-01	1.166734e-02
-5.975000e-01	1.122749e-02
-5.950000e-01	1.132916e-02
-5.925000e-01	1.194286e-02
-5.900000e-01	1.297951e-02
-5.875000e-01	1.415806e-02
-5.850000e-01	1.493630e-02
-5.825000e-01	1.483338e-02
-5.800000e-01	1.395498e-02
-5.775000e-01	1.286488e-02
-5.750000e-01	1.203545e-02
-5.725000e-01	1.167323e-02
-5.700000e-01	1.184079e-02
-5.675000e-01	1.257815e-02
-5.650000e-01	1.395895e-02
-5.625000e-01	1.609976e-02
-5.600000e-01	1.911431e-02
-5.575000e-01	2.294817e-02
-5.550000e-01	2.702188e-02
-5.525000e-01	2.993156e-02
-5.500000e-01	3.012705e-02
-5.475000e-01	2.753317e-02
-5.450000e-01	2.364760e-02
-5.425000e-01	1.993864e-02
-5.400000e-01	1.705594e-02
-5.375000e-01	1.509324e-02
-5.350000e-01	1.395977e-02
-5.325000e-01	1.356172e-02
-5.300000e-01	1.385807e-02
-5.275000e-01	1.485908e-02
-5.250000e-01	1.657521e-02
-5.225000e-01	1.887395e-02
-5.200000e-01	2.122877e-02
-5.175000e-01	2.264604e-02
-5.150000e-01	2.235362e-02
-5.125000e-01	2.070125e-02
-5.100000e-01	1.876652e-02
-5.075000e-01	1.737333e-02
-5.050000e-01	1.684060e-02
-5.025000e-01	1.714853e-02
-5.000000e-01	1.798383e-02
-4.975000e-01	1.866682e-02
-4.950000e-01	1.840491e-02
-4.925000e-01	1.701574e-02
-4.900000e-01	1.509180e-02
-4.875000e-01	1.330690e-02
-4.850000e-01	1.198823e-02
-4.825000e-01	1.120306e-02
-4.800000e-01	1.093211e-02
-4.775000e-01	1.115832e-02
-4.750000e-01	1.188610e-02
-4.725000e-01	1.310694e-02
-4.700000e-01	1.469203e-02
-4.675000e-01	1.622900e-02
-4.650000e-01	1.705444e-02
-4.625000e-01	1.680220e-02
-4.600000e-01	1.585985e-02
-4.575000e-01	1.493964e-02
-4.550000e-01	1.452283e-02
-4.525000e-01	1.481814e-02
-4.500000e-01	1.592099e-02
-4.475000e-01	1.789208e-02
-4.450000e-01	2.068785e-02
-4.425000e-01	2.391587e-02
-4.400000e-01	2.657844e-02
-4.375000e-01	2.747658e-02
-4.350000e-01	2.644212e-02
-4.325000e-01	2.460934e-02
-4.300000e-01	2.320961e-02
-4.275000e-01	2.276079e-02
-4.250000e-01	2.302375e-02
-4.225000e-01	2.314083e-02
-4.200000e-01	2.217172e-02
-4.175000e-01	2.000858e-02
-4.150000e-01	1.739756e-02
-4.125000e-01	1.506998e-02
-4.100000e-01	1.333552e-02
-4.075000e-01	1.222751e-02
-4.050000e-01	1.169777e-02
-4.025000e-01	1.170923e-02
-4.000000e-01	1.225781e-02
-3.975000e-01	1.334750e-02
-3.950000e-01	1.489980e-02
-3.925000e-01	1.657848e-02
-3.900000e-01	1.769157e-02
-3.875000e-01	1.760104e-02
-3.850000e-01	1.642603e-02
-3.825000e-01	1.490546e-02
-3.800000e-01	1.367065e-02
-3.775000e-01	1.299696e-02
-3.750000e-01	1.295759e-02
-3.725000e-01	1.357775e-02
-3.700000e-01	1.488685e-02
-3.675000e-01	1.687162e-02
-3.650000e-01	1.930924e-02
-3.625000e-01	2.154195e-02
-3.600000e-01	2.262382e-02
-3.575000e-01	2.219499e-02
-3.550000e-01	2.097339e-02
-3.525000e-01	1.998495e-02
-3.500000e-01	1.981872e-02
-3.475000e-01	2.054015e-02
-3.450000e-01	2.171754e-02
-3.425000e-01	2.245048e-02
-3.400000e-01	2.191960e-02
-3.375000e-01	2.023654e-02
-3.350000e-01	1.826459e-02
-3.325000e-01	1.674612e-02
-3.300000e-01	1.600981e-02
-3.275000e-01	1.614901e-02
-3.250000e-01	1.717977e-02
-3.225000e-01	1.903118e-02
-3.200000e-01	2.135161e-02
-3.175000e-01	2.325544e-02
-3.150000e-01	2.357731e-02
-3.125000e-01	2.194640e-02
-3.100000e-01	1.921610e-02
-3.075000e-01	1.647301e-02
-3.050000e-01	1.428115e-02
-3.025000e-01	1.276143e-02
-3.000000e-01	1.186353e-02
-2.975000e-01	1.151549e-02
-2.950000e-01	1.166620e-02
-2.925000e-01	1.226531e-02
-2.900000e-01	1.318973e-02
-2.875000e-01	1.415544e-02
-2.850000e-01	1.480098e-02
-2.825000e-01	1.504932e-02
-2.800000e-01	1.526098e-02
-2.775000e-01	1.590793e-02
-2.750000e-01	1.730774e-02
-2.725000e-01	1.958908e-02
-2.700000e-01	2.260438e-02
-2.675000e-01	2.566303e-02
-2.650000e-01	2.747123e-02
-2.625000e-01	2.704553e-02
-2.600000e-01	2.485635e-02
-2.575000e-01	2.228483e-02
-2.550000e-01	2.036601e-02
-2.525000e-01	1.948539e-02
-2.500000e-01	1.960329e-02
-2.475000e-01	2.033308e-02
-2.450000e-01	2.088794e-02
-2.425000e-01	2.040954e-02
-2.400000e-01	1.876043e-02
-2.375000e-01	1.661598e-02
-2.350000e-01	1.468621e-02
-2.325000e-01	1.329939e-02
-2.300000e-01	1.251814e-02
-2.275000e-01	1.232262e-02
-2.250000e-01	1.269708e-02
-2.225000e-01	1.363558e-02
-2.200000e-01	1.507483e-02
-2.175000e-01	1.674601e-02
-2.150000e-01	1.807452e-02
-2.125000e-01	1.850407e-02
-2.100000e-01	1.813046e-02
-2.075000e-01	1.764502e-02
-2.050000e-01	1.767846e-02
-2.025000e-01	1.848521e-02
-2.000000e-01	1.991757e-02
-1.975000e-01	2.136739e-02
-1.950000e-01	2.195187e-02
-1.925000e-01	2.129851e-02
-1.900000e-01	1.999978e-02
-1.875000e-01	1.894809e-02
-1.850000e-01	1.867936e-02
-1.825000e-01	1.931464e-02
-1.800000e-01	2.060178e-02
-1.775000e-01	2.183643e-02
-1.750000e-01	2.207778e-02
-1.725000e-01	2.098409e-02
-1.700000e-01	1.919998e-02
-1.675000e-01	1.760631e-02
-1.650000e-01	1.668049e-02
-1.625000e-01	1.647806e-02
-1.600000e-01	1.672660e-02
-1.575000e-01	1.687810e-02
-1.550000e-01	1.642647e-02
-1.525000e-01	1.540236e-02
-1.500000e-01	1.428862e-02
-1.475000e-01	1.351750e-02
-1.450000e-01	1.329283e-02
-1.425000e-01	1.369440e-02
-1.400000e-01	1.478303e-02
-1.375000e-01	1.662447e-02
-1.350000e-01	1.921128e-02
-1.325000e-01	2.223822e-02
-1.300000e-01	2.482118e-02
-1.275000e-01	2.573994e-02
-1.250000e-01	2.458632e-02
-1.225000e-01	2.229377e-02
-1.200000e-01	2.009383e-02
-1.175000e-01	1.863402e-02
-1.150000e-01	1.796307e-02
-1.125000e-01	1.771355e-02
-1.100000e-01	1.731076e-02
-1.075000e-01	1.643265e-02
-1.050000e-01	1.531312e-02
-1.025000e-01	1.440567e-02
-1.000000e-01	1.399058e-02
-9.750000e-02	1.412975e-02
-9.500000e-02	1.474903e-02
-9.250000e-02	1.573637e-02
-9.000000e-02	1.704162e-02
-8.750000e-02	1.857379e-02
-8.500000e-02	1.990747e-02
-8.250000e-02	2.037061e-02
-8.000000e-02	1.977096e-02
-7.750000e-02	1.871873e-02
-7.500000e-02	1.797574e-02
-7.250000e-02	1.789773e-02
-7.000000e-02	1.835299e-02
-6.750000e-02	1.877927e-02
-6.500000e-02	1.851357e-02
-6.250000e-02	1.744554e-02
-6.000000e-02	1.611006e-02
-5.750000e-02	1.506859e-02
-5.500000e-02	1.453789e-02
-5.250000e-02	1.442756e-02
-5.000000e-02	1.451509e-02
-4.750000e-02	1.470618e-02
-4.500000e-02	1.514566e-02
-4.250000e-02	1.597917e-02
-4.000000e-02	1.704235e-02
-3.750000e-02	1.776435e-02
-3.500000e-02	1.755133e-02
-3.250000e-02	1.644707e-02
-3.000000e-02	1.505966e-02
-2.750000e-02	1.389694e-02
-2.500000e-02	1.311938e-02
-2.250000e-02	1.271682e-02
-2.000000e-02	1.264730e-02
-1.750000e-02	1.276879e-02
-1.500000e-02	1.278817e-02
-1.250000e-02	1.246451e-02
-1.000000e-02	1.182390e-02
-7.500000e-03	1.101923e-02
-5.000000e-03	1.016218e-02
-2.500000e-03	9.341503e-03
-6.394885e-14	8.613186e-03
2.500000e-03	7.993524e-03
5.000000e-03	7.492252e-03
7.500000e-03	7.113908e-03
1.000000e-02	6.848529e-03
1.250000e-02	6.677616e-03
1.500000e-02	6.582606e-03
1.750000e-02	6.548513e-03
2.000000e-02	6.564320e-03
2.250000e-02	6.622283e-03
2.500000e-02	6.717124e-03
2.750000e-02	6.845381e-03
3.000000e-02	7.004943e-03
3.250000e-02	7.194731e-03
3.500000e-02	7.414486e-03
3.750000e-02	7.664636e-03
4.000000e-02	7.946215e-03
4.250000e-02	8.260817e-03
4.500000e-02	8.610592e-03
4.750000e-02	8.998259e-03
5.000000e-02	9.427141e-03
5.250000e-02	9.901234e-03
5.500000e-02	1.042529e-02
5.750000e-02	1.100491e-02
6.000000e-02	1.164674e-02
6.250000e-02	1.235861e-02
6.500000e-02	1.314975e-02
6.750000e-02	1.403115e-02
7.000000e-02	1.501586e-02
7.250000e-02	1.611948e-02
7.500000e-02	1.736079e-02
7.750000e-02	1.876246e-02
8.000000e-02	2.035209e-02
8.250000e-02	2.216350e-02
8.500000e-02	2.423845e-02
8.750000e-02	2.662892e-02
9.000000e-02	2.940024e-02
9.250000e-02	3.263528e-02
9.500000e-02	3.644026e-02
9.750000e-02	4.095291e-02
1.000000e-01	4.635388e-02
1.025000e-01	5.288329e-02
1.050000e-01	6.086451e-02
1.075000e-01	7.073914e-02
1.100000e-01	8.311872e-02
1.125000e-01	9.886106e-02
1.150000e-01	1.191818e-01
1.175000e-01	1.458104e-01
1.200000e-01	1.811827e-01
1.225000e-01	2.285915e-01
1.250000e-01	2.919781e-01
1.275000e-01	3.744255e-01
1.300000e-01	4.733541e-01
1.325000e-01	5.711991e-01
1.350000e-01	6.307882e-01
1.375000e-01	6.186115e-01
1.400000e-01	5.422065e-01
1.425000e-01	4.407999e-01
1.450000e-01	3.461155e-01
1.475000e-01	2.698416e-01
1.500000e-01	2.119414e-01
1.525000e-01	1.687469e-01
1.550000e-01	1.364503e-01
1.575000e-01	1.120362e-01
1.600000e-01	9.331403e-02
1.625000e-01	7.873702e-02
1.650000e-01	6.721772e-02
1.675000e-01	5.798659e-02
1.700000e-01	5.049291e-02
1.725000e-01	4.433720e-02
1.750000e-01	3.922563e-02
1.775000e-01	3.493909e-02
1.800000e-01	3.131201e-02
1.825000e-01	2.821766e-02
1.850000e-01	2.555793e-02
1.875000e-01	2.325599e-02
1.900000e-01	2.125110e-02
1.925000e-01	1.949471e-02
1.950000e-01	1.794774e-02
1.975000e-01	1.657840e-02
2.000000e-01	1.536070e-02
2.025000e-01	1.427316e-02
2.050000e-01	1.329798e-02
2.075000e-01	1.242028e-02
2.100000e-01	1.162753e-02
2.125000e-01	1.090915e-02
2.150000e-01	1.025616e-02
2.175000e-01	9.660879e-03
2.200000e-01	9.116715e-03
2.225000e-01	8.617993e-03
2.250000e-01	8.159798e-03
2.275000e-01	7.737862e-03
2.300000e-01	7.348462e-03
2.325000e-01	6.988339e-03
2.350000e-01	6.654631e-03
2.375000e-01	6.344817e-03
2.400000e-01	6.056668e-03
2.425000e-01	5.788211e-03
2.450000e-01	5.537689e-03
2.475000e-01	5.303539e-03
2.500000e-01	5.084362e-03
2.525000e-01	4.878907e-03
2.550000e-01	4.686050e-03
2.575000e-01	4.504781e-03
2.600000e-01	4.334186e-03
2.625000e-01	4.173442e-03
2.650000e-01	4.021803e-03
2.675000e-01	3.878593e-03
2.700000e-01	3.743196e-03
2.725000e-01	3.615052e-03
2.750000e-01	3.493651e-03
2.775000e-01	3.378527e-03
2.800000e-01	3.269251e-03
2.825000e-01	3.165434e-03
2.850000e-01	3.066716e-03
2.875000e-01	2.972768e-03
2.900000e-01	2.883285e-03
2.925000e-01	2.797988e-03
2.950000e-01	2.716619e-03
2.975000e-01	2.638938e-03
3.000000e-01	2.564726e-03
3.025000e-01	2.493778e-03
3.050000e-01	2.425904e-03
3.075000e-01	2.360928e-03
3.100000e-01	2.298687e-03
3.125000e-01	2.239028e-03
3.150000e-01	2.181810e-03
3.175000e-01	2.126900e-03
3.200000e-01	2.074177e-03
3.225000e-01	2.023523e-03
3.250000e-01	1.974832e-03
3.275000e-01	1.928003e-03
3.300000e-01	1.882942e-03
3.325000e-01	1.839560e-03
3.350000e-01	1.797774e-03
3.375000e-01	1.757507e-03
3.400000e-01	1.718685e-03
3.425000e-01	1.681240e-03
3.450000e-01	1.645106e-03
3.475000e-01	1.610224e-03
3.500000e-01	1.576534e-03
3.525000e-01	1.543984e-03
3.550000e-01	1.512522e-03
3.575000e-01	1.482100e-03
3.600000e-01	1.452672e-03
3.625000e-01	1.424195e-03
3.650000e-01	1.396629e-03
3.675000e-01	1.369934e-03
3.700000e-01	1.344074e-03
3.725000e-01	1.319015e-03
3.750000e-01	1.294723e-03
3.775000e-01	1.271167e-03
3.800000e-01	1.248318e-03
3.825000e-01	1.226147e-03
3.850000e-01	1.204628e-03
3.875000e-01	1.183736e-03
3.900000e-01	1.163445e-03
3.925000e-01	1.143734e-03
3.950000e-01	1.124579e-03
3.975000e-01	1.105961e-03
4.000000e-01	1.087859e-03
4.025000e-01	1.070254e-03
4.050000e-01	1.053129e-03
4.075000e-01	1.036465e-03
4.100000e-01	1.020246e-03
4.125000e-01	1.004457e-03
4.150000e-01	9.890825e-04
4.175000e-01	9.741078e-04
4.200000e-01	9.595192e-04
4.225000e-01	9.453036e-04
4.250000e-01	9.314484e-04
4.275000e-01	9.179414e-04
4.300000e-01	9.047710e-04
4.325000e-01	8.919260e-04
4.350000e-01	8.793960e-04
4.375000e-01	8.671706e-04
4.400000e-01	8.552400e-04
4.425000e-01	8.435948e-04
4.450000e-01	8.322260e-04
4.475000e-01	8.211249e-04
4.500000e-01	8.102833e-04
4.525000e-01	7.996930e-04
4.550000e-01	7.893463e-04
4.575000e-01	7.792360e-04
4.600000e-01	7.693548e-04
4.625000e-01	7.596959e-04
4.650000e-01	7.502528e-04
4.675000e-01	7.410190e-04
4.700000e-01	7.319885e-04
4.725000e-01	7.231554e-04
4.750000e-01	7.145139e-04
4.775000e-01	7.060587e-04
4.800000e-01	6.977845e-04
4.825000e-01	6.896862e-04
4.850000e-01	6.817588e-04
4.875000e-01	6.739977e-04
4.900000e-01	6.663983e-04
4.925000e-01	6.589562e-04
4.950000e-01	6.516671e-04
4.975000e-01	6.445270e-04
5.000000e-01	6.375317e-04
5.025000e-01	6.306777e-04
5.050000e-01	6.239610e-04
5.075000e-01	6.173781e-04
5.100000e-01	6.109257e-04
5.125000e-01	6.046002e-04
5.150000e-01	5.983985e-04
5.175000e-01	5.923175e-04
5.200000e-01	5.863541e-04
5.225000e-01	5.805053e-04
5.250000e-01	5.747684e-04
5.275000e-01	5.691405e-04
5.300000e-01	5.636191e-04
5.325000e-01	5.582015e-04
5.350000e-01	5.528852e-04
5.375000e-01	5.476678e-04
5.400000e-01	5.425470e-04
5.425000e-01	5.375204e-04
5.450000e-01	5.325859e-04
5.475000e-01	5.277413e-04
5.500000e-01	5.229845e-04
5.525000e-01	5.183136e-04
5.550000e-01	5.137265e-04
5.575000e-01	5.092214e-04
5.600000e-01	5.047965e-04
5.625000e-01	5.004499e-04
5.650000e-01	4.961798e-04
5.675000e-01	4.919847e-04
5.700000e-01	4.878629e-04
5.725000e-01	4.838127e-04
5.750000e-01	4.798327e-04
5.775000e-01	4.759214e-04
5.800000e-01	4.720772e-04
5.825000e-01	4.682987e-04
5.850000e-01	4.645847e-04
5.875000e-01	4.609337e-04
5.900000e-01	4.573444e-04
5.925000e-01	4.538157e-04
5.950000e-01	4.503461e-04
5.975000e-01	4.469346e-04
6.000000e-01	4.435800e-04
6.025000e-01	4.402811e-04
6.050000e-01	4.370369e-04
6.075000e-01	4.338462e-04
6.100000e-01	4.307080e-04
6.125000e-01	4.276213e-04
6.150000e-01	4.245852e-04
6.175000e-01	4.215986e-04
6.200000e-01	4.186606e-04
6.225000e-01	4.157703e-04
6.250000e-01	4.129268e-04
6.275000e-01	4.101293e-04
6.300000e-01	4.073769e-04
6.325000e-01	4.046687e-04
6.350000e-01	4.020040e-04
6.375000e-01	3.993820e-04
6.400000e-01	3.968020e-04
6.425000e-01	3.942631e-04
6.450000e-01	3.917647e-04
6.475000e-01	3.893061e-04
6.500000e-01	3.868866e-04
6.525000e-01	3.845055e-04
6.550000e-01	3.821622e-04
6.575000e-01	3.798561e-04
6.600000e-01	3.775864e-04
6.625000e-01	3.753527e-04
6.650000e-01	3.731544e-04
6.675000e-01	3.709908e-04
6.700000e-01	3.688614e-04
6.725000e-01	3.667657e-04
6.750000e-01	3.647032e-04
6.775000e-01	3.626733e-04
6.800000e-01	3.606755e-04
6.825000e-01	3.587094e-04
6.850000e-01	3.567745e-04
6.875000e-01	3.548702e-04
6.900000e-01	3.529962e-04
6.925000e-01	3.511521e-04
6.950000e-01	3.493373e-04
6.975000e-01	3.475516e-04
7.000000e-01	3.457944e-04
7.025000e-01	3.440654e-04
7.050000e-01	3.423641e-04
7.075000e-01	3.406903e-04
7.100000e-01	3.390436e-04
7.125000e-01	3.374236e-04
7.150000e-01	3.358300e-04
7.175000e-01	3.342623e-04
7.200000e-01	3.327204e-04
7.225000e-01	3.312039e-04
7.250000e-01	3.297125e-04
7.275000e-01	3.282459e-04
7.300000e-01	3.268038e-04
7.325000e-01	3.253859e-04
7.350000e-01	3.239920e-04
7.375000e-01	3.226218e-04
7.400000e-01	3.212750e-04
7.425000e-01	3.199514e-04
7.450000e-01	3.186508e-04
7.475000e-01	3.173729e-04
7.500000e-01	3.161175e-04
7.525000e-01	3.148844e-04
7.550000e-01	3.136734e-04
7.575000e-01	3.124843e-04
7.600000e-01	3.113170e-04
7.625000e-01	3.101711e-04
7.650000e-01	3.090466e-04
7.675000e-01	3.079433e-04
7.700000e-01	3.068610e-04
7.725000e-01	3.057995e-04
7.750000e-01	3.047588e-04
7.775000e-01	3.037387e-04
7.800000e-01	3.027391e-04
7.825000e-01	3.017598e-04
7.850000e-01	3.008007e-04
7.875000e-01	2.998617e-04
7.900000e-01	2.989427e-04
7.925000e-01	2.980437e-04
7.950000e-01	2.971645e-04
7.975000e-01	2.963051e-04
8.000000e-01	2.954654e-04
8.025000e-01	2.946453e-04
8.050000e-01	2.938448e-04
8.075000e-01	2.930639e-04
8.100000e-01	2.923024e-04
8.125000e-01	2.915604e-04
8.150000e-01	2.908379e-04
8.175000e-01	2.901348e-04
8.200000e-01	2.894511e-04
8.225000e-01	2.887869e-04
8.250000e-01	2.881422e-04
8.275000e-01	2.875169e-04
8.300000e-01	2.869112e-04
8.325000e-01	2.863250e-04
8.350000e-01	2.857584e-04
8.375000e-01	2.852115e-04
8.400000e-01	2.846844e-04
8.425000e-01	2.841771e-04
8.450000e-01	2.836897e-04
8.475000e-01	2.832223e-04
8.500000e-01	2.827751e-04
8.525000e-01	2.823482e-04
8.550000e-01	2.819417e-04
8.575000e-01	2.815558e-04
8.600000e-01	2.811907e-04
8.625000e-01	2.808465e-04
8.650000e-01	2.805234e-04
8.675000e-01	2.802217e-04
8.700000e-01	2.799415e-04
8.725000e-01	2.796832e-04
8.750000e-01	2.794469e-04
8.775000e-01	2.792330e-04
8.800000e-01	2.790418e-04
8.825000e-01	2.788736e-04
8.850000e-01	2.787286e-04
8.875000e-01	2.786074e-04
8.900000e-01	2.785102e-04
8.925000e-01	2.784375e-04
8.950000e-01	2.783897e-04
8.975000e-01	2.783672e-04
9.000000e-01	2.783706e-04
9.025000e-01	2.784004e-04
9.050000e-01	2.784570e-04
9.075000e-01	2.785411e-04
9.100000e-01	2.786533e-04
9.125000e-01	2.787943e-04
9.150000e-01	2.789647e-04
9.175000e-01	2.791652e-04
9.200000e-01	2.793967e-04
9.225000e-01	2.796599e-04
9.250000e-01	2.799557e-04
9.275000e-01	2.802850e-04
9.300000e-01	2.806489e-04
9.325000e-01	2.810483e-04
9.350000e-01	2.814843e-04
9.375000e-01	2.819581e-04
9.400000e-01	2.824710e-04
9.425000e-01	2.830242e-04
9.450000e-01	2.836192e-04
9.475000e-01	2.842574e-04
9.500000e-01	2.849405e-04
9.525000e-01	2.856702e-04
9.550000e-01	2.864482e-04
9.575000e-01	2.872765e-04
9.600000e-01	2.881572e-04
9.625000e-01	2.890925e-04
9.650000e-01	2.900846e-04
9.675000e-01	2.911363e-04
9.700000e-01	2.922502e-04
9.725000e-01	2.934292e-04
9.750000e-01	2.946765e-04
9.775000e-01	2.959954e-04
9.800000e-01	2.973897e-04
9.825000e-01	2.988632e-04
9.850000e-01	3.004203e-04
9.875000e-01	3.020655e-04
9.900000e-01	3.038039e-04
9.925000e-01	3.056409e-04
9.950000e-01	3.075824e-04
9.975000e-01	3.096350e-04
1.000000e+00	3.118056e-04
1.002500e+00	3.141020e-04
1.005000e+00	3.165327e-04
1.007500e+00	3.191070e-04
1.010000e+00	3.218352e-04
1.012500e+00	3.247285e-04
1.015000e+00	3.277997e-04
1.017500e+00	3.310625e-04
1.020000e+00	3.345326e-04
1.022500e+00	3.382274e-04
1.025000e+00	3.421662e-04
1.027500e+00	3.463711e-04
1.030000e+00	3.508666e-04
1.032500e+00	3.556809e-04
1.035000e+00	3.608459e-04
1.037500e+00	3.663979e-04
1.040000e+00	3.723788e-04
1.042500e+00	3.788371e-04
1.045000e+00	3.858289e-04
1.047500e+00	3.934197e-04
1.050000e+00	4.016865e-04
1.052500e+00	4.107206e-04
1.055000e+00	4.206307e-04
1.057500e+00	4.315475e-04
1.060000e+00	4.436294e-04
1.062500e+00	4.570703e-04
1.065000e+00	4.721101e-04
1.067500e+00	4.890487e-04
1.070000e+00	5.082659e-04
1.072500e+00	5.302489e-04
1.075000e+00	5.556314e-04
1.077500e+00	5.852498e-04
1.080000e+00	6.202245e-04
1.082500e+00	6.620769e-04
1.085000e+00	7.128929e-04
1.087500e+00	7.755356e-04
1.090000e+00	8.538617e-04
1.092500e+00	9.527453e-04
1.095000e+00	1.077361e-03
1.097500e+00	1.230783e-03
1.100000e+00	1.409881e-03
1.102500e+00	1.603190e-03
1.105000e+00	1.795633e-03
1.107500e+00	1.977193e-03
1.110000e+00	2.144033e-03
1.112500e+00	2.293315e-03
1.115000e+00	2.423964e-03
1.117500e+00	2.543547e-03
1.120000e+00	2.665610e-03
1.122500e+00	2.780811e-03
1.125000e+00	2.862852e-03
1.127500e+00	2.924170e-03
1.130000e+00	3.010099e-03
1.132500e+00	3.127111e-03
1.135000e+00	3.224846e-03
1.137500e+00	3.269606e-03
1.140000e+00	3.299536e-03
1.142500e+00	3.362171e-03
1.145000e+00	3.443183e-03
1.147500e+00	3.500266e-03
1.150000e+00	3.544803e-03
1.152500e+00	3.626284e-03
1.155000e+00	3.740397e-03
1.157500e+00	3.808419e-03
1.160000e+00	3.776496e-03
1.162500e+00	3.704426e-03
1.165000e+00	3.702202e-03
1.167500e+00	3.825910e-03
1.170000e+00	4.037190e-03
1.172500e+00	4.209668e-03
1.175000e+00	4.220372e-03
1.177500e+00	4.088522e-03
1.180000e+00	3.954574e-03
1.182500e+00	3.937126e-03
1.185000e+00	4.063381e-03
1.187500e+00	4.264413e-03
1.190000e+00	4.405654e-03
1.192500e+00	4.402663e-03
1.195000e+00	4.322253e-03
1.197500e+00	4.298952e-03
1.200000e+00	4.395218e-03
1.202500e+00	4.551024e-03
1.205000e+00	4.622816e-03
1.207500e+00	4.525256e-03
1.210000e+00	4.338926e-03
1.212500e+00	4.218203e-03
1.215000e+00	4.264456e-03
1.217500e+00	4.496786e-03
1.220000e+00	4.844994e-03
1.222500e+00	5.134986e-03
1.225000e+00	5.171045e-03
1.227500e+00	4.932172e-03
1.230000e+00	4.597919e-03
1.232500e+00	4.358866e-03
1.235000e+00	4.310752e-03
1.237500e+00	4.469385e-03
1.240000e+00	4.782569e-03
1.242500e+00	5.109383e-03
1.245000e+00	5.257039e-03
1.247500e+00	5.151531e-03
1.250000e+00	4.929660e-03
1.252500e+00	4.786641e-03
1.255000e+00	4.827206e-03
1.257500e+00	5.037589e-03
1.260000e+00	5.285329e-03
1.262500e+00	5.367680e-03
1.265000e+00	5.187909e-03
1.267500e+00	4.866795e-03
1.270000e+00	4.601793e-03
1.272500e+00	4.518760e-03
1.275000e+00	4.663889e-03
1.277500e+00	5.028666e-03
1.280000e+00	5.529163e-03
1.282500e+00	5.960832e-03
1.285000e+00	6.065305e-03
1.287500e+00	5.773269e-03
1.290000e+00	5.288510e-03
1.292500e+00	4.862244e-03
1.295000e+00	4.631796e-03
1.297500e+00	4.638408e-03
1.300000e+00	4.872045e-03
1.302500e+00	5.265673e-03
1.305000e+00	5.656003e-03
1.307500e+00	5.819987e-03
1.310000e+00	5.671253e-03
1.312500e+00	5.367724e-03
1.315000e+00	5.138184e-03
1.317500e+00	5.119242e-03
1.320000e+00	5.342316e-03
1.322500e+00	5.740733e-03
1.325000e+00	6.122372e-03
1.327500e+00	6.221987e-03
1.330000e+00	5.932708e-03
1.332500e+00	5.427886e-03
1.335000e+00	4.958594e-03
1.337500e+00	4.672464e-03
1.340000e+00	4.620964e-03
1.342500e+00	4.816072e-03
1.345000e+00	5.249477e-03
1.347500e+00	5.860137e-03
1.350000e+00	6.465606e-03
1.352500e+00	6.767763e-03
1.355000e+00	6.584499e-03
1.357500e+00	6.065145e-03
1.360000e+00	5.516438e-03
1.362500e+00	5.146427e-03
1.365000e+00	5.031640e-03
1.367500e+00	5.175971e-03
1.370000e+00	5.527454e-03
1.372500e+00	5.940815e-03
1.375000e+00	6.173495e-03
1.377500e+00	6.053607e-03
1.380000e+00	5.672585e-03
1.382500e+00	5.275948e-03
1.385000e+00	5.047481e-03
1.387500e+00	5.066815e-03
1.390000e+00	5.355868e-03
1.392500e+00	5.893452e-03
1.395000e+00	6.567573e-03
1.397500e+00	7.111316e-03
1.400000e+00	7.198304e-03
1.402500e+00	6.756758e-03
1.405000e+00	6.054458e-03
1.407500e+00	5.400928e-03
1.410000e+00	4.954960e-03
1.412500e+00	4.759953e-03
1.415000e+00	4.818610e-03
1.417500e+00	5.124088e-03
1.420000e+00	5.643920e-03
1.422500e+00	6.260953e-03
1.425000e+00	6.725401e-03
1.427500e+00	6.778734e-03
1.430000e+00	6.426844e-03
1.432500e+00	5.940155e-03
1.435000e+00	5.580910e-03
1.437500e+00	5.477799e-03
1.440000e+00	5.664174e-03
1.442500e+00	6.108003e-03
1.445000e+00	6.674225e-03
1.447500e+00	7.081305e-03
1.450000e+00	7.036356e-03
1.452500e+00	6.531998e-03
1.455000e+00	5.848010e-03
1.457500e+00	5.254274e-03
1.460000e+00	4.874925e-03
1.462500e+00	4.740598e-03
1.465000e+00	4.855339e-03
1.467500e+00	5.222989e-03
1.470000e+00	5.834480e-03
1.472500e+00	6.611098e-03
1.475000e+00	7.321511e-03
1.477500e+00	7.616898e-03
1.480000e+00	7.330875e-03
1.482500e+00	6.683537e-03
1.485000e+00	6.029598e-03
1.487500e+00	5.587573e-03
1.490000e+00	5.431935e-03
1.492500e+00	5.567902e-03
1.495000e+00	5.954906e-03
1.497500e+00	6.464257e-03
1.500000e+00	6.835783e-03
1.502500e+00	6.801401e-03
1.505000e+00	6.356887e-03
1.507500e+00	5.761642e-03
1.510000e+00	5.266282e-03
1.512500e+00	4.989404e-03
1.515000e+00	4.965991e-03
1.517500e+00	5.207509e-03
1.520000e+00	5.720495e-03
1.522500e+00	6.479099e-03
1.525000e+00	7.346121e-03
1.527500e+00	7.999013e-03
1.530000e+00	8.070455e-03
1.532500e+00	7.521967e-03
1.535000e+00	6.692802e-03
1.537500e+00	5.935738e-03
1.540000e+00	5.420622e-03
1.542500e+00	5.188970e-03
1.545000e+00	5.237543e-03
1.547500e+00	5.546962e-03
1.550000e+00	6.054530e-03
1.552500e+00	6.589030e-03
1.555000e+00	6.866796e-03
1.557500e+00	6.699251e-03
1.560000e+00	6.209579e-03
1.562500e+00	5.686249e-03
1.565000e+00	5.334251e-03
1.567500e+00	5.237110e-03
1.570000e+00	5.421506e-03
1.572500e+00	5.896474e-03
1.575000e+00	6.638069e-03
1.577500e+00	7.514487e-03
1.580000e+00	8.203237e-03
1.582500e+00	8.310264e-03
1.585000e+00	7.754540e-03
1.587500e+00	6.865679e-03
1.590000e+00	6.017790e-03
1.592500e+00	5.397753e-03
1.595000e+00	5.050309e-03
1.597500e+00	4.970698e-03
1.600000e+00	5.149058e-03
1.602500e+00	5.569235e-03
1.605000e+00	6.165998e-03
1.607500e+00	6.754156e-03
1.610000e+00	7.039712e-03
1.612500e+00	6.854737e-03
1.615000e+00	6.358528e-03
1.617500e+00	5.854614e-03
1.620000e+00	5.546422e-03
1.622500e+00	5.515375e-03
1.625000e+00	5.786910e-03
1.627500e+00	6.359303e-03
1.630000e+00	7.166912e-03
1.632500e+00	7.988286e-03
1.635000e+00	8.425211e-03
1.637500e+00	8.178743e-03
1.640000e+00	7.386336e-03
1.642500e+00	6.449972e-03
1.645000e+00	5.662539e-03
1.647500e+00	5.128950e-03
1.650000e+00	4.858405e-03
1.652500e+00	4.838754e-03
1.655000e+00	5.063442e-03
1.657500e+00	5.524256e-03
1.660000e+00	6.168735e-03
1.662500e+00	6.826233e-03
1.665000e+00	7.199023e-03
1.667500e+00	7.081664e-03
1.670000e+00	6.603637e-03
1.672500e+00	6.081855e-03
1.675000e+00	5.747469e-03
1.677500e+00	5.697967e-03
1.680000e+00	5.962880e-03
1.682500e+00	6.536187e-03
1.685000e+00	7.337695e-03
1.687500e+00	8.121033e-03
1.690000e+00	8.476089e-03
1.692500e+00	8.138289e-03
1.695000e+00	7.291150e-03
1.697500e+00	6.338998e-03
1.700000e+00	5.551634e-03
1.702500e+00	5.016494e-03
1.705000e+00	4.734925e-03
1.707500e+00	4.691830e-03
1.710000e+00	4.880977e-03
1.712500e+00	5.301934e-03
1.715000e+00	5.928500e-03
1.717500e+00	6.640825e-03
1.720000e+00	7.173266e-03
1.722500e+00	7.249521e-03
1.725000e+00	6.878702e-03
1.727500e+00	6.354722e-03
1.730000e+00	5.961754e-03
1.732500e+00	5.841511e-03
1.735000e+00	6.041564e-03
1.737500e+00	6.563136e-03
1.740000e+00	7.337419e-03
1.742500e+00	8.137390e-03
1.745000e+00	8.555437e-03
1.747500e+00	8.280441e-03
1.750000e+00	7.443814e-03
1.752500e+00	6.450651e-03
1.755000e+00	5.597408e-03
1.757500e+00	4.987530e-03
1.760000e+00	4.624385e-03
1.762500e+00	4.487983e-03
1.765000e+00	4.566335e-03
1.767500e+00	4.860547e-03
1.770000e+00	5.370844e-03
1.772500e+00	6.053970e-03
1.775000e+00	6.751181e-03
1.777500e+00	7.177492e-03
1.780000e+00	7.133118e-03
1.782500e+00	6.745563e-03
1.785000e+00	6.332379e-03
1.787500e+00	6.131411e-03
1.790000e+00	6.246796e-03
1.792500e+00	6.700241e-03
1.795000e+00	7.432266e-03
1.797500e+00	8.225899e-03
1.800000e+00	8.672048e-03
1.802500e+00	8.424764e-03
1.805000e+00	7.575386e-03
1.807500e+00	6.527884e-03
1.810000e+00	5.598447e-03
1.812500e+00	4.901797e-03
1.815000e+00	4.440421e-03
1.817500e+00	4.186457e-03
1.820000e+00	4.117191e-03
1.822500e+00	4.225536e-03
1.825000e+00	4.520983e-03
1.827500e+00	5.023769e-03
1.830000e+00	5.743663e-03
1.832500e+00	6.625226e-03
1.835000e+00	7.465827e-03
1.837500e+00	7.935350e-03
1.840000e+00	7.858715e-03
1.842500e+00	7.445798e-03
1.845000e+00	7.066416e-03
1.847500e+00	6.955825e-03
1.850000e+00	7.158599e-03
1.852500e+00	7.539198e-03
1.855000e+00	7.784277e-03
1.857500e+00	7.572685e-03
1.860000e+00	6.893329e-03
1.862500e+00	6.033203e-03
1.865000e+00	5.260583e-03
1.867500e+00	4.687604e-03
1.870000e+00	4.326825e-03
1.872500e+00	4.161447e-03
1.875000e+00	4.178840e-03
1.877500e+00	4.381252e-03
1.880000e+00	4.786234e-03
1.882500e+00	5.416677e-03
1.885000e+00	6.266823e-03
1.887500e+00	7.224851e-03
1.890000e+00	7.990845e-03
1.892500e+00	8.188576e-03
1.895000e+00	7.739644e-03
1.897500e+00	6.968420e-03
1.900000e+00	6.249841e-03
1.902500e+00	5.779492e-03
1.905000e+00	5.614363e-03
1.907500e+00	5.758407e-03
1.910000e+00	6.189228e-03
1.912500e+00	6.818002e-03
1.915000e+00	7.410954e-03
1.917500e+00	7.615737e-03
1.920000e+00	7.247326e-03
1.922500e+00	6.499577e-03
1.925000e+00	5.708622e-03
1.927500e+00	5.079104e-03
1.930000e+00	4.671098e-03
1.932500e+00	4.482630e-03
1.935000e+00	4.503518e-03
1.937500e+00	4.734757e-03
1.940000e+00	5.187567e-03
1.942500e+00	5.861105e-03
1.945000e+00	6.684070e-03
1.947500e+00	7.433331e-03
1.950000e+00	7.770705e-03
1.952500e+00	7.539336e-03
1.955000e+00	6.961401e-03
1.957500e+00	6.389006e-03
1.960000e+00	6.041223e-03
1.962500e+00	6.000044e-03
1.965000e+00	6.288350e-03
1.967500e+00	6.900515e-03
1.970000e+00	7.761228e-03
1.972500e+00	8.627197e-03
1.975000e+00	9.072225e-03
1.977500e+00	8.790974e-03
1.980000e+00	7.944983e-03
1.982500e+00	6.961196e-03
1.985000e+00	6.141927e-03
1.987500e+00	5.592263e-03
1.990000e+00	5.319507e-03
1.992500e+00	5.310866e-03
1.995000e+00	5.563139e-03
1.997500e+00	6.081056e-03
2.000000e+00	6.844170e-03
2.002500e+00	7.730033e-03
2.005000e+00	8.439094e-03
2.007500e+00	8.617365e-03
2.010000e+00	8.215707e-03
2.012500e+00	7.560482e-03
2.015000e+00	7.009466e-03
2.017500e+00	6.750764e-03
2.020000e+00	6.850143e-03
2.022500e+00	7.329047e-03
2.025000e+00	8.177543e-03
2.027500e+00	9.286126e-03
2.030000e+00	1.032332e-02
2.032500e+00	1.076207e-02
2.035000e+00	1.030410e-02
2.037500e+00	9.229199e-03
2.040000e+00	8.058054e-03
2.042500e+00	7.119480e-03
2.045000e+00	6.516332e-03
2.047500e+00	6.251031e-03
2.050000e+00	6.308794e-03
2.052500e+00	6.681868e-03
2.055000e+00	7.349255e-03
2.057500e+00	8.207438e-03
2.060000e+00	8.978791e-03
2.062500e+00	9.272490e-03
2.065000e+00	8.935692e-03
2.067500e+00	8.243785e-03
2.070000e+00	7.591218e-03
2.072500e+00	7.212302e-03
2.075000e+00	7.193502e-03
2.077500e+00	7.565702e-03
2.080000e+00	8.345704e-03
2.082500e+00	9.505642e-03
2.085000e+00	1.086032e-02
2.087500e+00	1.194109e-02
2.090000e+00	1.216186e-02
2.092500e+00	1.138839e-02
2.095000e+00	1.010355e-02
2.097500e+00	8.870168e-03
2.100000e+00	7.975188e-03
2.102500e+00	7.490923e-03
2.105000e+00	7.412715e-03
2.107500e+00	7.722941e-03
2.110000e+00	8.380667e-03
2.112500e+00	9.244410e-03
2.115000e+00	9.977872e-03
2.117500e+00	1.015234e-02
2.120000e+00	9.648138e-03
2.122500e+00	8.798588e-03
2.125000e+00	8.016843e-03
2.127500e+00	7.526953e-03
2.130000e+00	7.400890e-03
2.132500e+00	7.660258e-03
2.135000e+00	8.326676e-03
2.137500e+00	9.414719e-03
2.140000e+00	1.085690e-02
2.142500e+00	1.235295e-02
2.145000e+00	1.329893e-02
2.147500e+00	1.316690e-02
2.150000e+00	1.209649e-02
2.152500e+00	1.073060e-02
2.155000e+00	9.593464e-03
2.157500e+00	8.901531e-03
2.160000e+00	8.698268e-03
2.162500e+00	8.972778e-03
2.165000e+00	9.677131e-03
2.167500e+00	1.064814e-02
2.170000e+00	1.149388e-02
2.172500e+00	1.169321e-02
2.175000e+00	1.106423e-02
2.177500e+00	9.975373e-03
2.180000e+00	8.918773e-03
2.182500e+00	8.164896e-03
2.185000e+00	7.791663e-03
2.187500e+00	7.807509e-03
2.190000e+00	8.220865e-03
2.192500e+00	9.056300e-03
2.195000e+00	1.032421e-02
2.197500e+00	1.192110e-02
2.200000e+00	1.346474e-02
2.202500e+00	1.428873e-02
2.205000e+00	1.395331e-02
2.207500e+00	1.276963e-02
2.210000e+00	1.143836e-02
2.212500e+00	1.044710e-02
2.215000e+00	9.980305e-03
2.217500e+00	1.007472e-02
2.220000e+00	1.071280e-02
2.222500e+00	1.179360e-02
2.225000e+00	1.300008e-02
2.227500e+00	1.373115e-02
2.230000e+00	1.346170e-02
2.232500e+00	1.230848e-02
2.235000e+00	1.087411e-02
2.237500e+00	9.648811e-03
2.240000e+00	8.826544e-03
2.242500e+00	8.435982e-03
2.245000e+00	8.466318e-03
2.247500e+00	8.921023e-03
2.250000e+00	9.822622e-03
2.252500e+00	1.117119e-02
2.255000e+00	1.282909e-02
2.257500e+00	1.435419e-02
2.260000e+00	1.505770e-02
2.262500e+00	1.459275e-02
2.265000e+00	1.338524e-02
2.267500e+00	1.215091e-02
2.270000e+00	1.134269e-02
2.272500e+00	1.112679e-02
2.275000e+00	1.154068e-02
2.277500e+00	1.255965e-02
2.280000e+00	1.402281e-02
2.282500e+00	1.546036e-02
2.285000e+00	1.610381e-02
2.287500e+00	1.546923e-02
2.290000e+00	1.391005e-02
2.292500e+00	1.218037e-02
2.295000e+00	1.077939e-02
2.297500e+00	9.870405e-03
2.300000e+00	9.461254e-03
2.302500e+00	9.532967e-03
2.305000e+00	1.008522e-02
2.307500e+00	1.112551e-02
2.310000e+00	1.259542e-02
2.312500e+00	1.421694e-02
2.315000e+00	1.538653e-02
2.317500e+00	1.550390e-02
2.320000e+00	1.462571e-02
2.322500e+00	1.341641e-02
2.325000e+00	1.248884e-02
2.327500e+00	1.213674e-02
2.330000e+00	1.245649e-02
2.332500e+00	1.346762e-02
2.335000e+00	1.509475e-02
2.337500e+00	1.700033e-02
2.340000e+00	1.841923e-02
2.342500e+00	1.849257e-02
2.345000e+00	1.713307e-02
2.347500e+00	1.512335e-02
2.350000e+00	1.326750e-02
2.352500e+00	1.194272e-02
2.355000e+00	1.123036e-02
2.357500e+00	1.111626e-02
2.360000e+00	1.158096e-02
2.362500e+00	1.259255e-02
2.365000e+00	1.400830e-02
2.367500e+00	1.541110e-02
2.370000e+00	1.612749e-02
2.372500e+00	1.576004e-02
2.375000e+00	1.466336e-02
2.377500e+00	1.353730e-02
2.380000e+00	1.285743e-02
2.382500e+00	1.281762e-02
2.385000e+00	1.348610e-02
2.387500e+00	1.488571e-02
2.390000e+00	1.693288e-02
2.392500e+00	1.922772e-02
2.395000e+00	2.088054e-02
2.397500e+00	2.095031e-02
2.400000e+00	1.942909e-02
2.402500e+00	1.725554e-02
2.405000e+00	1.533359e-02
2.407500e+00	1.407939e-02
2.410000e+00	1.358965e-02
2.412500e+00	1.385105e-02
2.415000e+00	1.479498e-02
2.417500e+00	1.619973e-02
2.420000e+00	1.751875e-02
2.422500e+00	1.797641e-02
2.425000e+00	1.722948e-02
2.427500e+00	1.576975e-02
2.430000e+00	1.435082e-02
2.432500e+00	1.342541e-02
2.435000e+00	1.315225e-02
2.437500e+00	1.357878e-02
2.440000e+00	1.474206e-02
2.442500e+00	1.665953e-02
2.445000e+00	1.919199e-02
2.447500e+00	2.177709e-02
2.450000e+00	2.334014e-02
2.452500e+00	2.301961e-02
2.455000e+00	2.115436e-02
2.457500e+00	1.888846e-02
2.460000e+00	1.710772e-02
2.462500e+00	1.617208e-02
2.465000e+00	1.615645e-02
2.467500e+00	1.702559e-02
2.470000e+00	1.860362e-02
2.472500e+00	2.037547e-02
2.475000e+00	2.140482e-02
2.477500e+00	2.092201e-02
2.480000e+00	1.916146e-02
2.482500e+00	1.705704e-02
2.485000e+00	1.534148e-02
2.487500e+00	1.430539e-02
2.490000e+00	1.400585e-02
2.492500e+00	1.445129e-02
2.495000e+00	1.566892e-02
2.497500e+00	1.767387e-02
2.500000e+00	2.031691e-02
2.502500e+00	2.300474e-02
2.505000e+00	2.461875e-02
2.507500e+00	2.428834e-02
2.510000e+00	2.239990e-02
2.512500e+00	2.015348e-02
2.515000e+00	1.846745e-02
2.517500e+00	1.771846e-02
2.520000e+00	1.798532e-02
2.522500e+00	1.919936e-02
2.525000e+00	2.105607e-02
2.527500e+00	2.279138e-02
2.530000e+00	2.330922e-02
2.532500e+00	2.209972e-02
2.535000e+00	1.982181e-02
2.537500e+00	1.751349e-02
2.540000e+00	1.578953e-02
2.542500e+00	1.483880e-02
2.545000e+00	1.467899e-02
2.547500e+00	1.530676e-02
2.550000e+00	1.671919e-02
2.552500e+00	1.881444e-02
2.555000e+00	2.116194e-02
2.557500e+00	2.284210e-02
2.560000e+00	2.294288e-02
2.562500e+00	2.154751e-02
2.565000e+00	1.965939e-02
2.567500e+00	1.820393e-02
2.570000e+00	1.762001e-02
2.572500e+00	1.803119e-02
2.575000e+00	1.939454e-02
2.577500e+00	2.141733e-02
2.580000e+00	2.332290e-02
2.582500e+00	2.395950e-02
2.585000e+00	2.274891e-02
2.587500e+00	2.035064e-02
2.590000e+00	1.786709e-02
2.592500e+00	1.596726e-02
2.595000e+00	1.485888e-02
2.597500e+00	1.455503e-02
2.600000e+00	1.503121e-02
2.602500e+00	1.623598e-02
2.605000e+00	1.796818e-02
2.607500e+00	1.967046e-02
2.610000e+00	2.047607e-02
2.612500e+00	1.991407e-02
2.615000e+00	1.847929e-02
2.617500e+00	1.707045e-02
2.620000e+00	1.628272e-02
2.622500e+00	1.634946e-02
2.625000e+00	1.731261e-02
2.627500e+00	1.904583e-02
2.630000e+00	2.107473e-02
2.632500e+00	2.243918e-02
2.635000e+00	2.221147e-02
2.637500e+00	2.047545e-02
2.640000e+00	1.821332e-02
2.642500e+00	1.630426e-02
2.645000e+00	1.513596e-02
2.647500e+00	1.479267e-02
2.650000e+00	1.524269e-02
2.652500e+00	1.634726e-02
2.655000e+00	1.771443e-02
2.657500e+00	1.860690e-02
2.660000e+00	1.835865e-02
2.662500e+00	1.708348e-02
2.665000e+00	1.552863e-02
2.667500e+00	1.433760e-02
2.670000e+00	1.380022e-02
2.672500e+00	1.400269e-02
2.675000e+00	1.495929e-02
2.677500e+00	1.659767e-02
2.680000e+00	1.858919e-02
2.682500e+00	2.016332e-02
2.685000e+00	2.040996e-02
2.687500e+00	1.918175e-02
2.690000e+00	1.728092e-02
2.692500e+00	1.559325e-02
2.695000e+00	1.457110e-02
2.697500e+00	1.434131e-02
2.700000e+00	1.488483e-02
2.702500e+00	1.604472e-02
2.705000e+00	1.737744e-02
2.707500e+00	1.810108e-02
2.710000e+00	1.759766e-02
2.712500e+00	1.608442e-02
2.715000e+00	1.433026e-02
2.717500e+00	1.292476e-02
2.720000e+00	1.209991e-02
2.722500e+00	1.190363e-02
2.725000e+00	1.234424e-02
2.727500e+00	1.342940e-02
2.730000e+00	1.510396e-02
2.732500e+00	1.707195e-02
2.735000e+00	1.861337e-02
2.737500e+00	1.886324e-02
2.740000e+00	1.766920e-02
2.742500e+00	1.578365e-02
2.745000e+00	1.404370e-02
2.747500e+00	1.287242e-02
2.750000e+00	1.238585e-02
2.752500e+00	1.259134e-02
2.755000e+00	1.346063e-02
2.757500e+00	1.486560e-02
2.760000e+00	1.640043e-02
2.762500e+00	1.730392e-02
2.765000e+00	1.693502e-02
2.767500e+00	1.547589e-02
2.770000e+00	1.370043e-02
2.772500e+00	1.222451e-02
2.775000e+00	1.129427e-02
2.777500e+00	1.095470e-02
2.780000e+00	1.119798e-02
2.782500e+00	1.200217e-02
2.785000e+00	1.326827e-02
2.787500e+00	1.467065e-02
2.790000e+00	1.559388e-02
2.792500e+00	1.552848e-02
2.795000e+00	1.465271e-02
2.797500e+00	1.363970e-02
2.800000e+00	1.303232e-02
2.802500e+00	1.304214e-02
2.805000e+00	1.361143e-02
2.807500e+00	1.440273e-02
2.810000e+00	1.481623e-02
2.812500e+00	1.439032e-02
2.815000e+00	1.329716e-02
2.817500e+00	1.211568e-02
2.820000e+00	1.129139e-02
2.822500e+00	1.100895e-02
2.825000e+00	1.130548e-02
2.827500e+00	1.212499e-02
2.830000e+00	1.324196e-02
2.832500e+00	1.415134e-02
2.835000e+00	1.425810e-02
2.837500e+00	1.345336e-02
2.840000e+00	1.224344e-02
2.842500e+00	1.119833e-02
2.845000e+00	1.061556e-02
2.847500e+00	1.058810e-02
2.850000e+00	1.112306e-02
2.852500e+00	1.215011e-02
2.855000e+00	1.341078e-02
2.857500e+00	1.435466e-02
2.860000e+00	1.440044e-02
2.862500e+00	1.353688e-02
2.865000e+00	1.234253e-02
2.867500e+00	1.138764e-02
2.870000e+00	1.094528e-02
2.872500e+00	1.106921e-02
2.875000e+00	1.166373e-02
2.877500e+00	1.242896e-02
2.880000e+00	1.284433e-02
2.882500e+00	1.250221e-02
2.885000e+00	1.154506e-02
2.887500e+00	1.047769e-02
2.890000e+00	9.691823e-03
2.892500e+00	9.351524e-03
2.895000e+00	9.504656e-03
2.897500e+00	1.016657e-02
2.900000e+00	1.131314e-02
2.902500e+00	1.277253e-02
2.905000e+00	1.406509e-02
2.907500e+00	1.449431e-02
2.910000e+00	1.375507e-02
2.912500e+00	1.229891e-02
2.915000e+00	1.080664e-02
2.917500e+00	9.674729e-03
2.920000e+00	9.021393e-03
2.922500e+00	8.851370e-03
2.925000e+00	9.147851e-03
2.927500e+00	9.875487e-03
2.930000e+00	1.090532e-02
2.932500e+00	1.190404e-02
2.935000e+00	1.240187e-02
2.937500e+00	1.221521e-02
2.940000e+00	1.167897e-02
2.942500e+00	1.124009e-02
2.945000e+00	1.103786e-02
2.947500e+00	1.086423e-02
2.950000e+00	1.042691e-02
2.952500e+00	9.713752e-03
2.955000e+00	8.995779e-03
2.957500e+00	8.534835e-03
2.960000e+00	8.462312e-03
2.962500e+00	8.831643e-03
2.965000e+00	9.664729e-03
2.967500e+00	1.091950e-02
2.970000e+00	1.236082e-02
2.972500e+00	1.343321e-02
2.975000e+00	1.349704e-02
2.977500e+00	1.247143e-02
2.980000e+00	1.092849e-02
2.982500e+00	9.467345e-03
2.985000e+00	8.368587e-03
2.987500e+00	7.686446e-03
2.990000e+00	7.400418e-03
2.992500e+00	7.491425e-03
2.995000e+00	7.961968e-03
2.997500e+00	8.819635e-03
3.000000e+00	1.001184e-02
3.002500e+00	1.129865e-02
3.005000e+00	1.218291e-02
3.007500e+00	1.221052e-02
3.010000e+00	1.147918e-02
3.012500e+00	1.052436e-02
3.015000e+00	9.761481e-03
3.017500e+00	9.261896e-03
3.020000e+00	8.864959e-03
3.022500e+00	8.428152e-03
3.025000e+00	8.010281e-03
3.027500e+00	7.785915e-03
3.030000e+00	7.890799e-03
3.032500e+00	8.389665e-03
3.035000e+00	9.276885e-03
3.037500e+00	1.040705e-02
3.040000e+00	1.138126e-02
3.042500e+00	1.164708e-02
3.045000e+00	1.099711e-02
3.047500e+00	9.816459e-03
3.050000e+00	8.637114e-03
3.052500e+00	7.755588e-03
3.055000e+00	7.255820e-03
3.057500e+00	7.139561e-03
3.060000e+00	7.396843e-03
3.062500e+00	8.010076e-03
3.065000e+00	8.898767e-03
3.067500e+00	9.823591e-03
3.070000e+00	1.039679e-02
3.072500e+00	1.039396e-02
3.075000e+00	1.002069e-02
3.077500e+00	9.630149e-03
3.080000e+00	9.325825e-03
3.082500e+00	8.945556e-03
3.085000e+00	8.359213e-03
3.087500e+00	7.683592e-03
3.090000e+00	7.142059e-03
3.092500e+00	6.880563e-03
3.095000e+00	6.958838e-03
3.097500e+00	7.399289e-03
3.100000e+00	8.192479e-03
3.102500e+00	9.229800e-03
3.105000e+00	1.018920e-02
3.107500e+00	1.057479e-02
3.110000e+00	1.013094e-02
3.112500e+00	9.147917e-03
3.115000e+00	8.121275e-03
3.117500e+00	7.357602e-03
3.120000e+00	6.952500e-03
3.122500e+00	6.896082e-03
3.125000e+00	7.117435e-03
3.127500e+00	7.470454e-03
3.130000e+00	7.767900e-03
3.132500e+00	7.945332e-03
3.135000e+00	8.143089e-03
3.137500e+00	8.520282e-03
3.140000e+00	9.033407e-03
3.142500e+00	9.376115e-03
3.145000e+00	9.195426e-03
3.147500e+00	8.485529e-03
3.150000e+00	7.589710e-03
3.152500e+00	6.834878e-03
3.155000e+00	6.369868e-03
3.157500e+00	6.230628e-03
3.160000e+00	6.417329e-03
3.162500e+00	6.912802e-03
3.165000e+00	7.641286e-03
3.167500e+00	8.393714e-03
3.170000e+00	8.854589e-03
3.172500e+00	8.866856e-03
3.175000e+00	8.599621e-03
3.177500e+00	8.272735e-03
3.180000e+00	7.889672e-03
3.182500e+00	7.358339e-03
3.185000e+00	6.734540e-03
3.187500e+00	6.195475e-03
3.190000e+00	5.877598e-03
3.192500e+00	5.839994e-03
3.195000e+00	6.104957e-03
3.197500e+00	6.677537e-03
3.200000e+00	7.510702e-03
3.202500e+00	8.413024e-03
3.205000e+00	8.996574e-03
3.207500e+00	8.906718e-03
3.210000e+00	8.210894e-03
3.212500e+00	7.316152e-03
3.215000e+00	6.559515e-03
3.217500e+00	6.059351e-03
3.220000e+00	5.786427e-03
3.222500e+00	5.663275e-03
3.225000e+00	5.659763e-03
3.227500e+00	5.826618e-03
3.230000e+00	6.235010e-03
3.232500e+00	6.900723e-03
3.235000e+00	7.708424e-03
3.237500e+00	8.344081e-03
3.240000e+00	8.421006e-03
3.242500e+00	7.860106e-03
3.245000e+00	6.984690e-03
3.247500e+00	6.161155e-03
3.250000e+00	5.572033e-03
3.252500e+00	5.257642e-03
3.255000e+00	5.199723e-03
3.257500e+00	5.356519e-03
3.260000e+00	5.676577e-03
3.262500e+00	6.130960e-03
3.265000e+00	6.715462e-03
3.267500e+00	7.343425e-03
3.270000e+00	7.745379e-03
3.272500e+00	7.626515e-03
3.275000e+00	7.006350e-03
3.277500e+00	6.203308e-03
3.280000e+00	5.506911e-03
3.282500e+00	5.043308e-03
3.285000e+00	4.837688e-03
3.287500e+00	4.884509e-03
3.290000e+00	5.170549e-03
3.292500e+00	5.658037e-03
3.295000e+00	6.248615e-03
3.297500e+00	6.779122e-03
3.300000e+00	7.067906e-03
3.302500e+00	6.964310e-03
3.305000e+00	6.465162e-03
3.307500e+00	5.781058e-03
3.310000e+00	5.160417e-03
3.312500e+00	4.737931e-03
3.315000e+00	4.552395e-03
3.317500e+00	4.606810e-03
3.320000e+00	4.893982e-03
3.322500e+00	5.379474e-03
3.325000e+00	5.949656e-03
3.327500e+00	6.383861e-03
3.330000e+00	6.464045e-03
3.332500e+00	6.149953e-03
3.335000e+00	5.591345e-03
3.337500e+00	5.005721e-03
3.340000e+00	4.555370e-03
3.342500e+00	4.311720e-03
3.345000e+00	4.292323e-03
3.347500e+00	4.494517e-03
3.350000e+00	4.891034e-03
3.352500e+00	5.385106e-03
3.355000e+00	5.769752e-03
3.357500e+00	5.819435e-03
3.360000e+00	5.500978e-03
3.362500e+00	4.992268e-03
3.365000e+00	4.500592e-03
3.367500e+00	4.154618e-03
3.370000e+00	4.006342e-03
3.372500e+00	4.066355e-03
3.375000e+00	4.319915e-03
3.377500e+00	4.703574e-03
3.380000e+00	5.060790e-03
3.382500e+00	5.175730e-03
3.385000e+00	4.957864e-03
3.387500e+00	4.539545e-03
3.390000e+00	4.121050e-03
3.392500e+00	3.831070e-03
3.395000e+00	3.721315e-03
3.397500e+00	3.798584e-03
3.400000e+00	4.031983e-03
3.402500e+00	4.325320e-03
3.405000e+00	4.504842e-03
3.407500e+00	4.426206e-03
3.410000e+00	4.127935e-03
3.412500e+00	3.779788e-03
3.415000e+00	3.522494e-03
3.417500e+00	3.418935e-03
3.420000e+00	3.475312e-03
3.422500e+00	3.646962e-03
3.425000e+00	3.822017e-03
3.427500e+00	3.853104e-03
3.430000e+00	3.686307e-03
3.432500e+00	3.421061e-03
3.435000e+00	3.195174e-03
3.437500e+00	3.086225e-03
3.440000e+00	3.103842e-03
3.442500e+00	3.196174e-03
3.445000e+00	3.256403e-03
3.447500e+00	3.189939e-03
3.450000e+00	3.012972e-03
3.452500e+00	2.827517e-03
3.455000e+00	2.714938e-03
3.457500e+00	2.689373e-03
3.460000e+00	2.700601e-03
3.462500e+00	2.667356e-03
3.465000e+00	2.554833e-03
3.467500e+00	2.410737e-03
3.470000e+00	2.298408e-03
3.472500e+00	2.231284e-03
3.475000e+00	2.171163e-03
3.477500e+00	2.077310e-03
3.480000e+00	1.956071e-03
3.482500e+00	1.839294e-03
3.485000e+00	1.733963e-03
3.487500e+00	1.622669e-03
3.490000e+00	1.498309e-03
3.492500e+00	1.369269e-03
3.495000e+00	1.240148e-03
3.497500e+00	1.112608e-03
3.500000e+00	9.925008e-04
3.502500e+00	8.863913e-04
3.505000e+00	7.975791e-04
3.507500e+00	7.255874e-04
3.510000e+00	6.677789e-04
3.512500e+00	6.210986e-04
3.515000e+00	5.829192e-04
3.517500e+00	5.512193e-04
3.520000e+00	5.245043e-04
3.522500e+00	5.016787e-04
3.525000e+00	4.819345e-04
3.527500e+00	4.646687e-04
3.530000e+00	4.494247e-04
3.532500e+00	4.358514e-04
3.535000e+00	4.236754e-04
3.537500e+00	4.126802e-04
3.540000e+00	4.026928e-04
3.542500e+00	3.935728e-04
3.545000e+00	3.852055e-04
3.547500e+00	3.774959e-04
3.550000e+00	3.703650e-04
3.552500e+00	3.637461e-04
3.555000e+00	3.575828e-04
3.557500e+00	3.518268e-04
3.560000e+00	3.464369e-04
3.562500e+00	3.413772e-04
3.565000e+00	3.366166e-04
3.567500e+00	3.321280e-04
3.570000e+00	3.278875e-04
3.572500e+00	3.238741e-04
3.575000e+00	3.200692e-04
3.577500e+00	3.164562e-04
3.580000e+00	3.130203e-04
3.582500e+00	3.097483e-04
3.585000e+00	3.066282e-04
3.587500e+00	3.036495e-04
3.590000e+00	3.008023e-04
3.592500e+00	2.980779e-04
3.595000e+00	2.954683e-04
3.597500e+00	2.929663e-04
3.600000e+00	2.905651e-04
3.602500e+00	2.882588e-04
3.605000e+00	2.860417e-04
3.607500e+00	2.839086e-04
3.610000e+00	2.818550e-04
3.612500e+00	2.798764e-04
3.615000e+00	2.779688e-04
3.617500e+00	2.761284e-04
3.620000e+00	2.743519e-04
3.622500e+00	2.726359e-04
3.625000e+00	2.709776e-04
3.627500e+00	2.693740e-04
3.630000e+00	2.678227e-04
3.632500e+00	2.663211e-04
3.635000e+00	2.648671e-04
3.637500e+00	2.634584e-04
3.640000e+00	2.620931e-04
3.642500e+00	2.607694e-04
3.645000e+00	2.594854e-04
3.647500e+00	2.582395e-04
3.650000e+00	2.570301e-04
3.652500e+00	2.558558e-04
3.655000e+00	2.547152e-04
3.657500e+00	2.536070e-04
3.660000e+00	2.525298e-04
3.662500e+00	2.514827e-04
3.665000e+00	2.504644e-04
3.667500e+00	2.494738e-04
3.670000e+00	2.485101e-04
3.672500e+00	2.475722e-04
3.675000e+00	2.466593e-04
3.677500e+00	2.457704e-04
3.680000e+00	2.449048e-04
3.682500e+00	2.440618e-04
3.685000e+00	2.432404e-04
3.687500e+00	2.424402e-04
3.690000e+00	2.416603e-04
3.692500e+00	2.409001e-04
3.695000e+00	2.401591e-04
3.697500e+00	2.394366e-04
3.700000e+00	2.387321e-04
3.702500e+00	2.380450e-04
3.705000e+00	2.373749e-04
3.707500e+00	2.367212e-04
3.710000e+00	2.360835e-04
3.712500e+00	2.354613e-04
3.715000e+00	2.348541e-04
3.717500e+00	2.342617e-04
3.720000e+00	2.336835e-04
3.722500e+00	2.331191e-04
3.725000e+00	2.325683e-04
3.727500e+00	2.320307e-04
3.730000e+00	2.315059e-04
3.732500e+00	2.309935e-04
3.735000e+00	2.304934e-04
3.737500e+00	2.300051e-04
3.740000e+00	2.295284e-04
3.742500e+00	2.290630e-04
3.745000e+00	2.286086e-04
3.747500e+00	2.281650e-04
3.750000e+00	2.277318e-04
3.752500e+00	2.273090e-04
3.755000e+00	2.268962e-04
3.757500e+00	2.264931e-04
3.760000e+00	2.260997e-04
3.762500e+00	2.257156e-04
3.765000e+00	2.253406e-04
3.767500e+00	2.249746e-04
3.770000e+00	2.246174e-04
3.772500e+00	2.242688e-04
3.775000e+00	2.239286e-04
3.777500e+00	2.235966e-04
3.780000e+00	2.232726e-04
3.782500e+00	2.229565e-04
3.785000e+00	2.226482e-04
3.787500e+00	2.223475e-04
3.790000e+00	2.220541e-04
3.792500e+00	2.217681e-04
3.795000e+00	2.214892e-04
3.797500e+00	2.212173e-04
3.800000e+00	2.209523e-04
3.802500e+00	2.206940e-04
3.805000e+00	2.204424e-04
3.807500e+00	2.201972e-04
3.810000e+00	2.199584e-04
3.812500e+00	2.197259e-04
3.815000e+00	2.194996e-04
3.817500e+00	2.192793e-04
3.820000e+00	2.190649e-04
3.822500e+00	2.188564e-04
3.825000e+00	2.186537e-04
3.827500e+00	2.184565e-04
3.830000e+00	2.182650e-04
3.832500e+00	2.180789e-04
3.835000e+00	2.178981e-04
3.837500e+00	2.177227e-04
3.840000e+00	2.175524e-04
3.842500e+00	2.173873e-04
3.845000e+00	2.172272e-04
3.847500e+00	2.170720e-04
3.850000e+00	2.169218e-04
3.852500e+00	2.167763e-04
3.855000e+00	2.166356e-04
3.857500e+00	2.164996e-04
3.860000e+00	2.163682e-04
3.862500e+00	2.162412e-04
3.865000e+00	2.161188e-04
3.867500e+00	2.160008e-04
3.870000e+00	2.158871e-04
3.872500e+00	2.157776e-04
3.875000e+00	2.156724e-04
3.877500e+00	2.155714e-04
3.880000e+00	2.154745e-04
3.882500e+00	2.153816e-04
3.885000e+00	2.152927e-04
3.887500e+00	2.152078e-04
3.890000e+00	2.151268e-04
3.892500e+00	2.150496e-04
3.895000e+00	2.149762e-04
3.897500e+00	2.149065e-04
3.900000e+00	2.148406e-04
3.902500e+00	2.147783e-04
3.905000e+00	2.147196e-04
3.907500e+00	2.146645e-04
3.910000e+00	2.146129e-04
3.912500e+00	2.145648e-04
3.915000e+00	2.145201e-04
3.917500e+00	2.144789e-04
3.920000e+00	2.144410e-04
3.922500e+00	2.144064e-04
3.925000e+00	2.143752e-04
3.927500e+00	2.143471e-04
3.930000e+00	2.143223e-04
3.932500e+00	2.143007e-04
3.935000e+00	2.142822e-04
3.937500e+00	2.142669e-04
3.940000e+00	2.142546e-04
3.942500e+00	2.142454e-04
3.945000e+00	2.142392e-04
3.947500e+00	2.142360e-04
3.950000e+00	2.142358e-04
3.952500e+00	2.142384e-04
3.955000e+00	2.142440e-04
3.957500e+00	2.142525e-04
3.960000e+00	2.142638e-04
3.962500e+00	2.142779e-04
3.965000e+00	2.142948e-04
3.967500e+00	2.143145e-04
3.970000e+00	2.143370e-04
3.972500e+00	2.143621e-04
3.975000e+00	2.143899e-04
3.977500e+00	2.144205e-04
3.980000e+00	2.144536e-04
3.982500e+00	2.144894e-04
3.985000e+00	2.145278e-04
3.987500e+00	2.145688e-04
3.990000e+00	2.146123e-04
3.992500e+00	2.146584e-04
3.995000e+00	2.147069e-04
3.997500e+00	2.147580e-04
