#omega	spectral weight
-6.000000e+00	2.238552e-05
-5.997500e+00	2.240508e-05
-5.995000e+00	2.242469e-05
-5.992500e+00	2.244435e-05
-5.990000e+00	2.246407e-05
-5.987500e+00	2.248383e-05
-5.985000e+00	2.250365e-05
-5.982500e+00	2.252352e-05
-5.980000e+00	2.254344e-05
-5.977500e+00	2.256341e-05
-5.975000e+00	2.258344e-05
-5.972500e+00	2.260352e-05
-5.970000e+00	2.262365e-05
-5.967500e+00	2.264384e-05
-5.965000e+00	2.266408e-05
-5.962500e+00	2.268437e-05
-5.960000e+00	2.270472e-05
-5.957500e+00	2.272512e-05
-5.955000e+00	2.274557e-05
-5.952500e+00	2.276609e-05
-5.950000e+00	2.278665e-05
-5.947500e+00	2.280728e-05
-5.945000e+00	2.282796e-05
-5.942500e+00	2.284869e-05
-5.940000e+00	2.286948e-05
-5.937500e+00	2.289033e-05
-5.935000e+00	2.291124e-05
-5.932500e+00	2.293220e-05
-5.930000e+00	2.295322e-05
-5.927500e+00	2.297430e-05
-5.925000e+00	2.299544e-05
-5.922500e+00	2.301663e-05
-5.920000e+00	2.303789e-05
-5.917500e+00	2.305920e-05
-5.915000e+00	2.308057e-05
-5.912500e+00	2.310201e-05
-5.910000e+00	2.312350e-05
-5.907500e+00	2.314505e-05
-5.905000e+00	2.316667e-05
-5.902500e+00	2.318834e-05
-5.900000e+00	2.321008e-05
-5.897500e+00	2.323188e-05
-5.895000e+00	2.325374e-05
-5.892500e+00	2.327566e-05
-5.890000e+00	2.329765e-05
-5.887500e+00	2.331970e-05
-5.885000e+00	2.334181e-05
-5.882500e+00	2.336399e-05
-5.880000e+00	2.338623e-05
-5.877500e+00	2.340853e-05
-5.875000e+00	2.343090e-05
-5.872500e+00	2.345333e-05
-5.870000e+00	2.347583e-05
-5.867500e+00	2.349840e-05
-5.865000e+00	2.352103e-05
-5.862500e+00	2.354373e-05
-5.860000e+00	2.356649e-05
-5.857500e+00	2.358933e-05
-5.855000e+00	2.361223e-05
-5.852500e+00	2.363520e-05
-5.850000e+00	2.365823e-05
-5.847500e+00	2.368134e-05
-5.845000e+00	2.370451e-05
-5.842500e+00	2.372776e-05
-5.840000e+00	2.375107e-05
-5.837500e+00	2.377446e-05
-5.835000e+00	2.379791e-05
-5.832500e+00	2.382144e-05
-5.830000e+00	2.384504e-05
-5.827500e+00	2.386871e-05
-5.825000e+00	2.389245e-05
-5.822500e+00	2.391626e-05
-5.820000e+00	2.394015e-05
-5.817500e+00	2.396411e-05
-5.815000e+00	2.398815e-05
-5.812500e+00	2.401226e-05
-5.810000e+00	2.403645e-05
-5.807500e+00	2.406071e-05
-5.805000e+00	2.408504e-05
-5.802500e+00	2.410946e-05
-5.800000e+00	2.413394e-05
-5.797500e+00	2.415851e-05
-5.795000e+00	2.418315e-05
-5.792500e+00	2.420788e-05
-5.790000e+00	2.423267e-05
-5.787500e+00	2.425755e-05
-5.785000e+00	2.428251e-05
-5.782500e+00	2.430755e-05
-5.780000e+00	2.433267e-05
-5.777500e+00	2.435787e-05
-5.775000e+00	2.438315e-05
-5.772500e+00	2.440851e-05
-5.770000e+00	2.443395e-05
-5.767500e+00	2.445948e-05
-5.765000e+00	2.448509e-05
-5.762500e+00	2.451078e-05
-5.760000e+00	2.453656e-05
-5.757500e+00	2.456242e-05
-5.755000e+00	2.458837e-05
-5.752500e+00	2.461440e-05
-5.750000e+00	2.464052e-05
-5.747500e+00	2.466673e-05
-5.745000e+00	2.469302e-05
-5.742500e+00	2.471940e-05
-5.740000e+00	2.474587e-05
-5.737500e+00	2.477243e-05
-5.735000e+00	2.479908e-05
-5.732500e+00	2.482581e-05
-5.730000e+00	2.485264e-05
-5.727500e+00	2.487956e-05
-5.725000e+00	2.490657e-05
-5.722500e+00	2.493368e-05
-5.720000e+00	2.496087e-05
-5.717500e+00	2.498816e-05
-5.715000e+00	2.501555e-05
-5.712500e+00	2.504302e-05
-5.710000e+00	2.507060e-05
-5.707500e+00	2.509827e-05
-5.705000e+00	2.512603e-05
-5.702500e+00	2.515390e-05
-5.700000e+00	2.518186e-05
-5.697500e+00	2.520991e-05
-5.695000e+00	2.523807e-05
-5.692500e+00	2.526633e-05
-5.690000e+00	2.529468e-05
-5.687500e+00	2.532314e-05
-5.685000e+00	2.535170e-05
-5.682500e+00	2.538036e-05
-5.680000e+00	2.540913e-05
-5.677500e+00	2.543799e-05
-5.675000e+00	2.546697e-05
-5.672500e+00	2.549604e-05
-5.670000e+00	2.552522e-05
-5.667500e+00	2.555451e-05
-5.665000e+00	2.558391e-05
-5.662500e+00	2.561341e-05
-5.660000e+00	2.564302e-05
-5.657500e+00	2.567274e-05
-5.655000e+00	2.570257e-05
-5.652500e+00	2.573251e-05
-5.650000e+00	2.576256e-05
-5.647500e+00	2.579272e-05
-5.645000e+00	2.582300e-05
-5.642500e+00	2.585339e-05
-5.640000e+00	2.588389e-05
-5.637500e+00	2.591451e-05
-5.635000e+00	2.594525e-05
-5.632500e+00	2.597610e-05
-5.630000e+00	2.600707e-05
-5.627500e+00	2.603815e-05
-5.625000e+00	2.606936e-05
-5.622500e+00	2.610068e-05
-5.620000e+00	2.613213e-05
-5.617500e+00	2.616370e-05
-5.615000e+00	2.619539e-05
-5.612500e+00	2.622720e-05
-5.610000e+00	2.625914e-05
-5.607500e+00	2.629120e-05
-5.605000e+00	2.632339e-05
-5.602500e+00	2.635570e-05
-5.600000e+00	2.638815e-05
-5.597500e+00	2.642072e-05
-5.595000e+00	2.645342e-05
-5.592500e+00	2.648625e-05
-5.590000e+00	2.651921e-05
-5.587500e+00	2.655230e-05
-5.585000e+00	2.658553e-05
-5.582500e+00	2.661889e-05
-5.580000e+00	2.665239e-05
-5.577500e+00	2.668602e-05
-5.575000e+00	2.671979e-05
-5.572500e+00	2.675370e-05
-5.570000e+00	2.678774e-05
-5.567500e+00	2.682193e-05
-5.565000e+00	2.685626e-05
-5.562500e+00	2.689073e-05
-5.560000e+00	2.692534e-05
-5.557500e+00	2.696010e-05
-5.555000e+00	2.699500e-05
-5.552500e+00	2.703005e-05
-5.550000e+00	2.706524e-05
-5.547500e+00	2.710059e-05
-5.545000e+00	2.713608e-05
-5.542500e+00	2.717173e-05
-5.540000e+00	2.720753e-05
-5.537500e+00	2.724348e-05
-5.535000e+00	2.727958e-05
-5.532500e+00	2.731584e-05
-5.530000e+00	2.735226e-05
-5.527500e+00	2.738883e-05
-5.525000e+00	2.742556e-05
-5.522500e+00	2.746246e-05
-5.520000e+00	2.749951e-05
-5.517500e+00	2.753673e-05
-5.515000e+00	2.757411e-05
-5.512500e+00	2.761166e-05
-5.510000e+00	2.764937e-05
-5.507500e+00	2.768725e-05
-5.505000e+00	2.772531e-05
-5.502500e+00	2.776353e-05
-5.500000e+00	2.780192e-05
-5.497500e+00	2.784049e-05
-5.495000e+00	2.787923e-05
-5.492500e+00	2.791814e-05
-5.490000e+00	2.795724e-05
-5.487500e+00	2.799651e-05
-5.485000e+00	2.803596e-05
-5.482500e+00	2.807560e-05
-5.480000e+00	2.811542e-05
-5.477500e+00	2.815542e-05
-5.475000e+00	2.819561e-05
-5.472500e+00	2.823598e-05
-5.470000e+00	2.827655e-05
-5.467500e+00	2.831731e-05
-5.465000e+00	2.835825e-05
-5.462500e+00	2.839940e-05
-5.460000e+00	2.844073e-05
-5.457500e+00	2.848227e-05
-5.455000e+00	2.852400e-05
-5.452500e+00	2.856594e-05
-5.450000e+00	2.860807e-05
-5.447500e+00	2.865041e-05
-5.445000e+00	2.869296e-05
-5.442500e+00	2.873571e-05
-5.440000e+00	2.877867e-05
-5.437500e+00	2.882184e-05
-5.435000e+00	2.886523e-05
-5.432500e+00	2.890883e-05
-5.430000e+00	2.895264e-05
-5.427500e+00	2.899668e-05
-5.425000e+00	2.904093e-05
-5.422500e+00	2.908540e-05
-5.420000e+00	2.913010e-05
-5.417500e+00	2.917503e-05
-5.415000e+00	2.922018e-05
-5.412500e+00	2.926556e-05
-5.410000e+00	2.931117e-05
-5.407500e+00	2.935702e-05
-5.405000e+00	2.940310e-05
-5.402500e+00	2.944943e-05
-5.400000e+00	2.949599e-05
-5.397500e+00	2.954279e-05
-5.395000e+00	2.958984e-05
-5.392500e+00	2.963713e-05
-5.390000e+00	2.968467e-05
-5.387500e+00	2.973247e-05
-5.385000e+00	2.978051e-05
-5.382500e+00	2.982881e-05
-5.380000e+00	2.987737e-05
-5.377500e+00	2.992619e-05
-5.375000e+00	2.997528e-05
-5.372500e+00	3.002462e-05
-5.370000e+00	3.007424e-05
-5.367500e+00	3.012412e-05
-5.365000e+00	3.017428e-05
-5.362500e+00	3.022471e-05
-5.360000e+00	3.027542e-05
-5.357500e+00	3.032642e-05
-5.355000e+00	3.037769e-05
-5.352500e+00	3.042925e-05
-5.350000e+00	3.048109e-05
-5.347500e+00	3.053323e-05
-5.345000e+00	3.058566e-05
-5.342500e+00	3.063839e-05
-5.340000e+00	3.069142e-05
-5.337500e+00	3.074475e-05
-5.335000e+00	3.079838e-05
-5.332500e+00	3.085232e-05
-5.330000e+00	3.090658e-05
-5.327500e+00	3.096114e-05
-5.325000e+00	3.101603e-05
-5.322500e+00	3.107123e-05
-5.320000e+00	3.112676e-05
-5.317500e+00	3.118262e-05
-5.315000e+00	3.123880e-05
-5.312500e+00	3.129532e-05
-5.310000e+00	3.135218e-05
-5.307500e+00	3.140937e-05
-5.305000e+00	3.146691e-05
-5.302500e+00	3.152480e-05
-5.300000e+00	3.158303e-05
-5.297500e+00	3.164162e-05
-5.295000e+00	3.170057e-05
-5.292500e+00	3.175988e-05
-5.290000e+00	3.181955e-05
-5.287500e+00	3.187959e-05
-5.285000e+00	3.194001e-05
-5.282500e+00	3.200080e-05
-5.280000e+00	3.206197e-05
-5.277500e+00	3.212352e-05
-5.275000e+00	3.218546e-05
-5.272500e+00	3.224780e-05
-5.270000e+00	3.231053e-05
-5.267500e+00	3.237366e-05
-5.265000e+00	3.243720e-05
-5.262500e+00	3.250115e-05
-5.260000e+00	3.256551e-05
-5.257500e+00	3.263029e-05
-5.255000e+00	3.269549e-05
-5.252500e+00	3.276111e-05
-5.250000e+00	3.282717e-05
-5.247500e+00	3.289367e-05
-5.245000e+00	3.296061e-05
-5.242500e+00	3.302799e-05
-5.240000e+00	3.309583e-05
-5.237500e+00	3.316412e-05
-5.235000e+00	3.323287e-05
-5.232500e+00	3.330209e-05
-5.230000e+00	3.337178e-05
-5.227500e+00	3.344194e-05
-5.225000e+00	3.351259e-05
-5.222500e+00	3.358373e-05
-5.220000e+00	3.365535e-05
-5.217500e+00	3.372748e-05
-5.215000e+00	3.380011e-05
-5.212500e+00	3.387326e-05
-5.210000e+00	3.394691e-05
-5.207500e+00	3.402109e-05
-5.205000e+00	3.409580e-05
-5.202500e+00	3.417105e-05
-5.200000e+00	3.424683e-05
-5.197500e+00	3.432316e-05
-5.195000e+00	3.440004e-05
-5.192500e+00	3.447748e-05
-5.190000e+00	3.455549e-05
-5.187500e+00	3.463408e-05
-5.185000e+00	3.471324e-05
-5.182500e+00	3.479299e-05
-5.180000e+00	3.487333e-05
-5.177500e+00	3.495428e-05
-5.175000e+00	3.503583e-05
-5.172500e+00	3.511800e-05
-5.170000e+00	3.520080e-05
-5.167500e+00	3.528422e-05
-5.165000e+00	3.536829e-05
-5.162500e+00	3.545300e-05
-5.160000e+00	3.553837e-05
-5.157500e+00	3.562439e-05
-5.155000e+00	3.571110e-05
-5.152500e+00	3.579848e-05
-5.150000e+00	3.588655e-05
-5.147500e+00	3.597531e-05
-5.145000e+00	3.606479e-05
-5.142500e+00	3.615498e-05
-5.140000e+00	3.624589e-05
-5.137500e+00	3.633754e-05
-5.135000e+00	3.642993e-05
-5.132500e+00	3.652307e-05
-5.130000e+00	3.661697e-05
-5.127500e+00	3.671165e-05
-5.125000e+00	3.680711e-05
-5.122500e+00	3.690337e-05
-5.120000e+00	3.700043e-05
-5.117500e+00	3.709830e-05
-5.115000e+00	3.719700e-05
-5.112500e+00	3.729654e-05
-5.110000e+00	3.739692e-05
-5.107500e+00	3.749816e-05
-5.105000e+00	3.760028e-05
-5.102500e+00	3.770327e-05
-5.100000e+00	3.780716e-05
-5.097500e+00	3.791196e-05
-5.095000e+00	3.801768e-05
-5.092500e+00	3.812433e-05
-5.090000e+00	3.823193e-05
-5.087500e+00	3.834049e-05
-5.085000e+00	3.845002e-05
-5.082500e+00	3.856053e-05
-5.080000e+00	3.867205e-05
-5.077500e+00	3.878458e-05
-5.075000e+00	3.889814e-05
-5.072500e+00	3.901274e-05
-5.070000e+00	3.912841e-05
-5.067500e+00	3.924515e-05
-5.065000e+00	3.936297e-05
-5.062500e+00	3.948191e-05
-5.060000e+00	3.960196e-05
-5.057500e+00	3.972316e-05
-5.055000e+00	3.984551e-05
-5.052500e+00	3.996903e-05
-5.050000e+00	4.009375e-05
-5.047500e+00	4.021967e-05
-5.045000e+00	4.034682e-05
-5.042500e+00	4.047522e-05
-5.040000e+00	4.060488e-05
-5.037500e+00	4.073582e-05
-5.035000e+00	4.086807e-05
-5.032500e+00	4.100164e-05
-5.030000e+00	4.113655e-05
-5.027500e+00	4.127284e-05
-5.025000e+00	4.141050e-05
-5.022500e+00	4.154958e-05
-5.020000e+00	4.169009e-05
-5.017500e+00	4.183205e-05
-5.015000e+00	4.197549e-05
-5.012500e+00	4.212043e-05
-5.010000e+00	4.226690e-05
-5.007500e+00	4.241491e-05
-5.005000e+00	4.256450e-05
-5.002500e+00	4.271569e-05
-5.000000e+00	4.286851e-05
-4.997500e+00	4.302298e-05
-4.995000e+00	4.317913e-05
-4.992500e+00	4.333700e-05
-4.990000e+00	4.349660e-05
-4.987500e+00	4.365797e-05
-4.985000e+00	4.382114e-05
-4.982500e+00	4.398613e-05
-4.980000e+00	4.415298e-05
-4.977500e+00	4.432173e-05
-4.975000e+00	4.449240e-05
-4.972500e+00	4.466503e-05
-4.970000e+00	4.483965e-05
-4.967500e+00	4.501630e-05
-4.965000e+00	4.519500e-05
-4.962500e+00	4.537581e-05
-4.960000e+00	4.555876e-05
-4.957500e+00	4.574388e-05
-4.955000e+00	4.593121e-05
-4.952500e+00	4.612080e-05
-4.950000e+00	4.631268e-05
-4.947500e+00	4.650691e-05
-4.945000e+00	4.670351e-05
-4.942500e+00	4.690253e-05
-4.940000e+00	4.710403e-05
-4.937500e+00	4.730804e-05
-4.935000e+00	4.751461e-05
-4.932500e+00	4.772379e-05
-4.930000e+00	4.793564e-05
-4.927500e+00	4.815020e-05
-4.925000e+00	4.836752e-05
-4.922500e+00	4.858765e-05
-4.920000e+00	4.881066e-05
-4.917500e+00	4.903660e-05
-4.915000e+00	4.926552e-05
-4.912500e+00	4.949749e-05
-4.910000e+00	4.973256e-05
-4.907500e+00	4.997080e-05
-4.905000e+00	5.021227e-05
-4.902500e+00	5.045703e-05
-4.900000e+00	5.070516e-05
-4.897500e+00	5.095671e-05
-4.895000e+00	5.121177e-05
-4.892500e+00	5.147041e-05
-4.890000e+00	5.173269e-05
-4.887500e+00	5.199869e-05
-4.885000e+00	5.226850e-05
-4.882500e+00	5.254220e-05
-4.880000e+00	5.281985e-05
-4.877500e+00	5.310156e-05
-4.875000e+00	5.338741e-05
-4.872500e+00	5.367748e-05
-4.870000e+00	5.397188e-05
-4.867500e+00	5.427069e-05
-4.865000e+00	5.457401e-05
-4.862500e+00	5.488194e-05
-4.860000e+00	5.519459e-05
-4.857500e+00	5.551206e-05
-4.855000e+00	5.583446e-05
-4.852500e+00	5.616190e-05
-4.850000e+00	5.649450e-05
-4.847500e+00	5.683237e-05
-4.845000e+00	5.717565e-05
-4.842500e+00	5.752445e-05
-4.840000e+00	5.787890e-05
-4.837500e+00	5.823914e-05
-4.835000e+00	5.860531e-05
-4.832500e+00	5.897754e-05
-4.830000e+00	5.935599e-05
-4.827500e+00	5.974081e-05
-4.825000e+00	6.013214e-05
-4.822500e+00	6.053016e-05
-4.820000e+00	6.093502e-05
-4.817500e+00	6.134690e-05
-4.815000e+00	6.176597e-05
-4.812500e+00	6.219241e-05
-4.810000e+00	6.262642e-05
-4.807500e+00	6.306818e-05
-4.805000e+00	6.351790e-05
-4.802500e+00	6.397578e-05
-4.800000e+00	6.444204e-05
-4.797500e+00	6.491689e-05
-4.795000e+00	6.540057e-05
-4.792500e+00	6.589330e-05
-4.790000e+00	6.639534e-05
-4.787500e+00	6.690694e-05
-4.785000e+00	6.742835e-05
-4.782500e+00	6.795985e-05
-4.780000e+00	6.850172e-05
-4.777500e+00	6.905424e-05
-4.775000e+00	6.961771e-05
-4.772500e+00	7.019246e-05
-4.770000e+00	7.077878e-05
-4.767500e+00	7.137703e-05
-4.765000e+00	7.198755e-05
-4.762500e+00	7.261069e-05
-4.760000e+00	7.324682e-05
-4.757500e+00	7.389634e-05
-4.755000e+00	7.455963e-05
-4.752500e+00	7.523712e-05
-4.750000e+00	7.592925e-05
-4.747500e+00	7.663644e-05
-4.745000e+00	7.735918e-05
-4.742500e+00	7.809794e-05
-4.740000e+00	7.885323e-05
-4.737500e+00	7.962557e-05
-4.735000e+00	8.041551e-05
-4.732500e+00	8.122361e-05
-4.730000e+00	8.205045e-05
-4.727500e+00	8.289667e-05
-4.725000e+00	8.376288e-05
-4.722500e+00	8.464976e-05
-4.720000e+00	8.555801e-05
-4.717500e+00	8.648834e-05
-4.715000e+00	8.744152e-05
-4.712500e+00	8.841833e-05
-4.710000e+00	8.941958e-05
-4.707500e+00	9.044615e-05
-4.705000e+00	9.149893e-05
-4.702500e+00	9.257885e-05
-4.700000e+00	9.368690e-05
-4.697500e+00	9.482410e-05
-4.695000e+00	9.599152e-05
-4.692500e+00	9.719029e-05
-4.690000e+00	9.842158e-05
-4.687500e+00	9.968662e-05
-4.685000e+00	1.009867e-04
-4.682500e+00	1.023232e-04
-4.680000e+00	1.036975e-04
-4.677500e+00	1.051111e-04
-4.675000e+00	1.065656e-04
-4.672500e+00	1.080625e-04
-4.670000e+00	1.096038e-04
-4.667500e+00	1.111911e-04
-4.665000e+00	1.128263e-04
-4.662500e+00	1.145116e-04
-4.660000e+00	1.162489e-04
-4.657500e+00	1.180406e-04
-4.655000e+00	1.198890e-04
-4.652500e+00	1.217965e-04
-4.650000e+00	1.237658e-04
-4.647500e+00	1.257997e-04
-4.645000e+00	1.279011e-04
-4.642500e+00	1.300731e-04
-4.640000e+00	1.323189e-04
-4.637500e+00	1.346421e-04
-4.635000e+00	1.370463e-04
-4.632500e+00	1.395353e-04
-4.630000e+00	1.421134e-04
-4.627500e+00	1.447850e-04
-4.625000e+00	1.475546e-04
-4.622500e+00	1.504273e-04
-4.620000e+00	1.534083e-04
-4.617500e+00	1.565032e-04
-4.615000e+00	1.597181e-04
-4.612500e+00	1.630593e-04
-4.610000e+00	1.665337e-04
-4.607500e+00	1.701485e-04
-4.605000e+00	1.739116e-04
-4.602500e+00	1.778313e-04
-4.600000e+00	1.819164e-04
-4.597500e+00	1.861768e-04
-4.595000e+00	1.906225e-04
-4.592500e+00	1.952647e-04
-4.590000e+00	2.001153e-04
-4.587500e+00	2.051872e-04
-4.585000e+00	2.104940e-04
-4.582500e+00	2.160509e-04
-4.580000e+00	2.218738e-04
-4.577500e+00	2.279802e-04
-4.575000e+00	2.343891e-04
-4.572500e+00	2.411209e-04
-4.570000e+00	2.481979e-04
-4.567500e+00	2.556443e-04
-4.565000e+00	2.634865e-04
-4.562500e+00	2.717533e-04
-4.560000e+00	2.804761e-04
-4.557500e+00	2.896892e-04
-4.555000e+00	2.994305e-04
-4.552500e+00	3.097413e-04
-4.550000e+00	3.206671e-04
-4.547500e+00	3.322580e-04
-4.545000e+00	3.445695e-04
-4.542500e+00	3.576628e-04
-4.540000e+00	3.716056e-04
-4.537500e+00	3.864736e-04
-4.535000e+00	4.023504e-04
-4.532500e+00	4.193298e-04
-4.530000e+00	4.375165e-04
-4.527500e+00	4.570278e-04
-4.525000e+00	4.779959e-04
-4.522500e+00	5.005694e-04
-4.520000e+00	5.249166e-04
-4.517500e+00	5.512283e-04
-4.515000e+00	5.797214e-04
-4.512500e+00	6.106438e-04
-4.510000e+00	6.442791e-04
-4.507500e+00	6.809534e-04
-4.505000e+00	7.210433e-04
-4.502500e+00	7.649848e-04
-4.500000e+00	8.132859e-04
-4.497500e+00	8.665401e-04
-4.495000e+00	9.254449e-04
-4.492500e+00	9.908241e-04
-4.490000e+00	1.063656e-03
-4.487500e+00	1.145109e-03
-4.485000e+00	1.236587e-03
-4.482500e+00	1.339790e-03
-4.480000e+00	1.456788e-03
-4.477500e+00	1.590123e-03
-4.475000e+00	1.742941e-03
-4.472500e+00	1.919172e-03
-4.470000e+00	2.123768e-03
-4.467500e+00	2.363033e-03
-4.465000e+00	2.645082e-03
-4.462500e+00	2.980479e-03
-4.460000e+00	3.383147e-03
-4.457500e+00	3.871681e-03
-4.455000e+00	4.471253e-03
-4.452500e+00	5.216420e-03
-4.450000e+00	6.155271e-03
-4.447500e+00	7.355555e-03
-4.445000e+00	8.913518e-03
-4.442500e+00	1.096588e-02
-4.440000e+00	1.370324e-02
-4.437500e+00	1.737531e-02
-4.435000e+00	2.225392e-02
-4.432500e+00	2.846264e-02
-4.430000e+00	3.551904e-02
-4.427500e+00	4.166387e-02
-4.425000e+00	4.409169e-02
-4.422500e+00	4.133926e-02
-4.420000e+00	3.505011e-02
-4.417500e+00	2.801275e-02
-4.415000e+00	2.188821e-02
-4.412500e+00	1.709737e-02
-4.410000e+00	1.349652e-02
-4.407500e+00	1.081221e-02
-4.405000e+00	8.798327e-03
-4.402500e+00	7.268196e-03
-4.400000e+00	6.088221e-03
-4.397500e+00	5.164396e-03
-4.395000e+00	4.430521e-03
-4.392500e+00	3.839573e-03
-4.390000e+00	3.357732e-03
-4.387500e+00	2.960339e-03
-4.385000e+00	2.629162e-03
-4.382500e+00	2.350537e-03
-4.380000e+00	2.114088e-03
-4.377500e+00	1.911839e-03
-4.375000e+00	1.737587e-03
-4.372500e+00	1.586458e-03
-4.370000e+00	1.454581e-03
-4.367500e+00	1.338856e-03
-4.365000e+00	1.236774e-03
-4.362500e+00	1.146295e-03
-4.360000e+00	1.065739e-03
-4.357500e+00	9.937206e-04
-4.355000e+00	9.290850e-04
-4.352500e+00	8.708653e-04
-4.350000e+00	8.182470e-04
-4.347500e+00	7.705402e-04
-4.345000e+00	7.271574e-04
-4.342500e+00	6.875962e-04
-4.340000e+00	6.514246e-04
-4.337500e+00	6.182700e-04
-4.335000e+00	5.878092e-04
-4.332500e+00	5.597611e-04
-4.330000e+00	5.338802e-04
-4.327500e+00	5.099515e-04
-4.325000e+00	4.877858e-04
-4.322500e+00	4.672163e-04
-4.320000e+00	4.480955e-04
-4.317500e+00	4.302924e-04
-4.315000e+00	4.136906e-04
-4.312500e+00	3.981862e-04
-4.310000e+00	3.836862e-04
-4.307500e+00	3.701074e-04
-4.305000e+00	3.573750e-04
-4.302500e+00	3.454216e-04
-4.300000e+00	3.341865e-04
-4.297500e+00	3.236146e-04
-4.295000e+00	3.136562e-04
-4.292500e+00	3.042662e-04
-4.290000e+00	2.954033e-04
-4.287500e+00	2.870303e-04
-4.285000e+00	2.791128e-04
-4.282500e+00	2.716199e-04
-4.280000e+00	2.645228e-04
-4.277500e+00	2.577954e-04
-4.275000e+00	2.514136e-04
-4.272500e+00	2.453554e-04
-4.270000e+00	2.396004e-04
-4.267500e+00	2.341299e-04
-4.265000e+00	2.289266e-04
-4.262500e+00	2.239745e-04
-4.260000e+00	2.192587e-04
-4.257500e+00	2.147656e-04
-4.255000e+00	2.104825e-04
-4.252500e+00	2.063975e-04
-4.250000e+00	2.024998e-04
-4.247500e+00	1.987792e-04
-4.245000e+00	1.952260e-04
-4.242500e+00	1.918316e-04
-4.240000e+00	1.885876e-04
-4.237500e+00	1.854864e-04
-4.235000e+00	1.825207e-04
-4.232500e+00	1.796838e-04
-4.230000e+00	1.769695e-04
-4.227500e+00	1.743718e-04
-4.225000e+00	1.718851e-04
-4.222500e+00	1.695044e-04
-4.220000e+00	1.672247e-04
-4.217500e+00	1.650414e-04
-4.215000e+00	1.629503e-04
-4.212500e+00	1.609473e-04
-4.210000e+00	1.590286e-04
-4.207500e+00	1.571906e-04
-4.205000e+00	1.554299e-04
-4.202500e+00	1.537434e-04
-4.200000e+00	1.521281e-04
-4.197500e+00	1.505810e-04
-4.195000e+00	1.490997e-04
-4.192500e+00	1.476814e-04
-4.190000e+00	1.463239e-04
-4.187500e+00	1.450248e-04
-4.185000e+00	1.437821e-04
-4.182500e+00	1.425937e-04
-4.180000e+00	1.414578e-04
-4.177500e+00	1.403724e-04
-4.175000e+00	1.393360e-04
-4.172500e+00	1.383468e-04
-4.170000e+00	1.374034e-04
-4.167500e+00	1.365043e-04
-4.165000e+00	1.356481e-04
-4.162500e+00	1.348336e-04
-4.160000e+00	1.340594e-04
-4.157500e+00	1.333245e-04
-4.155000e+00	1.326277e-04
-4.152500e+00	1.319680e-04
-4.150000e+00	1.313444e-04
-4.147500e+00	1.307559e-04
-4.145000e+00	1.302016e-04
-4.142500e+00	1.296808e-04
-4.140000e+00	1.291927e-04
-4.137500e+00	1.287364e-04
-4.135000e+00	1.283112e-04
-4.132500e+00	1.279166e-04
-4.130000e+00	1.275519e-04
-4.127500e+00	1.272164e-04
-4.125000e+00	1.269097e-04
-4.122500e+00	1.266312e-04
-4.120000e+00	1.263804e-04
-4.117500e+00	1.261569e-04
-4.115000e+00	1.259602e-04
-4.112500e+00	1.257900e-04
-4.110000e+00	1.256458e-04
-4.107500e+00	1.255273e-04
-4.105000e+00	1.254343e-04
-4.102500e+00	1.253663e-04
-4.100000e+00	1.253232e-04
-4.097500e+00	1.253048e-04
-4.095000e+00	1.253107e-04
-4.092500e+00	1.253408e-04
-4.090000e+00	1.253949e-04
-4.087500e+00	1.254730e-04
-4.085000e+00	1.255747e-04
-4.082500e+00	1.257002e-04
-4.080000e+00	1.258492e-04
-4.077500e+00	1.260217e-04
-4.075000e+00	1.262176e-04
-4.072500e+00	1.264370e-04
-4.070000e+00	1.266799e-04
-4.067500e+00	1.269461e-04
-4.065000e+00	1.272359e-04
-4.062500e+00	1.275493e-04
-4.060000e+00	1.278863e-04
-4.057500e+00	1.282470e-04
-4.055000e+00	1.286315e-04
-4.052500e+00	1.290401e-04
-4.050000e+00	1.294728e-04
-4.047500e+00	1.299298e-04
-4.045000e+00	1.304114e-04
-4.042500e+00	1.309178e-04
-4.040000e+00	1.314491e-04
-4.037500e+00	1.320057e-04
-4.035000e+00	1.325879e-04
-4.032500e+00	1.331959e-04
-4.030000e+00	1.338302e-04
-4.027500e+00	1.344910e-04
-4.025000e+00	1.351787e-04
-4.022500e+00	1.358938e-04
-4.020000e+00	1.366366e-04
-4.017500e+00	1.374077e-04
-4.015000e+00	1.382075e-04
-4.012500e+00	1.390366e-04
-4.010000e+00	1.398954e-04
-4.007500e+00	1.407845e-04
-4.005000e+00	1.417045e-04
-4.002500e+00	1.426561e-04
-4.000000e+00	1.436400e-04
-3.997500e+00	1.446567e-04
-3.995000e+00	1.457071e-04
-3.992500e+00	1.467919e-04
-3.990000e+00	1.479119e-04
-3.987500e+00	1.490679e-04
-3.985000e+00	1.502609e-04
-3.982500e+00	1.514918e-04
-3.980000e+00	1.527614e-04
-3.977500e+00	1.540709e-04
-3.975000e+00	1.554213e-04
-3.972500e+00	1.568138e-04
-3.970000e+00	1.582493e-04
-3.967500e+00	1.597293e-04
-3.965000e+00	1.612550e-04
-3.962500e+00	1.628276e-04
-3.960000e+00	1.644487e-04
-3.957500e+00	1.661196e-04
-3.955000e+00	1.678419e-04
-3.952500e+00	1.696172e-04
-3.950000e+00	1.714472e-04
-3.947500e+00	1.733337e-04
-3.945000e+00	1.752784e-04
-3.942500e+00	1.772834e-04
-3.940000e+00	1.793506e-04
-3.937500e+00	1.814823e-04
-3.935000e+00	1.836805e-04
-3.932500e+00	1.859477e-04
-3.930000e+00	1.882864e-04
-3.927500e+00	1.906990e-04
-3.925000e+00	1.931884e-04
-3.922500e+00	1.957573e-04
-3.920000e+00	1.984088e-04
-3.917500e+00	2.011460e-04
-3.915000e+00	2.039722e-04
-3.912500e+00	2.068909e-04
-3.910000e+00	2.099058e-04
-3.907500e+00	2.130207e-04
-3.905000e+00	2.162397e-04
-3.902500e+00	2.195672e-04
-3.900000e+00	2.230076e-04
-3.897500e+00	2.265657e-04
-3.895000e+00	2.302465e-04
-3.892500e+00	2.340554e-04
-3.890000e+00	2.379981e-04
-3.887500e+00	2.420804e-04
-3.885000e+00	2.463087e-04
-3.882500e+00	2.506897e-04
-3.880000e+00	2.552304e-04
-3.877500e+00	2.599383e-04
-3.875000e+00	2.648214e-04
-3.872500e+00	2.698882e-04
-3.870000e+00	2.751475e-04
-3.867500e+00	2.806090e-04
-3.865000e+00	2.862828e-04
-3.862500e+00	2.921797e-04
-3.860000e+00	2.983112e-04
-3.857500e+00	3.046895e-04
-3.855000e+00	3.113278e-04
-3.852500e+00	3.182401e-04
-3.850000e+00	3.254413e-04
-3.847500e+00	3.329474e-04
-3.845000e+00	3.407755e-04
-3.842500e+00	3.489441e-04
-3.840000e+00	3.574727e-04
-3.837500e+00	3.663827e-04
-3.835000e+00	3.756966e-04
-3.832500e+00	3.854391e-04
-3.830000e+00	3.956364e-04
-3.827500e+00	4.063171e-04
-3.825000e+00	4.175118e-04
-3.822500e+00	4.292538e-04
-3.820000e+00	4.415790e-04
-3.817500e+00	4.545263e-04
-3.815000e+00	4.681381e-04
-3.812500e+00	4.824602e-04
-3.810000e+00	4.975426e-04
-3.807500e+00	5.134399e-04
-3.805000e+00	5.302114e-04
-3.802500e+00	5.479220e-04
-3.800000e+00	5.666430e-04
-3.797500e+00	5.864522e-04
-3.795000e+00	6.074354e-04
-3.792500e+00	6.296866e-04
-3.790000e+00	6.533100e-04
-3.787500e+00	6.784200e-04
-3.785000e+00	7.051439e-04
-3.782500e+00	7.336222e-04
-3.780000e+00	7.640116e-04
-3.777500e+00	7.964863e-04
-3.775000e+00	8.312409e-04
-3.772500e+00	8.684933e-04
-3.770000e+00	9.084876e-04
-3.767500e+00	9.514990e-04
-3.765000e+00	9.978374e-04
-3.762500e+00	1.047854e-03
-3.760000e+00	1.101946e-03
-3.757500e+00	1.160569e-03
-3.755000e+00	1.224239e-03
-3.752500e+00	1.293550e-03
-3.750000e+00	1.369187e-03
-3.747500e+00	1.451938e-03
-3.745000e+00	1.542720e-03
-3.742500e+00	1.642600e-03
-3.740000e+00	1.752827e-03
-3.737500e+00	1.874873e-03
-3.735000e+00	2.010475e-03
-3.732500e+00	2.161702e-03
-3.730000e+00	2.331027e-03
-3.727500e+00	2.521428e-03
-3.725000e+00	2.736517e-03
-3.722500e+00	2.980699e-03
-3.720000e+00	3.259399e-03
-3.717500e+00	3.579342e-03
-3.715000e+00	3.948949e-03
-3.712500e+00	4.378859e-03
-3.710000e+00	4.882657e-03
-3.707500e+00	5.477875e-03
-3.705000e+00	6.187411e-03
-3.702500e+00	7.041550e-03
-3.700000e+00	8.080872e-03
-3.697500e+00	9.360518e-03
-3.695000e+00	1.095646e-02
-3.692500e+00	1.297478e-02
-3.690000e+00	1.556534e-02
-3.687500e+00	1.894124e-02
-3.685000e+00	2.340449e-02
-3.682500e+00	2.937172e-02
-3.680000e+00	3.737240e-02
-3.677500e+00	4.792805e-02
-3.675000e+00	6.108726e-02
-3.672500e+00	7.532243e-02
-3.670000e+00	8.631933e-02
-3.667500e+00	8.852074e-02
-3.665000e+00	8.056664e-02
-3.662500e+00	6.697844e-02
-3.660000e+00	5.305120e-02
-3.657500e+00	4.137603e-02
-3.655000e+00	3.237931e-02
-3.652500e+00	2.564624e-02
-3.650000e+00	2.062339e-02
-3.647500e+00	1.684399e-02
-3.645000e+00	1.396155e-02
-3.642500e+00	1.172984e-02
-3.640000e+00	9.975780e-03
-3.637500e+00	8.577261e-03
-3.635000e+00	7.447288e-03
-3.632500e+00	6.523072e-03
-3.630000e+00	5.758668e-03
-3.627500e+00	5.119980e-03
-3.625000e+00	4.581367e-03
-3.622500e+00	4.123292e-03
-3.620000e+00	3.730692e-03
-3.617500e+00	3.391821e-03
-3.615000e+00	3.097422e-03
-3.612500e+00	2.840124e-03
-3.610000e+00	2.614012e-03
-3.607500e+00	2.414289e-03
-3.605000e+00	2.237042e-03
-3.602500e+00	2.079051e-03
-3.600000e+00	1.937648e-03
-3.597500e+00	1.810608e-03
-3.595000e+00	1.696067e-03
-3.592500e+00	1.592450e-03
-3.590000e+00	1.498422e-03
-3.587500e+00	1.412846e-03
-3.585000e+00	1.334747e-03
-3.582500e+00	1.263285e-03
-3.580000e+00	1.197736e-03
-3.577500e+00	1.137472e-03
-3.575000e+00	1.081945e-03
-3.572500e+00	1.030676e-03
-3.570000e+00	9.832458e-04
-3.567500e+00	9.392845e-04
-3.565000e+00	8.984663e-04
-3.562500e+00	8.605026e-04
-3.560000e+00	8.251371e-04
-3.557500e+00	7.921417e-04
-3.555000e+00	7.613128e-04
-3.552500e+00	7.324681e-04
-3.550000e+00	7.054444e-04
-3.547500e+00	6.800947e-04
-3.545000e+00	6.562868e-04
-3.542500e+00	6.339012e-04
-3.540000e+00	6.128298e-04
-3.537500e+00	5.929748e-04
-3.535000e+00	5.742473e-04
-3.532500e+00	5.565663e-04
-3.530000e+00	5.398583e-04
-3.527500e+00	5.240560e-04
-3.525000e+00	5.090979e-04
-3.522500e+00	4.949278e-04
-3.520000e+00	4.814942e-04
-3.517500e+00	4.687495e-04
-3.515000e+00	4.566504e-04
-3.512500e+00	4.451567e-04
-3.510000e+00	4.342316e-04
-3.507500e+00	4.238408e-04
-3.505000e+00	4.139530e-04
-3.502500e+00	4.045389e-04
-3.500000e+00	3.955718e-04
-3.497500e+00	3.870264e-04
-3.495000e+00	3.788797e-04
-3.492500e+00	3.711101e-04
-3.490000e+00	3.636976e-04
-3.487500e+00	3.566236e-04
-3.485000e+00	3.498707e-04
-3.482500e+00	3.434228e-04
-3.480000e+00	3.372648e-04
-3.477500e+00	3.313826e-04
-3.475000e+00	3.257632e-04
-3.472500e+00	3.203943e-04
-3.470000e+00	3.152644e-04
-3.467500e+00	3.103628e-04
-3.465000e+00	3.056795e-04
-3.462500e+00	3.012050e-04
-3.460000e+00	2.969307e-04
-3.457500e+00	2.928482e-04
-3.455000e+00	2.889499e-04
-3.452500e+00	2.852285e-04
-3.450000e+00	2.816773e-04
-3.447500e+00	2.782900e-04
-3.445000e+00	2.750606e-04
-3.442500e+00	2.719835e-04
-3.440000e+00	2.690535e-04
-3.437500e+00	2.662658e-04
-3.435000e+00	2.636159e-04
-3.432500e+00	2.610994e-04
-3.430000e+00	2.587124e-04
-3.427500e+00	2.564512e-04
-3.425000e+00	2.543124e-04
-3.422500e+00	2.522928e-04
-3.420000e+00	2.503893e-04
-3.417500e+00	2.485993e-04
-3.415000e+00	2.469202e-04
-3.412500e+00	2.453497e-04
-3.410000e+00	2.438857e-04
-3.407500e+00	2.425262e-04
-3.405000e+00	2.412695e-04
-3.402500e+00	2.401140e-04
-3.400000e+00	2.390583e-04
-3.397500e+00	2.381012e-04
-3.395000e+00	2.372417e-04
-3.392500e+00	2.364788e-04
-3.390000e+00	2.358118e-04
-3.387500e+00	2.352402e-04
-3.385000e+00	2.347636e-04
-3.382500e+00	2.343817e-04
-3.380000e+00	2.340944e-04
-3.377500e+00	2.339018e-04
-3.375000e+00	2.338042e-04
-3.372500e+00	2.338019e-04
-3.370000e+00	2.338956e-04
-3.367500e+00	2.340859e-04
-3.365000e+00	2.343739e-04
-3.362500e+00	2.347605e-04
-3.360000e+00	2.352471e-04
-3.357500e+00	2.358351e-04
-3.355000e+00	2.365263e-04
-3.352500e+00	2.373224e-04
-3.350000e+00	2.382256e-04
-3.347500e+00	2.392381e-04
-3.345000e+00	2.403626e-04
-3.342500e+00	2.416017e-04
-3.340000e+00	2.429586e-04
-3.337500e+00	2.444366e-04
-3.335000e+00	2.460392e-04
-3.332500e+00	2.477704e-04
-3.330000e+00	2.496343e-04
-3.327500e+00	2.516357e-04
-3.325000e+00	2.537793e-04
-3.322500e+00	2.560707e-04
-3.320000e+00	2.585154e-04
-3.317500e+00	2.611198e-04
-3.315000e+00	2.638905e-04
-3.312500e+00	2.668348e-04
-3.310000e+00	2.699603e-04
-3.307500e+00	2.732756e-04
-3.305000e+00	2.767896e-04
-3.302500e+00	2.805121e-04
-3.300000e+00	2.844536e-04
-3.297500e+00	2.886255e-04
-3.295000e+00	2.930399e-04
-3.292500e+00	2.977103e-04
-3.290000e+00	3.026508e-04
-3.287500e+00	3.078769e-04
-3.285000e+00	3.134055e-04
-3.282500e+00	3.192548e-04
-3.280000e+00	3.254445e-04
-3.277500e+00	3.319960e-04
-3.275000e+00	3.389327e-04
-3.272500e+00	3.462799e-04
-3.270000e+00	3.540654e-04
-3.267500e+00	3.623194e-04
-3.265000e+00	3.710748e-04
-3.262500e+00	3.803678e-04
-3.260000e+00	3.902380e-04
-3.257500e+00	4.007289e-04
-3.255000e+00	4.118883e-04
-3.252500e+00	4.237688e-04
-3.250000e+00	4.364285e-04
-3.247500e+00	4.499318e-04
-3.245000e+00	4.643496e-04
-3.242500e+00	4.797610e-04
-3.240000e+00	4.962538e-04
-3.237500e+00	5.139258e-04
-3.235000e+00	5.328864e-04
-3.232500e+00	5.532581e-04
-3.230000e+00	5.751783e-04
-3.227500e+00	5.988019e-04
-3.225000e+00	6.243036e-04
-3.222500e+00	6.518814e-04
-3.220000e+00	6.817598e-04
-3.217500e+00	7.141949e-04
-3.215000e+00	7.494794e-04
-3.212500e+00	7.879492e-04
-3.210000e+00	8.299909e-04
-3.207500e+00	8.760518e-04
-3.205000e+00	9.266509e-04
-3.202500e+00	9.823937e-04
-3.200000e+00	1.043990e-03
-3.197500e+00	1.112274e-03
-3.195000e+00	1.188236e-03
-3.192500e+00	1.273053e-03
-3.190000e+00	1.368135e-03
-3.187500e+00	1.475182e-03
-3.185000e+00	1.596255e-03
-3.182500e+00	1.733877e-03
-3.180000e+00	1.891154e-03
-3.177500e+00	2.071946e-03
-3.175000e+00	2.281090e-03
-3.172500e+00	2.524712e-03
-3.170000e+00	2.810645e-03
-3.167500e+00	3.149021e-03
-3.165000e+00	3.553099e-03
-3.162500e+00	4.040454e-03
-3.160000e+00	4.634694e-03
-3.157500e+00	5.367970e-03
-3.155000e+00	6.284687e-03
-3.152500e+00	7.446989e-03
-3.150000e+00	8.942796e-03
-3.147500e+00	1.089719e-02
-3.145000e+00	1.348698e-02
-3.142500e+00	1.695400e-02
-3.140000e+00	2.159790e-02
-3.137500e+00	2.768814e-02
-3.135000e+00	3.515593e-02
-3.132500e+00	4.292565e-02
-3.130000e+00	4.836066e-02
-3.127500e+00	4.855780e-02
-3.125000e+00	4.339449e-02
-3.122500e+00	3.568147e-02
-3.120000e+00	2.814428e-02
-3.117500e+00	2.195369e-02
-3.115000e+00	1.722067e-02
-3.112500e+00	1.368513e-02
-3.110000e+00	1.104522e-02
-3.107500e+00	9.054616e-03
-3.105000e+00	7.532549e-03
-3.102500e+00	6.350979e-03
-3.100000e+00	5.419915e-03
-3.097500e+00	4.675789e-03
-3.095000e+00	4.073213e-03
-3.092500e+00	3.579352e-03
-3.090000e+00	3.170122e-03
-3.087500e+00	2.827609e-03
-3.085000e+00	2.538307e-03
-3.082500e+00	2.291908e-03
-3.080000e+00	2.080445e-03
-3.077500e+00	1.897695e-03
-3.075000e+00	1.738745e-03
-3.072500e+00	1.599679e-03
-3.070000e+00	1.477344e-03
-3.067500e+00	1.369185e-03
-3.065000e+00	1.273113e-03
-3.062500e+00	1.187407e-03
-3.060000e+00	1.110638e-03
-3.057500e+00	1.041615e-03
-3.055000e+00	9.793379e-04
-3.052500e+00	9.229621e-04
-3.050000e+00	8.717702e-04
-3.047500e+00	8.251503e-04
-3.045000e+00	7.825778e-04
-3.042500e+00	7.436012e-04
-3.040000e+00	7.078297e-04
-3.037500e+00	6.749244e-04
-3.035000e+00	6.445897e-04
-3.032500e+00	6.165673e-04
-3.030000e+00	5.906302e-04
-3.027500e+00	5.665788e-04
-3.025000e+00	5.442368e-04
-3.022500e+00	5.234480e-04
-3.020000e+00	5.040736e-04
-3.017500e+00	4.859899e-04
-3.015000e+00	4.690868e-04
-3.012500e+00	4.532653e-04
-3.010000e+00	4.384369e-04
-3.007500e+00	4.245219e-04
-3.005000e+00	4.114483e-04
-3.002500e+00	3.991514e-04
-3.000000e+00	3.875724e-04
-2.997500e+00	3.766582e-04
-2.995000e+00	3.663603e-04
-2.992500e+00	3.566348e-04
-2.990000e+00	3.474416e-04
-2.987500e+00	3.387440e-04
-2.985000e+00	3.305087e-04
-2.982500e+00	3.227049e-04
-2.980000e+00	3.153046e-04
-2.977500e+00	3.082819e-04
-2.975000e+00	3.016130e-04
-2.972500e+00	2.952762e-04
-2.970000e+00	2.892512e-04
-2.967500e+00	2.835194e-04
-2.965000e+00	2.780635e-04
-2.962500e+00	2.728678e-04
-2.960000e+00	2.679174e-04
-2.957500e+00	2.631986e-04
-2.955000e+00	2.586987e-04
-2.952500e+00	2.544060e-04
-2.950000e+00	2.503094e-04
-2.947500e+00	2.463988e-04
-2.945000e+00	2.426646e-04
-2.942500e+00	2.390979e-04
-2.940000e+00	2.356904e-04
-2.937500e+00	2.324345e-04
-2.935000e+00	2.293228e-04
-2.932500e+00	2.263485e-04
-2.930000e+00	2.235055e-04
-2.927500e+00	2.207877e-04
-2.925000e+00	2.181895e-04
-2.922500e+00	2.157058e-04
-2.920000e+00	2.133317e-04
-2.917500e+00	2.110625e-04
-2.915000e+00	2.088940e-04
-2.912500e+00	2.068221e-04
-2.910000e+00	2.048430e-04
-2.907500e+00	2.029531e-04
-2.905000e+00	2.011492e-04
-2.902500e+00	1.994279e-04
-2.900000e+00	1.977864e-04
-2.897500e+00	1.962219e-04
-2.895000e+00	1.947316e-04
-2.892500e+00	1.933133e-04
-2.890000e+00	1.919644e-04
-2.887500e+00	1.906829e-04
-2.885000e+00	1.894667e-04
-2.882500e+00	1.883139e-04
-2.880000e+00	1.872226e-04
-2.877500e+00	1.861912e-04
-2.875000e+00	1.852181e-04
-2.872500e+00	1.843018e-04
-2.870000e+00	1.834408e-04
-2.867500e+00	1.826339e-04
-2.865000e+00	1.818799e-04
-2.862500e+00	1.811777e-04
-2.860000e+00	1.805262e-04
-2.857500e+00	1.799244e-04
-2.855000e+00	1.793714e-04
-2.852500e+00	1.788665e-04
-2.850000e+00	1.784088e-04
-2.847500e+00	1.779977e-04
-2.845000e+00	1.776326e-04
-2.842500e+00	1.773129e-04
-2.840000e+00	1.770381e-04
-2.837500e+00	1.768078e-04
-2.835000e+00	1.766216e-04
-2.832500e+00	1.764792e-04
-2.830000e+00	1.763804e-04
-2.827500e+00	1.763249e-04
-2.825000e+00	1.763127e-04
-2.822500e+00	1.763436e-04
-2.820000e+00	1.764175e-04
-2.817500e+00	1.765347e-04
-2.815000e+00	1.766950e-04
-2.812500e+00	1.768987e-04
-2.810000e+00	1.771460e-04
-2.807500e+00	1.774371e-04
-2.805000e+00	1.777723e-04
-2.802500e+00	1.781521e-04
-2.800000e+00	1.785768e-04
-2.797500e+00	1.790470e-04
-2.795000e+00	1.795632e-04
-2.792500e+00	1.801261e-04
-2.790000e+00	1.807364e-04
-2.787500e+00	1.813947e-04
-2.785000e+00	1.821021e-04
-2.782500e+00	1.828593e-04
-2.780000e+00	1.836674e-04
-2.777500e+00	1.845274e-04
-2.775000e+00	1.854406e-04
-2.772500e+00	1.864081e-04
-2.770000e+00	1.874313e-04
-2.767500e+00	1.885117e-04
-2.765000e+00	1.896508e-04
-2.762500e+00	1.908501e-04
-2.760000e+00	1.921116e-04
-2.757500e+00	1.934371e-04
-2.755000e+00	1.948285e-04
-2.752500e+00	1.962881e-04
-2.750000e+00	1.978180e-04
-2.747500e+00	1.994208e-04
-2.745000e+00	2.010991e-04
-2.742500e+00	2.028555e-04
-2.740000e+00	2.046931e-04
-2.737500e+00	2.066150e-04
-2.735000e+00	2.086246e-04
-2.732500e+00	2.107253e-04
-2.730000e+00	2.129211e-04
-2.727500e+00	2.152159e-04
-2.725000e+00	2.176141e-04
-2.722500e+00	2.201204e-04
-2.720000e+00	2.227396e-04
-2.717500e+00	2.254770e-04
-2.715000e+00	2.283384e-04
-2.712500e+00	2.313297e-04
-2.710000e+00	2.344573e-04
-2.707500e+00	2.377283e-04
-2.705000e+00	2.411500e-04
-2.702500e+00	2.447303e-04
-2.700000e+00	2.484780e-04
-2.697500e+00	2.524020e-04
-2.695000e+00	2.565123e-04
-2.692500e+00	2.608196e-04
-2.690000e+00	2.653352e-04
-2.687500e+00	2.700716e-04
-2.685000e+00	2.750421e-04
-2.682500e+00	2.802611e-04
-2.680000e+00	2.857443e-04
-2.677500e+00	2.915085e-04
-2.675000e+00	2.975722e-04
-2.672500e+00	3.039552e-04
-2.670000e+00	3.106793e-04
-2.667500e+00	3.177680e-04
-2.665000e+00	3.252472e-04
-2.662500e+00	3.331449e-04
-2.660000e+00	3.414919e-04
-2.657500e+00	3.503220e-04
-2.655000e+00	3.596721e-04
-2.652500e+00	3.695830e-04
-2.650000e+00	3.800995e-04
-2.647500e+00	3.912711e-04
-2.645000e+00	4.031524e-04
-2.642500e+00	4.158039e-04
-2.640000e+00	4.292930e-04
-2.637500e+00	4.436945e-04
-2.635000e+00	4.590917e-04
-2.632500e+00	4.755779e-04
-2.630000e+00	4.932576e-04
-2.627500e+00	5.122483e-04
-2.625000e+00	5.326820e-04
-2.622500e+00	5.547083e-04
-2.620000e+00	5.784963e-04
-2.617500e+00	6.042386e-04
-2.615000e+00	6.321545e-04
-2.612500e+00	6.624952e-04
-2.610000e+00	6.955490e-04
-2.607500e+00	7.316485e-04
-2.605000e+00	7.711786e-04
-2.602500e+00	8.145868e-04
-2.600000e+00	8.623958e-04
-2.597500e+00	9.152189e-04
-2.595000e+00	9.737794e-04
-2.592500e+00	1.038935e-03
-2.590000e+00	1.111709e-03
-2.587500e+00	1.193330e-03
-2.585000e+00	1.285279e-03
-2.582500e+00	1.389361e-03
-2.580000e+00	1.507785e-03
-2.577500e+00	1.643283e-03
-2.575000e+00	1.799255e-03
-2.572500e+00	1.979978e-03
-2.570000e+00	2.190885e-03
-2.567500e+00	2.438946e-03
-2.565000e+00	2.733210e-03
-2.562500e+00	3.085569e-03
-2.560000e+00	3.511848e-03
-2.557500e+00	4.033399e-03
-2.555000e+00	4.679433e-03
-2.552500e+00	5.490470e-03
-2.550000e+00	6.523430e-03
-2.547500e+00	7.859058e-03
-2.545000e+00	9.612188e-03
-2.542500e+00	1.194409e-02
-2.540000e+00	1.507073e-02
-2.537500e+00	1.924357e-02
-2.535000e+00	2.463557e-02
-2.532500e+00	3.099867e-02
-2.530000e+00	3.705290e-02
-2.527500e+00	4.033670e-02
-2.525000e+00	3.895112e-02
-2.522500e+00	3.374788e-02
-2.520000e+00	2.728090e-02
-2.517500e+00	2.140081e-02
-2.515000e+00	1.671702e-02
-2.512500e+00	1.317578e-02
-2.510000e+00	1.053557e-02
-2.507500e+00	8.559682e-03
-2.505000e+00	7.063765e-03
-2.502500e+00	5.914677e-03
-2.500000e+00	5.018548e-03
-2.497500e+00	4.309352e-03
-2.495000e+00	3.740312e-03
-2.492500e+00	3.277892e-03
-2.490000e+00	2.897728e-03
-2.487500e+00	2.581864e-03
-2.485000e+00	2.316891e-03
-2.482500e+00	2.092655e-03
-2.480000e+00	1.901376e-03
-2.477500e+00	1.737022e-03
-2.475000e+00	1.594863e-03
-2.472500e+00	1.471153e-03
-2.470000e+00	1.362897e-03
-2.467500e+00	1.267679e-03
-2.465000e+00	1.183537e-03
-2.462500e+00	1.108859e-03
-2.460000e+00	1.042318e-03
-2.457500e+00	9.828094e-04
-2.455000e+00	9.294098e-04
-2.452500e+00	8.813433e-04
-2.450000e+00	8.379534e-04
-2.447500e+00	7.986820e-04
-2.445000e+00	7.630526e-04
-2.442500e+00	7.306562e-04
-2.440000e+00	7.011403e-04
-2.437500e+00	6.742002e-04
-2.435000e+00	6.495709e-04
-2.432500e+00	6.270216e-04
-2.430000e+00	6.063507e-04
-2.427500e+00	5.873808e-04
-2.425000e+00	5.699564e-04
-2.422500e+00	5.539398e-04
-2.420000e+00	5.392095e-04
-2.417500e+00	5.256577e-04
-2.415000e+00	5.131885e-04
-2.412500e+00	5.017166e-04
-2.410000e+00	4.911658e-04
-2.407500e+00	4.814681e-04
-2.405000e+00	4.725626e-04
-2.402500e+00	4.643947e-04
-2.400000e+00	4.569154e-04
-2.397500e+00	4.500807e-04
-2.395000e+00	4.438512e-04
-2.392500e+00	4.381914e-04
-2.390000e+00	4.330692e-04
-2.387500e+00	4.284562e-04
-2.385000e+00	4.243266e-04
-2.382500e+00	4.206573e-04
-2.380000e+00	4.174277e-04
-2.377500e+00	4.146195e-04
-2.375000e+00	4.122162e-04
-2.372500e+00	4.102034e-04
-2.370000e+00	4.085684e-04
-2.367500e+00	4.073001e-04
-2.365000e+00	4.063889e-04
-2.362500e+00	4.058266e-04
-2.360000e+00	4.056064e-04
-2.357500e+00	4.057229e-04
-2.355000e+00	4.061717e-04
-2.352500e+00	4.069497e-04
-2.350000e+00	4.080550e-04
-2.347500e+00	4.094867e-04
-2.345000e+00	4.112452e-04
-2.342500e+00	4.133317e-04
-2.340000e+00	4.157487e-04
-2.337500e+00	4.184998e-04
-2.335000e+00	4.215896e-04
-2.332500e+00	4.250240e-04
-2.330000e+00	4.288098e-04
-2.327500e+00	4.329553e-04
-2.325000e+00	4.374698e-04
-2.322500e+00	4.423640e-04
-2.320000e+00	4.476499e-04
-2.317500e+00	4.533410e-04
-2.315000e+00	4.594523e-04
-2.312500e+00	4.660005e-04
-2.310000e+00	4.730038e-04
-2.307500e+00	4.804826e-04
-2.305000e+00	4.884589e-04
-2.302500e+00	4.969572e-04
-2.300000e+00	5.060041e-04
-2.297500e+00	5.156290e-04
-2.295000e+00	5.258638e-04
-2.292500e+00	5.367436e-04
-2.290000e+00	5.483068e-04
-2.287500e+00	5.605955e-04
-2.285000e+00	5.736556e-04
-2.282500e+00	5.875376e-04
-2.280000e+00	6.022971e-04
-2.277500e+00	6.179948e-04
-2.275000e+00	6.346976e-04
-2.272500e+00	6.524793e-04
-2.270000e+00	6.714210e-04
-2.267500e+00	6.916124e-04
-2.265000e+00	7.131525e-04
-2.262500e+00	7.361512e-04
-2.260000e+00	7.607304e-04
-2.257500e+00	7.870253e-04
-2.255000e+00	8.151868e-04
-2.252500e+00	8.453834e-04
-2.250000e+00	8.778035e-04
-2.247500e+00	9.126582e-04
-2.245000e+00	9.501852e-04
-2.242500e+00	9.906523e-04
-2.240000e+00	1.034362e-03
-2.237500e+00	1.081658e-03
-2.235000e+00	1.132930e-03
-2.232500e+00	1.188623e-03
-2.230000e+00	1.249248e-03
-2.227500e+00	1.315390e-03
-2.225000e+00	1.387725e-03
-2.222500e+00	1.467035e-03
-2.220000e+00	1.554230e-03
-2.217500e+00	1.650373e-03
-2.215000e+00	1.756712e-03
-2.212500e+00	1.874720e-03
-2.210000e+00	2.006142e-03
-2.207500e+00	2.153063e-03
-2.205000e+00	2.317983e-03
-2.202500e+00	2.503926e-03
-2.200000e+00	2.714569e-03
-2.197500e+00	2.954421e-03
-2.195000e+00	3.229052e-03
-2.192500e+00	3.545407e-03
-2.190000e+00	3.912224e-03
-2.187500e+00	4.340601e-03
-2.185000e+00	4.844793e-03
-2.182500e+00	5.443315e-03
-2.180000e+00	6.160509e-03
-2.177500e+00	7.028795e-03
-2.175000e+00	8.091944e-03
-2.172500e+00	9.409876e-03
-2.170000e+00	1.106577e-02
-2.167500e+00	1.317652e-02
-2.165000e+00	1.590803e-02
-2.162500e+00	1.949619e-02
-2.160000e+00	2.427186e-02
-2.157500e+00	3.067638e-02
-2.155000e+00	3.921766e-02
-2.152500e+00	5.022466e-02
-2.150000e+00	6.312581e-02
-2.147500e+00	7.520625e-02
-2.145000e+00	8.143217e-02
-2.142500e+00	7.816829e-02
-2.140000e+00	6.741163e-02
-2.137500e+00	5.434438e-02
-2.135000e+00	4.257398e-02
-2.132500e+00	3.323487e-02
-2.130000e+00	2.618312e-02
-2.127500e+00	2.092597e-02
-2.125000e+00	1.698963e-02
-2.122500e+00	1.400723e-02
-2.120000e+00	1.171437e-02
-2.117500e+00	9.924708e-03
-2.115000e+00	8.507151e-03
-2.112500e+00	7.368782e-03
-2.110000e+00	6.442945e-03
-2.107500e+00	5.681176e-03
-2.105000e+00	5.047740e-03
-2.102500e+00	4.515925e-03
-2.100000e+00	4.065499e-03
-2.097500e+00	3.680948e-03
-2.095000e+00	3.350232e-03
-2.092500e+00	3.063911e-03
-2.090000e+00	2.814503e-03
-2.087500e+00	2.596024e-03
-2.085000e+00	2.403646e-03
-2.082500e+00	2.233440e-03
-2.080000e+00	2.082185e-03
-2.077500e+00	1.947223e-03
-2.075000e+00	1.826344e-03
-2.072500e+00	1.717697e-03
-2.070000e+00	1.619729e-03
-2.067500e+00	1.531123e-03
-2.065000e+00	1.450761e-03
-2.062500e+00	1.377686e-03
-2.060000e+00	1.311079e-03
-2.057500e+00	1.250232e-03
-2.055000e+00	1.194533e-03
-2.052500e+00	1.143450e-03
-2.050000e+00	1.096520e-03
-2.047500e+00	1.053336e-03
-2.045000e+00	1.013544e-03
-2.042500e+00	9.768283e-04
-2.040000e+00	9.429138e-04
-2.037500e+00	9.115552e-04
-2.035000e+00	8.825354e-04
-2.032500e+00	8.556612e-04
-2.030000e+00	8.307605e-04
-2.027500e+00	8.076797e-04
-2.025000e+00	7.862813e-04
-2.022500e+00	7.664423e-04
-2.020000e+00	7.480523e-04
-2.017500e+00	7.310122e-04
-2.015000e+00	7.152331e-04
-2.012500e+00	7.006347e-04
-2.010000e+00	6.871452e-04
-2.007500e+00	6.746997e-04
-2.005000e+00	6.632402e-04
-2.002500e+00	6.527142e-04
-2.000000e+00	6.430750e-04
-1.997500e+00	6.342805e-04
-1.995000e+00	6.262934e-04
-1.992500e+00	6.190804e-04
-1.990000e+00	6.126120e-04
-1.987500e+00	6.068625e-04
-1.985000e+00	6.018094e-04
-1.982500e+00	5.974335e-04
-1.980000e+00	5.937183e-04
-1.977500e+00	5.906505e-04
-1.975000e+00	5.882194e-04
-1.972500e+00	5.864170e-04
-1.970000e+00	5.852379e-04
-1.967500e+00	5.846793e-04
-1.965000e+00	5.847408e-04
-1.962500e+00	5.854249e-04
-1.960000e+00	5.867362e-04
-1.957500e+00	5.886824e-04
-1.955000e+00	5.912736e-04
-1.952500e+00	5.945228e-04
-1.950000e+00	5.984462e-04
-1.947500e+00	6.030625e-04
-1.945000e+00	6.083943e-04
-1.942500e+00	6.144673e-04
-1.940000e+00	6.213110e-04
-1.937500e+00	6.289591e-04
-1.935000e+00	6.374496e-04
-1.932500e+00	6.468251e-04
-1.930000e+00	6.571338e-04
-1.927500e+00	6.684295e-04
-1.925000e+00	6.807722e-04
-1.922500e+00	6.942293e-04
-1.920000e+00	7.088758e-04
-1.917500e+00	7.247956e-04
-1.915000e+00	7.420826e-04
-1.912500e+00	7.608415e-04
-1.910000e+00	7.811899e-04
-1.907500e+00	8.032593e-04
-1.905000e+00	8.271974e-04
-1.902500e+00	8.531704e-04
-1.900000e+00	8.813656e-04
-1.897500e+00	9.119943e-04
-1.895000e+00	9.452959e-04
-1.892500e+00	9.815417e-04
-1.890000e+00	1.021041e-03
-1.887500e+00	1.064146e-03
-1.885000e+00	1.111260e-03
-1.882500e+00	1.162848e-03
-1.880000e+00	1.219443e-03
-1.877500e+00	1.281665e-03
-1.875000e+00	1.350232e-03
-1.872500e+00	1.425982e-03
-1.870000e+00	1.509901e-03
-1.867500e+00	1.603147e-03
-1.865000e+00	1.707091e-03
-1.862500e+00	1.823371e-03
-1.860000e+00	1.953943e-03
-1.857500e+00	2.101172e-03
-1.855000e+00	2.267925e-03
-1.852500e+00	2.457709e-03
-1.850000e+00	2.674847e-03
-1.847500e+00	2.924715e-03
-1.845000e+00	3.214050e-03
-1.842500e+00	3.551390e-03
-1.840000e+00	3.947655e-03
-1.837500e+00	4.416978e-03
-1.835000e+00	4.977866e-03
-1.832500e+00	5.654861e-03
-1.830000e+00	6.480949e-03
-1.827500e+00	7.501081e-03
-1.825000e+00	8.777377e-03
-1.822500e+00	1.039681e-02
-1.820000e+00	1.248249e-02
-1.817500e+00	1.520954e-02
-1.815000e+00	1.882538e-02
-1.812500e+00	2.366758e-02
-1.810000e+00	3.015156e-02
-1.807500e+00	3.864130e-02
-1.805000e+00	4.900591e-02
-1.802500e+00	5.967940e-02
-1.800000e+00	6.694574e-02
-1.797500e+00	6.687621e-02
-1.795000e+00	5.951356e-02
-1.792500e+00	4.881870e-02
-1.790000e+00	3.847670e-02
-1.787500e+00	3.002034e-02
-1.785000e+00	2.356582e-02
-1.782500e+00	1.874589e-02
-1.780000e+00	1.514590e-02
-1.777500e+00	1.242984e-02
-1.775000e+00	1.035168e-02
-1.772500e+00	8.737305e-03
-1.770000e+00	7.464345e-03
-1.767500e+00	6.446316e-03
-1.765000e+00	5.621440e-03
-1.762500e+00	4.945003e-03
-1.760000e+00	4.384183e-03
-1.757500e+00	3.914555e-03
-1.755000e+00	3.517697e-03
-1.752500e+00	3.179536e-03
-1.750000e+00	2.889196e-03
-1.747500e+00	2.638173e-03
-1.745000e+00	2.419753e-03
-1.742500e+00	2.228581e-03
-1.740000e+00	2.060346e-03
-1.737500e+00	1.911552e-03
-1.735000e+00	1.779338e-03
-1.732500e+00	1.661347e-03
-1.730000e+00	1.555626e-03
-1.727500e+00	1.460541e-03
-1.725000e+00	1.374722e-03
-1.722500e+00	1.297011e-03
-1.720000e+00	1.226425e-03
-1.717500e+00	1.162125e-03
-1.715000e+00	1.103393e-03
-1.712500e+00	1.049607e-03
-1.710000e+00	1.000233e-03
-1.707500e+00	9.548055e-04
-1.705000e+00	9.129188e-04
-1.702500e+00	8.742185e-04
-1.700000e+00	8.383932e-04
-1.697500e+00	8.051689e-04
-1.695000e+00	7.743036e-04
-1.692500e+00	7.455828e-04
-1.690000e+00	7.188161e-04
-1.687500e+00	6.938340e-04
-1.685000e+00	6.704850e-04
-1.682500e+00	6.486336e-04
-1.680000e+00	6.281581e-04
-1.677500e+00	6.089493e-04
-1.675000e+00	5.909087e-04
-1.672500e+00	5.739474e-04
-1.670000e+00	5.579850e-04
-1.667500e+00	5.429486e-04
-1.665000e+00	5.287721e-04
-1.662500e+00	5.153954e-04
-1.660000e+00	5.027637e-04
-1.657500e+00	4.908272e-04
-1.655000e+00	4.795402e-04
-1.652500e+00	4.688610e-04
-1.650000e+00	4.587517e-04
-1.647500e+00	4.491771e-04
-1.645000e+00	4.401053e-04
-1.642500e+00	4.315068e-04
-1.640000e+00	4.233546e-04
-1.637500e+00	4.156239e-04
-1.635000e+00	4.082918e-04
-1.632500e+00	4.013372e-04
-1.630000e+00	3.947410e-04
-1.627500e+00	3.884852e-04
-1.625000e+00	3.825535e-04
-1.622500e+00	3.769309e-04
-1.620000e+00	3.716037e-04
-1.617500e+00	3.665591e-04
-1.615000e+00	3.617856e-04
-1.612500e+00	3.572727e-04
-1.610000e+00	3.530107e-04
-1.607500e+00	3.489909e-04
-1.605000e+00	3.452056e-04
-1.602500e+00	3.416476e-04
-1.600000e+00	3.383108e-04
-1.597500e+00	3.351897e-04
-1.595000e+00	3.322797e-04
-1.592500e+00	3.295768e-04
-1.590000e+00	3.270778e-04
-1.587500e+00	3.247802e-04
-1.585000e+00	3.226823e-04
-1.582500e+00	3.207833e-04
-1.580000e+00	3.190828e-04
-1.577500e+00	3.175817e-04
-1.575000e+00	3.162814e-04
-1.572500e+00	3.151843e-04
-1.570000e+00	3.142938e-04
-1.567500e+00	3.136144e-04
-1.565000e+00	3.131516e-04
-1.562500e+00	3.129121e-04
-1.560000e+00	3.129041e-04
-1.557500e+00	3.131371e-04
-1.555000e+00	3.136225e-04
-1.552500e+00	3.143734e-04
-1.550000e+00	3.154050e-04
-1.547500e+00	3.167348e-04
-1.545000e+00	3.183833e-04
-1.542500e+00	3.203737e-04
-1.540000e+00	3.227330e-04
-1.537500e+00	3.254922e-04
-1.535000e+00	3.286873e-04
-1.532500e+00	3.323595e-04
-1.530000e+00	3.365568e-04
-1.527500e+00	3.413349e-04
-1.525000e+00	3.467586e-04
-1.522500e+00	3.529034e-04
-1.520000e+00	3.598583e-04
-1.517500e+00	3.677276e-04
-1.515000e+00	3.766349e-04
-1.512500e+00	3.867271e-04
-1.510000e+00	3.981794e-04
-1.507500e+00	4.112028e-04
-1.505000e+00	4.260521e-04
-1.502500e+00	4.430378e-04
-1.500000e+00	4.625403e-04
-1.497500e+00	4.850300e-04
-1.495000e+00	5.110931e-04
-1.492500e+00	5.414668e-04
-1.490000e+00	5.770878e-04
-1.487500e+00	6.191579e-04
-1.485000e+00	6.692375e-04
-1.482500e+00	7.293768e-04
-1.480000e+00	8.023043e-04
-1.477500e+00	8.917007e-04
-1.475000e+00	1.002601e-03
-1.472500e+00	1.141987e-03
-1.470000e+00	1.319668e-03
-1.467500e+00	1.549553e-03
-1.465000e+00	1.851430e-03
-1.462500e+00	2.253096e-03
-1.460000e+00	2.791819e-03
-1.457500e+00	3.511147e-03
-1.455000e+00	4.441559e-03
-1.452500e+00	5.541916e-03
-1.450000e+00	6.593945e-03
-1.447500e+00	7.173086e-03
-1.445000e+00	6.945275e-03
-1.442500e+00	6.050523e-03
-1.440000e+00	4.930342e-03
-1.437500e+00	3.908749e-03
-1.435000e+00	3.093940e-03
-1.432500e+00	2.477590e-03
-1.430000e+00	2.018013e-03
-1.427500e+00	1.674094e-03
-1.425000e+00	1.413752e-03
-1.422500e+00	1.213804e-03
-1.420000e+00	1.057901e-03
-1.417500e+00	9.345458e-04
-1.415000e+00	8.355921e-04
-1.412500e+00	7.552021e-04
-1.410000e+00	6.891348e-04
-1.407500e+00	6.342657e-04
-1.405000e+00	5.882615e-04
-1.402500e+00	5.493559e-04
-1.400000e+00	5.161959e-04
-1.397500e+00	4.877321e-04
-1.395000e+00	4.631421e-04
-1.392500e+00	4.417746e-04
-1.390000e+00	4.231092e-04
-1.387500e+00	4.067257e-04
-1.385000e+00	3.922829e-04
-1.382500e+00	3.795008e-04
-1.380000e+00	3.681485e-04
-1.377500e+00	3.580343e-04
-1.375000e+00	3.489975e-04
-1.372500e+00	3.409034e-04
-1.370000e+00	3.336378e-04
-1.367500e+00	3.271036e-04
-1.365000e+00	3.212182e-04
-1.362500e+00	3.159102e-04
-1.360000e+00	3.111186e-04
-1.357500e+00	3.067902e-04
-1.355000e+00	3.028790e-04
-1.352500e+00	2.993450e-04
-1.350000e+00	2.961528e-04
-1.347500e+00	2.932719e-04
-1.345000e+00	2.906749e-04
-1.342500e+00	2.883381e-04
-1.340000e+00	2.862402e-04
-1.337500e+00	2.843624e-04
-1.335000e+00	2.826880e-04
-1.332500e+00	2.812022e-04
-1.330000e+00	2.798916e-04
-1.327500e+00	2.787444e-04
-1.325000e+00	2.777499e-04
-1.322500e+00	2.768985e-04
-1.320000e+00	2.761816e-04
-1.317500e+00	2.755915e-04
-1.315000e+00	2.751213e-04
-1.312500e+00	2.747646e-04
-1.310000e+00	2.745157e-04
-1.307500e+00	2.743697e-04
-1.305000e+00	2.743218e-04
-1.302500e+00	2.743679e-04
-1.300000e+00	2.745042e-04
-1.297500e+00	2.747273e-04
-1.295000e+00	2.750342e-04
-1.292500e+00	2.754221e-04
-1.290000e+00	2.758886e-04
-1.287500e+00	2.764314e-04
-1.285000e+00	2.770486e-04
-1.282500e+00	2.777384e-04
-1.280000e+00	2.784992e-04
-1.277500e+00	2.793297e-04
-1.275000e+00	2.802286e-04
-1.272500e+00	2.811949e-04
-1.270000e+00	2.822278e-04
-1.267500e+00	2.833265e-04
-1.265000e+00	2.844903e-04
-1.262500e+00	2.857189e-04
-1.260000e+00	2.870117e-04
-1.257500e+00	2.883686e-04
-1.255000e+00	2.897894e-04
-1.252500e+00	2.912740e-04
-1.250000e+00	2.928226e-04
-1.247500e+00	2.944353e-04
-1.245000e+00	2.961123e-04
-1.242500e+00	2.978539e-04
-1.240000e+00	2.996607e-04
-1.237500e+00	3.015330e-04
-1.235000e+00	3.034716e-04
-1.232500e+00	3.054770e-04
-1.230000e+00	3.075501e-04
-1.227500e+00	3.096917e-04
-1.225000e+00	3.119027e-04
-1.222500e+00	3.141842e-04
-1.220000e+00	3.165373e-04
-1.217500e+00	3.189631e-04
-1.215000e+00	3.214630e-04
-1.212500e+00	3.240382e-04
-1.210000e+00	3.266903e-04
-1.207500e+00	3.294207e-04
-1.205000e+00	3.322312e-04
-1.202500e+00	3.351233e-04
-1.200000e+00	3.380990e-04
-1.197500e+00	3.411602e-04
-1.195000e+00	3.443088e-04
-1.192500e+00	3.475470e-04
-1.190000e+00	3.508771e-04
-1.187500e+00	3.543013e-04
-1.185000e+00	3.578222e-04
-1.182500e+00	3.614423e-04
-1.180000e+00	3.651643e-04
-1.177500e+00	3.689910e-04
-1.175000e+00	3.729255e-04
-1.172500e+00	3.769709e-04
-1.170000e+00	3.811303e-04
-1.167500e+00	3.854073e-04
-1.165000e+00	3.898054e-04
-1.162500e+00	3.943283e-04
-1.160000e+00	3.989800e-04
-1.157500e+00	4.037646e-04
-1.155000e+00	4.086863e-04
-1.152500e+00	4.137498e-04
-1.150000e+00	4.189597e-04
-1.147500e+00	4.243209e-04
-1.145000e+00	4.298387e-04
-1.142500e+00	4.355185e-04
-1.140000e+00	4.413660e-04
-1.137500e+00	4.473872e-04
-1.135000e+00	4.535883e-04
-1.132500e+00	4.599760e-04
-1.130000e+00	4.665571e-04
-1.127500e+00	4.733390e-04
-1.125000e+00	4.803292e-04
-1.122500e+00	4.875357e-04
-1.120000e+00	4.949670e-04
-1.117500e+00	5.026320e-04
-1.115000e+00	5.105399e-04
-1.112500e+00	5.187007e-04
-1.110000e+00	5.271246e-04
-1.107500e+00	5.358225e-04
-1.105000e+00	5.448060e-04
-1.102500e+00	5.540871e-04
-1.100000e+00	5.636787e-04
-1.097500e+00	5.735942e-04
-1.095000e+00	5.838479e-04
-1.092500e+00	5.944549e-04
-1.090000e+00	6.054311e-04
-1.087500e+00	6.167934e-04
-1.085000e+00	6.285597e-04
-1.082500e+00	6.407490e-04
-1.080000e+00	6.533813e-04
-1.077500e+00	6.664779e-04
-1.075000e+00	6.800614e-04
-1.072500e+00	6.941560e-04
-1.070000e+00	7.087871e-04
-1.067500e+00	7.239819e-04
-1.065000e+00	7.397695e-04
-1.062500e+00	7.561806e-04
-1.060000e+00	7.732482e-04
-1.057500e+00	7.910075e-04
-1.055000e+00	8.094960e-04
-1.052500e+00	8.287538e-04
-1.050000e+00	8.488239e-04
-1.047500e+00	8.697524e-04
-1.045000e+00	8.915885e-04
-1.042500e+00	9.143853e-04
-1.040000e+00	9.381997e-04
-1.037500e+00	9.630928e-04
-1.035000e+00	9.891306e-04
-1.032500e+00	1.016384e-03
-1.030000e+00	1.044930e-03
-1.027500e+00	1.074851e-03
-1.025000e+00	1.106237e-03
-1.022500e+00	1.139184e-03
-1.020000e+00	1.173799e-03
-1.017500e+00	1.210194e-03
-1.015000e+00	1.248494e-03
-1.012500e+00	1.288835e-03
-1.010000e+00	1.331364e-03
-1.007500e+00	1.376241e-03
-1.005000e+00	1.423643e-03
-1.002500e+00	1.473762e-03
-1.000000e+00	1.526810e-03
-9.975000e-01	1.583020e-03
-9.950000e-01	1.642648e-03
-9.925000e-01	1.705976e-03
-9.900000e-01	1.773317e-03
-9.875000e-01	1.845016e-03
-9.850000e-01	1.921459e-03
-9.825000e-01	2.003072e-03
-9.800000e-01	2.090331e-03
-9.775000e-01	2.183769e-03
-9.750000e-01	2.283983e-03
-9.725000e-01	2.391644e-03
-9.700000e-01	2.507505e-03
-9.675000e-01	2.632420e-03
-9.650000e-01	2.767356e-03
-9.625000e-01	2.913410e-03
-9.600000e-01	3.071835e-03
-9.575000e-01	3.244065e-03
-9.550000e-01	3.431746e-03
-9.525000e-01	3.636775e-03
-9.500000e-01	3.861348e-03
-9.475000e-01	4.108020e-03
-9.450000e-01	4.379773e-03
-9.425000e-01	4.680105e-03
-9.400000e-01	5.013143e-03
-9.375000e-01	5.383780e-03
-9.350000e-01	5.797851e-03
-9.325000e-01	6.262357e-03
-9.300000e-01	6.785755e-03
-9.275000e-01	7.378326e-03
-9.250000e-01	8.052672e-03
-9.225000e-01	8.824352e-03
-9.200000e-01	9.712752e-03
-9.175000e-01	1.074224e-02
-9.150000e-01	1.194376e-02
-9.125000e-01	1.335702e-02
-9.100000e-01	1.503355e-02
-9.075000e-01	1.704104e-02
-9.050000e-01	1.946958e-02
-9.025000e-01	2.244066e-02
-9.000000e-01	2.612046e-02
-8.975000e-01	3.073943e-02
-8.950000e-01	3.662126e-02
-8.925000e-01	4.422502e-02
-8.900000e-01	5.420365e-02
-8.875000e-01	6.747455e-02
-8.850000e-01	8.526791e-02
-8.825000e-01	1.090222e-01
-8.800000e-01	1.397473e-01
-8.775000e-01	1.760959e-01
-8.750000e-01	2.108794e-01
-8.725000e-01	2.300854e-01
-8.700000e-01	2.226471e-01
-8.675000e-01	1.931418e-01
-8.650000e-01	1.561479e-01
-8.625000e-01	1.223902e-01
-8.600000e-01	9.545931e-02
-8.575000e-01	7.508660e-02
-8.550000e-01	5.989600e-02
-8.525000e-01	4.852871e-02
-8.500000e-01	3.992413e-02
-8.475000e-01	3.331569e-02
-8.450000e-01	2.816282e-02
-8.425000e-01	2.408532e-02
-8.400000e-01	2.081390e-02
-8.375000e-01	1.815553e-02
-8.350000e-01	1.597000e-02
-8.325000e-01	1.415404e-02
-8.300000e-01	1.263052e-02
-8.275000e-01	1.134107e-02
-8.250000e-01	1.024097e-02
-8.225000e-01	9.295567e-03
-8.200000e-01	8.477682e-03
-8.175000e-01	7.765816e-03
-8.150000e-01	7.142784e-03
-8.125000e-01	6.594733e-03
-8.100000e-01	6.110408e-03
-8.075000e-01	5.680591e-03
-8.050000e-01	5.297686e-03
-8.025000e-01	4.955392e-03
-8.000000e-01	4.648449e-03
-7.975000e-01	4.372450e-03
-7.950000e-01	4.123681e-03
-7.925000e-01	3.898999e-03
-7.900000e-01	3.695743e-03
-7.875000e-01	3.511645e-03
-7.850000e-01	3.344781e-03
-7.825000e-01	3.193510e-03
-7.800000e-01	3.056443e-03
-7.775000e-01	2.932407e-03
-7.750000e-01	2.820422e-03
-7.725000e-01	2.719682e-03
-7.700000e-01	2.629543e-03
-7.675000e-01	2.549516e-03
-7.650000e-01	2.479260e-03
-7.625000e-01	2.418588e-03
-7.600000e-01	2.367477e-03
-7.575000e-01	2.326079e-03
-7.550000e-01	2.294749e-03
-7.525000e-01	2.274081e-03
-7.500000e-01	2.264956e-03
-7.475000e-01	2.268620e-03
-7.450000e-01	2.286782e-03
-7.425000e-01	2.321759e-03
-7.400000e-01	2.376678e-03
-7.375000e-01	2.455769e-03
-7.350000e-01	2.564786e-03
-7.325000e-01	2.711624e-03
-7.300000e-01	2.907228e-03
-7.275000e-01	3.166939e-03
-7.250000e-01	3.512477e-03
-7.225000e-01	3.974791e-03
-7.200000e-01	4.597857e-03
-7.175000e-01	5.442702e-03
-7.150000e-01	6.588053e-03
-7.125000e-01	8.115335e-03
-7.100000e-01	1.004661e-02
-7.075000e-01	1.218880e-02
-7.050000e-01	1.393678e-02
-7.025000e-01	1.443167e-02
-7.000000e-01	1.335588e-02
-6.975000e-01	1.132270e-02
-6.950000e-01	9.164271e-03
-6.925000e-01	7.324438e-03
-6.900000e-01	5.894385e-03
-6.875000e-01	4.818438e-03
-6.850000e-01	4.012284e-03
-6.825000e-01	3.402919e-03
-6.800000e-01	2.935674e-03
-6.775000e-01	2.571578e-03
-6.750000e-01	2.283218e-03
-6.725000e-01	2.051269e-03
-6.700000e-01	1.861969e-03
-6.675000e-01	1.705398e-03
-6.650000e-01	1.574303e-03
-6.625000e-01	1.463305e-03
-6.600000e-01	1.368360e-03
-6.575000e-01	1.286388e-03
-6.550000e-01	1.215014e-03
-6.525000e-01	1.152384e-03
-6.500000e-01	1.097038e-03
-6.475000e-01	1.047810e-03
-6.450000e-01	1.003765e-03
-6.425000e-01	9.641412e-04
-6.400000e-01	9.283178e-04
-6.375000e-01	8.957817e-04
-6.350000e-01	8.661068e-04
-6.325000e-01	8.389370e-04
-6.300000e-01	8.139723e-04
-6.275000e-01	7.909588e-04
-6.250000e-01	7.696803e-04
-6.225000e-01	7.499515e-04
-6.200000e-01	7.316131e-04
-6.175000e-01	7.145274e-04
-6.150000e-01	6.985747e-04
-6.125000e-01	6.836504e-04
-6.100000e-01	6.696633e-04
-6.075000e-01	6.565329e-04
-6.050000e-01	6.441882e-04
-6.025000e-01	6.325664e-04
-6.000000e-01	6.216117e-04
-5.975000e-01	6.112744e-04
-5.950000e-01	6.015101e-04
-5.925000e-01	5.922790e-04
-5.900000e-01	5.835452e-04
-5.875000e-01	5.752767e-04
-5.850000e-01	5.674444e-04
-5.825000e-01	5.600220e-04
-5.800000e-01	5.529857e-04
-5.775000e-01	5.463140e-04
-5.750000e-01	5.399873e-04
-5.725000e-01	5.339877e-04
-5.700000e-01	5.282989e-04
-5.675000e-01	5.229063e-04
-5.650000e-01	5.177962e-04
-5.625000e-01	5.129564e-04
-5.600000e-01	5.083756e-04
-5.575000e-01	5.040436e-04
-5.550000e-01	4.999510e-04
-5.525000e-01	4.960894e-04
-5.500000e-01	4.924509e-04
-5.475000e-01	4.890286e-04
-5.450000e-01	4.858161e-04
-5.425000e-01	4.828078e-04
-5.400000e-01	4.799983e-04
-5.375000e-01	4.773833e-04
-5.350000e-01	4.749585e-04
-5.325000e-01	4.727206e-04
-5.300000e-01	4.706664e-04
-5.275000e-01	4.687933e-04
-5.250000e-01	4.670992e-04
-5.225000e-01	4.655825e-04
-5.200000e-01	4.642418e-04
-5.175000e-01	4.630763e-04
-5.150000e-01	4.620858e-04
-5.125000e-01	4.612701e-04
-5.100000e-01	4.606298e-04
-5.075000e-01	4.601658e-04
-5.050000e-01	4.598796e-04
-5.025000e-01	4.597729e-04
-5.000000e-01	4.598480e-04
-4.975000e-01	4.601078e-04
-4.950000e-01	4.605557e-04
-4.925000e-01	4.611955e-04
-4.900000e-01	4.620317e-04
-4.875000e-01	4.630694e-04
-4.850000e-01	4.643143e-04
-4.825000e-01	4.657728e-04
-4.800000e-01	4.674522e-04
-4.775000e-01	4.693604e-04
-4.750000e-01	4.715063e-04
-4.725000e-01	4.738997e-04
-4.700000e-01	4.765514e-04
-4.675000e-01	4.794735e-04
-4.650000e-01	4.826790e-04
-4.625000e-01	4.861825e-04
-4.600000e-01	4.900000e-04
-4.575000e-01	4.941492e-04
-4.550000e-01	4.986495e-04
-4.525000e-01	5.035224e-04
-4.500000e-01	5.087915e-04
-4.475000e-01	5.144831e-04
-4.450000e-01	5.206262e-04
-4.425000e-01	5.272526e-04
-4.400000e-01	5.343981e-04
-4.375000e-01	5.421020e-04
-4.350000e-01	5.504083e-04
-4.325000e-01	5.593659e-04
-4.300000e-01	5.690295e-04
-4.275000e-01	5.794602e-04
-4.250000e-01	5.907266e-04
-4.225000e-01	6.029057e-04
-4.200000e-01	6.160844e-04
-4.175000e-01	6.303608e-04
-4.150000e-01	6.458461e-04
-4.125000e-01	6.626666e-04
-4.100000e-01	6.809663e-04
-4.075000e-01	7.009100e-04
-4.050000e-01	7.226866e-04
-4.025000e-01	7.465139e-04
-4.000000e-01	7.726439e-04
-3.975000e-01	8.013690e-04
-3.950000e-01	8.330306e-04
-3.925000e-01	8.680285e-04
-3.900000e-01	9.068339e-04
-3.875000e-01	9.500045e-04
-3.850000e-01	9.982047e-04
-3.825000e-01	1.052230e-03
-3.800000e-01	1.113040e-03
-3.775000e-01	1.181799e-03
-3.750000e-01	1.259930e-03
-3.725000e-01	1.349190e-03
-3.700000e-01	1.451759e-03
-3.675000e-01	1.570373e-03
-3.650000e-01	1.708495e-03
-3.625000e-01	1.870559e-03
-3.600000e-01	2.062299e-03
-3.575000e-01	2.291224e-03
-3.550000e-01	2.567296e-03
-3.525000e-01	2.903898e-03
-3.500000e-01	3.319271e-03
-3.475000e-01	3.838624e-03
-3.450000e-01	4.497249e-03
-3.425000e-01	5.345101e-03
-3.400000e-01	6.453248e-03
-3.375000e-01	7.922081e-03
-3.350000e-01	9.888572e-03
-3.325000e-01	1.252124e-02
-3.300000e-01	1.596761e-02
-3.275000e-01	2.017413e-02
-3.250000e-01	2.450462e-02
-3.225000e-01	2.745090e-02
-3.200000e-01	2.742052e-02
-3.175000e-01	2.443348e-02
-3.150000e-01	2.009729e-02
-3.125000e-01	1.590563e-02
-3.100000e-01	1.247918e-02
-3.075000e-01	9.864625e-03
-3.050000e-01	7.912902e-03
-3.025000e-01	6.455862e-03
-3.000000e-01	5.357266e-03
-2.975000e-01	4.517376e-03
-2.950000e-01	3.865607e-03
-2.925000e-01	3.352349e-03
-2.900000e-01	2.942542e-03
-2.875000e-01	2.611146e-03
-2.850000e-01	2.340035e-03
-2.825000e-01	2.115905e-03
-2.800000e-01	1.928858e-03
-2.775000e-01	1.771429e-03
-2.750000e-01	1.637916e-03
-2.725000e-01	1.523915e-03
-2.700000e-01	1.425984e-03
-2.675000e-01	1.341404e-03
-2.650000e-01	1.268011e-03
-2.625000e-01	1.204063e-03
-2.600000e-01	1.148148e-03
-2.575000e-01	1.099115e-03
-2.550000e-01	1.056015e-03
-2.525000e-01	1.018062e-03
-2.500000e-01	9.846048e-04
-2.475000e-01	9.550955e-04
-2.450000e-01	9.290744e-04
-2.425000e-01	9.061534e-04
-2.400000e-01	8.860030e-04
-2.375000e-01	8.683436e-04
-2.350000e-01	8.529363e-04
-2.325000e-01	8.395775e-04
-2.300000e-01	8.280931e-04
-2.275000e-01	8.183341e-04
-2.250000e-01	8.101733e-04
-2.225000e-01	8.035027e-04
-2.200000e-01	7.982303e-04
-2.175000e-01	7.942788e-04
-2.150000e-01	7.915838e-04
-2.125000e-01	7.900923e-04
-2.100000e-01	7.897619e-04
-2.075000e-01	7.905595e-04
-2.050000e-01	7.924612e-04
-2.025000e-01	7.954510e-04
-2.000000e-01	7.995211e-04
-1.975000e-01	8.046712e-04
-1.950000e-01	8.109087e-04
-1.925000e-01	8.182481e-04
-1.900000e-01	8.267116e-04
-1.875000e-01	8.363290e-04
-1.850000e-01	8.471383e-04
-1.825000e-01	8.591856e-04
-1.800000e-01	8.725260e-04
-1.775000e-01	8.872241e-04
-1.750000e-01	9.033551e-04
-1.725000e-01	9.210053e-04
-1.700000e-01	9.402738e-04
-1.675000e-01	9.612735e-04
-1.650000e-01	9.841330e-04
-1.625000e-01	1.008998e-03
-1.600000e-01	1.036036e-03
-1.575000e-01	1.065433e-03
-1.550000e-01	1.097406e-03
-1.525000e-01	1.132199e-03
-1.500000e-01	1.170089e-03
-1.475000e-01	1.211396e-03
-1.450000e-01	1.256484e-03
-1.425000e-01	1.305773e-03
-1.400000e-01	1.359746e-03
-1.375000e-01	1.418961e-03
-1.350000e-01	1.484066e-03
-1.325000e-01	1.555818e-03
-1.300000e-01	1.635099e-03
-1.275000e-01	1.722949e-03
-1.250000e-01	1.820595e-03
-1.225000e-01	1.929496e-03
-1.200000e-01	2.051392e-03
-1.175000e-01	2.188376e-03
-1.150000e-01	2.342979e-03
-1.125000e-01	2.518284e-03
-1.100000e-01	2.718074e-03
-1.075000e-01	2.947030e-03
-1.050000e-01	3.210992e-03
-1.025000e-01	3.517315e-03
-1.000000e-01	3.875356e-03
-9.750000e-02	4.297146e-03
-9.500000e-02	4.798331e-03
-9.250000e-02	5.399514e-03
-9.000000e-02	6.128173e-03
-8.750000e-02	7.021465e-03
-8.500000e-02	8.130334e-03
-8.250000e-02	9.525597e-03
-8.000000e-02	1.130692e-02
-7.750000e-02	1.361583e-02
-7.500000e-02	1.665347e-02
-7.250000e-02	2.070106e-02
-7.000000e-02	2.613018e-02
-6.750000e-02	3.335619e-02
-6.500000e-02	4.260631e-02
-6.250000e-02	5.327121e-02
-6.000000e-02	6.287930e-02
-5.750000e-02	6.721261e-02
-5.500000e-02	6.369313e-02
-5.250000e-02	5.444892e-02
-5.000000e-02	4.374009e-02
-4.750000e-02	3.428332e-02
-4.500000e-02	2.684168e-02
-4.250000e-02	2.123825e-02
-4.000000e-02	1.706167e-02
-3.750000e-02	1.393145e-02
-3.500000e-02	1.155654e-02
-3.250000e-02	9.727982e-03
-3.000000e-02	8.298676e-03
-2.750000e-02	7.165081e-03
-2.500000e-02	6.253717e-03
-2.250000e-02	5.511798e-03
-2.000000e-02	4.900887e-03
-1.750000e-02	4.392598e-03
-1.500000e-02	3.965681e-03
-1.250000e-02	3.604017e-03
-1.000000e-02	3.295231e-03
-7.500000e-03	3.029709e-03
-5.000000e-03	2.799900e-03
-2.500000e-03	2.599816e-03
9.379164e-13	2.424662e-03
2.500000e-03	2.270565e-03
5.000000e-03	2.134372e-03
7.500000e-03	2.013495e-03
1.000000e-02	1.905795e-03
1.250000e-02	1.809495e-03
1.500000e-02	1.723105e-03
1.750000e-02	1.645372e-03
2.000000e-02	1.575236e-03
2.250000e-02	1.511793e-03
2.500000e-02	1.454271e-03
2.750000e-02	1.402008e-03
3.000000e-02	1.354431e-03
3.250000e-02	1.311046e-03
3.500000e-02	1.271422e-03
3.750000e-02	1.235183e-03
4.000000e-02	1.202000e-03
4.250000e-02	1.171584e-03
4.500000e-02	1.143680e-03
4.750000e-02	1.118064e-03
5.000000e-02	1.094535e-03
5.250000e-02	1.072917e-03
5.500000e-02	1.053051e-03
5.750000e-02	1.034797e-03
6.000000e-02	1.018029e-03
6.250000e-02	1.002633e-03
6.500000e-02	9.885077e-04
6.750000e-02	9.755619e-04
7.000000e-02	9.637128e-04
7.250000e-02	9.528861e-04
7.500000e-02	9.430141e-04
7.750000e-02	9.340358e-04
8.000000e-02	9.258958e-04
8.250000e-02	9.185437e-04
8.500000e-02	9.119337e-04
8.750000e-02	9.060241e-04
9.000000e-02	9.007770e-04
9.250000e-02	8.961578e-04
9.500000e-02	8.921348e-04
9.750000e-02	8.886793e-04
1.000000e-01	8.857648e-04
1.025000e-01	8.833675e-04
1.050000e-01	8.814653e-04
1.075000e-01	8.800382e-04
1.100000e-01	8.790680e-04
1.125000e-01	8.785380e-04
1.150000e-01	8.784329e-04
1.175000e-01	8.787390e-04
1.200000e-01	8.794437e-04
1.225000e-01	8.805357e-04
1.250000e-01	8.820046e-04
1.275000e-01	8.838413e-04
1.300000e-01	8.860373e-04
1.325000e-01	8.885853e-04
1.350000e-01	8.914786e-04
1.375000e-01	8.947115e-04
1.400000e-01	8.982788e-04
1.425000e-01	9.021762e-04
1.450000e-01	9.064000e-04
1.475000e-01	9.109470e-04
1.500000e-01	9.158148e-04
1.525000e-01	9.210016e-04
1.550000e-01	9.265059e-04
1.575000e-01	9.323269e-04
1.600000e-01	9.384643e-04
1.625000e-01	9.449184e-04
1.650000e-01	9.516898e-04
1.675000e-01	9.587798e-04
1.700000e-01	9.661898e-04
1.725000e-01	9.739221e-04
1.750000e-01	9.819792e-04
1.775000e-01	9.903641e-04
1.800000e-01	9.990802e-04
1.825000e-01	1.008131e-03
1.850000e-01	1.017522e-03
1.875000e-01	1.027257e-03
1.900000e-01	1.037342e-03
1.925000e-01	1.047782e-03
1.950000e-01	1.058583e-03
1.975000e-01	1.069753e-03
2.000000e-01	1.081297e-03
2.025000e-01	1.093225e-03
2.050000e-01	1.105543e-03
2.075000e-01	1.118261e-03
2.100000e-01	1.131388e-03
2.125000e-01	1.144933e-03
2.150000e-01	1.158907e-03
2.175000e-01	1.173321e-03
2.200000e-01	1.188185e-03
2.225000e-01	1.203513e-03
2.250000e-01	1.219316e-03
2.275000e-01	1.235609e-03
2.300000e-01	1.252405e-03
2.325000e-01	1.269719e-03
2.350000e-01	1.287566e-03
2.375000e-01	1.305964e-03
2.400000e-01	1.324930e-03
2.425000e-01	1.344481e-03
2.450000e-01	1.364636e-03
2.475000e-01	1.385417e-03
2.500000e-01	1.406842e-03
2.525000e-01	1.428936e-03
2.550000e-01	1.451720e-03
2.575000e-01	1.475220e-03
2.600000e-01	1.499461e-03
2.625000e-01	1.524470e-03
2.650000e-01	1.550275e-03
2.675000e-01	1.576907e-03
2.700000e-01	1.604397e-03
2.725000e-01	1.632777e-03
2.750000e-01	1.662083e-03
2.775000e-01	1.692351e-03
2.800000e-01	1.723621e-03
2.825000e-01	1.755932e-03
2.850000e-01	1.789328e-03
2.875000e-01	1.823855e-03
2.900000e-01	1.859559e-03
2.925000e-01	1.896493e-03
2.950000e-01	1.934708e-03
2.975000e-01	1.974262e-03
3.000000e-01	2.015214e-03
3.025000e-01	2.057628e-03
3.050000e-01	2.101571e-03
3.075000e-01	2.147113e-03
3.100000e-01	2.194330e-03
3.125000e-01	2.243302e-03
3.150000e-01	2.294113e-03
3.175000e-01	2.346854e-03
3.200000e-01	2.401619e-03
3.225000e-01	2.458512e-03
3.250000e-01	2.517640e-03
3.275000e-01	2.579119e-03
3.300000e-01	2.643071e-03
3.325000e-01	2.709629e-03
3.350000e-01	2.778932e-03
3.375000e-01	2.851131e-03
3.400000e-01	2.926385e-03
3.425000e-01	3.004867e-03
3.450000e-01	3.086761e-03
3.475000e-01	3.172264e-03
3.500000e-01	3.261587e-03
3.525000e-01	3.354961e-03
3.550000e-01	3.452628e-03
3.575000e-01	3.554854e-03
3.600000e-01	3.661923e-03
3.625000e-01	3.774143e-03
3.650000e-01	3.891845e-03
3.675000e-01	4.015391e-03
3.700000e-01	4.145169e-03
3.725000e-01	4.281603e-03
3.750000e-01	4.425151e-03
3.775000e-01	4.576313e-03
3.800000e-01	4.735633e-03
3.825000e-01	4.903705e-03
3.850000e-01	5.081178e-03
3.875000e-01	5.268762e-03
3.900000e-01	5.467234e-03
3.925000e-01	5.677450e-03
3.950000e-01	5.900350e-03
3.975000e-01	6.136968e-03
4.000000e-01	6.388449e-03
4.025000e-01	6.656057e-03
4.050000e-01	6.941195e-03
4.075000e-01	7.245420e-03
4.100000e-01	7.570466e-03
4.125000e-01	7.918269e-03
4.150000e-01	8.290993e-03
4.175000e-01	8.691066e-03
4.200000e-01	9.121217e-03
4.225000e-01	9.584524e-03
4.250000e-01	1.008447e-02
4.275000e-01	1.062499e-02
4.300000e-01	1.121059e-02
4.325000e-01	1.184639e-02
4.350000e-01	1.253827e-02
4.375000e-01	1.329298e-02
4.400000e-01	1.411831e-02
4.425000e-01	1.502331e-02
4.450000e-01	1.601850e-02
4.475000e-01	1.711619e-02
4.500000e-01	1.833083e-02
4.525000e-01	1.967952e-02
4.550000e-01	2.118255e-02
4.575000e-01	2.286418e-02
4.600000e-01	2.475358e-02
4.625000e-01	2.688603e-02
4.650000e-01	2.930457e-02
4.675000e-01	3.206206e-02
4.700000e-01	3.522395e-02
4.725000e-01	3.887203e-02
4.750000e-01	4.310942e-02
4.775000e-01	4.806753e-02
4.800000e-01	5.391555e-02
4.825000e-01	6.087393e-02
4.850000e-01	6.923347e-02
4.875000e-01	7.938278e-02
4.900000e-01	9.184841e-02
4.925000e-01	1.073538e-01
4.950000e-01	1.269064e-01
4.975000e-01	1.519267e-01
5.000000e-01	1.844329e-01
5.025000e-01	2.272909e-01
5.050000e-01	2.844876e-01
5.075000e-01	3.612139e-01
5.100000e-01	4.630115e-01
5.125000e-01	5.920158e-01
5.150000e-01	7.371364e-01
5.175000e-01	8.604545e-01
5.200000e-01	9.042495e-01
5.225000e-01	8.419310e-01
5.250000e-01	7.103598e-01
5.275000e-01	5.663018e-01
5.300000e-01	4.420813e-01
5.325000e-01	3.452748e-01
5.350000e-01	2.725962e-01
5.375000e-01	2.184116e-01
5.400000e-01	1.777335e-01
5.425000e-01	1.467999e-01
5.450000e-01	1.229229e-01
5.475000e-01	1.042119e-01
5.500000e-01	8.933508e-02
5.525000e-01	7.734577e-02
5.550000e-01	6.756254e-02
5.575000e-01	5.948815e-02
5.600000e-01	5.275468e-02
5.625000e-01	4.708612e-02
5.650000e-01	4.227276e-02
5.675000e-01	3.815326e-02
5.700000e-01	3.460210e-02
5.725000e-01	3.152055e-02
5.750000e-01	2.883017e-02
5.775000e-01	2.646810e-02
5.800000e-01	2.438348e-02
5.825000e-01	2.253486e-02
5.850000e-01	2.088817e-02
5.875000e-01	1.941526e-02
5.900000e-01	1.809266e-02
5.925000e-01	1.690072e-02
5.950000e-01	1.582287e-02
5.975000e-01	1.484509e-02
6.000000e-01	1.395543e-02
6.025000e-01	1.314365e-02
6.050000e-01	1.240096e-02
6.075000e-01	1.171978e-02
6.100000e-01	1.109352e-02
6.125000e-01	1.051647e-02
6.150000e-01	9.983602e-03
6.175000e-01	9.490550e-03
6.200000e-01	9.033454e-03
6.225000e-01	8.608913e-03
6.250000e-01	8.213918e-03
6.275000e-01	7.845797e-03
6.300000e-01	7.502175e-03
6.325000e-01	7.180932e-03
6.350000e-01	6.880172e-03
6.375000e-01	6.598194e-03
6.400000e-01	6.333473e-03
6.425000e-01	6.084631e-03
6.450000e-01	5.850427e-03
6.475000e-01	5.629740e-03
6.500000e-01	5.421551e-03
6.525000e-01	5.224937e-03
6.550000e-01	5.039058e-03
6.575000e-01	4.863150e-03
6.600000e-01	4.696513e-03
6.625000e-01	4.538510e-03
6.650000e-01	4.388557e-03
6.675000e-01	4.246117e-03
6.700000e-01	4.110698e-03
6.725000e-01	3.981849e-03
6.750000e-01	3.859153e-03
6.775000e-01	3.742225e-03
6.800000e-01	3.630711e-03
6.825000e-01	3.524284e-03
6.850000e-01	3.422640e-03
6.875000e-01	3.325498e-03
6.900000e-01	3.232597e-03
6.925000e-01	3.143695e-03
6.950000e-01	3.058567e-03
6.975000e-01	2.977004e-03
7.000000e-01	2.898811e-03
7.025000e-01	2.823805e-03
7.050000e-01	2.751817e-03
7.075000e-01	2.682689e-03
7.100000e-01	2.616271e-03
7.125000e-01	2.552425e-03
7.150000e-01	2.491022e-03
7.175000e-01	2.431938e-03
7.200000e-01	2.375060e-03
7.225000e-01	2.320281e-03
7.250000e-01	2.267499e-03
7.275000e-01	2.216620e-03
7.300000e-01	2.167553e-03
7.325000e-01	2.120216e-03
7.350000e-01	2.074529e-03
7.375000e-01	2.030417e-03
7.400000e-01	1.987809e-03
7.425000e-01	1.946639e-03
7.450000e-01	1.906844e-03
7.475000e-01	1.868364e-03
7.500000e-01	1.831143e-03
7.525000e-01	1.795128e-03
7.550000e-01	1.760268e-03
7.575000e-01	1.726515e-03
7.600000e-01	1.693825e-03
7.625000e-01	1.662153e-03
7.650000e-01	1.631459e-03
7.675000e-01	1.601704e-03
7.700000e-01	1.572851e-03
7.725000e-01	1.544865e-03
7.750000e-01	1.517713e-03
7.775000e-01	1.491364e-03
7.800000e-01	1.465785e-03
7.825000e-01	1.440950e-03
7.850000e-01	1.416830e-03
7.875000e-01	1.393400e-03
7.900000e-01	1.370633e-03
7.925000e-01	1.348508e-03
7.950000e-01	1.327000e-03
7.975000e-01	1.306088e-03
8.000000e-01	1.285751e-03
8.025000e-01	1.265970e-03
8.050000e-01	1.246725e-03
8.075000e-01	1.227999e-03
8.100000e-01	1.209774e-03
8.125000e-01	1.192034e-03
8.150000e-01	1.174762e-03
8.175000e-01	1.157944e-03
8.200000e-01	1.141564e-03
8.225000e-01	1.125609e-03
8.250000e-01	1.110066e-03
8.275000e-01	1.094921e-03
8.300000e-01	1.080163e-03
8.325000e-01	1.065779e-03
8.350000e-01	1.051759e-03
8.375000e-01	1.038091e-03
8.400000e-01	1.024765e-03
8.425000e-01	1.011771e-03
8.450000e-01	9.990990e-04
8.475000e-01	9.867402e-04
8.500000e-01	9.746856e-04
8.525000e-01	9.629266e-04
8.550000e-01	9.514551e-04
8.575000e-01	9.402631e-04
8.600000e-01	9.293432e-04
8.625000e-01	9.186879e-04
8.650000e-01	9.082903e-04
8.675000e-01	8.981437e-04
8.700000e-01	8.882416e-04
8.725000e-01	8.785778e-04
8.750000e-01	8.691462e-04
8.775000e-01	8.599411e-04
8.800000e-01	8.509569e-04
8.825000e-01	8.421884e-04
8.850000e-01	8.336303e-04
8.875000e-01	8.252779e-04
8.900000e-01	8.171262e-04
8.925000e-01	8.091708e-04
8.950000e-01	8.014073e-04
8.975000e-01	7.938315e-04
9.000000e-01	7.864393e-04
9.025000e-01	7.792269e-04
9.050000e-01	7.721904e-04
9.075000e-01	7.653264e-04
9.100000e-01	7.586314e-04
9.125000e-01	7.521021e-04
9.150000e-01	7.457354e-04
9.175000e-01	7.395281e-04
9.200000e-01	7.334776e-04
9.225000e-01	7.275809e-04
9.250000e-01	7.218354e-04
9.275000e-01	7.162386e-04
9.300000e-01	7.107882e-04
9.325000e-01	7.054818e-04
9.350000e-01	7.003172e-04
9.375000e-01	6.952925e-04
9.400000e-01	6.904056e-04
9.425000e-01	6.856547e-04
9.450000e-01	6.810381e-04
9.475000e-01	6.765541e-04
9.500000e-01	6.722013e-04
9.525000e-01	6.679782e-04
9.550000e-01	6.638835e-04
9.575000e-01	6.599159e-04
9.600000e-01	6.560745e-04
9.625000e-01	6.523581e-04
9.650000e-01	6.487658e-04
9.675000e-01	6.452970e-04
9.700000e-01	6.419507e-04
9.725000e-01	6.387266e-04
9.750000e-01	6.356240e-04
9.775000e-01	6.326425e-04
9.800000e-01	6.297820e-04
9.825000e-01	6.270422e-04
9.850000e-01	6.244231e-04
9.875000e-01	6.219248e-04
9.900000e-01	6.195473e-04
9.925000e-01	6.172910e-04
9.950000e-01	6.151564e-04
9.975000e-01	6.131438e-04
1.000000e+00	6.112541e-04
1.002500e+00	6.094880e-04
1.005000e+00	6.078464e-04
1.007500e+00	6.063304e-04
1.010000e+00	6.049412e-04
1.012500e+00	6.036803e-04
1.015000e+00	6.025491e-04
1.017500e+00	6.015493e-04
1.020000e+00	6.006829e-04
1.022500e+00	5.999518e-04
1.025000e+00	5.993584e-04
1.027500e+00	5.989051e-04
1.030000e+00	5.985945e-04
1.032500e+00	5.984296e-04
1.035000e+00	5.984135e-04
1.037500e+00	5.985494e-04
1.040000e+00	5.988412e-04
1.042500e+00	5.992926e-04
1.045000e+00	5.999080e-04
1.047500e+00	6.006917e-04
1.050000e+00	6.016487e-04
1.052500e+00	6.027842e-04
1.055000e+00	6.041038e-04
1.057500e+00	6.056134e-04
1.060000e+00	6.073195e-04
1.062500e+00	6.092290e-04
1.065000e+00	6.113493e-04
1.067500e+00	6.136883e-04
1.070000e+00	6.162544e-04
1.072500e+00	6.190569e-04
1.075000e+00	6.221054e-04
1.077500e+00	6.254105e-04
1.080000e+00	6.289833e-04
1.082500e+00	6.328361e-04
1.085000e+00	6.369818e-04
1.087500e+00	6.414343e-04
1.090000e+00	6.462087e-04
1.092500e+00	6.513211e-04
1.095000e+00	6.567891e-04
1.097500e+00	6.626313e-04
1.100000e+00	6.688681e-04
1.102500e+00	6.755214e-04
1.105000e+00	6.826148e-04
1.107500e+00	6.901741e-04
1.110000e+00	6.982269e-04
1.112500e+00	7.068033e-04
1.115000e+00	7.159361e-04
1.117500e+00	7.256608e-04
1.120000e+00	7.360160e-04
1.122500e+00	7.470439e-04
1.125000e+00	7.587905e-04
1.127500e+00	7.713060e-04
1.130000e+00	7.846454e-04
1.132500e+00	7.988689e-04
1.135000e+00	8.140427e-04
1.137500e+00	8.302396e-04
1.140000e+00	8.475397e-04
1.142500e+00	8.660314e-04
1.145000e+00	8.858125e-04
1.147500e+00	9.069913e-04
1.150000e+00	9.296881e-04
1.152500e+00	9.540365e-04
1.155000e+00	9.801858e-04
1.157500e+00	1.008302e-03
1.160000e+00	1.038573e-03
1.162500e+00	1.071208e-03
1.165000e+00	1.106443e-03
1.167500e+00	1.144545e-03
1.170000e+00	1.185816e-03
1.172500e+00	1.230599e-03
1.175000e+00	1.279285e-03
1.177500e+00	1.332323e-03
1.180000e+00	1.390226e-03
1.182500e+00	1.453587e-03
1.185000e+00	1.523089e-03
1.187500e+00	1.599530e-03
1.190000e+00	1.683838e-03
1.192500e+00	1.777103e-03
1.195000e+00	1.880608e-03
1.197500e+00	1.995875e-03
1.200000e+00	2.124715e-03
1.202500e+00	2.269303e-03
1.205000e+00	2.432259e-03
1.207500e+00	2.616770e-03
1.210000e+00	2.826735e-03
1.212500e+00	3.066964e-03
1.215000e+00	3.343441e-03
1.217500e+00	3.663681e-03
1.220000e+00	4.037210e-03
1.222500e+00	4.476237e-03
1.225000e+00	4.996577e-03
1.227500e+00	5.618974e-03
1.230000e+00	6.370978e-03
1.232500e+00	7.289681e-03
1.235000e+00	8.425715e-03
1.237500e+00	9.849163e-03
1.240000e+00	1.165830e-02
1.242500e+00	1.399235e-02
1.245000e+00	1.704941e-02
1.247500e+00	2.110864e-02
1.250000e+00	2.654814e-02
1.252500e+00	3.382305e-02
1.255000e+00	4.329822e-02
1.257500e+00	5.470718e-02
1.260000e+00	6.608362e-02
1.262500e+00	7.317493e-02
1.265000e+00	7.202162e-02
1.267500e+00	6.333872e-02
1.270000e+00	5.162700e-02
1.272500e+00	4.062163e-02
1.275000e+00	3.173221e-02
1.277500e+00	2.497775e-02
1.280000e+00	1.993822e-02
1.282500e+00	1.617117e-02
1.285000e+00	1.332480e-02
1.287500e+00	1.114315e-02
1.290000e+00	9.445452e-03
1.292500e+00	8.104595e-03
1.295000e+00	7.030668e-03
1.297500e+00	6.159345e-03
1.300000e+00	5.443988e-03
1.302500e+00	4.850306e-03
1.305000e+00	4.352737e-03
1.307500e+00	3.931972e-03
1.310000e+00	3.573242e-03
1.312500e+00	3.265111e-03
1.315000e+00	2.998632e-03
1.317500e+00	2.766728e-03
1.320000e+00	2.563750e-03
1.322500e+00	2.385148e-03
1.325000e+00	2.227225e-03
1.327500e+00	2.086955e-03
1.330000e+00	1.961844e-03
1.332500e+00	1.849821e-03
1.335000e+00	1.749155e-03
1.337500e+00	1.658392e-03
1.340000e+00	1.576304e-03
1.342500e+00	1.501847e-03
1.345000e+00	1.434130e-03
1.347500e+00	1.372389e-03
1.350000e+00	1.315965e-03
1.352500e+00	1.264288e-03
1.355000e+00	1.216865e-03
1.357500e+00	1.173264e-03
1.360000e+00	1.133108e-03
1.362500e+00	1.096067e-03
1.365000e+00	1.061849e-03
1.367500e+00	1.030198e-03
1.370000e+00	1.000885e-03
1.372500e+00	9.737094e-04
1.375000e+00	9.484907e-04
1.377500e+00	9.250687e-04
1.380000e+00	9.033004e-04
1.382500e+00	8.830572e-04
1.385000e+00	8.642242e-04
1.387500e+00	8.466976e-04
1.390000e+00	8.303844e-04
1.392500e+00	8.152004e-04
1.395000e+00	8.010697e-04
1.397500e+00	7.879237e-04
1.400000e+00	7.757002e-04
1.402500e+00	7.643429e-04
1.405000e+00	7.538009e-04
1.407500e+00	7.440279e-04
1.410000e+00	7.349818e-04
1.412500e+00	7.266247e-04
1.415000e+00	7.189220e-04
1.417500e+00	7.118423e-04
1.420000e+00	7.053574e-04
1.422500e+00	6.994416e-04
1.425000e+00	6.940718e-04
1.427500e+00	6.892272e-04
1.430000e+00	6.848891e-04
1.432500e+00	6.810409e-04
1.435000e+00	6.776676e-04
1.437500e+00	6.747562e-04
1.440000e+00	6.722954e-04
1.442500e+00	6.702751e-04
1.445000e+00	6.686871e-04
1.447500e+00	6.675244e-04
1.450000e+00	6.667813e-04
1.452500e+00	6.664535e-04
1.455000e+00	6.665382e-04
1.457500e+00	6.670335e-04
1.460000e+00	6.679391e-04
1.462500e+00	6.692555e-04
1.465000e+00	6.709849e-04
1.467500e+00	6.731304e-04
1.470000e+00	6.756966e-04
1.472500e+00	6.786892e-04
1.475000e+00	6.821153e-04
1.477500e+00	6.859833e-04
1.480000e+00	6.903030e-04
1.482500e+00	6.950857e-04
1.485000e+00	7.003443e-04
1.487500e+00	7.060931e-04
1.490000e+00	7.123482e-04
1.492500e+00	7.191276e-04
1.495000e+00	7.264512e-04
1.497500e+00	7.343407e-04
1.500000e+00	7.428203e-04
1.502500e+00	7.519165e-04
1.505000e+00	7.616583e-04
1.507500e+00	7.720776e-04
1.510000e+00	7.832092e-04
1.512500e+00	7.950912e-04
1.515000e+00	8.077656e-04
1.517500e+00	8.212779e-04
1.520000e+00	8.356783e-04
1.522500e+00	8.510216e-04
1.525000e+00	8.673679e-04
1.527500e+00	8.847831e-04
1.530000e+00	9.033397e-04
1.532500e+00	9.231173e-04
1.535000e+00	9.442034e-04
1.537500e+00	9.666946e-04
1.540000e+00	9.906975e-04
1.542500e+00	1.016330e-03
1.545000e+00	1.043722e-03
1.547500e+00	1.073018e-03
1.550000e+00	1.104379e-03
1.552500e+00	1.137984e-03
1.555000e+00	1.174032e-03
1.557500e+00	1.212746e-03
1.560000e+00	1.254377e-03
1.562500e+00	1.299205e-03
1.565000e+00	1.347547e-03
1.567500e+00	1.399761e-03
1.570000e+00	1.456251e-03
1.572500e+00	1.517478e-03
1.575000e+00	1.583968e-03
1.577500e+00	1.656319e-03
1.580000e+00	1.735222e-03
1.582500e+00	1.821472e-03
1.585000e+00	1.915986e-03
1.587500e+00	2.019833e-03
1.590000e+00	2.134258e-03
1.592500e+00	2.260724e-03
1.595000e+00	2.400953e-03
1.597500e+00	2.556984e-03
1.600000e+00	2.731249e-03
1.602500e+00	2.926663e-03
1.605000e+00	3.146742e-03
1.607500e+00	3.395760e-03
1.610000e+00	3.678945e-03
1.612500e+00	4.002749e-03
1.615000e+00	4.375198e-03
1.617500e+00	4.806369e-03
1.620000e+00	5.309037e-03
1.622500e+00	5.899573e-03
1.625000e+00	6.599185e-03
1.627500e+00	7.435687e-03
1.630000e+00	8.446021e-03
1.632500e+00	9.679920e-03
1.635000e+00	1.120527e-02
1.637500e+00	1.311603e-02
1.640000e+00	1.554397e-02
1.642500e+00	1.867574e-02
1.645000e+00	2.277693e-02
1.647500e+00	2.822182e-02
1.650000e+00	3.551737e-02
1.652500e+00	4.527403e-02
1.655000e+00	5.798165e-02
1.657500e+00	7.328482e-02
1.660000e+00	8.855020e-02
1.662500e+00	9.807676e-02
1.665000e+00	9.654858e-02
1.667500e+00	8.491490e-02
1.670000e+00	6.921014e-02
1.672500e+00	5.444837e-02
1.675000e+00	4.252394e-02
1.677500e+00	3.346384e-02
1.680000e+00	2.670493e-02
1.682500e+00	2.165370e-02
1.685000e+00	1.783803e-02
1.687500e+00	1.491450e-02
1.690000e+00	1.264049e-02
1.692500e+00	1.084547e-02
1.695000e+00	9.408774e-03
1.697500e+00	8.244094e-03
1.700000e+00	7.288857e-03
1.702500e+00	6.497058e-03
1.705000e+00	5.834411e-03
1.707500e+00	5.275016e-03
1.710000e+00	4.799067e-03
1.712500e+00	4.391236e-03
1.715000e+00	4.039530e-03
1.717500e+00	3.734469e-03
1.720000e+00	3.468492e-03
1.722500e+00	3.235509e-03
1.725000e+00	3.030580e-03
1.727500e+00	2.849667e-03
1.730000e+00	2.689443e-03
1.732500e+00	2.547155e-03
1.735000e+00	2.420506e-03
1.737500e+00	2.307575e-03
1.740000e+00	2.206743e-03
1.742500e+00	2.116642e-03
1.745000e+00	2.036114e-03
1.747500e+00	1.964171e-03
1.750000e+00	1.899974e-03
1.752500e+00	1.842804e-03
1.755000e+00	1.792050e-03
1.757500e+00	1.747188e-03
1.760000e+00	1.707775e-03
1.762500e+00	1.673434e-03
1.765000e+00	1.643848e-03
1.767500e+00	1.618754e-03
1.770000e+00	1.597938e-03
1.772500e+00	1.581227e-03
1.775000e+00	1.568492e-03
1.777500e+00	1.559641e-03
1.780000e+00	1.554619e-03
1.782500e+00	1.553407e-03
1.785000e+00	1.556021e-03
1.787500e+00	1.562515e-03
1.790000e+00	1.572980e-03
1.792500e+00	1.587546e-03
1.795000e+00	1.606388e-03
1.797500e+00	1.629725e-03
1.800000e+00	1.657830e-03
1.802500e+00	1.691033e-03
1.805000e+00	1.729730e-03
1.807500e+00	1.774393e-03
1.810000e+00	1.825582e-03
1.812500e+00	1.883959e-03
1.815000e+00	1.950307e-03
1.817500e+00	2.025556e-03
1.820000e+00	2.110805e-03
1.822500e+00	2.207364e-03
1.825000e+00	2.316796e-03
1.827500e+00	2.440974e-03
1.830000e+00	2.582157e-03
1.832500e+00	2.743079e-03
1.835000e+00	2.927078e-03
1.837500e+00	3.138247e-03
1.840000e+00	3.381653e-03
1.842500e+00	3.663613e-03
1.845000e+00	3.992078e-03
1.847500e+00	4.377149e-03
1.850000e+00	4.831796e-03
1.852500e+00	5.372857e-03
1.855000e+00	6.022461e-03
1.857500e+00	6.810061e-03
1.860000e+00	7.775392e-03
1.862500e+00	8.972810e-03
1.865000e+00	1.047770e-02
1.867500e+00	1.239595e-02
1.870000e+00	1.487777e-02
1.872500e+00	1.813678e-02
1.875000e+00	2.247311e-02
1.877500e+00	2.828913e-02
1.880000e+00	3.605497e-02
1.882500e+00	4.609949e-02
1.885000e+00	5.797802e-02
1.887500e+00	6.933312e-02
1.890000e+00	7.558088e-02
1.892500e+00	7.311645e-02
1.895000e+00	6.345367e-02
1.897500e+00	5.135916e-02
1.900000e+00	4.032980e-02
1.902500e+00	3.153280e-02
1.905000e+00	2.487799e-02
1.907500e+00	1.991527e-02
1.910000e+00	1.620084e-02
1.912500e+00	1.338841e-02
1.915000e+00	1.122774e-02
1.917500e+00	9.542370e-03
1.920000e+00	8.208180e-03
1.922500e+00	7.137253e-03
1.925000e+00	6.266572e-03
1.927500e+00	5.550360e-03
1.930000e+00	4.954889e-03
1.932500e+00	4.454971e-03
1.935000e+00	4.031544e-03
1.937500e+00	3.669998e-03
1.940000e+00	3.359008e-03
1.942500e+00	3.089695e-03
1.945000e+00	2.855030e-03
1.947500e+00	2.649392e-03
1.950000e+00	2.468247e-03
1.952500e+00	2.307911e-03
1.955000e+00	2.165362e-03
1.957500e+00	2.038107e-03
1.960000e+00	1.924074e-03
1.962500e+00	1.821533e-03
1.965000e+00	1.729025e-03
1.967500e+00	1.645320e-03
1.970000e+00	1.569370e-03
1.972500e+00	1.500280e-03
1.975000e+00	1.437284e-03
1.977500e+00	1.379721e-03
1.980000e+00	1.327017e-03
1.982500e+00	1.278676e-03
1.985000e+00	1.234266e-03
1.987500e+00	1.193407e-03
1.990000e+00	1.155768e-03
1.992500e+00	1.121056e-03
1.995000e+00	1.089015e-03
1.997500e+00	1.059415e-03
2.000000e+00	1.032057e-03
2.002500e+00	1.006759e-03
2.005000e+00	9.833640e-04
2.007500e+00	9.617288e-04
2.010000e+00	9.417273e-04
2.012500e+00	9.232463e-04
2.015000e+00	9.061851e-04
2.017500e+00	8.904533e-04
2.020000e+00	8.759705e-04
2.022500e+00	8.626647e-04
2.025000e+00	8.504719e-04
2.027500e+00	8.393348e-04
2.030000e+00	8.292029e-04
2.032500e+00	8.200315e-04
2.035000e+00	8.117813e-04
2.037500e+00	8.044179e-04
2.040000e+00	7.979117e-04
2.042500e+00	7.922375e-04
2.045000e+00	7.873742e-04
2.047500e+00	7.833047e-04
2.050000e+00	7.800157e-04
2.052500e+00	7.774976e-04
2.055000e+00	7.757444e-04
2.057500e+00	7.747538e-04
2.060000e+00	7.745269e-04
2.062500e+00	7.750685e-04
2.065000e+00	7.763871e-04
2.067500e+00	7.784952e-04
2.070000e+00	7.814089e-04
2.072500e+00	7.851487e-04
2.075000e+00	7.897394e-04
2.077500e+00	7.952105e-04
2.080000e+00	8.015967e-04
2.082500e+00	8.089378e-04
2.085000e+00	8.172801e-04
2.087500e+00	8.266759e-04
2.090000e+00	8.371850e-04
2.092500e+00	8.488752e-04
2.095000e+00	8.618231e-04
2.097500e+00	8.761153e-04
2.100000e+00	8.918498e-04
2.102500e+00	9.091371e-04
2.105000e+00	9.281022e-04
2.107500e+00	9.488863e-04
2.110000e+00	9.716497e-04
2.112500e+00	9.965739e-04
2.115000e+00	1.023865e-03
2.117500e+00	1.053759e-03
2.120000e+00	1.086525e-03
2.122500e+00	1.122469e-03
2.125000e+00	1.161945e-03
2.127500e+00	1.205360e-03
2.130000e+00	1.253186e-03
2.132500e+00	1.305968e-03
2.135000e+00	1.364346e-03
2.137500e+00	1.429064e-03
2.140000e+00	1.501000e-03
2.142500e+00	1.581194e-03
2.145000e+00	1.670878e-03
2.147500e+00	1.771528e-03
2.150000e+00	1.884920e-03
2.152500e+00	2.013201e-03
2.155000e+00	2.158993e-03
2.157500e+00	2.325517e-03
2.160000e+00	2.516763e-03
2.162500e+00	2.737717e-03
2.165000e+00	2.994671e-03
2.167500e+00	3.295641e-03
2.170000e+00	3.650956e-03
2.172500e+00	4.074075e-03
2.175000e+00	4.582759e-03
2.177500e+00	5.200752e-03
2.180000e+00	5.960238e-03
2.182500e+00	6.905450e-03
2.185000e+00	8.098013e-03
2.187500e+00	9.624821e-03
2.190000e+00	1.160937e-02
2.192500e+00	1.422698e-02
2.195000e+00	1.772132e-02
2.197500e+00	2.240880e-02
2.200000e+00	2.862428e-02
2.202500e+00	3.648645e-02
2.205000e+00	4.529162e-02
2.207500e+00	5.269458e-02
2.210000e+00	5.519523e-02
2.212500e+00	5.127124e-02
2.215000e+00	4.323395e-02
2.217500e+00	3.451065e-02
2.220000e+00	2.701672e-02
2.222500e+00	2.118560e-02
2.225000e+00	1.680998e-02
2.227500e+00	1.354787e-02
2.230000e+00	1.109849e-02
2.232500e+00	9.235454e-03
2.235000e+00	7.797140e-03
2.237500e+00	6.669874e-03
2.240000e+00	5.773568e-03
2.242500e+00	5.051276e-03
2.245000e+00	4.461999e-03
2.247500e+00	3.975808e-03
2.250000e+00	3.570549e-03
2.252500e+00	3.229600e-03
2.255000e+00	2.940325e-03
2.257500e+00	2.693003e-03
2.260000e+00	2.480068e-03
2.262500e+00	2.295568e-03
2.265000e+00	2.134774e-03
2.267500e+00	1.993894e-03
2.270000e+00	1.869861e-03
2.272500e+00	1.760177e-03
2.275000e+00	1.662786e-03
2.277500e+00	1.575991e-03
2.280000e+00	1.498377e-03
2.282500e+00	1.428760e-03
2.285000e+00	1.366142e-03
2.287500e+00	1.309678e-03
2.290000e+00	1.258649e-03
2.292500e+00	1.212439e-03
2.295000e+00	1.170521e-03
2.297500e+00	1.132440e-03
2.300000e+00	1.097801e-03
2.302500e+00	1.066261e-03
2.305000e+00	1.037523e-03
2.307500e+00	1.011325e-03
2.310000e+00	9.874386e-04
2.312500e+00	9.656625e-04
2.315000e+00	9.458196e-04
2.317500e+00	9.277536e-04
2.320000e+00	9.113259e-04
2.322500e+00	8.964142e-04
2.325000e+00	8.829096e-04
2.327500e+00	8.707155e-04
2.330000e+00	8.597463e-04
2.332500e+00	8.499257e-04
2.335000e+00	8.411859e-04
2.337500e+00	8.334669e-04
2.340000e+00	8.267154e-04
2.342500e+00	8.208842e-04
2.345000e+00	8.159318e-04
2.347500e+00	8.118215e-04
2.350000e+00	8.085216e-04
2.352500e+00	8.060043e-04
2.355000e+00	8.042460e-04
2.357500e+00	8.032266e-04
2.360000e+00	8.029293e-04
2.362500e+00	8.033408e-04
2.365000e+00	8.044505e-04
2.367500e+00	8.062511e-04
2.370000e+00	8.087377e-04
2.372500e+00	8.119083e-04
2.375000e+00	8.157637e-04
2.377500e+00	8.203070e-04
2.380000e+00	8.255442e-04
2.382500e+00	8.314836e-04
2.385000e+00	8.381364e-04
2.387500e+00	8.455163e-04
2.390000e+00	8.536398e-04
2.392500e+00	8.625264e-04
2.395000e+00	8.721982e-04
2.397500e+00	8.826808e-04
2.400000e+00	8.940027e-04
2.402500e+00	9.061961e-04
2.405000e+00	9.192968e-04
2.407500e+00	9.333443e-04
2.410000e+00	9.483827e-04
2.412500e+00	9.644603e-04
2.415000e+00	9.816306e-04
2.417500e+00	9.999522e-04
2.420000e+00	1.019490e-03
2.422500e+00	1.040314e-03
2.425000e+00	1.062503e-03
2.427500e+00	1.086143e-03
2.430000e+00	1.111326e-03
2.432500e+00	1.138158e-03
2.435000e+00	1.166751e-03
2.437500e+00	1.197232e-03
2.440000e+00	1.229738e-03
2.442500e+00	1.264422e-03
2.445000e+00	1.301453e-03
2.447500e+00	1.341017e-03
2.450000e+00	1.383323e-03
2.452500e+00	1.428600e-03
2.455000e+00	1.477105e-03
2.457500e+00	1.529124e-03
2.460000e+00	1.584976e-03
2.462500e+00	1.645019e-03
2.465000e+00	1.709655e-03
2.467500e+00	1.779337e-03
2.470000e+00	1.854576e-03
2.472500e+00	1.935949e-03
2.475000e+00	2.024115e-03
2.477500e+00	2.119819e-03
2.480000e+00	2.223917e-03
2.482500e+00	2.337388e-03
2.485000e+00	2.461361e-03
2.487500e+00	2.597137e-03
2.490000e+00	2.746229e-03
2.492500e+00	2.910397e-03
2.495000e+00	3.091704e-03
2.497500e+00	3.292575e-03
2.500000e+00	3.515879e-03
2.502500e+00	3.765027e-03
2.505000e+00	4.044098e-03
2.507500e+00	4.358003e-03
2.510000e+00	4.712694e-03
2.512500e+00	5.115436e-03
2.515000e+00	5.575164e-03
2.517500e+00	6.102959e-03
2.520000e+00	6.712688e-03
2.522500e+00	7.421867e-03
2.525000e+00	8.252851e-03
2.527500e+00	9.234482e-03
2.530000e+00	1.040441e-02
2.532500e+00	1.181242e-02
2.535000e+00	1.352518e-02
2.537500e+00	1.563324e-02
2.540000e+00	1.826128e-02
2.542500e+00	2.158335e-02
2.545000e+00	2.584522e-02
2.547500e+00	3.139637e-02
2.550000e+00	3.873221e-02
2.552500e+00	4.853735e-02
2.555000e+00	6.168569e-02
2.557500e+00	7.905150e-02
2.560000e+00	1.007664e-01
2.562500e+00	1.244261e-01
2.565000e+00	1.430312e-01
2.567500e+00	1.472940e-01
2.570000e+00	1.345864e-01
2.572500e+00	1.121874e-01
2.575000e+00	8.898753e-02
2.577500e+00	6.945156e-02
2.580000e+00	5.437085e-02
2.582500e+00	4.307934e-02
2.585000e+00	3.465713e-02
2.587500e+00	2.832251e-02
2.590000e+00	2.349377e-02
2.592500e+00	1.975718e-02
2.595000e+00	1.682187e-02
2.597500e+00	1.448273e-02
2.600000e+00	1.259366e-02
2.602500e+00	1.104927e-02
2.605000e+00	9.772493e-03
2.607500e+00	8.706151e-03
2.610000e+00	7.807268e-03
2.612500e+00	7.043120e-03
2.615000e+00	6.388486e-03
2.617500e+00	5.823706e-03
2.620000e+00	5.333294e-03
2.622500e+00	4.904931e-03
2.625000e+00	4.528729e-03
2.627500e+00	4.196685e-03
2.630000e+00	3.902268e-03
2.632500e+00	3.640113e-03
2.635000e+00	3.405785e-03
2.637500e+00	3.195594e-03
2.640000e+00	3.006456e-03
2.642500e+00	2.835783e-03
2.645000e+00	2.681395e-03
2.647500e+00	2.541458e-03
2.650000e+00	2.414428e-03
2.652500e+00	2.299014e-03
2.655000e+00	2.194152e-03
2.657500e+00	2.098987e-03
2.660000e+00	2.012872e-03
2.662500e+00	1.935376e-03
2.665000e+00	1.866314e-03
2.667500e+00	1.805801e-03
2.670000e+00	1.754331e-03
2.672500e+00	1.712886e-03
2.675000e+00	1.683023e-03
2.677500e+00	1.666750e-03
2.680000e+00	1.665652e-03
2.682500e+00	1.678058e-03
2.685000e+00	1.693435e-03
2.687500e+00	1.689254e-03
2.690000e+00	1.644425e-03
2.692500e+00	1.562347e-03
2.695000e+00	1.466436e-03
2.697500e+00	1.376207e-03
2.700000e+00	1.298972e-03
2.702500e+00	1.234720e-03
2.705000e+00	1.181127e-03
2.707500e+00	1.135756e-03
2.710000e+00	1.096656e-03
2.712500e+00	1.062385e-03
2.715000e+00	1.031908e-03
2.717500e+00	1.004478e-03
2.720000e+00	9.795481e-04
2.722500e+00	9.567149e-04
2.725000e+00	9.356718e-04
2.727500e+00	9.161822e-04
2.730000e+00	8.980595e-04
2.732500e+00	8.811544e-04
2.735000e+00	8.653447e-04
2.737500e+00	8.505293e-04
2.740000e+00	8.366231e-04
2.742500e+00	8.235536e-04
2.745000e+00	8.112585e-04
2.747500e+00	7.996835e-04
2.750000e+00	7.887809e-04
2.752500e+00	7.785087e-04
2.755000e+00	7.688294e-04
2.757500e+00	7.597096e-04
2.760000e+00	7.511191e-04
2.762500e+00	7.430307e-04
2.765000e+00	7.354197e-04
2.767500e+00	7.282637e-04
2.770000e+00	7.215425e-04
2.772500e+00	7.152372e-04
2.775000e+00	7.093309e-04
2.777500e+00	7.038081e-04
2.780000e+00	6.986545e-04
2.782500e+00	6.938569e-04
2.785000e+00	6.894035e-04
2.787500e+00	6.852834e-04
2.790000e+00	6.814865e-04
2.792500e+00	6.780037e-04
2.795000e+00	6.748268e-04
2.797500e+00	6.719482e-04
2.800000e+00	6.693613e-04
2.802500e+00	6.670598e-04
2.805000e+00	6.650386e-04
2.807500e+00	6.632927e-04
2.810000e+00	6.618180e-04
2.812500e+00	6.606111e-04
2.815000e+00	6.596689e-04
2.817500e+00	6.589891e-04
2.820000e+00	6.585699e-04
2.822500e+00	6.584100e-04
2.825000e+00	6.585087e-04
2.827500e+00	6.588659e-04
2.830000e+00	6.594820e-04
2.832500e+00	6.603582e-04
2.835000e+00	6.614959e-04
2.837500e+00	6.628975e-04
2.840000e+00	6.645659e-04
2.842500e+00	6.665045e-04
2.845000e+00	6.687176e-04
2.847500e+00	6.712102e-04
2.850000e+00	6.739881e-04
2.852500e+00	6.770578e-04
2.855000e+00	6.804269e-04
2.857500e+00	6.841038e-04
2.860000e+00	6.880979e-04
2.862500e+00	6.924200e-04
2.865000e+00	6.970820e-04
2.867500e+00	7.020971e-04
2.870000e+00	7.074800e-04
2.872500e+00	7.132474e-04
2.875000e+00	7.194174e-04
2.877500e+00	7.260105e-04
2.880000e+00	7.330496e-04
2.882500e+00	7.405600e-04
2.885000e+00	7.485701e-04
2.887500e+00	7.571118e-04
2.890000e+00	7.662208e-04
2.892500e+00	7.759373e-04
2.895000e+00	7.863066e-04
2.897500e+00	7.973801e-04
2.900000e+00	8.092158e-04
2.902500e+00	8.218800e-04
2.905000e+00	8.354485e-04
2.907500e+00	8.500080e-04
2.910000e+00	8.656588e-04
2.912500e+00	8.825167e-04
2.915000e+00	9.007164e-04
2.917500e+00	9.204156e-04
2.920000e+00	9.417996e-04
2.922500e+00	9.650873e-04
2.925000e+00	9.905397e-04
2.927500e+00	1.018469e-03
2.930000e+00	1.049252e-03
2.932500e+00	1.083347e-03
2.935000e+00	1.121315e-03
2.937500e+00	1.163851e-03
2.940000e+00	1.211820e-03
2.942500e+00	1.266313e-03
2.945000e+00	1.328720e-03
2.947500e+00	1.400830e-03
2.950000e+00	1.484975e-03
2.952500e+00	1.584235e-03
2.955000e+00	1.702731e-03
2.957500e+00	1.846054e-03
2.960000e+00	2.021904e-03
2.962500e+00	2.241020e-03
2.965000e+00	2.518565e-03
2.967500e+00	2.876092e-03
2.970000e+00	3.344134e-03
2.972500e+00	3.964807e-03
2.975000e+00	4.791632e-03
2.977500e+00	5.877361e-03
2.980000e+00	7.227053e-03
2.982500e+00	8.686687e-03
2.985000e+00	9.820750e-03
2.987500e+00	1.006766e-02
2.990000e+00	9.289268e-03
2.992500e+00	7.942007e-03
2.995000e+00	6.561158e-03
2.997500e+00	5.408929e-03
