#omega	spectral weight
-3.000000e+00	2.325330e-05
-2.997500e+00	2.326364e-05
-2.995000e+00	2.327399e-05
-2.992500e+00	2.328435e-05
-2.990000e+00	2.329471e-05
-2.987500e+00	2.330509e-05
-2.985000e+00	2.331547e-05
-2.982500e+00	2.332585e-05
-2.980000e+00	2.333625e-05
-2.977500e+00	2.334665e-05
-2.975000e+00	2.335706e-05
-2.972500e+00	2.336748e-05
-2.970000e+00	2.337791e-05
-2.967500e+00	2.338834e-05
-2.965000e+00	2.339878e-05
-2.962500e+00	2.340923e-05
-2.960000e+00	2.341969e-05
-2.957500e+00	2.343015e-05
-2.955000e+00	2.344063e-05
-2.952500e+00	2.345111e-05
-2.950000e+00	2.346159e-05
-2.947500e+00	2.347209e-05
-2.945000e+00	2.348259e-05
-2.942500e+00	2.349310e-05
-2.940000e+00	2.350362e-05
-2.937500e+00	2.351414e-05
-2.935000e+00	2.352468e-05
-2.932500e+00	2.353522e-05
-2.930000e+00	2.354577e-05
-2.927500e+00	2.355632e-05
-2.925000e+00	2.356689e-05
-2.922500e+00	2.357746e-05
-2.920000e+00	2.358804e-05
-2.917500e+00	2.359863e-05
-2.915000e+00	2.360922e-05
-2.912500e+00	2.361983e-05
-2.910000e+00	2.363044e-05
-2.907500e+00	2.364106e-05
-2.905000e+00	2.365168e-05
-2.902500e+00	2.366232e-05
-2.900000e+00	2.367296e-05
-2.897500e+00	2.368361e-05
-2.895000e+00	2.369427e-05
-2.892500e+00	2.370493e-05
-2.890000e+00	2.371561e-05
-2.887500e+00	2.372629e-05
-2.885000e+00	2.373698e-05
-2.882500e+00	2.374768e-05
-2.880000e+00	2.375838e-05
-2.877500e+00	2.376910e-05
-2.875000e+00	2.377982e-05
-2.872500e+00	2.379055e-05
-2.870000e+00	2.380128e-05
-2.867500e+00	2.381203e-05
-2.865000e+00	2.382278e-05
-2.862500e+00	2.383354e-05
-2.860000e+00	2.384431e-05
-2.857500e+00	2.385509e-05
-2.855000e+00	2.386588e-05
-2.852500e+00	2.387667e-05
-2.850000e+00	2.388747e-05
-2.847500e+00	2.389828e-05
-2.845000e+00	2.390910e-05
-2.842500e+00	2.391992e-05
-2.840000e+00	2.393076e-05
-2.837500e+00	2.394160e-05
-2.835000e+00	2.395245e-05
-2.832500e+00	2.396331e-05
-2.830000e+00	2.397417e-05
-2.827500e+00	2.398505e-05
-2.825000e+00	2.399593e-05
-2.822500e+00	2.400682e-05
-2.820000e+00	2.401772e-05
-2.817500e+00	2.402863e-05
-2.815000e+00	2.403954e-05
-2.812500e+00	2.405047e-05
-2.810000e+00	2.406140e-05
-2.807500e+00	2.407234e-05
-2.805000e+00	2.408328e-05
-2.802500e+00	2.409424e-05
-2.800000e+00	2.410521e-05
-2.797500e+00	2.411618e-05
-2.795000e+00	2.412716e-05
-2.792500e+00	2.413815e-05
-2.790000e+00	2.414915e-05
-2.787500e+00	2.416015e-05
-2.785000e+00	2.417117e-05
-2.782500e+00	2.418219e-05
-2.780000e+00	2.419322e-05
-2.777500e+00	2.420426e-05
-2.775000e+00	2.421531e-05
-2.772500e+00	2.422636e-05
-2.770000e+00	2.423743e-05
-2.767500e+00	2.424850e-05
-2.765000e+00	2.425958e-05
-2.762500e+00	2.427067e-05
-2.760000e+00	2.428177e-05
-2.757500e+00	2.429287e-05
-2.755000e+00	2.430399e-05
-2.752500e+00	2.431511e-05
-2.750000e+00	2.432624e-05
-2.747500e+00	2.433738e-05
-2.745000e+00	2.434853e-05
-2.742500e+00	2.435969e-05
-2.740000e+00	2.437085e-05
-2.737500e+00	2.438203e-05
-2.735000e+00	2.439321e-05
-2.732500e+00	2.440440e-05
-2.730000e+00	2.441560e-05
-2.727500e+00	2.442681e-05
-2.725000e+00	2.443803e-05
-2.722500e+00	2.444925e-05
-2.720000e+00	2.446049e-05
-2.717500e+00	2.447173e-05
-2.715000e+00	2.448298e-05
-2.712500e+00	2.449424e-05
-2.710000e+00	2.450551e-05
-2.707500e+00	2.451679e-05
-2.705000e+00	2.452807e-05
-2.702500e+00	2.453937e-05
-2.700000e+00	2.455067e-05
-2.697500e+00	2.456198e-05
-2.695000e+00	2.457330e-05
-2.692500e+00	2.458463e-05
-2.690000e+00	2.459597e-05
-2.687500e+00	2.460732e-05
-2.685000e+00	2.461867e-05
-2.682500e+00	2.463004e-05
-2.680000e+00	2.464141e-05
-2.677500e+00	2.465279e-05
-2.675000e+00	2.466418e-05
-2.672500e+00	2.467558e-05
-2.670000e+00	2.468699e-05
-2.667500e+00	2.469841e-05
-2.665000e+00	2.470983e-05
-2.662500e+00	2.472127e-05
-2.660000e+00	2.473271e-05
-2.657500e+00	2.474416e-05
-2.655000e+00	2.475563e-05
-2.652500e+00	2.476710e-05
-2.650000e+00	2.477857e-05
-2.647500e+00	2.479006e-05
-2.645000e+00	2.480156e-05
-2.642500e+00	2.481307e-05
-2.640000e+00	2.482458e-05
-2.637500e+00	2.483611e-05
-2.635000e+00	2.484764e-05
-2.632500e+00	2.485918e-05
-2.630000e+00	2.487073e-05
-2.627500e+00	2.488229e-05
-2.625000e+00	2.489386e-05
-2.622500e+00	2.490544e-05
-2.620000e+00	2.491703e-05
-2.617500e+00	2.492862e-05
-2.615000e+00	2.494023e-05
-2.612500e+00	2.495184e-05
-2.610000e+00	2.496347e-05
-2.607500e+00	2.497510e-05
-2.605000e+00	2.498674e-05
-2.602500e+00	2.499839e-05
-2.600000e+00	2.501005e-05
-2.597500e+00	2.502172e-05
-2.595000e+00	2.503340e-05
-2.592500e+00	2.504509e-05
-2.590000e+00	2.505678e-05
-2.587500e+00	2.506849e-05
-2.585000e+00	2.508021e-05
-2.582500e+00	2.509193e-05
-2.580000e+00	2.510366e-05
-2.577500e+00	2.511541e-05
-2.575000e+00	2.512716e-05
-2.572500e+00	2.513892e-05
-2.570000e+00	2.515069e-05
-2.567500e+00	2.516247e-05
-2.565000e+00	2.517426e-05
-2.562500e+00	2.518606e-05
-2.560000e+00	2.519787e-05
-2.557500e+00	2.520969e-05
-2.555000e+00	2.522152e-05
-2.552500e+00	2.523335e-05
-2.550000e+00	2.524520e-05
-2.547500e+00	2.525705e-05
-2.545000e+00	2.526892e-05
-2.542500e+00	2.528079e-05
-2.540000e+00	2.529268e-05
-2.537500e+00	2.530457e-05
-2.535000e+00	2.531647e-05
-2.532500e+00	2.532839e-05
-2.530000e+00	2.534031e-05
-2.527500e+00	2.535224e-05
-2.525000e+00	2.536418e-05
-2.522500e+00	2.537613e-05
-2.520000e+00	2.538809e-05
-2.517500e+00	2.540006e-05
-2.515000e+00	2.541204e-05
-2.512500e+00	2.542403e-05
-2.510000e+00	2.543603e-05
-2.507500e+00	2.544804e-05
-2.505000e+00	2.546005e-05
-2.502500e+00	2.547208e-05
-2.500000e+00	2.548412e-05
-2.497500e+00	2.549617e-05
-2.495000e+00	2.550822e-05
-2.492500e+00	2.552029e-05
-2.490000e+00	2.553237e-05
-2.487500e+00	2.554445e-05
-2.485000e+00	2.555655e-05
-2.482500e+00	2.556865e-05
-2.480000e+00	2.558077e-05
-2.477500e+00	2.559289e-05
-2.475000e+00	2.560503e-05
-2.472500e+00	2.561717e-05
-2.470000e+00	2.562933e-05
-2.467500e+00	2.564149e-05
-2.465000e+00	2.565367e-05
-2.462500e+00	2.566585e-05
-2.460000e+00	2.567805e-05
-2.457500e+00	2.569025e-05
-2.455000e+00	2.570247e-05
-2.452500e+00	2.571469e-05
-2.450000e+00	2.572692e-05
-2.447500e+00	2.573917e-05
-2.445000e+00	2.575142e-05
-2.442500e+00	2.576369e-05
-2.440000e+00	2.577596e-05
-2.437500e+00	2.578825e-05
-2.435000e+00	2.580054e-05
-2.432500e+00	2.581285e-05
-2.430000e+00	2.582516e-05
-2.427500e+00	2.583748e-05
-2.425000e+00	2.584982e-05
-2.422500e+00	2.586216e-05
-2.420000e+00	2.587452e-05
-2.417500e+00	2.588689e-05
-2.415000e+00	2.589926e-05
-2.412500e+00	2.591165e-05
-2.410000e+00	2.592404e-05
-2.407500e+00	2.593645e-05
-2.405000e+00	2.594887e-05
-2.402500e+00	2.596129e-05
-2.400000e+00	2.597373e-05
-2.397500e+00	2.598618e-05
-2.395000e+00	2.599863e-05
-2.392500e+00	2.601110e-05
-2.390000e+00	2.602358e-05
-2.387500e+00	2.603607e-05
-2.385000e+00	2.604857e-05
-2.382500e+00	2.606108e-05
-2.380000e+00	2.607360e-05
-2.377500e+00	2.608613e-05
-2.375000e+00	2.609867e-05
-2.372500e+00	2.611122e-05
-2.370000e+00	2.612378e-05
-2.367500e+00	2.613636e-05
-2.365000e+00	2.614894e-05
-2.362500e+00	2.616153e-05
-2.360000e+00	2.617414e-05
-2.357500e+00	2.618675e-05
-2.355000e+00	2.619938e-05
-2.352500e+00	2.621201e-05
-2.350000e+00	2.622466e-05
-2.347500e+00	2.623731e-05
-2.345000e+00	2.624998e-05
-2.342500e+00	2.626266e-05
-2.340000e+00	2.627535e-05
-2.337500e+00	2.628805e-05
-2.335000e+00	2.630076e-05
-2.332500e+00	2.631348e-05
-2.330000e+00	2.632621e-05
-2.327500e+00	2.633895e-05
-2.325000e+00	2.635171e-05
-2.322500e+00	2.636447e-05
-2.320000e+00	2.637725e-05
-2.317500e+00	2.639003e-05
-2.315000e+00	2.640283e-05
-2.312500e+00	2.641564e-05
-2.310000e+00	2.642846e-05
-2.307500e+00	2.644128e-05
-2.305000e+00	2.645413e-05
-2.302500e+00	2.646698e-05
-2.300000e+00	2.647984e-05
-2.297500e+00	2.649271e-05
-2.295000e+00	2.650560e-05
-2.292500e+00	2.651849e-05
-2.290000e+00	2.653140e-05
-2.287500e+00	2.654431e-05
-2.285000e+00	2.655724e-05
-2.282500e+00	2.657018e-05
-2.280000e+00	2.658313e-05
-2.277500e+00	2.659609e-05
-2.275000e+00	2.660907e-05
-2.272500e+00	2.662205e-05
-2.270000e+00	2.663505e-05
-2.267500e+00	2.664805e-05
-2.265000e+00	2.666107e-05
-2.262500e+00	2.667410e-05
-2.260000e+00	2.668714e-05
-2.257500e+00	2.670019e-05
-2.255000e+00	2.671325e-05
-2.252500e+00	2.672633e-05
-2.250000e+00	2.673941e-05
-2.247500e+00	2.675251e-05
-2.245000e+00	2.676562e-05
-2.242500e+00	2.677874e-05
-2.240000e+00	2.679187e-05
-2.237500e+00	2.680501e-05
-2.235000e+00	2.681816e-05
-2.232500e+00	2.683133e-05
-2.230000e+00	2.684451e-05
-2.227500e+00	2.685769e-05
-2.225000e+00	2.687089e-05
-2.222500e+00	2.688411e-05
-2.220000e+00	2.689733e-05
-2.217500e+00	2.691056e-05
-2.215000e+00	2.692381e-05
-2.212500e+00	2.693707e-05
-2.210000e+00	2.695034e-05
-2.207500e+00	2.696362e-05
-2.205000e+00	2.697691e-05
-2.202500e+00	2.699021e-05
-2.200000e+00	2.700353e-05
-2.197500e+00	2.701686e-05
-2.195000e+00	2.703020e-05
-2.192500e+00	2.704355e-05
-2.190000e+00	2.705691e-05
-2.187500e+00	2.707029e-05
-2.185000e+00	2.708368e-05
-2.182500e+00	2.709707e-05
-2.180000e+00	2.711049e-05
-2.177500e+00	2.712391e-05
-2.175000e+00	2.713734e-05
-2.172500e+00	2.715079e-05
-2.170000e+00	2.716425e-05
-2.167500e+00	2.717772e-05
-2.165000e+00	2.719120e-05
-2.162500e+00	2.720470e-05
-2.160000e+00	2.721820e-05
-2.157500e+00	2.723172e-05
-2.155000e+00	2.724525e-05
-2.152500e+00	2.725880e-05
-2.150000e+00	2.727235e-05
-2.147500e+00	2.728592e-05
-2.145000e+00	2.729950e-05
-2.142500e+00	2.731309e-05
-2.140000e+00	2.732669e-05
-2.137500e+00	2.734031e-05
-2.135000e+00	2.735394e-05
-2.132500e+00	2.736758e-05
-2.130000e+00	2.738123e-05
-2.127500e+00	2.739490e-05
-2.125000e+00	2.740858e-05
-2.122500e+00	2.742227e-05
-2.120000e+00	2.743597e-05
-2.117500e+00	2.744969e-05
-2.115000e+00	2.746342e-05
-2.112500e+00	2.747716e-05
-2.110000e+00	2.749091e-05
-2.107500e+00	2.750468e-05
-2.105000e+00	2.751845e-05
-2.102500e+00	2.753224e-05
-2.100000e+00	2.754605e-05
-2.097500e+00	2.755986e-05
-2.095000e+00	2.757369e-05
-2.092500e+00	2.758753e-05
-2.090000e+00	2.760139e-05
-2.087500e+00	2.761526e-05
-2.085000e+00	2.762914e-05
-2.082500e+00	2.764303e-05
-2.080000e+00	2.765693e-05
-2.077500e+00	2.767085e-05
-2.075000e+00	2.768478e-05
-2.072500e+00	2.769873e-05
-2.070000e+00	2.771268e-05
-2.067500e+00	2.772665e-05
-2.065000e+00	2.774064e-05
-2.062500e+00	2.775463e-05
-2.060000e+00	2.776864e-05
-2.057500e+00	2.778266e-05
-2.055000e+00	2.779670e-05
-2.052500e+00	2.781075e-05
-2.050000e+00	2.782481e-05
-2.047500e+00	2.783888e-05
-2.045000e+00	2.785297e-05
-2.042500e+00	2.786707e-05
-2.040000e+00	2.788118e-05
-2.037500e+00	2.789531e-05
-2.035000e+00	2.790945e-05
-2.032500e+00	2.792361e-05
-2.030000e+00	2.793777e-05
-2.027500e+00	2.795195e-05
-2.025000e+00	2.796615e-05
-2.022500e+00	2.798036e-05
-2.020000e+00	2.799458e-05
-2.017500e+00	2.800881e-05
-2.015000e+00	2.802306e-05
-2.012500e+00	2.803732e-05
-2.010000e+00	2.805160e-05
-2.007500e+00	2.806588e-05
-2.005000e+00	2.808019e-05
-2.002500e+00	2.809450e-05
-2.000000e+00	2.810883e-05
-1.997500e+00	2.812318e-05
-1.995000e+00	2.813753e-05
-1.992500e+00	2.815190e-05
-1.990000e+00	2.816629e-05
-1.987500e+00	2.818069e-05
-1.985000e+00	2.819510e-05
-1.982500e+00	2.820953e-05
-1.980000e+00	2.822397e-05
-1.977500e+00	2.823842e-05
-1.975000e+00	2.825289e-05
-1.972500e+00	2.826737e-05
-1.970000e+00	2.828187e-05
-1.967500e+00	2.829638e-05
-1.965000e+00	2.831090e-05
-1.962500e+00	2.832544e-05
-1.960000e+00	2.833999e-05
-1.957500e+00	2.835456e-05
-1.955000e+00	2.836914e-05
-1.952500e+00	2.838374e-05
-1.950000e+00	2.839835e-05
-1.947500e+00	2.841297e-05
-1.945000e+00	2.842761e-05
-1.942500e+00	2.844226e-05
-1.940000e+00	2.845693e-05
-1.937500e+00	2.847161e-05
-1.935000e+00	2.848631e-05
-1.932500e+00	2.850102e-05
-1.930000e+00	2.851574e-05
-1.927500e+00	2.853048e-05
-1.925000e+00	2.854524e-05
-1.922500e+00	2.856000e-05
-1.920000e+00	2.857479e-05
-1.917500e+00	2.858959e-05
-1.915000e+00	2.860440e-05
-1.912500e+00	2.861923e-05
-1.910000e+00	2.863407e-05
-1.907500e+00	2.864893e-05
-1.905000e+00	2.866380e-05
-1.902500e+00	2.867869e-05
-1.900000e+00	2.869359e-05
-1.897500e+00	2.870851e-05
-1.895000e+00	2.872344e-05
-1.892500e+00	2.873839e-05
-1.890000e+00	2.875335e-05
-1.887500e+00	2.876833e-05
-1.885000e+00	2.878332e-05
-1.882500e+00	2.879833e-05
-1.880000e+00	2.881335e-05
-1.877500e+00	2.882839e-05
-1.875000e+00	2.884344e-05
-1.872500e+00	2.885851e-05
-1.870000e+00	2.887360e-05
-1.867500e+00	2.888870e-05
-1.865000e+00	2.890381e-05
-1.862500e+00	2.891894e-05
-1.860000e+00	2.893409e-05
-1.857500e+00	2.894925e-05
-1.855000e+00	2.896443e-05
-1.852500e+00	2.897962e-05
-1.850000e+00	2.899483e-05
-1.847500e+00	2.901006e-05
-1.845000e+00	2.902530e-05
-1.842500e+00	2.904055e-05
-1.840000e+00	2.905582e-05
-1.837500e+00	2.907111e-05
-1.835000e+00	2.908642e-05
-1.832500e+00	2.910174e-05
-1.830000e+00	2.911707e-05
-1.827500e+00	2.913242e-05
-1.825000e+00	2.914779e-05
-1.822500e+00	2.916318e-05
-1.820000e+00	2.917858e-05
-1.817500e+00	2.919399e-05
-1.815000e+00	2.920943e-05
-1.812500e+00	2.922488e-05
-1.810000e+00	2.924034e-05
-1.807500e+00	2.925582e-05
-1.805000e+00	2.927132e-05
-1.802500e+00	2.928684e-05
-1.800000e+00	2.930237e-05
-1.797500e+00	2.931792e-05
-1.795000e+00	2.933348e-05
-1.792500e+00	2.934906e-05
-1.790000e+00	2.936466e-05
-1.787500e+00	2.938027e-05
-1.785000e+00	2.939591e-05
-1.782500e+00	2.941155e-05
-1.780000e+00	2.942722e-05
-1.777500e+00	2.944290e-05
-1.775000e+00	2.945860e-05
-1.772500e+00	2.947432e-05
-1.770000e+00	2.949005e-05
-1.767500e+00	2.950580e-05
-1.765000e+00	2.952157e-05
-1.762500e+00	2.953735e-05
-1.760000e+00	2.955315e-05
-1.757500e+00	2.956897e-05
-1.755000e+00	2.958481e-05
-1.752500e+00	2.960066e-05
-1.750000e+00	2.961653e-05
-1.747500e+00	2.963242e-05
-1.745000e+00	2.964833e-05
-1.742500e+00	2.966425e-05
-1.740000e+00	2.968019e-05
-1.737500e+00	2.969615e-05
-1.735000e+00	2.971213e-05
-1.732500e+00	2.972812e-05
-1.730000e+00	2.974414e-05
-1.727500e+00	2.976017e-05
-1.725000e+00	2.977622e-05
-1.722500e+00	2.979228e-05
-1.720000e+00	2.980837e-05
-1.717500e+00	2.982447e-05
-1.715000e+00	2.984059e-05
-1.712500e+00	2.985673e-05
-1.710000e+00	2.987289e-05
-1.707500e+00	2.988906e-05
-1.705000e+00	2.990526e-05
-1.702500e+00	2.992147e-05
-1.700000e+00	2.993770e-05
-1.697500e+00	2.995395e-05
-1.695000e+00	2.997022e-05
-1.692500e+00	2.998650e-05
-1.690000e+00	3.000281e-05
-1.687500e+00	3.001913e-05
-1.685000e+00	3.003548e-05
-1.682500e+00	3.005184e-05
-1.680000e+00	3.006822e-05
-1.677500e+00	3.008462e-05
-1.675000e+00	3.010104e-05
-1.672500e+00	3.011748e-05
-1.670000e+00	3.013393e-05
-1.667500e+00	3.015041e-05
-1.665000e+00	3.016691e-05
-1.662500e+00	3.018342e-05
-1.660000e+00	3.019996e-05
-1.657500e+00	3.021651e-05
-1.655000e+00	3.023308e-05
-1.652500e+00	3.024968e-05
-1.650000e+00	3.026629e-05
-1.647500e+00	3.028292e-05
-1.645000e+00	3.029958e-05
-1.642500e+00	3.031625e-05
-1.640000e+00	3.033294e-05
-1.637500e+00	3.034965e-05
-1.635000e+00	3.036639e-05
-1.632500e+00	3.038314e-05
-1.630000e+00	3.039991e-05
-1.627500e+00	3.041670e-05
-1.625000e+00	3.043352e-05
-1.622500e+00	3.045035e-05
-1.620000e+00	3.046721e-05
-1.617500e+00	3.048408e-05
-1.615000e+00	3.050098e-05
-1.612500e+00	3.051789e-05
-1.610000e+00	3.053483e-05
-1.607500e+00	3.055179e-05
-1.605000e+00	3.056877e-05
-1.602500e+00	3.058577e-05
-1.600000e+00	3.060279e-05
-1.597500e+00	3.061983e-05
-1.595000e+00	3.063689e-05
-1.592500e+00	3.065398e-05
-1.590000e+00	3.067108e-05
-1.587500e+00	3.068821e-05
-1.585000e+00	3.070536e-05
-1.582500e+00	3.072253e-05
-1.580000e+00	3.073972e-05
-1.577500e+00	3.075694e-05
-1.575000e+00	3.077417e-05
-1.572500e+00	3.079143e-05
-1.570000e+00	3.080871e-05
-1.567500e+00	3.082601e-05
-1.565000e+00	3.084334e-05
-1.562500e+00	3.086068e-05
-1.560000e+00	3.087805e-05
-1.557500e+00	3.089544e-05
-1.555000e+00	3.091286e-05
-1.552500e+00	3.093029e-05
-1.550000e+00	3.094775e-05
-1.547500e+00	3.096523e-05
-1.545000e+00	3.098274e-05
-1.542500e+00	3.100026e-05
-1.540000e+00	3.101781e-05
-1.537500e+00	3.103539e-05
-1.535000e+00	3.105298e-05
-1.532500e+00	3.107060e-05
-1.530000e+00	3.108825e-05
-1.527500e+00	3.110591e-05
-1.525000e+00	3.112361e-05
-1.522500e+00	3.114132e-05
-1.520000e+00	3.115906e-05
-1.517500e+00	3.117682e-05
-1.515000e+00	3.119460e-05
-1.512500e+00	3.121241e-05
-1.510000e+00	3.123025e-05
-1.507500e+00	3.124811e-05
-1.505000e+00	3.126599e-05
-1.502500e+00	3.128390e-05
-1.500000e+00	3.130183e-05
-1.497500e+00	3.131978e-05
-1.495000e+00	3.133777e-05
-1.492500e+00	3.135577e-05
-1.490000e+00	3.137380e-05
-1.487500e+00	3.139186e-05
-1.485000e+00	3.140994e-05
-1.482500e+00	3.142805e-05
-1.480000e+00	3.144618e-05
-1.477500e+00	3.146434e-05
-1.475000e+00	3.148252e-05
-1.472500e+00	3.150073e-05
-1.470000e+00	3.151896e-05
-1.467500e+00	3.153722e-05
-1.465000e+00	3.155551e-05
-1.462500e+00	3.157382e-05
-1.460000e+00	3.159216e-05
-1.457500e+00	3.161053e-05
-1.455000e+00	3.162892e-05
-1.452500e+00	3.164734e-05
-1.450000e+00	3.166578e-05
-1.447500e+00	3.168426e-05
-1.445000e+00	3.170276e-05
-1.442500e+00	3.172128e-05
-1.440000e+00	3.173984e-05
-1.437500e+00	3.175842e-05
-1.435000e+00	3.177703e-05
-1.432500e+00	3.179567e-05
-1.430000e+00	3.181433e-05
-1.427500e+00	3.183302e-05
-1.425000e+00	3.185174e-05
-1.422500e+00	3.187049e-05
-1.420000e+00	3.188927e-05
-1.417500e+00	3.190808e-05
-1.415000e+00	3.192691e-05
-1.412500e+00	3.194578e-05
-1.410000e+00	3.196467e-05
-1.407500e+00	3.198359e-05
-1.405000e+00	3.200254e-05
-1.402500e+00	3.202152e-05
-1.400000e+00	3.204053e-05
-1.397500e+00	3.205957e-05
-1.395000e+00	3.207864e-05
-1.392500e+00	3.209774e-05
-1.390000e+00	3.211687e-05
-1.387500e+00	3.213603e-05
-1.385000e+00	3.215522e-05
-1.382500e+00	3.217444e-05
-1.380000e+00	3.219369e-05
-1.377500e+00	3.221297e-05
-1.375000e+00	3.223228e-05
-1.372500e+00	3.225163e-05
-1.370000e+00	3.227100e-05
-1.367500e+00	3.229041e-05
-1.365000e+00	3.230985e-05
-1.362500e+00	3.232932e-05
-1.360000e+00	3.234883e-05
-1.357500e+00	3.236836e-05
-1.355000e+00	3.238793e-05
-1.352500e+00	3.240753e-05
-1.350000e+00	3.242716e-05
-1.347500e+00	3.244683e-05
-1.345000e+00	3.246653e-05
-1.342500e+00	3.248626e-05
-1.340000e+00	3.250603e-05
-1.337500e+00	3.252583e-05
-1.335000e+00	3.254567e-05
-1.332500e+00	3.256553e-05
-1.330000e+00	3.258544e-05
-1.327500e+00	3.260537e-05
-1.325000e+00	3.262535e-05
-1.322500e+00	3.264535e-05
-1.320000e+00	3.266540e-05
-1.317500e+00	3.268548e-05
-1.315000e+00	3.270559e-05
-1.312500e+00	3.272574e-05
-1.310000e+00	3.274592e-05
-1.307500e+00	3.276615e-05
-1.305000e+00	3.278640e-05
-1.302500e+00	3.280670e-05
-1.300000e+00	3.282703e-05
-1.297500e+00	3.284740e-05
-1.295000e+00	3.286781e-05
-1.292500e+00	3.288825e-05
-1.290000e+00	3.290873e-05
-1.287500e+00	3.292925e-05
-1.285000e+00	3.294981e-05
-1.282500e+00	3.297041e-05
-1.280000e+00	3.299104e-05
-1.277500e+00	3.301172e-05
-1.275000e+00	3.303243e-05
-1.272500e+00	3.305319e-05
-1.270000e+00	3.307398e-05
-1.267500e+00	3.309481e-05
-1.265000e+00	3.311569e-05
-1.262500e+00	3.313660e-05
-1.260000e+00	3.315756e-05
-1.257500e+00	3.317856e-05
-1.255000e+00	3.319960e-05
-1.252500e+00	3.322068e-05
-1.250000e+00	3.324180e-05
-1.247500e+00	3.326296e-05
-1.245000e+00	3.328417e-05
-1.242500e+00	3.330542e-05
-1.240000e+00	3.332672e-05
-1.237500e+00	3.334805e-05
-1.235000e+00	3.336944e-05
-1.232500e+00	3.339086e-05
-1.230000e+00	3.341233e-05
-1.227500e+00	3.343385e-05
-1.225000e+00	3.345541e-05
-1.222500e+00	3.347702e-05
-1.220000e+00	3.349867e-05
-1.217500e+00	3.352037e-05
-1.215000e+00	3.354211e-05
-1.212500e+00	3.356390e-05
-1.210000e+00	3.358574e-05
-1.207500e+00	3.360763e-05
-1.205000e+00	3.362956e-05
-1.202500e+00	3.365155e-05
-1.200000e+00	3.367358e-05
-1.197500e+00	3.369566e-05
-1.195000e+00	3.371779e-05
-1.192500e+00	3.373997e-05
-1.190000e+00	3.376220e-05
-1.187500e+00	3.378449e-05
-1.185000e+00	3.380682e-05
-1.182500e+00	3.382920e-05
-1.180000e+00	3.385164e-05
-1.177500e+00	3.387413e-05
-1.175000e+00	3.389667e-05
-1.172500e+00	3.391926e-05
-1.170000e+00	3.394191e-05
-1.167500e+00	3.396462e-05
-1.165000e+00	3.398737e-05
-1.162500e+00	3.401019e-05
-1.160000e+00	3.403305e-05
-1.157500e+00	3.405598e-05
-1.155000e+00	3.407896e-05
-1.152500e+00	3.410200e-05
-1.150000e+00	3.412509e-05
-1.147500e+00	3.414824e-05
-1.145000e+00	3.417146e-05
-1.142500e+00	3.419473e-05
-1.140000e+00	3.421806e-05
-1.137500e+00	3.424145e-05
-1.135000e+00	3.426490e-05
-1.132500e+00	3.428841e-05
-1.130000e+00	3.431198e-05
-1.127500e+00	3.433562e-05
-1.125000e+00	3.435932e-05
-1.122500e+00	3.438308e-05
-1.120000e+00	3.440691e-05
-1.117500e+00	3.443080e-05
-1.115000e+00	3.445476e-05
-1.112500e+00	3.447878e-05
-1.110000e+00	3.450287e-05
-1.107500e+00	3.452702e-05
-1.105000e+00	3.455125e-05
-1.102500e+00	3.457554e-05
-1.100000e+00	3.459990e-05
-1.097500e+00	3.462433e-05
-1.095000e+00	3.464884e-05
-1.092500e+00	3.467341e-05
-1.090000e+00	3.469806e-05
-1.087500e+00	3.472278e-05
-1.085000e+00	3.474757e-05
-1.082500e+00	3.477243e-05
-1.080000e+00	3.479737e-05
-1.077500e+00	3.482239e-05
-1.075000e+00	3.484749e-05
-1.072500e+00	3.487266e-05
-1.070000e+00	3.489791e-05
-1.067500e+00	3.492323e-05
-1.065000e+00	3.494864e-05
-1.062500e+00	3.497413e-05
-1.060000e+00	3.499970e-05
-1.057500e+00	3.502536e-05
-1.055000e+00	3.505109e-05
-1.052500e+00	3.507691e-05
-1.050000e+00	3.510282e-05
-1.047500e+00	3.512881e-05
-1.045000e+00	3.515489e-05
-1.042500e+00	3.518106e-05
-1.040000e+00	3.520732e-05
-1.037500e+00	3.523367e-05
-1.035000e+00	3.526011e-05
-1.032500e+00	3.528664e-05
-1.030000e+00	3.531326e-05
-1.027500e+00	3.533998e-05
-1.025000e+00	3.536680e-05
-1.022500e+00	3.539371e-05
-1.020000e+00	3.542072e-05
-1.017500e+00	3.544783e-05
-1.015000e+00	3.547504e-05
-1.012500e+00	3.550235e-05
-1.010000e+00	3.552977e-05
-1.007500e+00	3.555729e-05
-1.005000e+00	3.558491e-05
-1.002500e+00	3.561264e-05
-1.000000e+00	3.564048e-05
-9.975000e-01	3.566843e-05
-9.950000e-01	3.569649e-05
-9.925000e-01	3.572466e-05
-9.900000e-01	3.575295e-05
-9.875000e-01	3.578135e-05
-9.850000e-01	3.580987e-05
-9.825000e-01	3.583851e-05
-9.800000e-01	3.586727e-05
-9.775000e-01	3.589615e-05
-9.750000e-01	3.592515e-05
-9.725000e-01	3.595428e-05
-9.700000e-01	3.598353e-05
-9.675000e-01	3.601291e-05
-9.650000e-01	3.604243e-05
-9.625000e-01	3.607207e-05
-9.600000e-01	3.610185e-05
-9.575000e-01	3.613177e-05
-9.550000e-01	3.616182e-05
-9.525000e-01	3.619201e-05
-9.500000e-01	3.622235e-05
-9.475000e-01	3.625282e-05
-9.450000e-01	3.628345e-05
-9.425000e-01	3.631422e-05
-9.400000e-01	3.634515e-05
-9.375000e-01	3.637622e-05
-9.350000e-01	3.640745e-05
-9.325000e-01	3.643884e-05
-9.300000e-01	3.647039e-05
-9.275000e-01	3.650210e-05
-9.250000e-01	3.653397e-05
-9.225000e-01	3.656601e-05
-9.200000e-01	3.659823e-05
-9.175000e-01	3.663061e-05
-9.150000e-01	3.666317e-05
-9.125000e-01	3.669591e-05
-9.100000e-01	3.672883e-05
-9.075000e-01	3.676193e-05
-9.050000e-01	3.679522e-05
-9.025000e-01	3.682870e-05
-9.000000e-01	3.686237e-05
-8.975000e-01	3.689624e-05
-8.950000e-01	3.693031e-05
-8.925000e-01	3.696459e-05
-8.900000e-01	3.699907e-05
-8.875000e-01	3.703376e-05
-8.850000e-01	3.706866e-05
-8.825000e-01	3.710379e-05
-8.800000e-01	3.713913e-05
-8.775000e-01	3.717470e-05
-8.750000e-01	3.721050e-05
-8.725000e-01	3.724653e-05
-8.700000e-01	3.728280e-05
-8.675000e-01	3.731931e-05
-8.650000e-01	3.735607e-05
-8.625000e-01	3.739308e-05
-8.600000e-01	3.743035e-05
-8.575000e-01	3.746788e-05
-8.550000e-01	3.750567e-05
-8.525000e-01	3.754374e-05
-8.500000e-01	3.758208e-05
-8.475000e-01	3.762070e-05
-8.450000e-01	3.765961e-05
-8.425000e-01	3.769881e-05
-8.400000e-01	3.773831e-05
-8.375000e-01	3.777812e-05
-8.350000e-01	3.781823e-05
-8.325000e-01	3.785867e-05
-8.300000e-01	3.789942e-05
-8.275000e-01	3.794051e-05
-8.250000e-01	3.798193e-05
-8.225000e-01	3.802370e-05
-8.200000e-01	3.806582e-05
-8.175000e-01	3.810830e-05
-8.150000e-01	3.815115e-05
-8.125000e-01	3.819437e-05
-8.100000e-01	3.823797e-05
-8.075000e-01	3.828196e-05
-8.050000e-01	3.832636e-05
-8.025000e-01	3.837116e-05
-8.000000e-01	3.841638e-05
-7.975000e-01	3.846203e-05
-7.950000e-01	3.850811e-05
-7.925000e-01	3.855465e-05
-7.900000e-01	3.860164e-05
-7.875000e-01	3.864910e-05
-7.850000e-01	3.869704e-05
-7.825000e-01	3.874548e-05
-7.800000e-01	3.879441e-05
-7.775000e-01	3.884387e-05
-7.750000e-01	3.889385e-05
-7.725000e-01	3.894437e-05
-7.700000e-01	3.899545e-05
-7.675000e-01	3.904709e-05
-7.650000e-01	3.909933e-05
-7.625000e-01	3.915216e-05
-7.600000e-01	3.920560e-05
-7.575000e-01	3.925967e-05
-7.550000e-01	3.931440e-05
-7.525000e-01	3.936978e-05
-7.500000e-01	3.942585e-05
-7.475000e-01	3.948262e-05
-7.450000e-01	3.954011e-05
-7.425000e-01	3.959834e-05
-7.400000e-01	3.965733e-05
-7.375000e-01	3.971711e-05
-7.350000e-01	3.977768e-05
-7.325000e-01	3.983909e-05
-7.300000e-01	3.990135e-05
-7.275000e-01	3.996448e-05
-7.250000e-01	4.002852e-05
-7.225000e-01	4.009349e-05
-7.200000e-01	4.015942e-05
-7.175000e-01	4.022634e-05
-7.150000e-01	4.029427e-05
-7.125000e-01	4.036325e-05
-7.100000e-01	4.043332e-05
-7.075000e-01	4.050451e-05
-7.050000e-01	4.057685e-05
-7.025000e-01	4.065039e-05
-7.000000e-01	4.072515e-05
-6.975000e-01	4.080119e-05
-6.950000e-01	4.087854e-05
-6.925000e-01	4.095726e-05
-6.900000e-01	4.103738e-05
-6.875000e-01	4.111896e-05
-6.850000e-01	4.120205e-05
-6.825000e-01	4.128670e-05
-6.800000e-01	4.137297e-05
-6.775000e-01	4.146092e-05
-6.750000e-01	4.155061e-05
-6.725000e-01	4.164211e-05
-6.700000e-01	4.173548e-05
-6.675000e-01	4.183080e-05
-6.650000e-01	4.192815e-05
-6.625000e-01	4.202760e-05
-6.600000e-01	4.212923e-05
-6.575000e-01	4.223315e-05
-6.550000e-01	4.233944e-05
-6.525000e-01	4.244820e-05
-6.500000e-01	4.255953e-05
-6.475000e-01	4.267355e-05
-6.450000e-01	4.279037e-05
-6.425000e-01	4.291012e-05
-6.400000e-01	4.303293e-05
-6.375000e-01	4.315894e-05
-6.350000e-01	4.328830e-05
-6.325000e-01	4.342116e-05
-6.300000e-01	4.355768e-05
-6.275000e-01	4.369806e-05
-6.250000e-01	4.384248e-05
-6.225000e-01	4.399114e-05
-6.200000e-01	4.414425e-05
-6.175000e-01	4.430206e-05
-6.150000e-01	4.446480e-05
-6.125000e-01	4.463274e-05
-6.100000e-01	4.480617e-05
-6.075000e-01	4.498538e-05
-6.050000e-01	4.517072e-05
-6.025000e-01	4.536253e-05
-6.000000e-01	4.556119e-05
-5.975000e-01	4.576712e-05
-5.950000e-01	4.598076e-05
-5.925000e-01	4.620260e-05
-5.900000e-01	4.643315e-05
-5.875000e-01	4.667300e-05
-5.850000e-01	4.692275e-05
-5.825000e-01	4.718309e-05
-5.800000e-01	4.745475e-05
-5.775000e-01	4.773855e-05
-5.750000e-01	4.803538e-05
-5.725000e-01	4.834621e-05
-5.700000e-01	4.867213e-05
-5.675000e-01	4.901433e-05
-5.650000e-01	4.937413e-05
-5.625000e-01	4.975300e-05
-5.600000e-01	5.015258e-05
-5.575000e-01	5.057470e-05
-5.550000e-01	5.102143e-05
-5.525000e-01	5.149507e-05
-5.500000e-01	5.199823e-05
-5.475000e-01	5.253388e-05
-5.450000e-01	5.310540e-05
-5.425000e-01	5.371663e-05
-5.400000e-01	5.437202e-05
-5.375000e-01	5.507667e-05
-5.350000e-01	5.583652e-05
-5.325000e-01	5.665851e-05
-5.300000e-01	5.755077e-05
-5.275000e-01	5.852292e-05
-5.250000e-01	5.958642e-05
-5.225000e-01	6.075500e-05
-5.200000e-01	6.204530e-05
-5.175000e-01	6.347760e-05
-5.150000e-01	6.507693e-05
-5.125000e-01	6.687445e-05
-5.100000e-01	6.890946e-05
-5.075000e-01	7.123209e-05
-5.050000e-01	7.390722e-05
-5.025000e-01	7.701991e-05
-5.000000e-01	8.068345e-05
-4.975000e-01	8.505081e-05
-4.950000e-01	9.033119e-05
-4.925000e-01	9.681290e-05
-4.900000e-01	1.048917e-04
-4.875000e-01	1.150950e-04
-4.850000e-01	1.280662e-04
-4.825000e-01	1.444170e-04
-4.800000e-01	1.643195e-04
-4.775000e-01	1.869404e-04
-4.750000e-01	2.103968e-04
-4.725000e-01	2.326905e-04
-4.700000e-01	2.526625e-04
-4.675000e-01	2.700364e-04
-4.650000e-01	2.850419e-04
-4.625000e-01	2.980734e-04
-4.600000e-01	3.093894e-04
-4.575000e-01	3.193859e-04
-4.550000e-01	3.284108e-04
-4.525000e-01	3.363358e-04
-4.500000e-01	3.434001e-04
-4.475000e-01	3.501851e-04
-4.450000e-01	3.563746e-04
-4.425000e-01	3.616110e-04
-4.400000e-01	3.665296e-04
-4.375000e-01	3.716577e-04
-4.350000e-01	3.764444e-04
-4.325000e-01	3.801585e-04
-4.300000e-01	3.834239e-04
-4.275000e-01	3.874604e-04
-4.250000e-01	3.917342e-04
-4.225000e-01	3.947387e-04
-4.200000e-01	3.967822e-04
-4.175000e-01	3.994386e-04
-4.150000e-01	4.030046e-04
-4.125000e-01	4.063332e-04
-4.100000e-01	4.084290e-04
-4.075000e-01	4.096035e-04
-4.050000e-01	4.112323e-04
-4.025000e-01	4.143287e-04
-4.000000e-01	4.177176e-04
-3.975000e-01	4.193205e-04
-3.950000e-01	4.193788e-04
-3.925000e-01	4.201851e-04
-3.900000e-01	4.229205e-04
-3.875000e-01	4.260277e-04
-3.850000e-01	4.276064e-04
-3.825000e-01	4.277450e-04
-3.800000e-01	4.277315e-04
-3.775000e-01	4.288078e-04
-3.750000e-01	4.312600e-04
-3.725000e-01	4.339259e-04
-3.700000e-01	4.349975e-04
-3.675000e-01	4.340760e-04
-3.650000e-01	4.332532e-04
-3.625000e-01	4.346897e-04
-3.600000e-01	4.377822e-04
-3.575000e-01	4.397867e-04
-3.550000e-01	4.393146e-04
-3.525000e-01	4.379561e-04
-3.500000e-01	4.377488e-04
-3.475000e-01	4.391622e-04
-3.450000e-01	4.413329e-04
-3.425000e-01	4.427543e-04
-3.400000e-01	4.425938e-04
-3.375000e-01	4.411633e-04
-3.350000e-01	4.399470e-04
-3.325000e-01	4.408220e-04
-3.300000e-01	4.434182e-04
-3.275000e-01	4.450255e-04
-3.250000e-01	4.440522e-04
-3.225000e-01	4.417587e-04
-3.200000e-01	4.407495e-04
-3.175000e-01	4.420058e-04
-3.150000e-01	4.439180e-04
-3.125000e-01	4.446111e-04
-3.100000e-01	4.437091e-04
-3.075000e-01	4.419922e-04
-3.050000e-01	4.406698e-04
-3.025000e-01	4.407740e-04
-3.000000e-01	4.422747e-04
-2.975000e-01	4.435359e-04
-2.950000e-01	4.427064e-04
-2.925000e-01	4.401761e-04
-2.900000e-01	4.383058e-04
-2.875000e-01	4.386794e-04
-2.850000e-01	4.403123e-04
-2.825000e-01	4.407441e-04
-2.800000e-01	4.392192e-04
-2.775000e-01	4.370499e-04
-2.750000e-01	4.355850e-04
-2.725000e-01	4.354034e-04
-2.700000e-01	4.360962e-04
-2.675000e-01	4.363705e-04
-2.650000e-01	4.352143e-04
-2.625000e-01	4.327369e-04
-2.600000e-01	4.306689e-04
-2.575000e-01	4.305099e-04
-2.550000e-01	4.313693e-04
-2.525000e-01	4.310741e-04
-2.500000e-01	4.289822e-04
-2.475000e-01	4.264719e-04
-2.450000e-01	4.250722e-04
-2.425000e-01	4.248084e-04
-2.400000e-01	4.247401e-04
-2.375000e-01	4.238073e-04
-2.350000e-01	4.217235e-04
-2.325000e-01	4.192089e-04
-2.300000e-01	4.176466e-04
-2.275000e-01	4.174046e-04
-2.250000e-01	4.170415e-04
-2.225000e-01	4.151827e-04
-2.200000e-01	4.124604e-04
-2.175000e-01	4.103392e-04
-2.150000e-01	4.093433e-04
-2.125000e-01	4.085805e-04
-2.100000e-01	4.071027e-04
-2.075000e-01	4.047078e-04
-2.050000e-01	4.020650e-04
-2.025000e-01	4.002221e-04
-2.000000e-01	3.992052e-04
-1.975000e-01	3.978026e-04
-1.950000e-01	3.952655e-04
-1.925000e-01	3.924330e-04
-1.900000e-01	3.902847e-04
-1.875000e-01	3.887562e-04
-1.850000e-01	3.869605e-04
-1.825000e-01	3.844192e-04
-1.800000e-01	3.814370e-04
-1.775000e-01	3.789190e-04
-1.750000e-01	3.770093e-04
-1.725000e-01	3.748474e-04
-1.700000e-01	3.719122e-04
-1.675000e-01	3.687892e-04
-1.650000e-01	3.661094e-04
-1.625000e-01	3.637384e-04
-1.600000e-01	3.610222e-04
-1.575000e-01	3.577151e-04
-1.550000e-01	3.544062e-04
-1.525000e-01	3.515061e-04
-1.500000e-01	3.486136e-04
-1.475000e-01	3.452227e-04
-1.450000e-01	3.415524e-04
-1.425000e-01	3.380665e-04
-1.400000e-01	3.347616e-04
-1.375000e-01	3.311207e-04
-1.350000e-01	3.271197e-04
-1.325000e-01	3.231370e-04
-1.300000e-01	3.192972e-04
-1.275000e-01	3.152233e-04
-1.250000e-01	3.108031e-04
-1.225000e-01	3.063199e-04
-1.200000e-01	3.018903e-04
-1.175000e-01	2.972366e-04
-1.150000e-01	2.922835e-04
-1.125000e-01	2.872556e-04
-1.100000e-01	2.822044e-04
-1.075000e-01	2.769456e-04
-1.050000e-01	2.715267e-04
-1.025000e-01	2.661802e-04
-1.000000e-01	2.610005e-04
-9.750000e-02	2.561094e-04
-9.500000e-02	2.519615e-04
-9.250000e-02	2.491254e-04
-9.000000e-02	2.479725e-04
-8.750000e-02	2.485635e-04
-8.500000e-02	2.505946e-04
-8.250000e-02	2.534371e-04
-8.000000e-02	2.565066e-04
-7.750000e-02	2.595235e-04
-7.500000e-02	2.623101e-04
-7.250000e-02	2.646970e-04
-7.000000e-02	2.667144e-04
-6.750000e-02	2.683299e-04
-6.500000e-02	2.695025e-04
-6.250000e-02	2.702999e-04
-6.000000e-02	2.706761e-04
-5.750000e-02	2.706617e-04
-5.500000e-02	2.702626e-04
-5.250000e-02	2.694662e-04
-5.000000e-02	2.682921e-04
-4.750000e-02	2.667223e-04
-4.500000e-02	2.647633e-04
-4.250000e-02	2.624002e-04
-4.000000e-02	2.596260e-04
-3.750000e-02	2.564233e-04
-3.500000e-02	2.527742e-04
-3.250000e-02	2.486532e-04
-3.000000e-02	2.440306e-04
-2.750000e-02	2.388681e-04
-2.500000e-02	2.331195e-04
-2.250000e-02	2.267276e-04
-2.000000e-02	2.196226e-04
-1.750000e-02	2.117201e-04
-1.500000e-02	2.029203e-04
-1.250000e-02	1.931121e-04
-1.000000e-02	1.821889e-04
-7.500000e-03	1.700924e-04
-5.000000e-03	1.569114e-04
-2.500000e-03	1.430396e-04
-6.394885e-14	1.292859e-04
2.500000e-03	1.166764e-04
5.000000e-03	1.059530e-04
7.500000e-03	9.728471e-05
1.000000e-02	9.042882e-05
1.250000e-02	8.501281e-05
1.500000e-02	8.069279e-05
1.750000e-02	7.719853e-05
2.000000e-02	7.432990e-05
2.250000e-02	7.194114e-05
2.500000e-02	6.992594e-05
2.750000e-02	6.820597e-05
3.000000e-02	6.672269e-05
3.250000e-02	6.543178e-05
3.500000e-02	6.429911e-05
3.750000e-02	6.329812e-05
4.000000e-02	6.240780e-05
4.250000e-02	6.161137e-05
4.500000e-02	6.089528e-05
4.750000e-02	6.024844e-05
5.000000e-02	5.966172e-05
5.250000e-02	5.912755e-05
5.500000e-02	5.863957e-05
5.750000e-02	5.819240e-05
6.000000e-02	5.778149e-05
6.250000e-02	5.740293e-05
6.500000e-02	5.705337e-05
6.750000e-02	5.672991e-05
7.000000e-02	5.643002e-05
7.250000e-02	5.615150e-05
7.500000e-02	5.589241e-05
7.750000e-02	5.565104e-05
8.000000e-02	5.542590e-05
8.250000e-02	5.521563e-05
8.500000e-02	5.501905e-05
8.750000e-02	5.483509e-05
9.000000e-02	5.466279e-05
9.250000e-02	5.450129e-05
9.500000e-02	5.434983e-05
9.750000e-02	5.420768e-05
1.000000e-01	5.407423e-05
1.025000e-01	5.394889e-05
1.050000e-01	5.383114e-05
1.075000e-01	5.372049e-05
1.100000e-01	5.361650e-05
1.125000e-01	5.351878e-05
1.150000e-01	5.342695e-05
1.175000e-01	5.334067e-05
1.200000e-01	5.325964e-05
1.225000e-01	5.318355e-05
1.250000e-01	5.311214e-05
1.275000e-01	5.304517e-05
1.300000e-01	5.298240e-05
1.325000e-01	5.292363e-05
1.350000e-01	5.286865e-05
1.375000e-01	5.281728e-05
1.400000e-01	5.276934e-05
1.425000e-01	5.272468e-05
1.450000e-01	5.268314e-05
1.475000e-01	5.264459e-05
1.500000e-01	5.260890e-05
1.525000e-01	5.257593e-05
1.550000e-01	5.254558e-05
1.575000e-01	5.251774e-05
1.600000e-01	5.249229e-05
1.625000e-01	5.246916e-05
1.650000e-01	5.244824e-05
1.675000e-01	5.242946e-05
1.700000e-01	5.241273e-05
1.725000e-01	5.239797e-05
1.750000e-01	5.238511e-05
1.775000e-01	5.237409e-05
1.800000e-01	5.236484e-05
1.825000e-01	5.235730e-05
1.850000e-01	5.235142e-05
1.875000e-01	5.234713e-05
1.900000e-01	5.234439e-05
1.925000e-01	5.234314e-05
1.950000e-01	5.234334e-05
1.975000e-01	5.234495e-05
2.000000e-01	5.234793e-05
2.025000e-01	5.235222e-05
2.050000e-01	5.235780e-05
2.075000e-01	5.236463e-05
2.100000e-01	5.237268e-05
2.125000e-01	5.238190e-05
2.150000e-01	5.239228e-05
2.175000e-01	5.240377e-05
2.200000e-01	5.241635e-05
2.225000e-01	5.243000e-05
2.250000e-01	5.244468e-05
2.275000e-01	5.246038e-05
2.300000e-01	5.247706e-05
2.325000e-01	5.249471e-05
2.350000e-01	5.251330e-05
2.375000e-01	5.253282e-05
2.400000e-01	5.255324e-05
2.425000e-01	5.257454e-05
2.450000e-01	5.259671e-05
2.475000e-01	5.261973e-05
2.500000e-01	5.264358e-05
2.525000e-01	5.266824e-05
2.550000e-01	5.269371e-05
2.575000e-01	5.271996e-05
2.600000e-01	5.274698e-05
2.625000e-01	5.277477e-05
2.650000e-01	5.280329e-05
2.675000e-01	5.283256e-05
2.700000e-01	5.286254e-05
2.725000e-01	5.289323e-05
2.750000e-01	5.292463e-05
2.775000e-01	5.295671e-05
2.800000e-01	5.298948e-05
2.825000e-01	5.302291e-05
2.850000e-01	5.305701e-05
2.875000e-01	5.309176e-05
2.900000e-01	5.312715e-05
2.925000e-01	5.316318e-05
2.950000e-01	5.319984e-05
2.975000e-01	5.323712e-05
3.000000e-01	5.327502e-05
3.025000e-01	5.331352e-05
3.050000e-01	5.335263e-05
3.075000e-01	5.339234e-05
3.100000e-01	5.343263e-05
3.125000e-01	5.347351e-05
3.150000e-01	5.351498e-05
3.175000e-01	5.355701e-05
3.200000e-01	5.359962e-05
3.225000e-01	5.364280e-05
3.250000e-01	5.368654e-05
3.275000e-01	5.373084e-05
3.300000e-01	5.377569e-05
3.325000e-01	5.382110e-05
3.350000e-01	5.386705e-05
3.375000e-01	5.391355e-05
3.400000e-01	5.396059e-05
3.425000e-01	5.400818e-05
3.450000e-01	5.405630e-05
3.475000e-01	5.410496e-05
3.500000e-01	5.415415e-05
3.525000e-01	5.420387e-05
3.550000e-01	5.425413e-05
3.575000e-01	5.430491e-05
3.600000e-01	5.435622e-05
3.625000e-01	5.440805e-05
3.650000e-01	5.446041e-05
3.675000e-01	5.451330e-05
3.700000e-01	5.456671e-05
3.725000e-01	5.462064e-05
3.750000e-01	5.467509e-05
3.775000e-01	5.473007e-05
3.800000e-01	5.478557e-05
3.825000e-01	5.484159e-05
3.850000e-01	5.489813e-05
3.875000e-01	5.495519e-05
3.900000e-01	5.501278e-05
3.925000e-01	5.507089e-05
3.950000e-01	5.512953e-05
3.975000e-01	5.518869e-05
4.000000e-01	5.524838e-05
4.025000e-01	5.530860e-05
4.050000e-01	5.536934e-05
4.075000e-01	5.543061e-05
4.100000e-01	5.549242e-05
4.125000e-01	5.555475e-05
4.150000e-01	5.561762e-05
4.175000e-01	5.568103e-05
4.200000e-01	5.574498e-05
4.225000e-01	5.580947e-05
4.250000e-01	5.587450e-05
4.275000e-01	5.594007e-05
4.300000e-01	5.600619e-05
4.325000e-01	5.607287e-05
4.350000e-01	5.614009e-05
4.375000e-01	5.620787e-05
4.400000e-01	5.627621e-05
4.425000e-01	5.634511e-05
4.450000e-01	5.641458e-05
4.475000e-01	5.648461e-05
4.500000e-01	5.655522e-05
4.525000e-01	5.662640e-05
4.550000e-01	5.669816e-05
4.575000e-01	5.677051e-05
4.600000e-01	5.684344e-05
4.625000e-01	5.691696e-05
4.650000e-01	5.699107e-05
4.675000e-01	5.706579e-05
4.700000e-01	5.714111e-05
4.725000e-01	5.721704e-05
4.750000e-01	5.729358e-05
4.775000e-01	5.737074e-05
4.800000e-01	5.744852e-05
4.825000e-01	5.752694e-05
4.850000e-01	5.760598e-05
4.875000e-01	5.768567e-05
4.900000e-01	5.776600e-05
4.925000e-01	5.784698e-05
4.950000e-01	5.792861e-05
4.975000e-01	5.801091e-05
5.000000e-01	5.809388e-05
5.025000e-01	5.817753e-05
5.050000e-01	5.826185e-05
5.075000e-01	5.834686e-05
5.100000e-01	5.843257e-05
5.125000e-01	5.851898e-05
5.150000e-01	5.860610e-05
5.175000e-01	5.869393e-05
5.200000e-01	5.878249e-05
5.225000e-01	5.887178e-05
5.250000e-01	5.896181e-05
5.275000e-01	5.905259e-05
5.300000e-01	5.914412e-05
5.325000e-01	5.923642e-05
5.350000e-01	5.932949e-05
5.375000e-01	5.942334e-05
5.400000e-01	5.951798e-05
5.425000e-01	5.961342e-05
5.450000e-01	5.970966e-05
5.475000e-01	5.980673e-05
5.500000e-01	5.990463e-05
5.525000e-01	6.000336e-05
5.550000e-01	6.010294e-05
5.575000e-01	6.020338e-05
5.600000e-01	6.030469e-05
5.625000e-01	6.040688e-05
5.650000e-01	6.050996e-05
5.675000e-01	6.061394e-05
5.700000e-01	6.071884e-05
5.725000e-01	6.082466e-05
5.750000e-01	6.093143e-05
5.775000e-01	6.103914e-05
5.800000e-01	6.114782e-05
5.825000e-01	6.125747e-05
5.850000e-01	6.136812e-05
5.875000e-01	6.147977e-05
5.900000e-01	6.159244e-05
5.925000e-01	6.170613e-05
5.950000e-01	6.182088e-05
5.975000e-01	6.193669e-05
6.000000e-01	6.205357e-05
6.025000e-01	6.217154e-05
6.050000e-01	6.229063e-05
6.075000e-01	6.241083e-05
6.100000e-01	6.253218e-05
6.125000e-01	6.265468e-05
6.150000e-01	6.277836e-05
6.175000e-01	6.290324e-05
6.200000e-01	6.302932e-05
6.225000e-01	6.315663e-05
6.250000e-01	6.328519e-05
6.275000e-01	6.341502e-05
6.300000e-01	6.354614e-05
6.325000e-01	6.367857e-05
6.350000e-01	6.381232e-05
6.375000e-01	6.394743e-05
6.400000e-01	6.408390e-05
6.425000e-01	6.422178e-05
6.450000e-01	6.436107e-05
6.475000e-01	6.450180e-05
6.500000e-01	6.464400e-05
6.525000e-01	6.478768e-05
6.550000e-01	6.493288e-05
6.575000e-01	6.507962e-05
6.600000e-01	6.522793e-05
6.625000e-01	6.537784e-05
6.650000e-01	6.552936e-05
6.675000e-01	6.568254e-05
6.700000e-01	6.583739e-05
6.725000e-01	6.599395e-05
6.750000e-01	6.615226e-05
6.775000e-01	6.631233e-05
6.800000e-01	6.647421e-05
6.825000e-01	6.663793e-05
6.850000e-01	6.680352e-05
6.875000e-01	6.697101e-05
6.900000e-01	6.714044e-05
6.925000e-01	6.731185e-05
6.950000e-01	6.748528e-05
6.975000e-01	6.766075e-05
7.000000e-01	6.783833e-05
7.025000e-01	6.801803e-05
7.050000e-01	6.819991e-05
7.075000e-01	6.838402e-05
7.100000e-01	6.857038e-05
7.125000e-01	6.875905e-05
7.150000e-01	6.895007e-05
7.175000e-01	6.914350e-05
7.200000e-01	6.933938e-05
7.225000e-01	6.953776e-05
7.250000e-01	6.973869e-05
7.275000e-01	6.994223e-05
7.300000e-01	7.014843e-05
7.325000e-01	7.035735e-05
7.350000e-01	7.056905e-05
7.375000e-01	7.078358e-05
7.400000e-01	7.100101e-05
7.425000e-01	7.122141e-05
7.450000e-01	7.144483e-05
7.475000e-01	7.167134e-05
7.500000e-01	7.190102e-05
7.525000e-01	7.213393e-05
7.550000e-01	7.237015e-05
7.575000e-01	7.260975e-05
7.600000e-01	7.285282e-05
7.625000e-01	7.309943e-05
7.650000e-01	7.334967e-05
7.675000e-01	7.360361e-05
7.700000e-01	7.386136e-05
7.725000e-01	7.412301e-05
7.750000e-01	7.438864e-05
7.775000e-01	7.465835e-05
7.800000e-01	7.493226e-05
7.825000e-01	7.521045e-05
7.850000e-01	7.549304e-05
7.875000e-01	7.578013e-05
7.900000e-01	7.607186e-05
7.925000e-01	7.636832e-05
7.950000e-01	7.666965e-05
7.975000e-01	7.697598e-05
8.000000e-01	7.728743e-05
8.025000e-01	7.760415e-05
8.050000e-01	7.792627e-05
8.075000e-01	7.825394e-05
8.100000e-01	7.858731e-05
8.125000e-01	7.892655e-05
8.150000e-01	7.927181e-05
8.175000e-01	7.962326e-05
8.200000e-01	7.998109e-05
8.225000e-01	8.034547e-05
8.250000e-01	8.071659e-05
8.275000e-01	8.109466e-05
8.300000e-01	8.147987e-05
8.325000e-01	8.187244e-05
8.350000e-01	8.227259e-05
8.375000e-01	8.268055e-05
8.400000e-01	8.309656e-05
8.425000e-01	8.352087e-05
8.450000e-01	8.395374e-05
8.475000e-01	8.439545e-05
8.500000e-01	8.484627e-05
8.525000e-01	8.530649e-05
8.550000e-01	8.577644e-05
8.575000e-01	8.625642e-05
8.600000e-01	8.674678e-05
8.625000e-01	8.724786e-05
8.650000e-01	8.776002e-05
8.675000e-01	8.828366e-05
8.700000e-01	8.881917e-05
8.725000e-01	8.936696e-05
8.750000e-01	8.992749e-05
8.775000e-01	9.050120e-05
8.800000e-01	9.108858e-05
8.825000e-01	9.169013e-05
8.850000e-01	9.230639e-05
8.875000e-01	9.293790e-05
8.900000e-01	9.358526e-05
8.925000e-01	9.424907e-05
8.950000e-01	9.492999e-05
8.975000e-01	9.562869e-05
9.000000e-01	9.634590e-05
9.025000e-01	9.708235e-05
9.050000e-01	9.783885e-05
9.075000e-01	9.861624e-05
9.100000e-01	9.941541e-05
9.125000e-01	1.002373e-04
9.150000e-01	1.010829e-04
9.175000e-01	1.019532e-04
9.200000e-01	1.028493e-04
9.225000e-01	1.037726e-04
9.250000e-01	1.047240e-04
9.275000e-01	1.057051e-04
9.300000e-01	1.067172e-04
9.325000e-01	1.077618e-04
9.350000e-01	1.088405e-04
9.375000e-01	1.099550e-04
9.400000e-01	1.111071e-04
9.425000e-01	1.122988e-04
9.450000e-01	1.135320e-04
9.475000e-01	1.148090e-04
9.500000e-01	1.161322e-04
9.525000e-01	1.175041e-04
9.550000e-01	1.189274e-04
9.575000e-01	1.204050e-04
9.600000e-01	1.219401e-04
9.625000e-01	1.235361e-04
9.650000e-01	1.251966e-04
9.675000e-01	1.269256e-04
9.700000e-01	1.287272e-04
9.725000e-01	1.306063e-04
9.750000e-01	1.325677e-04
9.775000e-01	1.346169e-04
9.800000e-01	1.367599e-04
9.825000e-01	1.390032e-04
9.850000e-01	1.413537e-04
9.875000e-01	1.438192e-04
9.900000e-01	1.464082e-04
9.925000e-01	1.491301e-04
9.950000e-01	1.519950e-04
9.975000e-01	1.550144e-04
1.000000e+00	1.582006e-04
1.002500e+00	1.615677e-04
1.005000e+00	1.651310e-04
1.007500e+00	1.689077e-04
1.010000e+00	1.729170e-04
1.012500e+00	1.771805e-04
1.015000e+00	1.817223e-04
1.017500e+00	1.865699e-04
1.020000e+00	1.917540e-04
1.022500e+00	1.973099e-04
1.025000e+00	2.032774e-04
1.027500e+00	2.097026e-04
1.030000e+00	2.166379e-04
1.032500e+00	2.241445e-04
1.035000e+00	2.322928e-04
1.037500e+00	2.411654e-04
1.040000e+00	2.508589e-04
1.042500e+00	2.614875e-04
1.045000e+00	2.731869e-04
1.047500e+00	2.861192e-04
1.050000e+00	3.004796e-04
1.052500e+00	3.165054e-04
1.055000e+00	3.344871e-04
1.057500e+00	3.547834e-04
1.060000e+00	3.778425e-04
1.062500e+00	4.042295e-04
1.065000e+00	4.346658e-04
1.067500e+00	4.700834e-04
1.070000e+00	5.117027e-04
1.072500e+00	5.611443e-04
1.075000e+00	6.205913e-04
1.077500e+00	6.930268e-04
1.080000e+00	7.825793e-04
1.082500e+00	8.950131e-04
1.085000e+00	1.038373e-03
1.087500e+00	1.223653e-03
1.090000e+00	1.464874e-03
1.092500e+00	1.776663e-03
1.095000e+00	2.165123e-03
1.097500e+00	2.608745e-03
1.100000e+00	3.043297e-03
1.102500e+00	3.387983e-03
1.105000e+00	3.604734e-03
1.107500e+00	3.712001e-03
1.110000e+00	3.743652e-03
1.112500e+00	3.729286e-03
1.115000e+00	3.699894e-03
1.117500e+00	3.670673e-03
1.120000e+00	3.627598e-03
1.122500e+00	3.564785e-03
1.125000e+00	3.509273e-03
1.127500e+00	3.482077e-03
1.130000e+00	3.466005e-03
1.132500e+00	3.432397e-03
1.135000e+00	3.377222e-03
1.137500e+00	3.318280e-03
1.140000e+00	3.275278e-03
1.142500e+00	3.257786e-03
1.145000e+00	3.264270e-03
1.147500e+00	3.273868e-03
1.150000e+00	3.249697e-03
1.152500e+00	3.181437e-03
1.155000e+00	3.104588e-03
1.157500e+00	3.061232e-03
1.160000e+00	3.067076e-03
1.162500e+00	3.111585e-03
1.165000e+00	3.153434e-03
1.167500e+00	3.143220e-03
1.170000e+00	3.077378e-03
1.172500e+00	3.000356e-03
1.175000e+00	2.952385e-03
1.177500e+00	2.935654e-03
1.180000e+00	2.937287e-03
1.182500e+00	2.954866e-03
1.185000e+00	2.986332e-03
1.187500e+00	3.014085e-03
1.190000e+00	3.014434e-03
1.192500e+00	2.987851e-03
1.195000e+00	2.945178e-03
1.197500e+00	2.885267e-03
1.200000e+00	2.815895e-03
1.202500e+00	2.764957e-03
1.205000e+00	2.766117e-03
1.207500e+00	2.828127e-03
1.210000e+00	2.917481e-03
1.212500e+00	2.985770e-03
1.215000e+00	3.000399e-03
1.217500e+00	2.949114e-03
1.220000e+00	2.854033e-03
1.222500e+00	2.755863e-03
1.225000e+00	2.681750e-03
1.227500e+00	2.654806e-03
1.230000e+00	2.690564e-03
1.232500e+00	2.766836e-03
1.235000e+00	2.832561e-03
1.237500e+00	2.865286e-03
1.240000e+00	2.882318e-03
1.242500e+00	2.883532e-03
1.245000e+00	2.848945e-03
1.247500e+00	2.790159e-03
1.250000e+00	2.736992e-03
1.252500e+00	2.697169e-03
1.255000e+00	2.672188e-03
1.257500e+00	2.666036e-03
1.260000e+00	2.661992e-03
1.262500e+00	2.644985e-03
1.265000e+00	2.642477e-03
1.267500e+00	2.694243e-03
1.270000e+00	2.794363e-03
1.272500e+00	2.885206e-03
1.275000e+00	2.914187e-03
1.277500e+00	2.876933e-03
1.280000e+00	2.789688e-03
1.282500e+00	2.679379e-03
1.285000e+00	2.589625e-03
1.287500e+00	2.542370e-03
1.290000e+00	2.519596e-03
1.292500e+00	2.506491e-03
1.295000e+00	2.527309e-03
1.297500e+00	2.612084e-03
1.300000e+00	2.747666e-03
1.302500e+00	2.874192e-03
1.305000e+00	2.932750e-03
1.307500e+00	2.903371e-03
1.310000e+00	2.799881e-03
1.312500e+00	2.672352e-03
1.315000e+00	2.581438e-03
1.317500e+00	2.546114e-03
1.320000e+00	2.538622e-03
1.322500e+00	2.533460e-03
1.325000e+00	2.539925e-03
1.327500e+00	2.566645e-03
1.330000e+00	2.594676e-03
1.332500e+00	2.615979e-03
1.335000e+00	2.655795e-03
1.337500e+00	2.722627e-03
1.340000e+00	2.772913e-03
1.342500e+00	2.762512e-03
1.345000e+00	2.715937e-03
1.347500e+00	2.692229e-03
1.350000e+00	2.704063e-03
1.352500e+00	2.707395e-03
1.355000e+00	2.667491e-03
1.357500e+00	2.603232e-03
1.360000e+00	2.540134e-03
1.362500e+00	2.474834e-03
1.365000e+00	2.413878e-03
1.367500e+00	2.394569e-03
1.370000e+00	2.445633e-03
1.372500e+00	2.552070e-03
1.375000e+00	2.661211e-03
1.377500e+00	2.736173e-03
1.380000e+00	2.795557e-03
1.382500e+00	2.860733e-03
1.385000e+00	2.893919e-03
1.387500e+00	2.840359e-03
1.390000e+00	2.716521e-03
1.392500e+00	2.590361e-03
1.395000e+00	2.494871e-03
1.397500e+00	2.414948e-03
1.400000e+00	2.344215e-03
1.402500e+00	2.313391e-03
1.405000e+00	2.354434e-03
1.407500e+00	2.462422e-03
1.410000e+00	2.587461e-03
1.412500e+00	2.670408e-03
1.415000e+00	2.707615e-03
1.417500e+00	2.743508e-03
1.420000e+00	2.790556e-03
1.422500e+00	2.807447e-03
1.425000e+00	2.768651e-03
1.427500e+00	2.705478e-03
1.430000e+00	2.645928e-03
1.432500e+00	2.574666e-03
1.435000e+00	2.483626e-03
1.437500e+00	2.411842e-03
1.440000e+00	2.405312e-03
1.442500e+00	2.468390e-03
1.445000e+00	2.551665e-03
1.447500e+00	2.585045e-03
1.450000e+00	2.551830e-03
1.452500e+00	2.504748e-03
1.455000e+00	2.491609e-03
1.457500e+00	2.508700e-03
1.460000e+00	2.533607e-03
1.462500e+00	2.576814e-03
1.465000e+00	2.665017e-03
1.467500e+00	2.780061e-03
1.470000e+00	2.845838e-03
1.472500e+00	2.804639e-03
1.475000e+00	2.695473e-03
1.477500e+00	2.604859e-03
1.480000e+00	2.572659e-03
1.482500e+00	2.567112e-03
1.485000e+00	2.529981e-03
1.487500e+00	2.452099e-03
1.490000e+00	2.380885e-03
1.492500e+00	2.352111e-03
1.495000e+00	2.351941e-03
1.497500e+00	2.347420e-03
1.500000e+00	2.343878e-03
1.502500e+00	2.387893e-03
1.505000e+00	2.517964e-03
1.507500e+00	2.726600e-03
1.510000e+00	2.940560e-03
1.512500e+00	3.042315e-03
1.515000e+00	2.974996e-03
1.517500e+00	2.810339e-03
1.520000e+00	2.657131e-03
1.522500e+00	2.558213e-03
1.525000e+00	2.488309e-03
1.527500e+00	2.417264e-03
1.530000e+00	2.359218e-03
1.532500e+00	2.343899e-03
1.535000e+00	2.364840e-03
1.537500e+00	2.379341e-03
1.540000e+00	2.364589e-03
1.542500e+00	2.355395e-03
1.545000e+00	2.403655e-03
1.547500e+00	2.523770e-03
1.550000e+00	2.673086e-03
1.552500e+00	2.775801e-03
1.555000e+00	2.799224e-03
1.557500e+00	2.787743e-03
1.560000e+00	2.783715e-03
1.562500e+00	2.761740e-03
1.565000e+00	2.675027e-03
1.567500e+00	2.541932e-03
1.570000e+00	2.435227e-03
1.572500e+00	2.409033e-03
1.575000e+00	2.465136e-03
1.577500e+00	2.551171e-03
1.580000e+00	2.587382e-03
1.582500e+00	2.541445e-03
1.585000e+00	2.465157e-03
1.587500e+00	2.426408e-03
1.590000e+00	2.440182e-03
1.592500e+00	2.464562e-03
1.595000e+00	2.453990e-03
1.597500e+00	2.422429e-03
1.600000e+00	2.427611e-03
1.602500e+00	2.504780e-03
1.605000e+00	2.630049e-03
1.607500e+00	2.725939e-03
1.610000e+00	2.727504e-03
1.612500e+00	2.661656e-03
1.615000e+00	2.615811e-03
1.617500e+00	2.646452e-03
1.620000e+00	2.737199e-03
1.622500e+00	2.805827e-03
1.625000e+00	2.770811e-03
1.627500e+00	2.642792e-03
1.630000e+00	2.504700e-03
1.632500e+00	2.413049e-03
1.635000e+00	2.358691e-03
1.637500e+00	2.302648e-03
1.640000e+00	2.239119e-03
1.642500e+00	2.206872e-03
1.645000e+00	2.242648e-03
1.647500e+00	2.346251e-03
1.650000e+00	2.474073e-03
1.652500e+00	2.567827e-03
1.655000e+00	2.619082e-03
1.657500e+00	2.680336e-03
1.660000e+00	2.790133e-03
1.662500e+00	2.912570e-03
1.665000e+00	2.957464e-03
1.667500e+00	2.882611e-03
1.670000e+00	2.751780e-03
1.672500e+00	2.652712e-03
1.675000e+00	2.607290e-03
1.677500e+00	2.564968e-03
1.680000e+00	2.466906e-03
1.682500e+00	2.322413e-03
1.685000e+00	2.195926e-03
1.687500e+00	2.141299e-03
1.690000e+00	2.176999e-03
1.692500e+00	2.287826e-03
1.695000e+00	2.423386e-03
1.697500e+00	2.517955e-03
1.700000e+00	2.553283e-03
1.702500e+00	2.580256e-03
1.705000e+00	2.648164e-03
1.707500e+00	2.740210e-03
1.710000e+00	2.785637e-03
1.712500e+00	2.746440e-03
1.715000e+00	2.674020e-03
1.717500e+00	2.645577e-03
1.720000e+00	2.682253e-03
1.722500e+00	2.729358e-03
1.725000e+00	2.702275e-03
1.727500e+00	2.581309e-03
1.730000e+00	2.435647e-03
1.732500e+00	2.342757e-03
1.735000e+00	2.330673e-03
1.737500e+00	2.374915e-03
1.740000e+00	2.422044e-03
1.742500e+00	2.443326e-03
1.745000e+00	2.466706e-03
1.747500e+00	2.527754e-03
1.750000e+00	2.606902e-03
1.752500e+00	2.631986e-03
1.755000e+00	2.559029e-03
1.757500e+00	2.434920e-03
1.760000e+00	2.345454e-03
1.762500e+00	2.344705e-03
1.765000e+00	2.439588e-03
1.767500e+00	2.589712e-03
1.770000e+00	2.712676e-03
1.772500e+00	2.741334e-03
1.775000e+00	2.699791e-03
1.777500e+00	2.671618e-03
1.780000e+00	2.703096e-03
1.782500e+00	2.759975e-03
1.785000e+00	2.757654e-03
1.787500e+00	2.655490e-03
1.790000e+00	2.510022e-03
1.792500e+00	2.407698e-03
1.795000e+00	2.392603e-03
1.797500e+00	2.450918e-03
1.800000e+00	2.515808e-03
1.802500e+00	2.505494e-03
1.805000e+00	2.403976e-03
1.807500e+00	2.277911e-03
1.810000e+00	2.201921e-03
1.812500e+00	2.209247e-03
1.815000e+00	2.289786e-03
1.817500e+00	2.398503e-03
1.820000e+00	2.486691e-03
1.822500e+00	2.557021e-03
1.825000e+00	2.662141e-03
1.827500e+00	2.834871e-03
1.830000e+00	3.031674e-03
1.832500e+00	3.135256e-03
1.835000e+00	3.054225e-03
1.837500e+00	2.833347e-03
1.840000e+00	2.599407e-03
1.842500e+00	2.442394e-03
1.845000e+00	2.382963e-03
1.847500e+00	2.386988e-03
1.850000e+00	2.389203e-03
1.852500e+00	2.347459e-03
1.855000e+00	2.286834e-03
1.857500e+00	2.261280e-03
1.860000e+00	2.290795e-03
1.862500e+00	2.342062e-03
1.865000e+00	2.358614e-03
1.867500e+00	2.327898e-03
1.870000e+00	2.302396e-03
1.872500e+00	2.345204e-03
1.875000e+00	2.486297e-03
1.877500e+00	2.708582e-03
1.880000e+00	2.934765e-03
1.882500e+00	3.049192e-03
1.885000e+00	3.001474e-03
1.887500e+00	2.867830e-03
1.890000e+00	2.755467e-03
1.892500e+00	2.698533e-03
1.895000e+00	2.649517e-03
1.897500e+00	2.546655e-03
1.900000e+00	2.396327e-03
1.902500e+00	2.264112e-03
1.905000e+00	2.206491e-03
1.907500e+00	2.242420e-03
1.910000e+00	2.352879e-03
1.912500e+00	2.477022e-03
1.915000e+00	2.533787e-03
1.917500e+00	2.496583e-03
1.920000e+00	2.426267e-03
1.922500e+00	2.400572e-03
1.925000e+00	2.447762e-03
1.927500e+00	2.533457e-03
1.930000e+00	2.585996e-03
1.932500e+00	2.568990e-03
1.935000e+00	2.528797e-03
1.937500e+00	2.539845e-03
1.940000e+00	2.633238e-03
1.942500e+00	2.769904e-03
1.945000e+00	2.850708e-03
1.947500e+00	2.794832e-03
1.950000e+00	2.632586e-03
1.952500e+00	2.467769e-03
1.955000e+00	2.378482e-03
1.957500e+00	2.385202e-03
1.960000e+00	2.457922e-03
1.962500e+00	2.530256e-03
1.965000e+00	2.549583e-03
1.967500e+00	2.535376e-03
1.970000e+00	2.549207e-03
1.972500e+00	2.614358e-03
1.975000e+00	2.680028e-03
1.977500e+00	2.658705e-03
1.980000e+00	2.524108e-03
1.982500e+00	2.345496e-03
1.985000e+00	2.209735e-03
1.987500e+00	2.164433e-03
1.990000e+00	2.221132e-03
1.992500e+00	2.363510e-03
1.995000e+00	2.537786e-03
1.997500e+00	2.656149e-03
2.000000e+00	2.663383e-03
2.002500e+00	2.603529e-03
2.005000e+00	2.569574e-03
2.007500e+00	2.614979e-03
2.010000e+00	2.721075e-03
2.012500e+00	2.805879e-03
2.015000e+00	2.789017e-03
2.017500e+00	2.683706e-03
2.020000e+00	2.581067e-03
2.022500e+00	2.555383e-03
2.025000e+00	2.617104e-03
2.027500e+00	2.707629e-03
2.030000e+00	2.724000e-03
2.032500e+00	2.607142e-03
2.035000e+00	2.407711e-03
2.037500e+00	2.222184e-03
2.040000e+00	2.112250e-03
2.042500e+00	2.095294e-03
2.045000e+00	2.157755e-03
2.047500e+00	2.256940e-03
2.050000e+00	2.333330e-03
2.052500e+00	2.362327e-03
2.055000e+00	2.386863e-03
2.057500e+00	2.470343e-03
2.060000e+00	2.638073e-03
2.062500e+00	2.850385e-03
2.065000e+00	3.004212e-03
2.067500e+00	3.007466e-03
2.070000e+00	2.885221e-03
2.072500e+00	2.750159e-03
2.075000e+00	2.684909e-03
2.077500e+00	2.690366e-03
2.080000e+00	2.698883e-03
2.082500e+00	2.638466e-03
2.085000e+00	2.515109e-03
2.087500e+00	2.400113e-03
2.090000e+00	2.347342e-03
2.092500e+00	2.351525e-03
2.095000e+00	2.355418e-03
2.097500e+00	2.300737e-03
2.100000e+00	2.194397e-03
2.102500e+00	2.098359e-03
2.105000e+00	2.068450e-03
2.107500e+00	2.131695e-03
2.110000e+00	2.291882e-03
2.112500e+00	2.524480e-03
2.115000e+00	2.758315e-03
2.117500e+00	2.891873e-03
2.120000e+00	2.885814e-03
2.122500e+00	2.815342e-03
2.125000e+00	2.782185e-03
2.127500e+00	2.819092e-03
2.130000e+00	2.870272e-03
2.132500e+00	2.839833e-03
2.135000e+00	2.696922e-03
2.137500e+00	2.513248e-03
2.140000e+00	2.379825e-03
2.142500e+00	2.342112e-03
2.145000e+00	2.395132e-03
2.147500e+00	2.485568e-03
2.150000e+00	2.524209e-03
2.152500e+00	2.453491e-03
2.155000e+00	2.310715e-03
2.157500e+00	2.181800e-03
2.160000e+00	2.127780e-03
2.162500e+00	2.171832e-03
2.165000e+00	2.309384e-03
2.167500e+00	2.502422e-03
2.170000e+00	2.669538e-03
2.172500e+00	2.727557e-03
2.175000e+00	2.680717e-03
2.177500e+00	2.619494e-03
2.180000e+00	2.623940e-03
2.182500e+00	2.704550e-03
2.185000e+00	2.796420e-03
2.187500e+00	2.801040e-03
2.190000e+00	2.685932e-03
2.192500e+00	2.523613e-03
2.195000e+00	2.408307e-03
2.197500e+00	2.387644e-03
2.200000e+00	2.455441e-03
2.202500e+00	2.554472e-03
2.205000e+00	2.596059e-03
2.207500e+00	2.534874e-03
2.210000e+00	2.421250e-03
2.212500e+00	2.341780e-03
2.215000e+00	2.347270e-03
2.217500e+00	2.435758e-03
2.220000e+00	2.552198e-03
2.222500e+00	2.607829e-03
2.225000e+00	2.556401e-03
2.227500e+00	2.449186e-03
2.230000e+00	2.375635e-03
2.232500e+00	2.389226e-03
2.235000e+00	2.489398e-03
2.237500e+00	2.620032e-03
2.240000e+00	2.686244e-03
2.242500e+00	2.632647e-03
2.245000e+00	2.508203e-03
2.247500e+00	2.408615e-03
2.250000e+00	2.394329e-03
2.252500e+00	2.470180e-03
2.255000e+00	2.586612e-03
2.257500e+00	2.655086e-03
2.260000e+00	2.619207e-03
2.262500e+00	2.520586e-03
2.265000e+00	2.450495e-03
2.267500e+00	2.469698e-03
2.270000e+00	2.583713e-03
2.272500e+00	2.737758e-03
2.275000e+00	2.824874e-03
2.277500e+00	2.762548e-03
2.280000e+00	2.584253e-03
2.282500e+00	2.397377e-03
2.285000e+00	2.283087e-03
2.287500e+00	2.268656e-03
2.290000e+00	2.338120e-03
2.292500e+00	2.434333e-03
2.295000e+00	2.476868e-03
2.297500e+00	2.430804e-03
2.300000e+00	2.347623e-03
2.302500e+00	2.305962e-03
2.305000e+00	2.347926e-03
2.307500e+00	2.463269e-03
2.310000e+00	2.588826e-03
2.312500e+00	2.638839e-03
2.315000e+00	2.588625e-03
2.317500e+00	2.507277e-03
2.320000e+00	2.483135e-03
2.322500e+00	2.561007e-03
2.325000e+00	2.729127e-03
2.327500e+00	2.911259e-03
2.330000e+00	2.986070e-03
2.332500e+00	2.888486e-03
2.335000e+00	2.685465e-03
2.337500e+00	2.495736e-03
2.340000e+00	2.389992e-03
2.342500e+00	2.373552e-03
2.345000e+00	2.398468e-03
2.347500e+00	2.389524e-03
2.350000e+00	2.309625e-03
2.352500e+00	2.199686e-03
2.355000e+00	2.128670e-03
2.357500e+00	2.139358e-03
2.360000e+00	2.239604e-03
2.362500e+00	2.400735e-03
2.365000e+00	2.550127e-03
2.367500e+00	2.603291e-03
2.370000e+00	2.549195e-03
2.372500e+00	2.467961e-03
2.375000e+00	2.448784e-03
2.377500e+00	2.535675e-03
2.380000e+00	2.721177e-03
2.382500e+00	2.937215e-03
2.385000e+00	3.060901e-03
2.387500e+00	3.004392e-03
2.390000e+00	2.815186e-03
2.392500e+00	2.618799e-03
2.395000e+00	2.502733e-03
2.397500e+00	2.483336e-03
2.400000e+00	2.514944e-03
2.402500e+00	2.511477e-03
2.405000e+00	2.414012e-03
2.407500e+00	2.252809e-03
2.410000e+00	2.105667e-03
2.412500e+00	2.028352e-03
2.415000e+00	2.042225e-03
2.417500e+00	2.145739e-03
2.420000e+00	2.312106e-03
2.422500e+00	2.476469e-03
2.425000e+00	2.557220e-03
2.427500e+00	2.534806e-03
2.430000e+00	2.480948e-03
2.432500e+00	2.484161e-03
2.435000e+00	2.588305e-03
2.437500e+00	2.778663e-03
2.440000e+00	2.973645e-03
2.442500e+00	3.050352e-03
2.445000e+00	2.953297e-03
2.447500e+00	2.761216e-03
2.450000e+00	2.595825e-03
2.452500e+00	2.525082e-03
2.455000e+00	2.548176e-03
2.457500e+00	2.603606e-03
2.460000e+00	2.595515e-03
2.462500e+00	2.474440e-03
2.465000e+00	2.289670e-03
2.467500e+00	2.126716e-03
2.470000e+00	2.038852e-03
2.472500e+00	2.042353e-03
2.475000e+00	2.128852e-03
2.477500e+00	2.262705e-03
2.480000e+00	2.378571e-03
2.482500e+00	2.422649e-03
2.485000e+00	2.415010e-03
2.487500e+00	2.430918e-03
2.490000e+00	2.528769e-03
2.492500e+00	2.712266e-03
2.495000e+00	2.916534e-03
2.497500e+00	3.023725e-03
2.500000e+00	2.960385e-03
2.502500e+00	2.785275e-03
2.505000e+00	2.620867e-03
2.507500e+00	2.547460e-03
2.510000e+00	2.578484e-03
2.512500e+00	2.666162e-03
2.515000e+00	2.713148e-03
2.517500e+00	2.638969e-03
2.520000e+00	2.464804e-03
2.522500e+00	2.282880e-03
2.525000e+00	2.165982e-03
2.527500e+00	2.138953e-03
2.530000e+00	2.187774e-03
2.532500e+00	2.263363e-03
2.535000e+00	2.299801e-03
2.537500e+00	2.272982e-03
2.540000e+00	2.230365e-03
2.542500e+00	2.240418e-03
2.545000e+00	2.344897e-03
2.547500e+00	2.549035e-03
2.550000e+00	2.810249e-03
2.552500e+00	3.022598e-03
2.555000e+00	3.065144e-03
2.557500e+00	2.925279e-03
2.560000e+00	2.716867e-03
2.562500e+00	2.560250e-03
2.565000e+00	2.511955e-03
2.567500e+00	2.569073e-03
2.570000e+00	2.675218e-03
2.572500e+00	2.730065e-03
2.575000e+00	2.659052e-03
2.577500e+00	2.493273e-03
2.580000e+00	2.328460e-03
2.582500e+00	2.235288e-03
2.585000e+00	2.234401e-03
2.587500e+00	2.303541e-03
2.590000e+00	2.380440e-03
2.592500e+00	2.391956e-03
2.595000e+00	2.324277e-03
2.597500e+00	2.239287e-03
2.600000e+00	2.209414e-03
2.602500e+00	2.275647e-03
2.605000e+00	2.448352e-03
2.607500e+00	2.703756e-03
2.610000e+00	2.961847e-03
2.612500e+00	3.094224e-03
2.615000e+00	3.027300e-03
2.617500e+00	2.831086e-03
2.620000e+00	2.639287e-03
2.622500e+00	2.539063e-03
2.625000e+00	2.552350e-03
2.627500e+00	2.647451e-03
2.630000e+00	2.740927e-03
2.632500e+00	2.735072e-03
2.635000e+00	2.610112e-03
2.637500e+00	2.444464e-03
2.640000e+00	2.327293e-03
2.642500e+00	2.301800e-03
2.645000e+00	2.365431e-03
2.647500e+00	2.472835e-03
2.650000e+00	2.543600e-03
2.652500e+00	2.519936e-03
2.655000e+00	2.431519e-03
2.657500e+00	2.361449e-03
2.660000e+00	2.374692e-03
2.662500e+00	2.500379e-03
2.665000e+00	2.737734e-03
2.667500e+00	3.043159e-03
2.670000e+00	3.307602e-03
2.672500e+00	3.398413e-03
2.675000e+00	3.291295e-03
2.677500e+00	3.105359e-03
2.680000e+00	2.976608e-03
2.682500e+00	2.970048e-03
2.685000e+00	3.075073e-03
2.687500e+00	3.210127e-03
2.690000e+00	3.251780e-03
2.692500e+00	3.139914e-03
2.695000e+00	2.945613e-03
2.697500e+00	2.786535e-03
2.700000e+00	2.734173e-03
2.702500e+00	2.801509e-03
2.705000e+00	2.948289e-03
2.707500e+00	3.079017e-03
2.710000e+00	3.090302e-03
2.712500e+00	2.974568e-03
2.715000e+00	2.829575e-03
2.717500e+00	2.757664e-03
2.720000e+00	2.811048e-03
2.722500e+00	2.995964e-03
2.725000e+00	3.268532e-03
2.727500e+00	3.514367e-03
2.730000e+00	3.586593e-03
2.732500e+00	3.443690e-03
2.735000e+00	3.201279e-03
2.737500e+00	3.004434e-03
2.740000e+00	2.929018e-03
2.742500e+00	2.978743e-03
2.745000e+00	3.094147e-03
2.747500e+00	3.163125e-03
2.750000e+00	3.096300e-03
2.752500e+00	2.922290e-03
2.755000e+00	2.749884e-03
2.757500e+00	2.664389e-03
2.760000e+00	2.694492e-03
2.762500e+00	2.817832e-03
2.765000e+00	2.957845e-03
2.767500e+00	3.007494e-03
2.770000e+00	2.922723e-03
2.772500e+00	2.774548e-03
2.775000e+00	2.669409e-03
2.777500e+00	2.672962e-03
2.780000e+00	2.804626e-03
2.782500e+00	3.041869e-03
2.785000e+00	3.301929e-03
2.787500e+00	3.446399e-03
2.790000e+00	3.385550e-03
2.792500e+00	3.183480e-03
2.795000e+00	2.983902e-03
2.797500e+00	2.884861e-03
2.800000e+00	2.908856e-03
2.802500e+00	3.011358e-03
2.805000e+00	3.088773e-03
2.807500e+00	3.039753e-03
2.810000e+00	2.868427e-03
2.812500e+00	2.675031e-03
2.815000e+00	2.552436e-03
2.817500e+00	2.541473e-03
2.820000e+00	2.639204e-03
2.822500e+00	2.798502e-03
2.825000e+00	2.922578e-03
2.827500e+00	2.916888e-03
2.830000e+00	2.787359e-03
2.832500e+00	2.633617e-03
2.835000e+00	2.550056e-03
2.837500e+00	2.583351e-03
2.840000e+00	2.743486e-03
2.842500e+00	3.004886e-03
2.845000e+00	3.282947e-03
2.847500e+00	3.437221e-03
2.850000e+00	3.378183e-03
2.852500e+00	3.173131e-03
2.855000e+00	2.968260e-03
2.857500e+00	2.860037e-03
2.860000e+00	2.863383e-03
2.862500e+00	2.921606e-03
2.865000e+00	2.930472e-03
2.867500e+00	2.820000e-03
2.870000e+00	2.629153e-03
2.872500e+00	2.453819e-03
2.875000e+00	2.361935e-03
2.877500e+00	2.378148e-03
2.880000e+00	2.496110e-03
2.882500e+00	2.673720e-03
2.885000e+00	2.822702e-03
2.887500e+00	2.851834e-03
2.890000e+00	2.761844e-03
2.892500e+00	2.648077e-03
2.895000e+00	2.605895e-03
2.897500e+00	2.682442e-03
2.900000e+00	2.879272e-03
2.902500e+00	3.144416e-03
2.905000e+00	3.355884e-03
2.907500e+00	3.376668e-03
2.910000e+00	3.192278e-03
2.912500e+00	2.928586e-03
2.915000e+00	2.717548e-03
2.917500e+00	2.621456e-03
2.920000e+00	2.642087e-03
2.922500e+00	2.731286e-03
2.925000e+00	2.794066e-03
2.927500e+00	2.742463e-03
2.930000e+00	2.584201e-03
2.932500e+00	2.408813e-03
2.935000e+00	2.296932e-03
2.937500e+00	2.285670e-03
2.940000e+00	2.380792e-03
2.942500e+00	2.560376e-03
2.945000e+00	2.759393e-03
2.947500e+00	2.876094e-03
2.950000e+00	2.853319e-03
2.952500e+00	2.749133e-03
2.955000e+00	2.673929e-03
2.957500e+00	2.701310e-03
2.960000e+00	2.847091e-03
2.962500e+00	3.065574e-03
2.965000e+00	3.240081e-03
2.967500e+00	3.236757e-03
2.970000e+00	3.036428e-03
2.972500e+00	2.754978e-03
2.975000e+00	2.516850e-03
2.977500e+00	2.383596e-03
2.980000e+00	2.368323e-03
2.982500e+00	2.455091e-03
2.985000e+00	2.593224e-03
2.987500e+00	2.692008e-03
2.990000e+00	2.673840e-03
2.992500e+00	2.557266e-03
2.995000e+00	2.435063e-03
2.997500e+00	2.385194e-03
