#omega	spectral weight
-3.000000e+00	4.200683e-03
-2.997500e+00	4.610248e-03
-2.995000e+00	4.773859e-03
-2.992500e+00	4.629174e-03
-2.990000e+00	4.334455e-03
-2.987500e+00	4.091548e-03
-2.985000e+00	3.993613e-03
-2.982500e+00	4.008438e-03
-2.980000e+00	4.012463e-03
-2.977500e+00	3.888648e-03
-2.975000e+00	3.650265e-03
-2.972500e+00	3.415443e-03
-2.970000e+00	3.287560e-03
-2.967500e+00	3.314263e-03
-2.965000e+00	3.503922e-03
-2.962500e+00	3.826698e-03
-2.960000e+00	4.187062e-03
-2.957500e+00	4.427982e-03
-2.955000e+00	4.454200e-03
-2.952500e+00	4.351401e-03
-2.950000e+00	4.289656e-03
-2.947500e+00	4.360933e-03
-2.945000e+00	4.519794e-03
-2.942500e+00	4.605070e-03
-2.940000e+00	4.471761e-03
-2.937500e+00	4.155066e-03
-2.935000e+00	3.821825e-03
-2.932500e+00	3.603310e-03
-2.930000e+00	3.535569e-03
-2.927500e+00	3.569421e-03
-2.925000e+00	3.586606e-03
-2.922500e+00	3.471778e-03
-2.920000e+00	3.226007e-03
-2.917500e+00	2.954407e-03
-2.915000e+00	2.753461e-03
-2.912500e+00	2.665959e-03
-2.910000e+00	2.697556e-03
-2.907500e+00	2.827467e-03
-2.905000e+00	2.997295e-03
-2.902500e+00	3.113062e-03
-2.900000e+00	3.114243e-03
-2.897500e+00	3.046105e-03
-2.895000e+00	3.011787e-03
-2.892500e+00	3.086705e-03
-2.890000e+00	3.294251e-03
-2.887500e+00	3.600424e-03
-2.885000e+00	3.896198e-03
-2.882500e+00	4.031770e-03
-2.880000e+00	3.956056e-03
-2.877500e+00	3.784473e-03
-2.875000e+00	3.675675e-03
-2.872500e+00	3.723323e-03
-2.870000e+00	3.948703e-03
-2.867500e+00	4.303501e-03
-2.865000e+00	4.652893e-03
-2.862500e+00	4.826042e-03
-2.860000e+00	4.782560e-03
-2.857500e+00	4.667813e-03
-2.855000e+00	4.644332e-03
-2.852500e+00	4.745424e-03
-2.850000e+00	4.850825e-03
-2.847500e+00	4.776136e-03
-2.845000e+00	4.466965e-03
-2.842500e+00	4.060222e-03
-2.840000e+00	3.723756e-03
-2.837500e+00	3.541808e-03
-2.835000e+00	3.518329e-03
-2.832500e+00	3.592625e-03
-2.830000e+00	3.646121e-03
-2.827500e+00	3.569652e-03
-2.825000e+00	3.372120e-03
-2.822500e+00	3.163250e-03
-2.820000e+00	3.043094e-03
-2.817500e+00	3.061197e-03
-2.815000e+00	3.234440e-03
-2.812500e+00	3.555385e-03
-2.810000e+00	3.966728e-03
-2.807500e+00	4.322566e-03
-2.805000e+00	4.433915e-03
-2.802500e+00	4.248483e-03
-2.800000e+00	3.918515e-03
-2.797500e+00	3.633401e-03
-2.795000e+00	3.490569e-03
-2.792500e+00	3.493202e-03
-2.790000e+00	3.567024e-03
-2.787500e+00	3.582159e-03
-2.785000e+00	3.446674e-03
-2.782500e+00	3.201688e-03
-2.780000e+00	2.963350e-03
-2.777500e+00	2.815937e-03
-2.775000e+00	2.790609e-03
-2.772500e+00	2.884394e-03
-2.770000e+00	3.063277e-03
-2.767500e+00	3.254297e-03
-2.765000e+00	3.379150e-03
-2.762500e+00	3.438317e-03
-2.760000e+00	3.521902e-03
-2.757500e+00	3.721151e-03
-2.755000e+00	4.060945e-03
-2.752500e+00	4.466578e-03
-2.750000e+00	4.756705e-03
-2.747500e+00	4.758964e-03
-2.745000e+00	4.501475e-03
-2.742500e+00	4.182655e-03
-2.740000e+00	3.974848e-03
-2.737500e+00	3.943972e-03
-2.735000e+00	4.063549e-03
-2.732500e+00	4.225225e-03
-2.730000e+00	4.283822e-03
-2.727500e+00	4.189144e-03
-2.725000e+00	4.046148e-03
-2.722500e+00	3.999351e-03
-2.720000e+00	4.128924e-03
-2.717500e+00	4.429496e-03
-2.715000e+00	4.791779e-03
-2.712500e+00	5.002161e-03
-2.710000e+00	4.884163e-03
-2.707500e+00	4.491680e-03
-2.705000e+00	4.039849e-03
-2.702500e+00	3.698517e-03
-2.700000e+00	3.532328e-03
-2.697500e+00	3.533792e-03
-2.695000e+00	3.636590e-03
-2.692500e+00	3.711066e-03
-2.690000e+00	3.625353e-03
-2.687500e+00	3.370764e-03
-2.685000e+00	3.061808e-03
-2.682500e+00	2.810837e-03
-2.680000e+00	2.670743e-03
-2.677500e+00	2.656193e-03
-2.675000e+00	2.769082e-03
-2.672500e+00	3.001847e-03
-2.670000e+00	3.316379e-03
-2.667500e+00	3.611485e-03
-2.665000e+00	3.744407e-03
-2.662500e+00	3.659473e-03
-2.660000e+00	3.460611e-03
-2.657500e+00	3.298818e-03
-2.655000e+00	3.265915e-03
-2.652500e+00	3.390357e-03
-2.650000e+00	3.651204e-03
-2.647500e+00	3.963422e-03
-2.645000e+00	4.179994e-03
-2.642500e+00	4.199149e-03
-2.640000e+00	4.084878e-03
-2.637500e+00	3.992490e-03
-2.635000e+00	4.015380e-03
-2.632500e+00	4.127133e-03
-2.630000e+00	4.202269e-03
-2.627500e+00	4.125161e-03
-2.625000e+00	3.924104e-03
-2.622500e+00	3.736627e-03
-2.620000e+00	3.678704e-03
-2.617500e+00	3.800145e-03
-2.615000e+00	4.092323e-03
-2.612500e+00	4.471192e-03
-2.610000e+00	4.755814e-03
-2.607500e+00	4.760930e-03
-2.605000e+00	4.489804e-03
-2.602500e+00	4.131132e-03
-2.600000e+00	3.864786e-03
-2.597500e+00	3.769881e-03
-2.595000e+00	3.841454e-03
-2.592500e+00	4.002418e-03
-2.590000e+00	4.115020e-03
-2.587500e+00	4.074324e-03
-2.585000e+00	3.923500e-03
-2.582500e+00	3.803097e-03
-2.580000e+00	3.821466e-03
-2.577500e+00	4.007464e-03
-2.575000e+00	4.300777e-03
-2.572500e+00	4.538595e-03
-2.570000e+00	4.528899e-03
-2.567500e+00	4.237687e-03
-2.565000e+00	3.825581e-03
-2.562500e+00	3.469717e-03
-2.560000e+00	3.256360e-03
-2.557500e+00	3.195778e-03
-2.555000e+00	3.245177e-03
-2.552500e+00	3.307789e-03
-2.550000e+00	3.266397e-03
-2.547500e+00	3.084405e-03
-2.545000e+00	2.839803e-03
-2.542500e+00	2.631640e-03
-2.540000e+00	2.513847e-03
-2.537500e+00	2.504535e-03
-2.535000e+00	2.610574e-03
-2.532500e+00	2.838321e-03
-2.530000e+00	3.187206e-03
-2.527500e+00	3.622593e-03
-2.525000e+00	4.037456e-03
-2.522500e+00	4.273981e-03
-2.520000e+00	4.269804e-03
-2.517500e+00	4.148047e-03
-2.515000e+00	4.090771e-03
-2.512500e+00	4.206463e-03
-2.510000e+00	4.504743e-03
-2.507500e+00	4.885392e-03
-2.505000e+00	5.134780e-03
-2.502500e+00	5.056550e-03
-2.500000e+00	4.681161e-03
-2.497500e+00	4.224326e-03
-2.495000e+00	3.871016e-03
-2.492500e+00	3.698391e-03
-2.490000e+00	3.709509e-03
-2.487500e+00	3.853762e-03
-2.485000e+00	4.018984e-03
-2.482500e+00	4.069912e-03
-2.480000e+00	3.971890e-03
-2.477500e+00	3.833103e-03
-2.475000e+00	3.787697e-03
-2.472500e+00	3.903981e-03
-2.470000e+00	4.167455e-03
-2.467500e+00	4.465507e-03
-2.465000e+00	4.602585e-03
-2.462500e+00	4.447959e-03
-2.460000e+00	4.082837e-03
-2.457500e+00	3.699684e-03
-2.455000e+00	3.433876e-03
-2.452500e+00	3.337139e-03
-2.450000e+00	3.416586e-03
-2.447500e+00	3.650253e-03
-2.445000e+00	3.963377e-03
-2.442500e+00	4.202542e-03
-2.440000e+00	4.208400e-03
-2.437500e+00	3.979289e-03
-2.435000e+00	3.673915e-03
-2.432500e+00	3.445391e-03
-2.430000e+00	3.356277e-03
-2.427500e+00	3.386006e-03
-2.425000e+00	3.442971e-03
-2.422500e+00	3.403994e-03
-2.420000e+00	3.221378e-03
-2.417500e+00	2.969863e-03
-2.415000e+00	2.754412e-03
-2.412500e+00	2.635160e-03
-2.410000e+00	2.633103e-03
-2.407500e+00	2.754618e-03
-2.405000e+00	2.999437e-03
-2.402500e+00	3.346289e-03
-2.400000e+00	3.721155e-03
-2.397500e+00	3.994603e-03
-2.395000e+00	4.083251e-03
-2.392500e+00	4.059927e-03
-2.390000e+00	4.081889e-03
-2.387500e+00	4.252846e-03
-2.385000e+00	4.567774e-03
-2.382500e+00	4.897610e-03
-2.380000e+00	5.035253e-03
-2.377500e+00	4.880697e-03
-2.375000e+00	4.562438e-03
-2.372500e+00	4.289207e-03
-2.370000e+00	4.184378e-03
-2.367500e+00	4.260172e-03
-2.365000e+00	4.426403e-03
-2.362500e+00	4.506941e-03
-2.360000e+00	4.357372e-03
-2.357500e+00	4.015667e-03
-2.355000e+00	3.645812e-03
-2.352500e+00	3.378329e-03
-2.350000e+00	3.268474e-03
-2.347500e+00	3.331158e-03
-2.345000e+00	3.565161e-03
-2.342500e+00	3.942436e-03
-2.340000e+00	4.365132e-03
-2.337500e+00	4.642438e-03
-2.335000e+00	4.605509e-03
-2.332500e+00	4.294038e-03
-2.330000e+00	3.910760e-03
-2.327500e+00	3.625035e-03
-2.325000e+00	3.505085e-03
-2.322500e+00	3.544967e-03
-2.320000e+00	3.676928e-03
-2.317500e+00	3.773734e-03
-2.315000e+00	3.722105e-03
-2.312500e+00	3.539349e-03
-2.310000e+00	3.348948e-03
-2.307500e+00	3.256668e-03
-2.305000e+00	3.298479e-03
-2.302500e+00	3.440458e-03
-2.300000e+00	3.576064e-03
-2.297500e+00	3.569330e-03
-2.295000e+00	3.379523e-03
-2.292500e+00	3.103944e-03
-2.290000e+00	2.864951e-03
-2.287500e+00	2.729418e-03
-2.285000e+00	2.719743e-03
-2.282500e+00	2.842874e-03
-2.280000e+00	3.100727e-03
-2.277500e+00	3.476914e-03
-2.275000e+00	3.900686e-03
-2.272500e+00	4.225683e-03
-2.270000e+00	4.318604e-03
-2.267500e+00	4.214195e-03
-2.265000e+00	4.087505e-03
-2.262500e+00	4.090438e-03
-2.260000e+00	4.280219e-03
-2.257500e+00	4.614169e-03
-2.255000e+00	4.934924e-03
-2.252500e+00	5.021153e-03
-2.250000e+00	4.784918e-03
-2.247500e+00	4.373756e-03
-2.245000e+00	3.999606e-03
-2.242500e+00	3.784894e-03
-2.240000e+00	3.761430e-03
-2.237500e+00	3.899837e-03
-2.235000e+00	4.102778e-03
-2.232500e+00	4.209090e-03
-2.230000e+00	4.103137e-03
-2.227500e+00	3.840017e-03
-2.225000e+00	3.576537e-03
-2.222500e+00	3.431366e-03
-2.220000e+00	3.455869e-03
-2.217500e+00	3.661104e-03
-2.215000e+00	4.021119e-03
-2.212500e+00	4.436145e-03
-2.210000e+00	4.707687e-03
-2.207500e+00	4.651369e-03
-2.205000e+00	4.294607e-03
-2.202500e+00	3.841871e-03
-2.200000e+00	3.470180e-03
-2.197500e+00	3.255376e-03
-2.195000e+00	3.209100e-03
-2.192500e+00	3.308162e-03
-2.190000e+00	3.485228e-03
-2.187500e+00	3.614223e-03
-2.185000e+00	3.572353e-03
-2.182500e+00	3.363450e-03
-2.180000e+00	3.109480e-03
-2.177500e+00	2.924634e-03
-2.175000e+00	2.861025e-03
-2.172500e+00	2.924462e-03
-2.170000e+00	3.083610e-03
-2.167500e+00	3.258805e-03
-2.165000e+00	3.342279e-03
-2.162500e+00	3.292737e-03
-2.160000e+00	3.187234e-03
-2.157500e+00	3.139279e-03
-2.155000e+00	3.222949e-03
-2.152500e+00	3.470648e-03
-2.150000e+00	3.880537e-03
-2.147500e+00	4.389002e-03
-2.145000e+00	4.825589e-03
-2.142500e+00	4.964364e-03
-2.140000e+00	4.736568e-03
-2.137500e+00	4.317822e-03
-2.135000e+00	3.933728e-03
-2.132500e+00	3.708732e-03
-2.130000e+00	3.675331e-03
-2.127500e+00	3.809745e-03
-2.125000e+00	4.027642e-03
-2.122500e+00	4.178918e-03
-2.120000e+00	4.137444e-03
-2.117500e+00	3.935607e-03
-2.115000e+00	3.725268e-03
-2.112500e+00	3.634835e-03
-2.110000e+00	3.721396e-03
-2.107500e+00	3.984274e-03
-2.105000e+00	4.354157e-03
-2.102500e+00	4.663322e-03
-2.100000e+00	4.707928e-03
-2.097500e+00	4.443087e-03
-2.095000e+00	4.035984e-03
-2.092500e+00	3.681566e-03
-2.090000e+00	3.481466e-03
-2.087500e+00	3.459136e-03
-2.085000e+00	3.588560e-03
-2.082500e+00	3.785074e-03
-2.080000e+00	3.899975e-03
-2.077500e+00	3.810976e-03
-2.075000e+00	3.551182e-03
-2.072500e+00	3.264798e-03
-2.070000e+00	3.068775e-03
-2.067500e+00	3.012267e-03
-2.065000e+00	3.099680e-03
-2.062500e+00	3.297609e-03
-2.060000e+00	3.514023e-03
-2.057500e+00	3.606259e-03
-2.055000e+00	3.490071e-03
-2.052500e+00	3.234795e-03
-2.050000e+00	2.979502e-03
-2.047500e+00	2.817833e-03
-2.045000e+00	2.786448e-03
-2.042500e+00	2.895604e-03
-2.040000e+00	3.143040e-03
-2.037500e+00	3.498419e-03
-2.035000e+00	3.864704e-03
-2.032500e+00	4.074079e-03
-2.030000e+00	4.011170e-03
-2.027500e+00	3.748652e-03
-2.025000e+00	3.464141e-03
-2.022500e+00	3.287182e-03
-2.020000e+00	3.272281e-03
-2.017500e+00	3.434664e-03
-2.015000e+00	3.765773e-03
-2.012500e+00	4.208115e-03
-2.010000e+00	4.609221e-03
-2.007500e+00	4.753911e-03
-2.005000e+00	4.554550e-03
-2.002500e+00	4.157979e-03
-2.000000e+00	3.778729e-03
-1.997500e+00	3.543328e-03
-1.995000e+00	3.491092e-03
-1.992500e+00	3.612819e-03
-1.990000e+00	3.852005e-03
-1.987500e+00	4.081634e-03
-1.985000e+00	4.142433e-03
-1.982500e+00	3.988152e-03
-1.980000e+00	3.741362e-03
-1.977500e+00	3.558840e-03
-1.975000e+00	3.527371e-03
-1.972500e+00	3.661350e-03
-1.970000e+00	3.906976e-03
-1.967500e+00	4.125964e-03
-1.965000e+00	4.144271e-03
-1.962500e+00	3.912199e-03
-1.960000e+00	3.559715e-03
-1.957500e+00	3.248752e-03
-1.955000e+00	3.067243e-03
-1.952500e+00	3.040370e-03
-1.950000e+00	3.159538e-03
-1.947500e+00	3.378201e-03
-1.945000e+00	3.585837e-03
-1.942500e+00	3.632108e-03
-1.940000e+00	3.455755e-03
-1.937500e+00	3.153886e-03
-1.935000e+00	2.867825e-03
-1.932500e+00	2.679963e-03
-1.930000e+00	2.617249e-03
-1.927500e+00	2.682871e-03
-1.925000e+00	2.866994e-03
-1.922500e+00	3.130532e-03
-1.920000e+00	3.377273e-03
-1.917500e+00	3.477347e-03
-1.915000e+00	3.385490e-03
-1.912500e+00	3.199479e-03
-1.910000e+00	3.054481e-03
-1.907500e+00	3.031892e-03
-1.905000e+00	3.159738e-03
-1.902500e+00	3.426772e-03
-1.900000e+00	3.764349e-03
-1.897500e+00	4.022964e-03
-1.895000e+00	4.043290e-03
-1.892500e+00	3.819667e-03
-1.890000e+00	3.508026e-03
-1.887500e+00	3.264290e-03
-1.885000e+00	3.165336e-03
-1.882500e+00	3.231527e-03
-1.880000e+00	3.449057e-03
-1.877500e+00	3.754308e-03
-1.875000e+00	4.005725e-03
-1.872500e+00	4.037767e-03
-1.870000e+00	3.821107e-03
-1.867500e+00	3.497370e-03
-1.865000e+00	3.225529e-03
-1.862500e+00	3.088459e-03
-1.860000e+00	3.109530e-03
-1.857500e+00	3.278611e-03
-1.855000e+00	3.542650e-03
-1.852500e+00	3.777735e-03
-1.850000e+00	3.824793e-03
-1.847500e+00	3.634051e-03
-1.845000e+00	3.322864e-03
-1.842500e+00	3.042891e-03
-1.840000e+00	2.878476e-03
-1.837500e+00	2.855195e-03
-1.835000e+00	2.968058e-03
-1.832500e+00	3.180028e-03
-1.830000e+00	3.396802e-03
-1.827500e+00	3.477819e-03
-1.825000e+00	3.348167e-03
-1.822500e+00	3.083804e-03
-1.820000e+00	2.820290e-03
-1.817500e+00	2.644123e-03
-1.815000e+00	2.586257e-03
-1.812500e+00	2.652096e-03
-1.810000e+00	2.834062e-03
-1.807500e+00	3.097641e-03
-1.805000e+00	3.353007e-03
-1.802500e+00	3.469895e-03
-1.800000e+00	3.389472e-03
-1.797500e+00	3.196975e-03
-1.795000e+00	3.026714e-03
-1.792500e+00	2.963465e-03
-1.790000e+00	3.039182e-03
-1.787500e+00	3.254606e-03
-1.785000e+00	3.574000e-03
-1.782500e+00	3.896821e-03
-1.780000e+00	4.072866e-03
-1.777500e+00	4.029892e-03
-1.775000e+00	3.865390e-03
-1.772500e+00	3.741800e-03
-1.770000e+00	3.766863e-03
-1.767500e+00	3.982398e-03
-1.765000e+00	4.378051e-03
-1.762500e+00	4.865455e-03
-1.760000e+00	5.242671e-03
-1.757500e+00	5.283566e-03
-1.755000e+00	4.964961e-03
-1.752500e+00	4.493492e-03
-1.750000e+00	4.083989e-03
-1.747500e+00	3.841928e-03
-1.745000e+00	3.797361e-03
-1.742500e+00	3.955252e-03
-1.740000e+00	4.310786e-03
-1.737500e+00	4.826495e-03
-1.735000e+00	5.380182e-03
-1.732500e+00	5.756735e-03
-1.730000e+00	5.808085e-03
-1.727500e+00	5.637708e-03
-1.725000e+00	5.495123e-03
-1.722500e+00	5.560162e-03
-1.720000e+00	5.872320e-03
-1.717500e+00	6.317706e-03
-1.715000e+00	6.621365e-03
-1.712500e+00	6.498076e-03
-1.710000e+00	5.942071e-03
-1.707500e+00	5.219914e-03
-1.705000e+00	4.583170e-03
-1.702500e+00	4.141752e-03
-1.700000e+00	3.912964e-03
-1.697500e+00	3.877950e-03
-1.695000e+00	3.992055e-03
-1.692500e+00	4.162286e-03
-1.690000e+00	4.248742e-03
-1.687500e+00	4.162842e-03
-1.685000e+00	3.964656e-03
-1.682500e+00	3.791169e-03
-1.680000e+00	3.742617e-03
-1.677500e+00	3.866561e-03
-1.675000e+00	4.184666e-03
-1.672500e+00	4.698550e-03
-1.670000e+00	5.354383e-03
-1.667500e+00	5.978967e-03
-1.665000e+00	6.297570e-03
-1.662500e+00	6.164019e-03
-1.660000e+00	5.743566e-03
-1.657500e+00	5.329158e-03
-1.655000e+00	5.112042e-03
-1.652500e+00	5.158226e-03
-1.650000e+00	5.449188e-03
-1.647500e+00	5.870380e-03
-1.645000e+00	6.181632e-03
-1.642500e+00	6.127874e-03
-1.640000e+00	5.690664e-03
-1.637500e+00	5.099729e-03
-1.635000e+00	4.583166e-03
-1.632500e+00	4.246321e-03
-1.630000e+00	4.112875e-03
-1.627500e+00	4.180131e-03
-1.625000e+00	4.438169e-03
-1.622500e+00	4.854478e-03
-1.620000e+00	5.335631e-03
-1.617500e+00	5.725542e-03
-1.615000e+00	5.931048e-03
-1.612500e+00	6.055002e-03
-1.610000e+00	6.310099e-03
-1.607500e+00	6.861438e-03
-1.605000e+00	7.770723e-03
-1.602500e+00	8.949035e-03
-1.600000e+00	1.005210e-02
-1.597500e+00	1.051397e-02
-1.595000e+00	1.000037e-02
-1.592500e+00	8.798097e-03
-1.590000e+00	7.465342e-03
-1.587500e+00	6.357766e-03
-1.585000e+00	5.581502e-03
-1.582500e+00	5.121120e-03
-1.580000e+00	4.915089e-03
-1.577500e+00	4.859691e-03
-1.575000e+00	4.800323e-03
-1.572500e+00	4.603281e-03
-1.570000e+00	4.275703e-03
-1.567500e+00	3.938119e-03
-1.565000e+00	3.696061e-03
-1.562500e+00	3.594820e-03
-1.560000e+00	3.639302e-03
-1.557500e+00	3.803314e-03
-1.555000e+00	4.011269e-03
-1.552500e+00	4.134725e-03
-1.550000e+00	4.078233e-03
-1.547500e+00	3.883965e-03
-1.545000e+00	3.678936e-03
-1.542500e+00	3.559457e-03
-1.540000e+00	3.567155e-03
-1.537500e+00	3.718674e-03
-1.535000e+00	4.030415e-03
-1.532500e+00	4.528677e-03
-1.530000e+00	5.247354e-03
-1.527500e+00	6.205416e-03
-1.525000e+00	7.345042e-03
-1.522500e+00	8.440513e-03
-1.520000e+00	9.129313e-03
-1.517500e+00	9.239847e-03
-1.515000e+00	9.038976e-03
-1.512500e+00	8.963494e-03
-1.510000e+00	9.285202e-03
-1.507500e+00	1.002663e-02
-1.505000e+00	1.092622e-02
-1.502500e+00	1.144196e-02
-1.500000e+00	1.110190e-02
-1.497500e+00	1.001072e-02
-1.495000e+00	8.702152e-03
-1.492500e+00	7.607623e-03
-1.490000e+00	6.893021e-03
-1.487500e+00	6.558863e-03
-1.485000e+00	6.510109e-03
-1.482500e+00	6.547650e-03
-1.480000e+00	6.402133e-03
-1.477500e+00	5.930427e-03
-1.475000e+00	5.250406e-03
-1.472500e+00	4.574761e-03
-1.470000e+00	4.028671e-03
-1.467500e+00	3.642640e-03
-1.465000e+00	3.406264e-03
-1.462500e+00	3.300537e-03
-1.460000e+00	3.303664e-03
-1.457500e+00	3.379464e-03
-1.455000e+00	3.464062e-03
-1.452500e+00	3.489671e-03
-1.450000e+00	3.449481e-03
-1.447500e+00	3.406321e-03
-1.445000e+00	3.429470e-03
-1.442500e+00	3.561246e-03
-1.440000e+00	3.828230e-03
-1.437500e+00	4.258223e-03
-1.435000e+00	4.887306e-03
-1.432500e+00	5.752058e-03
-1.430000e+00	6.852544e-03
-1.427500e+00	8.067536e-03
-1.425000e+00	9.074814e-03
-1.422500e+00	9.499395e-03
-1.420000e+00	9.320121e-03
-1.417500e+00	8.935810e-03
-1.415000e+00	8.770327e-03
-1.412500e+00	9.032744e-03
-1.410000e+00	9.711842e-03
-1.407500e+00	1.055480e-02
-1.405000e+00	1.106775e-02
-1.402500e+00	1.083586e-02
-1.400000e+00	9.973893e-03
-1.397500e+00	8.978508e-03
-1.395000e+00	8.248699e-03
-1.392500e+00	7.937626e-03
-1.390000e+00	8.019812e-03
-1.387500e+00	8.311067e-03
-1.385000e+00	8.462667e-03
-1.382500e+00	8.148400e-03
-1.380000e+00	7.384557e-03
-1.377500e+00	6.480311e-03
-1.375000e+00	5.707506e-03
-1.372500e+00	5.177437e-03
-1.370000e+00	4.901650e-03
-1.367500e+00	4.849092e-03
-1.365000e+00	4.947621e-03
-1.362500e+00	5.057316e-03
-1.360000e+00	5.004527e-03
-1.357500e+00	4.727104e-03
-1.355000e+00	4.335040e-03
-1.352500e+00	3.975758e-03
-1.350000e+00	3.728846e-03
-1.347500e+00	3.616080e-03
-1.345000e+00	3.639315e-03
-1.342500e+00	3.802130e-03
-1.340000e+00	4.116514e-03
-1.337500e+00	4.598601e-03
-1.335000e+00	5.247676e-03
-1.332500e+00	5.998503e-03
-1.330000e+00	6.675880e-03
-1.327500e+00	7.076399e-03
-1.325000e+00	7.198801e-03
-1.322500e+00	7.286852e-03
-1.320000e+00	7.606578e-03
-1.317500e+00	8.299956e-03
-1.315000e+00	9.352868e-03
-1.312500e+00	1.052559e-02
-1.310000e+00	1.131393e-02
-1.307500e+00	1.125837e-02
-1.305000e+00	1.045058e-02
-1.302500e+00	9.427964e-03
-1.300000e+00	8.649155e-03
-1.297500e+00	8.310460e-03
-1.295000e+00	8.429439e-03
-1.292500e+00	8.889323e-03
-1.290000e+00	9.393568e-03
-1.287500e+00	9.516204e-03
-1.285000e+00	9.041016e-03
-1.282500e+00	8.198894e-03
-1.280000e+00	7.385564e-03
-1.277500e+00	6.846737e-03
-1.275000e+00	6.658537e-03
-1.272500e+00	6.795596e-03
-1.270000e+00	7.131454e-03
-1.267500e+00	7.399501e-03
-1.265000e+00	7.289005e-03
-1.262500e+00	6.729076e-03
-1.260000e+00	5.953519e-03
-1.257500e+00	5.227561e-03
-1.255000e+00	4.679041e-03
-1.252500e+00	4.332349e-03
-1.250000e+00	4.176221e-03
-1.247500e+00	4.197522e-03
-1.245000e+00	4.386312e-03
-1.242500e+00	4.718800e-03
-1.240000e+00	5.119841e-03
-1.237500e+00	5.442474e-03
-1.235000e+00	5.557425e-03
-1.232500e+00	5.504090e-03
-1.230000e+00	5.460084e-03
-1.227500e+00	5.586881e-03
-1.225000e+00	5.977246e-03
-1.222500e+00	6.679034e-03
-1.220000e+00	7.692700e-03
-1.217500e+00	8.897977e-03
-1.215000e+00	9.948998e-03
-1.212500e+00	1.036927e-02
-1.210000e+00	9.999856e-03
-1.207500e+00	9.209651e-03
-1.205000e+00	8.493870e-03
-1.202500e+00	8.140674e-03
-1.200000e+00	8.248550e-03
-1.197500e+00	8.812575e-03
-1.195000e+00	9.711205e-03
-1.192500e+00	1.060788e-02
-1.190000e+00	1.098034e-02
-1.187500e+00	1.053163e-02
-1.185000e+00	9.532293e-03
-1.182500e+00	8.495830e-03
-1.180000e+00	7.754408e-03
-1.177500e+00	7.414984e-03
-1.175000e+00	7.453753e-03
-1.172500e+00	7.737873e-03
-1.170000e+00	7.993998e-03
-1.167500e+00	7.904736e-03
-1.165000e+00	7.395448e-03
-1.162500e+00	6.705513e-03
-1.160000e+00	6.114143e-03
-1.157500e+00	5.765281e-03
-1.155000e+00	5.693112e-03
-1.152500e+00	5.867984e-03
-1.150000e+00	6.183374e-03
-1.147500e+00	6.425571e-03
-1.145000e+00	6.366117e-03
-1.142500e+00	5.983001e-03
-1.140000e+00	5.476926e-03
-1.137500e+00	5.052316e-03
-1.135000e+00	4.807491e-03
-1.132500e+00	4.770633e-03
-1.130000e+00	4.951560e-03
-1.127500e+00	5.365033e-03
-1.125000e+00	6.027188e-03
-1.122500e+00	6.918995e-03
-1.120000e+00	7.905968e-03
-1.117500e+00	8.677014e-03
-1.115000e+00	8.909535e-03
-1.112500e+00	8.627461e-03
-1.110000e+00	8.200057e-03
-1.107500e+00	7.986712e-03
-1.105000e+00	8.173680e-03
-1.102500e+00	8.815896e-03
-1.100000e+00	9.850310e-03
-1.097500e+00	1.100347e-02
-1.095000e+00	1.173484e-02
-1.092500e+00	1.155731e-02
-1.090000e+00	1.056358e-02
-1.087500e+00	9.306749e-03
-1.085000e+00	8.250975e-03
-1.082500e+00	7.589787e-03
-1.080000e+00	7.357982e-03
-1.077500e+00	7.530660e-03
-1.075000e+00	8.026653e-03
-1.072500e+00	8.636194e-03
-1.070000e+00	8.990328e-03
-1.067500e+00	8.789874e-03
-1.065000e+00	8.129858e-03
-1.062500e+00	7.379625e-03
-1.060000e+00	6.831488e-03
-1.057500e+00	6.599538e-03
-1.055000e+00	6.675093e-03
-1.052500e+00	6.943876e-03
-1.050000e+00	7.164426e-03
-1.047500e+00	7.064699e-03
-1.045000e+00	6.593909e-03
-1.042500e+00	5.965331e-03
-1.040000e+00	5.412324e-03
-1.037500e+00	5.048866e-03
-1.035000e+00	4.903856e-03
-1.032500e+00	4.980438e-03
-1.030000e+00	5.283589e-03
-1.027500e+00	5.817595e-03
-1.025000e+00	6.551109e-03
-1.022500e+00	7.348409e-03
-1.020000e+00	7.942270e-03
-1.017500e+00	8.116250e-03
-1.015000e+00	7.970061e-03
-1.012500e+00	7.832228e-03
-1.010000e+00	7.978014e-03
-1.007500e+00	8.537048e-03
-1.005000e+00	9.505901e-03
-1.002500e+00	1.069016e-02
-1.000000e+00	1.161574e-02
-9.975000e-01	1.172426e-02
-9.950000e-01	1.092417e-02
-9.925000e-01	9.698047e-03
-9.900000e-01	8.573512e-03
-9.875000e-01	7.812745e-03
-9.850000e-01	7.483796e-03
-9.825000e-01	7.584465e-03
-9.800000e-01	8.083285e-03
-9.775000e-01	8.872302e-03
-9.750000e-01	9.664163e-03
-9.725000e-01	1.000528e-02
-9.700000e-01	9.626735e-03
-9.675000e-01	8.755183e-03
-9.650000e-01	7.841522e-03
-9.625000e-01	7.183223e-03
-9.600000e-01	6.879382e-03
-9.575000e-01	6.914754e-03
-9.550000e-01	7.181582e-03
-9.525000e-01	7.446090e-03
-9.500000e-01	7.412686e-03
-9.475000e-01	6.977127e-03
-9.450000e-01	6.332402e-03
-9.425000e-01	5.736278e-03
-9.400000e-01	5.329464e-03
-9.375000e-01	5.152887e-03
-9.350000e-01	5.212111e-03
-9.325000e-01	5.510068e-03
-9.300000e-01	6.044189e-03
-9.275000e-01	6.766761e-03
-9.250000e-01	7.517270e-03
-9.225000e-01	8.027176e-03
-9.200000e-01	8.141258e-03
-9.175000e-01	8.027337e-03
-9.150000e-01	8.013111e-03
-9.125000e-01	8.333586e-03
-9.100000e-01	9.069446e-03
-9.075000e-01	1.012895e-02
-9.050000e-01	1.116432e-02
-9.025000e-01	1.161439e-02
-9.000000e-01	1.115322e-02
-8.975000e-01	1.006816e-02
-8.950000e-01	8.913371e-03
-8.925000e-01	8.049075e-03
-8.900000e-01	7.600446e-03
-8.875000e-01	7.586472e-03
-8.850000e-01	7.995004e-03
-8.825000e-01	8.769238e-03
-8.800000e-01	9.713802e-03
-8.775000e-01	1.040806e-02
-8.750000e-01	1.039583e-02
-8.725000e-01	9.648162e-03
-8.700000e-01	8.595239e-03
-8.675000e-01	7.668355e-03
-8.650000e-01	7.069828e-03
-8.625000e-01	6.839395e-03
-8.600000e-01	6.935465e-03
-8.575000e-01	7.231525e-03
-8.550000e-01	7.478741e-03
-8.525000e-01	7.398410e-03
-8.500000e-01	6.939097e-03
-8.475000e-01	6.322029e-03
-8.450000e-01	5.790770e-03
-8.425000e-01	5.467126e-03
-8.400000e-01	5.386206e-03
-8.375000e-01	5.556957e-03
-8.350000e-01	5.987422e-03
-8.325000e-01	6.672213e-03
-8.300000e-01	7.537391e-03
-8.275000e-01	8.364912e-03
-8.250000e-01	8.842431e-03
-8.225000e-01	8.858834e-03
-8.200000e-01	8.671520e-03
-8.175000e-01	8.646606e-03
-8.150000e-01	9.001728e-03
-8.125000e-01	9.756501e-03
-8.100000e-01	1.069661e-02
-8.075000e-01	1.134270e-02
-8.050000e-01	1.121807e-02
-8.025000e-01	1.034659e-02
-8.000000e-01	9.211970e-03
-7.975000e-01	8.256563e-03
-7.950000e-01	7.678763e-03
-7.925000e-01	7.526784e-03
-7.900000e-01	7.799793e-03
-7.875000e-01	8.465906e-03
-7.850000e-01	9.394248e-03
-7.825000e-01	1.024236e-02
-7.800000e-01	1.051189e-02
-7.775000e-01	9.971502e-03
-7.750000e-01	8.927732e-03
-7.725000e-01	7.862523e-03
-7.700000e-01	7.061654e-03
-7.675000e-01	6.609704e-03
-7.650000e-01	6.497432e-03
-7.625000e-01	6.665845e-03
-7.600000e-01	6.977170e-03
-7.575000e-01	7.188516e-03
-7.550000e-01	7.079319e-03
-7.525000e-01	6.675169e-03
-7.500000e-01	6.207773e-03
-7.475000e-01	5.882515e-03
-7.450000e-01	5.796456e-03
-7.425000e-01	5.985848e-03
-7.400000e-01	6.471100e-03
-7.375000e-01	7.257761e-03
-7.350000e-01	8.283205e-03
-7.325000e-01	9.319497e-03
-7.300000e-01	9.973355e-03
-7.275000e-01	9.998484e-03
-7.250000e-01	9.610291e-03
-7.225000e-01	9.261181e-03
-7.200000e-01	9.264528e-03
-7.175000e-01	9.698453e-03
-7.150000e-01	1.040516e-02
-7.125000e-01	1.096894e-02
-7.100000e-01	1.090832e-02
-7.075000e-01	1.014347e-02
-7.050000e-01	9.074485e-03
-7.025000e-01	8.135952e-03
-7.000000e-01	7.543964e-03
-6.975000e-01	7.357761e-03
-6.950000e-01	7.579165e-03
-6.925000e-01	8.175685e-03
-6.900000e-01	9.018799e-03
-6.875000e-01	9.779988e-03
-6.850000e-01	9.989762e-03
-6.825000e-01	9.438684e-03
-6.800000e-01	8.419231e-03
-6.775000e-01	7.377060e-03
-6.750000e-01	6.569947e-03
-6.725000e-01	6.070709e-03
-6.700000e-01	5.875682e-03
-6.675000e-01	5.965712e-03
-6.650000e-01	6.310389e-03
-6.625000e-01	6.826364e-03
-6.600000e-01	7.320563e-03
-6.575000e-01	7.542132e-03
-6.550000e-01	7.417030e-03
-6.525000e-01	7.150174e-03
-6.500000e-01	7.013048e-03
-6.475000e-01	7.173910e-03
-6.450000e-01	7.703353e-03
-6.425000e-01	8.596973e-03
-6.400000e-01	9.718797e-03
-6.375000e-01	1.070660e-02
-6.350000e-01	1.108517e-02
-6.325000e-01	1.072194e-02
-6.300000e-01	1.000762e-02
-6.275000e-01	9.435217e-03
-6.250000e-01	9.266679e-03
-6.225000e-01	9.517146e-03
-6.200000e-01	9.974931e-03
-6.175000e-01	1.022241e-02
-6.150000e-01	9.898324e-03
-6.125000e-01	9.071154e-03
-6.100000e-01	8.131087e-03
-6.075000e-01	7.399279e-03
-6.050000e-01	7.009734e-03
-6.025000e-01	6.989198e-03
-6.000000e-01	7.317094e-03
-5.975000e-01	7.905320e-03
-5.950000e-01	8.520219e-03
-5.925000e-01	8.787084e-03
-5.900000e-01	8.468528e-03
-5.875000e-01	7.731564e-03
-5.850000e-01	6.940455e-03
-5.825000e-01	6.341146e-03
-5.800000e-01	6.021377e-03
-5.775000e-01	5.997196e-03
-5.750000e-01	6.272459e-03
-5.725000e-01	6.850017e-03
-5.700000e-01	7.696243e-03
-5.675000e-01	8.655059e-03
-5.650000e-01	9.384515e-03
-5.625000e-01	9.538732e-03
-5.600000e-01	9.147109e-03
-5.575000e-01	8.600231e-03
-5.550000e-01	8.269852e-03
-5.525000e-01	8.341244e-03
-5.500000e-01	8.860395e-03
-5.475000e-01	9.752316e-03
-5.450000e-01	1.074033e-02
-5.425000e-01	1.132078e-02
-5.400000e-01	1.109713e-02
-5.375000e-01	1.022264e-02
-5.350000e-01	9.213892e-03
-5.325000e-01	8.466765e-03
-5.300000e-01	8.124543e-03
-5.275000e-01	8.151772e-03
-5.250000e-01	8.361045e-03
-5.225000e-01	8.431396e-03
-5.200000e-01	8.109497e-03
-5.175000e-01	7.464265e-03
-5.150000e-01	6.778518e-03
-5.125000e-01	6.272513e-03
-5.100000e-01	6.036117e-03
-5.075000e-01	6.092042e-03
-5.050000e-01	6.442806e-03
-5.025000e-01	7.064803e-03
-5.000000e-01	7.847520e-03
-4.975000e-01	8.522809e-03
-4.950000e-01	8.761930e-03
-4.925000e-01	8.502435e-03
-4.900000e-01	8.041166e-03
-4.875000e-01	7.726757e-03
-4.850000e-01	7.754285e-03
-4.825000e-01	8.183297e-03
-4.800000e-01	8.963174e-03
-4.775000e-01	9.870958e-03
-4.750000e-01	1.047352e-02
-4.725000e-01	1.038966e-02
-4.700000e-01	9.707470e-03
-4.675000e-01	8.881320e-03
-4.650000e-01	8.295128e-03
-4.625000e-01	8.118790e-03
-4.600000e-01	8.382498e-03
-4.575000e-01	9.011463e-03
-4.550000e-01	9.760321e-03
-4.525000e-01	1.017978e-02
-4.500000e-01	9.889889e-03
-4.475000e-01	8.983743e-03
-4.450000e-01	7.896967e-03
-4.425000e-01	6.976447e-03
-4.400000e-01	6.355923e-03
-4.375000e-01	6.050078e-03
-4.350000e-01	6.035858e-03
-4.325000e-01	6.269269e-03
-4.300000e-01	6.653620e-03
-4.275000e-01	7.013131e-03
-4.250000e-01	7.187034e-03
-4.225000e-01	7.210907e-03
-4.200000e-01	7.297876e-03
-4.175000e-01	7.647839e-03
-4.150000e-01	8.347532e-03
-4.125000e-01	9.331812e-03
-4.100000e-01	1.030777e-02
-4.075000e-01	1.078865e-02
-4.050000e-01	1.048532e-02
-4.025000e-01	9.651465e-03
-4.000000e-01	8.789470e-03
-3.975000e-01	8.235604e-03
-3.950000e-01	8.106648e-03
-3.925000e-01	8.381666e-03
-3.900000e-01	8.906144e-03
-3.875000e-01	9.346484e-03
-3.850000e-01	9.317157e-03
-3.825000e-01	8.742709e-03
-3.800000e-01	7.934935e-03
-3.775000e-01	7.245241e-03
-3.750000e-01	6.853200e-03
-3.725000e-01	6.803655e-03
-3.700000e-01	7.066544e-03
-3.675000e-01	7.522434e-03
-3.650000e-01	7.917872e-03
-3.625000e-01	7.959818e-03
-3.600000e-01	7.594567e-03
-3.575000e-01	7.068990e-03
-3.550000e-01	6.663659e-03
-3.525000e-01	6.531372e-03
-3.500000e-01	6.730529e-03
-3.475000e-01	7.280665e-03
-3.450000e-01	8.157536e-03
-3.425000e-01	9.214199e-03
-3.400000e-01	1.009119e-02
-3.375000e-01	1.035661e-02
-3.350000e-01	9.941743e-03
-3.325000e-01	9.243588e-03
-3.300000e-01	8.704872e-03
-3.275000e-01	8.537245e-03
-3.250000e-01	8.720594e-03
-3.225000e-01	9.023848e-03
-3.200000e-01	9.067064e-03
-3.175000e-01	8.610728e-03
-3.150000e-01	7.807215e-03
-3.125000e-01	6.994161e-03
-3.100000e-01	6.396599e-03
-3.075000e-01	6.091873e-03
-3.050000e-01	6.086857e-03
-3.025000e-01	6.359175e-03
-3.000000e-01	6.839016e-03
-2.975000e-01	7.361898e-03
-2.950000e-01	7.704826e-03
-2.925000e-01	7.792355e-03
-2.900000e-01	7.806808e-03
-2.875000e-01	7.987808e-03
-2.850000e-01	8.412935e-03
-2.825000e-01	8.920495e-03
-2.800000e-01	9.170532e-03
-2.775000e-01	8.945169e-03
-2.750000e-01	8.413185e-03
-2.725000e-01	7.934213e-03
-2.700000e-01	7.754865e-03
-2.675000e-01	7.946739e-03
-2.650000e-01	8.424397e-03
-2.625000e-01	8.915745e-03
-2.600000e-01	9.026753e-03
-2.575000e-01	8.569042e-03
-2.550000e-01	7.768371e-03
-2.525000e-01	6.989578e-03
-2.500000e-01	6.451961e-03
-2.475000e-01	6.221751e-03
-2.450000e-01	6.285880e-03
-2.425000e-01	6.570824e-03
-2.400000e-01	6.916795e-03
-2.375000e-01	7.118172e-03
-2.350000e-01	7.107926e-03
-2.325000e-01	7.050246e-03
-2.300000e-01	7.172937e-03
-2.275000e-01	7.606999e-03
-2.250000e-01	8.339913e-03
-2.225000e-01	9.163281e-03
-2.200000e-01	9.661891e-03
-2.175000e-01	9.489355e-03
-2.150000e-01	8.753460e-03
-2.125000e-01	7.883388e-03
-2.100000e-01	7.218078e-03
-2.075000e-01	6.883100e-03
-2.050000e-01	6.854153e-03
-2.025000e-01	6.990678e-03
-2.000000e-01	7.062190e-03
-1.975000e-01	6.903104e-03
-1.950000e-01	6.585518e-03
-1.925000e-01	6.326005e-03
-1.900000e-01	6.290604e-03
-1.875000e-01	6.541228e-03
-1.850000e-01	7.041368e-03
-1.825000e-01	7.622937e-03
-1.800000e-01	7.991288e-03
-1.775000e-01	7.940752e-03
-1.750000e-01	7.597677e-03
-1.725000e-01	7.280503e-03
-1.700000e-01	7.216795e-03
-1.675000e-01	7.455811e-03
-1.650000e-01	7.865301e-03
-1.625000e-01	8.139344e-03
-1.600000e-01	7.980540e-03
-1.575000e-01	7.407356e-03
-1.550000e-01	6.718028e-03
-1.525000e-01	6.180346e-03
-1.500000e-01	5.906887e-03
-1.475000e-01	5.897832e-03
-1.450000e-01	6.075297e-03
-1.425000e-01	6.298610e-03
-1.400000e-01	6.454742e-03
-1.375000e-01	6.584288e-03
-1.350000e-01	6.829104e-03
-1.325000e-01	7.248515e-03
-1.300000e-01	7.702627e-03
-1.275000e-01	7.891988e-03
-1.250000e-01	7.631660e-03
-1.225000e-01	7.079113e-03
-1.200000e-01	6.544221e-03
-1.175000e-01	6.214644e-03
-1.150000e-01	6.100297e-03
-1.125000e-01	6.083223e-03
-1.100000e-01	6.024683e-03
-1.075000e-01	5.913630e-03
-1.050000e-01	5.869142e-03
-1.025000e-01	5.988740e-03
-1.000000e-01	6.242436e-03
-9.750000e-02	6.470595e-03
-9.500000e-02	6.517372e-03
-9.250000e-02	6.416269e-03
-9.000000e-02	6.339743e-03
-8.750000e-02	6.376473e-03
-8.500000e-02	6.427715e-03
-8.250000e-02	6.305019e-03
-8.000000e-02	5.961030e-03
-7.750000e-02	5.555097e-03
-7.500000e-02	5.271731e-03
-7.250000e-02	5.193008e-03
-7.000000e-02	5.296039e-03
-6.750000e-02	5.483703e-03
-6.500000e-02	5.655787e-03
-6.250000e-02	5.782674e-03
-6.000000e-02	5.844637e-03
-5.750000e-02	5.756560e-03
-5.500000e-02	5.484210e-03
-5.250000e-02	5.146870e-03
-5.000000e-02	4.898197e-03
-4.750000e-02	4.794347e-03
-4.500000e-02	4.786158e-03
-4.250000e-02	4.794267e-03
-4.000000e-02	4.792459e-03
-3.750000e-02	4.782287e-03
-3.500000e-02	4.728018e-03
-3.250000e-02	4.600701e-03
-3.000000e-02	4.421163e-03
-2.750000e-02	4.218578e-03
-2.500000e-02	4.028164e-03
-2.250000e-02	3.893481e-03
-2.000000e-02	3.810619e-03
-1.750000e-02	3.713050e-03
-1.500000e-02	3.544289e-03
-1.250000e-02	3.317757e-03
-1.000000e-02	3.080399e-03
-7.500000e-03	2.849936e-03
-5.000000e-03	2.609695e-03
-2.500000e-03	2.350375e-03
-6.394885e-14	2.088008e-03
2.500000e-03	1.846813e-03
5.000000e-03	1.642065e-03
7.500000e-03	1.476745e-03
1.000000e-02	1.346141e-03
1.250000e-02	1.243168e-03
1.500000e-02	1.161283e-03
1.750000e-02	1.095332e-03
2.000000e-02	1.041493e-03
2.250000e-02	9.969769e-04
2.500000e-02	9.597481e-04
2.750000e-02	9.283051e-04
3.000000e-02	9.015254e-04
3.250000e-02	8.785572e-04
3.500000e-02	8.587451e-04
3.750000e-02	8.415775e-04
4.000000e-02	8.266499e-04
4.250000e-02	8.136387e-04
4.500000e-02	8.022822e-04
4.750000e-02	7.923666e-04
5.000000e-02	7.837155e-04
5.250000e-02	7.761823e-04
5.500000e-02	7.696441e-04
5.750000e-02	7.639974e-04
6.000000e-02	7.591541e-04
6.250000e-02	7.550390e-04
6.500000e-02	7.515876e-04
6.750000e-02	7.487441e-04
7.000000e-02	7.464603e-04
7.250000e-02	7.446943e-04
7.500000e-02	7.434093e-04
7.750000e-02	7.425734e-04
8.000000e-02	7.421582e-04
8.250000e-02	7.421391e-04
8.500000e-02	7.424942e-04
8.750000e-02	7.432042e-04
9.000000e-02	7.442519e-04
9.250000e-02	7.456224e-04
9.500000e-02	7.473023e-04
9.750000e-02	7.492798e-04
1.000000e-01	7.515444e-04
1.025000e-01	7.540869e-04
1.050000e-01	7.568994e-04
1.075000e-01	7.599746e-04
1.100000e-01	7.633065e-04
1.125000e-01	7.668896e-04
1.150000e-01	7.707194e-04
1.175000e-01	7.747920e-04
1.200000e-01	7.791040e-04
1.225000e-01	7.836528e-04
1.250000e-01	7.884363e-04
1.275000e-01	7.934529e-04
1.300000e-01	7.987013e-04
1.325000e-01	8.041808e-04
1.350000e-01	8.098913e-04
1.375000e-01	8.158329e-04
1.400000e-01	8.220060e-04
1.425000e-01	8.284116e-04
1.450000e-01	8.350509e-04
1.475000e-01	8.419255e-04
1.500000e-01	8.490374e-04
1.525000e-01	8.563888e-04
1.550000e-01	8.639823e-04
1.575000e-01	8.718209e-04
1.600000e-01	8.799077e-04
1.625000e-01	8.882463e-04
1.650000e-01	8.968405e-04
1.675000e-01	9.056946e-04
1.700000e-01	9.148130e-04
1.725000e-01	9.242004e-04
1.750000e-01	9.338622e-04
1.775000e-01	9.438035e-04
1.800000e-01	9.540304e-04
1.825000e-01	9.645488e-04
1.850000e-01	9.753653e-04
1.875000e-01	9.864866e-04
1.900000e-01	9.979200e-04
1.925000e-01	1.009673e-03
1.950000e-01	1.021753e-03
1.975000e-01	1.034170e-03
2.000000e-01	1.046931e-03
2.025000e-01	1.060046e-03
2.050000e-01	1.073524e-03
2.075000e-01	1.087375e-03
2.100000e-01	1.101611e-03
2.125000e-01	1.116242e-03
2.150000e-01	1.131279e-03
2.175000e-01	1.146736e-03
2.200000e-01	1.162623e-03
2.225000e-01	1.178956e-03
2.250000e-01	1.195747e-03
2.275000e-01	1.213011e-03
2.300000e-01	1.230763e-03
2.325000e-01	1.249020e-03
2.350000e-01	1.267797e-03
2.375000e-01	1.287113e-03
2.400000e-01	1.306986e-03
2.425000e-01	1.327434e-03
2.450000e-01	1.348478e-03
2.475000e-01	1.370139e-03
2.500000e-01	1.392438e-03
2.525000e-01	1.415400e-03
2.550000e-01	1.439047e-03
2.575000e-01	1.463407e-03
2.600000e-01	1.488504e-03
2.625000e-01	1.514367e-03
2.650000e-01	1.541026e-03
2.675000e-01	1.568512e-03
2.700000e-01	1.596856e-03
2.725000e-01	1.626094e-03
2.750000e-01	1.656261e-03
2.775000e-01	1.687394e-03
2.800000e-01	1.719534e-03
2.825000e-01	1.752723e-03
2.850000e-01	1.787004e-03
2.875000e-01	1.822425e-03
2.900000e-01	1.859035e-03
2.925000e-01	1.896885e-03
2.950000e-01	1.936030e-03
2.975000e-01	1.976529e-03
3.000000e-01	2.018442e-03
3.025000e-01	2.061835e-03
3.050000e-01	2.106776e-03
3.075000e-01	2.153338e-03
3.100000e-01	2.201598e-03
3.125000e-01	2.251638e-03
3.150000e-01	2.303544e-03
3.175000e-01	2.357410e-03
3.200000e-01	2.413332e-03
3.225000e-01	2.471416e-03
3.250000e-01	2.531772e-03
3.275000e-01	2.594518e-03
3.300000e-01	2.659782e-03
3.325000e-01	2.727697e-03
3.350000e-01	2.798408e-03
3.375000e-01	2.872067e-03
3.400000e-01	2.948840e-03
3.425000e-01	3.028903e-03
3.450000e-01	3.112444e-03
3.475000e-01	3.199667e-03
3.500000e-01	3.290788e-03
3.525000e-01	3.386042e-03
3.550000e-01	3.485680e-03
3.575000e-01	3.589974e-03
3.600000e-01	3.699217e-03
3.625000e-01	3.813723e-03
3.650000e-01	3.933836e-03
3.675000e-01	4.059924e-03
3.700000e-01	4.192389e-03
3.725000e-01	4.331665e-03
3.750000e-01	4.478226e-03
3.775000e-01	4.632585e-03
3.800000e-01	4.795303e-03
3.825000e-01	4.966991e-03
3.850000e-01	5.148320e-03
3.875000e-01	5.340020e-03
3.900000e-01	5.542895e-03
3.925000e-01	5.757826e-03
3.950000e-01	5.985785e-03
3.975000e-01	6.227842e-03
4.000000e-01	6.485179e-03
4.025000e-01	6.759104e-03
4.050000e-01	7.051068e-03
4.075000e-01	7.362686e-03
4.100000e-01	7.695753e-03
4.125000e-01	8.052277e-03
4.150000e-01	8.434504e-03
4.175000e-01	8.844955e-03
4.200000e-01	9.286467e-03
4.225000e-01	9.762240e-03
4.250000e-01	1.027590e-02
4.275000e-01	1.083155e-02
4.300000e-01	1.143388e-02
4.325000e-01	1.208825e-02
4.350000e-01	1.280078e-02
4.375000e-01	1.357855e-02
4.400000e-01	1.442972e-02
4.425000e-01	1.536377e-02
4.450000e-01	1.639173e-02
4.475000e-01	1.752656e-02
4.500000e-01	1.878346e-02
4.525000e-01	2.018046e-02
4.550000e-01	2.173899e-02
4.575000e-01	2.348471e-02
4.600000e-01	2.544851e-02
4.625000e-01	2.766787e-02
4.650000e-01	3.018856e-02
4.675000e-01	3.306696e-02
4.700000e-01	3.637301e-02
4.725000e-01	4.019436e-02
4.750000e-01	4.464182e-02
4.775000e-01	4.985699e-02
4.800000e-01	5.602280e-02
4.825000e-01	6.337839e-02
4.850000e-01	7.224034e-02
4.875000e-01	8.303332e-02
4.900000e-01	9.633498e-02
4.925000e-01	1.129421e-01
4.950000e-01	1.339682e-01
4.975000e-01	1.609877e-01
5.000000e-01	1.962399e-01
5.025000e-01	2.428947e-01
5.050000e-01	3.053095e-01
5.075000e-01	3.889618e-01
5.100000e-01	4.990469e-01
5.125000e-01	6.353093e-01
5.150000e-01	7.802518e-01
5.175000e-01	8.875875e-01
5.200000e-01	9.016426e-01
5.225000e-01	8.137019e-01
5.250000e-01	6.728427e-01
5.275000e-01	5.316593e-01
5.300000e-01	4.144336e-01
5.325000e-01	3.244366e-01
5.350000e-01	2.571458e-01
5.375000e-01	2.069283e-01
5.400000e-01	1.691068e-01
5.425000e-01	1.402282e-01
5.450000e-01	1.178424e-01
5.475000e-01	1.002272e-01
5.500000e-01	8.616711e-02
5.525000e-01	7.479525e-02
5.550000e-01	6.548533e-02
5.575000e-01	5.777852e-02
5.600000e-01	5.133401e-02
5.625000e-01	4.589520e-02
5.650000e-01	4.126642e-02
5.675000e-01	3.729666e-02
5.700000e-01	3.386805e-02
5.725000e-01	3.088762e-02
5.750000e-01	2.828134e-02
5.775000e-01	2.598968e-02
5.800000e-01	2.396442e-02
5.825000e-01	2.216613e-02
5.850000e-01	2.056238e-02
5.875000e-01	1.912628e-02
5.900000e-01	1.783539e-02
5.925000e-01	1.667091e-02
5.950000e-01	1.561693e-02
5.975000e-01	1.465999e-02
6.000000e-01	1.378859e-02
6.025000e-01	1.299287e-02
6.050000e-01	1.226437e-02
6.075000e-01	1.159574e-02
6.100000e-01	1.098063e-02
6.125000e-01	1.041350e-02
6.150000e-01	9.889507e-03
6.175000e-01	9.404398e-03
6.200000e-01	8.954433e-03
6.225000e-01	8.536310e-03
6.250000e-01	8.147102e-03
6.275000e-01	7.784214e-03
6.300000e-01	7.445331e-03
6.325000e-01	7.128389e-03
6.350000e-01	6.831540e-03
6.375000e-01	6.553125e-03
6.400000e-01	6.291655e-03
6.425000e-01	6.045785e-03
6.450000e-01	5.814303e-03
6.475000e-01	5.596111e-03
6.500000e-01	5.390214e-03
6.525000e-01	5.195708e-03
6.550000e-01	5.011771e-03
6.575000e-01	4.837653e-03
6.600000e-01	4.672670e-03
6.625000e-01	4.516196e-03
6.650000e-01	4.367657e-03
6.675000e-01	4.226529e-03
6.700000e-01	4.092328e-03
6.725000e-01	3.964610e-03
6.750000e-01	3.842965e-03
6.775000e-01	3.727017e-03
6.800000e-01	3.616416e-03
6.825000e-01	3.510840e-03
6.850000e-01	3.409991e-03
6.875000e-01	3.313592e-03
6.900000e-01	3.221386e-03
6.925000e-01	3.133136e-03
6.950000e-01	3.048619e-03
6.975000e-01	2.967629e-03
7.000000e-01	2.889974e-03
7.025000e-01	2.815475e-03
7.050000e-01	2.743963e-03
7.075000e-01	2.675283e-03
7.100000e-01	2.609288e-03
7.125000e-01	2.545841e-03
7.150000e-01	2.484814e-03
7.175000e-01	2.426086e-03
7.200000e-01	2.369545e-03
7.225000e-01	2.315084e-03
7.250000e-01	2.262604e-03
7.275000e-01	2.212011e-03
7.300000e-01	2.163217e-03
7.325000e-01	2.116139e-03
7.350000e-01	2.070697e-03
7.375000e-01	2.026819e-03
7.400000e-01	1.984434e-03
7.425000e-01	1.943477e-03
7.450000e-01	1.903886e-03
7.475000e-01	1.865600e-03
7.500000e-01	1.828565e-03
7.525000e-01	1.792729e-03
7.550000e-01	1.758040e-03
7.575000e-01	1.724451e-03
7.600000e-01	1.691918e-03
7.625000e-01	1.660398e-03
7.650000e-01	1.629851e-03
7.675000e-01	1.600238e-03
7.700000e-01	1.571522e-03
7.725000e-01	1.543668e-03
7.750000e-01	1.516645e-03
7.775000e-01	1.490419e-03
7.800000e-01	1.464962e-03
7.825000e-01	1.440244e-03
7.850000e-01	1.416239e-03
7.875000e-01	1.392921e-03
7.900000e-01	1.370264e-03
7.925000e-01	1.348246e-03
7.950000e-01	1.326843e-03
7.975000e-01	1.306035e-03
8.000000e-01	1.285801e-03
8.025000e-01	1.266120e-03
8.050000e-01	1.246975e-03
8.075000e-01	1.228348e-03
8.100000e-01	1.210221e-03
8.125000e-01	1.192577e-03
8.150000e-01	1.175402e-03
8.175000e-01	1.158680e-03
8.200000e-01	1.142396e-03
8.225000e-01	1.126538e-03
8.250000e-01	1.111091e-03
8.275000e-01	1.096043e-03
8.300000e-01	1.081382e-03
8.325000e-01	1.067097e-03
8.350000e-01	1.053175e-03
8.375000e-01	1.039607e-03
8.400000e-01	1.026382e-03
8.425000e-01	1.013491e-03
8.450000e-01	1.000923e-03
8.475000e-01	9.886701e-04
8.500000e-01	9.767232e-04
8.525000e-01	9.650740e-04
8.550000e-01	9.537145e-04
8.575000e-01	9.426371e-04
8.600000e-01	9.318343e-04
8.625000e-01	9.212991e-04
8.650000e-01	9.110246e-04
8.675000e-01	9.010044e-04
8.700000e-01	8.912323e-04
8.725000e-01	8.817021e-04
8.750000e-01	8.724082e-04
8.775000e-01	8.633451e-04
8.800000e-01	8.545074e-04
8.825000e-01	8.458902e-04
8.850000e-01	8.374886e-04
8.875000e-01	8.292980e-04
8.900000e-01	8.213139e-04
8.925000e-01	8.135322e-04
8.950000e-01	8.059488e-04
8.975000e-01	7.985600e-04
9.000000e-01	7.913620e-04
9.025000e-01	7.843513e-04
9.050000e-01	7.775248e-04
9.075000e-01	7.708793e-04
9.100000e-01	7.644119e-04
9.125000e-01	7.581198e-04
9.150000e-01	7.520004e-04
9.175000e-01	7.460514e-04
9.200000e-01	7.402703e-04
9.225000e-01	7.346553e-04
9.250000e-01	7.292043e-04
9.275000e-01	7.239156e-04
9.300000e-01	7.187876e-04
9.325000e-01	7.138189e-04
9.350000e-01	7.090083e-04
9.375000e-01	7.043548e-04
9.400000e-01	6.998574e-04
9.425000e-01	6.955155e-04
9.450000e-01	6.913286e-04
9.475000e-01	6.872964e-04
9.500000e-01	6.834188e-04
9.525000e-01	6.796959e-04
9.550000e-01	6.761281e-04
9.575000e-01	6.727159e-04
9.600000e-01	6.694601e-04
9.625000e-01	6.663619e-04
9.650000e-01	6.634225e-04
9.675000e-01	6.606437e-04
9.700000e-01	6.580273e-04
9.725000e-01	6.555756e-04
9.750000e-01	6.532912e-04
9.775000e-01	6.511773e-04
9.800000e-01	6.492370e-04
9.825000e-01	6.474745e-04
9.850000e-01	6.458938e-04
9.875000e-01	6.445001e-04
9.900000e-01	6.432986e-04
9.925000e-01	6.422955e-04
9.950000e-01	6.414976e-04
9.975000e-01	6.409124e-04
1.000000e+00	6.405484e-04
1.002500e+00	6.404148e-04
1.005000e+00	6.405221e-04
1.007500e+00	6.408819e-04
1.010000e+00	6.415071e-04
1.012500e+00	6.424121e-04
1.015000e+00	6.436131e-04
1.017500e+00	6.451282e-04
1.020000e+00	6.469775e-04
1.022500e+00	6.491838e-04
1.025000e+00	6.517728e-04
1.027500e+00	6.547735e-04
1.030000e+00	6.582187e-04
1.032500e+00	6.621457e-04
1.035000e+00	6.665973e-04
1.037500e+00	6.716223e-04
1.040000e+00	6.772769e-04
1.042500e+00	6.836263e-04
1.045000e+00	6.907461e-04
1.047500e+00	6.987246e-04
1.050000e+00	7.076660e-04
1.052500e+00	7.176933e-04
1.055000e+00	7.289533e-04
1.057500e+00	7.416225e-04
1.060000e+00	7.559148e-04
1.062500e+00	7.720919e-04
1.065000e+00	7.904772e-04
1.067500e+00	8.114751e-04
1.070000e+00	8.355968e-04
1.072500e+00	8.634978e-04
1.075000e+00	8.960293e-04
1.077500e+00	9.343140e-04
1.080000e+00	9.798538e-04
1.082500e+00	1.034686e-03
1.085000e+00	1.101600e-03
1.087500e+00	1.184425e-03
1.090000e+00	1.288320e-03
1.092500e+00	1.419829e-03
1.095000e+00	1.585971e-03
1.097500e+00	1.791145e-03
1.100000e+00	2.031740e-03
1.102500e+00	2.293130e-03
1.105000e+00	2.555415e-03
1.107500e+00	2.804893e-03
1.110000e+00	3.036791e-03
1.112500e+00	3.245887e-03
1.115000e+00	3.428132e-03
1.117500e+00	3.598419e-03
1.120000e+00	3.772536e-03
1.122500e+00	3.929836e-03
1.125000e+00	4.050149e-03
1.127500e+00	4.157683e-03
1.130000e+00	4.274933e-03
1.132500e+00	4.398249e-03
1.135000e+00	4.532745e-03
1.137500e+00	4.667586e-03
1.140000e+00	4.748909e-03
1.142500e+00	4.764925e-03
1.145000e+00	4.796744e-03
1.147500e+00	4.917318e-03
1.150000e+00	5.095134e-03
1.152500e+00	5.227113e-03
1.155000e+00	5.272696e-03
1.157500e+00	5.295133e-03
1.160000e+00	5.336272e-03
1.162500e+00	5.359998e-03
1.165000e+00	5.358892e-03
1.167500e+00	5.413947e-03
1.170000e+00	5.590193e-03
1.172500e+00	5.828477e-03
1.175000e+00	5.964921e-03
1.177500e+00	5.904445e-03
1.180000e+00	5.750471e-03
1.182500e+00	5.679785e-03
1.185000e+00	5.767764e-03
1.187500e+00	5.943582e-03
1.190000e+00	6.062753e-03
1.192500e+00	6.074466e-03
1.195000e+00	6.088423e-03
1.197500e+00	6.222646e-03
1.200000e+00	6.448944e-03
1.202500e+00	6.587010e-03
1.205000e+00	6.480777e-03
1.207500e+00	6.198863e-03
1.210000e+00	5.959090e-03
1.212500e+00	5.928245e-03
1.215000e+00	6.155967e-03
1.217500e+00	6.572618e-03
1.220000e+00	6.974866e-03
1.222500e+00	7.109634e-03
1.225000e+00	6.918270e-03
1.227500e+00	6.610454e-03
1.230000e+00	6.430502e-03
1.232500e+00	6.477815e-03
1.235000e+00	6.683277e-03
1.237500e+00	6.850121e-03
1.240000e+00	6.811531e-03
1.242500e+00	6.621705e-03
1.245000e+00	6.492513e-03
1.247500e+00	6.588417e-03
1.250000e+00	6.936695e-03
1.252500e+00	7.403554e-03
1.255000e+00	7.708257e-03
1.257500e+00	7.619002e-03
1.260000e+00	7.211883e-03
1.262500e+00	6.778942e-03
1.265000e+00	6.549894e-03
1.267500e+00	6.598627e-03
1.270000e+00	6.861204e-03
1.272500e+00	7.150822e-03
1.275000e+00	7.258545e-03
1.277500e+00	7.166181e-03
1.280000e+00	7.072973e-03
1.282500e+00	7.178570e-03
1.285000e+00	7.527765e-03
1.287500e+00	7.965394e-03
1.290000e+00	8.178819e-03
1.292500e+00	7.949282e-03
1.295000e+00	7.402723e-03
1.297500e+00	6.854988e-03
1.300000e+00	6.534306e-03
1.302500e+00	6.529997e-03
1.305000e+00	6.844027e-03
1.307500e+00	7.393479e-03
1.310000e+00	7.959875e-03
1.312500e+00	8.229092e-03
1.315000e+00	8.058952e-03
1.317500e+00	7.654852e-03
1.320000e+00	7.341346e-03
1.322500e+00	7.313382e-03
1.325000e+00	7.596683e-03
1.327500e+00	8.050302e-03
1.330000e+00	8.368945e-03
1.332500e+00	8.262952e-03
1.335000e+00	7.760382e-03
1.337500e+00	7.165010e-03
1.340000e+00	6.750538e-03
1.342500e+00	6.644656e-03
1.345000e+00	6.879079e-03
1.347500e+00	7.421022e-03
1.350000e+00	8.129799e-03
1.352500e+00	8.704667e-03
1.355000e+00	8.826148e-03
1.357500e+00	8.488336e-03
1.360000e+00	8.016414e-03
1.362500e+00	7.729635e-03
1.365000e+00	7.752970e-03
1.367500e+00	8.012122e-03
1.370000e+00	8.254937e-03
1.372500e+00	8.190021e-03
1.375000e+00	7.773080e-03
1.377500e+00	7.249266e-03
1.380000e+00	6.886666e-03
1.382500e+00	6.827673e-03
1.385000e+00	7.118399e-03
1.387500e+00	7.739539e-03
1.390000e+00	8.561054e-03
1.392500e+00	9.265973e-03
1.395000e+00	9.455154e-03
1.397500e+00	9.027435e-03
1.400000e+00	8.307518e-03
1.402500e+00	7.691399e-03
1.405000e+00	7.394064e-03
1.407500e+00	7.470746e-03
1.410000e+00	7.868871e-03
1.412500e+00	8.401104e-03
1.415000e+00	8.732028e-03
1.417500e+00	8.586596e-03
1.420000e+00	8.045753e-03
1.422500e+00	7.443869e-03
1.425000e+00	7.053134e-03
1.427500e+00	6.995105e-03
1.430000e+00	7.302473e-03
1.432500e+00	7.949397e-03
1.435000e+00	8.799392e-03
1.437500e+00	9.526209e-03
1.440000e+00	9.725900e-03
1.442500e+00	9.306396e-03
1.445000e+00	8.607121e-03
1.447500e+00	8.031332e-03
1.450000e+00	7.789093e-03
1.452500e+00	7.907667e-03
1.455000e+00	8.263309e-03
1.457500e+00	8.574260e-03
1.460000e+00	8.529369e-03
1.462500e+00	8.086944e-03
1.465000e+00	7.513532e-03
1.467500e+00	7.096208e-03
1.470000e+00	6.986744e-03
1.472500e+00	7.239889e-03
1.475000e+00	7.860782e-03
1.477500e+00	8.777664e-03
1.480000e+00	9.743157e-03
1.482500e+00	1.030655e-02
1.485000e+00	1.012094e-02
1.487500e+00	9.337792e-03
1.490000e+00	8.427135e-03
1.492500e+00	7.746349e-03
1.495000e+00	7.438405e-03
1.497500e+00	7.523689e-03
1.500000e+00	7.949444e-03
1.502500e+00	8.548959e-03
1.505000e+00	8.995500e-03
1.507500e+00	8.963923e-03
1.510000e+00	8.463934e-03
1.512500e+00	7.825774e-03
1.515000e+00	7.364033e-03
1.517500e+00	7.232475e-03
1.520000e+00	7.477535e-03
1.522500e+00	8.083483e-03
1.525000e+00	8.933384e-03
1.527500e+00	9.722628e-03
1.530000e+00	1.002586e-02
1.532500e+00	9.674946e-03
1.535000e+00	8.967745e-03
1.537500e+00	8.335722e-03
1.540000e+00	8.034521e-03
1.542500e+00	8.135720e-03
1.545000e+00	8.576579e-03
1.547500e+00	9.131051e-03
1.550000e+00	9.412433e-03
1.552500e+00	9.134111e-03
1.555000e+00	8.418824e-03
1.557500e+00	7.637863e-03
1.560000e+00	7.068247e-03
1.562500e+00	6.821938e-03
1.565000e+00	6.929861e-03
1.567500e+00	7.402404e-03
1.570000e+00	8.226555e-03
1.572500e+00	9.293292e-03
1.575000e+00	1.028365e-02
1.577500e+00	1.071347e-02
1.580000e+00	1.034629e-02
1.582500e+00	9.484043e-03
1.585000e+00	8.623480e-03
1.587500e+00	8.074034e-03
1.590000e+00	7.937066e-03
1.592500e+00	8.193288e-03
1.595000e+00	8.708507e-03
1.597500e+00	9.182736e-03
1.600000e+00	9.243063e-03
1.602500e+00	8.780177e-03
1.605000e+00	8.069394e-03
1.607500e+00	7.458573e-03
1.610000e+00	7.141769e-03
1.612500e+00	7.186307e-03
1.615000e+00	7.605162e-03
1.617500e+00	8.363356e-03
1.620000e+00	9.304294e-03
1.622500e+00	1.006497e-02
1.625000e+00	1.021961e-02
1.627500e+00	9.703639e-03
1.630000e+00	8.899775e-03
1.632500e+00	8.231225e-03
1.635000e+00	7.919618e-03
1.637500e+00	8.032232e-03
1.640000e+00	8.552992e-03
1.642500e+00	9.357509e-03
1.645000e+00	1.012184e-02
1.647500e+00	1.037281e-02
1.650000e+00	9.880153e-03
1.652500e+00	8.920522e-03
1.655000e+00	7.945870e-03
1.657500e+00	7.229684e-03
1.660000e+00	6.859827e-03
1.662500e+00	6.847400e-03
1.665000e+00	7.188271e-03
1.667500e+00	7.860183e-03
1.670000e+00	8.757710e-03
1.672500e+00	9.596831e-03
1.675000e+00	9.969962e-03
1.677500e+00	9.708810e-03
1.680000e+00	9.101150e-03
1.682500e+00	8.576970e-03
1.685000e+00	8.400484e-03
1.687500e+00	8.656370e-03
1.690000e+00	9.293862e-03
1.692500e+00	1.008080e-02
1.695000e+00	1.056862e-02
1.697500e+00	1.035222e-02
1.700000e+00	9.496059e-03
1.702500e+00	8.440158e-03
1.705000e+00	7.555792e-03
1.707500e+00	6.997397e-03
1.710000e+00	6.795907e-03
1.712500e+00	6.949979e-03
1.715000e+00	7.454494e-03
1.717500e+00	8.270190e-03
1.720000e+00	9.233517e-03
1.722500e+00	9.975877e-03
1.725000e+00	1.009109e-02
1.727500e+00	9.555455e-03
1.730000e+00	8.766505e-03
1.732500e+00	8.131433e-03
1.735000e+00	7.855775e-03
1.737500e+00	8.003089e-03
1.740000e+00	8.566570e-03
1.742500e+00	9.446364e-03
1.745000e+00	1.034943e-02
1.747500e+00	1.079030e-02
1.750000e+00	1.045080e-02
1.752500e+00	9.544116e-03
1.755000e+00	8.556635e-03
1.757500e+00	7.825342e-03
1.760000e+00	7.474637e-03
1.762500e+00	7.520752e-03
1.765000e+00	7.925832e-03
1.767500e+00	8.562069e-03
1.770000e+00	9.138866e-03
1.772500e+00	9.282922e-03
1.775000e+00	8.876862e-03
1.777500e+00	8.198057e-03
1.780000e+00	7.608112e-03
1.782500e+00	7.314198e-03
1.785000e+00	7.393457e-03
1.787500e+00	7.871949e-03
1.790000e+00	8.741783e-03
1.792500e+00	9.893570e-03
1.795000e+00	1.099043e-02
1.797500e+00	1.149036e-02
1.800000e+00	1.108032e-02
1.802500e+00	1.004777e-02
1.805000e+00	8.941911e-03
1.807500e+00	8.120466e-03
1.810000e+00	7.706494e-03
1.812500e+00	7.707593e-03
1.815000e+00	8.071247e-03
1.817500e+00	8.645718e-03
1.820000e+00	9.119122e-03
1.822500e+00	9.140745e-03
1.825000e+00	8.659515e-03
1.827500e+00	7.980390e-03
1.830000e+00	7.435873e-03
1.832500e+00	7.200122e-03
1.835000e+00	7.333840e-03
1.837500e+00	7.851661e-03
1.840000e+00	8.719385e-03
1.842500e+00	9.769342e-03
1.845000e+00	1.060607e-02
1.847500e+00	1.076255e-02
1.850000e+00	1.016485e-02
1.852500e+00	9.228026e-03
1.855000e+00	8.410716e-03
1.857500e+00	7.949801e-03
1.860000e+00	7.916880e-03
1.862500e+00	8.311752e-03
1.865000e+00	9.065986e-03
1.867500e+00	9.955244e-03
1.870000e+00	1.053747e-02
1.872500e+00	1.039442e-02
1.875000e+00	9.572083e-03
1.877500e+00	8.515491e-03
1.880000e+00	7.614720e-03
1.882500e+00	7.037041e-03
1.885000e+00	6.817527e-03
1.887500e+00	6.953806e-03
1.890000e+00	7.435741e-03
1.892500e+00	8.213262e-03
1.895000e+00	9.107441e-03
1.897500e+00	9.751804e-03
1.900000e+00	9.796035e-03
1.902500e+00	9.288974e-03
1.905000e+00	8.632511e-03
1.907500e+00	8.191309e-03
1.910000e+00	8.141371e-03
1.912500e+00	8.533250e-03
1.915000e+00	9.330046e-03
1.917500e+00	1.034040e-02
1.920000e+00	1.112549e-02
1.922500e+00	1.117017e-02
1.925000e+00	1.038372e-02
1.927500e+00	9.200446e-03
1.930000e+00	8.097075e-03
1.932500e+00	7.306866e-03
1.935000e+00	6.884677e-03
1.937500e+00	6.825291e-03
1.940000e+00	7.117385e-03
1.942500e+00	7.736304e-03
1.945000e+00	8.578964e-03
1.947500e+00	9.367898e-03
1.950000e+00	9.696644e-03
1.952500e+00	9.380823e-03
1.955000e+00	8.685356e-03
1.957500e+00	8.026018e-03
1.960000e+00	7.661746e-03
1.962500e+00	7.689911e-03
1.965000e+00	8.129700e-03
1.967500e+00	8.936177e-03
1.970000e+00	9.921722e-03
1.972500e+00	1.067387e-02
1.975000e+00	1.074071e-02
1.977500e+00	1.009128e-02
1.980000e+00	9.156230e-03
1.982500e+00	8.375265e-03
1.985000e+00	7.964443e-03
1.987500e+00	7.979313e-03
1.990000e+00	8.389683e-03
1.992500e+00	9.056025e-03
1.995000e+00	9.653563e-03
1.997500e+00	9.757225e-03
2.000000e+00	9.218212e-03
2.002500e+00	8.330873e-03
2.005000e+00	7.489508e-03
2.007500e+00	6.912667e-03
2.010000e+00	6.667049e-03
2.012500e+00	6.764534e-03
2.015000e+00	7.211447e-03
2.017500e+00	8.002215e-03
2.020000e+00	9.053221e-03
2.022500e+00	1.008894e-02
2.025000e+00	1.064380e-02
2.027500e+00	1.042361e-02
2.030000e+00	9.659973e-03
2.032500e+00	8.847453e-03
2.035000e+00	8.330049e-03
2.037500e+00	8.240352e-03
2.040000e+00	8.588649e-03
2.042500e+00	9.279787e-03
2.045000e+00	1.003656e-02
2.047500e+00	1.039545e-02
2.050000e+00	1.003192e-02
2.052500e+00	9.118437e-03
2.055000e+00	8.103947e-03
2.057500e+00	7.306957e-03
2.060000e+00	6.844161e-03
2.062500e+00	6.734752e-03
2.065000e+00	6.976218e-03
2.067500e+00	7.556797e-03
2.070000e+00	8.407095e-03
2.072500e+00	9.300171e-03
2.075000e+00	9.824881e-03
2.077500e+00	9.668688e-03
2.080000e+00	8.975841e-03
2.082500e+00	8.178667e-03
2.085000e+00	7.605885e-03
2.087500e+00	7.395522e-03
2.090000e+00	7.587741e-03
2.092500e+00	8.187918e-03
2.095000e+00	9.147054e-03
2.097500e+00	1.025906e-02
2.100000e+00	1.107028e-02
2.102500e+00	1.109467e-02
2.105000e+00	1.031601e-02
2.107500e+00	9.208459e-03
2.110000e+00	8.238004e-03
2.112500e+00	7.622834e-03
2.115000e+00	7.412787e-03
2.117500e+00	7.586510e-03
2.120000e+00	8.058225e-03
2.122500e+00	8.612869e-03
2.125000e+00	8.898406e-03
2.127500e+00	8.669042e-03
2.130000e+00	8.057303e-03
2.132500e+00	7.410484e-03
2.135000e+00	6.982915e-03
2.137500e+00	6.880902e-03
2.140000e+00	7.138919e-03
2.142500e+00	7.765010e-03
2.145000e+00	8.714845e-03
2.147500e+00	9.792658e-03
2.150000e+00	1.057266e-02
2.152500e+00	1.061624e-02
2.155000e+00	9.936978e-03
2.157500e+00	8.991290e-03
2.160000e+00	8.212687e-03
2.162500e+00	7.806140e-03
2.165000e+00	7.826566e-03
2.167500e+00	8.260885e-03
2.170000e+00	9.013704e-03
2.172500e+00	9.814460e-03
2.175000e+00	1.020639e-02
2.177500e+00	9.868006e-03
2.180000e+00	8.971541e-03
2.182500e+00	7.965958e-03
2.185000e+00	7.170508e-03
2.187500e+00	6.702163e-03
2.190000e+00	6.579227e-03
2.192500e+00	6.796540e-03
2.195000e+00	7.336818e-03
2.197500e+00	8.121807e-03
2.200000e+00	8.920338e-03
2.202500e+00	9.349220e-03
2.205000e+00	9.166420e-03
2.207500e+00	8.559324e-03
2.210000e+00	7.931473e-03
2.212500e+00	7.567175e-03
2.215000e+00	7.584974e-03
2.217500e+00	8.017772e-03
2.220000e+00	8.838642e-03
2.222500e+00	9.890095e-03
2.225000e+00	1.077624e-02
2.227500e+00	1.097690e-02
2.230000e+00	1.032790e-02
2.232500e+00	9.215908e-03
2.235000e+00	8.137301e-03
2.237500e+00	7.359980e-03
2.240000e+00	6.958467e-03
2.242500e+00	6.932314e-03
2.245000e+00	7.258096e-03
2.247500e+00	7.865702e-03
2.250000e+00	8.557101e-03
2.252500e+00	8.974321e-03
2.255000e+00	8.826894e-03
2.257500e+00	8.212689e-03
2.260000e+00	7.498636e-03
2.262500e+00	6.976188e-03
2.265000e+00	6.770639e-03
2.267500e+00	6.918583e-03
2.270000e+00	7.425357e-03
2.272500e+00	8.251781e-03
2.275000e+00	9.229275e-03
2.277500e+00	9.981481e-03
2.280000e+00	1.009894e-02
2.282500e+00	9.564928e-03
2.285000e+00	8.787228e-03
2.287500e+00	8.178736e-03
2.290000e+00	7.944137e-03
2.292500e+00	8.131497e-03
2.295000e+00	8.680188e-03
2.297500e+00	9.372059e-03
2.300000e+00	9.795173e-03
2.302500e+00	9.579571e-03
2.305000e+00	8.784333e-03
2.307500e+00	7.810159e-03
2.310000e+00	6.994396e-03
2.312500e+00	6.476891e-03
2.315000e+00	6.285213e-03
2.317500e+00	6.417578e-03
2.320000e+00	6.868569e-03
2.322500e+00	7.601174e-03
2.325000e+00	8.464753e-03
2.327500e+00	9.123419e-03
2.330000e+00	9.211855e-03
2.332500e+00	8.714430e-03
2.335000e+00	7.992098e-03
2.337500e+00	7.409513e-03
2.340000e+00	7.149840e-03
2.342500e+00	7.273924e-03
2.345000e+00	7.794083e-03
2.347500e+00	8.670795e-03
2.350000e+00	9.723362e-03
2.352500e+00	1.053316e-02
2.355000e+00	1.061276e-02
2.357500e+00	9.889306e-03
2.360000e+00	8.791186e-03
2.362500e+00	7.780446e-03
2.365000e+00	7.083761e-03
2.367500e+00	6.756626e-03
2.370000e+00	6.790851e-03
2.372500e+00	7.148299e-03
2.375000e+00	7.719966e-03
2.377500e+00	8.253408e-03
2.380000e+00	8.408422e-03
2.382500e+00	8.055512e-03
2.385000e+00	7.428577e-03
2.387500e+00	6.858342e-03
2.390000e+00	6.539934e-03
2.392500e+00	6.544408e-03
2.395000e+00	6.890763e-03
2.397500e+00	7.564737e-03
2.400000e+00	8.464655e-03
2.402500e+00	9.306875e-03
2.405000e+00	9.672794e-03
2.407500e+00	9.371333e-03
2.410000e+00	8.676877e-03
2.412500e+00	8.022324e-03
2.415000e+00	7.676964e-03
2.417500e+00	7.732570e-03
2.420000e+00	8.169603e-03
2.422500e+00	8.839879e-03
2.425000e+00	9.401242e-03
2.427500e+00	9.431272e-03
2.430000e+00	8.816766e-03
2.432500e+00	7.876378e-03
2.435000e+00	6.994568e-03
2.437500e+00	6.370577e-03
2.440000e+00	6.057030e-03
2.442500e+00	6.054581e-03
2.445000e+00	6.355377e-03
2.447500e+00	6.931958e-03
2.450000e+00	7.674009e-03
2.452500e+00	8.312162e-03
2.455000e+00	8.502606e-03
2.457500e+00	8.154882e-03
2.460000e+00	7.548980e-03
2.462500e+00	7.031863e-03
2.465000e+00	6.799242e-03
2.467500e+00	6.922945e-03
2.470000e+00	7.419998e-03
2.472500e+00	8.253484e-03
2.475000e+00	9.250109e-03
2.477500e+00	1.001201e-02
2.480000e+00	1.008363e-02
2.482500e+00	9.407954e-03
2.485000e+00	8.395564e-03
2.487500e+00	7.481261e-03
2.490000e+00	6.877477e-03
2.492500e+00	6.635612e-03
2.495000e+00	6.739300e-03
2.497500e+00	7.118726e-03
2.500000e+00	7.596567e-03
2.502500e+00	7.867559e-03
2.505000e+00	7.690412e-03
2.507500e+00	7.147791e-03
2.510000e+00	6.539795e-03
2.512500e+00	6.101732e-03
2.515000e+00	5.933697e-03
2.517500e+00	6.064851e-03
2.520000e+00	6.499470e-03
2.522500e+00	7.204297e-03
2.525000e+00	8.036716e-03
2.527500e+00	8.681131e-03
2.530000e+00	8.800808e-03
2.532500e+00	8.393397e-03
2.535000e+00	7.807701e-03
2.537500e+00	7.391879e-03
2.540000e+00	7.319301e-03
2.542500e+00	7.627261e-03
2.545000e+00	8.240788e-03
2.547500e+00	8.914224e-03
2.550000e+00	9.229589e-03
2.552500e+00	8.888173e-03
2.555000e+00	8.038161e-03
2.557500e+00	7.081911e-03
2.560000e+00	6.305896e-03
2.562500e+00	5.812080e-03
2.565000e+00	5.611187e-03
2.567500e+00	5.691848e-03
2.570000e+00	6.034650e-03
2.572500e+00	6.577780e-03
2.575000e+00	7.148621e-03
2.577500e+00	7.460687e-03
2.580000e+00	7.327008e-03
2.582500e+00	6.879561e-03
2.585000e+00	6.417845e-03
2.587500e+00	6.156795e-03
2.590000e+00	6.189388e-03
2.592500e+00	6.549936e-03
2.595000e+00	7.243728e-03
2.597500e+00	8.207028e-03
2.600000e+00	9.204129e-03
2.602500e+00	9.794366e-03
2.605000e+00	9.629499e-03
2.607500e+00	8.850524e-03
2.610000e+00	7.921093e-03
2.612500e+00	7.196705e-03
2.615000e+00	6.815484e-03
2.617500e+00	6.784360e-03
2.620000e+00	7.024861e-03
2.622500e+00	7.344746e-03
2.625000e+00	7.453296e-03
2.627500e+00	7.171199e-03
2.630000e+00	6.621942e-03
2.632500e+00	6.073044e-03
2.635000e+00	5.706280e-03
2.637500e+00	5.591064e-03
2.640000e+00	5.745347e-03
2.642500e+00	6.168237e-03
2.645000e+00	6.820793e-03
2.647500e+00	7.561191e-03
2.650000e+00	8.113929e-03
2.652500e+00	8.247447e-03
2.655000e+00	8.048333e-03
2.657500e+00	7.843867e-03
2.660000e+00	7.909233e-03
2.662500e+00	8.357560e-03
2.665000e+00	9.136631e-03
2.667500e+00	9.973647e-03
2.670000e+00	1.038073e-02
2.672500e+00	9.998825e-03
2.675000e+00	8.993681e-03
2.677500e+00	7.838938e-03
2.680000e+00	6.874490e-03
2.682500e+00	6.218864e-03
2.685000e+00	5.879047e-03
2.687500e+00	5.835720e-03
2.690000e+00	6.069034e-03
2.692500e+00	6.537921e-03
2.695000e+00	7.118877e-03
2.697500e+00	7.559176e-03
2.700000e+00	7.603959e-03
2.702500e+00	7.265342e-03
2.705000e+00	6.813771e-03
2.707500e+00	6.508399e-03
2.710000e+00	6.481463e-03
2.712500e+00	6.787749e-03
2.715000e+00	7.457473e-03
2.717500e+00	8.491662e-03
2.720000e+00	9.782510e-03
2.722500e+00	1.098418e-02
2.725000e+00	1.155271e-02
2.727500e+00	1.120558e-02
2.730000e+00	1.027208e-02
2.732500e+00	9.315840e-03
2.735000e+00	8.673740e-03
2.737500e+00	8.389834e-03
2.740000e+00	8.286338e-03
2.742500e+00	8.062864e-03
2.745000e+00	7.533851e-03
2.747500e+00	6.803611e-03
2.750000e+00	6.101814e-03
2.752500e+00	5.572671e-03
2.755000e+00	5.257216e-03
2.757500e+00	5.153169e-03
2.760000e+00	5.256033e-03
2.762500e+00	5.575718e-03
2.765000e+00	6.140912e-03
2.767500e+00	6.994092e-03
2.770000e+00	8.166895e-03
2.772500e+00	9.616102e-03
2.775000e+00	1.113717e-02
2.777500e+00	1.240414e-02
2.780000e+00	1.322208e-02
2.782500e+00	1.356165e-02
2.785000e+00	1.326309e-02
2.787500e+00	1.217453e-02
2.790000e+00	1.056020e-02
2.792500e+00	8.909263e-03
2.795000e+00	7.529645e-03
2.797500e+00	6.496598e-03
2.800000e+00	5.775681e-03
2.802500e+00	5.310183e-03
2.805000e+00	5.054232e-03
2.807500e+00	4.980469e-03
2.810000e+00	5.079970e-03
2.812500e+00	5.360487e-03
2.815000e+00	5.842660e-03
2.817500e+00	6.548738e-03
2.820000e+00	7.475603e-03
2.822500e+00	8.563757e-03
2.825000e+00	9.732833e-03
2.827500e+00	1.100422e-02
2.830000e+00	1.247419e-02
2.832500e+00	1.401110e-02
2.835000e+00	1.502588e-02
2.837500e+00	1.482102e-02
2.840000e+00	1.337870e-02
2.842500e+00	1.139025e-02
2.845000e+00	9.512245e-03
2.847500e+00	8.020126e-03
2.850000e+00	6.936301e-03
2.852500e+00	6.198675e-03
2.855000e+00	5.740480e-03
2.857500e+00	5.514189e-03
2.860000e+00	5.494554e-03
2.862500e+00	5.675027e-03
2.865000e+00	6.058832e-03
2.867500e+00	6.638500e-03
2.870000e+00	7.362611e-03
2.872500e+00	8.132435e-03
2.875000e+00	8.905361e-03
2.877500e+00	9.808996e-03
2.880000e+00	1.104744e-02
2.882500e+00	1.267739e-02
2.885000e+00	1.439948e-02
2.887500e+00	1.548608e-02
2.890000e+00	1.524009e-02
2.892500e+00	1.376226e-02
2.895000e+00	1.181905e-02
2.897500e+00	1.006053e-02
2.900000e+00	8.740984e-03
2.902500e+00	7.870971e-03
2.905000e+00	7.366762e-03
2.907500e+00	7.100166e-03
2.910000e+00	6.924418e-03
2.912500e+00	6.755858e-03
2.915000e+00	6.637073e-03
2.917500e+00	6.672780e-03
2.920000e+00	6.949796e-03
2.922500e+00	7.531089e-03
2.925000e+00	8.473365e-03
2.927500e+00	9.814456e-03
2.930000e+00	1.149590e-02
2.932500e+00	1.321772e-02
2.935000e+00	1.440892e-02
2.937500e+00	1.465500e-02
2.940000e+00	1.420425e-02
2.942500e+00	1.365445e-02
2.945000e+00	1.328441e-02
2.947500e+00	1.287524e-02
2.950000e+00	1.206095e-02
2.952500e+00	1.082952e-02
2.955000e+00	9.517085e-03
2.957500e+00	8.422791e-03
2.960000e+00	7.659515e-03
2.962500e+00	7.230270e-03
2.965000e+00	7.112510e-03
2.967500e+00	7.296367e-03
2.970000e+00	7.793606e-03
2.972500e+00	8.626662e-03
2.975000e+00	9.786406e-03
2.977500e+00	1.114233e-02
2.980000e+00	1.237027e-02
2.982500e+00	1.313019e-02
2.985000e+00	1.347152e-02
2.987500e+00	1.382478e-02
2.990000e+00	1.451562e-02
2.992500e+00	1.541235e-02
2.995000e+00	1.590655e-02
2.997500e+00	1.538381e-02
3.000000e+00	1.391305e-02
3.002500e+00	1.213177e-02
3.005000e+00	1.057886e-02
3.007500e+00	9.463733e-03
3.010000e+00	8.803240e-03
3.012500e+00	8.561099e-03
3.015000e+00	8.704302e-03
3.017500e+00	9.200397e-03
3.020000e+00	9.969641e-03
3.022500e+00	1.082151e-02
3.025000e+00	1.150742e-02
3.027500e+00	1.197829e-02
3.030000e+00	1.250545e-02
3.032500e+00	1.343016e-02
3.035000e+00	1.489617e-02
3.037500e+00	1.669175e-02
3.040000e+00	1.813841e-02
3.042500e+00	1.838726e-02
3.045000e+00	1.726152e-02
3.047500e+00	1.547121e-02
3.050000e+00	1.382277e-02
3.052500e+00	1.270480e-02
3.055000e+00	1.214584e-02
3.057500e+00	1.195341e-02
3.060000e+00	1.181700e-02
3.062500e+00	1.152918e-02
3.065000e+00	1.118240e-02
3.067500e+00	1.103610e-02
3.070000e+00	1.129702e-02
3.072500e+00	1.208189e-02
3.075000e+00	1.345063e-02
3.077500e+00	1.536758e-02
3.080000e+00	1.754544e-02
3.082500e+00	1.931418e-02
3.085000e+00	1.997146e-02
3.087500e+00	1.955779e-02
3.090000e+00	1.884061e-02
3.092500e+00	1.845936e-02
3.095000e+00	1.842780e-02
3.097500e+00	1.822739e-02
3.100000e+00	1.736532e-02
3.102500e+00	1.596017e-02
3.105000e+00	1.455005e-02
3.107500e+00	1.355214e-02
3.110000e+00	1.313228e-02
3.112500e+00	1.333303e-02
3.115000e+00	1.417480e-02
3.117500e+00	1.566630e-02
3.120000e+00	1.771594e-02
3.122500e+00	1.995734e-02
3.125000e+00	2.171716e-02
3.127500e+00	2.253390e-02
3.130000e+00	2.276009e-02
3.132500e+00	2.316598e-02
3.135000e+00	2.408212e-02
3.137500e+00	2.503469e-02
3.140000e+00	2.505789e-02
3.142500e+00	2.369634e-02
3.145000e+00	2.155670e-02
3.147500e+00	1.956824e-02
3.150000e+00	1.827414e-02
3.152500e+00	1.784652e-02
3.155000e+00	1.831022e-02
3.157500e+00	1.964654e-02
3.160000e+00	2.174074e-02
3.162500e+00	2.421484e-02
3.165000e+00	2.639425e-02
3.167500e+00	2.783269e-02
3.170000e+00	2.892277e-02
3.172500e+00	3.046517e-02
3.175000e+00	3.270724e-02
3.177500e+00	3.485567e-02
3.180000e+00	3.546262e-02
3.182500e+00	3.387680e-02
3.185000e+00	3.105927e-02
3.187500e+00	2.846093e-02
3.190000e+00	2.694183e-02
3.192500e+00	2.677561e-02
3.195000e+00	2.793869e-02
3.197500e+00	3.017094e-02
3.200000e+00	3.287334e-02
3.202500e+00	3.531347e-02
3.205000e+00	3.739173e-02
3.207500e+00	3.988520e-02
3.210000e+00	4.350076e-02
3.212500e+00	4.783762e-02
3.215000e+00	5.108075e-02
3.217500e+00	5.121883e-02
3.220000e+00	4.831492e-02
3.222500e+00	4.448581e-02
3.225000e+00	4.172560e-02
3.227500e+00	4.088212e-02
3.230000e+00	4.185884e-02
3.232500e+00	4.387650e-02
3.235000e+00	4.592989e-02
3.237500e+00	4.780722e-02
3.240000e+00	5.041911e-02
3.242500e+00	5.462982e-02
3.245000e+00	5.994310e-02
3.247500e+00	6.402118e-02
3.250000e+00	6.408056e-02
3.252500e+00	5.990456e-02
3.255000e+00	5.414503e-02
3.257500e+00	4.946423e-02
3.260000e+00	4.695000e-02
3.262500e+00	4.630269e-02
3.265000e+00	4.637808e-02
3.267500e+00	4.616037e-02
3.270000e+00	4.583199e-02
3.272500e+00	4.633461e-02
3.275000e+00	4.789386e-02
3.277500e+00	4.922765e-02
3.280000e+00	4.826477e-02
3.282500e+00	4.431332e-02
3.285000e+00	3.887772e-02
3.287500e+00	3.386882e-02
3.290000e+00	3.024543e-02
3.292500e+00	2.808790e-02
3.295000e+00	2.694768e-02
3.297500e+00	2.611390e-02
3.300000e+00	2.511622e-02
3.302500e+00	2.411299e-02
3.305000e+00	2.346373e-02
3.307500e+00	2.305935e-02
3.310000e+00	2.225163e-02
3.312500e+00	2.053104e-02
3.315000e+00	1.816320e-02
3.317500e+00	1.582078e-02
3.320000e+00	1.394931e-02
3.322500e+00	1.266352e-02
3.325000e+00	1.188156e-02
3.327500e+00	1.140239e-02
3.330000e+00	1.097982e-02
3.332500e+00	1.049520e-02
3.335000e+00	1.002584e-02
3.337500e+00	9.644260e-03
3.340000e+00	9.244115e-03
3.342500e+00	8.642046e-03
3.345000e+00	7.826919e-03
3.347500e+00	6.975559e-03
3.350000e+00	6.253139e-03
3.352500e+00	5.723367e-03
3.355000e+00	5.377421e-03
3.357500e+00	5.162945e-03
3.360000e+00	4.996086e-03
3.362500e+00	4.803959e-03
3.365000e+00	4.581565e-03
3.367500e+00	4.362303e-03
3.370000e+00	4.141062e-03
3.372500e+00	3.878848e-03
3.375000e+00	3.573729e-03
3.377500e+00	3.273268e-03
3.380000e+00	3.022251e-03
3.382500e+00	2.837184e-03
3.385000e+00	2.712768e-03
3.387500e+00	2.627678e-03
3.390000e+00	2.547873e-03
3.392500e+00	2.445763e-03
3.395000e+00	2.323304e-03
3.397500e+00	2.198611e-03
3.400000e+00	2.078279e-03
3.402500e+00	1.959367e-03
3.405000e+00	1.845794e-03
3.407500e+00	1.747514e-03
3.410000e+00	1.670343e-03
3.412500e+00	1.612419e-03
3.415000e+00	1.564524e-03
3.417500e+00	1.513398e-03
3.420000e+00	1.451915e-03
3.422500e+00	1.385325e-03
3.425000e+00	1.322826e-03
3.427500e+00	1.268499e-03
3.430000e+00	1.221181e-03
3.432500e+00	1.178728e-03
3.435000e+00	1.140699e-03
3.437500e+00	1.106717e-03
3.440000e+00	1.074483e-03
3.442500e+00	1.041449e-03
3.445000e+00	1.007864e-03
3.447500e+00	9.760851e-04
3.450000e+00	9.478077e-04
3.452500e+00	9.231385e-04
3.455000e+00	9.009909e-04
3.457500e+00	8.799193e-04
3.460000e+00	8.593159e-04
3.462500e+00	8.397101e-04
3.465000e+00	8.217879e-04
3.467500e+00	8.057074e-04
3.470000e+00	7.912008e-04
3.472500e+00	7.780103e-04
3.475000e+00	7.661868e-04
3.477500e+00	7.559562e-04
3.480000e+00	7.475031e-04
3.482500e+00	7.410011e-04
3.485000e+00	7.367659e-04
3.487500e+00	7.353229e-04
3.490000e+00	7.373965e-04
3.492500e+00	7.439071e-04
3.495000e+00	7.558829e-04
3.497500e+00	7.740726e-04
3.500000e+00	7.981962e-04
3.502500e+00	8.264592e-04
3.505000e+00	8.559739e-04
3.507500e+00	8.834458e-04
3.510000e+00	9.068732e-04
3.512500e+00	9.261821e-04
3.515000e+00	9.404964e-04
3.517500e+00	9.494850e-04
3.520000e+00	9.544466e-04
3.522500e+00	9.549836e-04
3.525000e+00	9.510236e-04
3.527500e+00	9.436880e-04
3.530000e+00	9.325981e-04
3.532500e+00	9.179811e-04
3.535000e+00	9.004400e-04
3.537500e+00	8.797747e-04
3.540000e+00	8.564275e-04
3.542500e+00	8.306097e-04
3.545000e+00	8.025389e-04
3.547500e+00	7.726211e-04
3.550000e+00	7.412098e-04
3.552500e+00	7.088311e-04
3.555000e+00	6.760828e-04
3.557500e+00	6.436990e-04
3.560000e+00	6.125089e-04
3.562500e+00	5.833813e-04
3.565000e+00	5.570938e-04
3.567500e+00	5.341554e-04
3.570000e+00	5.146657e-04
3.572500e+00	4.983275e-04
3.575000e+00	4.846199e-04
3.577500e+00	4.729932e-04
3.580000e+00	4.629779e-04
3.582500e+00	4.542100e-04
3.585000e+00	4.464182e-04
3.587500e+00	4.394017e-04
3.590000e+00	4.330116e-04
3.592500e+00	4.271358e-04
3.595000e+00	4.216889e-04
3.597500e+00	4.166045e-04
3.600000e+00	4.118308e-04
3.602500e+00	4.073264e-04
3.605000e+00	4.030578e-04
3.607500e+00	3.989978e-04
3.610000e+00	3.951239e-04
3.612500e+00	3.914173e-04
3.615000e+00	3.878623e-04
3.617500e+00	3.844453e-04
3.620000e+00	3.811550e-04
3.622500e+00	3.779814e-04
3.625000e+00	3.749158e-04
3.627500e+00	3.719508e-04
3.630000e+00	3.690795e-04
3.632500e+00	3.662962e-04
3.635000e+00	3.635956e-04
3.637500e+00	3.609730e-04
3.640000e+00	3.584242e-04
3.642500e+00	3.559452e-04
3.645000e+00	3.535327e-04
3.647500e+00	3.511834e-04
3.650000e+00	3.488945e-04
3.652500e+00	3.466632e-04
3.655000e+00	3.444872e-04
3.657500e+00	3.423641e-04
3.660000e+00	3.402918e-04
3.662500e+00	3.382684e-04
3.665000e+00	3.362920e-04
3.667500e+00	3.343610e-04
3.670000e+00	3.324737e-04
3.672500e+00	3.306285e-04
3.675000e+00	3.288242e-04
3.677500e+00	3.270593e-04
3.680000e+00	3.253326e-04
3.682500e+00	3.236429e-04
3.685000e+00	3.219891e-04
3.687500e+00	3.203700e-04
3.690000e+00	3.187847e-04
3.692500e+00	3.172323e-04
3.695000e+00	3.157116e-04
3.697500e+00	3.142220e-04
3.700000e+00	3.127624e-04
3.702500e+00	3.113322e-04
3.705000e+00	3.099306e-04
3.707500e+00	3.085568e-04
3.710000e+00	3.072100e-04
3.712500e+00	3.058897e-04
3.715000e+00	3.045951e-04
3.717500e+00	3.033257e-04
3.720000e+00	3.020808e-04
3.722500e+00	3.008598e-04
3.725000e+00	2.996622e-04
3.727500e+00	2.984874e-04
3.730000e+00	2.973350e-04
3.732500e+00	2.962043e-04
3.735000e+00	2.950950e-04
3.737500e+00	2.940064e-04
3.740000e+00	2.929383e-04
3.742500e+00	2.918901e-04
3.745000e+00	2.908615e-04
3.747500e+00	2.898519e-04
3.750000e+00	2.888611e-04
3.752500e+00	2.878885e-04
3.755000e+00	2.869339e-04
3.757500e+00	2.859969e-04
3.760000e+00	2.850771e-04
3.762500e+00	2.841741e-04
3.765000e+00	2.832878e-04
3.767500e+00	2.824176e-04
3.770000e+00	2.815633e-04
3.772500e+00	2.807247e-04
3.775000e+00	2.799013e-04
3.777500e+00	2.790929e-04
3.780000e+00	2.782993e-04
3.782500e+00	2.775202e-04
3.785000e+00	2.767552e-04
3.787500e+00	2.760042e-04
3.790000e+00	2.752669e-04
3.792500e+00	2.745430e-04
3.795000e+00	2.738323e-04
3.797500e+00	2.731345e-04
3.800000e+00	2.724496e-04
3.802500e+00	2.717771e-04
3.805000e+00	2.711169e-04
3.807500e+00	2.704689e-04
3.810000e+00	2.698327e-04
3.812500e+00	2.692083e-04
3.815000e+00	2.685953e-04
3.817500e+00	2.679936e-04
3.820000e+00	2.674031e-04
3.822500e+00	2.668235e-04
3.825000e+00	2.662546e-04
3.827500e+00	2.656964e-04
3.830000e+00	2.651486e-04
3.832500e+00	2.646111e-04
3.835000e+00	2.640836e-04
3.837500e+00	2.635661e-04
3.840000e+00	2.630584e-04
3.842500e+00	2.625604e-04
3.845000e+00	2.620718e-04
3.847500e+00	2.615926e-04
3.850000e+00	2.611226e-04
3.852500e+00	2.606617e-04
3.855000e+00	2.602097e-04
3.857500e+00	2.597666e-04
3.860000e+00	2.593321e-04
3.862500e+00	2.589062e-04
3.865000e+00	2.584887e-04
3.867500e+00	2.580796e-04
3.870000e+00	2.576787e-04
3.872500e+00	2.572858e-04
3.875000e+00	2.569010e-04
3.877500e+00	2.565240e-04
3.880000e+00	2.561548e-04
3.882500e+00	2.557932e-04
3.885000e+00	2.554392e-04
3.887500e+00	2.550926e-04
3.890000e+00	2.547534e-04
3.892500e+00	2.544215e-04
3.895000e+00	2.540967e-04
3.897500e+00	2.537790e-04
3.900000e+00	2.534683e-04
3.902500e+00	2.531645e-04
3.905000e+00	2.528675e-04
3.907500e+00	2.525772e-04
3.910000e+00	2.522936e-04
3.912500e+00	2.520165e-04
3.915000e+00	2.517459e-04
3.917500e+00	2.514818e-04
3.920000e+00	2.512239e-04
3.922500e+00	2.509723e-04
3.925000e+00	2.507268e-04
3.927500e+00	2.504875e-04
3.930000e+00	2.502542e-04
3.932500e+00	2.500269e-04
3.935000e+00	2.498055e-04
3.937500e+00	2.495899e-04
3.940000e+00	2.493800e-04
3.942500e+00	2.491759e-04
3.945000e+00	2.489774e-04
3.947500e+00	2.487845e-04
3.950000e+00	2.485971e-04
3.952500e+00	2.484151e-04
3.955000e+00	2.482386e-04
3.957500e+00	2.480674e-04
3.960000e+00	2.479015e-04
3.962500e+00	2.477408e-04
3.965000e+00	2.475853e-04
3.967500e+00	2.474349e-04
3.970000e+00	2.472896e-04
3.972500e+00	2.471494e-04
3.975000e+00	2.470141e-04
3.977500e+00	2.468837e-04
3.980000e+00	2.467582e-04
3.982500e+00	2.466375e-04
3.985000e+00	2.465216e-04
3.987500e+00	2.464105e-04
3.990000e+00	2.463041e-04
3.992500e+00	2.462023e-04
3.995000e+00	2.461051e-04
3.997500e+00	2.460125e-04
