#omega	spectral weight
-3.000000e+00	1.682618e-03
-2.997500e+00	1.551246e-03
-2.995000e+00	1.465473e-03
-2.992500e+00	1.416654e-03
-2.990000e+00	1.399805e-03
-2.987500e+00	1.412964e-03
-2.985000e+00	1.456864e-03
-2.982500e+00	1.534840e-03
-2.980000e+00	1.652630e-03
-2.977500e+00	1.817200e-03
-2.975000e+00	2.032701e-03
-2.972500e+00	2.291747e-03
-2.970000e+00	2.566121e-03
-2.967500e+00	2.816024e-03
-2.965000e+00	3.032441e-03
-2.962500e+00	3.259612e-03
-2.960000e+00	3.546109e-03
-2.957500e+00	3.895815e-03
-2.955000e+00	4.282683e-03
-2.952500e+00	4.702442e-03
-2.950000e+00	5.173054e-03
-2.947500e+00	5.668229e-03
-2.945000e+00	6.133961e-03
-2.942500e+00	6.607370e-03
-2.940000e+00	7.192873e-03
-2.937500e+00	7.856904e-03
-2.935000e+00	8.302213e-03
-2.932500e+00	8.161860e-03
-2.930000e+00	7.418902e-03
-2.927500e+00	6.430513e-03
-2.925000e+00	5.543615e-03
-2.922500e+00	4.912670e-03
-2.920000e+00	4.564767e-03
-2.917500e+00	4.483349e-03
-2.915000e+00	4.634511e-03
-2.912500e+00	4.940944e-03
-2.910000e+00	5.233104e-03
-2.907500e+00	5.281645e-03
-2.905000e+00	4.991261e-03
-2.902500e+00	4.506830e-03
-2.900000e+00	4.041004e-03
-2.897500e+00	3.716576e-03
-2.895000e+00	3.570618e-03
-2.892500e+00	3.601879e-03
-2.890000e+00	3.787889e-03
-2.887500e+00	4.070061e-03
-2.885000e+00	4.345665e-03
-2.882500e+00	4.534808e-03
-2.880000e+00	4.672021e-03
-2.877500e+00	4.847247e-03
-2.875000e+00	5.053642e-03
-2.872500e+00	5.144514e-03
-2.870000e+00	4.982136e-03
-2.867500e+00	4.622935e-03
-2.865000e+00	4.256102e-03
-2.862500e+00	4.029090e-03
-2.860000e+00	4.003150e-03
-2.857500e+00	4.183774e-03
-2.855000e+00	4.524626e-03
-2.852500e+00	4.891796e-03
-2.850000e+00	5.070132e-03
-2.847500e+00	4.925331e-03
-2.845000e+00	4.558552e-03
-2.842500e+00	4.186905e-03
-2.840000e+00	3.960474e-03
-2.837500e+00	3.934500e-03
-2.835000e+00	4.103479e-03
-2.832500e+00	4.400428e-03
-2.830000e+00	4.670024e-03
-2.827500e+00	4.719917e-03
-2.825000e+00	4.499434e-03
-2.822500e+00	4.160050e-03
-2.820000e+00	3.887603e-03
-2.817500e+00	3.778367e-03
-2.815000e+00	3.836806e-03
-2.812500e+00	3.983456e-03
-2.810000e+00	4.057790e-03
-2.807500e+00	3.910420e-03
-2.805000e+00	3.552420e-03
-2.802500e+00	3.128570e-03
-2.800000e+00	2.763766e-03
-2.797500e+00	2.508424e-03
-2.795000e+00	2.369545e-03
-2.792500e+00	2.343109e-03
-2.790000e+00	2.427273e-03
-2.787500e+00	2.620475e-03
-2.785000e+00	2.903656e-03
-2.782500e+00	3.204961e-03
-2.780000e+00	3.382267e-03
-2.777500e+00	3.309502e-03
-2.775000e+00	3.014189e-03
-2.772500e+00	2.641329e-03
-2.770000e+00	2.308525e-03
-2.767500e+00	2.060413e-03
-2.765000e+00	1.899556e-03
-2.762500e+00	1.815714e-03
-2.760000e+00	1.796405e-03
-2.757500e+00	1.824577e-03
-2.755000e+00	1.871353e-03
-2.752500e+00	1.901102e-03
-2.750000e+00	1.900773e-03
-2.747500e+00	1.895139e-03
-2.745000e+00	1.920324e-03
-2.742500e+00	2.000151e-03
-2.740000e+00	2.145623e-03
-2.737500e+00	2.358813e-03
-2.735000e+00	2.634042e-03
-2.732500e+00	2.967800e-03
-2.730000e+00	3.375891e-03
-2.727500e+00	3.878397e-03
-2.725000e+00	4.445729e-03
-2.722500e+00	4.976262e-03
-2.720000e+00	5.386665e-03
-2.717500e+00	5.725982e-03
-2.715000e+00	6.092013e-03
-2.712500e+00	6.453170e-03
-2.710000e+00	6.630421e-03
-2.707500e+00	6.470358e-03
-2.705000e+00	6.041199e-03
-2.702500e+00	5.586649e-03
-2.700000e+00	5.309246e-03
-2.697500e+00	5.272335e-03
-2.695000e+00	5.403122e-03
-2.692500e+00	5.505710e-03
-2.690000e+00	5.365789e-03
-2.687500e+00	4.955898e-03
-2.685000e+00	4.449811e-03
-2.682500e+00	4.025683e-03
-2.680000e+00	3.767771e-03
-2.677500e+00	3.697697e-03
-2.675000e+00	3.817424e-03
-2.672500e+00	4.121298e-03
-2.670000e+00	4.574723e-03
-2.667500e+00	5.067998e-03
-2.665000e+00	5.412139e-03
-2.662500e+00	5.483375e-03
-2.660000e+00	5.377253e-03
-2.657500e+00	5.298233e-03
-2.655000e+00	5.353699e-03
-2.652500e+00	5.490457e-03
-2.650000e+00	5.571876e-03
-2.647500e+00	5.552225e-03
-2.645000e+00	5.548881e-03
-2.642500e+00	5.700478e-03
-2.640000e+00	6.015914e-03
-2.637500e+00	6.318253e-03
-2.635000e+00	6.322929e-03
-2.632500e+00	5.905160e-03
-2.630000e+00	5.242092e-03
-2.627500e+00	4.596286e-03
-2.625000e+00	4.116544e-03
-2.622500e+00	3.843845e-03
-2.620000e+00	3.774596e-03
-2.617500e+00	3.891999e-03
-2.615000e+00	4.164937e-03
-2.612500e+00	4.541470e-03
-2.610000e+00	4.967458e-03
-2.607500e+00	5.387094e-03
-2.605000e+00	5.664241e-03
-2.602500e+00	5.592165e-03
-2.600000e+00	5.119456e-03
-2.597500e+00	4.441341e-03
-2.595000e+00	3.787269e-03
-2.592500e+00	3.269864e-03
-2.590000e+00	2.908748e-03
-2.587500e+00	2.689307e-03
-2.585000e+00	2.593742e-03
-2.582500e+00	2.609931e-03
-2.580000e+00	2.730511e-03
-2.577500e+00	2.951016e-03
-2.575000e+00	3.270547e-03
-2.572500e+00	3.675608e-03
-2.570000e+00	4.088133e-03
-2.567500e+00	4.340519e-03
-2.565000e+00	4.295728e-03
-2.562500e+00	4.013931e-03
-2.560000e+00	3.685452e-03
-2.557500e+00	3.445493e-03
-2.555000e+00	3.311824e-03
-2.552500e+00	3.212725e-03
-2.550000e+00	3.059554e-03
-2.547500e+00	2.840600e-03
-2.545000e+00	2.623738e-03
-2.542500e+00	2.477698e-03
-2.540000e+00	2.435481e-03
-2.537500e+00	2.503041e-03
-2.535000e+00	2.662149e-03
-2.532500e+00	2.851151e-03
-2.530000e+00	2.954472e-03
-2.527500e+00	2.871221e-03
-2.525000e+00	2.621558e-03
-2.522500e+00	2.316641e-03
-2.520000e+00	2.045737e-03
-2.517500e+00	1.841475e-03
-2.515000e+00	1.704084e-03
-2.512500e+00	1.624565e-03
-2.510000e+00	1.594765e-03
-2.507500e+00	1.610301e-03
-2.505000e+00	1.671015e-03
-2.502500e+00	1.780656e-03
-2.500000e+00	1.945539e-03
-2.497500e+00	2.170386e-03
-2.495000e+00	2.449509e-03
-2.492500e+00	2.760353e-03
-2.490000e+00	3.082781e-03
-2.487500e+00	3.436491e-03
-2.485000e+00	3.863052e-03
-2.482500e+00	4.344811e-03
-2.480000e+00	4.751302e-03
-2.477500e+00	4.918308e-03
-2.475000e+00	4.841157e-03
-2.472500e+00	4.698522e-03
-2.470000e+00	4.664353e-03
-2.467500e+00	4.786675e-03
-2.465000e+00	4.980093e-03
-2.462500e+00	5.091442e-03
-2.460000e+00	5.057706e-03
-2.457500e+00	4.988642e-03
-2.455000e+00	5.039594e-03
-2.452500e+00	5.271786e-03
-2.450000e+00	5.603263e-03
-2.447500e+00	5.824584e-03
-2.445000e+00	5.755427e-03
-2.442500e+00	5.449727e-03
-2.440000e+00	5.131769e-03
-2.437500e+00	4.982907e-03
-2.435000e+00	5.068151e-03
-2.432500e+00	5.346614e-03
-2.430000e+00	5.662381e-03
-2.427500e+00	5.783747e-03
-2.425000e+00	5.595896e-03
-2.422500e+00	5.233140e-03
-2.420000e+00	4.922976e-03
-2.417500e+00	4.812990e-03
-2.415000e+00	4.959497e-03
-2.412500e+00	5.358844e-03
-2.410000e+00	5.927831e-03
-2.407500e+00	6.446510e-03
-2.405000e+00	6.607412e-03
-2.402500e+00	6.285360e-03
-2.400000e+00	5.685983e-03
-2.397500e+00	5.108122e-03
-2.395000e+00	4.723953e-03
-2.392500e+00	4.578380e-03
-2.390000e+00	4.640513e-03
-2.387500e+00	4.812984e-03
-2.385000e+00	4.946458e-03
-2.382500e+00	4.947871e-03
-2.380000e+00	4.885467e-03
-2.377500e+00	4.903155e-03
-2.375000e+00	5.066720e-03
-2.372500e+00	5.295868e-03
-2.370000e+00	5.391366e-03
-2.367500e+00	5.206247e-03
-2.365000e+00	4.818330e-03
-2.362500e+00	4.433450e-03
-2.360000e+00	4.198085e-03
-2.357500e+00	4.154113e-03
-2.355000e+00	4.256791e-03
-2.352500e+00	4.377168e-03
-2.350000e+00	4.351201e-03
-2.347500e+00	4.125908e-03
-2.345000e+00	3.815274e-03
-2.342500e+00	3.568129e-03
-2.340000e+00	3.465543e-03
-2.337500e+00	3.519464e-03
-2.335000e+00	3.680223e-03
-2.332500e+00	3.824521e-03
-2.330000e+00	3.798460e-03
-2.327500e+00	3.556538e-03
-2.325000e+00	3.209231e-03
-2.322500e+00	2.894347e-03
-2.320000e+00	2.684710e-03
-2.317500e+00	2.597348e-03
-2.315000e+00	2.618108e-03
-2.312500e+00	2.700376e-03
-2.310000e+00	2.755341e-03
-2.307500e+00	2.691474e-03
-2.305000e+00	2.501862e-03
-2.302500e+00	2.265955e-03
-2.300000e+00	2.061764e-03
-2.297500e+00	1.923859e-03
-2.295000e+00	1.855764e-03
-2.292500e+00	1.843724e-03
-2.290000e+00	1.856617e-03
-2.287500e+00	1.849083e-03
-2.285000e+00	1.791902e-03
-2.282500e+00	1.700591e-03
-2.280000e+00	1.612889e-03
-2.277500e+00	1.554510e-03
-2.275000e+00	1.534474e-03
-2.272500e+00	1.553582e-03
-2.270000e+00	1.608689e-03
-2.267500e+00	1.689806e-03
-2.265000e+00	1.774349e-03
-2.262500e+00	1.833685e-03
-2.260000e+00	1.860112e-03
-2.257500e+00	1.877645e-03
-2.255000e+00	1.917427e-03
-2.252500e+00	1.999314e-03
-2.250000e+00	2.134546e-03
-2.247500e+00	2.333382e-03
-2.245000e+00	2.609547e-03
-2.242500e+00	2.980645e-03
-2.240000e+00	3.462059e-03
-2.237500e+00	4.047162e-03
-2.235000e+00	4.671926e-03
-2.232500e+00	5.207865e-03
-2.230000e+00	5.568581e-03
-2.227500e+00	5.842306e-03
-2.225000e+00	6.230337e-03
-2.222500e+00	6.899404e-03
-2.220000e+00	7.924221e-03
-2.217500e+00	9.246957e-03
-2.215000e+00	1.058157e-02
-2.212500e+00	1.142581e-02
-2.210000e+00	1.146178e-02
-2.207500e+00	1.095727e-02
-2.205000e+00	1.047757e-02
-2.202500e+00	1.039675e-02
-2.200000e+00	1.075918e-02
-2.197500e+00	1.128789e-02
-2.195000e+00	1.147489e-02
-2.192500e+00	1.097952e-02
-2.190000e+00	1.000054e-02
-2.187500e+00	9.015058e-03
-2.185000e+00	8.351868e-03
-2.182500e+00	8.115168e-03
-2.180000e+00	8.255875e-03
-2.177500e+00	8.586406e-03
-2.175000e+00	8.808534e-03
-2.172500e+00	8.727892e-03
-2.170000e+00	8.470902e-03
-2.167500e+00	8.327308e-03
-2.165000e+00	8.458051e-03
-2.162500e+00	8.772967e-03
-2.160000e+00	8.943967e-03
-2.157500e+00	8.633814e-03
-2.155000e+00	7.853303e-03
-2.152500e+00	6.924669e-03
-2.150000e+00	6.136091e-03
-2.147500e+00	5.608594e-03
-2.145000e+00	5.362952e-03
-2.142500e+00	5.392161e-03
-2.140000e+00	5.686081e-03
-2.137500e+00	6.213351e-03
-2.135000e+00	6.869144e-03
-2.132500e+00	7.449424e-03
-2.130000e+00	7.784566e-03
-2.127500e+00	7.937736e-03
-2.125000e+00	8.101125e-03
-2.122500e+00	8.292679e-03
-2.120000e+00	8.266845e-03
-2.117500e+00	7.781903e-03
-2.115000e+00	6.924156e-03
-2.112500e+00	5.998400e-03
-2.110000e+00	5.229204e-03
-2.107500e+00	4.692445e-03
-2.105000e+00	4.388096e-03
-2.102500e+00	4.299964e-03
-2.100000e+00	4.416746e-03
-2.097500e+00	4.724791e-03
-2.095000e+00	5.172824e-03
-2.092500e+00	5.618549e-03
-2.090000e+00	5.843574e-03
-2.087500e+00	5.736603e-03
-2.085000e+00	5.433952e-03
-2.082500e+00	5.169285e-03
-2.080000e+00	5.088053e-03
-2.077500e+00	5.214346e-03
-2.075000e+00	5.458655e-03
-2.072500e+00	5.625798e-03
-2.070000e+00	5.532686e-03
-2.067500e+00	5.198435e-03
-2.065000e+00	4.814488e-03
-2.062500e+00	4.552104e-03
-2.060000e+00	4.491207e-03
-2.057500e+00	4.651857e-03
-2.055000e+00	5.011848e-03
-2.052500e+00	5.474163e-03
-2.050000e+00	5.826761e-03
-2.047500e+00	5.834405e-03
-2.045000e+00	5.473226e-03
-2.042500e+00	4.956785e-03
-2.040000e+00	4.505705e-03
-2.037500e+00	4.224769e-03
-2.035000e+00	4.132455e-03
-2.032500e+00	4.199147e-03
-2.030000e+00	4.344928e-03
-2.027500e+00	4.438165e-03
-2.025000e+00	4.374988e-03
-2.022500e+00	4.185423e-03
-2.020000e+00	3.990273e-03
-2.017500e+00	3.885867e-03
-2.015000e+00	3.915374e-03
-2.012500e+00	4.096575e-03
-2.010000e+00	4.445726e-03
-2.007500e+00	4.984656e-03
-2.005000e+00	5.729574e-03
-2.002500e+00	6.651891e-03
-2.000000e+00	7.615113e-03
-1.997500e+00	8.382869e-03
-1.995000e+00	8.833519e-03
-1.992500e+00	9.159508e-03
-1.990000e+00	9.709634e-03
-1.987500e+00	1.074283e-02
-1.985000e+00	1.234147e-02
-1.982500e+00	1.432180e-02
-1.980000e+00	1.607019e-02
-1.977500e+00	1.668032e-02
-1.975000e+00	1.575216e-02
-1.972500e+00	1.387231e-02
-1.970000e+00	1.192660e-02
-1.967500e+00	1.042211e-02
-1.965000e+00	9.474782e-03
-1.962500e+00	8.983448e-03
-1.960000e+00	8.709305e-03
-1.957500e+00	8.362921e-03
-1.955000e+00	7.816585e-03
-1.952500e+00	7.200183e-03
-1.950000e+00	6.715880e-03
-1.947500e+00	6.482725e-03
-1.945000e+00	6.544348e-03
-1.942500e+00	6.914598e-03
-1.940000e+00	7.587331e-03
-1.937500e+00	8.509318e-03
-1.935000e+00	9.571350e-03
-1.932500e+00	1.070514e-02
-1.930000e+00	1.196627e-02
-1.927500e+00	1.332493e-02
-1.925000e+00	1.434762e-02
-1.922500e+00	1.434473e-02
-1.920000e+00	1.311021e-02
-1.917500e+00	1.120207e-02
-1.915000e+00	9.302874e-03
-1.912500e+00	7.752784e-03
-1.910000e+00	6.610625e-03
-1.907500e+00	5.827436e-03
-1.905000e+00	5.340793e-03
-1.902500e+00	5.105963e-03
-1.900000e+00	5.100291e-03
-1.897500e+00	5.315283e-03
-1.895000e+00	5.733165e-03
-1.892500e+00	6.278719e-03
-1.890000e+00	6.774607e-03
-1.887500e+00	7.019886e-03
-1.885000e+00	7.007126e-03
-1.882500e+00	6.949880e-03
-1.880000e+00	7.043602e-03
-1.877500e+00	7.286973e-03
-1.875000e+00	7.461213e-03
-1.872500e+00	7.291976e-03
-1.870000e+00	6.746608e-03
-1.867500e+00	6.064057e-03
-1.865000e+00	5.489656e-03
-1.862500e+00	5.140089e-03
-1.860000e+00	5.043830e-03
-1.857500e+00	5.194201e-03
-1.855000e+00	5.552646e-03
-1.852500e+00	6.004726e-03
-1.850000e+00	6.329115e-03
-1.847500e+00	6.319494e-03
-1.845000e+00	6.006540e-03
-1.842500e+00	5.625527e-03
-1.840000e+00	5.388529e-03
-1.837500e+00	5.398445e-03
-1.835000e+00	5.684634e-03
-1.832500e+00	6.219196e-03
-1.830000e+00	6.868724e-03
-1.827500e+00	7.341857e-03
-1.825000e+00	7.324047e-03
-1.822500e+00	6.796412e-03
-1.820000e+00	6.053970e-03
-1.817500e+00	5.389728e-03
-1.815000e+00	4.939198e-03
-1.812500e+00	4.730124e-03
-1.810000e+00	4.747088e-03
-1.807500e+00	4.943139e-03
-1.805000e+00	5.208025e-03
-1.802500e+00	5.355749e-03
-1.800000e+00	5.238842e-03
-1.797500e+00	4.903144e-03
-1.795000e+00	4.523498e-03
-1.792500e+00	4.234545e-03
-1.790000e+00	4.088406e-03
-1.787500e+00	4.094336e-03
-1.785000e+00	4.252620e-03
-1.782500e+00	4.566454e-03
-1.780000e+00	5.037111e-03
-1.777500e+00	5.646323e-03
-1.775000e+00	6.346697e-03
-1.772500e+00	7.111724e-03
-1.770000e+00	8.023494e-03
-1.767500e+00	9.257918e-03
-1.765000e+00	1.097167e-02
-1.762500e+00	1.317700e-02
-1.760000e+00	1.555638e-02
-1.757500e+00	1.731176e-02
-1.755000e+00	1.756407e-02
-1.752500e+00	1.628513e-02
-1.750000e+00	1.435376e-02
-1.747500e+00	1.264012e-02
-1.745000e+00	1.155293e-02
-1.742500e+00	1.117357e-02
-1.740000e+00	1.141344e-02
-1.737500e+00	1.199940e-02
-1.735000e+00	1.240398e-02
-1.732500e+00	1.206433e-02
-1.730000e+00	1.091059e-02
-1.727500e+00	9.406183e-03
-1.725000e+00	8.021260e-03
-1.722500e+00	6.963701e-03
-1.720000e+00	6.256808e-03
-1.717500e+00	5.848175e-03
-1.715000e+00	5.642751e-03
-1.712500e+00	5.497322e-03
-1.710000e+00	5.266786e-03
-1.707500e+00	4.918457e-03
-1.705000e+00	4.544080e-03
-1.702500e+00	4.244425e-03
-1.700000e+00	4.067481e-03
-1.697500e+00	4.025390e-03
-1.695000e+00	4.121489e-03
-1.692500e+00	4.362816e-03
-1.690000e+00	4.759038e-03
-1.687500e+00	5.306188e-03
-1.685000e+00	5.953478e-03
-1.682500e+00	6.588356e-03
-1.680000e+00	7.125679e-03
-1.677500e+00	7.649373e-03
-1.675000e+00	8.379686e-03
-1.672500e+00	9.519941e-03
-1.670000e+00	1.116538e-02
-1.667500e+00	1.320559e-02
-1.665000e+00	1.514610e-02
-1.662500e+00	1.613015e-02
-1.660000e+00	1.561369e-02
-1.657500e+00	1.401386e-02
-1.655000e+00	1.220687e-02
-1.652500e+00	1.073897e-02
-1.650000e+00	9.679662e-03
-1.647500e+00	8.817140e-03
-1.645000e+00	7.935481e-03
-1.642500e+00	7.029228e-03
-1.640000e+00	6.236254e-03
-1.637500e+00	5.662872e-03
-1.635000e+00	5.344062e-03
-1.632500e+00	5.282631e-03
-1.630000e+00	5.475576e-03
-1.627500e+00	5.903945e-03
-1.625000e+00	6.479180e-03
-1.622500e+00	6.970489e-03
-1.620000e+00	7.057344e-03
-1.617500e+00	6.614111e-03
-1.615000e+00	5.856473e-03
-1.612500e+00	5.087177e-03
-1.610000e+00	4.472970e-03
-1.607500e+00	4.055461e-03
-1.605000e+00	3.825803e-03
-1.602500e+00	3.766128e-03
-1.600000e+00	3.855966e-03
-1.597500e+00	4.052621e-03
-1.595000e+00	4.257563e-03
-1.592500e+00	4.326069e-03
-1.590000e+00	4.182566e-03
-1.587500e+00	3.906789e-03
-1.585000e+00	3.638440e-03
-1.582500e+00	3.466270e-03
-1.580000e+00	3.422490e-03
-1.577500e+00	3.514367e-03
-1.575000e+00	3.738539e-03
-1.572500e+00	4.068461e-03
-1.570000e+00	4.421496e-03
-1.567500e+00	4.655007e-03
-1.565000e+00	4.671196e-03
-1.562500e+00	4.533799e-03
-1.560000e+00	4.398230e-03
-1.557500e+00	4.380974e-03
-1.555000e+00	4.537422e-03
-1.552500e+00	4.895901e-03
-1.550000e+00	5.478903e-03
-1.547500e+00	6.293047e-03
-1.545000e+00	7.279611e-03
-1.542500e+00	8.247680e-03
-1.540000e+00	8.927059e-03
-1.537500e+00	9.244458e-03
-1.535000e+00	9.469208e-03
-1.532500e+00	9.970389e-03
-1.530000e+00	1.098364e-02
-1.527500e+00	1.255015e-02
-1.525000e+00	1.442360e-02
-1.522500e+00	1.593979e-02
-1.520000e+00	1.628090e-02
-1.517500e+00	1.528423e-02
-1.515000e+00	1.365110e-02
-1.512500e+00	1.217776e-02
-1.510000e+00	1.124668e-02
-1.507500e+00	1.086112e-02
-1.505000e+00	1.074740e-02
-1.502500e+00	1.045727e-02
-1.500000e+00	9.687051e-03
-1.497500e+00	8.563049e-03
-1.495000e+00	7.428832e-03
-1.492500e+00	6.513056e-03
-1.490000e+00	5.882629e-03
-1.487500e+00	5.530161e-03
-1.485000e+00	5.437967e-03
-1.482500e+00	5.603150e-03
-1.480000e+00	6.040906e-03
-1.477500e+00	6.769064e-03
-1.475000e+00	7.757161e-03
-1.472500e+00	8.823170e-03
-1.470000e+00	9.561868e-03
-1.467500e+00	9.565887e-03
-1.465000e+00	8.868416e-03
-1.462500e+00	7.912484e-03
-1.460000e+00	7.103378e-03
-1.457500e+00	6.621515e-03
-1.455000e+00	6.493715e-03
-1.452500e+00	6.655409e-03
-1.450000e+00	6.931698e-03
-1.447500e+00	7.032943e-03
-1.445000e+00	6.735585e-03
-1.442500e+00	6.111404e-03
-1.440000e+00	5.420939e-03
-1.437500e+00	4.860299e-03
-1.435000e+00	4.502390e-03
-1.432500e+00	4.356931e-03
-1.430000e+00	4.418682e-03
-1.427500e+00	4.678546e-03
-1.425000e+00	5.100483e-03
-1.422500e+00	5.569049e-03
-1.420000e+00	5.868475e-03
-1.417500e+00	5.822063e-03
-1.415000e+00	5.492504e-03
-1.412500e+00	5.111645e-03
-1.410000e+00	4.866784e-03
-1.407500e+00	4.841210e-03
-1.405000e+00	5.055278e-03
-1.402500e+00	5.484756e-03
-1.400000e+00	6.025936e-03
-1.397500e+00	6.460191e-03
-1.395000e+00	6.565078e-03
-1.392500e+00	6.353429e-03
-1.390000e+00	6.071449e-03
-1.387500e+00	5.957085e-03
-1.385000e+00	6.119200e-03
-1.382500e+00	6.539098e-03
-1.380000e+00	7.048420e-03
-1.377500e+00	7.323287e-03
-1.375000e+00	7.088985e-03
-1.372500e+00	6.411143e-03
-1.370000e+00	5.599641e-03
-1.367500e+00	4.898812e-03
-1.365000e+00	4.399425e-03
-1.362500e+00	4.107859e-03
-1.360000e+00	4.009583e-03
-1.357500e+00	4.095780e-03
-1.355000e+00	4.366778e-03
-1.352500e+00	4.817003e-03
-1.350000e+00	5.393421e-03
-1.347500e+00	5.936968e-03
-1.345000e+00	6.206456e-03
-1.342500e+00	6.088233e-03
-1.340000e+00	5.740947e-03
-1.337500e+00	5.421196e-03
-1.335000e+00	5.294592e-03
-1.332500e+00	5.432256e-03
-1.330000e+00	5.868210e-03
-1.327500e+00	6.623420e-03
-1.325000e+00	7.673846e-03
-1.322500e+00	8.853866e-03
-1.320000e+00	9.769949e-03
-1.317500e+00	9.986622e-03
-1.315000e+00	9.486647e-03
-1.312500e+00	8.706159e-03
-1.310000e+00	8.065068e-03
-1.307500e+00	7.697354e-03
-1.305000e+00	7.478503e-03
-1.302500e+00	7.179396e-03
-1.300000e+00	6.708819e-03
-1.297500e+00	6.201324e-03
-1.295000e+00	5.844510e-03
-1.292500e+00	5.747787e-03
-1.290000e+00	5.950385e-03
-1.287500e+00	6.443699e-03
-1.285000e+00	7.134669e-03
-1.282500e+00	7.767288e-03
-1.280000e+00	7.963979e-03
-1.277500e+00	7.543277e-03
-1.275000e+00	6.729797e-03
-1.272500e+00	5.884293e-03
-1.270000e+00	5.219954e-03
-1.267500e+00	4.798045e-03
-1.265000e+00	4.617079e-03
-1.262500e+00	4.669152e-03
-1.260000e+00	4.960112e-03
-1.257500e+00	5.508409e-03
-1.255000e+00	6.320195e-03
-1.252500e+00	7.321244e-03
-1.250000e+00	8.252881e-03
-1.247500e+00	8.690012e-03
-1.245000e+00	8.388929e-03
-1.242500e+00	7.584255e-03
-1.240000e+00	6.717094e-03
-1.237500e+00	6.068596e-03
-1.235000e+00	5.712432e-03
-1.232500e+00	5.584527e-03
-1.230000e+00	5.517078e-03
-1.227500e+00	5.310506e-03
-1.225000e+00	4.899556e-03
-1.222500e+00	4.401394e-03
-1.220000e+00	3.963379e-03
-1.217500e+00	3.660289e-03
-1.215000e+00	3.510163e-03
-1.212500e+00	3.513114e-03
-1.210000e+00	3.670476e-03
-1.207500e+00	3.984022e-03
-1.205000e+00	4.434336e-03
-1.202500e+00	4.937656e-03
-1.200000e+00	5.328342e-03
-1.197500e+00	5.472933e-03
-1.195000e+00	5.437840e-03
-1.192500e+00	5.432402e-03
-1.190000e+00	5.617664e-03
-1.187500e+00	6.015741e-03
-1.185000e+00	6.477216e-03
-1.182500e+00	6.695985e-03
-1.180000e+00	6.425308e-03
-1.177500e+00	5.746192e-03
-1.175000e+00	4.953562e-03
-1.172500e+00	4.268299e-03
-1.170000e+00	3.767533e-03
-1.167500e+00	3.452210e-03
-1.165000e+00	3.304105e-03
-1.162500e+00	3.307065e-03
-1.160000e+00	3.444103e-03
-1.157500e+00	3.674714e-03
-1.155000e+00	3.902523e-03
-1.152500e+00	3.991122e-03
-1.150000e+00	3.880869e-03
-1.147500e+00	3.661653e-03
-1.145000e+00	3.472518e-03
-1.142500e+00	3.401258e-03
-1.140000e+00	3.483268e-03
-1.137500e+00	3.726219e-03
-1.135000e+00	4.106578e-03
-1.132500e+00	4.530999e-03
-1.130000e+00	4.811779e-03
-1.127500e+00	4.774733e-03
-1.125000e+00	4.446763e-03
-1.122500e+00	4.021339e-03
-1.120000e+00	3.664256e-03
-1.117500e+00	3.445689e-03
-1.115000e+00	3.380519e-03
-1.112500e+00	3.469961e-03
-1.110000e+00	3.718291e-03
-1.107500e+00	4.129036e-03
-1.105000e+00	4.678006e-03
-1.102500e+00	5.261719e-03
-1.100000e+00	5.678338e-03
-1.097500e+00	5.765445e-03
-1.095000e+00	5.595346e-03
-1.092500e+00	5.406001e-03
-1.090000e+00	5.394416e-03
-1.087500e+00	5.659812e-03
-1.085000e+00	6.239437e-03
-1.082500e+00	7.109475e-03
-1.080000e+00	8.111455e-03
-1.077500e+00	8.875394e-03
-1.075000e+00	8.986220e-03
-1.072500e+00	8.409616e-03
-1.070000e+00	7.539480e-03
-1.067500e+00	6.779566e-03
-1.065000e+00	6.316356e-03
-1.062500e+00	6.160668e-03
-1.060000e+00	6.201423e-03
-1.057500e+00	6.225079e-03
-1.055000e+00	6.029214e-03
-1.052500e+00	5.612378e-03
-1.050000e+00	5.152263e-03
-1.047500e+00	4.813456e-03
-1.045000e+00	4.672862e-03
-1.042500e+00	4.756992e-03
-1.040000e+00	5.081710e-03
-1.037500e+00	5.660341e-03
-1.035000e+00	6.472682e-03
-1.032500e+00	7.385367e-03
-1.030000e+00	8.079052e-03
-1.027500e+00	8.191747e-03
-1.025000e+00	7.692129e-03
-1.022500e+00	6.924223e-03
-1.020000e+00	6.243532e-03
-1.017500e+00	5.824174e-03
-1.015000e+00	5.714912e-03
-1.012500e+00	5.922120e-03
-1.010000e+00	6.435437e-03
-1.007500e+00	7.191549e-03
-1.005000e+00	7.990788e-03
-1.002500e+00	8.483095e-03
-1.000000e+00	8.421915e-03
-9.975000e-01	7.958798e-03
-9.950000e-01	7.477915e-03
-9.925000e-01	7.260445e-03
-9.900000e-01	7.396557e-03
-9.875000e-01	7.806187e-03
-9.850000e-01	8.219191e-03
-9.825000e-01	8.245783e-03
-9.800000e-01	7.699376e-03
-9.775000e-01	6.794575e-03
-9.750000e-01	5.874284e-03
-9.725000e-01	5.135142e-03
-9.700000e-01	4.626329e-03
-9.675000e-01	4.335979e-03
-9.650000e-01	4.244815e-03
-9.625000e-01	4.346038e-03
-9.600000e-01	4.649285e-03
-9.575000e-01	5.174270e-03
-9.550000e-01	5.925179e-03
-9.525000e-01	6.826032e-03
-9.500000e-01	7.629765e-03
-9.475000e-01	7.956763e-03
-9.450000e-01	7.623964e-03
-9.425000e-01	6.870121e-03
-9.400000e-01	6.079950e-03
-9.375000e-01	5.485324e-03
-9.350000e-01	5.154718e-03
-9.325000e-01	5.074434e-03
-9.300000e-01	5.180299e-03
-9.275000e-01	5.345426e-03
-9.250000e-01	5.410466e-03
-9.225000e-01	5.316552e-03
-9.200000e-01	5.172417e-03
-9.175000e-01	5.135509e-03
-9.150000e-01	5.305237e-03
-9.125000e-01	5.713591e-03
-9.100000e-01	6.320118e-03
-9.075000e-01	6.969756e-03
-9.050000e-01	7.408438e-03
-9.025000e-01	7.494561e-03
-9.000000e-01	7.387507e-03
-8.975000e-01	7.383336e-03
-8.950000e-01	7.665284e-03
-8.925000e-01	8.215169e-03
-8.900000e-01	8.779242e-03
-8.875000e-01	8.933255e-03
-8.850000e-01	8.428944e-03
-8.825000e-01	7.467941e-03
-8.800000e-01	6.439449e-03
-8.775000e-01	5.584049e-03
-8.750000e-01	4.966064e-03
-8.725000e-01	4.569248e-03
-8.700000e-01	4.361112e-03
-8.675000e-01	4.317270e-03
-8.650000e-01	4.427828e-03
-8.625000e-01	4.698717e-03
-8.600000e-01	5.152702e-03
-8.575000e-01	5.830741e-03
-8.550000e-01	6.790849e-03
-8.525000e-01	8.094715e-03
-8.500000e-01	9.759793e-03
-8.475000e-01	1.165693e-02
-8.450000e-01	1.343547e-02
-8.425000e-01	1.473305e-02
-8.400000e-01	1.556878e-02
-8.375000e-01	1.616677e-02
-8.350000e-01	1.635212e-02
-8.325000e-01	1.560319e-02
-8.300000e-01	1.383141e-02
-8.275000e-01	1.160505e-02
-8.250000e-01	9.524843e-03
-8.225000e-01	7.851661e-03
-8.200000e-01	6.600387e-03
-8.175000e-01	5.700332e-03
-8.150000e-01	5.075007e-03
-8.125000e-01	4.666176e-03
-8.100000e-01	4.436796e-03
-8.075000e-01	4.368462e-03
-8.050000e-01	4.457644e-03
-8.025000e-01	4.709006e-03
-8.000000e-01	5.118865e-03
-7.975000e-01	5.640738e-03
-7.950000e-01	6.154309e-03
-7.925000e-01	6.526453e-03
-7.900000e-01	6.771495e-03
-7.875000e-01	7.064177e-03
-7.850000e-01	7.548265e-03
-7.825000e-01	8.174118e-03
-7.800000e-01	8.653120e-03
-7.775000e-01	8.633248e-03
-7.750000e-01	8.074926e-03
-7.725000e-01	7.299444e-03
-7.700000e-01	6.642714e-03
-7.675000e-01	6.271065e-03
-7.650000e-01	6.232793e-03
-7.625000e-01	6.530658e-03
-7.600000e-01	7.128629e-03
-7.575000e-01	7.887345e-03
-7.550000e-01	8.487530e-03
-7.525000e-01	8.548439e-03
-7.500000e-01	7.996662e-03
-7.475000e-01	7.151401e-03
-7.450000e-01	6.371172e-03
-7.425000e-01	5.836143e-03
-7.400000e-01	5.591667e-03
-7.375000e-01	5.629780e-03
-7.350000e-01	5.911912e-03
-7.325000e-01	6.332328e-03
-7.300000e-01	6.671053e-03
-7.275000e-01	6.677128e-03
-7.250000e-01	6.308416e-03
-7.225000e-01	5.774454e-03
-7.200000e-01	5.303150e-03
-7.175000e-01	5.006395e-03
-7.150000e-01	4.913090e-03
-7.125000e-01	5.027566e-03
-7.100000e-01	5.360780e-03
-7.075000e-01	5.941875e-03
-7.050000e-01	6.818725e-03
-7.025000e-01	8.042139e-03
-7.000000e-01	9.609938e-03
-6.975000e-01	1.134356e-02
-6.950000e-01	1.277819e-02
-6.925000e-01	1.338888e-02
-6.900000e-01	1.316805e-02
-6.875000e-01	1.267765e-02
-6.850000e-01	1.243518e-02
-6.825000e-01	1.251088e-02
-6.800000e-01	1.252923e-02
-6.775000e-01	1.200301e-02
-6.750000e-01	1.086710e-02
-6.725000e-01	9.519599e-03
-6.700000e-01	8.361498e-03
-6.675000e-01	7.572460e-03
-6.650000e-01	7.186440e-03
-6.625000e-01	7.193531e-03
-6.600000e-01	7.574875e-03
-6.575000e-01	8.270026e-03
-6.550000e-01	9.082526e-03
-6.525000e-01	9.614716e-03
-6.500000e-01	9.478548e-03
-6.475000e-01	8.703127e-03
-6.450000e-01	7.691958e-03
-6.425000e-01	6.806051e-03
-6.400000e-01	6.199202e-03
-6.375000e-01	5.895465e-03
-6.350000e-01	5.870042e-03
-6.325000e-01	6.064434e-03
-6.300000e-01	6.355575e-03
-6.275000e-01	6.555996e-03
-6.250000e-01	6.547191e-03
-6.225000e-01	6.418212e-03
-6.200000e-01	6.372627e-03
-6.175000e-01	6.571035e-03
-6.150000e-01	7.106100e-03
-6.125000e-01	8.032549e-03
-6.100000e-01	9.350677e-03
-6.075000e-01	1.089919e-02
-6.050000e-01	1.220514e-02
-6.025000e-01	1.259924e-02
-6.000000e-01	1.182497e-02
-5.975000e-01	1.035114e-02
-5.950000e-01	8.829583e-03
-5.925000e-01	7.618775e-03
-5.900000e-01	6.802396e-03
-5.875000e-01	6.334889e-03
-5.850000e-01	6.105415e-03
-5.825000e-01	5.948184e-03
-5.800000e-01	5.707606e-03
-5.775000e-01	5.362842e-03
-5.750000e-01	5.022474e-03
-5.725000e-01	4.796561e-03
-5.700000e-01	4.740604e-03
-5.675000e-01	4.878366e-03
-5.650000e-01	5.229061e-03
-5.625000e-01	5.812480e-03
-5.600000e-01	6.623663e-03
-5.575000e-01	7.564761e-03
-5.550000e-01	8.370414e-03
-5.525000e-01	8.706140e-03
-5.500000e-01	8.508164e-03
-5.475000e-01	8.086722e-03
-5.450000e-01	7.809196e-03
-5.425000e-01	7.883722e-03
-5.400000e-01	8.376450e-03
-5.375000e-01	9.237722e-03
-5.350000e-01	1.023475e-02
-5.325000e-01	1.090444e-02
-5.300000e-01	1.082344e-02
-5.275000e-01	1.006522e-02
-5.250000e-01	9.110505e-03
-5.225000e-01	8.374322e-03
-5.200000e-01	8.042663e-03
-5.175000e-01	8.164431e-03
-5.150000e-01	8.726208e-03
-5.125000e-01	9.625341e-03
-5.100000e-01	1.056277e-02
-5.075000e-01	1.103339e-02
-5.050000e-01	1.068903e-02
-5.025000e-01	9.732968e-03
-5.000000e-01	8.670834e-03
-4.975000e-01	7.861153e-03
-4.950000e-01	7.437997e-03
-4.925000e-01	7.421423e-03
-4.900000e-01	7.783260e-03
-4.875000e-01	8.422366e-03
-4.850000e-01	9.083032e-03
-4.825000e-01	9.375535e-03
-4.800000e-01	9.083839e-03
-4.775000e-01	8.418241e-03
-4.750000e-01	7.770968e-03
-4.725000e-01	7.403088e-03
-4.700000e-01	7.416491e-03
-4.675000e-01	7.827243e-03
-4.650000e-01	8.573430e-03
-4.625000e-01	9.434289e-03
-4.600000e-01	9.977970e-03
-4.575000e-01	9.808905e-03
-4.550000e-01	8.990270e-03
-4.525000e-01	7.959945e-03
-4.500000e-01	7.090956e-03
-4.475000e-01	6.538566e-03
-4.450000e-01	6.323987e-03
-4.425000e-01	6.405023e-03
-4.400000e-01	6.668215e-03
-4.375000e-01	6.892720e-03
-4.350000e-01	6.830354e-03
-4.325000e-01	6.434216e-03
-4.300000e-01	5.901672e-03
-4.275000e-01	5.452117e-03
-4.250000e-01	5.196842e-03
-4.225000e-01	5.167890e-03
-4.200000e-01	5.366321e-03
-4.175000e-01	5.770339e-03
-4.150000e-01	6.303055e-03
-4.125000e-01	6.803496e-03
-4.100000e-01	7.113717e-03
-4.075000e-01	7.265862e-03
-4.050000e-01	7.481688e-03
-4.025000e-01	7.984566e-03
-4.000000e-01	8.896608e-03
-3.975000e-01	1.020404e-02
-3.950000e-01	1.165558e-02
-3.925000e-01	1.267053e-02
-3.900000e-01	1.263430e-02
-3.875000e-01	1.153927e-02
-3.850000e-01	9.987396e-03
-3.825000e-01	8.550698e-03
-3.800000e-01	7.479009e-03
-3.775000e-01	6.810189e-03
-3.750000e-01	6.510239e-03
-3.725000e-01	6.527420e-03
-3.700000e-01	6.777422e-03
-3.675000e-01	7.098134e-03
-3.650000e-01	7.274394e-03
-3.625000e-01	7.217797e-03
-3.600000e-01	7.078844e-03
-3.575000e-01	7.092231e-03
-3.550000e-01	7.419521e-03
-3.525000e-01	8.133958e-03
-3.500000e-01	9.216752e-03
-3.475000e-01	1.046955e-02
-3.450000e-01	1.141687e-02
-3.425000e-01	1.151514e-02
-3.400000e-01	1.070441e-02
-3.375000e-01	9.484355e-03
-3.350000e-01	8.377611e-03
-3.325000e-01	7.634969e-03
-3.300000e-01	7.305466e-03
-3.275000e-01	7.335269e-03
-3.250000e-01	7.570849e-03
-3.225000e-01	7.733391e-03
-3.200000e-01	7.545869e-03
-3.175000e-01	6.996848e-03
-3.150000e-01	6.332955e-03
-3.125000e-01	5.791356e-03
-3.100000e-01	5.481033e-03
-3.075000e-01	5.426446e-03
-3.050000e-01	5.613742e-03
-3.025000e-01	5.984421e-03
-3.000000e-01	6.393182e-03
-2.975000e-01	6.624129e-03
-2.950000e-01	6.567763e-03
-2.925000e-01	6.358326e-03
-2.900000e-01	6.231369e-03
-2.875000e-01	6.348924e-03
-2.850000e-01	6.776719e-03
-2.825000e-01	7.495073e-03
-2.800000e-01	8.347884e-03
-2.775000e-01	8.990531e-03
-2.750000e-01	9.066388e-03
-2.725000e-01	8.584448e-03
-2.700000e-01	7.917400e-03
-2.675000e-01	7.424067e-03
-2.650000e-01	7.273489e-03
-2.625000e-01	7.488038e-03
-2.600000e-01	7.971062e-03
-2.575000e-01	8.475311e-03
-2.550000e-01	8.673658e-03
-2.525000e-01	8.450603e-03
-2.500000e-01	8.037468e-03
-2.475000e-01	7.732591e-03
-2.450000e-01	7.636575e-03
-2.425000e-01	7.616288e-03
-2.400000e-01	7.435079e-03
-2.375000e-01	7.008990e-03
-2.350000e-01	6.498978e-03
-2.325000e-01	6.118119e-03
-2.300000e-01	5.989970e-03
-2.275000e-01	6.166585e-03
-2.250000e-01	6.675436e-03
-2.225000e-01	7.522720e-03
-2.200000e-01	8.630869e-03
-2.175000e-01	9.718103e-03
-2.150000e-01	1.028378e-02
-2.125000e-01	9.976015e-03
-2.100000e-01	9.000767e-03
-2.075000e-01	7.873894e-03
-2.050000e-01	6.954677e-03
-2.025000e-01	6.351450e-03
-2.000000e-01	6.015029e-03
-1.975000e-01	5.806823e-03
-1.950000e-01	5.577088e-03
-1.925000e-01	5.287998e-03
-1.900000e-01	5.030938e-03
-1.875000e-01	4.915072e-03
-1.850000e-01	5.004578e-03
-1.825000e-01	5.328050e-03
-1.800000e-01	5.882189e-03
-1.775000e-01	6.589192e-03
-1.750000e-01	7.228467e-03
-1.725000e-01	7.487849e-03
-1.700000e-01	7.247833e-03
-1.675000e-01	6.735397e-03
-1.650000e-01	6.272929e-03
-1.625000e-01	6.045913e-03
-1.600000e-01	6.093045e-03
-1.575000e-01	6.341902e-03
-1.550000e-01	6.619656e-03
-1.525000e-01	6.744448e-03
-1.500000e-01	6.712181e-03
-1.475000e-01	6.703692e-03
-1.450000e-01	6.876959e-03
-1.425000e-01	7.218085e-03
-1.400000e-01	7.517452e-03
-1.375000e-01	7.510271e-03
-1.350000e-01	7.163239e-03
-1.325000e-01	6.719990e-03
-1.300000e-01	6.440902e-03
-1.275000e-01	6.445623e-03
-1.250000e-01	6.709750e-03
-1.225000e-01	7.062184e-03
-1.200000e-01	7.221467e-03
-1.175000e-01	7.013387e-03
-1.150000e-01	6.559614e-03
-1.125000e-01	6.102718e-03
-1.100000e-01	5.747569e-03
-1.075000e-01	5.430484e-03
-1.050000e-01	5.064509e-03
-1.025000e-01	4.675490e-03
-1.000000e-01	4.363117e-03
-9.750000e-02	4.198283e-03
-9.500000e-02	4.195353e-03
-9.250000e-02	4.320133e-03
-9.000000e-02	4.500202e-03
-8.750000e-02	4.676393e-03
-8.500000e-02	4.876418e-03
-8.250000e-02	5.188190e-03
-8.000000e-02	5.648203e-03
-7.750000e-02	6.156562e-03
-7.500000e-02	6.486733e-03
-7.250000e-02	6.477226e-03
-7.000000e-02	6.224837e-03
-6.750000e-02	5.946593e-03
-6.500000e-02	5.741703e-03
-6.250000e-02	5.584431e-03
-6.000000e-02	5.449486e-03
-5.750000e-02	5.324902e-03
-5.500000e-02	5.136013e-03
-5.250000e-02	4.806265e-03
-5.000000e-02	4.385836e-03
-4.750000e-02	4.005956e-03
-4.500000e-02	3.756011e-03
-4.250000e-02	3.650065e-03
-4.000000e-02	3.641481e-03
-3.750000e-02	3.649548e-03
-3.500000e-02	3.626397e-03
-3.250000e-02	3.609275e-03
-3.000000e-02	3.667174e-03
-2.750000e-02	3.815050e-03
-2.500000e-02	3.980537e-03
-2.250000e-02	4.036455e-03
-2.000000e-02	3.901979e-03
-1.750000e-02	3.617115e-03
-1.500000e-02	3.275774e-03
-1.250000e-02	2.936572e-03
-1.000000e-02	2.629446e-03
-7.500000e-03	2.371008e-03
-5.000000e-03	2.156787e-03
-2.500000e-03	1.968473e-03
-6.394885e-14	1.788200e-03
2.500000e-03	1.611267e-03
5.000000e-03	1.447697e-03
7.500000e-03	1.307942e-03
1.000000e-02	1.194348e-03
1.250000e-02	1.103676e-03
1.500000e-02	1.031210e-03
1.750000e-02	9.727072e-04
2.000000e-02	9.248606e-04
2.250000e-02	8.852145e-04
2.500000e-02	8.519663e-04
2.750000e-02	8.237867e-04
3.000000e-02	7.996841e-04
3.250000e-02	7.789081e-04
3.500000e-02	7.608828e-04
3.750000e-02	7.451594e-04
4.000000e-02	7.313840e-04
4.250000e-02	7.192733e-04
4.500000e-02	7.085987e-04
4.750000e-02	6.991732e-04
5.000000e-02	6.908425e-04
5.250000e-02	6.834785e-04
5.500000e-02	6.769735e-04
5.750000e-02	6.712367e-04
6.000000e-02	6.661908e-04
6.250000e-02	6.617696e-04
6.500000e-02	6.579163e-04
6.750000e-02	6.545816e-04
7.000000e-02	6.517229e-04
7.250000e-02	6.493028e-04
7.500000e-02	6.472886e-04
7.750000e-02	6.456517e-04
8.000000e-02	6.443667e-04
8.250000e-02	6.434113e-04
8.500000e-02	6.427655e-04
8.750000e-02	6.424119e-04
9.000000e-02	6.423346e-04
9.250000e-02	6.425196e-04
9.500000e-02	6.429545e-04
9.750000e-02	6.436281e-04
1.000000e-01	6.445304e-04
1.025000e-01	6.456524e-04
1.050000e-01	6.469862e-04
1.075000e-01	6.485245e-04
1.100000e-01	6.502611e-04
1.125000e-01	6.521902e-04
1.150000e-01	6.543067e-04
1.175000e-01	6.566062e-04
1.200000e-01	6.590845e-04
1.225000e-01	6.617384e-04
1.250000e-01	6.645646e-04
1.275000e-01	6.675606e-04
1.300000e-01	6.707240e-04
1.325000e-01	6.740529e-04
1.350000e-01	6.775458e-04
1.375000e-01	6.812013e-04
1.400000e-01	6.850184e-04
1.425000e-01	6.889965e-04
1.450000e-01	6.931349e-04
1.475000e-01	6.974336e-04
1.500000e-01	7.018924e-04
1.525000e-01	7.065116e-04
1.550000e-01	7.112917e-04
1.575000e-01	7.162333e-04
1.600000e-01	7.213373e-04
1.625000e-01	7.266046e-04
1.650000e-01	7.320366e-04
1.675000e-01	7.376347e-04
1.700000e-01	7.434004e-04
1.725000e-01	7.493356e-04
1.750000e-01	7.554423e-04
1.775000e-01	7.617225e-04
1.800000e-01	7.681787e-04
1.825000e-01	7.748133e-04
1.850000e-01	7.816290e-04
1.875000e-01	7.886287e-04
1.900000e-01	7.958154e-04
1.925000e-01	8.031924e-04
1.950000e-01	8.107631e-04
1.975000e-01	8.185310e-04
2.000000e-01	8.265001e-04
2.025000e-01	8.346742e-04
2.050000e-01	8.430576e-04
2.075000e-01	8.516546e-04
2.100000e-01	8.604699e-04
2.125000e-01	8.695083e-04
2.150000e-01	8.787749e-04
2.175000e-01	8.882749e-04
2.200000e-01	8.980138e-04
2.225000e-01	9.079973e-04
2.250000e-01	9.182316e-04
2.275000e-01	9.287228e-04
2.300000e-01	9.394775e-04
2.325000e-01	9.505024e-04
2.350000e-01	9.618048e-04
2.375000e-01	9.733919e-04
2.400000e-01	9.852716e-04
2.425000e-01	9.974518e-04
2.450000e-01	1.009941e-03
2.475000e-01	1.022748e-03
2.500000e-01	1.035881e-03
2.525000e-01	1.049351e-03
2.550000e-01	1.063167e-03
2.575000e-01	1.077339e-03
2.600000e-01	1.091879e-03
2.625000e-01	1.106797e-03
2.650000e-01	1.122105e-03
2.675000e-01	1.137816e-03
2.700000e-01	1.153941e-03
2.725000e-01	1.170495e-03
2.750000e-01	1.187490e-03
2.775000e-01	1.204943e-03
2.800000e-01	1.222867e-03
2.825000e-01	1.241278e-03
2.850000e-01	1.260193e-03
2.875000e-01	1.279630e-03
2.900000e-01	1.299606e-03
2.925000e-01	1.320139e-03
2.950000e-01	1.341250e-03
2.975000e-01	1.362960e-03
3.000000e-01	1.385289e-03
3.025000e-01	1.408261e-03
3.050000e-01	1.431898e-03
3.075000e-01	1.456227e-03
3.100000e-01	1.481272e-03
3.125000e-01	1.507062e-03
3.150000e-01	1.533624e-03
3.175000e-01	1.560989e-03
3.200000e-01	1.589188e-03
3.225000e-01	1.618254e-03
3.250000e-01	1.648223e-03
3.275000e-01	1.679130e-03
3.300000e-01	1.711015e-03
3.325000e-01	1.743917e-03
3.350000e-01	1.777880e-03
3.375000e-01	1.812949e-03
3.400000e-01	1.849170e-03
3.425000e-01	1.886594e-03
3.450000e-01	1.925274e-03
3.475000e-01	1.965265e-03
3.500000e-01	2.006627e-03
3.525000e-01	2.049421e-03
3.550000e-01	2.093714e-03
3.575000e-01	2.139575e-03
3.600000e-01	2.187078e-03
3.625000e-01	2.236301e-03
3.650000e-01	2.287328e-03
3.675000e-01	2.340246e-03
3.700000e-01	2.395149e-03
3.725000e-01	2.452137e-03
3.750000e-01	2.511315e-03
3.775000e-01	2.572796e-03
3.800000e-01	2.636700e-03
3.825000e-01	2.703155e-03
3.850000e-01	2.772297e-03
3.875000e-01	2.844273e-03
3.900000e-01	2.919238e-03
3.925000e-01	2.997358e-03
3.950000e-01	3.078812e-03
3.975000e-01	3.163792e-03
4.000000e-01	3.252503e-03
4.025000e-01	3.345165e-03
4.050000e-01	3.442015e-03
4.075000e-01	3.543307e-03
4.100000e-01	3.649318e-03
4.125000e-01	3.760343e-03
4.150000e-01	3.876701e-03
4.175000e-01	3.998739e-03
4.200000e-01	4.126830e-03
4.225000e-01	4.261381e-03
4.250000e-01	4.402831e-03
4.275000e-01	4.551659e-03
4.300000e-01	4.708385e-03
4.325000e-01	4.873575e-03
4.350000e-01	5.047849e-03
4.375000e-01	5.231882e-03
4.400000e-01	5.426415e-03
4.425000e-01	5.632259e-03
4.450000e-01	5.850306e-03
4.475000e-01	6.081535e-03
4.500000e-01	6.327030e-03
4.525000e-01	6.587983e-03
4.550000e-01	6.865715e-03
4.575000e-01	7.161693e-03
4.600000e-01	7.477544e-03
4.625000e-01	7.815082e-03
4.650000e-01	8.176333e-03
4.675000e-01	8.563560e-03
4.700000e-01	8.979309e-03
4.725000e-01	9.426437e-03
4.750000e-01	9.908172e-03
4.775000e-01	1.042817e-02
4.800000e-01	1.099056e-02
4.825000e-01	1.160007e-02
4.850000e-01	1.226208e-02
4.875000e-01	1.298278e-02
4.900000e-01	1.376927e-02
4.925000e-01	1.462976e-02
4.950000e-01	1.557378e-02
4.975000e-01	1.661243e-02
5.000000e-01	1.775870e-02
5.025000e-01	1.902788e-02
5.050000e-01	2.043804e-02
5.075000e-01	2.201069e-02
5.100000e-01	2.377154e-02
5.125000e-01	2.575154e-02
5.150000e-01	2.798822e-02
5.175000e-01	3.052737e-02
5.200000e-01	3.342534e-02
5.225000e-01	3.675202e-02
5.250000e-01	4.059488e-02
5.275000e-01	4.506443e-02
5.300000e-01	5.030173e-02
5.325000e-01	5.648883e-02
5.350000e-01	6.386346e-02
5.375000e-01	7.273995e-02
5.400000e-01	8.353945e-02
5.425000e-01	9.683407e-02
5.450000e-01	1.134119e-01
5.475000e-01	1.343732e-01
5.500000e-01	1.612721e-01
5.525000e-01	1.963185e-01
5.550000e-01	2.426444e-01
5.575000e-01	3.045741e-01
5.600000e-01	3.876128e-01
5.625000e-01	4.972182e-01
5.650000e-01	6.340296e-01
5.675000e-01	7.824670e-01
5.700000e-01	8.979837e-01
5.725000e-01	9.224923e-01
5.750000e-01	8.408636e-01
5.775000e-01	6.996449e-01
5.800000e-01	5.542853e-01
5.825000e-01	4.322078e-01
5.850000e-01	3.380690e-01
5.875000e-01	2.676027e-01
5.900000e-01	2.150377e-01
5.925000e-01	1.754918e-01
5.950000e-01	1.453371e-01
5.975000e-01	1.219947e-01
6.000000e-01	1.036515e-01
6.025000e-01	8.902897e-02
6.050000e-01	7.721599e-02
6.075000e-01	6.755527e-02
6.100000e-01	5.956587e-02
6.125000e-01	5.289100e-02
6.150000e-01	4.726235e-02
6.175000e-01	4.247555e-02
6.200000e-01	3.837306e-02
6.225000e-01	3.483203e-02
6.250000e-01	3.175564e-02
6.275000e-01	2.906687e-02
6.300000e-01	2.670385e-02
6.325000e-01	2.461646e-02
6.350000e-01	2.276380e-02
6.375000e-01	2.111221e-02
6.400000e-01	1.963382e-02
6.425000e-01	1.830538e-02
6.450000e-01	1.710741e-02
6.475000e-01	1.602347e-02
6.500000e-01	1.503960e-02
6.525000e-01	1.414392e-02
6.550000e-01	1.332625e-02
6.575000e-01	1.257783e-02
6.600000e-01	1.189108e-02
6.625000e-01	1.125945e-02
6.650000e-01	1.067721e-02
6.675000e-01	1.013937e-02
6.700000e-01	9.641537e-03
6.725000e-01	9.179860e-03
6.750000e-01	8.750931e-03
6.775000e-01	8.351737e-03
6.800000e-01	7.979602e-03
6.825000e-01	7.632142e-03
6.850000e-01	7.307231e-03
6.875000e-01	7.002966e-03
6.900000e-01	6.717641e-03
6.925000e-01	6.449722e-03
6.950000e-01	6.197825e-03
6.975000e-01	5.960703e-03
7.000000e-01	5.737227e-03
7.025000e-01	5.526374e-03
7.050000e-01	5.327214e-03
7.075000e-01	5.138903e-03
7.100000e-01	4.960668e-03
7.125000e-01	4.791808e-03
7.150000e-01	4.631679e-03
7.175000e-01	4.479692e-03
7.200000e-01	4.335306e-03
7.225000e-01	4.198027e-03
7.250000e-01	4.067398e-03
7.275000e-01	3.942997e-03
7.300000e-01	3.824439e-03
7.325000e-01	3.711365e-03
7.350000e-01	3.603443e-03
7.375000e-01	3.500369e-03
7.400000e-01	3.401858e-03
7.425000e-01	3.307646e-03
7.450000e-01	3.217489e-03
7.475000e-01	3.131160e-03
7.500000e-01	3.048446e-03
7.525000e-01	2.969152e-03
7.550000e-01	2.893092e-03
7.575000e-01	2.820095e-03
7.600000e-01	2.750001e-03
7.625000e-01	2.682660e-03
7.650000e-01	2.617931e-03
7.675000e-01	2.555682e-03
7.700000e-01	2.495791e-03
7.725000e-01	2.438142e-03
7.750000e-01	2.382626e-03
7.775000e-01	2.329140e-03
7.800000e-01	2.277590e-03
7.825000e-01	2.227884e-03
7.850000e-01	2.179937e-03
7.875000e-01	2.133669e-03
7.900000e-01	2.089005e-03
7.925000e-01	2.045873e-03
7.950000e-01	2.004205e-03
7.975000e-01	1.963938e-03
8.000000e-01	1.925012e-03
8.025000e-01	1.887369e-03
8.050000e-01	1.850956e-03
8.075000e-01	1.815722e-03
8.100000e-01	1.781618e-03
8.125000e-01	1.748598e-03
8.150000e-01	1.716619e-03
8.175000e-01	1.685639e-03
8.200000e-01	1.655620e-03
8.225000e-01	1.626523e-03
8.250000e-01	1.598314e-03
8.275000e-01	1.570958e-03
8.300000e-01	1.544424e-03
8.325000e-01	1.518682e-03
8.350000e-01	1.493701e-03
8.375000e-01	1.469455e-03
8.400000e-01	1.445917e-03
8.425000e-01	1.423062e-03
8.450000e-01	1.400867e-03
8.475000e-01	1.379307e-03
8.500000e-01	1.358362e-03
8.525000e-01	1.338011e-03
8.550000e-01	1.318233e-03
8.575000e-01	1.299011e-03
8.600000e-01	1.280325e-03
8.625000e-01	1.262159e-03
8.650000e-01	1.244496e-03
8.675000e-01	1.227320e-03
8.700000e-01	1.210616e-03
8.725000e-01	1.194370e-03
8.750000e-01	1.178568e-03
8.775000e-01	1.163197e-03
8.800000e-01	1.148244e-03
8.825000e-01	1.133697e-03
8.850000e-01	1.119545e-03
8.875000e-01	1.105776e-03
8.900000e-01	1.092381e-03
8.925000e-01	1.079350e-03
8.950000e-01	1.066671e-03
8.975000e-01	1.054338e-03
9.000000e-01	1.042340e-03
9.025000e-01	1.030669e-03
9.050000e-01	1.019319e-03
9.075000e-01	1.008280e-03
9.100000e-01	9.975457e-04
9.125000e-01	9.871097e-04
9.150000e-01	9.769653e-04
9.175000e-01	9.671062e-04
9.200000e-01	9.575268e-04
9.225000e-01	9.482214e-04
9.250000e-01	9.391850e-04
9.275000e-01	9.304126e-04
9.300000e-01	9.218998e-04
9.325000e-01	9.136423e-04
9.350000e-01	9.056361e-04
9.375000e-01	8.978776e-04
9.400000e-01	8.903635e-04
9.425000e-01	8.830907e-04
9.450000e-01	8.760564e-04
9.475000e-01	8.692583e-04
9.500000e-01	8.626942e-04
9.525000e-01	8.563622e-04
9.550000e-01	8.502610e-04
9.575000e-01	8.443894e-04
9.600000e-01	8.387465e-04
9.625000e-01	8.333318e-04
9.650000e-01	8.281454e-04
9.675000e-01	8.231874e-04
9.700000e-01	8.184586e-04
9.725000e-01	8.139601e-04
9.750000e-01	8.096934e-04
9.775000e-01	8.056605e-04
9.800000e-01	8.018641e-04
9.825000e-01	7.983073e-04
9.850000e-01	7.949936e-04
9.875000e-01	7.919275e-04
9.900000e-01	7.891140e-04
9.925000e-01	7.865587e-04
9.950000e-01	7.842683e-04
9.975000e-01	7.822503e-04
1.000000e+00	7.805132e-04
1.002500e+00	7.790665e-04
1.005000e+00	7.779210e-04
1.007500e+00	7.770889e-04
1.010000e+00	7.765839e-04
1.012500e+00	7.764215e-04
1.015000e+00	7.766188e-04
1.017500e+00	7.771956e-04
1.020000e+00	7.781738e-04
1.022500e+00	7.795782e-04
1.025000e+00	7.814372e-04
1.027500e+00	7.837825e-04
1.030000e+00	7.866506e-04
1.032500e+00	7.900828e-04
1.035000e+00	7.941265e-04
1.037500e+00	7.988361e-04
1.040000e+00	8.042744e-04
1.042500e+00	8.105140e-04
1.045000e+00	8.176396e-04
1.047500e+00	8.257500e-04
1.050000e+00	8.349619e-04
1.052500e+00	8.454133e-04
1.055000e+00	8.572691e-04
1.057500e+00	8.707272e-04
1.060000e+00	8.860281e-04
1.062500e+00	9.034657e-04
1.065000e+00	9.234037e-04
1.067500e+00	9.462965e-04
1.070000e+00	9.727190e-04
1.072500e+00	1.003408e-03
1.075000e+00	1.039321e-03
1.077500e+00	1.081720e-03
1.080000e+00	1.132296e-03
1.082500e+00	1.193342e-03
1.085000e+00	1.268010e-03
1.087500e+00	1.360653e-03
1.090000e+00	1.477224e-03
1.092500e+00	1.625509e-03
1.095000e+00	1.814412e-03
1.097500e+00	2.050247e-03
1.100000e+00	2.327005e-03
1.102500e+00	2.614141e-03
1.105000e+00	2.868009e-03
1.107500e+00	3.084324e-03
1.110000e+00	3.319748e-03
1.112500e+00	3.631136e-03
1.115000e+00	4.006561e-03
1.117500e+00	4.345509e-03
1.120000e+00	4.532427e-03
1.122500e+00	4.570894e-03
1.125000e+00	4.569601e-03
1.127500e+00	4.591467e-03
1.130000e+00	4.611251e-03
1.132500e+00	4.618274e-03
1.135000e+00	4.679782e-03
1.137500e+00	4.867741e-03
1.140000e+00	5.172016e-03
1.142500e+00	5.488500e-03
1.145000e+00	5.715130e-03
1.147500e+00	5.887205e-03
1.150000e+00	6.135003e-03
1.152500e+00	6.500691e-03
1.155000e+00	6.830975e-03
1.157500e+00	6.858806e-03
1.160000e+00	6.483230e-03
1.162500e+00	5.895989e-03
1.165000e+00	5.357707e-03
1.167500e+00	5.013535e-03
1.170000e+00	4.906964e-03
1.172500e+00	5.039559e-03
1.175000e+00	5.391633e-03
1.177500e+00	5.900599e-03
1.180000e+00	6.436602e-03
1.182500e+00	6.871954e-03
1.185000e+00	7.231926e-03
1.187500e+00	7.670342e-03
1.190000e+00	8.243602e-03
1.192500e+00	8.750407e-03
1.195000e+00	8.825251e-03
1.197500e+00	8.319330e-03
1.200000e+00	7.491877e-03
1.202500e+00	6.708071e-03
1.205000e+00	6.172101e-03
1.207500e+00	5.934755e-03
1.210000e+00	5.964190e-03
1.212500e+00	6.163085e-03
1.215000e+00	6.374089e-03
1.217500e+00	6.476588e-03
1.220000e+00	6.511682e-03
1.222500e+00	6.611722e-03
1.225000e+00	6.822865e-03
1.227500e+00	7.061159e-03
1.230000e+00	7.244296e-03
1.232500e+00	7.424741e-03
1.235000e+00	7.698860e-03
1.237500e+00	8.040681e-03
1.240000e+00	8.330887e-03
1.242500e+00	8.535069e-03
1.245000e+00	8.702641e-03
1.247500e+00	8.780146e-03
1.250000e+00	8.648950e-03
1.252500e+00	8.373367e-03
1.255000e+00	8.197843e-03
1.257500e+00	8.314973e-03
1.260000e+00	8.730474e-03
1.262500e+00	9.217117e-03
1.265000e+00	9.367995e-03
1.267500e+00	8.917910e-03
1.270000e+00	8.035168e-03
1.272500e+00	7.099316e-03
1.275000e+00	6.362346e-03
1.277500e+00	5.902773e-03
1.280000e+00	5.709355e-03
1.282500e+00	5.728981e-03
1.285000e+00	5.872693e-03
1.287500e+00	6.046023e-03
1.290000e+00	6.237233e-03
1.292500e+00	6.547055e-03
1.295000e+00	7.103387e-03
1.297500e+00	7.982284e-03
1.300000e+00	9.151524e-03
1.302500e+00	1.037475e-02
1.305000e+00	1.118458e-02
1.307500e+00	1.120899e-02
1.310000e+00	1.061302e-02
1.312500e+00	9.925547e-03
1.315000e+00	9.558586e-03
1.317500e+00	9.657386e-03
1.320000e+00	1.013462e-02
1.322500e+00	1.065664e-02
1.325000e+00	1.072407e-02
1.327500e+00	1.007312e-02
1.330000e+00	8.956239e-03
1.332500e+00	7.816511e-03
1.335000e+00	6.920994e-03
1.337500e+00	6.344222e-03
1.340000e+00	6.073547e-03
1.342500e+00	6.065702e-03
1.345000e+00	6.242316e-03
1.347500e+00	6.466456e-03
1.350000e+00	6.591774e-03
1.352500e+00	6.604965e-03
1.355000e+00	6.654269e-03
1.357500e+00	6.912239e-03
1.360000e+00	7.488648e-03
1.362500e+00	8.420709e-03
1.365000e+00	9.627837e-03
1.367500e+00	1.080113e-02
1.370000e+00	1.141334e-02
1.372500e+00	1.112978e-02
1.375000e+00	1.020725e-02
1.377500e+00	9.195031e-03
1.380000e+00	8.468777e-03
1.382500e+00	8.165275e-03
1.385000e+00	8.293828e-03
1.387500e+00	8.784553e-03
1.390000e+00	9.449772e-03
1.392500e+00	9.980664e-03
1.395000e+00	1.016771e-02
1.397500e+00	1.015277e-02
1.400000e+00	1.026236e-02
1.402500e+00	1.064959e-02
1.405000e+00	1.112559e-02
1.407500e+00	1.123418e-02
1.410000e+00	1.066069e-02
1.412500e+00	9.597438e-03
1.415000e+00	8.492386e-03
1.417500e+00	7.648679e-03
1.420000e+00	7.169055e-03
1.422500e+00	7.056518e-03
1.425000e+00	7.268462e-03
1.427500e+00	7.691646e-03
1.430000e+00	8.086169e-03
1.432500e+00	8.153618e-03
1.435000e+00	7.806349e-03
1.437500e+00	7.267684e-03
1.440000e+00	6.821555e-03
1.442500e+00	6.627372e-03
1.445000e+00	6.736675e-03
1.447500e+00	7.140063e-03
1.450000e+00	7.753218e-03
1.452500e+00	8.365104e-03
1.455000e+00	8.693058e-03
1.457500e+00	8.644753e-03
1.460000e+00	8.448296e-03
1.462500e+00	8.421615e-03
1.465000e+00	8.774975e-03
1.467500e+00	9.616340e-03
1.470000e+00	1.098360e-02
1.472500e+00	1.277669e-02
1.475000e+00	1.457673e-02
1.477500e+00	1.558932e-02
1.480000e+00	1.518209e-02
1.482500e+00	1.359880e-02
1.485000e+00	1.165673e-02
1.487500e+00	9.970989e-03
1.490000e+00	8.765377e-03
1.492500e+00	8.054750e-03
1.495000e+00	7.796761e-03
1.497500e+00	7.939168e-03
1.500000e+00	8.387553e-03
1.502500e+00	8.920119e-03
1.505000e+00	9.165980e-03
1.507500e+00	8.848636e-03
1.510000e+00	8.084113e-03
1.512500e+00	7.226797e-03
1.515000e+00	6.536831e-03
1.517500e+00	6.110107e-03
1.520000e+00	5.960255e-03
1.522500e+00	6.083627e-03
1.525000e+00	6.478376e-03
1.527500e+00	7.123877e-03
1.530000e+00	7.917910e-03
1.532500e+00	8.611256e-03
1.535000e+00	8.905934e-03
1.537500e+00	8.762113e-03
1.540000e+00	8.472414e-03
1.542500e+00	8.372612e-03
1.545000e+00	8.660688e-03
1.547500e+00	9.420649e-03
1.550000e+00	1.064482e-02
1.552500e+00	1.214604e-02
1.555000e+00	1.341420e-02
1.557500e+00	1.375275e-02
1.560000e+00	1.291457e-02
1.562500e+00	1.139565e-02
1.565000e+00	9.860201e-03
1.567500e+00	8.667681e-03
1.570000e+00	7.908629e-03
1.572500e+00	7.570248e-03
1.575000e+00	7.631273e-03
1.577500e+00	8.091403e-03
1.580000e+00	8.959673e-03
1.582500e+00	1.019455e-02
1.585000e+00	1.158148e-02
1.587500e+00	1.265217e-02
1.590000e+00	1.295225e-02
1.592500e+00	1.255051e-02
1.595000e+00	1.195761e-02
1.597500e+00	1.153254e-02
1.600000e+00	1.119574e-02
1.602500e+00	1.060711e-02
1.605000e+00	9.610529e-03
1.607500e+00	8.421850e-03
1.610000e+00	7.340876e-03
1.612500e+00	6.518711e-03
1.615000e+00	5.979602e-03
1.617500e+00	5.703382e-03
1.620000e+00	5.671600e-03
1.622500e+00	5.882160e-03
1.625000e+00	6.345964e-03
1.627500e+00	7.062273e-03
1.630000e+00	7.955525e-03
1.632500e+00	8.786036e-03
1.635000e+00	9.185509e-03
1.637500e+00	8.977242e-03
1.640000e+00	8.400666e-03
1.642500e+00	7.846113e-03
1.645000e+00	7.562640e-03
1.647500e+00	7.648500e-03
1.650000e+00	8.132020e-03
1.652500e+00	8.993493e-03
1.655000e+00	1.009932e-02
1.657500e+00	1.109993e-02
1.660000e+00	1.152423e-02
1.662500e+00	1.122014e-02
1.665000e+00	1.055803e-02
1.667500e+00	1.003580e-02
1.670000e+00	9.955337e-03
1.672500e+00	1.044322e-02
1.675000e+00	1.153563e-02
1.677500e+00	1.315040e-02
1.680000e+00	1.491992e-02
1.682500e+00	1.606816e-02
1.685000e+00	1.582658e-02
1.687500e+00	1.424326e-02
1.690000e+00	1.210571e-02
1.692500e+00	1.011449e-02
1.695000e+00	8.552169e-03
1.697500e+00	7.439595e-03
1.700000e+00	6.715213e-03
1.702500e+00	6.317623e-03
1.705000e+00	6.209971e-03
1.707500e+00	6.381279e-03
1.710000e+00	6.834132e-03
1.712500e+00	7.548016e-03
1.715000e+00	8.399816e-03
1.717500e+00	9.081597e-03
1.720000e+00	9.214733e-03
1.722500e+00	8.722886e-03
1.725000e+00	7.929641e-03
1.727500e+00	7.205222e-03
1.730000e+00	6.741457e-03
1.732500e+00	6.595726e-03
1.735000e+00	6.780940e-03
1.737500e+00	7.305136e-03
1.740000e+00	8.155932e-03
1.742500e+00	9.223812e-03
1.745000e+00	1.019254e-02
1.747500e+00	1.059697e-02
1.750000e+00	1.023239e-02
1.752500e+00	9.408953e-03
1.755000e+00	8.601153e-03
1.757500e+00	8.097791e-03
1.760000e+00	8.003510e-03
1.762500e+00	8.346550e-03
1.765000e+00	9.124530e-03
1.767500e+00	1.025977e-02
1.770000e+00	1.147484e-02
1.772500e+00	1.223858e-02
1.775000e+00	1.210405e-02
1.777500e+00	1.120841e-02
1.780000e+00	1.011081e-02
1.782500e+00	9.261573e-03
1.785000e+00	8.852294e-03
1.787500e+00	8.933668e-03
1.790000e+00	9.511153e-03
1.792500e+00	1.054309e-02
1.795000e+00	1.184065e-02
1.797500e+00	1.294895e-02
1.800000e+00	1.331171e-02
1.802500e+00	1.282350e-02
1.805000e+00	1.198249e-02
1.807500e+00	1.135742e-02
1.810000e+00	1.120728e-02
1.812500e+00	1.145058e-02
1.815000e+00	1.169370e-02
1.817500e+00	1.141153e-02
1.820000e+00	1.041767e-02
1.822500e+00	9.039387e-03
1.825000e+00	7.702470e-03
1.827500e+00	6.619984e-03
1.830000e+00	5.825355e-03
1.832500e+00	5.283002e-03
1.835000e+00	4.949234e-03
1.837500e+00	4.792698e-03
1.840000e+00	4.798736e-03
1.842500e+00	4.969638e-03
1.845000e+00	5.324502e-03
1.847500e+00	5.897769e-03
1.850000e+00	6.729824e-03
1.852500e+00	7.832150e-03
1.855000e+00	9.100502e-03
1.857500e+00	1.020264e-02
1.860000e+00	1.065958e-02
1.862500e+00	1.029021e-02
1.865000e+00	9.447778e-03
1.867500e+00	8.629129e-03
1.870000e+00	8.125992e-03
1.872500e+00	8.041689e-03
1.875000e+00	8.406205e-03
1.877500e+00	9.226890e-03
1.880000e+00	1.045083e-02
1.882500e+00	1.183762e-02
1.885000e+00	1.285190e-02
1.887500e+00	1.292164e-02
1.890000e+00	1.203391e-02
1.892500e+00	1.075406e-02
1.895000e+00	9.634219e-03
1.897500e+00	8.934084e-03
1.900000e+00	8.722669e-03
1.902500e+00	9.011393e-03
1.905000e+00	9.800835e-03
1.907500e+00	1.103805e-02
1.910000e+00	1.248047e-02
1.912500e+00	1.356440e-02
1.915000e+00	1.364196e-02
1.917500e+00	1.263132e-02
1.920000e+00	1.111435e-02
1.922500e+00	9.704156e-03
1.925000e+00	8.694928e-03
1.927500e+00	8.154411e-03
1.930000e+00	8.073273e-03
1.932500e+00	8.425648e-03
1.935000e+00	9.142696e-03
1.937500e+00	1.001118e-02
1.940000e+00	1.059229e-02
1.942500e+00	1.043433e-02
1.945000e+00	9.533223e-03
1.947500e+00	8.322706e-03
1.950000e+00	7.209405e-03
1.952500e+00	6.366609e-03
1.955000e+00	5.816782e-03
1.957500e+00	5.535772e-03
1.960000e+00	5.501818e-03
1.962500e+00	5.707706e-03
1.965000e+00	6.150486e-03
1.967500e+00	6.793027e-03
1.970000e+00	7.491830e-03
1.972500e+00	7.963114e-03
1.975000e+00	7.960963e-03
1.977500e+00	7.555556e-03
1.980000e+00	7.056892e-03
1.982500e+00	6.723716e-03
1.985000e+00	6.676352e-03
1.987500e+00	6.962410e-03
1.990000e+00	7.615053e-03
1.992500e+00	8.659981e-03
1.995000e+00	1.005809e-02
1.997500e+00	1.156997e-02
2.000000e+00	1.265270e-02
2.002500e+00	1.274146e-02
2.005000e+00	1.185293e-02
2.007500e+00	1.057393e-02
2.010000e+00	9.457549e-03
2.012500e+00	8.757602e-03
2.015000e+00	8.538612e-03
2.017500e+00	8.810054e-03
2.020000e+00	9.575403e-03
2.022500e+00	1.079713e-02
2.025000e+00	1.227098e-02
2.027500e+00	1.347968e-02
2.030000e+00	1.376049e-02
2.032500e+00	1.293851e-02
2.035000e+00	1.154427e-02
2.037500e+00	1.022401e-02
2.040000e+00	9.321738e-03
2.042500e+00	8.935491e-03
2.045000e+00	9.061840e-03
2.047500e+00	9.637257e-03
2.050000e+00	1.046563e-02
2.052500e+00	1.111675e-02
2.055000e+00	1.107115e-02
2.057500e+00	1.020390e-02
2.060000e+00	8.915339e-03
2.062500e+00	7.668873e-03
2.065000e+00	6.690860e-03
2.067500e+00	6.023925e-03
2.070000e+00	5.644934e-03
2.072500e+00	5.527201e-03
2.075000e+00	5.659002e-03
2.077500e+00	6.037449e-03
2.080000e+00	6.635498e-03
2.082500e+00	7.331236e-03
2.085000e+00	7.846997e-03
2.087500e+00	7.876045e-03
2.090000e+00	7.397229e-03
2.092500e+00	6.701088e-03
2.095000e+00	6.080063e-03
2.097500e+00	5.671814e-03
2.100000e+00	5.509942e-03
2.102500e+00	5.598231e-03
2.105000e+00	5.947773e-03
2.107500e+00	6.586377e-03
2.110000e+00	7.545265e-03
2.112500e+00	8.805927e-03
2.115000e+00	1.018344e-02
2.117500e+00	1.122211e-02
2.120000e+00	1.140379e-02
2.122500e+00	1.068598e-02
2.125000e+00	9.563727e-03
2.127500e+00	8.544799e-03
2.130000e+00	7.873348e-03
2.132500e+00	7.612602e-03
2.135000e+00	7.770670e-03
2.137500e+00	8.357767e-03
2.140000e+00	9.380737e-03
2.142500e+00	1.076986e-02
2.145000e+00	1.223209e-02
2.147500e+00	1.318265e-02
2.150000e+00	1.311457e-02
2.152500e+00	1.217249e-02
2.155000e+00	1.099258e-02
2.157500e+00	1.010009e-02
2.160000e+00	9.725587e-03
2.162500e+00	9.926633e-03
2.165000e+00	1.067136e-02
2.167500e+00	1.178450e-02
2.170000e+00	1.280803e-02
2.172500e+00	1.306434e-02
2.175000e+00	1.220972e-02
2.177500e+00	1.061964e-02
2.180000e+00	8.922170e-03
2.182500e+00	7.485317e-03
2.185000e+00	6.399505e-03
2.187500e+00	5.632562e-03
2.190000e+00	5.128046e-03
2.192500e+00	4.841129e-03
2.195000e+00	4.746812e-03
2.197500e+00	4.839080e-03
2.200000e+00	5.125077e-03
2.202500e+00	5.608011e-03
2.205000e+00	6.243582e-03
2.207500e+00	6.868887e-03
2.210000e+00	7.197544e-03
2.212500e+00	7.035693e-03
2.215000e+00	6.510912e-03
2.217500e+00	5.922462e-03
2.220000e+00	5.480411e-03
2.222500e+00	5.264507e-03
2.225000e+00	5.293530e-03
2.227500e+00	5.575162e-03
2.230000e+00	6.115327e-03
2.232500e+00	6.886542e-03
2.235000e+00	7.749762e-03
2.237500e+00	8.391313e-03
2.240000e+00	8.478143e-03
2.242500e+00	8.009184e-03
2.245000e+00	7.322385e-03
2.247500e+00	6.745597e-03
2.250000e+00	6.435061e-03
2.252500e+00	6.437509e-03
2.255000e+00	6.771037e-03
2.257500e+00	7.458891e-03
2.260000e+00	8.517353e-03
2.262500e+00	9.885663e-03
2.265000e+00	1.129337e-02
2.267500e+00	1.221498e-02
2.270000e+00	1.223002e-02
2.272500e+00	1.151885e-02
2.275000e+00	1.067245e-02
2.277500e+00	1.016284e-02
2.280000e+00	1.020612e-02
2.282500e+00	1.087133e-02
2.285000e+00	1.212994e-02
2.287500e+00	1.375448e-02
2.290000e+00	1.513955e-02
2.292500e+00	1.543526e-02
2.295000e+00	1.429257e-02
2.297500e+00	1.226347e-02
2.300000e+00	1.013878e-02
2.302500e+00	8.349869e-03
2.305000e+00	6.989584e-03
2.307500e+00	6.009161e-03
2.310000e+00	5.334184e-03
2.312500e+00	4.904682e-03
2.315000e+00	4.682193e-03
2.317500e+00	4.644045e-03
2.320000e+00	4.766516e-03
2.322500e+00	4.990168e-03
2.325000e+00	5.180458e-03
2.327500e+00	5.164130e-03
2.330000e+00	4.885717e-03
2.332500e+00	4.469765e-03
2.335000e+00	4.076113e-03
2.337500e+00	3.790041e-03
2.340000e+00	3.634071e-03
2.342500e+00	3.606727e-03
2.345000e+00	3.700112e-03
2.347500e+00	3.893850e-03
2.350000e+00	4.130471e-03
2.352500e+00	4.301479e-03
2.355000e+00	4.310089e-03
2.357500e+00	4.175361e-03
2.360000e+00	4.008194e-03
2.362500e+00	3.902266e-03
2.365000e+00	3.898359e-03
2.367500e+00	4.007951e-03
2.370000e+00	4.237175e-03
2.372500e+00	4.598641e-03
2.375000e+00	5.117062e-03
2.377500e+00	5.833694e-03
2.380000e+00	6.811740e-03
2.382500e+00	8.142509e-03
2.385000e+00	9.947788e-03
2.387500e+00	1.236197e-02
2.390000e+00	1.544938e-02
2.392500e+00	1.898098e-02
2.395000e+00	2.210308e-02
2.397500e+00	2.343922e-02
2.400000e+00	2.225788e-02
2.402500e+00	1.936514e-02
2.405000e+00	1.615728e-02
2.407500e+00	1.348644e-02
2.410000e+00	1.158585e-02
2.412500e+00	1.037779e-02
2.415000e+00	9.638445e-03
2.417500e+00	9.040226e-03
2.420000e+00	8.280546e-03
2.422500e+00	7.305364e-03
2.425000e+00	6.287714e-03
2.427500e+00	5.392557e-03
2.430000e+00	4.677071e-03
2.432500e+00	4.130012e-03
2.435000e+00	3.719818e-03
2.437500e+00	3.416277e-03
2.440000e+00	3.196243e-03
2.442500e+00	3.043685e-03
2.445000e+00	2.948482e-03
2.447500e+00	2.905375e-03
2.450000e+00	2.913339e-03
2.452500e+00	2.975312e-03
2.455000e+00	3.097743e-03
2.457500e+00	3.288514e-03
2.460000e+00	3.549695e-03
2.462500e+00	3.860592e-03
2.465000e+00	4.159386e-03
2.467500e+00	4.367783e-03
2.470000e+00	4.476168e-03
2.472500e+00	4.570761e-03
2.475000e+00	4.756528e-03
2.477500e+00	5.106339e-03
2.480000e+00	5.672480e-03
2.482500e+00	6.508116e-03
2.485000e+00	7.668910e-03
2.487500e+00	9.175624e-03
2.490000e+00	1.090864e-02
2.492500e+00	1.246508e-02
2.495000e+00	1.324738e-02
2.497500e+00	1.301712e-02
2.500000e+00	1.222157e-02
2.502500e+00	1.151821e-02
2.505000e+00	1.131760e-02
2.507500e+00	1.178336e-02
2.510000e+00	1.294095e-02
2.512500e+00	1.464865e-02
2.515000e+00	1.641836e-02
2.517500e+00	1.737000e-02
2.520000e+00	1.683054e-02
2.522500e+00	1.508671e-02
2.525000e+00	1.302460e-02
2.527500e+00	1.130115e-02
2.530000e+00	1.015817e-02
2.532500e+00	9.616634e-03
2.535000e+00	9.618475e-03
2.537500e+00	1.002949e-02
2.540000e+00	1.054684e-02
2.542500e+00	1.068334e-02
2.545000e+00	1.008848e-02
2.547500e+00	8.914268e-03
2.550000e+00	7.597873e-03
2.552500e+00	6.443619e-03
2.555000e+00	5.543404e-03
2.557500e+00	4.880340e-03
2.560000e+00	4.409532e-03
2.562500e+00	4.090071e-03
2.565000e+00	3.892886e-03
2.567500e+00	3.800826e-03
2.570000e+00	3.807339e-03
2.572500e+00	3.915533e-03
2.575000e+00	4.137404e-03
2.577500e+00	4.491072e-03
2.580000e+00	4.989802e-03
2.582500e+00	5.610788e-03
2.585000e+00	6.240823e-03
2.587500e+00	6.665903e-03
2.590000e+00	6.730623e-03
2.592500e+00	6.529688e-03
2.595000e+00	6.309886e-03
2.597500e+00	6.261193e-03
2.600000e+00	6.476188e-03
2.602500e+00	7.004802e-03
2.605000e+00	7.893903e-03
2.607500e+00	9.183324e-03
2.610000e+00	1.083940e-02
2.612500e+00	1.260688e-02
2.615000e+00	1.390128e-02
2.617500e+00	1.412504e-02
2.620000e+00	1.332128e-02
2.622500e+00	1.214620e-02
2.625000e+00	1.121461e-02
2.627500e+00	1.082265e-02
2.630000e+00	1.106756e-02
2.632500e+00	1.197687e-02
2.635000e+00	1.351118e-02
2.637500e+00	1.542282e-02
2.640000e+00	1.705494e-02
2.642500e+00	1.750353e-02
2.645000e+00	1.643559e-02
2.647500e+00	1.448869e-02
2.650000e+00	1.253609e-02
2.652500e+00	1.106245e-02
2.655000e+00	1.020006e-02
2.657500e+00	9.930099e-03
2.660000e+00	1.016469e-02
2.662500e+00	1.069606e-02
2.665000e+00	1.110745e-02
2.667500e+00	1.090843e-02
2.670000e+00	9.977509e-03
2.672500e+00	8.674447e-03
2.675000e+00	7.413395e-03
2.677500e+00	6.390087e-03
2.680000e+00	5.631155e-03
2.682500e+00	5.100634e-03
2.685000e+00	4.755513e-03
2.687500e+00	4.563668e-03
2.690000e+00	4.507167e-03
2.692500e+00	4.581877e-03
2.695000e+00	4.796816e-03
2.697500e+00	5.173013e-03
2.700000e+00	5.737953e-03
2.702500e+00	6.504626e-03
2.705000e+00	7.416656e-03
2.707500e+00	8.267872e-03
2.710000e+00	8.728754e-03
2.712500e+00	8.632001e-03
2.715000e+00	8.187917e-03
2.717500e+00	7.753791e-03
2.720000e+00	7.563003e-03
2.722500e+00	7.713921e-03
2.725000e+00	8.254484e-03
2.727500e+00	9.233285e-03
2.730000e+00	1.069704e-02
2.732500e+00	1.261695e-02
2.735000e+00	1.471570e-02
2.737500e+00	1.631157e-02
2.740000e+00	1.663073e-02
2.742500e+00	1.561327e-02
2.745000e+00	1.400606e-02
2.747500e+00	1.257757e-02
2.750000e+00	1.170498e-02
2.752500e+00	1.149799e-02
2.755000e+00	1.198326e-02
2.757500e+00	1.317338e-02
2.760000e+00	1.501142e-02
2.762500e+00	1.717817e-02
2.765000e+00	1.887495e-02
2.767500e+00	1.909640e-02
2.770000e+00	1.759299e-02
2.772500e+00	1.516327e-02
2.775000e+00	1.274580e-02
2.777500e+00	1.080553e-02
2.780000e+00	9.431842e-03
2.782500e+00	8.573842e-03
2.785000e+00	8.163387e-03
2.787500e+00	8.144793e-03
2.790000e+00	8.446769e-03
2.792500e+00	8.906538e-03
2.795000e+00	9.208776e-03
2.797500e+00	9.028290e-03
2.800000e+00	8.350968e-03
2.802500e+00	7.473292e-03
2.805000e+00	6.677961e-03
2.807500e+00	6.085522e-03
2.810000e+00	5.710274e-03
2.812500e+00	5.533347e-03
2.815000e+00	5.538040e-03
2.817500e+00	5.721765e-03
2.820000e+00	6.099744e-03
2.822500e+00	6.706318e-03
2.825000e+00	7.592545e-03
2.827500e+00	8.809524e-03
2.830000e+00	1.035132e-02
2.832500e+00	1.202841e-02
2.835000e+00	1.335176e-02
2.837500e+00	1.375723e-02
2.840000e+00	1.320133e-02
2.842500e+00	1.224399e-02
2.845000e+00	1.147355e-02
2.847500e+00	1.119632e-02
2.850000e+00	1.152519e-02
2.852500e+00	1.251018e-02
2.855000e+00	1.416502e-02
2.857500e+00	1.636179e-02
2.860000e+00	1.860490e-02
2.862500e+00	1.996213e-02
2.865000e+00	1.970283e-02
2.867500e+00	1.814019e-02
2.870000e+00	1.627009e-02
2.872500e+00	1.485859e-02
2.875000e+00	1.422182e-02
2.877500e+00	1.442942e-02
2.880000e+00	1.543334e-02
2.882500e+00	1.699693e-02
2.885000e+00	1.849267e-02
2.887500e+00	1.895392e-02
2.890000e+00	1.783057e-02
2.892500e+00	1.560248e-02
2.895000e+00	1.317177e-02
2.897500e+00	1.109293e-02
2.900000e+00	9.511848e-03
2.902500e+00	8.385972e-03
2.905000e+00	7.631409e-03
2.907500e+00	7.177808e-03
2.910000e+00	6.981313e-03
2.912500e+00	7.024709e-03
2.915000e+00	7.314579e-03
2.917500e+00	7.874815e-03
2.920000e+00	8.726021e-03
2.922500e+00	9.827763e-03
2.925000e+00	1.097116e-02
2.927500e+00	1.173218e-02
2.930000e+00	1.174684e-02
2.932500e+00	1.112737e-02
2.935000e+00	1.033664e-02
2.937500e+00	9.750002e-03
2.940000e+00	9.528597e-03
2.942500e+00	9.720536e-03
2.945000e+00	1.035667e-02
2.947500e+00	1.149454e-02
2.950000e+00	1.322690e-02
2.952500e+00	1.565015e-02
2.955000e+00	1.874528e-02
2.957500e+00	2.210992e-02
2.960000e+00	2.470040e-02
2.962500e+00	2.527819e-02
2.965000e+00	2.367934e-02
2.967500e+00	2.104302e-02
2.970000e+00	1.859016e-02
2.972500e+00	1.692306e-02
2.975000e+00	1.620043e-02
2.977500e+00	1.643682e-02
2.980000e+00	1.763720e-02
2.982500e+00	1.977015e-02
2.985000e+00	2.257009e-02
2.987500e+00	2.520804e-02
2.990000e+00	2.631607e-02
2.992500e+00	2.504584e-02
2.995000e+00	2.204455e-02
2.997500e+00	1.865116e-02
3.000000e+00	1.572781e-02
3.002500e+00	1.352299e-02
3.005000e+00	1.199199e-02
3.007500e+00	1.102258e-02
3.010000e+00	1.052170e-02
3.012500e+00	1.043662e-02
3.015000e+00	1.075269e-02
3.017500e+00	1.147649e-02
3.020000e+00	1.258906e-02
3.022500e+00	1.394336e-02
3.025000e+00	1.515269e-02
3.027500e+00	1.572655e-02
3.030000e+00	1.556203e-02
3.032500e+00	1.510505e-02
3.035000e+00	1.489711e-02
3.037500e+00	1.526517e-02
3.040000e+00	1.637532e-02
3.042500e+00	1.834903e-02
3.045000e+00	2.128266e-02
3.047500e+00	2.511173e-02
3.050000e+00	2.927483e-02
3.052500e+00	3.243293e-02
3.055000e+00	3.313219e-02
3.057500e+00	3.135752e-02
3.060000e+00	2.861040e-02
3.062500e+00	2.638017e-02
3.065000e+00	2.540888e-02
3.067500e+00	2.594670e-02
3.070000e+00	2.806867e-02
3.072500e+00	3.169738e-02
3.075000e+00	3.627811e-02
3.077500e+00	4.027533e-02
3.080000e+00	4.145954e-02
3.082500e+00	3.883598e-02
3.085000e+00	3.380468e-02
3.087500e+00	2.848325e-02
3.090000e+00	2.406790e-02
3.092500e+00	2.084547e-02
3.095000e+00	1.871695e-02
3.097500e+00	1.751647e-02
3.100000e+00	1.712683e-02
3.102500e+00	1.750706e-02
3.105000e+00	1.868893e-02
3.107500e+00	2.074701e-02
3.110000e+00	2.370038e-02
3.112500e+00	2.726828e-02
3.115000e+00	3.052449e-02
3.117500e+00	3.203661e-02
3.120000e+00	3.111050e-02
3.122500e+00	2.866038e-02
3.125000e+00	2.617571e-02
3.127500e+00	2.458712e-02
3.130000e+00	2.424027e-02
3.132500e+00	2.525384e-02
3.135000e+00	2.773517e-02
3.137500e+00	3.179503e-02
3.140000e+00	3.733026e-02
3.142500e+00	4.349026e-02
3.145000e+00	4.815688e-02
3.147500e+00	4.882450e-02
3.150000e+00	4.512612e-02
3.152500e+00	3.929394e-02
3.155000e+00	3.372174e-02
3.157500e+00	2.955802e-02
3.160000e+00	2.704768e-02
3.162500e+00	2.612979e-02
3.165000e+00	2.672718e-02
3.167500e+00	2.877510e-02
3.170000e+00	3.202753e-02
3.172500e+00	3.563641e-02
3.175000e+00	3.789873e-02
3.177500e+00	3.721537e-02
3.180000e+00	3.379663e-02
3.182500e+00	2.936906e-02
3.185000e+00	2.540831e-02
3.187500e+00	2.250529e-02
3.190000e+00	2.072463e-02
3.192500e+00	1.998426e-02
3.195000e+00	2.022914e-02
3.197500e+00	2.148275e-02
3.200000e+00	2.383657e-02
3.202500e+00	2.736100e-02
3.205000e+00	3.184922e-02
3.207500e+00	3.635890e-02
3.210000e+00	3.906926e-02
3.212500e+00	3.853464e-02
3.215000e+00	3.536066e-02
3.217500e+00	3.150893e-02
3.220000e+00	2.848867e-02
3.222500e+00	2.691545e-02
3.225000e+00	2.692956e-02
3.227500e+00	2.850479e-02
3.230000e+00	3.141410e-02
3.232500e+00	3.487758e-02
3.235000e+00	3.726335e-02
3.237500e+00	3.687812e-02
3.240000e+00	3.370045e-02
3.242500e+00	2.936655e-02
3.245000e+00	2.542747e-02
3.247500e+00	2.256466e-02
3.250000e+00	2.089800e-02
3.252500e+00	2.037870e-02
3.255000e+00	2.096528e-02
3.257500e+00	2.263010e-02
3.260000e+00	2.521200e-02
3.262500e+00	2.809837e-02
3.265000e+00	3.001673e-02
3.267500e+00	2.973056e-02
3.270000e+00	2.736169e-02
3.272500e+00	2.423722e-02
3.275000e+00	2.153818e-02
3.277500e+00	1.977916e-02
3.280000e+00	1.907572e-02
3.282500e+00	1.943975e-02
3.285000e+00	2.089820e-02
3.287500e+00	2.345772e-02
3.290000e+00	2.688992e-02
3.292500e+00	3.033322e-02
3.295000e+00	3.217622e-02
3.297500e+00	3.115360e-02
3.300000e+00	2.777315e-02
3.302500e+00	2.367912e-02
3.305000e+00	2.009289e-02
3.307500e+00	1.744596e-02
3.310000e+00	1.575239e-02
3.312500e+00	1.492303e-02
3.315000e+00	1.489390e-02
3.317500e+00	1.564446e-02
3.320000e+00	1.713558e-02
3.322500e+00	1.913532e-02
3.325000e+00	2.096376e-02
3.327500e+00	2.156125e-02
3.330000e+00	2.035488e-02
3.332500e+00	1.792684e-02
3.335000e+00	1.530878e-02
3.337500e+00	1.313296e-02
3.340000e+00	1.158131e-02
3.342500e+00	1.063599e-02
3.345000e+00	1.024142e-02
3.347500e+00	1.035221e-02
3.350000e+00	1.090257e-02
3.352500e+00	1.170184e-02
3.355000e+00	1.231463e-02
3.357500e+00	1.219322e-02
3.360000e+00	1.118098e-02
3.362500e+00	9.680999e-03
3.365000e+00	8.182070e-03
3.367500e+00	6.924417e-03
3.370000e+00	5.945354e-03
3.372500e+00	5.203251e-03
3.375000e+00	4.644117e-03
3.377500e+00	4.223112e-03
3.380000e+00	3.907907e-03
3.382500e+00	3.676986e-03
3.385000e+00	3.517257e-03
3.387500e+00	3.421775e-03
3.390000e+00	3.386572e-03
3.392500e+00	3.403943e-03
3.395000e+00	3.449528e-03
3.397500e+00	3.471950e-03
3.400000e+00	3.416597e-03
3.402500e+00	3.280758e-03
3.405000e+00	3.115365e-03
3.407500e+00	2.970005e-03
3.410000e+00	2.866858e-03
3.412500e+00	2.810092e-03
3.415000e+00	2.798648e-03
3.417500e+00	2.832684e-03
3.420000e+00	2.916063e-03
3.422500e+00	3.057476e-03
3.425000e+00	3.270986e-03
3.427500e+00	3.574852e-03
3.430000e+00	3.984228e-03
3.432500e+00	4.487998e-03
3.435000e+00	5.003141e-03
3.437500e+00	5.349673e-03
3.440000e+00	5.360813e-03
3.442500e+00	5.070539e-03
3.445000e+00	4.676429e-03
3.447500e+00	4.345905e-03
3.450000e+00	4.150404e-03
3.452500e+00	4.106578e-03
3.455000e+00	4.218210e-03
3.457500e+00	4.493620e-03
3.460000e+00	4.943299e-03
3.462500e+00	5.554032e-03
3.465000e+00	6.229435e-03
3.467500e+00	6.734645e-03
3.470000e+00	6.798113e-03
3.472500e+00	6.387233e-03
3.475000e+00	5.747848e-03
3.477500e+00	5.135866e-03
3.480000e+00	4.669725e-03
3.482500e+00	4.369918e-03
3.485000e+00	4.223516e-03
3.487500e+00	4.216226e-03
3.490000e+00	4.340610e-03
3.492500e+00	4.589723e-03
3.495000e+00	4.934278e-03
3.497500e+00	5.284956e-03
3.500000e+00	5.489448e-03
3.502500e+00	5.444655e-03
3.505000e+00	5.214996e-03
3.507500e+00	4.953449e-03
3.510000e+00	4.765446e-03
3.512500e+00	4.687261e-03
3.515000e+00	4.721946e-03
3.517500e+00	4.866657e-03
3.520000e+00	5.124321e-03
3.522500e+00	5.508016e-03
3.525000e+00	6.043258e-03
3.527500e+00	6.769115e-03
3.530000e+00	7.734572e-03
3.532500e+00	8.977932e-03
3.535000e+00	1.046425e-02
3.537500e+00	1.197042e-02
3.540000e+00	1.304739e-02
3.542500e+00	1.333667e-02
3.545000e+00	1.300395e-02
3.547500e+00	1.257234e-02
3.550000e+00	1.246155e-02
3.552500e+00	1.287456e-02
3.555000e+00	1.390988e-02
3.557500e+00	1.564960e-02
3.560000e+00	1.815463e-02
3.562500e+00	2.133378e-02
3.565000e+00	2.466535e-02
3.567500e+00	2.704425e-02
3.570000e+00	2.745939e-02
3.572500e+00	2.614148e-02
3.575000e+00	2.433244e-02
3.577500e+00	2.310316e-02
3.580000e+00	2.295825e-02
3.582500e+00	2.409202e-02
3.585000e+00	2.663441e-02
3.587500e+00	3.070015e-02
3.590000e+00	3.619775e-02
3.592500e+00	4.232713e-02
3.595000e+00	4.708009e-02
3.597500e+00	4.806492e-02
3.600000e+00	4.491819e-02
3.602500e+00	3.977539e-02
3.605000e+00	3.495185e-02
3.607500e+00	3.158426e-02
3.610000e+00	2.995392e-02
3.612500e+00	3.006686e-02
3.615000e+00	3.194602e-02
3.617500e+00	3.568221e-02
3.620000e+00	4.126962e-02
3.622500e+00	4.812096e-02
3.625000e+00	5.435253e-02
3.627500e+00	5.699916e-02
3.630000e+00	5.449702e-02
3.632500e+00	4.856673e-02
3.635000e+00	4.219011e-02
3.637500e+00	3.721549e-02
3.640000e+00	3.423198e-02
3.642500e+00	3.328771e-02
3.645000e+00	3.434361e-02
3.647500e+00	3.736867e-02
3.650000e+00	4.212218e-02
3.652500e+00	4.759404e-02
3.655000e+00	5.151389e-02
3.657500e+00	5.137669e-02
3.660000e+00	4.698563e-02
3.662500e+00	4.065466e-02
3.665000e+00	3.469557e-02
3.667500e+00	3.014545e-02
3.670000e+00	2.716839e-02
3.672500e+00	2.564440e-02
3.675000e+00	2.546175e-02
3.677500e+00	2.661146e-02
3.680000e+00	2.919040e-02
3.682500e+00	3.331824e-02
3.685000e+00	3.887001e-02
3.687500e+00	4.491059e-02
3.690000e+00	4.922035e-02
3.692500e+00	4.935587e-02
3.695000e+00	4.519557e-02
3.697500e+00	3.909869e-02
3.700000e+00	3.339147e-02
3.702500e+00	2.912676e-02
3.705000e+00	2.649435e-02
3.707500e+00	2.538968e-02
3.710000e+00	2.564139e-02
3.712500e+00	2.694322e-02
3.715000e+00	2.859186e-02
3.717500e+00	2.940222e-02
3.720000e+00	2.846012e-02
3.722500e+00	2.610254e-02
3.725000e+00	2.347111e-02
3.727500e+00	2.143494e-02
3.730000e+00	2.034174e-02
3.732500e+00	2.027952e-02
3.735000e+00	2.129132e-02
3.737500e+00	2.343397e-02
3.740000e+00	2.668047e-02
3.742500e+00	3.061369e-02
3.745000e+00	3.401314e-02
3.747500e+00	3.510915e-02
3.750000e+00	3.315822e-02
3.752500e+00	2.934552e-02
3.755000e+00	2.540860e-02
3.757500e+00	2.234122e-02
3.760000e+00	2.042530e-02
3.762500e+00	1.965616e-02
3.765000e+00	1.998769e-02
3.767500e+00	2.137496e-02
3.770000e+00	2.364502e-02
3.772500e+00	2.619684e-02
3.775000e+00	2.780625e-02
3.777500e+00	2.729180e-02
3.780000e+00	2.476238e-02
3.782500e+00	2.145503e-02
3.785000e+00	1.845165e-02
3.787500e+00	1.619020e-02
3.790000e+00	1.471612e-02
3.792500e+00	1.396037e-02
3.795000e+00	1.386780e-02
3.797500e+00	1.443565e-02
3.800000e+00	1.570911e-02
3.802500e+00	1.772974e-02
3.805000e+00	2.038347e-02
3.807500e+00	2.311385e-02
3.810000e+00	2.478211e-02
3.812500e+00	2.437426e-02
3.815000e+00	2.212726e-02
3.817500e+00	1.923687e-02
3.820000e+00	1.667539e-02
3.822500e+00	1.482079e-02
3.825000e+00	1.371290e-02
3.827500e+00	1.330265e-02
3.830000e+00	1.356313e-02
3.832500e+00	1.451996e-02
3.835000e+00	1.623501e-02
3.837500e+00	1.872163e-02
3.840000e+00	2.172534e-02
3.842500e+00	2.440464e-02
3.845000e+00	2.543164e-02
3.847500e+00	2.410672e-02
3.850000e+00	2.119478e-02
3.852500e+00	1.801263e-02
3.855000e+00	1.535868e-02
3.857500e+00	1.345734e-02
3.860000e+00	1.227885e-02
3.862500e+00	1.174674e-02
3.865000e+00	1.180927e-02
3.867500e+00	1.243233e-02
3.870000e+00	1.352268e-02
3.872500e+00	1.477234e-02
3.875000e+00	1.556046e-02
3.877500e+00	1.529283e-02
3.880000e+00	1.403040e-02
3.882500e+00	1.240096e-02
3.885000e+00	1.095169e-02
3.887500e+00	9.906453e-03
3.890000e+00	9.294384e-03
3.892500e+00	9.090796e-03
3.895000e+00	9.283265e-03
3.897500e+00	9.893838e-03
3.900000e+00	1.098237e-02
3.902500e+00	1.263029e-02
3.905000e+00	1.487401e-02
3.907500e+00	1.752850e-02
3.910000e+00	1.992076e-02
3.912500e+00	2.094966e-02
3.915000e+00	1.999591e-02
3.917500e+00	1.766629e-02
3.920000e+00	1.507201e-02
3.922500e+00	1.290737e-02
3.925000e+00	1.137835e-02
3.927500e+00	1.047018e-02
3.930000e+00	1.012642e-02
3.932500e+00	1.031160e-02
3.935000e+00	1.100398e-02
3.937500e+00	1.212365e-02
3.940000e+00	1.338536e-02
3.942500e+00	1.420388e-02
3.945000e+00	1.401438e-02
3.947500e+00	1.287444e-02
3.950000e+00	1.138834e-02
3.952500e+00	1.009004e-02
3.955000e+00	9.208099e-03
3.957500e+00	8.786465e-03
3.960000e+00	8.813030e-03
3.962500e+00	9.258527e-03
3.965000e+00	1.003171e-02
3.967500e+00	1.087025e-02
3.970000e+00	1.130833e-02
3.972500e+00	1.098516e-02
3.975000e+00	1.004286e-02
3.977500e+00	8.943574e-03
3.980000e+00	8.032523e-03
3.982500e+00	7.437451e-03
3.985000e+00	7.174548e-03
3.987500e+00	7.237887e-03
3.990000e+00	7.636791e-03
3.992500e+00	8.400499e-03
3.995000e+00	9.551877e-03
3.997500e+00	1.102463e-02
