#omega	spectral weight
-3.000000e+00	3.497697e-05
-2.997500e+00	3.503699e-05
-2.995000e+00	3.509744e-05
-2.992500e+00	3.515833e-05
-2.990000e+00	3.521966e-05
-2.987500e+00	3.528144e-05
-2.985000e+00	3.534367e-05
-2.982500e+00	3.540637e-05
-2.980000e+00	3.546953e-05
-2.977500e+00	3.553317e-05
-2.975000e+00	3.559728e-05
-2.972500e+00	3.566189e-05
-2.970000e+00	3.572699e-05
-2.967500e+00	3.579258e-05
-2.965000e+00	3.585869e-05
-2.962500e+00	3.592531e-05
-2.960000e+00	3.599245e-05
-2.957500e+00	3.606012e-05
-2.955000e+00	3.612833e-05
-2.952500e+00	3.619708e-05
-2.950000e+00	3.626638e-05
-2.947500e+00	3.633625e-05
-2.945000e+00	3.640668e-05
-2.942500e+00	3.647769e-05
-2.940000e+00	3.654929e-05
-2.937500e+00	3.662148e-05
-2.935000e+00	3.669427e-05
-2.932500e+00	3.676768e-05
-2.930000e+00	3.684171e-05
-2.927500e+00	3.691636e-05
-2.925000e+00	3.699166e-05
-2.922500e+00	3.706761e-05
-2.920000e+00	3.714422e-05
-2.917500e+00	3.722150e-05
-2.915000e+00	3.729946e-05
-2.912500e+00	3.737811e-05
-2.910000e+00	3.745746e-05
-2.907500e+00	3.753753e-05
-2.905000e+00	3.761832e-05
-2.902500e+00	3.769985e-05
-2.900000e+00	3.778213e-05
-2.897500e+00	3.786517e-05
-2.895000e+00	3.794899e-05
-2.892500e+00	3.803359e-05
-2.890000e+00	3.811898e-05
-2.887500e+00	3.820520e-05
-2.885000e+00	3.829223e-05
-2.882500e+00	3.838011e-05
-2.880000e+00	3.846884e-05
-2.877500e+00	3.855844e-05
-2.875000e+00	3.864893e-05
-2.872500e+00	3.874031e-05
-2.870000e+00	3.883261e-05
-2.867500e+00	3.892584e-05
-2.865000e+00	3.902001e-05
-2.862500e+00	3.911515e-05
-2.860000e+00	3.921128e-05
-2.857500e+00	3.930840e-05
-2.855000e+00	3.940653e-05
-2.852500e+00	3.950571e-05
-2.850000e+00	3.960594e-05
-2.847500e+00	3.970724e-05
-2.845000e+00	3.980963e-05
-2.842500e+00	3.991315e-05
-2.840000e+00	4.001779e-05
-2.837500e+00	4.012359e-05
-2.835000e+00	4.023058e-05
-2.832500e+00	4.033876e-05
-2.830000e+00	4.044817e-05
-2.827500e+00	4.055883e-05
-2.825000e+00	4.067076e-05
-2.822500e+00	4.078399e-05
-2.820000e+00	4.089855e-05
-2.817500e+00	4.101445e-05
-2.815000e+00	4.113174e-05
-2.812500e+00	4.125043e-05
-2.810000e+00	4.137056e-05
-2.807500e+00	4.149215e-05
-2.805000e+00	4.161524e-05
-2.802500e+00	4.173986e-05
-2.800000e+00	4.186604e-05
-2.797500e+00	4.199381e-05
-2.795000e+00	4.212320e-05
-2.792500e+00	4.225426e-05
-2.790000e+00	4.238702e-05
-2.787500e+00	4.252151e-05
-2.785000e+00	4.265778e-05
-2.782500e+00	4.279586e-05
-2.780000e+00	4.293580e-05
-2.777500e+00	4.307763e-05
-2.775000e+00	4.322140e-05
-2.772500e+00	4.336716e-05
-2.770000e+00	4.351495e-05
-2.767500e+00	4.366482e-05
-2.765000e+00	4.381682e-05
-2.762500e+00	4.397100e-05
-2.760000e+00	4.412741e-05
-2.757500e+00	4.428611e-05
-2.755000e+00	4.444714e-05
-2.752500e+00	4.461058e-05
-2.750000e+00	4.477648e-05
-2.747500e+00	4.494490e-05
-2.745000e+00	4.511591e-05
-2.742500e+00	4.528956e-05
-2.740000e+00	4.546594e-05
-2.737500e+00	4.564511e-05
-2.735000e+00	4.582715e-05
-2.732500e+00	4.601213e-05
-2.730000e+00	4.620012e-05
-2.727500e+00	4.639122e-05
-2.725000e+00	4.658551e-05
-2.722500e+00	4.678308e-05
-2.720000e+00	4.698401e-05
-2.717500e+00	4.718840e-05
-2.715000e+00	4.739635e-05
-2.712500e+00	4.760797e-05
-2.710000e+00	4.782336e-05
-2.707500e+00	4.804262e-05
-2.705000e+00	4.826589e-05
-2.702500e+00	4.849327e-05
-2.700000e+00	4.872489e-05
-2.697500e+00	4.896088e-05
-2.695000e+00	4.920138e-05
-2.692500e+00	4.944652e-05
-2.690000e+00	4.969646e-05
-2.687500e+00	4.995135e-05
-2.685000e+00	5.021135e-05
-2.682500e+00	5.047663e-05
-2.680000e+00	5.074736e-05
-2.677500e+00	5.102372e-05
-2.675000e+00	5.130592e-05
-2.672500e+00	5.159414e-05
-2.670000e+00	5.188859e-05
-2.667500e+00	5.218951e-05
-2.665000e+00	5.249712e-05
-2.662500e+00	5.281165e-05
-2.660000e+00	5.313337e-05
-2.657500e+00	5.346255e-05
-2.655000e+00	5.379945e-05
-2.652500e+00	5.414439e-05
-2.650000e+00	5.449766e-05
-2.647500e+00	5.485959e-05
-2.645000e+00	5.523054e-05
-2.642500e+00	5.561085e-05
-2.640000e+00	5.600092e-05
-2.637500e+00	5.640115e-05
-2.635000e+00	5.681197e-05
-2.632500e+00	5.723383e-05
-2.630000e+00	5.766721e-05
-2.627500e+00	5.811262e-05
-2.625000e+00	5.857060e-05
-2.622500e+00	5.904171e-05
-2.620000e+00	5.952656e-05
-2.617500e+00	6.002581e-05
-2.615000e+00	6.054014e-05
-2.612500e+00	6.107028e-05
-2.610000e+00	6.161702e-05
-2.607500e+00	6.218118e-05
-2.605000e+00	6.276367e-05
-2.602500e+00	6.336544e-05
-2.600000e+00	6.398751e-05
-2.597500e+00	6.463099e-05
-2.595000e+00	6.529705e-05
-2.592500e+00	6.598697e-05
-2.590000e+00	6.670211e-05
-2.587500e+00	6.744397e-05
-2.585000e+00	6.821413e-05
-2.582500e+00	6.901433e-05
-2.580000e+00	6.984644e-05
-2.577500e+00	7.071251e-05
-2.575000e+00	7.161475e-05
-2.572500e+00	7.255558e-05
-2.570000e+00	7.353765e-05
-2.567500e+00	7.456384e-05
-2.565000e+00	7.563734e-05
-2.562500e+00	7.676162e-05
-2.560000e+00	7.794055e-05
-2.557500e+00	7.917835e-05
-2.555000e+00	8.047976e-05
-2.552500e+00	8.184998e-05
-2.550000e+00	8.329485e-05
-2.547500e+00	8.482088e-05
-2.545000e+00	8.643537e-05
-2.542500e+00	8.814653e-05
-2.540000e+00	8.996362e-05
-2.537500e+00	9.189715e-05
-2.535000e+00	9.395908e-05
-2.532500e+00	9.616307e-05
-2.530000e+00	9.852483e-05
-2.527500e+00	1.010625e-04
-2.525000e+00	1.037970e-04
-2.522500e+00	1.067529e-04
-2.520000e+00	1.099590e-04
-2.517500e+00	1.134494e-04
-2.515000e+00	1.172645e-04
-2.512500e+00	1.214529e-04
-2.510000e+00	1.260734e-04
-2.507500e+00	1.311978e-04
-2.505000e+00	1.369146e-04
-2.502500e+00	1.433338e-04
-2.500000e+00	1.505945e-04
-2.497500e+00	1.588739e-04
-2.495000e+00	1.684015e-04
-2.492500e+00	1.794780e-04
-2.490000e+00	1.925043e-04
-2.487500e+00	2.080216e-04
-2.485000e+00	2.267703e-04
-2.482500e+00	2.497707e-04
-2.480000e+00	2.784241e-04
-2.477500e+00	3.145982e-04
-2.475000e+00	3.605702e-04
-2.472500e+00	4.184992e-04
-2.470000e+00	4.889761e-04
-2.467500e+00	5.690549e-04
-2.465000e+00	6.520632e-04
-2.462500e+00	7.302696e-04
-2.460000e+00	7.990079e-04
-2.457500e+00	8.595876e-04
-2.455000e+00	9.147594e-04
-2.452500e+00	9.625526e-04
-2.450000e+00	9.988874e-04
-2.447500e+00	1.025400e-03
-2.445000e+00	1.052770e-03
-2.442500e+00	1.090499e-03
-2.440000e+00	1.131865e-03
-2.437500e+00	1.159907e-03
-2.435000e+00	1.167557e-03
-2.432500e+00	1.166116e-03
-2.430000e+00	1.174938e-03
-2.427500e+00	1.201648e-03
-2.425000e+00	1.238025e-03
-2.422500e+00	1.271922e-03
-2.420000e+00	1.294839e-03
-2.417500e+00	1.303578e-03
-2.415000e+00	1.301191e-03
-2.412500e+00	1.294516e-03
-2.410000e+00	1.287969e-03
-2.407500e+00	1.286361e-03
-2.405000e+00	1.301678e-03
-2.402500e+00	1.342496e-03
-2.400000e+00	1.398875e-03
-2.397500e+00	1.444729e-03
-2.395000e+00	1.455084e-03
-2.392500e+00	1.430123e-03
-2.390000e+00	1.392289e-03
-2.387500e+00	1.358103e-03
-2.385000e+00	1.337473e-03
-2.382500e+00	1.344770e-03
-2.380000e+00	1.387982e-03
-2.377500e+00	1.456348e-03
-2.375000e+00	1.521678e-03
-2.372500e+00	1.553820e-03
-2.370000e+00	1.544063e-03
-2.367500e+00	1.512039e-03
-2.365000e+00	1.485864e-03
-2.362500e+00	1.474575e-03
-2.360000e+00	1.467330e-03
-2.357500e+00	1.454478e-03
-2.355000e+00	1.442212e-03
-2.352500e+00	1.446802e-03
-2.350000e+00	1.474077e-03
-2.347500e+00	1.514625e-03
-2.345000e+00	1.556304e-03
-2.342500e+00	1.592069e-03
-2.340000e+00	1.621127e-03
-2.337500e+00	1.646506e-03
-2.335000e+00	1.664227e-03
-2.332500e+00	1.653454e-03
-2.330000e+00	1.597972e-03
-2.327500e+00	1.518861e-03
-2.325000e+00	1.456971e-03
-2.322500e+00	1.433767e-03
-2.320000e+00	1.446048e-03
-2.317500e+00	1.486752e-03
-2.315000e+00	1.555175e-03
-2.312500e+00	1.641584e-03
-2.310000e+00	1.721081e-03
-2.307500e+00	1.772626e-03
-2.305000e+00	1.789643e-03
-2.302500e+00	1.771568e-03
-2.300000e+00	1.718476e-03
-2.297500e+00	1.639362e-03
-2.295000e+00	1.561579e-03
-2.292500e+00	1.517894e-03
-2.290000e+00	1.520907e-03
-2.287500e+00	1.554807e-03
-2.285000e+00	1.589711e-03
-2.282500e+00	1.607500e-03
-2.280000e+00	1.616015e-03
-2.277500e+00	1.638697e-03
-2.275000e+00	1.687085e-03
-2.272500e+00	1.746542e-03
-2.270000e+00	1.787640e-03
-2.267500e+00	1.793741e-03
-2.265000e+00	1.779511e-03
-2.262500e+00	1.765999e-03
-2.260000e+00	1.754822e-03
-2.257500e+00	1.740030e-03
-2.255000e+00	1.725348e-03
-2.252500e+00	1.716294e-03
-2.250000e+00	1.697203e-03
-2.247500e+00	1.644457e-03
-2.245000e+00	1.568909e-03
-2.242500e+00	1.512217e-03
-2.240000e+00	1.508148e-03
-2.237500e+00	1.566020e-03
-2.235000e+00	1.671841e-03
-2.232500e+00	1.794370e-03
-2.230000e+00	1.899900e-03
-2.227500e+00	1.965858e-03
-2.225000e+00	1.984043e-03
-2.222500e+00	1.957684e-03
-2.220000e+00	1.899850e-03
-2.217500e+00	1.834720e-03
-2.215000e+00	1.782758e-03
-2.212500e+00	1.740492e-03
-2.210000e+00	1.689650e-03
-2.207500e+00	1.623942e-03
-2.205000e+00	1.562927e-03
-2.202500e+00	1.536349e-03
-2.200000e+00	1.559388e-03
-2.197500e+00	1.626064e-03
-2.195000e+00	1.720377e-03
-2.192500e+00	1.825986e-03
-2.190000e+00	1.920514e-03
-2.187500e+00	1.976353e-03
-2.185000e+00	1.977696e-03
-2.182500e+00	1.939660e-03
-2.180000e+00	1.897982e-03
-2.177500e+00	1.871548e-03
-2.175000e+00	1.854568e-03
-2.172500e+00	1.837713e-03
-2.170000e+00	1.826137e-03
-2.167500e+00	1.829157e-03
-2.165000e+00	1.834335e-03
-2.162500e+00	1.815080e-03
-2.160000e+00	1.763772e-03
-2.157500e+00	1.705332e-03
-2.155000e+00	1.675191e-03
-2.152500e+00	1.685505e-03
-2.150000e+00	1.715790e-03
-2.147500e+00	1.738674e-03
-2.145000e+00	1.753638e-03
-2.142500e+00	1.776839e-03
-2.140000e+00	1.812384e-03
-2.137500e+00	1.859863e-03
-2.135000e+00	1.926510e-03
-2.132500e+00	2.012036e-03
-2.130000e+00	2.092745e-03
-2.127500e+00	2.130588e-03
-2.125000e+00	2.114110e-03
-2.122500e+00	2.064840e-03
-2.120000e+00	1.991260e-03
-2.117500e+00	1.889090e-03
-2.115000e+00	1.778359e-03
-2.112500e+00	1.692417e-03
-2.110000e+00	1.648421e-03
-2.107500e+00	1.642306e-03
-2.105000e+00	1.652738e-03
-2.102500e+00	1.659885e-03
-2.100000e+00	1.671152e-03
-2.097500e+00	1.709515e-03
-2.095000e+00	1.783311e-03
-2.092500e+00	1.883120e-03
-2.090000e+00	1.991836e-03
-2.087500e+00	2.088771e-03
-2.085000e+00	2.164652e-03
-2.082500e+00	2.217223e-03
-2.080000e+00	2.219614e-03
-2.077500e+00	2.145565e-03
-2.075000e+00	2.023442e-03
-2.072500e+00	1.908649e-03
-2.070000e+00	1.828391e-03
-2.067500e+00	1.783747e-03
-2.065000e+00	1.772781e-03
-2.062500e+00	1.789358e-03
-2.060000e+00	1.821681e-03
-2.057500e+00	1.858982e-03
-2.055000e+00	1.884728e-03
-2.052500e+00	1.881352e-03
-2.050000e+00	1.845939e-03
-2.047500e+00	1.791393e-03
-2.045000e+00	1.748515e-03
-2.042500e+00	1.753683e-03
-2.040000e+00	1.823558e-03
-2.037500e+00	1.940685e-03
-2.035000e+00	2.054856e-03
-2.032500e+00	2.116122e-03
-2.030000e+00	2.115741e-03
-2.027500e+00	2.075338e-03
-2.025000e+00	2.026002e-03
-2.022500e+00	2.004053e-03
-2.020000e+00	2.026300e-03
-2.017500e+00	2.074504e-03
-2.015000e+00	2.115671e-03
-2.012500e+00	2.124060e-03
-2.010000e+00	2.088425e-03
-2.007500e+00	2.025374e-03
-2.005000e+00	1.959822e-03
-2.002500e+00	1.886731e-03
-2.000000e+00	1.789133e-03
-1.997500e+00	1.682370e-03
-1.995000e+00	1.604962e-03
-1.992500e+00	1.583328e-03
-1.990000e+00	1.622727e-03
-1.987500e+00	1.716424e-03
-1.985000e+00	1.853301e-03
-1.982500e+00	2.009961e-03
-1.980000e+00	2.145087e-03
-1.977500e+00	2.231290e-03
-1.975000e+00	2.275698e-03
-1.972500e+00	2.281533e-03
-1.970000e+00	2.241686e-03
-1.967500e+00	2.182579e-03
-1.965000e+00	2.150557e-03
-1.962500e+00	2.155199e-03
-1.960000e+00	2.156837e-03
-1.957500e+00	2.110925e-03
-1.955000e+00	2.012205e-03
-1.952500e+00	1.891282e-03
-1.950000e+00	1.790591e-03
-1.947500e+00	1.737315e-03
-1.945000e+00	1.729014e-03
-1.942500e+00	1.746713e-03
-1.940000e+00	1.781131e-03
-1.937500e+00	1.832527e-03
-1.935000e+00	1.887827e-03
-1.932500e+00	1.930916e-03
-1.930000e+00	1.973719e-03
-1.927500e+00	2.038054e-03
-1.925000e+00	2.110037e-03
-1.922500e+00	2.144427e-03
-1.920000e+00	2.125718e-03
-1.917500e+00	2.091480e-03
-1.915000e+00	2.077504e-03
-1.912500e+00	2.084517e-03
-1.910000e+00	2.105707e-03
-1.907500e+00	2.142898e-03
-1.905000e+00	2.178098e-03
-1.902500e+00	2.174620e-03
-1.900000e+00	2.130573e-03
-1.897500e+00	2.085859e-03
-1.895000e+00	2.064289e-03
-1.892500e+00	2.051238e-03
-1.890000e+00	2.031114e-03
-1.887500e+00	2.009119e-03
-1.885000e+00	1.982857e-03
-1.882500e+00	1.938655e-03
-1.880000e+00	1.885786e-03
-1.877500e+00	1.849235e-03
-1.875000e+00	1.830442e-03
-1.872500e+00	1.809093e-03
-1.870000e+00	1.783707e-03
-1.867500e+00	1.781265e-03
-1.865000e+00	1.822507e-03
-1.862500e+00	1.901697e-03
-1.860000e+00	2.004125e-03
-1.857500e+00	2.130809e-03
-1.855000e+00	2.280529e-03
-1.852500e+00	2.413041e-03
-1.850000e+00	2.472686e-03
-1.847500e+00	2.457318e-03
-1.845000e+00	2.407049e-03
-1.842500e+00	2.331097e-03
-1.840000e+00	2.214369e-03
-1.837500e+00	2.078844e-03
-1.835000e+00	1.976981e-03
-1.832500e+00	1.939618e-03
-1.830000e+00	1.952699e-03
-1.827500e+00	1.965021e-03
-1.825000e+00	1.930867e-03
-1.822500e+00	1.860048e-03
-1.820000e+00	1.799480e-03
-1.817500e+00	1.777069e-03
-1.815000e+00	1.785870e-03
-1.812500e+00	1.810680e-03
-1.810000e+00	1.854776e-03
-1.807500e+00	1.925630e-03
-1.805000e+00	2.010971e-03
-1.802500e+00	2.096416e-03
-1.800000e+00	2.191903e-03
-1.797500e+00	2.303977e-03
-1.795000e+00	2.397086e-03
-1.792500e+00	2.423725e-03
-1.790000e+00	2.383974e-03
-1.787500e+00	2.304798e-03
-1.785000e+00	2.194685e-03
-1.782500e+00	2.069705e-03
-1.780000e+00	1.973903e-03
-1.777500e+00	1.946428e-03
-1.775000e+00	1.995080e-03
-1.772500e+00	2.091915e-03
-1.770000e+00	2.184656e-03
-1.767500e+00	2.231128e-03
-1.765000e+00	2.217271e-03
-1.762500e+00	2.144950e-03
-1.760000e+00	2.042324e-03
-1.757500e+00	1.956808e-03
-1.755000e+00	1.911063e-03
-1.752500e+00	1.886348e-03
-1.750000e+00	1.855092e-03
-1.747500e+00	1.824456e-03
-1.745000e+00	1.828813e-03
-1.742500e+00	1.888329e-03
-1.740000e+00	1.986544e-03
-1.737500e+00	2.078560e-03
-1.735000e+00	2.134165e-03
-1.732500e+00	2.168153e-03
-1.730000e+00	2.200590e-03
-1.727500e+00	2.220876e-03
-1.725000e+00	2.223558e-03
-1.722500e+00	2.240288e-03
-1.720000e+00	2.299602e-03
-1.717500e+00	2.379904e-03
-1.715000e+00	2.424605e-03
-1.712500e+00	2.411651e-03
-1.710000e+00	2.374037e-03
-1.707500e+00	2.330042e-03
-1.705000e+00	2.247852e-03
-1.702500e+00	2.105074e-03
-1.700000e+00	1.939244e-03
-1.697500e+00	1.808873e-03
-1.695000e+00	1.745592e-03
-1.692500e+00	1.747653e-03
-1.690000e+00	1.786997e-03
-1.687500e+00	1.826104e-03
-1.685000e+00	1.852853e-03
-1.682500e+00	1.889180e-03
-1.680000e+00	1.951429e-03
-1.677500e+00	2.025948e-03
-1.675000e+00	2.096674e-03
-1.672500e+00	2.175252e-03
-1.670000e+00	2.271435e-03
-1.667500e+00	2.351805e-03
-1.665000e+00	2.369575e-03
-1.662500e+00	2.336383e-03
-1.660000e+00	2.313948e-03
-1.657500e+00	2.336404e-03
-1.655000e+00	2.372488e-03
-1.652500e+00	2.360942e-03
-1.650000e+00	2.286937e-03
-1.647500e+00	2.192546e-03
-1.645000e+00	2.108192e-03
-1.642500e+00	2.028447e-03
-1.640000e+00	1.955286e-03
-1.637500e+00	1.919471e-03
-1.635000e+00	1.950420e-03
-1.632500e+00	2.046542e-03
-1.630000e+00	2.161970e-03
-1.627500e+00	2.219643e-03
-1.625000e+00	2.177520e-03
-1.622500e+00	2.076478e-03
-1.620000e+00	1.984593e-03
-1.617500e+00	1.929118e-03
-1.615000e+00	1.898039e-03
-1.612500e+00	1.883673e-03
-1.610000e+00	1.903266e-03
-1.607500e+00	1.970556e-03
-1.605000e+00	2.065058e-03
-1.602500e+00	2.140883e-03
-1.600000e+00	2.179311e-03
-1.597500e+00	2.215549e-03
-1.595000e+00	2.286905e-03
-1.592500e+00	2.377043e-03
-1.590000e+00	2.425737e-03
-1.587500e+00	2.403488e-03
-1.585000e+00	2.352827e-03
-1.582500e+00	2.325105e-03
-1.580000e+00	2.316143e-03
-1.577500e+00	2.285095e-03
-1.575000e+00	2.224568e-03
-1.572500e+00	2.176771e-03
-1.570000e+00	2.173385e-03
-1.567500e+00	2.190149e-03
-1.565000e+00	2.162678e-03
-1.562500e+00	2.057785e-03
-1.560000e+00	1.914419e-03
-1.557500e+00	1.792142e-03
-1.555000e+00	1.718438e-03
-1.552500e+00	1.691648e-03
-1.550000e+00	1.709284e-03
-1.547500e+00	1.781976e-03
-1.545000e+00	1.918581e-03
-1.542500e+00	2.101820e-03
-1.540000e+00	2.275193e-03
-1.537500e+00	2.374038e-03
-1.535000e+00	2.396886e-03
-1.532500e+00	2.405890e-03
-1.530000e+00	2.440374e-03
-1.527500e+00	2.467920e-03
-1.525000e+00	2.428827e-03
-1.522500e+00	2.324088e-03
-1.520000e+00	2.219725e-03
-1.517500e+00	2.169912e-03
-1.515000e+00	2.173093e-03
-1.512500e+00	2.183516e-03
-1.510000e+00	2.164270e-03
-1.507500e+00	2.132540e-03
-1.505000e+00	2.127019e-03
-1.502500e+00	2.147351e-03
-1.500000e+00	2.146985e-03
-1.497500e+00	2.090836e-03
-1.495000e+00	2.006846e-03
-1.492500e+00	1.952623e-03
-1.490000e+00	1.957569e-03
-1.487500e+00	2.004222e-03
-1.485000e+00	2.042389e-03
-1.482500e+00	2.038311e-03
-1.480000e+00	2.015442e-03
-1.477500e+00	2.020118e-03
-1.475000e+00	2.063724e-03
-1.472500e+00	2.109953e-03
-1.470000e+00	2.116997e-03
-1.467500e+00	2.095117e-03
-1.465000e+00	2.094506e-03
-1.462500e+00	2.143900e-03
-1.460000e+00	2.222609e-03
-1.457500e+00	2.286473e-03
-1.455000e+00	2.326569e-03
-1.452500e+00	2.378309e-03
-1.450000e+00	2.456541e-03
-1.447500e+00	2.513075e-03
-1.445000e+00	2.482923e-03
-1.442500e+00	2.372837e-03
-1.440000e+00	2.254729e-03
-1.437500e+00	2.178644e-03
-1.435000e+00	2.132500e-03
-1.432500e+00	2.073058e-03
-1.430000e+00	1.989336e-03
-1.427500e+00	1.918102e-03
-1.425000e+00	1.895545e-03
-1.422500e+00	1.919381e-03
-1.420000e+00	1.947105e-03
-1.417500e+00	1.932190e-03
-1.415000e+00	1.878367e-03
-1.412500e+00	1.836204e-03
-1.410000e+00	1.851838e-03
-1.407500e+00	1.940708e-03
-1.405000e+00	2.083779e-03
-1.402500e+00	2.230581e-03
-1.400000e+00	2.334092e-03
-1.397500e+00	2.400234e-03
-1.395000e+00	2.462263e-03
-1.392500e+00	2.508750e-03
-1.390000e+00	2.488206e-03
-1.387500e+00	2.393083e-03
-1.385000e+00	2.283550e-03
-1.382500e+00	2.213317e-03
-1.380000e+00	2.178310e-03
-1.377500e+00	2.137505e-03
-1.375000e+00	2.075768e-03
-1.372500e+00	2.029168e-03
-1.370000e+00	2.041320e-03
-1.367500e+00	2.120453e-03
-1.365000e+00	2.224519e-03
-1.362500e+00	2.275936e-03
-1.360000e+00	2.229331e-03
-1.357500e+00	2.123788e-03
-1.355000e+00	2.029284e-03
-1.352500e+00	1.973739e-03
-1.350000e+00	1.936096e-03
-1.347500e+00	1.891249e-03
-1.345000e+00	1.852828e-03
-1.342500e+00	1.858839e-03
-1.340000e+00	1.932438e-03
-1.337500e+00	2.061213e-03
-1.335000e+00	2.190090e-03
-1.332500e+00	2.247649e-03
-1.330000e+00	2.218678e-03
-1.327500e+00	2.166064e-03
-1.325000e+00	2.161057e-03
-1.322500e+00	2.226786e-03
-1.320000e+00	2.328681e-03
-1.317500e+00	2.398288e-03
-1.315000e+00	2.401253e-03
-1.312500e+00	2.377518e-03
-1.310000e+00	2.379647e-03
-1.307500e+00	2.400207e-03
-1.305000e+00	2.377016e-03
-1.302500e+00	2.272956e-03
-1.300000e+00	2.129376e-03
-1.297500e+00	2.013132e-03
-1.295000e+00	1.951143e-03
-1.292500e+00	1.921278e-03
-1.290000e+00	1.884953e-03
-1.287500e+00	1.836416e-03
-1.285000e+00	1.809937e-03
-1.282500e+00	1.839325e-03
-1.280000e+00	1.927988e-03
-1.277500e+00	2.039575e-03
-1.275000e+00	2.111741e-03
-1.272500e+00	2.113548e-03
-1.270000e+00	2.085513e-03
-1.267500e+00	2.092063e-03
-1.265000e+00	2.159333e-03
-1.262500e+00	2.256539e-03
-1.260000e+00	2.318256e-03
-1.257500e+00	2.312232e-03
-1.255000e+00	2.278874e-03
-1.252500e+00	2.272203e-03
-1.250000e+00	2.291512e-03
-1.247500e+00	2.284478e-03
-1.245000e+00	2.217217e-03
-1.242500e+00	2.126099e-03
-1.240000e+00	2.075876e-03
-1.237500e+00	2.100174e-03
-1.235000e+00	2.182290e-03
-1.232500e+00	2.258490e-03
-1.230000e+00	2.260188e-03
-1.227500e+00	2.186672e-03
-1.225000e+00	2.101622e-03
-1.222500e+00	2.053721e-03
-1.220000e+00	2.032856e-03
-1.217500e+00	1.990287e-03
-1.215000e+00	1.901299e-03
-1.212500e+00	1.798876e-03
-1.210000e+00	1.734610e-03
-1.207500e+00	1.739423e-03
-1.205000e+00	1.819187e-03
-1.202500e+00	1.955234e-03
-1.200000e+00	2.100979e-03
-1.197500e+00	2.205223e-03
-1.195000e+00	2.264368e-03
-1.192500e+00	2.317653e-03
-1.190000e+00	2.375522e-03
-1.187500e+00	2.393394e-03
-1.185000e+00	2.337201e-03
-1.182500e+00	2.245936e-03
-1.180000e+00	2.190296e-03
-1.177500e+00	2.203062e-03
-1.175000e+00	2.255591e-03
-1.172500e+00	2.274084e-03
-1.170000e+00	2.206023e-03
-1.167500e+00	2.081382e-03
-1.165000e+00	1.974121e-03
-1.162500e+00	1.932587e-03
-1.160000e+00	1.958808e-03
-1.157500e+00	2.012095e-03
-1.155000e+00	2.030804e-03
-1.152500e+00	1.989531e-03
-1.150000e+00	1.928253e-03
-1.147500e+00	1.902590e-03
-1.145000e+00	1.931806e-03
-1.142500e+00	1.987369e-03
-1.140000e+00	2.015028e-03
-1.137500e+00	1.991941e-03
-1.135000e+00	1.956036e-03
-1.132500e+00	1.959134e-03
-1.130000e+00	2.016082e-03
-1.127500e+00	2.094465e-03
-1.125000e+00	2.144048e-03
-1.122500e+00	2.156443e-03
-1.120000e+00	2.177287e-03
-1.117500e+00	2.244922e-03
-1.115000e+00	2.338842e-03
-1.112500e+00	2.384631e-03
-1.110000e+00	2.327531e-03
-1.107500e+00	2.202823e-03
-1.105000e+00	2.093808e-03
-1.102500e+00	2.053015e-03
-1.100000e+00	2.077143e-03
-1.097500e+00	2.112534e-03
-1.095000e+00	2.089661e-03
-1.092500e+00	1.992336e-03
-1.090000e+00	1.874189e-03
-1.087500e+00	1.796573e-03
-1.085000e+00	1.785520e-03
-1.082500e+00	1.828666e-03
-1.080000e+00	1.882688e-03
-1.077500e+00	1.903024e-03
-1.075000e+00	1.892342e-03
-1.072500e+00	1.898031e-03
-1.070000e+00	1.959308e-03
-1.067500e+00	2.071733e-03
-1.065000e+00	2.179616e-03
-1.062500e+00	2.208541e-03
-1.060000e+00	2.143324e-03
-1.057500e+00	2.049044e-03
-1.055000e+00	2.000118e-03
-1.052500e+00	2.028479e-03
-1.050000e+00	2.116821e-03
-1.047500e+00	2.204964e-03
-1.045000e+00	2.229257e-03
-1.042500e+00	2.189908e-03
-1.040000e+00	2.145591e-03
-1.037500e+00	2.135291e-03
-1.035000e+00	2.136267e-03
-1.032500e+00	2.094465e-03
-1.030000e+00	1.997282e-03
-1.027500e+00	1.892780e-03
-1.025000e+00	1.832448e-03
-1.022500e+00	1.828442e-03
-1.020000e+00	1.849801e-03
-1.017500e+00	1.846360e-03
-1.015000e+00	1.800682e-03
-1.012500e+00	1.749527e-03
-1.010000e+00	1.742291e-03
-1.007500e+00	1.803865e-03
-1.005000e+00	1.925131e-03
-1.002500e+00	2.057598e-03
-1.000000e+00	2.129199e-03
-9.975000e-01	2.109712e-03
-9.950000e-01	2.048769e-03
-9.925000e-01	2.016630e-03
-9.900000e-01	2.038960e-03
-9.875000e-01	2.084248e-03
-9.850000e-01	2.095283e-03
-9.825000e-01	2.055104e-03
-9.800000e-01	2.009862e-03
-9.775000e-01	2.012572e-03
-9.750000e-01	2.071555e-03
-9.725000e-01	2.138242e-03
-9.700000e-01	2.136487e-03
-9.675000e-01	2.039210e-03
-9.650000e-01	1.900581e-03
-9.625000e-01	1.792426e-03
-9.600000e-01	1.750112e-03
-9.575000e-01	1.767216e-03
-9.550000e-01	1.802752e-03
-9.525000e-01	1.804920e-03
-9.500000e-01	1.761490e-03
-9.475000e-01	1.713817e-03
-9.450000e-01	1.710822e-03
-9.425000e-01	1.773521e-03
-9.400000e-01	1.886249e-03
-9.375000e-01	1.994262e-03
-9.350000e-01	2.031229e-03
-9.325000e-01	1.986800e-03
-9.300000e-01	1.921174e-03
-9.275000e-01	1.898917e-03
-9.250000e-01	1.940815e-03
-9.225000e-01	2.016636e-03
-9.200000e-01	2.062476e-03
-9.175000e-01	2.038858e-03
-9.150000e-01	1.977635e-03
-9.125000e-01	1.939614e-03
-9.100000e-01	1.948485e-03
-9.075000e-01	1.971589e-03
-9.050000e-01	1.949671e-03
-9.025000e-01	1.863798e-03
-9.000000e-01	1.759126e-03
-8.975000e-01	1.691721e-03
-8.950000e-01	1.685181e-03
-8.925000e-01	1.724104e-03
-8.900000e-01	1.760972e-03
-8.875000e-01	1.749480e-03
-8.850000e-01	1.694559e-03
-8.825000e-01	1.646000e-03
-8.800000e-01	1.647246e-03
-8.775000e-01	1.709365e-03
-8.750000e-01	1.806708e-03
-8.725000e-01	1.882441e-03
-8.700000e-01	1.890684e-03
-8.675000e-01	1.849782e-03
-8.650000e-01	1.820683e-03
-8.625000e-01	1.843384e-03
-8.600000e-01	1.907548e-03
-8.575000e-01	1.957110e-03
-8.550000e-01	1.935943e-03
-8.525000e-01	1.852319e-03
-8.500000e-01	1.768598e-03
-8.475000e-01	1.735989e-03
-8.450000e-01	1.762953e-03
-8.425000e-01	1.813347e-03
-8.400000e-01	1.823567e-03
-8.375000e-01	1.758160e-03
-8.350000e-01	1.649918e-03
-8.325000e-01	1.559204e-03
-8.300000e-01	1.522692e-03
-8.275000e-01	1.543489e-03
-8.250000e-01	1.594555e-03
-8.225000e-01	1.628489e-03
-8.200000e-01	1.615747e-03
-8.175000e-01	1.578921e-03
-8.150000e-01	1.565651e-03
-8.125000e-01	1.603290e-03
-8.100000e-01	1.681355e-03
-8.075000e-01	1.752119e-03
-8.050000e-01	1.761864e-03
-8.025000e-01	1.709118e-03
-8.000000e-01	1.647353e-03
-7.975000e-01	1.626784e-03
-7.950000e-01	1.658523e-03
-7.925000e-01	1.710529e-03
-7.900000e-01	1.725486e-03
-7.875000e-01	1.674035e-03
-7.850000e-01	1.589201e-03
-7.825000e-01	1.525489e-03
-7.800000e-01	1.509914e-03
-7.775000e-01	1.530002e-03
-7.750000e-01	1.541935e-03
-7.725000e-01	1.505139e-03
-7.700000e-01	1.426613e-03
-7.675000e-01	1.350311e-03
-7.650000e-01	1.312437e-03
-7.625000e-01	1.323713e-03
-7.600000e-01	1.369982e-03
-7.575000e-01	1.414318e-03
-7.550000e-01	1.418156e-03
-7.525000e-01	1.381118e-03
-7.500000e-01	1.341571e-03
-7.475000e-01	1.336497e-03
-7.450000e-01	1.378680e-03
-7.425000e-01	1.453600e-03
-7.400000e-01	1.521988e-03
-7.375000e-01	1.546022e-03
-7.350000e-01	1.532008e-03
-7.325000e-01	1.525103e-03
-7.300000e-01	1.563590e-03
-7.275000e-01	1.652928e-03
-7.250000e-01	1.759072e-03
-7.225000e-01	1.819684e-03
-7.200000e-01	1.797813e-03
-7.175000e-01	1.726897e-03
-7.150000e-01	1.671791e-03
-7.125000e-01	1.671146e-03
-7.100000e-01	1.721083e-03
-7.075000e-01	1.778833e-03
-7.050000e-01	1.789252e-03
-7.025000e-01	1.740689e-03
-7.000000e-01	1.678806e-03
-6.975000e-01	1.655469e-03
-6.950000e-01	1.691658e-03
-6.925000e-01	1.772252e-03
-6.900000e-01	1.852811e-03
-6.875000e-01	1.893700e-03
-6.850000e-01	1.907064e-03
-6.825000e-01	1.943996e-03
-6.800000e-01	2.037845e-03
-6.775000e-01	2.169912e-03
-6.750000e-01	2.268432e-03
-6.725000e-01	2.262210e-03
-6.700000e-01	2.162593e-03
-6.675000e-01	2.051584e-03
-6.650000e-01	1.999913e-03
-6.625000e-01	2.030687e-03
-6.600000e-01	2.119603e-03
-6.575000e-01	2.199528e-03
-6.550000e-01	2.199830e-03
-6.525000e-01	2.119174e-03
-6.500000e-01	2.025644e-03
-6.475000e-01	1.982093e-03
-6.450000e-01	2.003104e-03
-6.425000e-01	2.052411e-03
-6.400000e-01	2.064732e-03
-6.375000e-01	2.006235e-03
-6.350000e-01	1.913891e-03
-6.325000e-01	1.851953e-03
-6.300000e-01	1.862638e-03
-6.275000e-01	1.960764e-03
-6.250000e-01	2.137945e-03
-6.225000e-01	2.354813e-03
-6.200000e-01	2.544698e-03
-6.175000e-01	2.666618e-03
-6.150000e-01	2.747111e-03
-6.125000e-01	2.815576e-03
-6.100000e-01	2.826597e-03
-6.075000e-01	2.704541e-03
-6.050000e-01	2.458484e-03
-6.025000e-01	2.181625e-03
-6.000000e-01	1.955592e-03
-5.975000e-01	1.812764e-03
-5.950000e-01	1.753289e-03
-5.925000e-01	1.760553e-03
-5.900000e-01	1.805337e-03
-5.875000e-01	1.859085e-03
-5.850000e-01	1.922615e-03
-5.825000e-01	2.029513e-03
-5.800000e-01	2.213682e-03
-5.775000e-01	2.478948e-03
-5.750000e-01	2.774962e-03
-5.725000e-01	2.992534e-03
-5.700000e-01	3.040299e-03
-5.675000e-01	2.951013e-03
-5.650000e-01	2.836773e-03
-5.625000e-01	2.755980e-03
-5.600000e-01	2.670656e-03
-5.575000e-01	2.514372e-03
-5.550000e-01	2.289085e-03
-5.525000e-01	2.061714e-03
-5.500000e-01	1.891109e-03
-5.475000e-01	1.801608e-03
-5.450000e-01	1.797377e-03
-5.425000e-01	1.874757e-03
-5.400000e-01	2.020162e-03
-5.375000e-01	2.198664e-03
-5.350000e-01	2.358564e-03
-5.325000e-01	2.478234e-03
-5.300000e-01	2.597244e-03
-5.275000e-01	2.761575e-03
-5.250000e-01	2.949294e-03
-5.225000e-01	3.060952e-03
-5.200000e-01	3.012319e-03
-5.175000e-01	2.842237e-03
-5.150000e-01	2.664652e-03
-5.125000e-01	2.548979e-03
-5.100000e-01	2.480698e-03
-5.075000e-01	2.395932e-03
-5.050000e-01	2.258678e-03
-5.025000e-01	2.103277e-03
-5.000000e-01	1.989002e-03
-4.975000e-01	1.953054e-03
-4.950000e-01	2.008546e-03
-4.925000e-01	2.151937e-03
-4.900000e-01	2.355492e-03
-4.875000e-01	2.554371e-03
-4.850000e-01	2.674623e-03
-4.825000e-01	2.711390e-03
-4.800000e-01	2.738713e-03
-4.775000e-01	2.817468e-03
-4.750000e-01	2.925066e-03
-4.725000e-01	2.965876e-03
-4.700000e-01	2.870194e-03
-4.675000e-01	2.683385e-03
-4.650000e-01	2.508131e-03
-4.625000e-01	2.403480e-03
-4.600000e-01	2.358467e-03
-4.575000e-01	2.318135e-03
-4.550000e-01	2.243929e-03
-4.525000e-01	2.159522e-03
-4.500000e-01	2.120360e-03
-4.475000e-01	2.165247e-03
-4.450000e-01	2.302612e-03
-4.425000e-01	2.504394e-03
-4.400000e-01	2.696377e-03
-4.375000e-01	2.791728e-03
-4.350000e-01	2.780888e-03
-4.325000e-01	2.746653e-03
-4.300000e-01	2.766115e-03
-4.275000e-01	2.836224e-03
-4.250000e-01	2.874050e-03
-4.225000e-01	2.794935e-03
-4.200000e-01	2.613865e-03
-4.175000e-01	2.425029e-03
-4.150000e-01	2.304721e-03
-4.125000e-01	2.273355e-03
-4.100000e-01	2.302422e-03
-4.075000e-01	2.333310e-03
-4.050000e-01	2.326739e-03
-4.025000e-01	2.308303e-03
-4.000000e-01	2.338433e-03
-3.975000e-01	2.454656e-03
-3.950000e-01	2.643776e-03
-3.925000e-01	2.830889e-03
-3.900000e-01	2.910697e-03
-3.875000e-01	2.849578e-03
-3.850000e-01	2.728822e-03
-3.825000e-01	2.649215e-03
-3.800000e-01	2.643788e-03
-3.775000e-01	2.665377e-03
-3.750000e-01	2.628994e-03
-3.725000e-01	2.502150e-03
-3.700000e-01	2.342559e-03
-3.675000e-01	2.229619e-03
-3.650000e-01	2.207136e-03
-3.625000e-01	2.280043e-03
-3.600000e-01	2.417231e-03
-3.575000e-01	2.551144e-03
-3.550000e-01	2.617105e-03
-3.525000e-01	2.623681e-03
-3.500000e-01	2.641060e-03
-3.475000e-01	2.712724e-03
-3.450000e-01	2.803591e-03
-3.425000e-01	2.824613e-03
-3.400000e-01	2.730979e-03
-3.375000e-01	2.581285e-03
-3.350000e-01	2.464985e-03
-3.325000e-01	2.419761e-03
-3.300000e-01	2.417707e-03
-3.275000e-01	2.399594e-03
-3.250000e-01	2.342807e-03
-3.225000e-01	2.290521e-03
-3.200000e-01	2.301587e-03
-3.175000e-01	2.402049e-03
-3.150000e-01	2.568473e-03
-3.125000e-01	2.722972e-03
-3.100000e-01	2.773889e-03
-3.075000e-01	2.710610e-03
-3.050000e-01	2.617436e-03
-3.025000e-01	2.575360e-03
-3.000000e-01	2.593248e-03
-2.975000e-01	2.608807e-03
-2.950000e-01	2.549320e-03
-2.925000e-01	2.417444e-03
-2.900000e-01	2.286852e-03
-2.875000e-01	2.225274e-03
-2.850000e-01	2.258679e-03
-2.825000e-01	2.371653e-03
-2.800000e-01	2.506545e-03
-2.775000e-01	2.586143e-03
-2.750000e-01	2.586057e-03
-2.725000e-01	2.563326e-03
-2.700000e-01	2.580172e-03
-2.675000e-01	2.631490e-03
-2.650000e-01	2.647111e-03
-2.625000e-01	2.570458e-03
-2.600000e-01	2.433931e-03
-2.575000e-01	2.319154e-03
-2.550000e-01	2.276975e-03
-2.525000e-01	2.302282e-03
-2.500000e-01	2.346430e-03
-2.475000e-01	2.362198e-03
-2.450000e-01	2.359424e-03
-2.425000e-01	2.390068e-03
-2.400000e-01	2.480590e-03
-2.375000e-01	2.592563e-03
-2.350000e-01	2.640028e-03
-2.325000e-01	2.575020e-03
-2.300000e-01	2.448649e-03
-2.275000e-01	2.348107e-03
-2.250000e-01	2.314407e-03
-2.225000e-01	2.324874e-03
-2.200000e-01	2.322937e-03
-2.175000e-01	2.282984e-03
-2.150000e-01	2.243530e-03
-2.125000e-01	2.259161e-03
-2.100000e-01	2.345737e-03
-2.075000e-01	2.461664e-03
-2.050000e-01	2.526066e-03
-2.025000e-01	2.493234e-03
-2.000000e-01	2.406669e-03
-1.975000e-01	2.338580e-03
-1.950000e-01	2.310169e-03
-1.925000e-01	2.286674e-03
-1.900000e-01	2.236327e-03
-1.875000e-01	2.181884e-03
-1.850000e-01	2.172717e-03
-1.825000e-01	2.228845e-03
-1.800000e-01	2.318269e-03
-1.775000e-01	2.374781e-03
-1.750000e-01	2.363261e-03
-1.725000e-01	2.320247e-03
-1.700000e-01	2.296014e-03
-1.675000e-01	2.287952e-03
-1.650000e-01	2.252522e-03
-1.625000e-01	2.175893e-03
-1.600000e-01	2.102672e-03
-1.575000e-01	2.085115e-03
-1.550000e-01	2.136872e-03
-1.525000e-01	2.222013e-03
-1.500000e-01	2.273650e-03
-1.475000e-01	2.256198e-03
-1.450000e-01	2.205171e-03
-1.425000e-01	2.171989e-03
-1.400000e-01	2.159516e-03
-1.375000e-01	2.131138e-03
-1.350000e-01	2.073898e-03
-1.325000e-01	2.025183e-03
-1.300000e-01	2.026174e-03
-1.275000e-01	2.076843e-03
-1.250000e-01	2.131642e-03
-1.225000e-01	2.140257e-03
-1.200000e-01	2.104410e-03
-1.175000e-01	2.063220e-03
-1.150000e-01	2.030893e-03
-1.125000e-01	1.992214e-03
-1.100000e-01	1.950229e-03
-1.075000e-01	1.934830e-03
-1.050000e-01	1.959290e-03
-1.025000e-01	1.994950e-03
-1.000000e-01	1.999042e-03
-9.750000e-02	1.967927e-03
-9.500000e-02	1.932572e-03
-9.250000e-02	1.904964e-03
-9.000000e-02	1.871659e-03
-8.750000e-02	1.835813e-03
-8.500000e-02	1.823504e-03
-8.250000e-02	1.842527e-03
-8.000000e-02	1.861668e-03
-7.750000e-02	1.843972e-03
-7.500000e-02	1.795991e-03
-7.250000e-02	1.753737e-03
-7.000000e-02	1.731626e-03
-6.750000e-02	1.717077e-03
-6.500000e-02	1.704009e-03
-6.250000e-02	1.698004e-03
-6.000000e-02	1.689142e-03
-5.750000e-02	1.659110e-03
-5.500000e-02	1.615694e-03
-5.250000e-02	1.583153e-03
-5.000000e-02	1.566453e-03
-4.750000e-02	1.552275e-03
-4.500000e-02	1.531432e-03
-4.250000e-02	1.500482e-03
-4.000000e-02	1.461801e-03
-3.750000e-02	1.427104e-03
-3.500000e-02	1.400354e-03
-3.250000e-02	1.372048e-03
-3.000000e-02	1.336260e-03
-2.750000e-02	1.294945e-03
-2.500000e-02	1.252729e-03
-2.250000e-02	1.211915e-03
-2.000000e-02	1.167509e-03
-1.750000e-02	1.116435e-03
-1.500000e-02	1.061368e-03
-1.250000e-02	1.002366e-03
-1.000000e-02	9.371200e-04
-7.500000e-03	8.650039e-04
-5.000000e-03	7.867954e-04
-2.500000e-03	7.043607e-04
-6.394885e-14	6.222307e-04
2.500000e-03	5.465469e-04
5.000000e-03	4.818895e-04
7.500000e-03	4.294260e-04
1.000000e-02	3.877949e-04
1.250000e-02	3.548022e-04
1.500000e-02	3.283995e-04
1.750000e-02	3.069704e-04
2.000000e-02	2.893157e-04
2.250000e-02	2.745610e-04
2.500000e-02	2.620682e-04
2.750000e-02	2.513668e-04
3.000000e-02	2.421051e-04
3.250000e-02	2.340162e-04
3.500000e-02	2.268949e-04
3.750000e-02	2.205809e-04
4.000000e-02	2.149474e-04
4.250000e-02	2.098931e-04
4.500000e-02	2.053357e-04
4.750000e-02	2.012082e-04
5.000000e-02	1.974551e-04
5.250000e-02	1.940303e-04
5.500000e-02	1.908950e-04
5.750000e-02	1.880164e-04
6.000000e-02	1.853666e-04
6.250000e-02	1.829217e-04
6.500000e-02	1.806612e-04
6.750000e-02	1.785670e-04
7.000000e-02	1.766237e-04
7.250000e-02	1.748177e-04
7.500000e-02	1.731370e-04
7.750000e-02	1.715709e-04
8.000000e-02	1.701103e-04
8.250000e-02	1.687466e-04
8.500000e-02	1.674725e-04
8.750000e-02	1.662813e-04
9.000000e-02	1.651671e-04
9.250000e-02	1.641245e-04
9.500000e-02	1.631485e-04
9.750000e-02	1.622349e-04
1.000000e-01	1.613795e-04
1.025000e-01	1.605789e-04
1.050000e-01	1.598295e-04
1.075000e-01	1.591285e-04
1.100000e-01	1.584731e-04
1.125000e-01	1.578606e-04
1.150000e-01	1.572888e-04
1.175000e-01	1.567555e-04
1.200000e-01	1.562587e-04
1.225000e-01	1.557967e-04
1.250000e-01	1.553676e-04
1.275000e-01	1.549700e-04
1.300000e-01	1.546024e-04
1.325000e-01	1.542634e-04
1.350000e-01	1.539517e-04
1.375000e-01	1.536663e-04
1.400000e-01	1.534060e-04
1.425000e-01	1.531699e-04
1.450000e-01	1.529568e-04
1.475000e-01	1.527661e-04
1.500000e-01	1.525968e-04
1.525000e-01	1.524482e-04
1.550000e-01	1.523196e-04
1.575000e-01	1.522102e-04
1.600000e-01	1.521194e-04
1.625000e-01	1.520467e-04
1.650000e-01	1.519915e-04
1.675000e-01	1.519532e-04
1.700000e-01	1.519314e-04
1.725000e-01	1.519255e-04
1.750000e-01	1.519353e-04
1.775000e-01	1.519601e-04
1.800000e-01	1.519997e-04
1.825000e-01	1.520537e-04
1.850000e-01	1.521217e-04
1.875000e-01	1.522035e-04
1.900000e-01	1.522987e-04
1.925000e-01	1.524069e-04
1.950000e-01	1.525281e-04
1.975000e-01	1.526618e-04
2.000000e-01	1.528079e-04
2.025000e-01	1.529662e-04
2.050000e-01	1.531364e-04
2.075000e-01	1.533182e-04
2.100000e-01	1.535117e-04
2.125000e-01	1.537165e-04
2.150000e-01	1.539325e-04
2.175000e-01	1.541595e-04
2.200000e-01	1.543974e-04
2.225000e-01	1.546462e-04
2.250000e-01	1.549055e-04
2.275000e-01	1.551754e-04
2.300000e-01	1.554556e-04
2.325000e-01	1.557462e-04
2.350000e-01	1.560471e-04
2.375000e-01	1.563580e-04
2.400000e-01	1.566790e-04
2.425000e-01	1.570100e-04
2.450000e-01	1.573509e-04
2.475000e-01	1.577016e-04
2.500000e-01	1.580622e-04
2.525000e-01	1.584325e-04
2.550000e-01	1.588125e-04
2.575000e-01	1.592022e-04
2.600000e-01	1.596015e-04
2.625000e-01	1.600105e-04
2.650000e-01	1.604290e-04
2.675000e-01	1.608572e-04
2.700000e-01	1.612949e-04
2.725000e-01	1.617421e-04
2.750000e-01	1.621990e-04
2.775000e-01	1.626653e-04
2.800000e-01	1.631413e-04
2.825000e-01	1.636268e-04
2.850000e-01	1.641219e-04
2.875000e-01	1.646266e-04
2.900000e-01	1.651410e-04
2.925000e-01	1.656650e-04
2.950000e-01	1.661987e-04
2.975000e-01	1.667421e-04
3.000000e-01	1.672953e-04
3.025000e-01	1.678583e-04
3.050000e-01	1.684312e-04
3.075000e-01	1.690139e-04
3.100000e-01	1.696066e-04
3.125000e-01	1.702093e-04
3.150000e-01	1.708221e-04
3.175000e-01	1.714450e-04
3.200000e-01	1.720781e-04
3.225000e-01	1.727215e-04
3.250000e-01	1.733752e-04
3.275000e-01	1.740394e-04
3.300000e-01	1.747141e-04
3.325000e-01	1.753994e-04
3.350000e-01	1.760953e-04
3.375000e-01	1.768020e-04
3.400000e-01	1.775196e-04
3.425000e-01	1.782482e-04
3.450000e-01	1.789879e-04
3.475000e-01	1.797387e-04
3.500000e-01	1.805009e-04
3.525000e-01	1.812745e-04
3.550000e-01	1.820596e-04
3.575000e-01	1.828563e-04
3.600000e-01	1.836649e-04
3.625000e-01	1.844853e-04
3.650000e-01	1.853179e-04
3.675000e-01	1.861626e-04
3.700000e-01	1.870196e-04
3.725000e-01	1.878891e-04
3.750000e-01	1.887713e-04
3.775000e-01	1.896663e-04
3.800000e-01	1.905742e-04
3.825000e-01	1.914952e-04
3.850000e-01	1.924296e-04
3.875000e-01	1.933774e-04
3.900000e-01	1.943388e-04
3.925000e-01	1.953141e-04
3.950000e-01	1.963033e-04
3.975000e-01	1.973068e-04
4.000000e-01	1.983248e-04
4.025000e-01	1.993573e-04
4.050000e-01	2.004046e-04
4.075000e-01	2.014670e-04
4.100000e-01	2.025447e-04
4.125000e-01	2.036379e-04
4.150000e-01	2.047467e-04
4.175000e-01	2.058716e-04
4.200000e-01	2.070126e-04
4.225000e-01	2.081701e-04
4.250000e-01	2.093444e-04
4.275000e-01	2.105356e-04
4.300000e-01	2.117440e-04
4.325000e-01	2.129700e-04
4.350000e-01	2.142138e-04
4.375000e-01	2.154757e-04
4.400000e-01	2.167560e-04
4.425000e-01	2.180550e-04
4.450000e-01	2.193731e-04
4.475000e-01	2.207105e-04
4.500000e-01	2.220676e-04
4.525000e-01	2.234447e-04
4.550000e-01	2.248421e-04
4.575000e-01	2.262603e-04
4.600000e-01	2.276996e-04
4.625000e-01	2.291603e-04
4.650000e-01	2.306429e-04
4.675000e-01	2.321478e-04
4.700000e-01	2.336753e-04
4.725000e-01	2.352258e-04
4.750000e-01	2.367999e-04
4.775000e-01	2.383979e-04
4.800000e-01	2.400202e-04
4.825000e-01	2.416674e-04
4.850000e-01	2.433400e-04
4.875000e-01	2.450383e-04
4.900000e-01	2.467629e-04
4.925000e-01	2.485143e-04
4.950000e-01	2.502931e-04
4.975000e-01	2.520997e-04
5.000000e-01	2.539348e-04
5.025000e-01	2.557989e-04
5.050000e-01	2.576925e-04
5.075000e-01	2.596164e-04
5.100000e-01	2.615710e-04
5.125000e-01	2.635570e-04
5.150000e-01	2.655752e-04
5.175000e-01	2.676261e-04
5.200000e-01	2.697104e-04
5.225000e-01	2.718289e-04
5.250000e-01	2.739822e-04
5.275000e-01	2.761712e-04
5.300000e-01	2.783966e-04
5.325000e-01	2.806591e-04
5.350000e-01	2.829596e-04
5.375000e-01	2.852990e-04
5.400000e-01	2.876780e-04
5.425000e-01	2.900977e-04
5.450000e-01	2.925588e-04
5.475000e-01	2.950623e-04
5.500000e-01	2.976092e-04
5.525000e-01	3.002005e-04
5.550000e-01	3.028373e-04
5.575000e-01	3.055205e-04
5.600000e-01	3.082512e-04
5.625000e-01	3.110306e-04
5.650000e-01	3.138599e-04
5.675000e-01	3.167402e-04
5.700000e-01	3.196727e-04
5.725000e-01	3.226587e-04
5.750000e-01	3.256996e-04
5.775000e-01	3.287966e-04
5.800000e-01	3.319512e-04
5.825000e-01	3.351648e-04
5.850000e-01	3.384389e-04
5.875000e-01	3.417749e-04
5.900000e-01	3.451746e-04
5.925000e-01	3.486394e-04
5.950000e-01	3.521712e-04
5.975000e-01	3.557715e-04
6.000000e-01	3.594423e-04
6.025000e-01	3.631854e-04
6.050000e-01	3.670028e-04
6.075000e-01	3.708963e-04
6.100000e-01	3.748680e-04
6.125000e-01	3.789202e-04
6.150000e-01	3.830549e-04
6.175000e-01	3.872744e-04
6.200000e-01	3.915812e-04
6.225000e-01	3.959777e-04
6.250000e-01	4.004663e-04
6.275000e-01	4.050497e-04
6.300000e-01	4.097307e-04
6.325000e-01	4.145119e-04
6.350000e-01	4.193965e-04
6.375000e-01	4.243873e-04
6.400000e-01	4.294876e-04
6.425000e-01	4.347005e-04
6.450000e-01	4.400295e-04
6.475000e-01	4.454781e-04
6.500000e-01	4.510499e-04
6.525000e-01	4.567487e-04
6.550000e-01	4.625785e-04
6.575000e-01	4.685433e-04
6.600000e-01	4.746474e-04
6.625000e-01	4.808953e-04
6.650000e-01	4.872916e-04
6.675000e-01	4.938410e-04
6.700000e-01	5.005485e-04
6.725000e-01	5.074194e-04
6.750000e-01	5.144591e-04
6.775000e-01	5.216731e-04
6.800000e-01	5.290675e-04
6.825000e-01	5.366483e-04
6.850000e-01	5.444220e-04
6.875000e-01	5.523953e-04
6.900000e-01	5.605751e-04
6.925000e-01	5.689687e-04
6.950000e-01	5.775838e-04
6.975000e-01	5.864283e-04
7.000000e-01	5.955106e-04
7.025000e-01	6.048394e-04
7.050000e-01	6.144237e-04
7.075000e-01	6.242733e-04
7.100000e-01	6.343980e-04
7.125000e-01	6.448085e-04
7.150000e-01	6.555155e-04
7.175000e-01	6.665308e-04
7.200000e-01	6.778665e-04
7.225000e-01	6.895351e-04
7.250000e-01	7.015502e-04
7.275000e-01	7.139257e-04
7.300000e-01	7.266763e-04
7.325000e-01	7.398177e-04
7.350000e-01	7.533662e-04
7.375000e-01	7.673389e-04
7.400000e-01	7.817540e-04
7.425000e-01	7.966306e-04
7.450000e-01	8.119889e-04
7.475000e-01	8.278502e-04
7.500000e-01	8.442370e-04
7.525000e-01	8.611730e-04
7.550000e-01	8.786834e-04
7.575000e-01	8.967947e-04
7.600000e-01	9.155351e-04
7.625000e-01	9.349345e-04
7.650000e-01	9.550244e-04
7.675000e-01	9.758384e-04
7.700000e-01	9.974122e-04
7.725000e-01	1.019784e-03
7.750000e-01	1.042993e-03
7.775000e-01	1.067083e-03
7.800000e-01	1.092099e-03
7.825000e-01	1.118090e-03
7.850000e-01	1.145108e-03
7.875000e-01	1.173208e-03
7.900000e-01	1.202449e-03
7.925000e-01	1.232895e-03
7.950000e-01	1.264613e-03
7.975000e-01	1.297676e-03
8.000000e-01	1.332161e-03
8.025000e-01	1.368153e-03
8.050000e-01	1.405741e-03
8.075000e-01	1.445021e-03
8.100000e-01	1.486098e-03
8.125000e-01	1.529084e-03
8.150000e-01	1.574100e-03
8.175000e-01	1.621277e-03
8.200000e-01	1.670756e-03
8.225000e-01	1.722691e-03
8.250000e-01	1.777248e-03
8.275000e-01	1.834608e-03
8.300000e-01	1.894968e-03
8.325000e-01	1.958541e-03
8.350000e-01	2.025562e-03
8.375000e-01	2.096285e-03
8.400000e-01	2.170991e-03
8.425000e-01	2.249985e-03
8.450000e-01	2.333604e-03
8.475000e-01	2.422217e-03
8.500000e-01	2.516232e-03
8.525000e-01	2.616099e-03
8.550000e-01	2.722317e-03
8.575000e-01	2.835436e-03
8.600000e-01	2.956071e-03
8.625000e-01	3.084903e-03
8.650000e-01	3.222695e-03
8.675000e-01	3.370300e-03
8.700000e-01	3.528672e-03
8.725000e-01	3.698887e-03
8.750000e-01	3.882157e-03
8.775000e-01	4.079854e-03
8.800000e-01	4.293533e-03
8.825000e-01	4.524964e-03
8.850000e-01	4.776167e-03
8.875000e-01	5.049460e-03
8.900000e-01	5.347506e-03
8.925000e-01	5.673380e-03
8.950000e-01	6.030649e-03
8.975000e-01	6.423467e-03
9.000000e-01	6.856692e-03
9.025000e-01	7.336038e-03
9.050000e-01	7.868255e-03
9.075000e-01	8.461368e-03
9.100000e-01	9.124968e-03
9.125000e-01	9.870591e-03
9.150000e-01	1.071221e-02
9.175000e-01	1.166686e-02
9.200000e-01	1.275550e-02
9.225000e-01	1.400407e-02
9.250000e-01	1.544503e-02
9.275000e-01	1.711932e-02
9.300000e-01	1.907916e-02
9.325000e-01	2.139184e-02
9.350000e-01	2.414510e-02
9.375000e-01	2.745481e-02
9.400000e-01	3.147597e-02
9.425000e-01	3.641879e-02
9.450000e-01	4.257240e-02
9.475000e-01	5.033988e-02
9.500000e-01	6.028988e-02
9.525000e-01	7.323072e-02
9.550000e-01	9.030942e-02
9.575000e-01	1.131171e-01
9.600000e-01	1.437082e-01
9.625000e-01	1.842168e-01
9.650000e-01	2.352578e-01
9.675000e-01	2.918908e-01
9.700000e-01	3.384494e-01
9.725000e-01	3.524811e-01
9.750000e-01	3.254023e-01
9.775000e-01	2.730193e-01
9.800000e-01	2.171312e-01
9.825000e-01	1.694694e-01
9.850000e-01	1.324922e-01
9.875000e-01	1.047686e-01
9.900000e-01	8.409764e-02
9.925000e-01	6.856808e-02
9.950000e-01	5.674746e-02
9.975000e-01	4.761458e-02
1.000000e+00	4.045132e-02
1.002500e+00	3.475157e-02
1.005000e+00	3.015527e-02
1.007500e+00	2.640302e-02
1.010000e+00	2.330534e-02
1.012500e+00	2.072188e-02
1.015000e+00	1.854727e-02
1.017500e+00	1.670137e-02
1.020000e+00	1.512251e-02
1.022500e+00	1.376265e-02
1.025000e+00	1.258401e-02
1.027500e+00	1.155658e-02
1.030000e+00	1.065628e-02
1.032500e+00	9.863675e-03
1.035000e+00	9.162905e-03
1.037500e+00	8.540978e-03
1.040000e+00	7.987168e-03
1.042500e+00	7.492572e-03
1.045000e+00	7.049772e-03
1.047500e+00	6.652558e-03
1.050000e+00	6.295724e-03
1.052500e+00	5.974901e-03
1.055000e+00	5.686427e-03
1.057500e+00	5.427251e-03
1.060000e+00	5.194854e-03
1.062500e+00	4.987200e-03
1.065000e+00	4.802698e-03
1.067500e+00	4.640194e-03
1.070000e+00	4.498974e-03
1.072500e+00	4.378807e-03
1.075000e+00	4.280010e-03
1.077500e+00	4.203572e-03
1.080000e+00	4.151337e-03
1.082500e+00	4.126288e-03
1.085000e+00	4.132945e-03
1.087500e+00	4.177909e-03
1.090000e+00	4.270422e-03
1.092500e+00	4.422517e-03
1.095000e+00	4.647412e-03
1.097500e+00	4.953830e-03
1.100000e+00	5.335846e-03
1.102500e+00	5.766485e-03
1.105000e+00	6.206708e-03
1.107500e+00	6.627255e-03
1.110000e+00	7.018912e-03
1.112500e+00	7.372410e-03
1.115000e+00	7.672111e-03
1.117500e+00	7.930910e-03
1.120000e+00	8.192953e-03
1.122500e+00	8.457142e-03
1.125000e+00	8.664260e-03
1.127500e+00	8.799957e-03
1.130000e+00	8.914740e-03
1.132500e+00	9.066741e-03
1.135000e+00	9.271389e-03
1.137500e+00	9.464774e-03
1.140000e+00	9.588337e-03
1.142500e+00	9.653406e-03
1.145000e+00	9.664200e-03
1.147500e+00	9.647646e-03
1.150000e+00	9.721266e-03
1.152500e+00	9.956237e-03
1.155000e+00	1.023325e-02
1.157500e+00	1.034655e-02
1.160000e+00	1.026801e-02
1.162500e+00	1.015088e-02
1.165000e+00	1.008747e-02
1.167500e+00	1.008044e-02
1.170000e+00	1.018126e-02
1.172500e+00	1.043473e-02
1.175000e+00	1.071707e-02
1.177500e+00	1.080907e-02
1.180000e+00	1.068672e-02
1.182500e+00	1.055416e-02
1.185000e+00	1.053969e-02
1.187500e+00	1.054565e-02
1.190000e+00	1.044417e-02
1.192500e+00	1.032365e-02
1.195000e+00	1.039611e-02
1.197500e+00	1.073394e-02
1.200000e+00	1.115349e-02
1.202500e+00	1.133619e-02
1.205000e+00	1.117086e-02
1.207500e+00	1.087582e-02
1.210000e+00	1.067539e-02
1.212500e+00	1.055924e-02
1.215000e+00	1.042101e-02
1.217500e+00	1.031485e-02
1.220000e+00	1.042730e-02
1.222500e+00	1.084128e-02
1.225000e+00	1.138802e-02
1.227500e+00	1.169466e-02
1.230000e+00	1.152162e-02
1.232500e+00	1.105817e-02
1.235000e+00	1.068857e-02
1.237500e+00	1.061438e-02
1.240000e+00	1.074737e-02
1.242500e+00	1.082118e-02
1.245000e+00	1.068520e-02
1.247500e+00	1.049860e-02
1.250000e+00	1.052762e-02
1.252500e+00	1.086582e-02
1.255000e+00	1.133849e-02
1.257500e+00	1.160339e-02
1.260000e+00	1.149170e-02
1.262500e+00	1.121562e-02
1.265000e+00	1.107882e-02
1.267500e+00	1.113069e-02
1.270000e+00	1.113525e-02
1.272500e+00	1.085424e-02
1.275000e+00	1.037086e-02
1.277500e+00	9.999410e-03
1.280000e+00	9.988159e-03
1.282500e+00	1.041022e-02
1.285000e+00	1.114772e-02
1.287500e+00	1.185876e-02
1.290000e+00	1.211591e-02
1.292500e+00	1.181920e-02
1.295000e+00	1.131616e-02
1.297500e+00	1.098608e-02
1.300000e+00	1.091260e-02
1.302500e+00	1.088767e-02
1.305000e+00	1.066384e-02
1.307500e+00	1.027129e-02
1.310000e+00	9.984729e-03
1.312500e+00	1.004114e-02
1.315000e+00	1.049883e-02
1.317500e+00	1.119991e-02
1.320000e+00	1.176530e-02
1.322500e+00	1.182308e-02
1.325000e+00	1.141160e-02
1.327500e+00	1.094040e-02
1.330000e+00	1.076679e-02
1.332500e+00	1.097621e-02
1.335000e+00	1.136551e-02
1.337500e+00	1.153253e-02
1.340000e+00	1.121164e-02
1.342500e+00	1.057593e-02
1.345000e+00	1.002260e-02
1.347500e+00	9.822730e-03
1.350000e+00	1.003836e-02
1.352500e+00	1.053925e-02
1.355000e+00	1.101529e-02
1.357500e+00	1.115853e-02
1.360000e+00	1.099355e-02
1.362500e+00	1.085722e-02
1.365000e+00	1.104000e-02
1.367500e+00	1.156420e-02
1.370000e+00	1.213187e-02
1.372500e+00	1.225294e-02
1.375000e+00	1.169089e-02
1.377500e+00	1.073688e-02
1.380000e+00	9.860793e-03
1.382500e+00	9.349827e-03
1.385000e+00	9.295668e-03
1.387500e+00	9.674533e-03
1.390000e+00	1.034345e-02
1.392500e+00	1.099325e-02
1.395000e+00	1.127400e-02
1.397500e+00	1.114613e-02
1.400000e+00	1.094414e-02
1.402500e+00	1.101075e-02
1.405000e+00	1.142370e-02
1.407500e+00	1.193382e-02
1.410000e+00	1.207934e-02
1.412500e+00	1.160125e-02
1.415000e+00	1.074583e-02
1.417500e+00	9.966219e-03
1.420000e+00	9.554242e-03
1.422500e+00	9.599587e-03
1.425000e+00	1.004558e-02
1.427500e+00	1.066883e-02
1.430000e+00	1.108107e-02
1.432500e+00	1.099025e-02
1.435000e+00	1.052805e-02
1.437500e+00	1.009914e-02
1.440000e+00	1.001363e-02
1.442500e+00	1.036877e-02
1.445000e+00	1.105129e-02
1.447500e+00	1.171498e-02
1.450000e+00	1.191927e-02
1.452500e+00	1.154901e-02
1.455000e+00	1.095758e-02
1.457500e+00	1.057159e-02
1.460000e+00	1.057656e-02
1.462500e+00	1.087059e-02
1.465000e+00	1.110553e-02
1.467500e+00	1.091375e-02
1.470000e+00	1.028740e-02
1.472500e+00	9.571225e-03
1.475000e+00	9.100456e-03
1.477500e+00	9.038236e-03
1.480000e+00	9.420671e-03
1.482500e+00	1.018022e-02
1.485000e+00	1.108254e-02
1.487500e+00	1.171281e-02
1.490000e+00	1.176490e-02
1.492500e+00	1.140247e-02
1.495000e+00	1.107716e-02
1.497500e+00	1.109248e-02
1.500000e+00	1.142790e-02
1.502500e+00	1.174561e-02
1.505000e+00	1.159872e-02
1.507500e+00	1.087669e-02
1.510000e+00	9.919397e-03
1.512500e+00	9.126762e-03
1.515000e+00	8.709685e-03
1.517500e+00	8.732123e-03
1.520000e+00	9.188879e-03
1.522500e+00	9.997362e-03
1.525000e+00	1.090997e-02
1.527500e+00	1.149558e-02
1.530000e+00	1.144197e-02
1.532500e+00	1.092271e-02
1.535000e+00	1.040780e-02
1.537500e+00	1.024728e-02
1.540000e+00	1.054878e-02
1.542500e+00	1.118923e-02
1.545000e+00	1.179334e-02
1.547500e+00	1.187509e-02
1.550000e+00	1.128448e-02
1.552500e+00	1.037675e-02
1.555000e+00	9.608643e-03
1.557500e+00	9.233842e-03
1.560000e+00	9.322105e-03
1.562500e+00	9.821956e-03
1.565000e+00	1.052718e-02
1.567500e+00	1.103735e-02
1.570000e+00	1.097355e-02
1.572500e+00	1.037471e-02
1.575000e+00	9.649186e-03
1.577500e+00	9.169494e-03
1.580000e+00	9.113180e-03
1.582500e+00	9.523543e-03
1.585000e+00	1.034069e-02
1.587500e+00	1.133057e-02
1.590000e+00	1.203508e-02
1.592500e+00	1.203935e-02
1.595000e+00	1.142691e-02
1.597500e+00	1.069018e-02
1.600000e+00	1.025013e-02
1.602500e+00	1.026214e-02
1.605000e+00	1.063837e-02
1.607500e+00	1.105312e-02
1.610000e+00	1.106019e-02
1.612500e+00	1.048149e-02
1.615000e+00	9.596689e-03
1.617500e+00	8.807327e-03
1.620000e+00	8.347479e-03
1.622500e+00	8.298496e-03
1.625000e+00	8.677787e-03
1.627500e+00	9.461287e-03
1.630000e+00	1.051775e-02
1.632500e+00	1.150299e-02
1.635000e+00	1.194081e-02
1.637500e+00	1.165947e-02
1.640000e+00	1.101998e-02
1.642500e+00	1.052475e-02
1.645000e+00	1.045404e-02
1.647500e+00	1.082188e-02
1.650000e+00	1.138347e-02
1.652500e+00	1.166812e-02
1.655000e+00	1.129732e-02
1.657500e+00	1.038624e-02
1.660000e+00	9.381187e-03
1.662500e+00	8.630171e-03
1.665000e+00	8.275268e-03
1.667500e+00	8.348166e-03
1.670000e+00	8.836371e-03
1.672500e+00	9.661087e-03
1.675000e+00	1.058317e-02
1.677500e+00	1.117559e-02
1.680000e+00	1.111418e-02
1.682500e+00	1.055381e-02
1.685000e+00	9.958824e-03
1.687500e+00	9.687693e-03
1.690000e+00	9.875239e-03
1.692500e+00	1.046814e-02
1.695000e+00	1.119968e-02
1.697500e+00	1.160701e-02
1.700000e+00	1.135955e-02
1.702500e+00	1.062913e-02
1.705000e+00	9.882356e-03
1.707500e+00	9.463149e-03
1.710000e+00	9.493699e-03
1.712500e+00	9.923307e-03
1.715000e+00	1.051337e-02
1.717500e+00	1.084529e-02
1.720000e+00	1.060077e-02
1.722500e+00	9.907611e-03
1.725000e+00	9.178346e-03
1.727500e+00	8.731065e-03
1.730000e+00	8.696232e-03
1.732500e+00	9.080609e-03
1.735000e+00	9.774423e-03
1.737500e+00	1.048819e-02
1.740000e+00	1.080859e-02
1.742500e+00	1.055109e-02
1.745000e+00	9.986372e-03
1.747500e+00	9.541649e-03
1.750000e+00	9.489451e-03
1.752500e+00	9.925013e-03
1.755000e+00	1.080024e-02
1.757500e+00	1.185661e-02
1.760000e+00	1.256327e-02
1.762500e+00	1.240344e-02
1.765000e+00	1.141387e-02
1.767500e+00	1.012724e-02
1.770000e+00	9.021889e-03
1.772500e+00	8.305780e-03
1.775000e+00	8.020871e-03
1.777500e+00	8.153756e-03
1.780000e+00	8.659420e-03
1.782500e+00	9.404342e-03
1.785000e+00	1.008472e-02
1.787500e+00	1.031704e-02
1.790000e+00	9.998788e-03
1.792500e+00	9.443359e-03
1.795000e+00	9.046995e-03
1.797500e+00	9.041802e-03
1.800000e+00	9.512445e-03
1.802500e+00	1.043812e-02
1.805000e+00	1.162806e-02
1.807500e+00	1.261145e-02
1.810000e+00	1.279525e-02
1.812500e+00	1.202554e-02
1.815000e+00	1.077040e-02
1.817500e+00	9.594955e-03
1.820000e+00	8.796361e-03
1.822500e+00	8.454103e-03
1.825000e+00	8.552662e-03
1.827500e+00	9.010142e-03
1.830000e+00	9.618679e-03
1.832500e+00	1.001777e-02
1.835000e+00	9.918027e-03
1.837500e+00	9.418640e-03
1.840000e+00	8.892358e-03
1.842500e+00	8.643317e-03
1.845000e+00	8.806621e-03
1.847500e+00	9.393656e-03
1.850000e+00	1.027966e-02
1.852500e+00	1.112412e-02
1.855000e+00	1.144664e-02
1.857500e+00	1.104783e-02
1.860000e+00	1.025226e-02
1.862500e+00	9.543380e-03
1.865000e+00	9.213474e-03
1.867500e+00	9.354355e-03
1.870000e+00	9.919933e-03
1.872500e+00	1.069217e-02
1.875000e+00	1.123717e-02
1.877500e+00	1.113493e-02
1.880000e+00	1.041427e-02
1.882500e+00	9.510830e-03
1.885000e+00	8.824321e-03
1.887500e+00	8.539680e-03
1.890000e+00	8.698159e-03
1.892500e+00	9.250732e-03
1.895000e+00	1.001064e-02
1.897500e+00	1.059026e-02
1.900000e+00	1.057777e-02
1.902500e+00	9.950699e-03
1.905000e+00	9.097921e-03
1.907500e+00	8.410163e-03
1.910000e+00	8.080624e-03
1.912500e+00	8.171042e-03
1.915000e+00	8.693720e-03
1.917500e+00	9.612942e-03
1.920000e+00	1.075643e-02
1.922500e+00	1.170849e-02
1.925000e+00	1.195916e-02
1.927500e+00	1.140396e-02
1.930000e+00	1.048365e-02
1.932500e+00	9.711516e-03
1.935000e+00	9.359136e-03
1.937500e+00	9.488052e-03
1.940000e+00	1.000723e-02
1.942500e+00	1.063108e-02
1.945000e+00	1.089394e-02
1.947500e+00	1.047922e-02
1.950000e+00	9.561688e-03
1.952500e+00	8.579190e-03
1.955000e+00	7.838967e-03
1.957500e+00	7.454873e-03
1.960000e+00	7.449608e-03
1.962500e+00	7.825013e-03
1.965000e+00	8.565253e-03
1.967500e+00	9.572236e-03
1.970000e+00	1.055849e-02
1.972500e+00	1.107691e-02
1.975000e+00	1.089641e-02
1.977500e+00	1.029544e-02
1.980000e+00	9.759172e-03
1.982500e+00	9.604518e-03
1.985000e+00	9.929577e-03
1.987500e+00	1.064693e-02
1.990000e+00	1.143367e-02
1.992500e+00	1.176146e-02
1.995000e+00	1.128984e-02
1.997500e+00	1.024319e-02
2.000000e+00	9.126404e-03
2.002500e+00	8.282932e-03
2.005000e+00	7.834716e-03
2.007500e+00	7.795914e-03
2.010000e+00	8.137908e-03
2.012500e+00	8.766827e-03
2.015000e+00	9.445370e-03
2.017500e+00	9.806169e-03
2.020000e+00	9.639096e-03
2.022500e+00	9.143394e-03
2.025000e+00	8.705983e-03
2.027500e+00	8.594586e-03
2.030000e+00	8.914988e-03
2.032500e+00	9.653343e-03
2.035000e+00	1.063509e-02
2.037500e+00	1.144334e-02
2.040000e+00	1.157568e-02
2.042500e+00	1.092959e-02
2.045000e+00	9.925565e-03
2.047500e+00	9.046718e-03
2.050000e+00	8.546795e-03
2.052500e+00	8.501128e-03
2.055000e+00	8.901132e-03
2.057500e+00	9.651873e-03
2.060000e+00	1.048183e-02
2.062500e+00	1.092503e-02
2.065000e+00	1.063978e-02
2.067500e+00	9.789334e-03
2.070000e+00	8.839553e-03
2.072500e+00	8.135359e-03
2.075000e+00	7.814293e-03
2.077500e+00	7.907795e-03
2.080000e+00	8.406643e-03
2.082500e+00	9.238695e-03
2.085000e+00	1.017093e-02
2.087500e+00	1.076170e-02
2.090000e+00	1.063185e-02
2.092500e+00	9.881866e-03
2.095000e+00	8.970852e-03
2.097500e+00	8.276174e-03
2.100000e+00	7.962243e-03
2.102500e+00	8.075842e-03
2.105000e+00	8.624287e-03
2.107500e+00	9.568506e-03
2.110000e+00	1.072725e-02
2.112500e+00	1.166651e-02
2.115000e+00	1.185796e-02
2.117500e+00	1.119550e-02
2.120000e+00	1.013009e-02
2.122500e+00	9.179163e-03
2.125000e+00	8.611047e-03
2.127500e+00	8.493037e-03
2.130000e+00	8.780567e-03
2.132500e+00	9.305161e-03
2.135000e+00	9.727155e-03
2.137500e+00	9.679167e-03
2.140000e+00	9.121361e-03
2.142500e+00	8.377958e-03
2.145000e+00	7.788248e-03
2.147500e+00	7.524037e-03
2.150000e+00	7.639922e-03
2.152500e+00	8.138020e-03
2.155000e+00	8.956212e-03
2.157500e+00	9.882929e-03
2.160000e+00	1.051881e-02
2.162500e+00	1.053247e-02
2.165000e+00	1.004013e-02
2.167500e+00	9.484863e-03
2.170000e+00	9.231475e-03
2.172500e+00	9.435387e-03
2.175000e+00	1.008064e-02
2.177500e+00	1.095155e-02
2.180000e+00	1.157684e-02
2.182500e+00	1.145353e-02
2.185000e+00	1.054826e-02
2.187500e+00	9.318117e-03
2.190000e+00	8.213547e-03
2.192500e+00	7.438967e-03
2.195000e+00	7.035875e-03
2.197500e+00	6.996247e-03
2.200000e+00	7.311427e-03
2.202500e+00	7.964651e-03
2.205000e+00	8.868059e-03
2.207500e+00	9.759790e-03
2.210000e+00	1.021754e-02
2.212500e+00	9.996644e-03
2.215000e+00	9.327620e-03
2.217500e+00	8.656503e-03
2.220000e+00	8.286968e-03
2.222500e+00	8.342520e-03
2.225000e+00	8.852350e-03
2.227500e+00	9.768844e-03
2.230000e+00	1.087956e-02
2.232500e+00	1.171177e-02
2.235000e+00	1.173971e-02
2.237500e+00	1.091331e-02
2.240000e+00	9.714363e-03
2.242500e+00	8.637821e-03
2.245000e+00	7.920096e-03
2.247500e+00	7.617822e-03
2.250000e+00	7.721244e-03
2.252500e+00	8.183475e-03
2.255000e+00	8.867054e-03
2.257500e+00	9.467877e-03
2.260000e+00	9.613825e-03
2.262500e+00	9.216942e-03
2.265000e+00	8.583650e-03
2.267500e+00	8.083880e-03
2.270000e+00	7.923538e-03
2.272500e+00	8.169017e-03
2.275000e+00	8.796001e-03
2.277500e+00	9.648697e-03
2.280000e+00	1.036369e-02
2.282500e+00	1.050227e-02
2.285000e+00	9.972802e-03
2.287500e+00	9.143012e-03
2.290000e+00	8.440169e-03
2.292500e+00	8.093577e-03
2.295000e+00	8.176674e-03
2.297500e+00	8.685197e-03
2.300000e+00	9.523360e-03
2.302500e+00	1.040776e-02
2.305000e+00	1.085909e-02
2.307500e+00	1.054542e-02
2.310000e+00	9.657931e-03
2.312500e+00	8.677301e-03
2.315000e+00	7.946952e-03
2.317500e+00	7.599071e-03
2.320000e+00	7.660725e-03
2.322500e+00	8.119289e-03
2.325000e+00	8.900239e-03
2.327500e+00	9.771423e-03
2.330000e+00	1.029953e-02
2.332500e+00	1.011877e-02
2.335000e+00	9.331321e-03
2.337500e+00	8.378823e-03
2.340000e+00	7.616415e-03
2.342500e+00	7.191416e-03
2.345000e+00	7.139274e-03
2.347500e+00	7.467897e-03
2.350000e+00	8.176695e-03
2.352500e+00	9.208980e-03
2.355000e+00	1.033836e-02
2.357500e+00	1.110203e-02
2.360000e+00	1.107103e-02
2.362500e+00	1.032300e-02
2.365000e+00	9.357242e-03
2.367500e+00	8.606872e-03
2.370000e+00	8.264548e-03
2.372500e+00	8.369630e-03
2.375000e+00	8.869998e-03
2.377500e+00	9.577886e-03
2.380000e+00	1.010611e-02
2.382500e+00	1.003875e-02
2.385000e+00	9.341477e-03
2.387500e+00	8.390113e-03
2.390000e+00	7.564301e-03
2.392500e+00	7.044551e-03
2.395000e+00	6.877402e-03
2.397500e+00	7.064791e-03
2.400000e+00	7.589366e-03
2.402500e+00	8.372160e-03
2.405000e+00	9.184049e-03
2.407500e+00	9.649336e-03
2.410000e+00	9.537655e-03
2.412500e+00	9.045518e-03
2.415000e+00	8.582010e-03
2.417500e+00	8.437145e-03
2.420000e+00	8.726483e-03
2.422500e+00	9.436099e-03
2.425000e+00	1.038436e-02
2.427500e+00	1.114119e-02
2.430000e+00	1.119034e-02
2.432500e+00	1.042343e-02
2.435000e+00	9.259792e-03
2.437500e+00	8.175716e-03
2.440000e+00	7.410024e-03
2.442500e+00	7.022136e-03
2.445000e+00	7.007232e-03
2.447500e+00	7.342690e-03
2.450000e+00	7.962859e-03
2.452500e+00	8.678006e-03
2.455000e+00	9.137552e-03
2.457500e+00	9.047450e-03
2.460000e+00	8.495801e-03
2.462500e+00	7.850144e-03
2.465000e+00	7.412543e-03
2.467500e+00	7.320824e-03
2.470000e+00	7.622685e-03
2.472500e+00	8.328249e-03
2.475000e+00	9.381013e-03
2.477500e+00	1.054568e-02
2.480000e+00	1.133111e-02
2.482500e+00	1.126032e-02
2.485000e+00	1.038171e-02
2.487500e+00	9.209665e-03
2.490000e+00	8.202343e-03
2.492500e+00	7.559916e-03
2.495000e+00	7.324741e-03
2.497500e+00	7.484895e-03
2.500000e+00	7.992348e-03
2.502500e+00	8.701432e-03
2.505000e+00	9.290226e-03
2.507500e+00	9.371858e-03
2.510000e+00	8.862807e-03
2.512500e+00	8.080784e-03
2.515000e+00	7.394629e-03
2.517500e+00	6.999671e-03
2.520000e+00	6.959449e-03
2.522500e+00	7.289746e-03
2.525000e+00	7.981419e-03
2.527500e+00	8.948033e-03
2.530000e+00	9.916863e-03
2.532500e+00	1.042454e-02
2.535000e+00	1.016470e-02
2.537500e+00	9.347197e-03
2.540000e+00	8.452212e-03
2.542500e+00	7.816910e-03
2.545000e+00	7.570955e-03
2.547500e+00	7.735956e-03
2.550000e+00	8.271642e-03
2.552500e+00	9.026878e-03
2.555000e+00	9.660774e-03
2.557500e+00	9.758206e-03
2.560000e+00	9.222158e-03
2.562500e+00	8.387401e-03
2.565000e+00	7.649806e-03
2.567500e+00	7.220452e-03
2.570000e+00	7.164915e-03
2.572500e+00	7.485945e-03
2.575000e+00	8.131962e-03
2.577500e+00	8.925316e-03
2.580000e+00	9.498733e-03
2.582500e+00	9.476332e-03
2.585000e+00	8.862502e-03
2.587500e+00	8.034605e-03
2.590000e+00	7.352642e-03
2.592500e+00	6.987017e-03
2.595000e+00	6.987720e-03
2.597500e+00	7.364078e-03
2.600000e+00	8.095057e-03
2.602500e+00	9.062506e-03
2.605000e+00	9.944278e-03
2.607500e+00	1.027087e-02
2.610000e+00	9.831573e-03
2.612500e+00	8.928709e-03
2.615000e+00	8.029105e-03
2.617500e+00	7.413920e-03
2.620000e+00	7.178169e-03
2.622500e+00	7.336007e-03
2.625000e+00	7.863789e-03
2.627500e+00	8.656883e-03
2.630000e+00	9.432244e-03
2.632500e+00	9.749953e-03
2.635000e+00	9.361313e-03
2.637500e+00	8.496145e-03
2.640000e+00	7.586050e-03
2.642500e+00	6.908724e-03
2.645000e+00	6.559947e-03
2.647500e+00	6.555576e-03
2.650000e+00	6.893142e-03
2.652500e+00	7.549328e-03
2.655000e+00	8.414708e-03
2.657500e+00	9.200170e-03
2.660000e+00	9.498942e-03
2.662500e+00	9.150595e-03
2.665000e+00	8.441728e-03
2.667500e+00	7.786486e-03
2.670000e+00	7.433612e-03
2.672500e+00	7.473064e-03
2.675000e+00	7.915869e-03
2.677500e+00	8.697871e-03
2.680000e+00	9.593888e-03
2.682500e+00	1.016169e-02
2.685000e+00	9.992660e-03
2.687500e+00	9.145940e-03
2.690000e+00	8.066475e-03
2.692500e+00	7.134029e-03
2.695000e+00	6.505753e-03
2.697500e+00	6.208910e-03
2.700000e+00	6.235104e-03
2.702500e+00	6.573872e-03
2.705000e+00	7.193885e-03
2.707500e+00	7.973525e-03
2.710000e+00	8.627013e-03
2.712500e+00	8.811901e-03
2.715000e+00	8.470217e-03
2.717500e+00	7.911905e-03
2.720000e+00	7.490891e-03
2.722500e+00	7.401060e-03
2.725000e+00	7.705679e-03
2.727500e+00	8.379681e-03
2.730000e+00	9.260867e-03
2.732500e+00	9.967906e-03
2.735000e+00	1.003849e-02
2.737500e+00	9.370862e-03
2.740000e+00	8.339045e-03
2.742500e+00	7.373185e-03
2.745000e+00	6.691039e-03
2.747500e+00	6.348290e-03
2.750000e+00	6.343251e-03
2.752500e+00	6.661624e-03
2.755000e+00	7.258499e-03
2.757500e+00	7.985129e-03
2.760000e+00	8.527825e-03
2.762500e+00	8.559156e-03
2.765000e+00	8.078605e-03
2.767500e+00	7.417387e-03
2.770000e+00	6.899234e-03
2.772500e+00	6.683951e-03
2.775000e+00	6.823778e-03
2.777500e+00	7.325736e-03
2.780000e+00	8.140461e-03
2.782500e+00	9.074658e-03
2.785000e+00	9.723555e-03
2.787500e+00	9.682584e-03
2.790000e+00	8.974337e-03
2.792500e+00	8.020151e-03
2.795000e+00	7.207817e-03
2.797500e+00	6.712550e-03
2.800000e+00	6.575993e-03
2.802500e+00	6.791354e-03
2.805000e+00	7.313469e-03
2.807500e+00	7.996650e-03
2.810000e+00	8.526449e-03
2.812500e+00	8.547954e-03
2.815000e+00	8.015631e-03
2.817500e+00	7.244201e-03
2.820000e+00	6.567581e-03
2.822500e+00	6.151441e-03
2.825000e+00	6.044145e-03
2.827500e+00	6.257594e-03
2.830000e+00	6.797760e-03
2.832500e+00	7.639858e-03
2.835000e+00	8.642472e-03
2.837500e+00	9.452234e-03
2.840000e+00	9.628999e-03
2.842500e+00	9.074765e-03
2.845000e+00	8.157914e-03
2.847500e+00	7.309026e-03
2.850000e+00	6.753266e-03
2.852500e+00	6.554411e-03
2.855000e+00	6.709082e-03
2.857500e+00	7.168145e-03
2.860000e+00	7.781743e-03
2.862500e+00	8.240773e-03
2.865000e+00	8.213800e-03
2.867500e+00	7.677958e-03
2.870000e+00	6.940221e-03
2.872500e+00	6.309510e-03
2.875000e+00	5.934653e-03
2.877500e+00	5.858555e-03
2.880000e+00	6.092595e-03
2.882500e+00	6.641676e-03
2.885000e+00	7.475044e-03
2.887500e+00	8.438239e-03
2.890000e+00	9.169843e-03
2.892500e+00	9.257958e-03
2.895000e+00	8.659054e-03
2.897500e+00	7.754858e-03
2.900000e+00	6.944655e-03
2.902500e+00	6.423861e-03
2.905000e+00	6.243502e-03
2.907500e+00	6.398906e-03
2.910000e+00	6.848075e-03
2.912500e+00	7.459268e-03
2.915000e+00	7.947966e-03
2.917500e+00	7.987461e-03
2.920000e+00	7.527529e-03
2.922500e+00	6.852618e-03
2.925000e+00	6.273669e-03
2.927500e+00	5.950238e-03
2.930000e+00	5.932564e-03
2.932500e+00	6.229936e-03
2.935000e+00	6.822041e-03
2.937500e+00	7.603813e-03
2.940000e+00	8.299849e-03
2.942500e+00	8.524721e-03
2.945000e+00	8.125412e-03
2.947500e+00	7.366020e-03
2.950000e+00	6.625258e-03
2.952500e+00	6.123314e-03
2.955000e+00	5.932295e-03
2.957500e+00	6.063161e-03
2.960000e+00	6.501018e-03
2.962500e+00	7.172091e-03
2.965000e+00	7.861098e-03
2.967500e+00	8.204764e-03
2.970000e+00	7.956188e-03
2.972500e+00	7.266624e-03
2.975000e+00	6.501365e-03
2.977500e+00	5.917303e-03
2.980000e+00	5.610739e-03
2.982500e+00	5.600623e-03
2.985000e+00	5.884209e-03
2.987500e+00	6.434419e-03
2.990000e+00	7.140665e-03
2.992500e+00	7.734937e-03
2.995000e+00	7.876181e-03
2.997500e+00	7.473043e-03
3.000000e+00	6.796763e-03
3.002500e+00	6.181014e-03
3.005000e+00	5.807756e-03
3.007500e+00	5.735555e-03
3.010000e+00	5.972584e-03
3.012500e+00	6.493116e-03
3.015000e+00	7.186266e-03
3.017500e+00	7.779311e-03
3.020000e+00	7.911511e-03
3.022500e+00	7.462839e-03
3.025000e+00	6.695130e-03
3.027500e+00	5.951600e-03
3.030000e+00	5.419851e-03
3.032500e+00	5.154128e-03
3.035000e+00	5.158999e-03
3.037500e+00	5.430709e-03
3.040000e+00	5.950355e-03
3.042500e+00	6.629775e-03
3.045000e+00	7.236722e-03
3.047500e+00	7.446449e-03
3.050000e+00	7.133074e-03
3.052500e+00	6.525272e-03
3.055000e+00	5.948811e-03
3.057500e+00	5.595286e-03
3.060000e+00	5.529357e-03
3.062500e+00	5.754462e-03
3.065000e+00	6.222505e-03
3.067500e+00	6.779711e-03
3.070000e+00	7.131290e-03
3.072500e+00	7.008596e-03
3.075000e+00	6.453610e-03
3.077500e+00	5.760934e-03
3.080000e+00	5.181505e-03
3.082500e+00	4.821588e-03
3.085000e+00	4.704602e-03
3.087500e+00	4.832363e-03
3.090000e+00	5.203895e-03
3.092500e+00	5.793128e-03
3.095000e+00	6.483182e-03
3.097500e+00	7.004857e-03
3.100000e+00	7.053298e-03
3.102500e+00	6.597410e-03
3.105000e+00	5.919633e-03
3.107500e+00	5.314189e-03
3.110000e+00	4.924727e-03
3.112500e+00	4.788892e-03
3.115000e+00	4.904007e-03
3.117500e+00	5.240901e-03
3.120000e+00	5.704688e-03
3.122500e+00	6.083437e-03
3.125000e+00	6.121524e-03
3.127500e+00	5.762410e-03
3.130000e+00	5.213464e-03
3.132500e+00	4.715039e-03
3.135000e+00	4.391959e-03
3.137500e+00	4.281271e-03
3.140000e+00	4.389944e-03
3.142500e+00	4.717508e-03
3.145000e+00	5.238262e-03
3.147500e+00	5.842685e-03
3.150000e+00	6.285341e-03
3.152500e+00	6.297245e-03
3.155000e+00	5.861198e-03
3.157500e+00	5.232140e-03
3.160000e+00	4.665447e-03
3.162500e+00	4.280957e-03
3.165000e+00	4.107034e-03
3.167500e+00	4.142253e-03
3.170000e+00	4.377914e-03
3.172500e+00	4.781696e-03
3.175000e+00	5.247616e-03
3.177500e+00	5.564218e-03
3.180000e+00	5.532639e-03
3.182500e+00	5.180886e-03
3.185000e+00	4.731248e-03
3.187500e+00	4.380098e-03
3.190000e+00	4.217103e-03
3.192500e+00	4.267443e-03
3.195000e+00	4.529139e-03
3.197500e+00	4.964160e-03
3.200000e+00	5.447321e-03
3.202500e+00	5.740751e-03
3.205000e+00	5.638535e-03
3.207500e+00	5.190467e-03
3.210000e+00	4.637789e-03
3.212500e+00	4.176549e-03
3.215000e+00	3.886430e-03
3.217500e+00	3.783022e-03
3.220000e+00	3.866311e-03
3.222500e+00	4.136734e-03
3.225000e+00	4.582003e-03
3.227500e+00	5.131234e-03
3.230000e+00	5.597736e-03
3.232500e+00	5.729808e-03
3.235000e+00	5.443659e-03
3.237500e+00	4.926261e-03
3.240000e+00	4.423765e-03
3.242500e+00	4.072196e-03
3.245000e+00	3.912205e-03
3.247500e+00	3.947165e-03
3.250000e+00	4.168417e-03
3.252500e+00	4.541042e-03
3.255000e+00	4.957864e-03
3.257500e+00	5.218852e-03
3.260000e+00	5.155875e-03
3.262500e+00	4.818566e-03
3.265000e+00	4.414781e-03
3.267500e+00	4.113182e-03
3.270000e+00	3.986668e-03
3.272500e+00	4.054402e-03
3.275000e+00	4.312254e-03
3.277500e+00	4.720596e-03
3.280000e+00	5.156517e-03
3.282500e+00	5.400610e-03
3.285000e+00	5.284700e-03
3.287500e+00	4.879664e-03
3.290000e+00	4.407251e-03
3.292500e+00	4.033952e-03
3.295000e+00	3.824722e-03
3.297500e+00	3.793015e-03
3.300000e+00	3.940430e-03
3.302500e+00	4.264831e-03
3.305000e+00	4.737302e-03
3.307500e+00	5.248733e-03
3.310000e+00	5.580415e-03
3.312500e+00	5.533403e-03
3.315000e+00	5.145747e-03
3.317500e+00	4.645525e-03
3.320000e+00	4.224661e-03
3.322500e+00	3.963522e-03
3.325000e+00	3.878786e-03
3.327500e+00	3.970498e-03
3.330000e+00	4.237784e-03
3.332500e+00	4.665784e-03
3.335000e+00	5.181800e-03
3.337500e+00	5.606176e-03
3.340000e+00	5.713776e-03
3.342500e+00	5.451087e-03
3.345000e+00	5.002372e-03
3.347500e+00	4.585550e-03
3.350000e+00	4.314668e-03
3.352500e+00	4.222649e-03
3.355000e+00	4.313915e-03
3.357500e+00	4.587360e-03
3.360000e+00	5.026413e-03
3.362500e+00	5.556162e-03
3.365000e+00	5.995917e-03
3.367500e+00	6.124292e-03
3.370000e+00	5.895007e-03
3.372500e+00	5.494893e-03
3.375000e+00	5.139408e-03
3.377500e+00	4.941082e-03
3.380000e+00	4.934217e-03
3.382500e+00	5.126034e-03
3.385000e+00	5.516467e-03
3.387500e+00	6.081887e-03
3.390000e+00	6.723763e-03
3.392500e+00	7.228559e-03
3.395000e+00	7.376625e-03
3.397500e+00	7.175721e-03
3.400000e+00	6.856239e-03
3.402500e+00	6.637347e-03
3.405000e+00	6.624597e-03
3.407500e+00	6.852728e-03
3.410000e+00	7.336735e-03
3.412500e+00	8.086267e-03
3.415000e+00	9.079243e-03
3.417500e+00	1.019363e-02
3.420000e+00	1.116120e-02
3.422500e+00	1.172267e-02
3.425000e+00	1.192801e-02
3.427500e+00	1.210977e-02
3.430000e+00	1.258297e-02
3.432500e+00	1.353018e-02
3.435000e+00	1.506662e-02
3.437500e+00	1.731047e-02
3.440000e+00	2.040111e-02
3.442500e+00	2.444539e-02
3.445000e+00	2.936294e-02
3.447500e+00	3.472598e-02
3.450000e+00	4.003798e-02
3.452500e+00	4.557046e-02
3.455000e+00	5.248263e-02
3.457500e+00	6.163495e-02
3.460000e+00	7.214024e-02
3.462500e+00	8.039268e-02
3.465000e+00	8.150372e-02
3.467500e+00	7.407321e-02
3.470000e+00	6.184885e-02
3.472500e+00	4.938981e-02
3.475000e+00	3.896008e-02
3.477500e+00	3.093618e-02
3.480000e+00	2.495432e-02
3.482500e+00	2.052926e-02
3.485000e+00	1.725468e-02
3.487500e+00	1.483403e-02
3.490000e+00	1.306248e-02
3.492500e+00	1.179851e-02
3.495000e+00	1.092954e-02
3.497500e+00	1.032776e-02
3.500000e+00	9.822145e-03
3.502500e+00	9.262723e-03
3.505000e+00	8.645345e-03
3.507500e+00	8.092099e-03
3.510000e+00	7.719451e-03
3.512500e+00	7.588841e-03
3.515000e+00	7.729109e-03
3.517500e+00	8.148288e-03
3.520000e+00	8.797880e-03
3.522500e+00	9.488003e-03
3.525000e+00	9.857641e-03
3.527500e+00	9.614418e-03
3.530000e+00	8.864659e-03
3.532500e+00	7.984902e-03
3.535000e+00	7.266947e-03
3.537500e+00	6.827660e-03
3.540000e+00	6.692613e-03
3.542500e+00	6.866879e-03
3.545000e+00	7.354227e-03
3.547500e+00	8.126444e-03
3.550000e+00	9.035923e-03
3.552500e+00	9.727613e-03
3.555000e+00	9.779952e-03
3.557500e+00	9.123252e-03
3.560000e+00	8.123866e-03
3.562500e+00	7.181514e-03
3.565000e+00	6.491151e-03
3.567500e+00	6.097965e-03
3.570000e+00	5.997720e-03
3.572500e+00	6.186690e-03
3.575000e+00	6.668728e-03
3.577500e+00	7.424410e-03
3.580000e+00	8.330431e-03
3.582500e+00	9.068345e-03
3.585000e+00	9.228226e-03
3.587500e+00	8.701463e-03
3.590000e+00	7.816402e-03
3.592500e+00	6.972776e-03
3.595000e+00	6.381915e-03
3.597500e+00	6.101103e-03
3.600000e+00	6.123142e-03
3.602500e+00	6.403755e-03
3.605000e+00	6.826211e-03
3.607500e+00	7.165598e-03
3.610000e+00	7.199077e-03
3.612500e+00	6.938900e-03
3.615000e+00	6.625504e-03
3.617500e+00	6.491120e-03
3.620000e+00	6.647282e-03
3.622500e+00	7.093525e-03
3.625000e+00	7.696288e-03
3.627500e+00	8.146997e-03
3.630000e+00	8.099309e-03
3.632500e+00	7.510100e-03
3.635000e+00	6.680650e-03
3.637500e+00	5.924138e-03
3.640000e+00	5.388045e-03
3.642500e+00	5.104981e-03
3.645000e+00	5.072411e-03
3.647500e+00	5.291379e-03
3.650000e+00	5.771834e-03
3.652500e+00	6.507214e-03
3.655000e+00	7.403913e-03
3.657500e+00	8.185803e-03
3.660000e+00	8.447446e-03
3.662500e+00	8.011148e-03
3.665000e+00	7.141589e-03
3.667500e+00	6.236626e-03
3.670000e+00	5.525786e-03
3.672500e+00	5.073789e-03
3.675000e+00	4.878217e-03
3.677500e+00	4.927920e-03
3.680000e+00	5.218241e-03
3.682500e+00	5.733642e-03
3.685000e+00	6.393017e-03
3.687500e+00	6.979298e-03
3.690000e+00	7.191423e-03
3.692500e+00	6.919791e-03
3.695000e+00	6.386324e-03
3.697500e+00	5.899235e-03
3.700000e+00	5.638090e-03
3.702500e+00	5.656506e-03
3.705000e+00	5.926762e-03
3.707500e+00	6.324625e-03
3.710000e+00	6.602666e-03
3.712500e+00	6.513959e-03
3.715000e+00	6.060850e-03
3.717500e+00	5.482454e-03
3.720000e+00	5.003309e-03
3.722500e+00	4.726914e-03
3.725000e+00	4.682263e-03
3.727500e+00	4.878146e-03
3.730000e+00	5.319604e-03
3.732500e+00	5.983172e-03
3.735000e+00	6.745687e-03
3.737500e+00	7.315969e-03
3.740000e+00	7.357913e-03
3.742500e+00	6.828522e-03
3.745000e+00	6.029066e-03
3.747500e+00	5.276318e-03
3.750000e+00	4.720144e-03
3.752500e+00	4.391812e-03
3.755000e+00	4.283841e-03
3.757500e+00	4.389446e-03
3.760000e+00	4.710012e-03
3.762500e+00	5.237076e-03
3.765000e+00	5.900229e-03
3.767500e+00	6.495845e-03
3.770000e+00	6.724284e-03
3.772500e+00	6.453362e-03
3.775000e+00	5.881840e-03
3.777500e+00	5.313283e-03
3.780000e+00	4.929938e-03
3.782500e+00	4.790746e-03
3.785000e+00	4.892648e-03
3.787500e+00	5.184319e-03
3.790000e+00	5.530314e-03
3.792500e+00	5.707597e-03
3.795000e+00	5.559383e-03
3.797500e+00	5.168411e-03
3.800000e+00	4.754687e-03
3.802500e+00	4.480082e-03
3.805000e+00	4.412441e-03
3.807500e+00	4.572781e-03
3.810000e+00	4.961362e-03
3.812500e+00	5.535608e-03
3.815000e+00	6.144080e-03
3.817500e+00	6.498656e-03
3.820000e+00	6.357481e-03
3.822500e+00	5.791719e-03
3.825000e+00	5.094797e-03
3.827500e+00	4.497272e-03
3.830000e+00	4.087594e-03
3.832500e+00	3.876987e-03
3.835000e+00	3.858466e-03
3.837500e+00	4.031220e-03
3.840000e+00	4.401563e-03
3.842500e+00	4.961248e-03
3.845000e+00	5.631920e-03
3.847500e+00	6.196484e-03
3.850000e+00	6.356287e-03
3.852500e+00	6.006587e-03
3.855000e+00	5.364902e-03
3.857500e+00	4.722465e-03
3.860000e+00	4.239170e-03
3.862500e+00	3.959111e-03
3.865000e+00	3.881923e-03
3.867500e+00	4.000826e-03
3.870000e+00	4.304840e-03
3.872500e+00	4.748866e-03
3.875000e+00	5.200017e-03
3.877500e+00	5.437303e-03
3.880000e+00	5.319907e-03
3.882500e+00	4.954387e-03
3.885000e+00	4.572694e-03
3.887500e+00	4.337100e-03
3.890000e+00	4.309544e-03
3.892500e+00	4.490145e-03
3.895000e+00	4.819720e-03
3.897500e+00	5.144724e-03
3.900000e+00	5.243356e-03
3.902500e+00	5.008090e-03
3.905000e+00	4.567334e-03
3.907500e+00	4.131239e-03
3.910000e+00	3.828361e-03
3.912500e+00	3.702870e-03
3.915000e+00	3.764936e-03
3.917500e+00	4.017963e-03
3.920000e+00	4.452425e-03
3.922500e+00	5.003489e-03
3.925000e+00	5.490045e-03
3.927500e+00	5.648795e-03
3.930000e+00	5.363939e-03
3.932500e+00	4.805243e-03
3.935000e+00	4.228837e-03
3.937500e+00	3.782996e-03
3.940000e+00	3.510475e-03
3.942500e+00	3.411612e-03
3.945000e+00	3.482338e-03
3.947500e+00	3.724609e-03
3.950000e+00	4.135735e-03
3.952500e+00	4.670675e-03
3.955000e+00	5.181461e-03
3.957500e+00	5.420532e-03
3.960000e+00	5.233523e-03
3.962500e+00	4.740763e-03
3.965000e+00	4.193187e-03
3.967500e+00	3.757639e-03
3.970000e+00	3.491098e-03
3.972500e+00	3.399936e-03
3.975000e+00	3.480475e-03
3.977500e+00	3.727850e-03
3.980000e+00	4.116891e-03
3.982500e+00	4.555706e-03
3.985000e+00	4.855336e-03
3.987500e+00	4.833970e-03
3.990000e+00	4.512847e-03
3.992500e+00	4.092111e-03
3.995000e+00	3.750578e-03
3.997500e+00	3.569033e-03
