#omega	spectral weight
-3.000000e+00	9.698462e-03
-2.997500e+00	9.319010e-03
-2.995000e+00	9.356151e-03
-2.992500e+00	9.817520e-03
-2.990000e+00	1.074485e-02
-2.987500e+00	1.219090e-02
-2.985000e+00	1.413814e-02
-2.982500e+00	1.631344e-02
-2.980000e+00	1.799232e-02
-2.977500e+00	1.826706e-02
-2.975000e+00	1.693796e-02
-2.972500e+00	1.475693e-02
-2.970000e+00	1.258291e-02
-2.967500e+00	1.083283e-02
-2.965000e+00	9.579363e-03
-2.962500e+00	8.766462e-03
-2.960000e+00	8.323250e-03
-2.957500e+00	8.202082e-03
-2.955000e+00	8.387159e-03
-2.952500e+00	8.895218e-03
-2.950000e+00	9.773177e-03
-2.947500e+00	1.108538e-02
-2.945000e+00	1.286521e-02
-2.942500e+00	1.498535e-02
-2.940000e+00	1.695470e-02
-2.937500e+00	1.794276e-02
-2.935000e+00	1.744917e-02
-2.932500e+00	1.590521e-02
-2.930000e+00	1.416349e-02
-2.927500e+00	1.277689e-02
-2.925000e+00	1.192202e-02
-2.922500e+00	1.160241e-02
-2.920000e+00	1.179206e-02
-2.917500e+00	1.249473e-02
-2.915000e+00	1.376532e-02
-2.912500e+00	1.572057e-02
-2.910000e+00	1.854325e-02
-2.907500e+00	2.246055e-02
-2.905000e+00	2.763186e-02
-2.902500e+00	3.381593e-02
-2.900000e+00	3.977412e-02
-2.897500e+00	4.310921e-02
-2.895000e+00	4.194621e-02
-2.892500e+00	3.709198e-02
-2.890000e+00	3.105196e-02
-2.887500e+00	2.567036e-02
-2.885000e+00	2.158402e-02
-2.882500e+00	1.878722e-02
-2.880000e+00	1.710393e-02
-2.877500e+00	1.637943e-02
-2.875000e+00	1.651444e-02
-2.872500e+00	1.740716e-02
-2.870000e+00	1.879626e-02
-2.867500e+00	2.005995e-02
-2.865000e+00	2.034225e-02
-2.862500e+00	1.929698e-02
-2.860000e+00	1.748747e-02
-2.857500e+00	1.572501e-02
-2.855000e+00	1.447343e-02
-2.852500e+00	1.387499e-02
-2.850000e+00	1.395400e-02
-2.847500e+00	1.474046e-02
-2.845000e+00	1.631453e-02
-2.842500e+00	1.879732e-02
-2.840000e+00	2.226072e-02
-2.837500e+00	2.646824e-02
-2.835000e+00	3.043925e-02
-2.832500e+00	3.240610e-02
-2.830000e+00	3.113231e-02
-2.827500e+00	2.735051e-02
-2.825000e+00	2.286363e-02
-2.822500e+00	1.890974e-02
-2.820000e+00	1.587938e-02
-2.817500e+00	1.373530e-02
-2.815000e+00	1.233284e-02
-2.812500e+00	1.154747e-02
-2.810000e+00	1.130644e-02
-2.807500e+00	1.158317e-02
-2.805000e+00	1.236327e-02
-2.802500e+00	1.355674e-02
-2.800000e+00	1.484076e-02
-2.797500e+00	1.559190e-02
-2.795000e+00	1.527881e-02
-2.792500e+00	1.405036e-02
-2.790000e+00	1.254955e-02
-2.787500e+00	1.128891e-02
-2.785000e+00	1.047142e-02
-2.782500e+00	1.013209e-02
-2.780000e+00	1.026975e-02
-2.777500e+00	1.090448e-02
-2.775000e+00	1.208612e-02
-2.772500e+00	1.385621e-02
-2.770000e+00	1.612342e-02
-2.767500e+00	1.842609e-02
-2.765000e+00	1.981771e-02
-2.762500e+00	1.945696e-02
-2.760000e+00	1.754070e-02
-2.757500e+00	1.505581e-02
-2.755000e+00	1.279724e-02
-2.752500e+00	1.106131e-02
-2.750000e+00	9.856827e-03
-2.747500e+00	9.108563e-03
-2.745000e+00	8.746282e-03
-2.742500e+00	8.731054e-03
-2.740000e+00	9.060272e-03
-2.737500e+00	9.767080e-03
-2.735000e+00	1.091397e-02
-2.732500e+00	1.256432e-02
-2.730000e+00	1.469113e-02
-2.727500e+00	1.697975e-02
-2.725000e+00	1.865549e-02
-2.722500e+00	1.884514e-02
-2.720000e+00	1.748289e-02
-2.717500e+00	1.539488e-02
-2.715000e+00	1.340941e-02
-2.712500e+00	1.189886e-02
-2.710000e+00	1.091947e-02
-2.707500e+00	1.042023e-02
-2.705000e+00	1.034647e-02
-2.702500e+00	1.067438e-02
-2.700000e+00	1.142085e-02
-2.697500e+00	1.264874e-02
-2.695000e+00	1.447303e-02
-2.692500e+00	1.706386e-02
-2.690000e+00	2.062503e-02
-2.687500e+00	2.528712e-02
-2.685000e+00	3.079922e-02
-2.682500e+00	3.600633e-02
-2.680000e+00	3.879777e-02
-2.677500e+00	3.769949e-02
-2.675000e+00	3.362097e-02
-2.672500e+00	2.878012e-02
-2.670000e+00	2.472742e-02
-2.667500e+00	2.200096e-02
-2.665000e+00	2.062318e-02
-2.662500e+00	2.044140e-02
-2.660000e+00	2.115075e-02
-2.657500e+00	2.211741e-02
-2.655000e+00	2.237107e-02
-2.652500e+00	2.126213e-02
-2.650000e+00	1.913726e-02
-2.647500e+00	1.686035e-02
-2.645000e+00	1.501907e-02
-2.642500e+00	1.380383e-02
-2.640000e+00	1.321705e-02
-2.637500e+00	1.323074e-02
-2.635000e+00	1.385285e-02
-2.632500e+00	1.514937e-02
-2.630000e+00	1.724585e-02
-2.627500e+00	2.029530e-02
-2.625000e+00	2.435100e-02
-2.622500e+00	2.903870e-02
-2.620000e+00	3.309643e-02
-2.617500e+00	3.458427e-02
-2.615000e+00	3.257307e-02
-2.612500e+00	2.827126e-02
-2.610000e+00	2.359829e-02
-2.607500e+00	1.967350e-02
-2.605000e+00	1.678721e-02
-2.602500e+00	1.486965e-02
-2.600000e+00	1.378403e-02
-2.597500e+00	1.342850e-02
-2.595000e+00	1.373967e-02
-2.592500e+00	1.462562e-02
-2.590000e+00	1.581448e-02
-2.587500e+00	1.670584e-02
-2.585000e+00	1.659619e-02
-2.582500e+00	1.535685e-02
-2.580000e+00	1.356956e-02
-2.577500e+00	1.187009e-02
-2.575000e+00	1.055886e-02
-2.572500e+00	9.688411e-03
-2.570000e+00	9.225510e-03
-2.567500e+00	9.135602e-03
-2.565000e+00	9.412502e-03
-2.562500e+00	1.008704e-02
-2.560000e+00	1.122730e-02
-2.557500e+00	1.292375e-02
-2.555000e+00	1.522726e-02
-2.552500e+00	1.797824e-02
-2.550000e+00	2.052931e-02
-2.547500e+00	2.174848e-02
-2.545000e+00	2.089818e-02
-2.542500e+00	1.850446e-02
-2.540000e+00	1.571860e-02
-2.537500e+00	1.330269e-02
-2.535000e+00	1.148807e-02
-2.532500e+00	1.024683e-02
-2.530000e+00	9.489383e-03
-2.527500e+00	9.142173e-03
-2.525000e+00	9.168486e-03
-2.522500e+00	9.571234e-03
-2.520000e+00	1.038995e-02
-2.517500e+00	1.168685e-02
-2.515000e+00	1.349626e-02
-2.512500e+00	1.568821e-02
-2.510000e+00	1.774747e-02
-2.507500e+00	1.877445e-02
-2.505000e+00	1.818180e-02
-2.502500e+00	1.638737e-02
-2.500000e+00	1.431002e-02
-2.497500e+00	1.256258e-02
-2.495000e+00	1.133828e-02
-2.492500e+00	1.062735e-02
-2.490000e+00	1.037570e-02
-2.487500e+00	1.054903e-02
-2.485000e+00	1.115240e-02
-2.482500e+00	1.223631e-02
-2.480000e+00	1.389767e-02
-2.477500e+00	1.626637e-02
-2.475000e+00	1.944094e-02
-2.472500e+00	2.329769e-02
-2.470000e+00	2.714506e-02
-2.467500e+00	2.961879e-02
-2.465000e+00	2.964442e-02
-2.462500e+00	2.772055e-02
-2.460000e+00	2.538927e-02
-2.457500e+00	2.385632e-02
-2.455000e+00	2.364590e-02
-2.452500e+00	2.487837e-02
-2.450000e+00	2.738425e-02
-2.447500e+00	3.046346e-02
-2.445000e+00	3.261431e-02
-2.442500e+00	3.220918e-02
-2.440000e+00	2.911275e-02
-2.437500e+00	2.478166e-02
-2.435000e+00	2.065500e-02
-2.432500e+00	1.735426e-02
-2.430000e+00	1.494039e-02
-2.427500e+00	1.328199e-02
-2.425000e+00	1.223329e-02
-2.422500e+00	1.168873e-02
-2.420000e+00	1.159202e-02
-2.417500e+00	1.193483e-02
-2.415000e+00	1.275658e-02
-2.412500e+00	1.414724e-02
-2.410000e+00	1.624744e-02
-2.407500e+00	1.922511e-02
-2.405000e+00	2.317133e-02
-2.402500e+00	2.781262e-02
-2.400000e+00	3.205541e-02
-2.397500e+00	3.403200e-02
-2.395000e+00	3.259694e-02
-2.392500e+00	2.869667e-02
-2.390000e+00	2.423985e-02
-2.387500e+00	2.046462e-02
-2.385000e+00	1.775417e-02
-2.382500e+00	1.608967e-02
-2.380000e+00	1.536463e-02
-2.377500e+00	1.548776e-02
-2.375000e+00	1.634660e-02
-2.372500e+00	1.765068e-02
-2.370000e+00	1.873703e-02
-2.367500e+00	1.873977e-02
-2.365000e+00	1.736098e-02
-2.362500e+00	1.519689e-02
-2.360000e+00	1.302681e-02
-2.357500e+00	1.125436e-02
-2.355000e+00	9.957857e-03
-2.352500e+00	9.086862e-03
-2.350000e+00	8.572795e-03
-2.347500e+00	8.367083e-03
-2.345000e+00	8.450161e-03
-2.342500e+00	8.833086e-03
-2.340000e+00	9.558909e-03
-2.337500e+00	1.070328e-02
-2.335000e+00	1.236495e-02
-2.332500e+00	1.461764e-02
-2.330000e+00	1.736515e-02
-2.327500e+00	2.007217e-02
-2.325000e+00	2.166200e-02
-2.322500e+00	2.123293e-02
-2.320000e+00	1.908167e-02
-2.317500e+00	1.634031e-02
-2.315000e+00	1.388131e-02
-2.312500e+00	1.201959e-02
-2.310000e+00	1.076152e-02
-2.307500e+00	1.002841e-02
-2.305000e+00	9.752461e-03
-2.302500e+00	9.904660e-03
-2.300000e+00	1.049737e-02
-2.297500e+00	1.157149e-02
-2.295000e+00	1.315001e-02
-2.292500e+00	1.511431e-02
-2.290000e+00	1.700000e-02
-2.287500e+00	1.798108e-02
-2.285000e+00	1.749026e-02
-2.282500e+00	1.588169e-02
-2.280000e+00	1.400158e-02
-2.277500e+00	1.243103e-02
-2.275000e+00	1.136143e-02
-2.272500e+00	1.079218e-02
-2.270000e+00	1.068097e-02
-2.267500e+00	1.100602e-02
-2.265000e+00	1.178644e-02
-2.262500e+00	1.309013e-02
-2.260000e+00	1.503756e-02
-2.257500e+00	1.779202e-02
-2.255000e+00	2.149849e-02
-2.252500e+00	2.608435e-02
-2.250000e+00	3.084822e-02
-2.247500e+00	3.417526e-02
-2.245000e+00	3.443224e-02
-2.242500e+00	3.175437e-02
-2.240000e+00	2.792027e-02
-2.237500e+00	2.454972e-02
-2.235000e+00	2.236567e-02
-2.232500e+00	2.153517e-02
-2.230000e+00	2.205319e-02
-2.227500e+00	2.385830e-02
-2.225000e+00	2.668369e-02
-2.222500e+00	2.968746e-02
-2.220000e+00	3.130108e-02
-2.217500e+00	3.021540e-02
-2.215000e+00	2.680173e-02
-2.212500e+00	2.260675e-02
-2.210000e+00	1.882267e-02
-2.207500e+00	1.586590e-02
-2.205000e+00	1.372014e-02
-2.202500e+00	1.224480e-02
-2.200000e+00	1.130505e-02
-2.197500e+00	1.080704e-02
-2.195000e+00	1.070130e-02
-2.192500e+00	1.098017e-02
-2.190000e+00	1.167726e-02
-2.187500e+00	1.286962e-02
-2.185000e+00	1.467774e-02
-2.182500e+00	1.724501e-02
-2.180000e+00	2.064742e-02
-2.177500e+00	2.464623e-02
-2.175000e+00	2.830280e-02
-2.172500e+00	3.003780e-02
-2.170000e+00	2.892137e-02
-2.167500e+00	2.580227e-02
-2.165000e+00	2.231589e-02
-2.162500e+00	1.952245e-02
-2.160000e+00	1.777380e-02
-2.157500e+00	1.709360e-02
-2.155000e+00	1.741390e-02
-2.152500e+00	1.858122e-02
-2.150000e+00	2.017285e-02
-2.147500e+00	2.130521e-02
-2.145000e+00	2.098746e-02
-2.142500e+00	1.907751e-02
-2.140000e+00	1.640806e-02
-2.137500e+00	1.384543e-02
-2.135000e+00	1.177601e-02
-2.132500e+00	1.024288e-02
-2.130000e+00	9.167592e-03
-2.127500e+00	8.460319e-03
-2.125000e+00	8.054091e-03
-2.122500e+00	7.910486e-03
-2.120000e+00	8.018489e-03
-2.117500e+00	8.393745e-03
-2.115000e+00	9.079521e-03
-2.112500e+00	1.014673e-02
-2.110000e+00	1.168268e-02
-2.107500e+00	1.373975e-02
-2.105000e+00	1.619075e-02
-2.102500e+00	1.848958e-02
-2.100000e+00	1.966394e-02
-2.097500e+00	1.906363e-02
-2.095000e+00	1.713092e-02
-2.092500e+00	1.487154e-02
-2.090000e+00	1.296762e-02
-2.087500e+00	1.164343e-02
-2.085000e+00	1.090136e-02
-2.082500e+00	1.069765e-02
-2.080000e+00	1.101123e-02
-2.077500e+00	1.185243e-02
-2.075000e+00	1.322422e-02
-2.072500e+00	1.500756e-02
-2.070000e+00	1.676789e-02
-2.067500e+00	1.772692e-02
-2.065000e+00	1.732913e-02
-2.062500e+00	1.588393e-02
-2.060000e+00	1.418958e-02
-2.057500e+00	1.281017e-02
-2.055000e+00	1.194253e-02
-2.052500e+00	1.160158e-02
-2.050000e+00	1.176643e-02
-2.047500e+00	1.244326e-02
-2.045000e+00	1.368800e-02
-2.042500e+00	1.561517e-02
-2.040000e+00	1.839350e-02
-2.037500e+00	2.219830e-02
-2.035000e+00	2.703848e-02
-2.032500e+00	3.235099e-02
-2.030000e+00	3.655961e-02
-2.027500e+00	3.764708e-02
-2.025000e+00	3.514740e-02
-2.022500e+00	3.075126e-02
-2.020000e+00	2.643825e-02
-2.017500e+00	2.321925e-02
-2.015000e+00	2.134495e-02
-2.012500e+00	2.079433e-02
-2.010000e+00	2.151972e-02
-2.007500e+00	2.346187e-02
-2.005000e+00	2.635813e-02
-2.002500e+00	2.936193e-02
-2.000000e+00	3.091363e-02
-1.997500e+00	2.975958e-02
-1.995000e+00	2.633084e-02
-1.992500e+00	2.217267e-02
-1.990000e+00	1.844326e-02
-1.987500e+00	1.553712e-02
-1.985000e+00	1.343304e-02
-1.982500e+00	1.199420e-02
-1.980000e+00	1.109323e-02
-1.977500e+00	1.064609e-02
-1.975000e+00	1.061550e-02
-1.972500e+00	1.100701e-02
-1.970000e+00	1.185960e-02
-1.967500e+00	1.321622e-02
-1.965000e+00	1.503690e-02
-1.962500e+00	1.701990e-02
-1.960000e+00	1.846656e-02
-1.957500e+00	1.864635e-02
-1.955000e+00	1.758493e-02
-1.952500e+00	1.605543e-02
-1.950000e+00	1.479357e-02
-1.947500e+00	1.415094e-02
-1.945000e+00	1.424111e-02
-1.942500e+00	1.512151e-02
-1.940000e+00	1.687021e-02
-1.937500e+00	1.955905e-02
-1.935000e+00	2.308470e-02
-1.932500e+00	2.680710e-02
-1.930000e+00	2.928665e-02
-1.927500e+00	2.904295e-02
-1.925000e+00	2.612533e-02
-1.922500e+00	2.203824e-02
-1.920000e+00	1.815439e-02
-1.917500e+00	1.503697e-02
-1.915000e+00	1.272730e-02
-1.912500e+00	1.109402e-02
-1.910000e+00	9.995159e-03
-1.907500e+00	9.326028e-03
-1.905000e+00	9.025611e-03
-1.902500e+00	9.072365e-03
-1.900000e+00	9.476577e-03
-1.897500e+00	1.026231e-02
-1.895000e+00	1.141579e-02
-1.892500e+00	1.276863e-02
-1.890000e+00	1.386713e-02
-1.887500e+00	1.412246e-02
-1.885000e+00	1.337724e-02
-1.882500e+00	1.210110e-02
-1.880000e+00	1.086345e-02
-1.877500e+00	9.959249e-03
-1.875000e+00	9.461885e-03
-1.872500e+00	9.366096e-03
-1.870000e+00	9.667764e-03
-1.867500e+00	1.039325e-02
-1.865000e+00	1.160411e-02
-1.862500e+00	1.337720e-02
-1.860000e+00	1.572672e-02
-1.857500e+00	1.841214e-02
-1.855000e+00	2.069232e-02
-1.852500e+00	2.150783e-02
-1.850000e+00	2.045403e-02
-1.847500e+00	1.828317e-02
-1.845000e+00	1.604009e-02
-1.842500e+00	1.430264e-02
-1.840000e+00	1.321974e-02
-1.837500e+00	1.276961e-02
-1.835000e+00	1.291334e-02
-1.832500e+00	1.365354e-02
-1.830000e+00	1.505389e-02
-1.827500e+00	1.724491e-02
-1.825000e+00	2.041071e-02
-1.822500e+00	2.471184e-02
-1.820000e+00	3.003973e-02
-1.817500e+00	3.551778e-02
-1.815000e+00	3.917446e-02
-1.812500e+00	3.905691e-02
-1.810000e+00	3.535911e-02
-1.807500e+00	3.019558e-02
-1.805000e+00	2.543337e-02
-1.802500e+00	2.184313e-02
-1.800000e+00	1.951927e-02
-1.797500e+00	1.835391e-02
-1.795000e+00	1.825335e-02
-1.792500e+00	1.919013e-02
-1.790000e+00	2.115396e-02
-1.787500e+00	2.397145e-02
-1.785000e+00	2.696152e-02
-1.782500e+00	2.875296e-02
-1.780000e+00	2.810013e-02
-1.777500e+00	2.523645e-02
-1.775000e+00	2.156607e-02
-1.772500e+00	1.824819e-02
-1.770000e+00	1.572917e-02
-1.767500e+00	1.404032e-02
-1.765000e+00	1.309514e-02
-1.762500e+00	1.281883e-02
-1.760000e+00	1.317508e-02
-1.757500e+00	1.412827e-02
-1.755000e+00	1.552514e-02
-1.752500e+00	1.690344e-02
-1.750000e+00	1.748370e-02
-1.747500e+00	1.674686e-02
-1.745000e+00	1.502304e-02
-1.742500e+00	1.307560e-02
-1.740000e+00	1.141615e-02
-1.737500e+00	1.020217e-02
-1.735000e+00	9.417813e-03
-1.732500e+00	9.007699e-03
-1.730000e+00	8.930280e-03
-1.727500e+00	9.173348e-03
-1.725000e+00	9.758460e-03
-1.722500e+00	1.074432e-02
-1.720000e+00	1.222976e-02
-1.717500e+00	1.434730e-02
-1.715000e+00	1.721728e-02
-1.712500e+00	2.079397e-02
-1.710000e+00	2.453794e-02
-1.707500e+00	2.715836e-02
-1.705000e+00	2.727148e-02
-1.702500e+00	2.487042e-02
-1.700000e+00	2.134325e-02
-1.697500e+00	1.800832e-02
-1.695000e+00	1.543858e-02
-1.692500e+00	1.371560e-02
-1.690000e+00	1.276250e-02
-1.687500e+00	1.250114e-02
-1.685000e+00	1.288904e-02
-1.682500e+00	1.388206e-02
-1.680000e+00	1.531119e-02
-1.677500e+00	1.668938e-02
-1.675000e+00	1.722346e-02
-1.672500e+00	1.642071e-02
-1.670000e+00	1.464852e-02
-1.667500e+00	1.267257e-02
-1.665000e+00	1.098559e-02
-1.662500e+00	9.728372e-03
-1.660000e+00	8.873377e-03
-1.657500e+00	8.353905e-03
-1.655000e+00	8.113516e-03
-1.652500e+00	8.118277e-03
-1.650000e+00	8.357772e-03
-1.647500e+00	8.844912e-03
-1.645000e+00	9.617784e-03
-1.642500e+00	1.074444e-02
-1.640000e+00	1.233015e-02
-1.637500e+00	1.452298e-02
-1.635000e+00	1.750254e-02
-1.632500e+00	2.140704e-02
-1.630000e+00	2.610561e-02
-1.627500e+00	3.076705e-02
-1.625000e+00	3.367720e-02
-1.622500e+00	3.336334e-02
-1.620000e+00	3.027514e-02
-1.617500e+00	2.626084e-02
-1.615000e+00	2.278951e-02
-1.612500e+00	2.043894e-02
-1.610000e+00	1.929542e-02
-1.607500e+00	1.931844e-02
-1.605000e+00	2.047341e-02
-1.602500e+00	2.267962e-02
-1.600000e+00	2.557102e-02
-1.597500e+00	2.815804e-02
-1.595000e+00	2.899985e-02
-1.592500e+00	2.744564e-02
-1.590000e+00	2.440478e-02
-1.587500e+00	2.127606e-02
-1.585000e+00	1.887932e-02
-1.582500e+00	1.745969e-02
-1.580000e+00	1.703039e-02
-1.577500e+00	1.757614e-02
-1.575000e+00	1.909157e-02
-1.572500e+00	2.147333e-02
-1.570000e+00	2.424247e-02
-1.567500e+00	2.627884e-02
-1.565000e+00	2.628501e-02
-1.562500e+00	2.407832e-02
-1.560000e+00	2.079516e-02
-1.557500e+00	1.763355e-02
-1.555000e+00	1.514736e-02
-1.552500e+00	1.342620e-02
-1.550000e+00	1.239953e-02
-1.547500e+00	1.199112e-02
-1.545000e+00	1.216865e-02
-1.542500e+00	1.294589e-02
-1.540000e+00	1.434634e-02
-1.537500e+00	1.629251e-02
-1.535000e+00	1.838419e-02
-1.532500e+00	1.974411e-02
-1.530000e+00	1.948617e-02
-1.527500e+00	1.765518e-02
-1.525000e+00	1.515887e-02
-1.522500e+00	1.281345e-02
-1.520000e+00	1.094942e-02
-1.517500e+00	9.588348e-03
-1.515000e+00	8.650948e-03
-1.512500e+00	8.052803e-03
-1.510000e+00	7.732458e-03
-1.507500e+00	7.655279e-03
-1.505000e+00	7.811946e-03
-1.502500e+00	8.217769e-03
-1.500000e+00	8.914210e-03
-1.497500e+00	9.971366e-03
-1.495000e+00	1.148532e-02
-1.492500e+00	1.355125e-02
-1.490000e+00	1.616637e-02
-1.487500e+00	1.900747e-02
-1.485000e+00	2.120651e-02
-1.482500e+00	2.170314e-02
-1.480000e+00	2.031692e-02
-1.477500e+00	1.798628e-02
-1.475000e+00	1.574489e-02
-1.472500e+00	1.409989e-02
-1.470000e+00	1.316728e-02
-1.467500e+00	1.293120e-02
-1.465000e+00	1.337929e-02
-1.462500e+00	1.454193e-02
-1.460000e+00	1.646795e-02
-1.457500e+00	1.911008e-02
-1.455000e+00	2.206635e-02
-1.452500e+00	2.432414e-02
-1.450000e+00	2.466735e-02
-1.447500e+00	2.289159e-02
-1.445000e+00	2.005498e-02
-1.442500e+00	1.731007e-02
-1.440000e+00	1.520729e-02
-1.437500e+00	1.385094e-02
-1.435000e+00	1.318981e-02
-1.432500e+00	1.316885e-02
-1.430000e+00	1.378185e-02
-1.427500e+00	1.508330e-02
-1.425000e+00	1.717603e-02
-1.422500e+00	2.014796e-02
-1.420000e+00	2.388417e-02
-1.417500e+00	2.770848e-02
-1.415000e+00	3.020854e-02
-1.412500e+00	3.012993e-02
-1.410000e+00	2.780426e-02
-1.407500e+00	2.478913e-02
-1.405000e+00	2.237655e-02
-1.402500e+00	2.111539e-02
-1.400000e+00	2.109715e-02
-1.397500e+00	2.215256e-02
-1.395000e+00	2.374531e-02
-1.392500e+00	2.481941e-02
-1.390000e+00	2.428250e-02
-1.387500e+00	2.207389e-02
-1.385000e+00	1.917050e-02
-1.382500e+00	1.651039e-02
-1.380000e+00	1.449536e-02
-1.377500e+00	1.317472e-02
-1.375000e+00	1.248835e-02
-1.372500e+00	1.238474e-02
-1.370000e+00	1.286011e-02
-1.367500e+00	1.396604e-02
-1.365000e+00	1.579523e-02
-1.362500e+00	1.841709e-02
-1.360000e+00	2.169133e-02
-1.357500e+00	2.492770e-02
-1.355000e+00	2.676349e-02
-1.352500e+00	2.607329e-02
-1.350000e+00	2.324141e-02
-1.347500e+00	1.968383e-02
-1.345000e+00	1.647965e-02
-1.342500e+00	1.400985e-02
-1.340000e+00	1.227083e-02
-1.337500e+00	1.115141e-02
-1.335000e+00	1.055037e-02
-1.332500e+00	1.040991e-02
-1.330000e+00	1.072109e-02
-1.327500e+00	1.152146e-02
-1.325000e+00	1.288315e-02
-1.322500e+00	1.486698e-02
-1.320000e+00	1.738730e-02
-1.317500e+00	1.995107e-02
-1.315000e+00	2.151939e-02
-1.312500e+00	2.113851e-02
-1.310000e+00	1.899115e-02
-1.307500e+00	1.616482e-02
-1.305000e+00	1.355535e-02
-1.302500e+00	1.150047e-02
-1.300000e+00	1.000814e-02
-1.297500e+00	8.985359e-03
-1.295000e+00	8.338737e-03
-1.292500e+00	8.002944e-03
-1.290000e+00	7.944189e-03
-1.287500e+00	8.157672e-03
-1.285000e+00	8.662894e-03
-1.282500e+00	9.490758e-03
-1.280000e+00	1.064346e-02
-1.277500e+00	1.199878e-02
-1.275000e+00	1.319061e-02
-1.272500e+00	1.370516e-02
-1.270000e+00	1.336115e-02
-1.267500e+00	1.254405e-02
-1.265000e+00	1.177718e-02
-1.262500e+00	1.135898e-02
-1.260000e+00	1.138902e-02
-1.257500e+00	1.189781e-02
-1.255000e+00	1.292638e-02
-1.252500e+00	1.456204e-02
-1.250000e+00	1.695648e-02
-1.247500e+00	2.033297e-02
-1.245000e+00	2.495962e-02
-1.242500e+00	3.101083e-02
-1.240000e+00	3.816382e-02
-1.237500e+00	4.490221e-02
-1.235000e+00	4.840834e-02
-1.232500e+00	4.663157e-02
-1.230000e+00	4.067178e-02
-1.227500e+00	3.343076e-02
-1.225000e+00	2.693991e-02
-1.222500e+00	2.184516e-02
-1.220000e+00	1.807459e-02
-1.217500e+00	1.536167e-02
-1.215000e+00	1.345351e-02
-1.212500e+00	1.216214e-02
-1.210000e+00	1.136431e-02
-1.207500e+00	1.099109e-02
-1.205000e+00	1.101968e-02
-1.202500e+00	1.146979e-02
-1.200000e+00	1.240283e-02
-1.197500e+00	1.391593e-02
-1.195000e+00	1.610770e-02
-1.192500e+00	1.896065e-02
-1.190000e+00	2.207564e-02
-1.187500e+00	2.441076e-02
-1.185000e+00	2.471274e-02
-1.182500e+00	2.278206e-02
-1.180000e+00	1.972403e-02
-1.177500e+00	1.673252e-02
-1.175000e+00	1.437234e-02
-1.172500e+00	1.274363e-02
-1.170000e+00	1.178190e-02
-1.167500e+00	1.141067e-02
-1.165000e+00	1.158417e-02
-1.162500e+00	1.226892e-02
-1.160000e+00	1.336425e-02
-1.157500e+00	1.456318e-02
-1.155000e+00	1.531670e-02
-1.152500e+00	1.521555e-02
-1.150000e+00	1.447027e-02
-1.147500e+00	1.368319e-02
-1.145000e+00	1.332503e-02
-1.142500e+00	1.361802e-02
-1.140000e+00	1.464540e-02
-1.137500e+00	1.638401e-02
-1.135000e+00	1.856442e-02
-1.132500e+00	2.044233e-02
-1.130000e+00	2.096152e-02
-1.127500e+00	1.968683e-02
-1.125000e+00	1.731415e-02
-1.122500e+00	1.484573e-02
-1.120000e+00	1.283652e-02
-1.117500e+00	1.141875e-02
-1.115000e+00	1.055075e-02
-1.112500e+00	1.016552e-02
-1.110000e+00	1.022506e-02
-1.107500e+00	1.073454e-02
-1.105000e+00	1.174175e-02
-1.102500e+00	1.331979e-02
-1.100000e+00	1.550272e-02
-1.097500e+00	1.811573e-02
-1.095000e+00	2.051387e-02
-1.092500e+00	2.162387e-02
-1.090000e+00	2.081613e-02
-1.087500e+00	1.865913e-02
-1.085000e+00	1.624338e-02
-1.082500e+00	1.426544e-02
-1.080000e+00	1.294154e-02
-1.077500e+00	1.226914e-02
-1.075000e+00	1.220760e-02
-1.072500e+00	1.274715e-02
-1.070000e+00	1.391645e-02
-1.067500e+00	1.573858e-02
-1.065000e+00	1.809713e-02
-1.062500e+00	2.049681e-02
-1.060000e+00	2.198835e-02
-1.057500e+00	2.181952e-02
-1.055000e+00	2.030525e-02
-1.052500e+00	1.846543e-02
-1.050000e+00	1.708595e-02
-1.047500e+00	1.649303e-02
-1.045000e+00	1.678336e-02
-1.042500e+00	1.802356e-02
-1.040000e+00	2.033234e-02
-1.037500e+00	2.387038e-02
-1.035000e+00	2.869978e-02
-1.032500e+00	3.439675e-02
-1.030000e+00	3.946914e-02
-1.027500e+00	4.149885e-02
-1.025000e+00	3.913909e-02
-1.022500e+00	3.371426e-02
-1.020000e+00	2.761976e-02
-1.017500e+00	2.232049e-02
-1.015000e+00	1.820355e-02
-1.012500e+00	1.515615e-02
-1.010000e+00	1.294875e-02
-1.007500e+00	1.137603e-02
-1.005000e+00	1.028741e-02
-1.002500e+00	9.583542e-03
-1.000000e+00	9.206897e-03
-9.975000e-01	9.134779e-03
-9.950000e-01	9.375998e-03
-9.925000e-01	9.969928e-03
-9.900000e-01	1.098279e-02
-9.875000e-01	1.248575e-02
-9.850000e-01	1.447786e-02
-9.825000e-01	1.670522e-02
-9.800000e-01	1.846190e-02
-9.775000e-01	1.883874e-02
-9.750000e-01	1.761186e-02
-9.725000e-01	1.552467e-02
-9.700000e-01	1.345627e-02
-9.675000e-01	1.185108e-02
-9.650000e-01	1.080755e-02
-9.625000e-01	1.029795e-02
-9.600000e-01	1.028608e-02
-9.575000e-01	1.076094e-02
-9.550000e-01	1.171751e-02
-9.525000e-01	1.307508e-02
-9.500000e-01	1.452231e-02
-9.475000e-01	1.544496e-02
-9.450000e-01	1.530911e-02
-9.425000e-01	1.425633e-02
-9.400000e-01	1.293576e-02
-9.375000e-01	1.187765e-02
-9.350000e-01	1.130506e-02
-9.325000e-01	1.127338e-02
-9.300000e-01	1.179888e-02
-9.275000e-01	1.289755e-02
-9.250000e-01	1.453619e-02
-9.225000e-01	1.648042e-02
-9.200000e-01	1.811976e-02
-9.175000e-01	1.866800e-02
-9.150000e-01	1.792195e-02
-9.125000e-01	1.652384e-02
-9.100000e-01	1.525676e-02
-9.075000e-01	1.454592e-02
-9.050000e-01	1.453351e-02
-9.025000e-01	1.527535e-02
-9.000000e-01	1.685319e-02
-8.975000e-01	1.941305e-02
-8.950000e-01	2.314334e-02
-8.925000e-01	2.813893e-02
-8.900000e-01	3.402487e-02
-8.875000e-01	3.936483e-02
-8.850000e-01	4.172660e-02
-8.825000e-01	3.962501e-02
-8.800000e-01	3.427808e-02
-8.775000e-01	2.812705e-02
-8.750000e-01	2.272828e-02
-8.725000e-01	1.851925e-02
-8.700000e-01	1.540019e-02
-8.675000e-01	1.313881e-02
-8.650000e-01	1.152270e-02
-8.625000e-01	1.039342e-02
-8.600000e-01	9.643188e-03
-8.575000e-01	9.204548e-03
-8.550000e-01	9.041923e-03
-8.525000e-01	9.146830e-03
-8.500000e-01	9.536886e-03
-8.475000e-01	1.025827e-02
-8.450000e-01	1.139074e-02
-8.425000e-01	1.305167e-02
-8.400000e-01	1.538596e-02
-8.375000e-01	1.850435e-02
-8.350000e-01	2.229158e-02
-8.325000e-01	2.604317e-02
-8.300000e-01	2.831039e-02
-8.275000e-01	2.784423e-02
-8.250000e-01	2.501018e-02
-8.225000e-01	2.134900e-02
-8.200000e-01	1.807833e-02
-8.175000e-01	1.565802e-02
-8.150000e-01	1.412378e-02
-8.125000e-01	1.339435e-02
-8.100000e-01	1.339304e-02
-8.075000e-01	1.404295e-02
-8.050000e-01	1.516006e-02
-8.025000e-01	1.627750e-02
-8.000000e-01	1.666250e-02
-7.975000e-01	1.587407e-02
-7.950000e-01	1.425703e-02
-7.925000e-01	1.250776e-02
-7.900000e-01	1.107301e-02
-7.875000e-01	1.008817e-02
-7.850000e-01	9.546273e-03
-7.825000e-01	9.416022e-03
-7.800000e-01	9.687681e-03
-7.775000e-01	1.038114e-02
-7.750000e-01	1.152606e-02
-7.725000e-01	1.309201e-02
-7.700000e-01	1.483740e-02
-7.675000e-01	1.617376e-02
-7.650000e-01	1.643122e-02
-7.625000e-01	1.555109e-02
-7.600000e-01	1.416954e-02
-7.575000e-01	1.294253e-02
-7.550000e-01	1.218772e-02
-7.525000e-01	1.199097e-02
-7.500000e-01	1.237213e-02
-7.475000e-01	1.337038e-02
-7.450000e-01	1.506943e-02
-7.425000e-01	1.757547e-02
-7.400000e-01	2.090948e-02
-7.375000e-01	2.473680e-02
-7.350000e-01	2.801750e-02
-7.325000e-01	2.925471e-02
-7.300000e-01	2.786867e-02
-7.275000e-01	2.492867e-02
-7.250000e-01	2.194161e-02
-7.225000e-01	1.976784e-02
-7.200000e-01	1.867155e-02
-7.175000e-01	1.868948e-02
-7.150000e-01	1.984079e-02
-7.125000e-01	2.215960e-02
-7.100000e-01	2.555799e-02
-7.075000e-01	2.947135e-02
-7.050000e-01	3.248475e-02
-7.025000e-01	3.285577e-02
-7.000000e-01	3.021811e-02
-6.975000e-01	2.602180e-02
-6.950000e-01	2.191194e-02
-6.925000e-01	1.869316e-02
-6.900000e-01	1.651553e-02
-6.875000e-01	1.525744e-02
-6.850000e-01	1.467143e-02
-6.825000e-01	1.435738e-02
-6.800000e-01	1.381416e-02
-6.775000e-01	1.277675e-02
-6.750000e-01	1.143917e-02
-6.725000e-01	1.015806e-02
-6.700000e-01	9.139147e-03
-6.675000e-01	8.427580e-03
-6.650000e-01	8.001801e-03
-6.625000e-01	7.833029e-03
-6.600000e-01	7.907849e-03
-6.575000e-01	8.235359e-03
-6.550000e-01	8.850555e-03
-6.525000e-01	9.816971e-03
-6.500000e-01	1.122436e-02
-6.475000e-01	1.316411e-02
-6.450000e-01	1.563953e-02
-6.425000e-01	1.835586e-02
-6.400000e-01	2.049509e-02
-6.375000e-01	2.101945e-02
-6.350000e-01	1.969920e-02
-6.325000e-01	1.740789e-02
-6.300000e-01	1.515415e-02
-6.275000e-01	1.344259e-02
-6.250000e-01	1.238530e-02
-6.225000e-01	1.195442e-02
-6.200000e-01	1.211816e-02
-6.175000e-01	1.288639e-02
-6.150000e-01	1.430989e-02
-6.125000e-01	1.643063e-02
-6.100000e-01	1.913383e-02
-6.075000e-01	2.187693e-02
-6.050000e-01	2.358543e-02
-6.025000e-01	2.336528e-02
-6.000000e-01	2.152458e-02
-5.975000e-01	1.921536e-02
-5.950000e-01	1.734496e-02
-5.925000e-01	1.628306e-02
-5.900000e-01	1.611588e-02
-5.875000e-01	1.687396e-02
-5.850000e-01	1.861988e-02
-5.825000e-01	2.142079e-02
-5.800000e-01	2.517104e-02
-5.775000e-01	2.920581e-02
-5.750000e-01	3.199207e-02
-5.725000e-01	3.188504e-02
-5.700000e-01	2.884451e-02
-5.675000e-01	2.446942e-02
-5.650000e-01	2.028510e-02
-5.625000e-01	1.694162e-02
-5.600000e-01	1.450427e-02
-5.575000e-01	1.284083e-02
-5.550000e-01	1.180641e-02
-5.525000e-01	1.130007e-02
-5.500000e-01	1.127423e-02
-5.475000e-01	1.173106e-02
-5.450000e-01	1.271092e-02
-5.425000e-01	1.425674e-02
-5.400000e-01	1.631301e-02
-5.375000e-01	1.852952e-02
-5.350000e-01	2.014887e-02
-5.325000e-01	2.047005e-02
-5.300000e-01	1.966240e-02
-5.275000e-01	1.862577e-02
-5.250000e-01	1.814192e-02
-5.225000e-01	1.852213e-02
-5.200000e-01	1.962874e-02
-5.175000e-01	2.082342e-02
-5.150000e-01	2.108368e-02
-5.125000e-01	1.979185e-02
-5.100000e-01	1.739776e-02
-5.075000e-01	1.481865e-02
-5.050000e-01	1.262989e-02
-5.025000e-01	1.098519e-02
-5.000000e-01	9.841781e-03
-4.975000e-01	9.114700e-03
-4.950000e-01	8.735122e-03
-4.925000e-01	8.664722e-03
-4.900000e-01	8.896392e-03
-4.875000e-01	9.450823e-03
-4.850000e-01	1.036546e-02
-4.825000e-01	1.165820e-02
-4.800000e-01	1.323439e-02
-4.775000e-01	1.474962e-02
-4.750000e-01	1.564896e-02
-4.725000e-01	1.564717e-02
-4.700000e-01	1.510526e-02
-4.675000e-01	1.464946e-02
-4.650000e-01	1.470801e-02
-4.625000e-01	1.549038e-02
-4.600000e-01	1.713494e-02
-4.575000e-01	1.979872e-02
-4.550000e-01	2.364335e-02
-4.525000e-01	2.865885e-02
-4.500000e-01	3.422351e-02
-4.475000e-01	3.860607e-02
-4.450000e-01	3.954778e-02
-4.425000e-01	3.644166e-02
-4.400000e-01	3.107709e-02
-4.375000e-01	2.560793e-02
-4.350000e-01	2.111264e-02
-4.325000e-01	1.779222e-02
-4.300000e-01	1.550868e-02
-4.275000e-01	1.407701e-02
-4.250000e-01	1.336311e-02
-4.225000e-01	1.330214e-02
-4.200000e-01	1.388790e-02
-4.175000e-01	1.513297e-02
-4.150000e-01	1.696017e-02
-4.125000e-01	1.898456e-02
-4.100000e-01	2.034630e-02
-4.075000e-01	2.014060e-02
-4.050000e-01	1.836071e-02
-4.025000e-01	1.589223e-02
-4.000000e-01	1.356693e-02
-3.975000e-01	1.173503e-02
-3.950000e-01	1.043006e-02
-3.925000e-01	9.580881e-03
-3.900000e-01	9.112044e-03
-3.875000e-01	8.974952e-03
-3.850000e-01	9.153954e-03
-3.825000e-01	9.666550e-03
-3.800000e-01	1.056183e-02
-3.775000e-01	1.191072e-02
-3.750000e-01	1.376546e-02
-3.725000e-01	1.604300e-02
-3.700000e-01	1.831945e-02
-3.675000e-01	1.978262e-02
-3.650000e-01	1.982414e-02
-3.625000e-01	1.877674e-02
-3.600000e-01	1.756187e-02
-3.575000e-01	1.688813e-02
-3.550000e-01	1.707749e-02
-3.525000e-01	1.824913e-02
-3.500000e-01	2.041567e-02
-3.475000e-01	2.335996e-02
-3.450000e-01	2.632583e-02
-3.425000e-01	2.796720e-02
-3.400000e-01	2.731494e-02
-3.375000e-01	2.489802e-02
-3.350000e-01	2.211541e-02
-3.325000e-01	1.997862e-02
-3.300000e-01	1.885318e-02
-3.275000e-01	1.871925e-02
-3.250000e-01	1.929149e-02
-3.225000e-01	1.997117e-02
-3.200000e-01	2.003202e-02
-3.175000e-01	1.925729e-02
-3.150000e-01	1.817676e-02
-3.125000e-01	1.747868e-02
-3.100000e-01	1.756563e-02
-3.075000e-01	1.855990e-02
-3.050000e-01	2.032619e-02
-3.025000e-01	2.230435e-02
-3.000000e-01	2.342945e-02
-2.975000e-01	2.279236e-02
-2.950000e-01	2.061989e-02
-2.925000e-01	1.796563e-02
-2.900000e-01	1.566722e-02
-2.875000e-01	1.404388e-02
-2.850000e-01	1.312848e-02
-2.825000e-01	1.288167e-02
-2.800000e-01	1.327696e-02
-2.775000e-01	1.429393e-02
-2.750000e-01	1.582362e-02
-2.725000e-01	1.748077e-02
-2.700000e-01	1.851263e-02
-2.675000e-01	1.825903e-02
-2.650000e-01	1.687784e-02
-2.625000e-01	1.514834e-02
-2.600000e-01	1.370697e-02
-2.575000e-01	1.281137e-02
-2.550000e-01	1.250460e-02
-2.525000e-01	1.276417e-02
-2.500000e-01	1.353747e-02
-2.475000e-01	1.468633e-02
-2.450000e-01	1.592102e-02
-2.425000e-01	1.693642e-02
-2.400000e-01	1.777851e-02
-2.375000e-01	1.890544e-02
-2.350000e-01	2.083692e-02
-2.325000e-01	2.392117e-02
-2.300000e-01	2.822908e-02
-2.275000e-01	3.324609e-02
-2.250000e-01	3.741606e-02
-2.225000e-01	3.854480e-02
-2.200000e-01	3.580025e-02
-2.175000e-01	3.070706e-02
-2.150000e-01	2.535904e-02
-2.125000e-01	2.088046e-02
-2.100000e-01	1.751028e-02
-2.075000e-01	1.512176e-02
-2.050000e-01	1.352326e-02
-2.025000e-01	1.256208e-02
-2.000000e-01	1.214565e-02
-1.975000e-01	1.223683e-02
-1.950000e-01	1.283717e-02
-1.925000e-01	1.394403e-02
-1.900000e-01	1.544569e-02
-1.875000e-01	1.695285e-02
-1.850000e-01	1.779030e-02
-1.825000e-01	1.751072e-02
-1.800000e-01	1.642918e-02
-1.775000e-01	1.526260e-02
-1.750000e-01	1.451706e-02
-1.725000e-01	1.438959e-02
-1.700000e-01	1.491278e-02
-1.675000e-01	1.602755e-02
-1.650000e-01	1.756392e-02
-1.625000e-01	1.929453e-02
-1.600000e-01	2.120318e-02
-1.575000e-01	2.362047e-02
-1.550000e-01	2.684459e-02
-1.525000e-01	3.055519e-02
-1.500000e-01	3.344474e-02
-1.475000e-01	3.380359e-02
-1.450000e-01	3.124651e-02
-1.425000e-01	2.718180e-02
-1.400000e-01	2.322442e-02
-1.375000e-01	2.016892e-02
-1.350000e-01	1.817742e-02
-1.325000e-01	1.718728e-02
-1.300000e-01	1.712365e-02
-1.275000e-01	1.795451e-02
-1.250000e-01	1.964144e-02
-1.225000e-01	2.196653e-02
-1.200000e-01	2.425062e-02
-1.175000e-01	2.534801e-02
-1.150000e-01	2.451078e-02
-1.125000e-01	2.225401e-02
-1.100000e-01	1.972932e-02
-1.075000e-01	1.771708e-02
-1.050000e-01	1.648353e-02
-1.025000e-01	1.604828e-02
-1.000000e-01	1.636797e-02
-9.750000e-02	1.737125e-02
-9.500000e-02	1.889831e-02
-9.250000e-02	2.066428e-02
-9.000000e-02	2.241793e-02
-8.750000e-02	2.409567e-02
-8.500000e-02	2.560177e-02
-8.250000e-02	2.677404e-02
-8.000000e-02	2.785495e-02
-7.750000e-02	2.944316e-02
-7.500000e-02	3.173135e-02
-7.250000e-02	3.391743e-02
-7.000000e-02	3.444681e-02
-6.750000e-02	3.246297e-02
-6.500000e-02	2.883120e-02
-6.250000e-02	2.506309e-02
-6.000000e-02	2.206871e-02
-5.750000e-02	2.009937e-02
-5.500000e-02	1.912065e-02
-5.250000e-02	1.904597e-02
-5.000000e-02	1.979840e-02
-4.750000e-02	2.126639e-02
-4.500000e-02	2.322934e-02
-4.250000e-02	2.543784e-02
-4.000000e-02	2.790850e-02
-3.750000e-02	3.090023e-02
-3.500000e-02	3.428654e-02
-3.250000e-02	3.703695e-02
-3.000000e-02	3.778373e-02
-2.750000e-02	3.638122e-02
-2.500000e-02	3.418037e-02
-2.250000e-02	3.258654e-02
-2.000000e-02	3.218093e-02
-1.750000e-02	3.280412e-02
-1.500000e-02	3.393848e-02
-1.250000e-02	3.531950e-02
-1.000000e-02	3.732160e-02
-7.500000e-03	4.055621e-02
-5.000000e-03	4.532189e-02
-2.500000e-03	5.157643e-02
-6.394885e-14	5.948241e-02
2.500000e-03	6.987018e-02
5.000000e-03	8.355122e-02
7.500000e-03	9.959608e-02
1.000000e-02	1.135302e-01
1.250000e-02	1.181794e-01
1.500000e-02	1.099492e-01
1.750000e-02	9.312710e-02
2.000000e-02	7.471744e-02
2.250000e-02	5.879880e-02
2.500000e-02	4.635137e-02
2.750000e-02	3.697130e-02
3.000000e-02	2.994895e-02
3.250000e-02	2.465275e-02
3.500000e-02	2.060502e-02
3.750000e-02	1.746385e-02
4.000000e-02	1.498830e-02
4.250000e-02	1.300834e-02
4.500000e-02	1.140286e-02
4.750000e-02	1.008453e-02
5.000000e-02	8.989465e-03
5.250000e-02	8.070286e-03
5.500000e-02	7.291361e-03
5.750000e-02	6.625540e-03
6.000000e-02	6.051879e-03
6.250000e-02	5.554036e-03
6.500000e-02	5.119117e-03
6.750000e-02	4.736850e-03
7.000000e-02	4.398972e-03
7.250000e-02	4.098781e-03
7.500000e-02	3.830792e-03
7.750000e-02	3.590487e-03
8.000000e-02	3.374115e-03
8.250000e-02	3.178542e-03
8.500000e-02	3.001133e-03
8.750000e-02	2.839659e-03
9.000000e-02	2.692227e-03
9.250000e-02	2.557217e-03
9.500000e-02	2.433239e-03
9.750000e-02	2.319094e-03
1.000000e-01	2.213741e-03
1.025000e-01	2.116276e-03
1.050000e-01	2.025911e-03
1.075000e-01	1.941952e-03
1.100000e-01	1.863791e-03
1.125000e-01	1.790890e-03
1.150000e-01	1.722773e-03
1.175000e-01	1.659018e-03
1.200000e-01	1.599249e-03
1.225000e-01	1.543129e-03
1.250000e-01	1.490358e-03
1.275000e-01	1.440666e-03
1.300000e-01	1.393809e-03
1.325000e-01	1.349569e-03
1.350000e-01	1.307748e-03
1.375000e-01	1.268166e-03
1.400000e-01	1.230660e-03
1.425000e-01	1.195084e-03
1.450000e-01	1.161301e-03
1.475000e-01	1.129188e-03
1.500000e-01	1.098635e-03
1.525000e-01	1.069536e-03
1.550000e-01	1.041798e-03
1.575000e-01	1.015335e-03
1.600000e-01	9.900651e-04
1.625000e-01	9.659162e-04
1.650000e-01	9.428201e-04
1.675000e-01	9.207141e-04
1.700000e-01	8.995401e-04
1.725000e-01	8.792443e-04
1.750000e-01	8.597770e-04
1.775000e-01	8.410918e-04
1.800000e-01	8.231457e-04
1.825000e-01	8.058986e-04
1.850000e-01	7.893133e-04
1.875000e-01	7.733549e-04
1.900000e-01	7.579910e-04
1.925000e-01	7.431911e-04
1.950000e-01	7.289269e-04
1.975000e-01	7.151718e-04
2.000000e-01	7.019007e-04
2.025000e-01	6.890904e-04
2.050000e-01	6.767189e-04
2.075000e-01	6.647655e-04
2.100000e-01	6.532108e-04
2.125000e-01	6.420366e-04
2.150000e-01	6.312257e-04
2.175000e-01	6.207618e-04
2.200000e-01	6.106296e-04
2.225000e-01	6.008147e-04
2.250000e-01	5.913034e-04
2.275000e-01	5.820828e-04
2.300000e-01	5.731408e-04
2.325000e-01	5.644657e-04
2.350000e-01	5.560467e-04
2.375000e-01	5.478733e-04
2.400000e-01	5.399357e-04
2.425000e-01	5.322245e-04
2.450000e-01	5.247310e-04
2.475000e-01	5.174466e-04
2.500000e-01	5.103634e-04
2.525000e-01	5.034737e-04
2.550000e-01	4.967702e-04
2.575000e-01	4.902462e-04
2.600000e-01	4.838949e-04
2.625000e-01	4.777102e-04
2.650000e-01	4.716860e-04
2.675000e-01	4.658167e-04
2.700000e-01	4.600968e-04
2.725000e-01	4.545210e-04
2.750000e-01	4.490845e-04
2.775000e-01	4.437824e-04
2.800000e-01	4.386103e-04
2.825000e-01	4.335637e-04
2.850000e-01	4.286386e-04
2.875000e-01	4.238309e-04
2.900000e-01	4.191368e-04
2.925000e-01	4.145526e-04
2.950000e-01	4.100750e-04
2.975000e-01	4.057004e-04
3.000000e-01	4.014257e-04
3.025000e-01	3.972477e-04
3.050000e-01	3.931635e-04
3.075000e-01	3.891703e-04
3.100000e-01	3.852653e-04
3.125000e-01	3.814459e-04
3.150000e-01	3.777095e-04
3.175000e-01	3.740536e-04
3.200000e-01	3.704760e-04
3.225000e-01	3.669744e-04
3.250000e-01	3.635466e-04
3.275000e-01	3.601906e-04
3.300000e-01	3.569042e-04
3.325000e-01	3.536856e-04
3.350000e-01	3.505329e-04
3.375000e-01	3.474442e-04
3.400000e-01	3.444179e-04
3.425000e-01	3.414523e-04
3.450000e-01	3.385457e-04
3.475000e-01	3.356966e-04
3.500000e-01	3.329034e-04
3.525000e-01	3.301647e-04
3.550000e-01	3.274792e-04
3.575000e-01	3.248454e-04
3.600000e-01	3.222620e-04
3.625000e-01	3.197277e-04
3.650000e-01	3.172414e-04
3.675000e-01	3.148017e-04
3.700000e-01	3.124077e-04
3.725000e-01	3.100581e-04
3.750000e-01	3.077519e-04
3.775000e-01	3.054880e-04
3.800000e-01	3.032655e-04
3.825000e-01	3.010833e-04
3.850000e-01	2.989405e-04
3.875000e-01	2.968362e-04
3.900000e-01	2.947694e-04
3.925000e-01	2.927394e-04
3.950000e-01	2.907453e-04
3.975000e-01	2.887863e-04
4.000000e-01	2.868615e-04
4.025000e-01	2.849703e-04
4.050000e-01	2.831119e-04
4.075000e-01	2.812855e-04
4.100000e-01	2.794905e-04
4.125000e-01	2.777262e-04
4.150000e-01	2.759919e-04
4.175000e-01	2.742871e-04
4.200000e-01	2.726109e-04
4.225000e-01	2.709630e-04
4.250000e-01	2.693427e-04
4.275000e-01	2.677493e-04
4.300000e-01	2.661825e-04
4.325000e-01	2.646415e-04
4.350000e-01	2.631260e-04
4.375000e-01	2.616354e-04
4.400000e-01	2.601691e-04
4.425000e-01	2.587268e-04
4.450000e-01	2.573079e-04
4.475000e-01	2.559120e-04
4.500000e-01	2.545387e-04
4.525000e-01	2.531875e-04
4.550000e-01	2.518580e-04
4.575000e-01	2.505498e-04
4.600000e-01	2.492625e-04
4.625000e-01	2.479957e-04
4.650000e-01	2.467490e-04
4.675000e-01	2.455221e-04
4.700000e-01	2.443146e-04
4.725000e-01	2.431261e-04
4.750000e-01	2.419564e-04
4.775000e-01	2.408051e-04
4.800000e-01	2.396718e-04
4.825000e-01	2.385563e-04
4.850000e-01	2.374582e-04
4.875000e-01	2.363772e-04
4.900000e-01	2.353132e-04
4.925000e-01	2.342657e-04
4.950000e-01	2.332345e-04
4.975000e-01	2.322193e-04
5.000000e-01	2.312199e-04
5.025000e-01	2.302360e-04
5.050000e-01	2.292673e-04
5.075000e-01	2.283137e-04
5.100000e-01	2.273748e-04
5.125000e-01	2.264505e-04
5.150000e-01	2.255405e-04
5.175000e-01	2.246446e-04
5.200000e-01	2.237625e-04
5.225000e-01	2.228942e-04
5.250000e-01	2.220393e-04
5.275000e-01	2.211977e-04
5.300000e-01	2.203691e-04
5.325000e-01	2.195534e-04
5.350000e-01	2.187504e-04
5.375000e-01	2.179600e-04
5.400000e-01	2.171818e-04
5.425000e-01	2.164158e-04
5.450000e-01	2.156619e-04
5.475000e-01	2.149197e-04
5.500000e-01	2.141892e-04
5.525000e-01	2.134702e-04
5.550000e-01	2.127626e-04
5.575000e-01	2.120662e-04
5.600000e-01	2.113809e-04
5.625000e-01	2.107064e-04
5.650000e-01	2.100428e-04
5.675000e-01	2.093898e-04
5.700000e-01	2.087473e-04
5.725000e-01	2.081152e-04
5.750000e-01	2.074934e-04
5.775000e-01	2.068817e-04
5.800000e-01	2.062800e-04
5.825000e-01	2.056882e-04
5.850000e-01	2.051063e-04
5.875000e-01	2.045340e-04
5.900000e-01	2.039712e-04
5.925000e-01	2.034180e-04
5.950000e-01	2.028740e-04
5.975000e-01	2.023394e-04
6.000000e-01	2.018139e-04
6.025000e-01	2.012975e-04
6.050000e-01	2.007901e-04
6.075000e-01	2.002916e-04
6.100000e-01	1.998018e-04
6.125000e-01	1.993208e-04
6.150000e-01	1.988484e-04
6.175000e-01	1.983846e-04
6.200000e-01	1.979292e-04
6.225000e-01	1.974823e-04
6.250000e-01	1.970437e-04
6.275000e-01	1.966133e-04
6.300000e-01	1.961911e-04
6.325000e-01	1.957770e-04
6.350000e-01	1.953710e-04
6.375000e-01	1.949730e-04
6.400000e-01	1.945829e-04
6.425000e-01	1.942006e-04
6.450000e-01	1.938262e-04
6.475000e-01	1.934595e-04
6.500000e-01	1.931006e-04
6.525000e-01	1.927493e-04
6.550000e-01	1.924055e-04
6.575000e-01	1.920694e-04
6.600000e-01	1.917407e-04
6.625000e-01	1.914195e-04
6.650000e-01	1.911058e-04
6.675000e-01	1.907994e-04
6.700000e-01	1.905003e-04
6.725000e-01	1.902086e-04
6.750000e-01	1.899241e-04
6.775000e-01	1.896469e-04
6.800000e-01	1.893768e-04
6.825000e-01	1.891139e-04
6.850000e-01	1.888582e-04
6.875000e-01	1.886096e-04
6.900000e-01	1.883681e-04
6.925000e-01	1.881337e-04
6.950000e-01	1.879063e-04
6.975000e-01	1.876860e-04
7.000000e-01	1.874726e-04
7.025000e-01	1.872663e-04
7.050000e-01	1.870669e-04
7.075000e-01	1.868745e-04
7.100000e-01	1.866891e-04
7.125000e-01	1.865106e-04
7.150000e-01	1.863391e-04
7.175000e-01	1.861745e-04
7.200000e-01	1.860168e-04
7.225000e-01	1.858661e-04
7.250000e-01	1.857223e-04
7.275000e-01	1.855855e-04
7.300000e-01	1.854555e-04
7.325000e-01	1.853326e-04
7.350000e-01	1.852165e-04
7.375000e-01	1.851075e-04
7.400000e-01	1.850054e-04
7.425000e-01	1.849103e-04
7.450000e-01	1.848222e-04
7.475000e-01	1.847411e-04
7.500000e-01	1.846670e-04
7.525000e-01	1.846000e-04
7.550000e-01	1.845401e-04
7.575000e-01	1.844873e-04
7.600000e-01	1.844417e-04
7.625000e-01	1.844032e-04
7.650000e-01	1.843718e-04
7.675000e-01	1.843478e-04
7.700000e-01	1.843310e-04
7.725000e-01	1.843215e-04
7.750000e-01	1.843194e-04
7.775000e-01	1.843246e-04
7.800000e-01	1.843373e-04
7.825000e-01	1.843575e-04
7.850000e-01	1.843853e-04
7.875000e-01	1.844206e-04
7.900000e-01	1.844636e-04
7.925000e-01	1.845144e-04
7.950000e-01	1.845729e-04
7.975000e-01	1.846393e-04
8.000000e-01	1.847136e-04
8.025000e-01	1.847958e-04
8.050000e-01	1.848862e-04
8.075000e-01	1.849847e-04
8.100000e-01	1.850915e-04
8.125000e-01	1.852066e-04
8.150000e-01	1.853301e-04
8.175000e-01	1.854622e-04
8.200000e-01	1.856028e-04
8.225000e-01	1.857522e-04
8.250000e-01	1.859104e-04
8.275000e-01	1.860776e-04
8.300000e-01	1.862538e-04
8.325000e-01	1.864392e-04
8.350000e-01	1.866339e-04
8.375000e-01	1.868381e-04
8.400000e-01	1.870519e-04
8.425000e-01	1.872754e-04
8.450000e-01	1.875087e-04
8.475000e-01	1.877522e-04
8.500000e-01	1.880058e-04
8.525000e-01	1.882698e-04
8.550000e-01	1.885444e-04
8.575000e-01	1.888297e-04
8.600000e-01	1.891259e-04
8.625000e-01	1.894333e-04
8.650000e-01	1.897520e-04
8.675000e-01	1.900823e-04
8.700000e-01	1.904244e-04
8.725000e-01	1.907785e-04
8.750000e-01	1.911448e-04
8.775000e-01	1.915237e-04
8.800000e-01	1.919154e-04
8.825000e-01	1.923202e-04
8.850000e-01	1.927384e-04
8.875000e-01	1.931702e-04
8.900000e-01	1.936160e-04
8.925000e-01	1.940762e-04
8.950000e-01	1.945510e-04
8.975000e-01	1.950409e-04
9.000000e-01	1.955463e-04
9.025000e-01	1.960674e-04
9.050000e-01	1.966048e-04
9.075000e-01	1.971589e-04
9.100000e-01	1.977302e-04
9.125000e-01	1.983190e-04
9.150000e-01	1.989261e-04
9.175000e-01	1.995517e-04
9.200000e-01	2.001967e-04
9.225000e-01	2.008614e-04
9.250000e-01	2.015466e-04
9.275000e-01	2.022528e-04
9.300000e-01	2.029809e-04
9.325000e-01	2.037314e-04
9.350000e-01	2.045052e-04
9.375000e-01	2.053030e-04
9.400000e-01	2.061258e-04
9.425000e-01	2.069744e-04
9.450000e-01	2.078497e-04
9.475000e-01	2.087528e-04
9.500000e-01	2.096848e-04
9.525000e-01	2.106467e-04
9.550000e-01	2.116399e-04
9.575000e-01	2.126655e-04
9.600000e-01	2.137249e-04
9.625000e-01	2.148197e-04
9.650000e-01	2.159513e-04
9.675000e-01	2.171214e-04
9.700000e-01	2.183318e-04
9.725000e-01	2.195843e-04
9.750000e-01	2.208812e-04
9.775000e-01	2.222244e-04
9.800000e-01	2.236165e-04
9.825000e-01	2.250599e-04
9.850000e-01	2.265573e-04
9.875000e-01	2.281118e-04
9.900000e-01	2.297266e-04
9.925000e-01	2.314051e-04
9.950000e-01	2.331512e-04
9.975000e-01	2.349689e-04
1.000000e+00	2.368627e-04
1.002500e+00	2.388377e-04
1.005000e+00	2.408991e-04
1.007500e+00	2.430530e-04
1.010000e+00	2.453058e-04
1.012500e+00	2.476648e-04
1.015000e+00	2.501379e-04
1.017500e+00	2.527341e-04
1.020000e+00	2.554632e-04
1.022500e+00	2.583362e-04
1.025000e+00	2.613657e-04
1.027500e+00	2.645654e-04
1.030000e+00	2.679513e-04
1.032500e+00	2.715411e-04
1.035000e+00	2.753553e-04
1.037500e+00	2.794173e-04
1.040000e+00	2.837538e-04
1.042500e+00	2.883959e-04
1.045000e+00	2.933798e-04
1.047500e+00	2.987478e-04
1.050000e+00	3.045496e-04
1.052500e+00	3.108442e-04
1.055000e+00	3.177025e-04
1.057500e+00	3.252093e-04
1.060000e+00	3.334682e-04
1.062500e+00	3.426061e-04
1.065000e+00	3.527807e-04
1.067500e+00	3.641897e-04
1.070000e+00	3.770843e-04
1.072500e+00	3.917876e-04
1.075000e+00	4.087217e-04
1.077500e+00	4.284457e-04
1.080000e+00	4.517108e-04
1.082500e+00	4.795403e-04
1.085000e+00	5.133411e-04
1.087500e+00	5.550474e-04
1.090000e+00	6.072630e-04
1.092500e+00	6.732610e-04
1.095000e+00	7.564483e-04
1.097500e+00	8.586353e-04
1.100000e+00	9.771550e-04
1.102500e+00	1.103509e-03
1.105000e+00	1.227017e-03
1.107500e+00	1.341321e-03
1.110000e+00	1.443743e-03
1.112500e+00	1.530561e-03
1.115000e+00	1.606084e-03
1.117500e+00	1.680033e-03
1.120000e+00	1.746398e-03
1.122500e+00	1.794493e-03
1.125000e+00	1.836301e-03
1.127500e+00	1.887462e-03
1.130000e+00	1.936638e-03
1.132500e+00	1.967044e-03
1.135000e+00	1.992624e-03
1.137500e+00	2.035628e-03
1.140000e+00	2.083233e-03
1.142500e+00	2.100172e-03
1.145000e+00	2.086366e-03
1.147500e+00	2.086588e-03
1.150000e+00	2.136291e-03
1.152500e+00	2.220849e-03
1.155000e+00	2.278917e-03
1.157500e+00	2.259717e-03
1.160000e+00	2.186744e-03
1.162500e+00	2.131447e-03
1.165000e+00	2.146069e-03
1.167500e+00	2.238148e-03
1.170000e+00	2.366119e-03
1.172500e+00	2.446680e-03
1.175000e+00	2.415256e-03
1.177500e+00	2.298454e-03
1.180000e+00	2.182038e-03
1.182500e+00	2.132518e-03
1.185000e+00	2.175026e-03
1.187500e+00	2.299896e-03
1.190000e+00	2.456689e-03
1.192500e+00	2.553908e-03
1.195000e+00	2.519669e-03
1.197500e+00	2.380756e-03
1.200000e+00	2.229791e-03
1.202500e+00	2.139508e-03
1.205000e+00	2.139742e-03
1.207500e+00	2.230593e-03
1.210000e+00	2.383193e-03
1.212500e+00	2.527209e-03
1.215000e+00	2.571633e-03
1.217500e+00	2.487087e-03
1.220000e+00	2.340474e-03
1.222500e+00	2.219972e-03
1.225000e+00	2.175546e-03
1.227500e+00	2.221049e-03
1.230000e+00	2.345032e-03
1.232500e+00	2.503952e-03
1.235000e+00	2.619297e-03
1.237500e+00	2.627874e-03
1.240000e+00	2.552129e-03
1.242500e+00	2.475198e-03
1.245000e+00	2.466104e-03
1.247500e+00	2.558969e-03
1.250000e+00	2.766167e-03
1.252500e+00	3.079978e-03
1.255000e+00	3.448991e-03
1.257500e+00	3.752892e-03
1.260000e+00	3.857041e-03
1.262500e+00	3.753221e-03
1.265000e+00	3.576852e-03
1.267500e+00	3.470572e-03
1.270000e+00	3.511408e-03
1.272500e+00	3.728505e-03
1.275000e+00	4.121916e-03
1.277500e+00	4.642171e-03
1.280000e+00	5.141653e-03
1.282500e+00	5.393198e-03
1.285000e+00	5.280428e-03
1.287500e+00	4.940604e-03
1.290000e+00	4.609829e-03
1.292500e+00	4.441348e-03
1.295000e+00	4.495171e-03
1.297500e+00	4.785168e-03
1.300000e+00	5.289164e-03
1.302500e+00	5.905816e-03
1.305000e+00	6.405433e-03
1.307500e+00	6.527609e-03
1.310000e+00	6.245111e-03
1.312500e+00	5.803107e-03
1.315000e+00	5.463495e-03
1.317500e+00	5.363422e-03
1.320000e+00	5.548641e-03
1.322500e+00	6.016813e-03
1.325000e+00	6.697968e-03
1.327500e+00	7.384185e-03
1.330000e+00	7.737876e-03
1.332500e+00	7.552362e-03
1.335000e+00	6.994150e-03
1.337500e+00	6.407711e-03
1.340000e+00	6.028523e-03
1.342500e+00	5.949575e-03
1.345000e+00	6.197589e-03
1.347500e+00	6.772581e-03
1.350000e+00	7.619003e-03
1.352500e+00	8.534809e-03
1.355000e+00	9.126624e-03
1.357500e+00	9.052256e-03
1.360000e+00	8.399741e-03
1.362500e+00	7.582798e-03
1.365000e+00	6.942197e-03
1.367500e+00	6.624380e-03
1.370000e+00	6.667598e-03
1.372500e+00	7.075721e-03
1.375000e+00	7.820572e-03
1.377500e+00	8.770740e-03
1.380000e+00	9.595447e-03
1.382500e+00	9.857823e-03
1.385000e+00	9.421351e-03
1.387500e+00	8.620285e-03
1.390000e+00	7.888625e-03
1.392500e+00	7.471421e-03
1.395000e+00	7.451728e-03
1.397500e+00	7.842916e-03
1.400000e+00	8.606692e-03
1.402500e+00	9.580226e-03
1.405000e+00	1.038153e-02
1.407500e+00	1.054337e-02
1.410000e+00	9.962193e-03
1.412500e+00	9.023354e-03
1.415000e+00	8.176324e-03
1.417500e+00	7.657760e-03
1.420000e+00	7.541473e-03
1.422500e+00	7.844277e-03
1.425000e+00	8.564154e-03
1.427500e+00	9.637584e-03
1.430000e+00	1.082019e-02
1.432500e+00	1.161185e-02
1.435000e+00	1.153951e-02
1.437500e+00	1.066828e-02
1.440000e+00	9.522205e-03
1.442500e+00	8.558550e-03
1.445000e+00	7.976419e-03
1.447500e+00	7.823253e-03
1.450000e+00	8.104663e-03
1.452500e+00	8.817004e-03
1.455000e+00	9.903034e-03
1.457500e+00	1.113047e-02
1.460000e+00	1.199918e-02
1.462500e+00	1.199560e-02
1.465000e+00	1.113291e-02
1.467500e+00	9.935075e-03
1.470000e+00	8.893637e-03
1.472500e+00	8.231933e-03
1.475000e+00	8.004817e-03
1.477500e+00	8.220001e-03
1.480000e+00	8.885692e-03
1.482500e+00	9.988668e-03
1.485000e+00	1.139292e-02
1.487500e+00	1.268440e-02
1.490000e+00	1.321390e-02
1.492500e+00	1.263250e-02
1.495000e+00	1.130473e-02
1.497500e+00	9.873569e-03
1.500000e+00	8.736886e-03
1.502500e+00	8.016812e-03
1.505000e+00	7.716166e-03
1.507500e+00	7.822028e-03
1.510000e+00	8.343025e-03
1.512500e+00	9.305571e-03
1.515000e+00	1.070382e-02
1.517500e+00	1.237137e-02
1.520000e+00	1.381073e-02
1.522500e+00	1.429571e-02
1.525000e+00	1.351717e-02
1.527500e+00	1.195739e-02
1.530000e+00	1.032673e-02
1.532500e+00	9.028371e-03
1.535000e+00	8.169336e-03
1.537500e+00	7.735911e-03
1.540000e+00	7.700442e-03
1.542500e+00	8.060194e-03
1.545000e+00	8.841775e-03
1.547500e+00	1.007626e-02
1.550000e+00	1.171759e-02
1.552500e+00	1.347471e-02
1.555000e+00	1.468647e-02
1.557500e+00	1.466455e-02
1.560000e+00	1.342362e-02
1.562500e+00	1.166262e-02
1.565000e+00	1.003103e-02
1.567500e+00	8.807089e-03
1.570000e+00	8.030030e-03
1.572500e+00	7.665326e-03
1.575000e+00	7.683908e-03
1.577500e+00	8.087498e-03
1.580000e+00	8.909760e-03
1.582500e+00	1.019423e-02
1.585000e+00	1.192026e-02
1.587500e+00	1.383756e-02
1.590000e+00	1.529933e-02
1.592500e+00	1.551767e-02
1.595000e+00	1.434858e-02
1.597500e+00	1.246921e-02
1.600000e+00	1.062657e-02
1.602500e+00	9.178230e-03
1.605000e+00	8.188758e-03
1.607500e+00	7.617829e-03
1.610000e+00	7.418522e-03
1.612500e+00	7.570944e-03
1.615000e+00	8.089992e-03
1.617500e+00	9.021352e-03
1.620000e+00	1.041727e-02
1.622500e+00	1.225830e-02
1.625000e+00	1.427974e-02
1.627500e+00	1.580252e-02
1.630000e+00	1.601520e-02
1.632500e+00	1.479287e-02
1.635000e+00	1.285382e-02
1.637500e+00	1.097074e-02
1.640000e+00	9.509748e-03
1.642500e+00	8.538402e-03
1.645000e+00	8.019695e-03
1.647500e+00	7.909779e-03
1.650000e+00	8.182434e-03
1.652500e+00	8.808593e-03
1.655000e+00	9.692024e-03
1.657500e+00	1.059222e-02
1.660000e+00	1.119777e-02
1.662500e+00	1.144452e-02
1.665000e+00	1.164374e-02
1.667500e+00	1.216313e-02
1.670000e+00	1.311327e-02
1.672500e+00	1.420852e-02
1.675000e+00	1.478528e-02
1.677500e+00	1.427215e-02
1.680000e+00	1.281707e-02
1.682500e+00	1.107687e-02
1.685000e+00	9.562586e-03
1.687500e+00	8.458576e-03
1.690000e+00	7.770104e-03
1.692500e+00	7.457157e-03
1.695000e+00	7.492813e-03
1.697500e+00	7.881357e-03
1.700000e+00	8.660712e-03
1.702500e+00	9.891285e-03
1.705000e+00	1.160980e-02
1.707500e+00	1.370163e-02
1.710000e+00	1.568637e-02
1.712500e+00	1.669543e-02
1.715000e+00	1.611933e-02
1.717500e+00	1.431780e-02
1.720000e+00	1.218075e-02
1.722500e+00	1.032229e-02
1.725000e+00	8.940028e-03
1.727500e+00	8.022016e-03
1.730000e+00	7.505595e-03
1.732500e+00	7.341753e-03
1.735000e+00	7.513360e-03
1.737500e+00	8.037717e-03
1.740000e+00	8.960793e-03
1.742500e+00	1.033166e-02
1.745000e+00	1.212277e-02
1.747500e+00	1.405971e-02
1.750000e+00	1.547672e-02
1.752500e+00	1.563554e-02
1.755000e+00	1.450040e-02
1.757500e+00	1.279501e-02
1.760000e+00	1.124015e-02
1.762500e+00	1.017152e-02
1.765000e+00	9.657461e-03
1.767500e+00	9.653892e-03
1.770000e+00	1.003121e-02
1.772500e+00	1.051018e-02
1.775000e+00	1.068252e-02
1.777500e+00	1.031313e-02
1.780000e+00	9.595203e-03
1.782500e+00	8.911106e-03
1.785000e+00	8.518245e-03
1.787500e+00	8.523455e-03
1.790000e+00	8.974915e-03
1.792500e+00	9.918675e-03
1.795000e+00	1.139168e-02
1.797500e+00	1.332967e-02
1.800000e+00	1.536792e-02
1.802500e+00	1.670744e-02
1.805000e+00	1.655502e-02
1.807500e+00	1.497452e-02
1.810000e+00	1.280189e-02
1.812500e+00	1.077683e-02
1.815000e+00	9.198163e-03
1.817500e+00	8.089196e-03
1.820000e+00	7.386178e-03
1.822500e+00	7.025041e-03
1.825000e+00	6.967982e-03
1.827500e+00	7.208893e-03
1.830000e+00	7.773535e-03
1.832500e+00	8.716163e-03
1.835000e+00	1.010183e-02
1.837500e+00	1.194355e-02
1.840000e+00	1.404786e-02
1.842500e+00	1.581882e-02
1.845000e+00	1.640918e-02
1.847500e+00	1.550377e-02
1.850000e+00	1.371489e-02
1.852500e+00	1.188522e-02
1.855000e+00	1.048405e-02
1.857500e+00	9.639649e-03
1.860000e+00	9.338053e-03
1.862500e+00	9.517328e-03
1.865000e+00	1.004372e-02
1.867500e+00	1.062292e-02
1.870000e+00	1.082392e-02
1.872500e+00	1.041039e-02
1.875000e+00	9.602553e-03
1.877500e+00	8.807621e-03
1.880000e+00	8.289174e-03
1.882500e+00	8.146845e-03
1.885000e+00	8.416164e-03
1.887500e+00	9.133446e-03
1.890000e+00	1.034805e-02
1.892500e+00	1.207597e-02
1.895000e+00	1.415857e-02
1.897500e+00	1.604602e-02
1.900000e+00	1.684128e-02
1.902500e+00	1.603226e-02
1.905000e+00	1.409904e-02
1.907500e+00	1.193486e-02
1.910000e+00	1.009597e-02
1.912500e+00	8.739315e-03
1.915000e+00	7.837554e-03
1.917500e+00	7.324612e-03
1.920000e+00	7.151339e-03
1.922500e+00	7.300149e-03
1.925000e+00	7.785771e-03
1.927500e+00	8.647093e-03
1.930000e+00	9.916487e-03
1.932500e+00	1.153263e-02
1.935000e+00	1.317907e-02
1.937500e+00	1.421713e-02
1.940000e+00	1.410483e-02
1.942500e+00	1.301790e-02
1.945000e+00	1.165195e-02
1.947500e+00	1.056576e-02
1.950000e+00	9.993715e-03
1.952500e+00	9.987191e-03
1.955000e+00	1.052198e-02
1.957500e+00	1.147605e-02
1.960000e+00	1.250564e-02
1.962500e+00	1.301772e-02
1.965000e+00	1.257090e-02
1.967500e+00	1.135978e-02
1.970000e+00	9.960707e-03
1.972500e+00	8.791308e-03
1.975000e+00	7.998232e-03
1.977500e+00	7.591114e-03
1.980000e+00	7.551755e-03
1.982500e+00	7.880397e-03
1.985000e+00	8.607793e-03
1.987500e+00	9.785079e-03
1.990000e+00	1.143400e-02
1.992500e+00	1.341443e-02
1.995000e+00	1.522117e-02
1.997500e+00	1.601817e-02
2.000000e+00	1.531715e-02
2.002500e+00	1.355929e-02
2.005000e+00	1.158636e-02
2.007500e+00	9.931391e-03
2.010000e+00	8.753103e-03
2.012500e+00	8.038091e-03
2.015000e+00	7.739493e-03
2.017500e+00	7.829553e-03
2.020000e+00	8.307352e-03
2.022500e+00	9.175398e-03
2.025000e+00	1.036740e-02
2.027500e+00	1.161664e-02
2.030000e+00	1.240324e-02
2.032500e+00	1.229370e-02
2.035000e+00	1.143474e-02
2.037500e+00	1.038663e-02
2.040000e+00	9.598898e-03
2.042500e+00	9.266488e-03
2.045000e+00	9.448256e-03
2.047500e+00	1.016167e-02
2.050000e+00	1.137764e-02
2.052500e+00	1.290471e-02
2.055000e+00	1.422137e-02
2.057500e+00	1.458679e-02
2.060000e+00	1.369422e-02
2.062500e+00	1.203108e-02
2.065000e+00	1.030185e-02
2.067500e+00	8.897929e-03
2.070000e+00	7.914003e-03
2.072500e+00	7.322937e-03
2.075000e+00	7.080545e-03
2.077500e+00	7.164028e-03
2.080000e+00	7.581738e-03
2.082500e+00	8.370791e-03
2.085000e+00	9.577602e-03
2.087500e+00	1.119356e-02
2.090000e+00	1.300792e-02
2.092500e+00	1.444954e-02
2.095000e+00	1.479449e-02
2.097500e+00	1.388010e-02
2.100000e+00	1.231589e-02
2.102500e+00	1.081294e-02
2.105000e+00	9.737181e-03
2.107500e+00	9.185199e-03
2.110000e+00	9.155093e-03
2.112500e+00	9.620179e-03
2.115000e+00	1.049963e-02
2.117500e+00	1.154177e-02
2.120000e+00	1.223796e-02
2.122500e+00	1.208389e-02
2.125000e+00	1.110237e-02
2.127500e+00	9.801941e-03
2.130000e+00	8.643702e-03
2.132500e+00	7.823494e-03
2.135000e+00	7.372750e-03
2.137500e+00	7.277124e-03
2.140000e+00	7.532969e-03
2.142500e+00	8.164707e-03
2.145000e+00	9.219874e-03
2.147500e+00	1.073115e-02
2.150000e+00	1.260712e-02
2.152500e+00	1.444099e-02
2.155000e+00	1.546596e-02
2.157500e+00	1.509998e-02
2.160000e+00	1.362050e-02
2.162500e+00	1.183299e-02
2.165000e+00	1.032895e-02
2.167500e+00	9.325361e-03
2.170000e+00	8.844655e-03
2.172500e+00	8.853750e-03
2.175000e+00	9.291576e-03
2.177500e+00	1.000445e-02
2.180000e+00	1.064645e-02
2.182500e+00	1.075870e-02
2.185000e+00	1.017031e-02
2.187500e+00	9.189694e-03
2.190000e+00	8.240610e-03
2.192500e+00	7.557502e-03
2.195000e+00	7.206791e-03
2.197500e+00	7.193879e-03
2.200000e+00	7.526658e-03
2.202500e+00	8.239241e-03
2.205000e+00	9.392908e-03
2.207500e+00	1.104754e-02
2.210000e+00	1.316536e-02
2.212500e+00	1.540682e-02
2.215000e+00	1.696747e-02
2.217500e+00	1.697945e-02
2.220000e+00	1.542427e-02
2.222500e+00	1.315452e-02
2.225000e+00	1.098500e-02
2.227500e+00	9.265803e-03
2.230000e+00	8.036605e-03
2.232500e+00	7.233100e-03
2.235000e+00	6.785660e-03
2.237500e+00	6.648803e-03
2.240000e+00	6.801658e-03
2.242500e+00	7.230318e-03
2.245000e+00	7.882790e-03
2.247500e+00	8.596708e-03
2.250000e+00	9.092539e-03
2.252500e+00	9.188278e-03
2.255000e+00	9.033034e-03
2.257500e+00	8.963861e-03
2.260000e+00	9.245615e-03
2.262500e+00	1.002406e-02
2.265000e+00	1.136923e-02
2.267500e+00	1.324001e-02
2.270000e+00	1.531194e-02
2.272500e+00	1.680820e-02
2.275000e+00	1.684456e-02
2.277500e+00	1.532560e-02
2.280000e+00	1.305069e-02
2.282500e+00	1.083582e-02
2.285000e+00	9.045070e-03
2.287500e+00	7.722384e-03
2.290000e+00	6.798096e-03
2.292500e+00	6.190823e-03
2.295000e+00	5.839009e-03
2.297500e+00	5.705989e-03
2.300000e+00	5.778504e-03
2.302500e+00	6.065104e-03
2.305000e+00	6.595091e-03
2.307500e+00	7.414192e-03
2.310000e+00	8.565000e-03
2.312500e+00	1.002720e-02
2.315000e+00	1.160359e-02
2.317500e+00	1.287025e-02
2.320000e+00	1.347472e-02
2.322500e+00	1.358549e-02
2.325000e+00	1.372571e-02
2.327500e+00	1.419407e-02
2.330000e+00	1.476130e-02
2.332500e+00	1.477958e-02
2.335000e+00	1.378697e-02
2.337500e+00	1.204265e-02
2.340000e+00	1.016812e-02
2.342500e+00	8.569675e-03
2.345000e+00	7.358008e-03
2.347500e+00	6.501174e-03
2.350000e+00	5.934833e-03
2.352500e+00	5.604485e-03
2.355000e+00	5.475616e-03
2.357500e+00	5.534156e-03
2.360000e+00	5.785846e-03
2.362500e+00	6.257059e-03
2.365000e+00	6.997105e-03
2.367500e+00	8.079195e-03
2.370000e+00	9.590082e-03
2.372500e+00	1.158082e-02
2.375000e+00	1.392792e-02
2.377500e+00	1.610716e-02
2.380000e+00	1.719814e-02
2.382500e+00	1.660661e-02
2.385000e+00	1.477628e-02
2.387500e+00	1.266467e-02
2.390000e+00	1.091179e-02
2.392500e+00	9.718483e-03
2.395000e+00	9.046212e-03
2.397500e+00	8.730239e-03
2.400000e+00	8.503105e-03
2.402500e+00	8.101868e-03
2.405000e+00	7.480270e-03
2.407500e+00	6.811377e-03
2.410000e+00	6.272483e-03
2.412500e+00	5.942852e-03
2.415000e+00	5.839023e-03
2.417500e+00	5.964089e-03
2.420000e+00	6.333316e-03
2.422500e+00	6.984800e-03
2.425000e+00	7.982972e-03
2.427500e+00	9.411032e-03
2.430000e+00	1.132946e-02
2.432500e+00	1.365169e-02
2.435000e+00	1.591683e-02
2.437500e+00	1.721438e-02
2.440000e+00	1.680448e-02
2.442500e+00	1.496332e-02
2.445000e+00	1.264610e-02
2.447500e+00	1.057442e-02
2.450000e+00	9.004742e-03
2.452500e+00	7.940273e-03
2.455000e+00	7.313178e-03
2.457500e+00	7.053936e-03
2.460000e+00	7.089120e-03
2.462500e+00	7.296376e-03
2.465000e+00	7.467525e-03
2.467500e+00	7.400934e-03
2.470000e+00	7.098520e-03
2.472500e+00	6.756570e-03
2.475000e+00	6.565734e-03
2.477500e+00	6.627035e-03
2.480000e+00	6.991671e-03
2.482500e+00	7.708729e-03
2.485000e+00	8.843719e-03
2.487500e+00	1.046020e-02
2.490000e+00	1.253393e-02
2.492500e+00	1.476001e-02
2.495000e+00	1.637848e-02
2.497500e+00	1.651794e-02
2.500000e+00	1.509184e-02
2.502500e+00	1.290647e-02
2.505000e+00	1.078513e-02
2.507500e+00	9.100740e-03
2.510000e+00	7.908321e-03
2.512500e+00	7.152117e-03
2.515000e+00	6.766357e-03
2.517500e+00	6.699392e-03
2.520000e+00	6.894768e-03
2.522500e+00	7.239529e-03
2.525000e+00	7.523025e-03
2.527500e+00	7.533098e-03
2.530000e+00	7.271359e-03
2.532500e+00	6.952956e-03
2.535000e+00	6.791610e-03
2.537500e+00	6.904269e-03
2.540000e+00	7.352489e-03
2.542500e+00	8.192778e-03
2.545000e+00	9.489808e-03
2.547500e+00	1.127551e-02
2.550000e+00	1.341564e-02
2.552500e+00	1.539226e-02
2.555000e+00	1.631326e-02
2.557500e+00	1.561024e-02
2.560000e+00	1.370795e-02
2.562500e+00	1.150850e-02
2.565000e+00	9.602672e-03
2.567500e+00	8.167826e-03
2.570000e+00	7.181553e-03
2.572500e+00	6.574513e-03
2.575000e+00	6.288091e-03
2.577500e+00	6.282462e-03
2.580000e+00	6.516652e-03
2.582500e+00	6.901850e-03
2.585000e+00	7.256903e-03
2.587500e+00	7.378470e-03
2.590000e+00	7.244817e-03
2.592500e+00	7.053142e-03
2.595000e+00	7.024819e-03
2.597500e+00	7.295430e-03
2.600000e+00	7.944622e-03
2.602500e+00	9.038434e-03
2.605000e+00	1.061888e-02
2.607500e+00	1.260426e-02
2.610000e+00	1.458815e-02
2.612500e+00	1.575480e-02
2.615000e+00	1.540673e-02
2.617500e+00	1.374623e-02
2.620000e+00	1.162251e-02
2.622500e+00	9.699996e-03
2.625000e+00	8.220398e-03
2.627500e+00	7.187871e-03
2.630000e+00	6.539001e-03
2.632500e+00	6.214607e-03
2.635000e+00	6.175463e-03
2.637500e+00	6.389143e-03
2.640000e+00	6.789728e-03
2.642500e+00	7.220954e-03
2.645000e+00	7.453582e-03
2.647500e+00	7.376456e-03
2.650000e+00	7.136500e-03
2.652500e+00	6.982404e-03
2.655000e+00	7.087152e-03
2.657500e+00	7.543214e-03
2.660000e+00	8.415437e-03
2.662500e+00	9.755746e-03
2.665000e+00	1.154231e-02
2.667500e+00	1.351387e-02
2.670000e+00	1.500075e-02
2.672500e+00	1.519296e-02
2.675000e+00	1.394830e-02
2.677500e+00	1.196516e-02
2.680000e+00	1.000689e-02
2.682500e+00	8.434385e-03
2.685000e+00	7.307294e-03
2.687500e+00	6.575956e-03
2.690000e+00	6.179581e-03
2.692500e+00	6.075002e-03
2.695000e+00	6.230950e-03
2.697500e+00	6.595305e-03
2.700000e+00	7.038373e-03
2.702500e+00	7.337932e-03
2.705000e+00	7.331025e-03
2.707500e+00	7.104418e-03
2.710000e+00	6.903546e-03
2.712500e+00	6.925893e-03
2.715000e+00	7.277945e-03
2.717500e+00	8.025547e-03
2.720000e+00	9.219758e-03
2.722500e+00	1.085259e-02
2.725000e+00	1.271297e-02
2.727500e+00	1.421275e-02
2.730000e+00	1.456790e-02
2.732500e+00	1.354123e-02
2.735000e+00	1.173202e-02
2.737500e+00	9.891723e-03
2.740000e+00	8.409212e-03
2.742500e+00	7.368247e-03
2.745000e+00	6.733805e-03
2.747500e+00	6.452003e-03
2.750000e+00	6.472288e-03
2.752500e+00	6.720431e-03
2.755000e+00	7.042918e-03
2.757500e+00	7.204487e-03
2.760000e+00	7.055754e-03
2.762500e+00	6.700221e-03
2.765000e+00	6.371232e-03
2.767500e+00	6.237467e-03
2.770000e+00	6.378189e-03
2.772500e+00	6.838444e-03
2.775000e+00	7.666156e-03
2.777500e+00	8.909606e-03
2.780000e+00	1.055678e-02
2.782500e+00	1.238554e-02
2.785000e+00	1.380471e-02
2.787500e+00	1.407585e-02
2.790000e+00	1.304318e-02
2.792500e+00	1.132973e-02
2.795000e+00	9.645920e-03
2.797500e+00	8.343093e-03
2.800000e+00	7.492989e-03
2.802500e+00	7.055874e-03
2.805000e+00	6.948818e-03
2.807500e+00	7.028565e-03
2.810000e+00	7.069603e-03
2.812500e+00	6.871900e-03
2.815000e+00	6.449152e-03
2.817500e+00	5.991642e-03
2.820000e+00	5.667689e-03
2.822500e+00	5.554651e-03
2.825000e+00	5.681035e-03
2.827500e+00	6.071050e-03
2.830000e+00	6.765062e-03
2.832500e+00	7.819391e-03
2.835000e+00	9.275181e-03
2.837500e+00	1.106173e-02
2.840000e+00	1.282014e-02
2.842500e+00	1.384573e-02
2.845000e+00	1.357002e-02
2.847500e+00	1.221445e-02
2.850000e+00	1.052685e-02
2.852500e+00	9.074166e-03
2.855000e+00	8.058636e-03
2.857500e+00	7.464018e-03
2.860000e+00	7.160663e-03
2.862500e+00	6.938891e-03
2.865000e+00	6.603185e-03
2.867500e+00	6.130286e-03
2.870000e+00	5.654900e-03
2.872500e+00	5.307650e-03
2.875000e+00	5.148427e-03
2.877500e+00	5.196673e-03
2.880000e+00	5.468040e-03
2.882500e+00	5.992525e-03
2.885000e+00	6.817890e-03
2.887500e+00	7.994193e-03
2.890000e+00	9.515033e-03
2.892500e+00	1.118366e-02
2.895000e+00	1.247958e-02
2.897500e+00	1.277323e-02
2.900000e+00	1.196786e-02
2.902500e+00	1.063594e-02
2.905000e+00	9.402677e-03
2.907500e+00	8.567460e-03
2.910000e+00	8.155818e-03
2.912500e+00	8.015986e-03
2.915000e+00	7.867935e-03
2.917500e+00	7.462740e-03
2.920000e+00	6.807645e-03
2.922500e+00	6.112514e-03
2.925000e+00	5.556155e-03
2.927500e+00	5.209191e-03
2.930000e+00	5.082589e-03
2.932500e+00	5.176645e-03
2.935000e+00	5.502772e-03
2.937500e+00	6.086385e-03
2.940000e+00	6.950422e-03
2.942500e+00	8.062420e-03
2.945000e+00	9.237256e-03
2.947500e+00	1.010363e-02
2.950000e+00	1.036898e-02
2.952500e+00	1.018460e-02
2.955000e+00	9.989798e-03
2.957500e+00	1.006439e-02
2.960000e+00	1.032600e-02
2.962500e+00	1.037686e-02
2.965000e+00	9.836551e-03
2.967500e+00	8.761010e-03
2.970000e+00	7.536708e-03
2.972500e+00	6.472859e-03
2.975000e+00	5.678299e-03
2.977500e+00	5.149547e-03
2.980000e+00	4.853951e-03
2.982500e+00	4.765756e-03
2.985000e+00	4.876381e-03
2.987500e+00	5.194315e-03
2.990000e+00	5.736405e-03
2.992500e+00	6.500413e-03
2.995000e+00	7.405454e-03
2.997500e+00	8.237140e-03
3.000000e+00	8.752260e-03
3.002500e+00	8.960178e-03
3.005000e+00	9.155893e-03
3.007500e+00	9.607300e-03
3.010000e+00	1.030715e-02
3.012500e+00	1.089815e-02
3.015000e+00	1.085104e-02
3.017500e+00	9.978138e-03
3.020000e+00	8.641820e-03
3.022500e+00	7.315761e-03
3.025000e+00	6.243314e-03
3.027500e+00	5.470068e-03
3.030000e+00	4.964716e-03
3.032500e+00	4.686615e-03
3.035000e+00	4.608715e-03
3.037500e+00	4.721365e-03
3.040000e+00	5.027241e-03
3.042500e+00	5.524674e-03
3.045000e+00	6.171387e-03
3.047500e+00	6.847500e-03
3.050000e+00	7.410704e-03
3.052500e+00	7.870888e-03
3.055000e+00	8.423818e-03
3.057500e+00	9.237041e-03
3.060000e+00	1.023269e-02
3.062500e+00	1.099309e-02
3.065000e+00	1.097032e-02
3.067500e+00	1.004090e-02
3.070000e+00	8.645640e-03
3.072500e+00	7.284013e-03
3.075000e+00	6.194068e-03
3.077500e+00	5.413554e-03
3.080000e+00	4.907190e-03
3.082500e+00	4.633030e-03
3.085000e+00	4.563670e-03
3.087500e+00	4.687900e-03
3.090000e+00	5.000879e-03
3.092500e+00	5.478081e-03
3.095000e+00	6.033349e-03
3.097500e+00	6.516022e-03
3.100000e+00	6.839181e-03
3.102500e+00	7.116961e-03
3.105000e+00	7.569046e-03
3.107500e+00	8.328494e-03
3.110000e+00	9.323593e-03
3.112500e+00	1.019577e-02
3.115000e+00	1.040587e-02
3.117500e+00	9.716658e-03
3.120000e+00	8.467748e-03
3.122500e+00	7.165560e-03
3.125000e+00	6.093308e-03
3.127500e+00	5.317742e-03
3.130000e+00	4.814884e-03
3.132500e+00	4.544827e-03
3.135000e+00	4.475270e-03
3.137500e+00	4.577835e-03
3.140000e+00	4.809302e-03
3.142500e+00	5.100251e-03
3.145000e+00	5.399406e-03
3.147500e+00	5.751315e-03
3.150000e+00	6.279519e-03
3.152500e+00	7.088345e-03
3.155000e+00	8.175654e-03
3.157500e+00	9.330465e-03
3.160000e+00	1.007628e-02
3.162500e+00	9.950345e-03
3.165000e+00	9.004965e-03
3.167500e+00	7.738723e-03
3.170000e+00	6.583849e-03
3.172500e+00	5.712025e-03
3.175000e+00	5.129723e-03
3.177500e+00	4.777212e-03
3.180000e+00	4.570957e-03
3.182500e+00	4.441084e-03
3.185000e+00	4.378348e-03
3.187500e+00	4.429557e-03
3.190000e+00	4.651267e-03
3.192500e+00	5.088272e-03
3.195000e+00	5.768404e-03
3.197500e+00	6.671255e-03
3.200000e+00	7.656309e-03
3.202500e+00	8.434281e-03
3.205000e+00	8.757698e-03
3.207500e+00	8.663549e-03
3.210000e+00	8.310546e-03
3.212500e+00	7.716052e-03
3.215000e+00	6.884544e-03
3.217500e+00	5.975349e-03
3.220000e+00	5.177628e-03
3.222500e+00	4.581385e-03
3.225000e+00	4.195495e-03
3.227500e+00	4.002104e-03
3.230000e+00	3.987000e-03
3.232500e+00	4.149866e-03
3.235000e+00	4.504575e-03
3.237500e+00	5.069682e-03
3.240000e+00	5.838619e-03
3.242500e+00	6.721122e-03
3.245000e+00	7.507278e-03
3.247500e+00	7.983743e-03
3.250000e+00	8.106913e-03
3.252500e+00	7.904644e-03
3.255000e+00	7.348046e-03
3.257500e+00	6.512332e-03
3.260000e+00	5.624219e-03
3.262500e+00	4.874469e-03
3.265000e+00	4.333927e-03
3.267500e+00	4.001701e-03
3.270000e+00	3.859194e-03
3.272500e+00	3.894524e-03
3.275000e+00	4.107471e-03
3.277500e+00	4.501818e-03
3.280000e+00	5.063682e-03
3.282500e+00	5.735057e-03
3.285000e+00	6.424569e-03
3.287500e+00	7.046948e-03
3.290000e+00	7.464557e-03
3.292500e+00	7.442713e-03
3.295000e+00	6.888771e-03
3.297500e+00	6.029724e-03
3.300000e+00	5.178110e-03
3.302500e+00	4.504691e-03
3.305000e+00	4.048658e-03
3.307500e+00	3.796470e-03
3.310000e+00	3.727198e-03
3.312500e+00	3.824753e-03
3.315000e+00	4.073850e-03
3.317500e+00	4.457391e-03
3.320000e+00	4.969648e-03
3.322500e+00	5.607720e-03
3.325000e+00	6.282960e-03
3.327500e+00	6.736512e-03
3.330000e+00	6.678998e-03
3.332500e+00	6.112844e-03
3.335000e+00	5.335350e-03
3.337500e+00	4.625400e-03
3.340000e+00	4.100875e-03
3.342500e+00	3.771248e-03
3.345000e+00	3.607913e-03
3.347500e+00	3.587270e-03
3.350000e+00	3.712424e-03
3.352500e+00	4.005363e-03
3.355000e+00	4.476759e-03
3.357500e+00	5.077951e-03
3.360000e+00	5.638162e-03
3.362500e+00	5.885562e-03
3.365000e+00	5.672586e-03
3.367500e+00	5.143358e-03
3.370000e+00	4.546145e-03
3.372500e+00	4.027943e-03
3.375000e+00	3.643950e-03
3.377500e+00	3.416506e-03
3.380000e+00	3.355134e-03
3.382500e+00	3.464054e-03
3.385000e+00	3.742258e-03
3.387500e+00	4.162295e-03
3.390000e+00	4.624375e-03
3.392500e+00	4.937660e-03
3.395000e+00	4.931598e-03
3.397500e+00	4.613343e-03
3.400000e+00	4.139215e-03
3.402500e+00	3.678658e-03
3.405000e+00	3.336953e-03
3.407500e+00	3.153900e-03
3.410000e+00	3.135769e-03
3.412500e+00	3.275726e-03
3.415000e+00	3.546494e-03
3.417500e+00	3.869543e-03
3.420000e+00	4.099298e-03
3.422500e+00	4.091974e-03
3.425000e+00	3.834010e-03
3.427500e+00	3.460382e-03
3.430000e+00	3.125708e-03
3.432500e+00	2.913747e-03
3.435000e+00	2.847283e-03
3.437500e+00	2.917106e-03
3.440000e+00	3.084698e-03
3.442500e+00	3.263333e-03
3.445000e+00	3.324966e-03
3.447500e+00	3.196306e-03
3.450000e+00	2.943981e-03
3.452500e+00	2.696945e-03
3.455000e+00	2.538637e-03
3.457500e+00	2.490996e-03
3.460000e+00	2.530378e-03
3.462500e+00	2.588510e-03
3.465000e+00	2.573775e-03
3.467500e+00	2.449713e-03
3.470000e+00	2.273742e-03
3.472500e+00	2.125334e-03
3.475000e+00	2.038172e-03
3.477500e+00	1.991234e-03
3.480000e+00	1.931493e-03
3.482500e+00	1.825266e-03
3.485000e+00	1.691380e-03
3.487500e+00	1.563934e-03
3.490000e+00	1.448571e-03
3.492500e+00	1.329746e-03
3.495000e+00	1.201690e-03
3.497500e+00	1.073362e-03
3.500000e+00	9.538068e-04
3.502500e+00	8.485349e-04
3.505000e+00	7.604157e-04
3.507500e+00	6.890342e-04
3.510000e+00	6.318028e-04
3.512500e+00	5.856776e-04
3.515000e+00	5.480324e-04
3.517500e+00	5.168459e-04
3.520000e+00	4.906238e-04
3.522500e+00	4.682712e-04
3.525000e+00	4.489813e-04
3.527500e+00	4.321521e-04
3.530000e+00	4.173281e-04
3.532500e+00	4.041593e-04
3.535000e+00	3.923731e-04
3.537500e+00	3.817541e-04
3.540000e+00	3.721302e-04
3.542500e+00	3.633618e-04
3.545000e+00	3.553349e-04
3.547500e+00	3.479553e-04
3.550000e+00	3.411443e-04
3.552500e+00	3.348361e-04
3.555000e+00	3.289746e-04
3.557500e+00	3.235122e-04
3.560000e+00	3.184079e-04
3.562500e+00	3.136264e-04
3.565000e+00	3.091369e-04
3.567500e+00	3.049126e-04
3.570000e+00	3.009299e-04
3.572500e+00	2.971682e-04
3.575000e+00	2.936091e-04
3.577500e+00	2.902363e-04
3.580000e+00	2.870352e-04
3.582500e+00	2.839928e-04
3.585000e+00	2.810975e-04
3.587500e+00	2.783387e-04
3.590000e+00	2.757070e-04
3.592500e+00	2.731936e-04
3.595000e+00	2.707908e-04
3.597500e+00	2.684915e-04
3.600000e+00	2.662891e-04
3.602500e+00	2.641777e-04
3.605000e+00	2.621520e-04
3.607500e+00	2.602067e-04
3.610000e+00	2.583375e-04
3.612500e+00	2.565399e-04
3.615000e+00	2.548101e-04
3.617500e+00	2.531445e-04
3.620000e+00	2.515396e-04
3.622500e+00	2.499924e-04
3.625000e+00	2.485000e-04
3.627500e+00	2.470596e-04
3.630000e+00	2.456688e-04
3.632500e+00	2.443251e-04
3.635000e+00	2.430264e-04
3.637500e+00	2.417707e-04
3.640000e+00	2.405559e-04
3.642500e+00	2.393802e-04
3.645000e+00	2.382421e-04
3.647500e+00	2.371399e-04
3.650000e+00	2.360720e-04
3.652500e+00	2.350370e-04
3.655000e+00	2.340337e-04
3.657500e+00	2.330608e-04
3.660000e+00	2.321170e-04
3.662500e+00	2.312013e-04
3.665000e+00	2.303125e-04
3.667500e+00	2.294497e-04
3.670000e+00	2.286119e-04
3.672500e+00	2.277982e-04
3.675000e+00	2.270077e-04
3.677500e+00	2.262396e-04
3.680000e+00	2.254932e-04
3.682500e+00	2.247676e-04
3.685000e+00	2.240623e-04
3.687500e+00	2.233764e-04
3.690000e+00	2.227094e-04
3.692500e+00	2.220607e-04
3.695000e+00	2.214297e-04
3.697500e+00	2.208158e-04
3.700000e+00	2.202184e-04
3.702500e+00	2.196372e-04
3.705000e+00	2.190715e-04
3.707500e+00	2.185210e-04
3.710000e+00	2.179851e-04
3.712500e+00	2.174635e-04
3.715000e+00	2.169557e-04
3.717500e+00	2.164614e-04
3.720000e+00	2.159801e-04
3.722500e+00	2.155115e-04
3.725000e+00	2.150553e-04
3.727500e+00	2.146111e-04
3.730000e+00	2.141786e-04
3.732500e+00	2.137575e-04
3.735000e+00	2.133475e-04
3.737500e+00	2.129483e-04
3.740000e+00	2.125596e-04
3.742500e+00	2.121812e-04
3.745000e+00	2.118128e-04
3.747500e+00	2.114542e-04
3.750000e+00	2.111051e-04
3.752500e+00	2.107653e-04
3.755000e+00	2.104346e-04
3.757500e+00	2.101127e-04
3.760000e+00	2.097995e-04
3.762500e+00	2.094947e-04
3.765000e+00	2.091982e-04
3.767500e+00	2.089098e-04
3.770000e+00	2.086293e-04
3.772500e+00	2.083565e-04
3.775000e+00	2.080912e-04
3.777500e+00	2.078334e-04
3.780000e+00	2.075827e-04
3.782500e+00	2.073392e-04
3.785000e+00	2.071026e-04
3.787500e+00	2.068728e-04
3.790000e+00	2.066497e-04
3.792500e+00	2.064330e-04
3.795000e+00	2.062228e-04
3.797500e+00	2.060188e-04
3.800000e+00	2.058210e-04
3.802500e+00	2.056291e-04
3.805000e+00	2.054432e-04
3.807500e+00	2.052631e-04
3.810000e+00	2.050887e-04
3.812500e+00	2.049198e-04
3.815000e+00	2.047564e-04
3.817500e+00	2.045985e-04
3.820000e+00	2.044457e-04
3.822500e+00	2.042982e-04
3.825000e+00	2.041558e-04
3.827500e+00	2.040184e-04
3.830000e+00	2.038858e-04
3.832500e+00	2.037582e-04
3.835000e+00	2.036353e-04
3.837500e+00	2.035170e-04
3.840000e+00	2.034034e-04
3.842500e+00	2.032943e-04
3.845000e+00	2.031896e-04
3.847500e+00	2.030893e-04
3.850000e+00	2.029934e-04
3.852500e+00	2.029016e-04
3.855000e+00	2.028141e-04
3.857500e+00	2.027306e-04
3.860000e+00	2.026512e-04
3.862500e+00	2.025758e-04
3.865000e+00	2.025044e-04
3.867500e+00	2.024367e-04
3.870000e+00	2.023729e-04
3.872500e+00	2.023129e-04
3.875000e+00	2.022566e-04
3.877500e+00	2.022039e-04
3.880000e+00	2.021548e-04
3.882500e+00	2.021093e-04
3.885000e+00	2.020673e-04
3.887500e+00	2.020287e-04
3.890000e+00	2.019936e-04
3.892500e+00	2.019618e-04
3.895000e+00	2.019333e-04
3.897500e+00	2.019081e-04
3.900000e+00	2.018862e-04
3.902500e+00	2.018674e-04
3.905000e+00	2.018518e-04
3.907500e+00	2.018393e-04
3.910000e+00	2.018299e-04
3.912500e+00	2.018235e-04
3.915000e+00	2.018201e-04
3.917500e+00	2.018197e-04
3.920000e+00	2.018222e-04
3.922500e+00	2.018277e-04
3.925000e+00	2.018359e-04
3.927500e+00	2.018471e-04
3.930000e+00	2.018610e-04
3.932500e+00	2.018777e-04
3.935000e+00	2.018971e-04
3.937500e+00	2.019192e-04
3.940000e+00	2.019440e-04
3.942500e+00	2.019715e-04
3.945000e+00	2.020016e-04
3.947500e+00	2.020342e-04
3.950000e+00	2.020695e-04
3.952500e+00	2.021073e-04
3.955000e+00	2.021476e-04
3.957500e+00	2.021904e-04
3.960000e+00	2.022356e-04
3.962500e+00	2.022833e-04
3.965000e+00	2.023335e-04
3.967500e+00	2.023860e-04
3.970000e+00	2.024409e-04
3.972500e+00	2.024982e-04
3.975000e+00	2.025577e-04
3.977500e+00	2.026196e-04
3.980000e+00	2.026838e-04
3.982500e+00	2.027503e-04
3.985000e+00	2.028190e-04
3.987500e+00	2.028899e-04
3.990000e+00	2.029631e-04
3.992500e+00	2.030384e-04
3.995000e+00	2.031159e-04
3.997500e+00	2.031956e-04
