#omega	spectral weight
-3.000000e+00	4.771945e-03
-2.997500e+00	4.898174e-03
-2.995000e+00	5.228342e-03
-2.992500e+00	5.785136e-03
-2.990000e+00	6.566262e-03
-2.987500e+00	7.469534e-03
-2.985000e+00	8.203208e-03
-2.982500e+00	8.370500e-03
-2.980000e+00	7.841227e-03
-2.977500e+00	6.909666e-03
-2.975000e+00	5.955136e-03
-2.972500e+00	5.175198e-03
-2.970000e+00	4.610235e-03
-2.967500e+00	4.237881e-03
-2.965000e+00	4.026072e-03
-2.962500e+00	3.951278e-03
-2.960000e+00	4.002615e-03
-2.957500e+00	4.182196e-03
-2.955000e+00	4.505100e-03
-2.952500e+00	4.998669e-03
-2.950000e+00	5.696941e-03
-2.947500e+00	6.618854e-03
-2.945000e+00	7.712448e-03
-2.942500e+00	8.780755e-03
-2.940000e+00	9.532350e-03
-2.937500e+00	9.878577e-03
-2.935000e+00	1.010540e-02
-2.932500e+00	1.061180e-02
-2.930000e+00	1.163201e-02
-2.927500e+00	1.313303e-02
-2.925000e+00	1.469784e-02
-2.922500e+00	1.551097e-02
-2.920000e+00	1.491346e-02
-2.917500e+00	1.312776e-02
-2.915000e+00	1.095717e-02
-2.912500e+00	9.001674e-03
-2.910000e+00	7.462481e-03
-2.907500e+00	6.323541e-03
-2.905000e+00	5.507282e-03
-2.902500e+00	4.938799e-03
-2.900000e+00	4.562260e-03
-2.897500e+00	4.341304e-03
-2.895000e+00	4.256128e-03
-2.892500e+00	4.301160e-03
-2.890000e+00	4.483999e-03
-2.887500e+00	4.824909e-03
-2.885000e+00	5.353808e-03
-2.882500e+00	6.096234e-03
-2.880000e+00	7.030227e-03
-2.877500e+00	8.002635e-03
-2.875000e+00	8.686013e-03
-2.872500e+00	8.785428e-03
-2.870000e+00	8.379084e-03
-2.867500e+00	7.842763e-03
-2.865000e+00	7.498578e-03
-2.862500e+00	7.501373e-03
-2.860000e+00	7.913848e-03
-2.857500e+00	8.770169e-03
-2.855000e+00	1.006368e-02
-2.852500e+00	1.163904e-02
-2.850000e+00	1.302853e-02
-2.847500e+00	1.352715e-02
-2.845000e+00	1.279671e-02
-2.842500e+00	1.126643e-02
-2.840000e+00	9.619930e-03
-2.837500e+00	8.254522e-03
-2.835000e+00	7.271219e-03
-2.832500e+00	6.642284e-03
-2.830000e+00	6.316209e-03
-2.827500e+00	6.256482e-03
-2.825000e+00	6.451718e-03
-2.822500e+00	6.917359e-03
-2.820000e+00	7.694384e-03
-2.817500e+00	8.839807e-03
-2.815000e+00	1.038906e-02
-2.812500e+00	1.225263e-02
-2.810000e+00	1.404826e-02
-2.807500e+00	1.510337e-02
-2.805000e+00	1.499067e-02
-2.802500e+00	1.406070e-02
-2.800000e+00	1.305951e-02
-2.797500e+00	1.251670e-02
-2.795000e+00	1.266366e-02
-2.792500e+00	1.359628e-02
-2.790000e+00	1.536304e-02
-2.787500e+00	1.789608e-02
-2.785000e+00	2.076049e-02
-2.782500e+00	2.289792e-02
-2.780000e+00	2.305432e-02
-2.777500e+00	2.102534e-02
-2.775000e+00	1.789250e-02
-2.772500e+00	1.481978e-02
-2.770000e+00	1.234973e-02
-2.767500e+00	1.056649e-02
-2.765000e+00	9.390103e-03
-2.762500e+00	8.726858e-03
-2.760000e+00	8.517441e-03
-2.757500e+00	8.741884e-03
-2.755000e+00	9.399448e-03
-2.752500e+00	1.044723e-02
-2.750000e+00	1.167025e-02
-2.747500e+00	1.255876e-02
-2.745000e+00	1.251785e-02
-2.742500e+00	1.145865e-02
-2.740000e+00	9.896850e-03
-2.737500e+00	8.378198e-03
-2.735000e+00	7.152190e-03
-2.732500e+00	6.252365e-03
-2.730000e+00	5.634637e-03
-2.727500e+00	5.246991e-03
-2.725000e+00	5.051635e-03
-2.722500e+00	5.029120e-03
-2.720000e+00	5.177969e-03
-2.717500e+00	5.513898e-03
-2.715000e+00	6.067818e-03
-2.712500e+00	6.876273e-03
-2.710000e+00	7.948412e-03
-2.707500e+00	9.189157e-03
-2.705000e+00	1.031786e-02
-2.702500e+00	1.098460e-02
-2.700000e+00	1.115510e-02
-2.697500e+00	1.122057e-02
-2.695000e+00	1.162817e-02
-2.692500e+00	1.259793e-02
-2.690000e+00	1.403561e-02
-2.687500e+00	1.542466e-02
-2.685000e+00	1.590268e-02
-2.682500e+00	1.494325e-02
-2.680000e+00	1.294701e-02
-2.677500e+00	1.072790e-02
-2.675000e+00	8.799880e-03
-2.672500e+00	7.301670e-03
-2.670000e+00	6.193856e-03
-2.667500e+00	5.394823e-03
-2.665000e+00	4.831623e-03
-2.662500e+00	4.451298e-03
-2.660000e+00	4.219874e-03
-2.657500e+00	4.119158e-03
-2.655000e+00	4.143978e-03
-2.652500e+00	4.299299e-03
-2.650000e+00	4.593714e-03
-2.647500e+00	5.021079e-03
-2.645000e+00	5.521271e-03
-2.642500e+00	5.944598e-03
-2.640000e+00	6.120674e-03
-2.637500e+00	6.040846e-03
-2.635000e+00	5.883595e-03
-2.632500e+00	5.839665e-03
-2.630000e+00	6.019276e-03
-2.627500e+00	6.482747e-03
-2.625000e+00	7.287264e-03
-2.622500e+00	8.508753e-03
-2.620000e+00	1.023167e-02
-2.617500e+00	1.247902e-02
-2.615000e+00	1.502980e-02
-2.612500e+00	1.717460e-02
-2.610000e+00	1.786680e-02
-2.607500e+00	1.666044e-02
-2.605000e+00	1.425144e-02
-2.602500e+00	1.165910e-02
-2.600000e+00	9.449795e-03
-2.597500e+00	7.751076e-03
-2.595000e+00	6.502481e-03
-2.592500e+00	5.605482e-03
-2.590000e+00	4.975760e-03
-2.587500e+00	4.553554e-03
-2.585000e+00	4.301643e-03
-2.582500e+00	4.201281e-03
-2.580000e+00	4.248009e-03
-2.577500e+00	4.444730e-03
-2.575000e+00	4.784135e-03
-2.572500e+00	5.209338e-03
-2.570000e+00	5.567493e-03
-2.567500e+00	5.653806e-03
-2.565000e+00	5.402708e-03
-2.562500e+00	4.967419e-03
-2.560000e+00	4.544949e-03
-2.557500e+00	4.240239e-03
-2.555000e+00	4.079809e-03
-2.552500e+00	4.060976e-03
-2.550000e+00	4.180119e-03
-2.547500e+00	4.443679e-03
-2.545000e+00	4.872594e-03
-2.542500e+00	5.505261e-03
-2.540000e+00	6.399183e-03
-2.537500e+00	7.625415e-03
-2.535000e+00	9.237381e-03
-2.532500e+00	1.117701e-02
-2.530000e+00	1.310614e-02
-2.527500e+00	1.436267e-02
-2.525000e+00	1.444230e-02
-2.522500e+00	1.361548e-02
-2.520000e+00	1.264395e-02
-2.517500e+00	1.208900e-02
-2.515000e+00	1.209411e-02
-2.512500e+00	1.242404e-02
-2.510000e+00	1.253154e-02
-2.507500e+00	1.190314e-02
-2.505000e+00	1.056966e-02
-2.502500e+00	9.006769e-03
-2.500000e+00	7.616433e-03
-2.497500e+00	6.546702e-03
-2.495000e+00	5.795853e-03
-2.492500e+00	5.319774e-03
-2.490000e+00	5.079766e-03
-2.487500e+00	5.056700e-03
-2.485000e+00	5.252944e-03
-2.482500e+00	5.688308e-03
-2.480000e+00	6.383780e-03
-2.477500e+00	7.313163e-03
-2.475000e+00	8.304133e-03
-2.472500e+00	8.965232e-03
-2.470000e+00	8.889912e-03
-2.467500e+00	8.086697e-03
-2.465000e+00	6.964948e-03
-2.462500e+00	5.901518e-03
-2.460000e+00	5.052021e-03
-2.457500e+00	4.428319e-03
-2.455000e+00	3.994318e-03
-2.452500e+00	3.710578e-03
-2.450000e+00	3.547437e-03
-2.447500e+00	3.486690e-03
-2.445000e+00	3.520591e-03
-2.442500e+00	3.651040e-03
-2.440000e+00	3.889669e-03
-2.437500e+00	4.258522e-03
-2.435000e+00	4.789675e-03
-2.432500e+00	5.518420e-03
-2.430000e+00	6.456451e-03
-2.427500e+00	7.525428e-03
-2.425000e+00	8.475049e-03
-2.422500e+00	8.956473e-03
-2.420000e+00	8.863472e-03
-2.417500e+00	8.491079e-03
-2.415000e+00	8.232692e-03
-2.412500e+00	8.332581e-03
-2.410000e+00	8.906028e-03
-2.407500e+00	1.001439e-02
-2.405000e+00	1.166020e-02
-2.402500e+00	1.365892e-02
-2.400000e+00	1.543152e-02
-2.397500e+00	1.608135e-02
-2.395000e+00	1.514731e-02
-2.392500e+00	1.314714e-02
-2.390000e+00	1.095209e-02
-2.387500e+00	9.078425e-03
-2.385000e+00	7.656990e-03
-2.382500e+00	6.645533e-03
-2.380000e+00	5.964641e-03
-2.377500e+00	5.547264e-03
-2.375000e+00	5.349899e-03
-2.372500e+00	5.352468e-03
-2.370000e+00	5.556736e-03
-2.367500e+00	5.985516e-03
-2.365000e+00	6.680723e-03
-2.362500e+00	7.691929e-03
-2.360000e+00	9.033889e-03
-2.357500e+00	1.057995e-02
-2.355000e+00	1.192169e-02
-2.352500e+00	1.246206e-02
-2.350000e+00	1.196253e-02
-2.347500e+00	1.084954e-02
-2.345000e+00	9.737453e-03
-2.342500e+00	8.987284e-03
-2.340000e+00	8.720828e-03
-2.337500e+00	8.962226e-03
-2.335000e+00	9.700138e-03
-2.332500e+00	1.084221e-02
-2.330000e+00	1.207532e-02
-2.327500e+00	1.279344e-02
-2.325000e+00	1.245948e-02
-2.322500e+00	1.118253e-02
-2.320000e+00	9.565773e-03
-2.317500e+00	8.096511e-03
-2.315000e+00	6.953595e-03
-2.312500e+00	6.137025e-03
-2.310000e+00	5.593472e-03
-2.307500e+00	5.270648e-03
-2.305000e+00	5.132470e-03
-2.302500e+00	5.160868e-03
-2.300000e+00	5.355027e-03
-2.297500e+00	5.731570e-03
-2.295000e+00	6.326509e-03
-2.292500e+00	7.198334e-03
-2.290000e+00	8.428569e-03
-2.287500e+00	1.010752e-02
-2.285000e+00	1.227276e-02
-2.282500e+00	1.474752e-02
-2.280000e+00	1.691212e-02
-2.277500e+00	1.780739e-02
-2.275000e+00	1.697582e-02
-2.272500e+00	1.502824e-02
-2.270000e+00	1.293702e-02
-2.267500e+00	1.128183e-02
-2.265000e+00	1.023391e-02
-2.262500e+00	9.785482e-03
-2.260000e+00	9.876642e-03
-2.257500e+00	1.039038e-02
-2.255000e+00	1.105761e-02
-2.252500e+00	1.141546e-02
-2.250000e+00	1.108466e-02
-2.247500e+00	1.016713e-02
-2.245000e+00	9.100223e-03
-2.242500e+00	8.226473e-03
-2.240000e+00	7.677546e-03
-2.237500e+00	7.473234e-03
-2.235000e+00	7.611374e-03
-2.232500e+00	8.108438e-03
-2.230000e+00	9.012163e-03
-2.227500e+00	1.039563e-02
-2.225000e+00	1.231570e-02
-2.222500e+00	1.468772e-02
-2.220000e+00	1.705090e-02
-2.217500e+00	1.847018e-02
-2.215000e+00	1.814497e-02
-2.212500e+00	1.631302e-02
-2.210000e+00	1.396120e-02
-2.207500e+00	1.186581e-02
-2.205000e+00	1.031774e-02
-2.202500e+00	9.337434e-03
-2.200000e+00	8.872254e-03
-2.197500e+00	8.877847e-03
-2.195000e+00	9.325666e-03
-2.192500e+00	1.015405e-02
-2.190000e+00	1.115599e-02
-2.187500e+00	1.188334e-02
-2.185000e+00	1.184852e-02
-2.182500e+00	1.101708e-02
-2.180000e+00	9.840119e-03
-2.177500e+00	8.765713e-03
-2.175000e+00	7.995930e-03
-2.172500e+00	7.566419e-03
-2.170000e+00	7.460819e-03
-2.167500e+00	7.668226e-03
-2.165000e+00	8.204204e-03
-2.162500e+00	9.118729e-03
-2.160000e+00	1.049904e-02
-2.157500e+00	1.246058e-02
-2.155000e+00	1.509614e-02
-2.152500e+00	1.831839e-02
-2.150000e+00	2.155618e-02
-2.147500e+00	2.360548e-02
-2.145000e+00	2.338912e-02
-2.142500e+00	2.117282e-02
-2.140000e+00	1.825929e-02
-2.137500e+00	1.571654e-02
-2.135000e+00	1.397256e-02
-2.132500e+00	1.307581e-02
-2.130000e+00	1.291681e-02
-2.127500e+00	1.324055e-02
-2.125000e+00	1.355596e-02
-2.122500e+00	1.325584e-02
-2.120000e+00	1.211975e-02
-2.117500e+00	1.051855e-02
-2.115000e+00	8.944409e-03
-2.112500e+00	7.646601e-03
-2.110000e+00	6.664525e-03
-2.107500e+00	5.954578e-03
-2.105000e+00	5.460575e-03
-2.102500e+00	5.136920e-03
-2.100000e+00	4.952479e-03
-2.097500e+00	4.889147e-03
-2.095000e+00	4.939992e-03
-2.092500e+00	5.108380e-03
-2.090000e+00	5.408436e-03
-2.087500e+00	5.866990e-03
-2.085000e+00	6.527101e-03
-2.082500e+00	7.452698e-03
-2.080000e+00	8.731746e-03
-2.077500e+00	1.046822e-02
-2.075000e+00	1.273498e-02
-2.072500e+00	1.543187e-02
-2.070000e+00	1.803150e-02
-2.067500e+00	1.951330e-02
-2.065000e+00	1.908495e-02
-2.062500e+00	1.710076e-02
-2.060000e+00	1.463596e-02
-2.057500e+00	1.248246e-02
-2.055000e+00	1.092067e-02
-2.052500e+00	9.962248e-03
-2.050000e+00	9.551928e-03
-2.047500e+00	9.647710e-03
-2.045000e+00	1.022646e-02
-2.042500e+00	1.123039e-02
-2.040000e+00	1.244182e-02
-2.037500e+00	1.336366e-02
-2.035000e+00	1.342011e-02
-2.032500e+00	1.252565e-02
-2.030000e+00	1.118002e-02
-2.027500e+00	9.914926e-03
-2.025000e+00	8.979823e-03
-2.022500e+00	8.420235e-03
-2.020000e+00	8.212614e-03
-2.017500e+00	8.333953e-03
-2.015000e+00	8.786709e-03
-2.012500e+00	9.607659e-03
-2.010000e+00	1.087301e-02
-2.007500e+00	1.269973e-02
-2.005000e+00	1.522812e-02
-2.002500e+00	1.854104e-02
-2.000000e+00	2.243700e-02
-1.997500e+00	2.606032e-02
-1.995000e+00	2.790722e-02
-1.992500e+00	2.700418e-02
-1.990000e+00	2.407238e-02
-1.987500e+00	2.067466e-02
-1.985000e+00	1.786089e-02
-1.982500e+00	1.598231e-02
-1.980000e+00	1.505690e-02
-1.977500e+00	1.502717e-02
-1.975000e+00	1.582864e-02
-1.972500e+00	1.730906e-02
-1.970000e+00	1.902117e-02
-1.967500e+00	2.010231e-02
-1.965000e+00	1.976323e-02
-1.962500e+00	1.812869e-02
-1.960000e+00	1.606830e-02
-1.957500e+00	1.432098e-02
-1.955000e+00	1.319547e-02
-1.952500e+00	1.275458e-02
-1.950000e+00	1.300428e-02
-1.947500e+00	1.397582e-02
-1.945000e+00	1.572845e-02
-1.942500e+00	1.826549e-02
-1.940000e+00	2.130559e-02
-1.937500e+00	2.395814e-02
-1.935000e+00	2.485658e-02
-1.932500e+00	2.332509e-02
-1.930000e+00	2.018056e-02
-1.927500e+00	1.675137e-02
-1.925000e+00	1.381168e-02
-1.922500e+00	1.155035e-02
-1.920000e+00	9.895580e-03
-1.917500e+00	8.719163e-03
-1.915000e+00	7.909619e-03
-1.912500e+00	7.387470e-03
-1.910000e+00	7.103093e-03
-1.907500e+00	7.031823e-03
-1.905000e+00	7.169944e-03
-1.902500e+00	7.530508e-03
-1.900000e+00	8.133156e-03
-1.897500e+00	8.974004e-03
-1.895000e+00	9.958745e-03
-1.892500e+00	1.083514e-02
-1.890000e+00	1.129731e-02
-1.887500e+00	1.130769e-02
-1.885000e+00	1.117406e-02
-1.882500e+00	1.124789e-02
-1.880000e+00	1.174189e-02
-1.877500e+00	1.277716e-02
-1.875000e+00	1.446966e-02
-1.872500e+00	1.697554e-02
-1.870000e+00	2.048371e-02
-1.867500e+00	2.511116e-02
-1.865000e+00	3.059382e-02
-1.862500e+00	3.576994e-02
-1.860000e+00	3.855305e-02
-1.857500e+00	3.753533e-02
-1.855000e+00	3.367437e-02
-1.852500e+00	2.917945e-02
-1.850000e+00	2.558632e-02
-1.847500e+00	2.345139e-02
-1.845000e+00	2.284476e-02
-1.842500e+00	2.366674e-02
-1.840000e+00	2.561311e-02
-1.837500e+00	2.786949e-02
-1.835000e+00	2.896960e-02
-1.832500e+00	2.767593e-02
-1.830000e+00	2.428195e-02
-1.827500e+00	2.017536e-02
-1.825000e+00	1.643705e-02
-1.822500e+00	1.344036e-02
-1.820000e+00	1.115913e-02
-1.817500e+00	9.449551e-03
-1.815000e+00	8.168668e-03
-1.812500e+00	7.204782e-03
-1.810000e+00	6.477586e-03
-1.807500e+00	5.931395e-03
-1.805000e+00	5.528607e-03
-1.802500e+00	5.244952e-03
-1.800000e+00	5.066490e-03
-1.797500e+00	4.988038e-03
-1.795000e+00	5.012685e-03
-1.792500e+00	5.151866e-03
-1.790000e+00	5.424559e-03
-1.787500e+00	5.851392e-03
-1.785000e+00	6.433383e-03
-1.782500e+00	7.102059e-03
-1.780000e+00	7.665021e-03
-1.777500e+00	7.876231e-03
-1.775000e+00	7.682110e-03
-1.772500e+00	7.297807e-03
-1.770000e+00	6.977853e-03
-1.767500e+00	6.861616e-03
-1.765000e+00	7.000744e-03
-1.762500e+00	7.422818e-03
-1.760000e+00	8.167380e-03
-1.757500e+00	9.297508e-03
-1.755000e+00	1.088821e-02
-1.752500e+00	1.296721e-02
-1.750000e+00	1.536174e-02
-1.747500e+00	1.748945e-02
-1.745000e+00	1.847536e-02
-1.742500e+00	1.794490e-02
-1.740000e+00	1.651270e-02
-1.737500e+00	1.510580e-02
-1.735000e+00	1.429277e-02
-1.732500e+00	1.428801e-02
-1.730000e+00	1.515371e-02
-1.727500e+00	1.686825e-02
-1.725000e+00	1.919745e-02
-1.722500e+00	2.142188e-02
-1.720000e+00	2.234881e-02
-1.717500e+00	2.121634e-02
-1.715000e+00	1.855917e-02
-1.712500e+00	1.553460e-02
-1.710000e+00	1.289638e-02
-1.707500e+00	1.086112e-02
-1.705000e+00	9.384359e-03
-1.702500e+00	8.357881e-03
-1.700000e+00	7.685357e-03
-1.697500e+00	7.300363e-03
-1.695000e+00	7.166253e-03
-1.692500e+00	7.272281e-03
-1.690000e+00	7.628203e-03
-1.687500e+00	8.251493e-03
-1.685000e+00	9.130987e-03
-1.682500e+00	1.014758e-02
-1.680000e+00	1.099616e-02
-1.677500e+00	1.131135e-02
-1.675000e+00	1.104171e-02
-1.672500e+00	1.052786e-02
-1.670000e+00	1.014558e-02
-1.667500e+00	1.009462e-02
-1.665000e+00	1.045059e-02
-1.662500e+00	1.125999e-02
-1.660000e+00	1.259469e-02
-1.657500e+00	1.457771e-02
-1.655000e+00	1.739305e-02
-1.652500e+00	2.126637e-02
-1.650000e+00	2.635542e-02
-1.647500e+00	3.242294e-02
-1.645000e+00	3.825065e-02
-1.642500e+00	4.148248e-02
-1.640000e+00	4.027755e-02
-1.637500e+00	3.542835e-02
-1.635000e+00	2.939031e-02
-1.632500e+00	2.396495e-02
-1.630000e+00	1.976513e-02
-1.627500e+00	1.676885e-02
-1.625000e+00	1.478140e-02
-1.622500e+00	1.362401e-02
-1.620000e+00	1.317513e-02
-1.617500e+00	1.334160e-02
-1.615000e+00	1.396607e-02
-1.612500e+00	1.467983e-02
-1.610000e+00	1.488556e-02
-1.607500e+00	1.417217e-02
-1.605000e+00	1.275817e-02
-1.602500e+00	1.119769e-02
-1.600000e+00	9.867404e-03
-1.597500e+00	8.881461e-03
-1.595000e+00	8.223446e-03
-1.592500e+00	7.845928e-03
-1.590000e+00	7.710007e-03
-1.587500e+00	7.795986e-03
-1.585000e+00	8.105334e-03
-1.582500e+00	8.661801e-03
-1.580000e+00	9.513722e-03
-1.577500e+00	1.073602e-02
-1.575000e+00	1.242427e-02
-1.572500e+00	1.465794e-02
-1.570000e+00	1.738513e-02
-1.567500e+00	2.020112e-02
-1.565000e+00	2.224703e-02
-1.562500e+00	2.277950e-02
-1.560000e+00	2.205784e-02
-1.557500e+00	2.110774e-02
-1.555000e+00	2.080361e-02
-1.552500e+00	2.159731e-02
-1.550000e+00	2.372930e-02
-1.547500e+00	2.740238e-02
-1.545000e+00	3.274767e-02
-1.542500e+00	3.948242e-02
-1.540000e+00	4.621806e-02
-1.537500e+00	5.015128e-02
-1.535000e+00	4.884658e-02
-1.532500e+00	4.294441e-02
-1.530000e+00	3.534417e-02
-1.527500e+00	2.833203e-02
-1.525000e+00	2.272840e-02
-1.522500e+00	1.851558e-02
-1.520000e+00	1.542365e-02
-1.517500e+00	1.317997e-02
-1.515000e+00	1.157548e-02
-1.512500e+00	1.046772e-02
-1.510000e+00	9.769462e-03
-1.507500e+00	9.437161e-03
-1.505000e+00	9.459868e-03
-1.502500e+00	9.839596e-03
-1.500000e+00	1.054187e-02
-1.497500e+00	1.139299e-02
-1.495000e+00	1.198703e-02
-1.492500e+00	1.186105e-02
-1.490000e+00	1.096002e-02
-1.487500e+00	9.696442e-03
-1.485000e+00	8.495700e-03
-1.482500e+00	7.550639e-03
-1.480000e+00	6.889502e-03
-1.477500e+00	6.484279e-03
-1.475000e+00	6.305166e-03
-1.472500e+00	6.338653e-03
-1.470000e+00	6.591407e-03
-1.467500e+00	7.087647e-03
-1.465000e+00	7.855015e-03
-1.462500e+00	8.879884e-03
-1.460000e+00	1.001005e-02
-1.457500e+00	1.086542e-02
-1.455000e+00	1.100691e-02
-1.452500e+00	1.038817e-02
-1.450000e+00	9.417917e-03
-1.447500e+00	8.520689e-03
-1.445000e+00	7.898029e-03
-1.442500e+00	7.594978e-03
-1.440000e+00	7.607266e-03
-1.437500e+00	7.936395e-03
-1.435000e+00	8.607730e-03
-1.432500e+00	9.667303e-03
-1.430000e+00	1.114878e-02
-1.427500e+00	1.297674e-02
-1.425000e+00	1.479498e-02
-1.422500e+00	1.592056e-02
-1.420000e+00	1.582533e-02
-1.417500e+00	1.475285e-02
-1.415000e+00	1.343677e-02
-1.412500e+00	1.242875e-02
-1.410000e+00	1.194646e-02
-1.407500e+00	1.204004e-02
-1.405000e+00	1.273410e-02
-1.402500e+00	1.409288e-02
-1.400000e+00	1.624335e-02
-1.397500e+00	1.936905e-02
-1.395000e+00	2.364003e-02
-1.392500e+00	2.897833e-02
-1.390000e+00	3.455956e-02
-1.387500e+00	3.841697e-02
-1.385000e+00	3.843227e-02
-1.382500e+00	3.456981e-02
-1.380000e+00	2.891772e-02
-1.377500e+00	2.346090e-02
-1.375000e+00	1.904204e-02
-1.372500e+00	1.574043e-02
-1.370000e+00	1.337459e-02
-1.367500e+00	1.174100e-02
-1.365000e+00	1.068529e-02
-1.362500e+00	1.011087e-02
-1.360000e+00	9.967892e-03
-1.357500e+00	1.022874e-02
-1.355000e+00	1.083275e-02
-1.352500e+00	1.158241e-02
-1.350000e+00	1.206912e-02
-1.347500e+00	1.187964e-02
-1.345000e+00	1.102355e-02
-1.342500e+00	9.910404e-03
-1.340000e+00	8.916427e-03
-1.337500e+00	8.201046e-03
-1.335000e+00	7.786707e-03
-1.332500e+00	7.655696e-03
-1.330000e+00	7.796776e-03
-1.327500e+00	8.221711e-03
-1.325000e+00	8.970979e-03
-1.322500e+00	1.011406e-02
-1.320000e+00	1.173587e-02
-1.317500e+00	1.387918e-02
-1.315000e+00	1.638910e-02
-1.312500e+00	1.867364e-02
-1.310000e+00	1.974709e-02
-1.307500e+00	1.903750e-02
-1.305000e+00	1.707419e-02
-1.302500e+00	1.485739e-02
-1.300000e+00	1.301832e-02
-1.297500e+00	1.174300e-02
-1.295000e+00	1.101149e-02
-1.292500e+00	1.076190e-02
-1.290000e+00	1.095430e-02
-1.287500e+00	1.158990e-02
-1.285000e+00	1.271759e-02
-1.282500e+00	1.443957e-02
-1.280000e+00	1.691400e-02
-1.277500e+00	2.033643e-02
-1.275000e+00	2.484474e-02
-1.272500e+00	3.024029e-02
-1.270000e+00	3.550187e-02
-1.267500e+00	3.870023e-02
-1.265000e+00	3.843744e-02
-1.262500e+00	3.554939e-02
-1.260000e+00	3.219073e-02
-1.257500e+00	2.991300e-02
-1.255000e+00	2.916845e-02
-1.252500e+00	2.951956e-02
-1.250000e+00	2.976380e-02
-1.247500e+00	2.851569e-02
-1.245000e+00	2.546273e-02
-1.242500e+00	2.157318e-02
-1.240000e+00	1.790625e-02
-1.237500e+00	1.492949e-02
-1.235000e+00	1.267651e-02
-1.232500e+00	1.102708e-02
-1.230000e+00	9.847004e-03
-1.227500e+00	9.030347e-03
-1.225000e+00	8.504482e-03
-1.222500e+00	8.225603e-03
-1.220000e+00	8.174118e-03
-1.217500e+00	8.352372e-03
-1.215000e+00	8.785063e-03
-1.212500e+00	9.521921e-03
-1.210000e+00	1.064038e-02
-1.207500e+00	1.224032e-02
-1.205000e+00	1.440719e-02
-1.202500e+00	1.709194e-02
-1.200000e+00	1.986785e-02
-1.197500e+00	2.177846e-02
-1.195000e+00	2.189555e-02
-1.192500e+00	2.035151e-02
-1.190000e+00	1.820601e-02
-1.187500e+00	1.639430e-02
-1.185000e+00	1.533213e-02
-1.182500e+00	1.512587e-02
-1.180000e+00	1.579176e-02
-1.177500e+00	1.731388e-02
-1.175000e+00	1.953638e-02
-1.172500e+00	2.190592e-02
-1.170000e+00	2.335202e-02
-1.167500e+00	2.295146e-02
-1.165000e+00	2.094542e-02
-1.162500e+00	1.843767e-02
-1.160000e+00	1.631777e-02
-1.157500e+00	1.494258e-02
-1.155000e+00	1.437698e-02
-1.152500e+00	1.461956e-02
-1.150000e+00	1.569352e-02
-1.147500e+00	1.763466e-02
-1.145000e+00	2.036178e-02
-1.142500e+00	2.338321e-02
-1.140000e+00	2.553417e-02
-1.137500e+00	2.549625e-02
-1.135000e+00	2.313667e-02
-1.132500e+00	1.965403e-02
-1.130000e+00	1.626299e-02
-1.127500e+00	1.350111e-02
-1.125000e+00	1.142860e-02
-1.122500e+00	9.936012e-03
-1.120000e+00	8.895159e-03
-1.117500e+00	8.205035e-03
-1.115000e+00	7.798091e-03
-1.112500e+00	7.636425e-03
-1.110000e+00	7.707778e-03
-1.107500e+00	8.023869e-03
-1.105000e+00	8.620962e-03
-1.102500e+00	9.560264e-03
-1.100000e+00	1.091992e-02
-1.097500e+00	1.275572e-02
-1.095000e+00	1.498567e-02
-1.092500e+00	1.718741e-02
-1.090000e+00	1.855713e-02
-1.087500e+00	1.850206e-02
-1.085000e+00	1.735973e-02
-1.082500e+00	1.603546e-02
-1.080000e+00	1.521496e-02
-1.077500e+00	1.519813e-02
-1.075000e+00	1.607441e-02
-1.072500e+00	1.780080e-02
-1.070000e+00	2.006429e-02
-1.067500e+00	2.202994e-02
-1.065000e+00	2.250946e-02
-1.062500e+00	2.099011e-02
-1.060000e+00	1.822241e-02
-1.057500e+00	1.531588e-02
-1.055000e+00	1.288659e-02
-1.052500e+00	1.107383e-02
-1.050000e+00	9.815610e-03
-1.047500e+00	9.013882e-03
-1.045000e+00	8.593172e-03
-1.042500e+00	8.513880e-03
-1.040000e+00	8.771724e-03
-1.037500e+00	9.391133e-03
-1.035000e+00	1.040401e-02
-1.032500e+00	1.178657e-02
-1.030000e+00	1.332332e-02
-1.027500e+00	1.448214e-02
-1.025000e+00	1.464890e-02
-1.022500e+00	1.375605e-02
-1.020000e+00	1.236958e-02
-1.017500e+00	1.107725e-02
-1.015000e+00	1.015516e-02
-1.012500e+00	9.659684e-03
-1.010000e+00	9.576006e-03
-1.007500e+00	9.894813e-03
-1.005000e+00	1.064032e-02
-1.002500e+00	1.187864e-02
-1.000000e+00	1.371263e-02
-9.975000e-01	1.624254e-02
-9.950000e-01	1.943495e-02
-9.925000e-01	2.283885e-02
-9.900000e-01	2.534176e-02
-9.875000e-01	2.569981e-02
-9.850000e-01	2.383933e-02
-9.825000e-01	2.096120e-02
-9.800000e-01	1.826052e-02
-9.775000e-01	1.628025e-02
-9.750000e-01	1.511804e-02
-9.725000e-01	1.472805e-02
-9.700000e-01	1.507265e-02
-9.675000e-01	1.617630e-02
-9.650000e-01	1.814255e-02
-9.625000e-01	2.115204e-02
-9.600000e-01	2.541649e-02
-9.575000e-01	3.100088e-02
-9.550000e-01	3.737202e-02
-9.525000e-01	4.278722e-02
-9.500000e-01	4.464335e-02
-9.475000e-01	4.179415e-02
-9.450000e-01	3.594703e-02
-9.425000e-01	2.966006e-02
-9.400000e-01	2.438159e-02
-9.375000e-01	2.046636e-02
-9.350000e-01	1.780326e-02
-9.325000e-01	1.619491e-02
-9.300000e-01	1.548398e-02
-9.275000e-01	1.554754e-02
-9.250000e-01	1.619839e-02
-9.225000e-01	1.701005e-02
-9.200000e-01	1.726912e-02
-9.175000e-01	1.643511e-02
-9.150000e-01	1.471264e-02
-9.125000e-01	1.276244e-02
-9.100000e-01	1.106227e-02
-9.075000e-01	9.766974e-03
-9.050000e-01	8.862325e-03
-9.025000e-01	8.291053e-03
-9.000000e-01	8.004706e-03
-8.975000e-01	7.978237e-03
-8.950000e-01	8.212778e-03
-8.925000e-01	8.736101e-03
-8.900000e-01	9.600970e-03
-8.875000e-01	1.087241e-02
-8.850000e-01	1.257808e-02
-8.825000e-01	1.457827e-02
-8.800000e-01	1.637666e-02
-8.775000e-01	1.718653e-02
-8.750000e-01	1.660449e-02
-8.725000e-01	1.510561e-02
-8.700000e-01	1.349028e-02
-8.675000e-01	1.224774e-02
-8.650000e-01	1.152840e-02
-8.625000e-01	1.133822e-02
-8.600000e-01	1.166684e-02
-8.575000e-01	1.253953e-02
-8.550000e-01	1.403387e-02
-8.525000e-01	1.627644e-02
-8.500000e-01	1.939934e-02
-8.475000e-01	2.338887e-02
-8.450000e-01	2.774409e-02
-8.425000e-01	3.114125e-02
-8.400000e-01	3.199040e-02
-8.375000e-01	3.006798e-02
-8.350000e-01	2.684623e-02
-8.325000e-01	2.393160e-02
-8.300000e-01	2.214025e-02
-8.275000e-01	2.169218e-02
-8.250000e-01	2.252415e-02
-8.225000e-01	2.428870e-02
-8.200000e-01	2.610689e-02
-8.175000e-01	2.661472e-02
-8.150000e-01	2.497641e-02
-8.125000e-01	2.178973e-02
-8.100000e-01	1.830101e-02
-8.075000e-01	1.530274e-02
-8.050000e-01	1.301223e-02
-8.025000e-01	1.137479e-02
-8.000000e-01	1.027457e-02
-7.975000e-01	9.614830e-03
-7.950000e-01	9.337905e-03
-7.925000e-01	9.426541e-03
-7.900000e-01	9.901269e-03
-7.875000e-01	1.081291e-02
-7.850000e-01	1.221445e-02
-7.825000e-01	1.407336e-02
-7.800000e-01	1.608392e-02
-7.775000e-01	1.750616e-02
-7.750000e-01	1.751410e-02
-7.725000e-01	1.605099e-02
-7.700000e-01	1.389644e-02
-7.675000e-01	1.182347e-02
-7.650000e-01	1.017255e-02
-7.625000e-01	8.985737e-03
-7.600000e-01	8.202408e-03
-7.575000e-01	7.754966e-03
-7.550000e-01	7.599062e-03
-7.525000e-01	7.719241e-03
-7.500000e-01	8.126840e-03
-7.475000e-01	8.850589e-03
-7.450000e-01	9.905760e-03
-7.425000e-01	1.121315e-02
-7.400000e-01	1.246897e-02
-7.375000e-01	1.314625e-02
-7.350000e-01	1.290529e-02
-7.325000e-01	1.199898e-02
-7.300000e-01	1.097519e-02
-7.275000e-01	1.020498e-02
-7.250000e-01	9.818893e-03
-7.225000e-01	9.836554e-03
-7.200000e-01	1.026299e-02
-7.175000e-01	1.113054e-02
-7.150000e-01	1.251446e-02
-7.125000e-01	1.453492e-02
-7.100000e-01	1.733196e-02
-7.075000e-01	2.096188e-02
-7.050000e-01	2.512785e-02
-7.025000e-01	2.880028e-02
-7.000000e-01	3.038930e-02
-6.975000e-01	2.914069e-02
-6.950000e-01	2.607300e-02
-6.925000e-01	2.280393e-02
-6.900000e-01	2.030240e-02
-6.875000e-01	1.886825e-02
-6.850000e-01	1.852684e-02
-6.825000e-01	1.927845e-02
-6.800000e-01	2.118132e-02
-6.775000e-01	2.431904e-02
-6.750000e-01	2.861286e-02
-6.725000e-01	3.339256e-02
-6.700000e-01	3.696961e-02
-6.675000e-01	3.731098e-02
-6.650000e-01	3.406079e-02
-6.625000e-01	2.896264e-02
-6.600000e-01	2.391543e-02
-6.575000e-01	1.980798e-02
-6.550000e-01	1.677331e-02
-6.525000e-01	1.466734e-02
-6.500000e-01	1.331437e-02
-6.475000e-01	1.258609e-02
-6.450000e-01	1.241573e-02
-6.425000e-01	1.279255e-02
-6.400000e-01	1.374298e-02
-6.375000e-01	1.527717e-02
-6.350000e-01	1.725482e-02
-6.325000e-01	1.917705e-02
-6.300000e-01	2.020611e-02
-6.275000e-01	1.984197e-02
-6.250000e-01	1.854499e-02
-6.225000e-01	1.723020e-02
-6.200000e-01	1.653090e-02
-6.175000e-01	1.670553e-02
-6.150000e-01	1.779484e-02
-6.125000e-01	1.962377e-02
-6.100000e-01	2.159590e-02
-6.075000e-01	2.261383e-02
-6.050000e-01	2.177822e-02
-6.025000e-01	1.935916e-02
-6.000000e-01	1.642288e-02
-5.975000e-01	1.377969e-02
-5.950000e-01	1.170640e-02
-5.925000e-01	1.018515e-02
-5.900000e-01	9.113727e-03
-5.875000e-01	8.393092e-03
-5.850000e-01	7.950102e-03
-5.825000e-01	7.738384e-03
-5.800000e-01	7.734682e-03
-5.775000e-01	7.936070e-03
-5.750000e-01	8.359249e-03
-5.725000e-01	9.041603e-03
-5.700000e-01	1.004183e-02
-5.675000e-01	1.143292e-02
-5.650000e-01	1.326805e-02
-5.625000e-01	1.548486e-02
-5.600000e-01	1.775597e-02
-5.575000e-01	1.951828e-02
-5.550000e-01	2.049557e-02
-5.525000e-01	2.116003e-02
-5.500000e-01	2.234375e-02
-5.475000e-01	2.467606e-02
-5.450000e-01	2.842584e-02
-5.425000e-01	3.334553e-02
-5.400000e-01	3.822290e-02
-5.375000e-01	4.077555e-02
-5.350000e-01	3.922549e-02
-5.325000e-01	3.429381e-02
-5.300000e-01	2.827235e-02
-5.275000e-01	2.283456e-02
-5.250000e-01	1.853203e-02
-5.225000e-01	1.531500e-02
-5.200000e-01	1.296497e-02
-5.175000e-01	1.127088e-02
-5.150000e-01	1.007335e-02
-5.125000e-01	9.264869e-03
-5.100000e-01	8.780318e-03
-5.075000e-01	8.587338e-03
-5.050000e-01	8.675196e-03
-5.025000e-01	9.032708e-03
-5.000000e-01	9.597831e-03
-4.975000e-01	1.018095e-02
-4.950000e-01	1.047117e-02
-4.925000e-01	1.028093e-02
-4.900000e-01	9.770975e-03
-4.875000e-01	9.266381e-03
-4.850000e-01	8.990633e-03
-4.825000e-01	9.037744e-03
-4.800000e-01	9.448951e-03
-4.775000e-01	1.026357e-02
-4.750000e-01	1.152188e-02
-4.725000e-01	1.320770e-02
-4.700000e-01	1.510644e-02
-4.675000e-01	1.666393e-02
-4.650000e-01	1.721797e-02
-4.625000e-01	1.668139e-02
-4.600000e-01	1.568257e-02
-4.575000e-01	1.491503e-02
-4.550000e-01	1.475559e-02
-4.525000e-01	1.536038e-02
-4.500000e-01	1.683354e-02
-4.475000e-01	1.930269e-02
-4.450000e-01	2.288297e-02
-4.425000e-01	2.747082e-02
-4.400000e-01	3.229724e-02
-4.375000e-01	3.558729e-02
-4.350000e-01	3.547367e-02
-4.325000e-01	3.197033e-02
-4.300000e-01	2.694392e-02
-4.275000e-01	2.213256e-02
-4.250000e-01	1.826083e-02
-4.225000e-01	1.538763e-02
-4.200000e-01	1.334707e-02
-4.175000e-01	1.195498e-02
-4.150000e-01	1.106965e-02
-4.125000e-01	1.059923e-02
-4.100000e-01	1.049617e-02
-4.075000e-01	1.075215e-02
-4.050000e-01	1.139636e-02
-4.025000e-01	1.249615e-02
-4.000000e-01	1.415355e-02
-3.975000e-01	1.647725e-02
-3.950000e-01	1.948090e-02
-3.925000e-01	2.284479e-02
-3.900000e-01	2.565932e-02
-3.875000e-01	2.677146e-02
-3.850000e-01	2.596501e-02
-3.825000e-01	2.431140e-02
-3.800000e-01	2.306388e-02
-3.775000e-01	2.289859e-02
-3.750000e-01	2.394972e-02
-3.725000e-01	2.587126e-02
-3.700000e-01	2.768958e-02
-3.675000e-01	2.803974e-02
-3.650000e-01	2.632446e-02
-3.625000e-01	2.337295e-02
-3.600000e-01	2.043454e-02
-3.575000e-01	1.822896e-02
-3.550000e-01	1.696596e-02
-3.525000e-01	1.664998e-02
-3.500000e-01	1.724148e-02
-3.475000e-01	1.863973e-02
-3.450000e-01	2.050243e-02
-3.425000e-01	2.202328e-02
-3.400000e-01	2.217572e-02
-3.375000e-01	2.066298e-02
-3.350000e-01	1.825379e-02
-3.325000e-01	1.589410e-02
-3.300000e-01	1.406805e-02
-3.275000e-01	1.288210e-02
-3.250000e-01	1.230421e-02
-3.225000e-01	1.229672e-02
-3.200000e-01	1.286431e-02
-3.175000e-01	1.406461e-02
-3.150000e-01	1.599266e-02
-3.125000e-01	1.870874e-02
-3.100000e-01	2.203606e-02
-3.075000e-01	2.521421e-02
-3.050000e-01	2.684259e-02
-3.025000e-01	2.589955e-02
-3.000000e-01	2.292281e-02
-2.975000e-01	1.934688e-02
-2.950000e-01	1.618057e-02
-2.925000e-01	1.375035e-02
-2.900000e-01	1.203106e-02
-2.875000e-01	1.090641e-02
-2.850000e-01	1.027433e-02
-2.825000e-01	1.007439e-02
-2.800000e-01	1.028750e-02
-2.775000e-01	1.092017e-02
-2.750000e-01	1.195911e-02
-2.725000e-01	1.326503e-02
-2.700000e-01	1.443187e-02
-2.675000e-01	1.486518e-02
-2.650000e-01	1.430702e-02
-2.625000e-01	1.315098e-02
-2.600000e-01	1.198826e-02
-2.575000e-01	1.116607e-02
-2.550000e-01	1.079408e-02
-2.525000e-01	1.088854e-02
-2.500000e-01	1.145634e-02
-2.475000e-01	1.250749e-02
-2.450000e-01	1.400034e-02
-2.425000e-01	1.571041e-02
-2.400000e-01	1.712779e-02
-2.375000e-01	1.772352e-02
-2.350000e-01	1.753914e-02
-2.325000e-01	1.719434e-02
-2.300000e-01	1.730863e-02
-2.275000e-01	1.824067e-02
-2.250000e-01	2.018553e-02
-2.225000e-01	2.325682e-02
-2.200000e-01	2.737513e-02
-2.175000e-01	3.191098e-02
-2.150000e-01	3.538323e-02
-2.125000e-01	3.620395e-02
-2.100000e-01	3.439432e-02
-2.075000e-01	3.164754e-02
-2.050000e-01	2.961367e-02
-2.025000e-01	2.901770e-02
-2.000000e-01	2.974634e-02
-1.975000e-01	3.090991e-02
-1.950000e-01	3.102117e-02
-1.925000e-01	2.906850e-02
-1.900000e-01	2.555607e-02
-1.875000e-01	2.176894e-02
-1.850000e-01	1.856781e-02
-1.825000e-01	1.620600e-02
-1.800000e-01	1.464353e-02
-1.775000e-01	1.377946e-02
-1.750000e-01	1.354311e-02
-1.725000e-01	1.391405e-02
-1.700000e-01	1.490485e-02
-1.675000e-01	1.649363e-02
-1.650000e-01	1.846868e-02
-1.625000e-01	2.024715e-02
-1.600000e-01	2.105659e-02
-1.575000e-01	2.069636e-02
-1.550000e-01	1.983928e-02
-1.525000e-01	1.930128e-02
-1.500000e-01	1.940884e-02
-1.475000e-01	1.987477e-02
-1.450000e-01	1.992671e-02
-1.425000e-01	1.889620e-02
-1.400000e-01	1.692483e-02
-1.375000e-01	1.471392e-02
-1.350000e-01	1.279978e-02
-1.325000e-01	1.136140e-02
-1.300000e-01	1.038363e-02
-1.275000e-01	9.801362e-03
-1.250000e-01	9.560185e-03
-1.225000e-01	9.632715e-03
-1.200000e-01	1.001853e-02
-1.175000e-01	1.073463e-02
-1.150000e-01	1.179200e-02
-1.125000e-01	1.316277e-02
-1.100000e-01	1.479073e-02
-1.075000e-01	1.667707e-02
-1.050000e-01	1.883586e-02
-1.025000e-01	2.096130e-02
-1.000000e-01	2.224421e-02
-9.750000e-02	2.198417e-02
-9.500000e-02	2.046462e-02
-9.250000e-02	1.864823e-02
-9.000000e-02	1.728417e-02
-8.750000e-02	1.668325e-02
-8.500000e-02	1.693437e-02
-8.250000e-02	1.809240e-02
-8.000000e-02	2.024546e-02
-7.750000e-02	2.347430e-02
-7.500000e-02	2.766415e-02
-7.250000e-02	3.215207e-02
-7.000000e-02	3.557106e-02
-6.750000e-02	3.657982e-02
-6.500000e-02	3.487048e-02
-6.250000e-02	3.114366e-02
-6.000000e-02	2.661629e-02
-5.750000e-02	2.241123e-02
-5.500000e-02	1.908977e-02
-5.250000e-02	1.673882e-02
-5.000000e-02	1.525051e-02
-4.750000e-02	1.447570e-02
-4.500000e-02	1.423270e-02
-4.250000e-02	1.423527e-02
-4.000000e-02	1.408829e-02
-3.750000e-02	1.353692e-02
-3.500000e-02	1.271348e-02
-3.250000e-02	1.194446e-02
-3.000000e-02	1.144470e-02
-2.750000e-02	1.126034e-02
-2.500000e-02	1.134079e-02
-2.250000e-02	1.161706e-02
-2.000000e-02	1.202234e-02
-1.750000e-02	1.243855e-02
-1.500000e-02	1.274668e-02
-1.250000e-02	1.299357e-02
-1.000000e-02	1.333539e-02
-7.500000e-03	1.377248e-02
-5.000000e-03	1.403988e-02
-2.500000e-03	1.381967e-02
-6.394885e-14	1.308074e-02
2.500000e-03	1.210317e-02
5.000000e-03	1.119231e-02
7.500000e-03	1.049625e-02
1.000000e-02	1.003378e-02
1.250000e-02	9.772495e-03
1.500000e-02	9.672904e-03
1.750000e-02	9.702904e-03
2.000000e-02	9.839823e-03
2.250000e-02	1.006893e-02
2.500000e-02	1.038156e-02
2.750000e-02	1.077358e-02
3.000000e-02	1.124443e-02
3.250000e-02	1.179645e-02
3.500000e-02	1.243462e-02
3.750000e-02	1.316641e-02
4.000000e-02	1.400193e-02
4.250000e-02	1.495418e-02
4.500000e-02	1.603950e-02
4.750000e-02	1.727824e-02
5.000000e-02	1.869569e-02
5.250000e-02	2.032324e-02
5.500000e-02	2.220011e-02
5.750000e-02	2.437555e-02
6.000000e-02	2.691191e-02
6.250000e-02	2.988879e-02
6.500000e-02	3.340895e-02
6.750000e-02	3.760643e-02
7.000000e-02	4.265822e-02
7.250000e-02	4.880113e-02
7.500000e-02	5.635621e-02
7.750000e-02	6.576492e-02
8.000000e-02	7.764244e-02
8.250000e-02	9.285639e-02
8.500000e-02	1.126400e-01
8.750000e-02	1.387437e-01
9.000000e-02	1.735996e-01
9.250000e-02	2.203609e-01
9.500000e-02	2.823498e-01
9.750000e-02	3.606891e-01
1.000000e-01	4.482218e-01
1.025000e-01	5.214018e-01
1.050000e-01	5.454454e-01
1.075000e-01	5.056874e-01
1.100000e-01	4.254853e-01
1.125000e-01	3.388239e-01
1.150000e-01	2.645140e-01
1.175000e-01	2.067331e-01
1.200000e-01	1.633805e-01
1.225000e-01	1.310552e-01
1.250000e-01	1.067759e-01
1.275000e-01	8.830101e-02
1.300000e-01	7.403105e-02
1.325000e-01	6.284092e-02
1.350000e-01	5.393792e-02
1.375000e-01	4.675833e-02
1.400000e-01	4.089618e-02
1.425000e-01	3.605510e-02
1.450000e-01	3.201564e-02
1.475000e-01	2.861312e-02
1.500000e-01	2.572234e-02
1.525000e-01	2.324694e-02
1.550000e-01	2.111190e-02
1.575000e-01	1.925822e-02
1.600000e-01	1.763900e-02
1.625000e-01	1.621662e-02
1.650000e-01	1.496064e-02
1.675000e-01	1.384626e-02
1.700000e-01	1.285308e-02
1.725000e-01	1.196423e-02
1.750000e-01	1.116565e-02
1.775000e-01	1.044556e-02
1.800000e-01	9.794043e-03
1.825000e-01	9.202674e-03
1.850000e-01	8.664288e-03
1.875000e-01	8.172750e-03
1.900000e-01	7.722785e-03
1.925000e-01	7.309837e-03
1.950000e-01	6.929956e-03
1.975000e-01	6.579702e-03
2.000000e-01	6.256073e-03
2.025000e-01	5.956433e-03
2.050000e-01	5.678467e-03
2.075000e-01	5.420131e-03
2.100000e-01	5.179616e-03
2.125000e-01	4.955316e-03
2.150000e-01	4.745802e-03
2.175000e-01	4.549799e-03
2.200000e-01	4.366167e-03
2.225000e-01	4.193882e-03
2.250000e-01	4.032025e-03
2.275000e-01	3.879769e-03
2.300000e-01	3.736366e-03
2.325000e-01	3.601138e-03
2.350000e-01	3.473475e-03
2.375000e-01	3.352819e-03
2.400000e-01	3.238664e-03
2.425000e-01	3.130549e-03
2.450000e-01	3.028053e-03
2.475000e-01	2.930792e-03
2.500000e-01	2.838412e-03
2.525000e-01	2.750590e-03
2.550000e-01	2.667029e-03
2.575000e-01	2.587458e-03
2.600000e-01	2.511622e-03
2.625000e-01	2.439292e-03
2.650000e-01	2.370253e-03
2.675000e-01	2.304306e-03
2.700000e-01	2.241269e-03
2.725000e-01	2.180971e-03
2.750000e-01	2.123256e-03
2.775000e-01	2.067975e-03
2.800000e-01	2.014994e-03
2.825000e-01	1.964185e-03
2.850000e-01	1.915430e-03
2.875000e-01	1.868619e-03
2.900000e-01	1.823650e-03
2.925000e-01	1.780426e-03
2.950000e-01	1.738857e-03
2.975000e-01	1.698860e-03
3.000000e-01	1.660354e-03
3.025000e-01	1.623267e-03
3.050000e-01	1.587529e-03
3.075000e-01	1.553074e-03
3.100000e-01	1.519841e-03
3.125000e-01	1.487774e-03
3.150000e-01	1.456817e-03
3.175000e-01	1.426919e-03
3.200000e-01	1.398032e-03
3.225000e-01	1.370110e-03
3.250000e-01	1.343111e-03
3.275000e-01	1.316995e-03
3.300000e-01	1.291722e-03
3.325000e-01	1.267256e-03
3.350000e-01	1.243564e-03
3.375000e-01	1.220612e-03
3.400000e-01	1.198370e-03
3.425000e-01	1.176808e-03
3.450000e-01	1.155899e-03
3.475000e-01	1.135617e-03
3.500000e-01	1.115936e-03
3.525000e-01	1.096833e-03
3.550000e-01	1.078285e-03
3.575000e-01	1.060270e-03
3.600000e-01	1.042769e-03
3.625000e-01	1.025762e-03
3.650000e-01	1.009230e-03
3.675000e-01	9.931549e-04
3.700000e-01	9.775210e-04
3.725000e-01	9.623116e-04
3.750000e-01	9.475116e-04
3.775000e-01	9.331061e-04
3.800000e-01	9.190812e-04
3.825000e-01	9.054235e-04
3.850000e-01	8.921203e-04
3.875000e-01	8.791593e-04
3.900000e-01	8.665287e-04
3.925000e-01	8.542175e-04
3.950000e-01	8.422149e-04
3.975000e-01	8.305105e-04
4.000000e-01	8.190946e-04
4.025000e-01	8.079577e-04
4.050000e-01	7.970908e-04
4.075000e-01	7.864852e-04
4.100000e-01	7.761325e-04
4.125000e-01	7.660247e-04
4.150000e-01	7.561542e-04
4.175000e-01	7.465136e-04
4.200000e-01	7.370958e-04
4.225000e-01	7.278939e-04
4.250000e-01	7.189015e-04
4.275000e-01	7.101122e-04
4.300000e-01	7.015199e-04
4.325000e-01	6.931189e-04
4.350000e-01	6.849035e-04
4.375000e-01	6.768682e-04
4.400000e-01	6.690080e-04
4.425000e-01	6.613177e-04
4.450000e-01	6.537925e-04
4.475000e-01	6.464277e-04
4.500000e-01	6.392189e-04
4.525000e-01	6.321617e-04
4.550000e-01	6.252519e-04
4.575000e-01	6.184855e-04
4.600000e-01	6.118586e-04
4.625000e-01	6.053674e-04
4.650000e-01	5.990083e-04
4.675000e-01	5.927777e-04
4.700000e-01	5.866723e-04
4.725000e-01	5.806887e-04
4.750000e-01	5.748239e-04
4.775000e-01	5.690747e-04
4.800000e-01	5.634382e-04
4.825000e-01	5.579115e-04
4.850000e-01	5.524918e-04
4.875000e-01	5.471765e-04
4.900000e-01	5.419629e-04
4.925000e-01	5.368485e-04
4.950000e-01	5.318309e-04
4.975000e-01	5.269077e-04
5.000000e-01	5.220767e-04
5.025000e-01	5.173356e-04
5.050000e-01	5.126822e-04
5.075000e-01	5.081145e-04
5.100000e-01	5.036305e-04
5.125000e-01	4.992282e-04
5.150000e-01	4.949057e-04
5.175000e-01	4.906611e-04
5.200000e-01	4.864928e-04
5.225000e-01	4.823989e-04
5.250000e-01	4.783777e-04
5.275000e-01	4.744277e-04
5.300000e-01	4.705472e-04
5.325000e-01	4.667347e-04
5.350000e-01	4.629887e-04
5.375000e-01	4.593077e-04
5.400000e-01	4.556904e-04
5.425000e-01	4.521353e-04
5.450000e-01	4.486412e-04
5.475000e-01	4.452068e-04
5.500000e-01	4.418307e-04
5.525000e-01	4.385117e-04
5.550000e-01	4.352487e-04
5.575000e-01	4.320406e-04
5.600000e-01	4.288861e-04
5.625000e-01	4.257842e-04
5.650000e-01	4.227338e-04
5.675000e-01	4.197339e-04
5.700000e-01	4.167835e-04
5.725000e-01	4.138815e-04
5.750000e-01	4.110271e-04
5.775000e-01	4.082194e-04
5.800000e-01	4.054573e-04
5.825000e-01	4.027400e-04
5.850000e-01	4.000667e-04
5.875000e-01	3.974366e-04
5.900000e-01	3.948487e-04
5.925000e-01	3.923024e-04
5.950000e-01	3.897968e-04
5.975000e-01	3.873312e-04
6.000000e-01	3.849049e-04
6.025000e-01	3.825171e-04
6.050000e-01	3.801672e-04
6.075000e-01	3.778544e-04
6.100000e-01	3.755782e-04
6.125000e-01	3.733378e-04
6.150000e-01	3.711327e-04
6.175000e-01	3.689622e-04
6.200000e-01	3.668257e-04
6.225000e-01	3.647227e-04
6.250000e-01	3.626525e-04
6.275000e-01	3.606147e-04
6.300000e-01	3.586087e-04
6.325000e-01	3.566339e-04
6.350000e-01	3.546899e-04
6.375000e-01	3.527762e-04
6.400000e-01	3.508922e-04
6.425000e-01	3.490375e-04
6.450000e-01	3.472116e-04
6.475000e-01	3.454141e-04
6.500000e-01	3.436445e-04
6.525000e-01	3.419024e-04
6.550000e-01	3.401875e-04
6.575000e-01	3.384991e-04
6.600000e-01	3.368371e-04
6.625000e-01	3.352010e-04
6.650000e-01	3.335903e-04
6.675000e-01	3.320048e-04
6.700000e-01	3.304441e-04
6.725000e-01	3.289078e-04
6.750000e-01	3.273956e-04
6.775000e-01	3.259072e-04
6.800000e-01	3.244421e-04
6.825000e-01	3.230002e-04
6.850000e-01	3.215811e-04
6.875000e-01	3.201845e-04
6.900000e-01	3.188101e-04
6.925000e-01	3.174577e-04
6.950000e-01	3.161269e-04
6.975000e-01	3.148174e-04
7.000000e-01	3.135291e-04
7.025000e-01	3.122617e-04
7.050000e-01	3.110148e-04
7.075000e-01	3.097884e-04
7.100000e-01	3.085820e-04
7.125000e-01	3.073956e-04
7.150000e-01	3.062289e-04
7.175000e-01	3.050816e-04
7.200000e-01	3.039536e-04
7.225000e-01	3.028447e-04
7.250000e-01	3.017547e-04
7.275000e-01	3.006833e-04
7.300000e-01	2.996304e-04
7.325000e-01	2.985958e-04
7.350000e-01	2.975794e-04
7.375000e-01	2.965810e-04
7.400000e-01	2.956004e-04
7.425000e-01	2.946374e-04
7.450000e-01	2.936920e-04
7.475000e-01	2.927639e-04
7.500000e-01	2.918531e-04
7.525000e-01	2.909593e-04
7.550000e-01	2.900826e-04
7.575000e-01	2.892227e-04
7.600000e-01	2.883796e-04
7.625000e-01	2.875531e-04
7.650000e-01	2.867431e-04
7.675000e-01	2.859496e-04
7.700000e-01	2.851724e-04
7.725000e-01	2.844115e-04
7.750000e-01	2.836667e-04
7.775000e-01	2.829381e-04
7.800000e-01	2.822255e-04
7.825000e-01	2.815288e-04
7.850000e-01	2.808480e-04
7.875000e-01	2.801832e-04
7.900000e-01	2.795341e-04
7.925000e-01	2.789008e-04
7.950000e-01	2.782832e-04
7.975000e-01	2.776813e-04
8.000000e-01	2.770951e-04
8.025000e-01	2.765246e-04
8.050000e-01	2.759697e-04
8.075000e-01	2.754305e-04
8.100000e-01	2.749069e-04
8.125000e-01	2.743990e-04
8.150000e-01	2.739068e-04
8.175000e-01	2.734303e-04
8.200000e-01	2.729695e-04
8.225000e-01	2.725245e-04
8.250000e-01	2.720953e-04
8.275000e-01	2.716820e-04
8.300000e-01	2.712846e-04
8.325000e-01	2.709032e-04
8.350000e-01	2.705379e-04
8.375000e-01	2.701888e-04
8.400000e-01	2.698559e-04
8.425000e-01	2.695393e-04
8.450000e-01	2.692393e-04
8.475000e-01	2.689558e-04
8.500000e-01	2.686891e-04
8.525000e-01	2.684393e-04
8.550000e-01	2.682064e-04
8.575000e-01	2.679908e-04
8.600000e-01	2.677926e-04
8.625000e-01	2.676119e-04
8.650000e-01	2.674490e-04
8.675000e-01	2.673040e-04
8.700000e-01	2.671773e-04
8.725000e-01	2.670691e-04
8.750000e-01	2.669795e-04
8.775000e-01	2.669089e-04
8.800000e-01	2.668577e-04
8.825000e-01	2.668260e-04
8.850000e-01	2.668143e-04
8.875000e-01	2.668228e-04
8.900000e-01	2.668519e-04
8.925000e-01	2.669021e-04
8.950000e-01	2.669738e-04
8.975000e-01	2.670673e-04
9.000000e-01	2.671831e-04
9.025000e-01	2.673218e-04
9.050000e-01	2.674838e-04
9.075000e-01	2.676697e-04
9.100000e-01	2.678800e-04
9.125000e-01	2.681154e-04
9.150000e-01	2.683766e-04
9.175000e-01	2.686641e-04
9.200000e-01	2.689788e-04
9.225000e-01	2.693213e-04
9.250000e-01	2.696925e-04
9.275000e-01	2.700933e-04
9.300000e-01	2.705246e-04
9.325000e-01	2.709873e-04
9.350000e-01	2.714824e-04
9.375000e-01	2.720111e-04
9.400000e-01	2.725745e-04
9.425000e-01	2.731738e-04
9.450000e-01	2.738103e-04
9.475000e-01	2.744854e-04
9.500000e-01	2.752007e-04
9.525000e-01	2.759577e-04
9.550000e-01	2.767580e-04
9.575000e-01	2.776035e-04
9.600000e-01	2.784961e-04
9.625000e-01	2.794378e-04
9.650000e-01	2.804309e-04
9.675000e-01	2.814778e-04
9.700000e-01	2.825809e-04
9.725000e-01	2.837430e-04
9.750000e-01	2.849671e-04
9.775000e-01	2.862562e-04
9.800000e-01	2.876139e-04
9.825000e-01	2.890438e-04
9.850000e-01	2.905498e-04
9.875000e-01	2.921364e-04
9.900000e-01	2.938082e-04
9.925000e-01	2.955703e-04
9.950000e-01	2.974283e-04
9.975000e-01	2.993882e-04
1.000000e+00	3.014566e-04
1.002500e+00	3.036409e-04
1.005000e+00	3.059489e-04
1.007500e+00	3.083895e-04
1.010000e+00	3.109723e-04
1.012500e+00	3.137080e-04
1.015000e+00	3.166085e-04
1.017500e+00	3.196869e-04
1.020000e+00	3.229579e-04
1.022500e+00	3.264379e-04
1.025000e+00	3.301454e-04
1.027500e+00	3.341011e-04
1.030000e+00	3.383284e-04
1.032500e+00	3.428540e-04
1.035000e+00	3.477081e-04
1.037500e+00	3.529254e-04
1.040000e+00	3.585458e-04
1.042500e+00	3.646154e-04
1.045000e+00	3.711877e-04
1.047500e+00	3.783254e-04
1.050000e+00	3.861022e-04
1.052500e+00	3.946054e-04
1.055000e+00	4.039392e-04
1.057500e+00	4.142291e-04
1.060000e+00	4.256272e-04
1.062500e+00	4.383200e-04
1.065000e+00	4.525387e-04
1.067500e+00	4.685725e-04
1.070000e+00	4.867880e-04
1.072500e+00	5.076562e-04
1.075000e+00	5.317905e-04
1.077500e+00	5.600014e-04
1.080000e+00	5.933768e-04
1.082500e+00	6.333967e-04
1.085000e+00	6.820975e-04
1.087500e+00	7.422929e-04
1.090000e+00	8.178211e-04
1.092500e+00	9.136580e-04
1.095000e+00	1.035342e-03
1.097500e+00	1.186330e-03
1.100000e+00	1.361530e-03
1.102500e+00	1.540505e-03
1.105000e+00	1.697951e-03
1.107500e+00	1.836648e-03
1.110000e+00	1.992848e-03
1.112500e+00	2.193232e-03
1.115000e+00	2.414775e-03
1.117500e+00	2.586261e-03
1.120000e+00	2.655222e-03
1.122500e+00	2.654048e-03
1.125000e+00	2.650689e-03
1.127500e+00	2.665577e-03
1.130000e+00	2.679502e-03
1.132500e+00	2.699803e-03
1.135000e+00	2.771545e-03
1.137500e+00	2.922456e-03
1.140000e+00	3.122539e-03
1.142500e+00	3.299239e-03
1.145000e+00	3.416740e-03
1.147500e+00	3.523655e-03
1.150000e+00	3.671873e-03
1.152500e+00	3.815782e-03
1.155000e+00	3.825345e-03
1.157500e+00	3.631160e-03
1.160000e+00	3.319035e-03
1.162500e+00	3.028873e-03
1.165000e+00	2.845725e-03
1.167500e+00	2.798241e-03
1.170000e+00	2.890660e-03
1.172500e+00	3.115358e-03
1.175000e+00	3.439823e-03
1.177500e+00	3.785911e-03
1.180000e+00	4.059199e-03
1.182500e+00	4.246369e-03
1.185000e+00	4.425895e-03
1.187500e+00	4.630145e-03
1.190000e+00	4.751242e-03
1.192500e+00	4.636367e-03
1.195000e+00	4.288571e-03
1.197500e+00	3.873254e-03
1.200000e+00	3.546108e-03
1.202500e+00	3.377003e-03
1.205000e+00	3.376435e-03
1.207500e+00	3.518102e-03
1.210000e+00	3.726703e-03
1.212500e+00	3.871174e-03
1.215000e+00	3.844755e-03
1.217500e+00	3.680510e-03
1.220000e+00	3.512598e-03
1.222500e+00	3.453056e-03
1.225000e+00	3.555284e-03
1.227500e+00	3.832484e-03
1.230000e+00	4.255742e-03
1.232500e+00	4.716706e-03
1.235000e+00	5.018954e-03
1.237500e+00	5.016215e-03
1.240000e+00	4.785637e-03
1.242500e+00	4.545480e-03
1.245000e+00	4.462210e-03
1.247500e+00	4.594600e-03
1.250000e+00	4.903286e-03
1.252500e+00	5.232500e-03
1.255000e+00	5.334414e-03
1.257500e+00	5.060167e-03
1.260000e+00	4.521974e-03
1.262500e+00	3.947269e-03
1.265000e+00	3.481150e-03
1.267500e+00	3.167140e-03
1.270000e+00	3.002850e-03
1.272500e+00	2.978241e-03
1.275000e+00	3.089325e-03
1.277500e+00	3.336898e-03
1.280000e+00	3.710744e-03
1.282500e+00	4.154922e-03
1.285000e+00	4.538975e-03
1.287500e+00	4.723993e-03
1.290000e+00	4.719824e-03
1.292500e+00	4.694272e-03
1.295000e+00	4.813432e-03
1.297500e+00	5.145286e-03
1.300000e+00	5.634278e-03
1.302500e+00	6.072600e-03
1.305000e+00	6.167941e-03
1.307500e+00	5.807076e-03
1.310000e+00	5.185592e-03
1.312500e+00	4.577315e-03
1.315000e+00	4.135948e-03
1.317500e+00	3.906232e-03
1.320000e+00	3.889665e-03
1.322500e+00	4.075362e-03
1.325000e+00	4.428303e-03
1.327500e+00	4.841804e-03
1.330000e+00	5.106341e-03
1.332500e+00	5.023620e-03
1.335000e+00	4.614812e-03
1.337500e+00	4.088926e-03
1.340000e+00	3.627621e-03
1.342500e+00	3.305817e-03
1.345000e+00	3.134851e-03
1.347500e+00	3.109136e-03
1.350000e+00	3.227252e-03
1.352500e+00	3.496036e-03
1.355000e+00	3.921283e-03
1.357500e+00	4.477227e-03
1.360000e+00	5.051497e-03
1.362500e+00	5.427720e-03
1.365000e+00	5.435807e-03
1.367500e+00	5.154102e-03
1.370000e+00	4.827442e-03
1.372500e+00	4.650329e-03
1.375000e+00	4.712285e-03
1.377500e+00	5.040804e-03
1.380000e+00	5.615539e-03
1.382500e+00	6.317816e-03
1.385000e+00	6.863744e-03
1.387500e+00	6.907753e-03
1.390000e+00	6.374724e-03
1.392500e+00	5.544546e-03
1.395000e+00	4.735289e-03
1.397500e+00	4.101847e-03
1.400000e+00	3.674130e-03
1.402500e+00	3.437370e-03
1.405000e+00	3.373717e-03
1.407500e+00	3.472973e-03
1.410000e+00	3.723670e-03
1.412500e+00	4.082382e-03
1.415000e+00	4.427005e-03
1.417500e+00	4.564884e-03
1.420000e+00	4.385821e-03
1.422500e+00	3.989724e-03
1.425000e+00	3.565274e-03
1.427500e+00	3.232253e-03
1.430000e+00	3.028607e-03
1.432500e+00	2.956303e-03
1.435000e+00	3.012887e-03
1.437500e+00	3.204147e-03
1.440000e+00	3.546922e-03
1.442500e+00	4.063806e-03
1.445000e+00	4.760801e-03
1.447500e+00	5.570886e-03
1.450000e+00	6.277894e-03
1.452500e+00	6.560154e-03
1.455000e+00	6.279041e-03
1.457500e+00	5.652834e-03
1.460000e+00	5.008149e-03
1.462500e+00	4.537432e-03
1.465000e+00	4.302367e-03
1.467500e+00	4.312500e-03
1.470000e+00	4.569185e-03
1.472500e+00	5.065674e-03
1.475000e+00	5.742773e-03
1.477500e+00	6.407124e-03
1.480000e+00	6.720845e-03
1.482500e+00	6.445443e-03
1.485000e+00	5.712147e-03
1.487500e+00	4.856242e-03
1.490000e+00	4.109782e-03
1.492500e+00	3.546861e-03
1.495000e+00	3.162009e-03
1.497500e+00	2.930522e-03
1.500000e+00	2.832455e-03
1.502500e+00	2.857658e-03
1.505000e+00	3.000894e-03
1.507500e+00	3.244976e-03
1.510000e+00	3.527538e-03
1.512500e+00	3.717560e-03
1.515000e+00	3.683226e-03
1.517500e+00	3.430097e-03
1.520000e+00	3.092242e-03
1.522500e+00	2.792068e-03
1.525000e+00	2.581987e-03
1.527500e+00	2.470693e-03
1.530000e+00	2.454560e-03
1.532500e+00	2.532742e-03
1.535000e+00	2.712151e-03
1.537500e+00	3.007299e-03
1.540000e+00	3.433372e-03
1.542500e+00	3.983180e-03
1.545000e+00	4.577660e-03
1.547500e+00	5.023752e-03
1.550000e+00	5.107247e-03
1.552500e+00	4.818646e-03
1.555000e+00	4.370073e-03
1.557500e+00	3.973478e-03
1.560000e+00	3.730126e-03
1.562500e+00	3.667782e-03
1.565000e+00	3.794028e-03
1.567500e+00	4.122350e-03
1.570000e+00	4.676312e-03
1.572500e+00	5.471435e-03
1.575000e+00	6.457391e-03
1.577500e+00	7.415492e-03
1.580000e+00	7.932942e-03
1.582500e+00	7.691887e-03
1.585000e+00	6.832630e-03
1.587500e+00	5.779547e-03
1.590000e+00	4.841529e-03
1.592500e+00	4.122745e-03
1.595000e+00	3.619035e-03
1.597500e+00	3.297474e-03
1.600000e+00	3.128988e-03
1.602500e+00	3.096228e-03
1.605000e+00	3.190490e-03
1.607500e+00	3.398425e-03
1.610000e+00	3.672958e-03
1.612500e+00	3.900960e-03
1.615000e+00	3.937984e-03
1.617500e+00	3.743084e-03
1.620000e+00	3.426019e-03
1.622500e+00	3.121228e-03
1.625000e+00	2.897567e-03
1.627500e+00	2.770372e-03
1.630000e+00	2.735293e-03
1.632500e+00	2.787057e-03
1.635000e+00	2.926435e-03
1.637500e+00	3.162791e-03
1.640000e+00	3.515824e-03
1.642500e+00	4.017390e-03
1.645000e+00	4.711863e-03
1.647500e+00	5.648675e-03
1.650000e+00	6.849835e-03
1.652500e+00	8.224164e-03
1.655000e+00	9.445003e-03
1.657500e+00	1.000256e-02
1.660000e+00	9.651428e-03
1.662500e+00	8.719385e-03
1.665000e+00	7.734713e-03
1.667500e+00	7.020895e-03
1.670000e+00	6.687380e-03
1.672500e+00	6.755594e-03
1.675000e+00	7.232537e-03
1.677500e+00	8.112348e-03
1.680000e+00	9.303315e-03
1.682500e+00	1.048762e-02
1.685000e+00	1.108816e-02
1.687500e+00	1.066768e-02
1.690000e+00	9.419639e-03
1.692500e+00	7.920419e-03
1.695000e+00	6.584790e-03
1.697500e+00	5.548472e-03
1.700000e+00	4.800223e-03
1.702500e+00	4.289307e-03
1.705000e+00	3.969286e-03
1.707500e+00	3.809548e-03
1.710000e+00	3.796132e-03
1.712500e+00	3.929593e-03
1.715000e+00	4.219724e-03
1.717500e+00	4.670143e-03
1.720000e+00	5.239091e-03
1.722500e+00	5.778144e-03
1.725000e+00	6.036933e-03
1.727500e+00	5.860543e-03
1.730000e+00	5.372596e-03
1.732500e+00	4.826773e-03
1.735000e+00	4.389116e-03
1.737500e+00	4.112629e-03
1.740000e+00	3.997739e-03
1.742500e+00	4.035542e-03
1.745000e+00	4.225617e-03
1.747500e+00	4.582216e-03
1.750000e+00	5.136778e-03
1.752500e+00	5.937467e-03
1.755000e+00	7.038451e-03
1.757500e+00	8.457690e-03
1.760000e+00	1.007046e-02
1.762500e+00	1.146994e-02
1.765000e+00	1.206334e-02
1.767500e+00	1.161969e-02
1.770000e+00	1.057056e-02
1.772500e+00	9.531233e-03
1.775000e+00	8.864120e-03
1.777500e+00	8.696238e-03
1.780000e+00	9.062741e-03
1.782500e+00	9.973587e-03
1.785000e+00	1.137474e-02
1.787500e+00	1.299806e-02
1.790000e+00	1.420650e-02
1.792500e+00	1.424535e-02
1.795000e+00	1.298392e-02
1.797500e+00	1.106092e-02
1.800000e+00	9.167457e-03
1.802500e+00	7.623619e-03
1.805000e+00	6.473710e-03
1.807500e+00	5.661166e-03
1.810000e+00	5.117588e-03
1.812500e+00	4.791024e-03
1.815000e+00	4.650887e-03
1.817500e+00	4.686731e-03
1.820000e+00	4.905932e-03
1.822500e+00	5.328739e-03
1.825000e+00	5.972077e-03
1.827500e+00	6.803497e-03
1.830000e+00	7.654534e-03
1.832500e+00	8.180344e-03
1.835000e+00	8.077521e-03
1.837500e+00	7.423291e-03
1.840000e+00	6.581186e-03
1.842500e+00	5.843775e-03
1.845000e+00	5.323661e-03
1.847500e+00	5.031761e-03
1.850000e+00	4.952261e-03
1.852500e+00	5.076259e-03
1.855000e+00	5.412698e-03
1.857500e+00	5.990116e-03
1.860000e+00	6.849678e-03
1.862500e+00	8.015601e-03
1.865000e+00	9.414104e-03
1.867500e+00	1.074183e-02
1.870000e+00	1.146689e-02
1.872500e+00	1.124543e-02
1.875000e+00	1.033605e-02
1.877500e+00	9.299698e-03
1.880000e+00	8.519636e-03
1.882500e+00	8.136128e-03
1.885000e+00	8.179111e-03
1.887500e+00	8.666823e-03
1.890000e+00	9.645972e-03
1.892500e+00	1.119430e-02
1.895000e+00	1.337731e-02
1.897500e+00	1.610832e-02
1.900000e+00	1.887520e-02
1.902500e+00	2.059088e-02
1.905000e+00	2.024779e-02
1.907500e+00	1.802673e-02
1.910000e+00	1.506801e-02
1.912500e+00	1.231813e-02
1.915000e+00	1.013645e-02
1.917500e+00	8.533051e-03
1.920000e+00	7.410454e-03
1.922500e+00	6.670131e-03
1.925000e+00	6.242346e-03
1.927500e+00	6.087787e-03
1.930000e+00	6.187868e-03
1.932500e+00	6.520269e-03
1.935000e+00	7.005689e-03
1.937500e+00	7.438926e-03
1.940000e+00	7.527086e-03
1.942500e+00	7.141779e-03
1.945000e+00	6.466602e-03
1.947500e+00	5.776265e-03
1.950000e+00	5.225207e-03
1.952500e+00	4.850754e-03
1.955000e+00	4.641307e-03
1.957500e+00	4.577652e-03
1.960000e+00	4.648088e-03
1.962500e+00	4.852672e-03
1.965000e+00	5.204815e-03
1.967500e+00	5.733396e-03
1.970000e+00	6.486212e-03
1.972500e+00	7.533939e-03
1.975000e+00	8.969868e-03
1.977500e+00	1.088978e-02
1.980000e+00	1.331261e-02
1.982500e+00	1.598687e-02
1.985000e+00	1.816113e-02
1.987500e+00	1.881651e-02
1.990000e+00	1.764091e-02
1.992500e+00	1.542262e-02
1.995000e+00	1.315808e-02
1.997500e+00	1.136924e-02
2.000000e+00	1.017616e-02
2.002500e+00	9.544898e-03
2.005000e+00	9.427400e-03
2.007500e+00	9.811493e-03
2.010000e+00	1.073121e-02
2.012500e+00	1.225208e-02
2.015000e+00	1.440757e-02
2.017500e+00	1.702802e-02
2.020000e+00	1.946492e-02
2.022500e+00	2.059337e-02
2.025000e+00	1.968044e-02
2.027500e+00	1.724287e-02
2.030000e+00	1.441503e-02
2.032500e+00	1.194649e-02
2.035000e+00	1.006248e-02
2.037500e+00	8.731934e-03
2.040000e+00	7.862299e-03
2.042500e+00	7.375369e-03
2.045000e+00	7.225389e-03
2.047500e+00	7.394639e-03
2.050000e+00	7.871036e-03
2.052500e+00	8.591616e-03
2.055000e+00	9.345510e-03
2.057500e+00	9.744584e-03
2.060000e+00	9.483136e-03
2.062500e+00	8.678437e-03
2.065000e+00	7.720308e-03
2.067500e+00	6.898803e-03
2.070000e+00	6.315500e-03
2.072500e+00	5.971810e-03
2.075000e+00	5.844023e-03
2.077500e+00	5.915283e-03
2.080000e+00	6.185754e-03
2.082500e+00	6.676258e-03
2.085000e+00	7.431280e-03
2.087500e+00	8.521710e-03
2.090000e+00	1.004143e-02
2.092500e+00	1.207810e-02
2.095000e+00	1.461210e-02
2.097500e+00	1.729611e-02
2.100000e+00	1.926597e-02
2.102500e+00	1.955569e-02
2.105000e+00	1.811243e-02
2.107500e+00	1.587637e-02
2.110000e+00	1.378300e-02
2.112500e+00	1.226122e-02
2.115000e+00	1.139600e-02
2.117500e+00	1.116442e-02
2.120000e+00	1.155286e-02
2.122500e+00	1.259076e-02
2.125000e+00	1.433208e-02
2.127500e+00	1.676114e-02
2.130000e+00	1.956558e-02
2.132500e+00	2.186210e-02
2.135000e+00	2.244517e-02
2.137500e+00	2.091097e-02
2.140000e+00	1.814837e-02
2.142500e+00	1.531585e-02
2.145000e+00	1.302578e-02
2.147500e+00	1.141598e-02
2.150000e+00	1.043827e-02
2.152500e+00	1.002161e-02
2.155000e+00	1.012521e-02
2.157500e+00	1.073358e-02
2.160000e+00	1.179915e-02
2.162500e+00	1.310930e-02
2.165000e+00	1.414123e-02
2.167500e+00	1.423469e-02
2.170000e+00	1.321794e-02
2.172500e+00	1.160495e-02
2.175000e+00	1.000578e-02
2.177500e+00	8.721890e-03
2.180000e+00	7.807318e-03
2.182500e+00	7.222392e-03
2.185000e+00	6.916306e-03
2.187500e+00	6.855061e-03
2.190000e+00	7.028073e-03
2.192500e+00	7.449620e-03
2.195000e+00	8.160215e-03
2.197500e+00	9.226862e-03
2.200000e+00	1.073331e-02
2.202500e+00	1.273443e-02
2.205000e+00	1.512513e-02
2.207500e+00	1.741649e-02
2.210000e+00	1.870782e-02
2.212500e+00	1.836067e-02
2.215000e+00	1.675636e-02
2.217500e+00	1.484964e-02
2.220000e+00	1.331826e-02
2.222500e+00	1.241040e-02
2.225000e+00	1.216598e-02
2.227500e+00	1.258978e-02
2.230000e+00	1.372037e-02
2.232500e+00	1.562998e-02
2.235000e+00	1.834582e-02
2.237500e+00	2.162926e-02
2.240000e+00	2.463273e-02
2.242500e+00	2.594490e-02
2.245000e+00	2.471977e-02
2.247500e+00	2.167369e-02
2.250000e+00	1.821487e-02
2.252500e+00	1.523680e-02
2.255000e+00	1.299384e-02
2.257500e+00	1.143802e-02
2.260000e+00	1.045202e-02
2.262500e+00	9.938098e-03
2.265000e+00	9.840687e-03
2.267500e+00	1.014920e-02
2.270000e+00	1.089806e-02
2.272500e+00	1.216680e-02
2.275000e+00	1.407171e-02
2.277500e+00	1.672002e-02
2.280000e+00	2.005997e-02
2.282500e+00	2.356312e-02
2.285000e+00	2.597432e-02
2.287500e+00	2.594759e-02
2.290000e+00	2.346701e-02
2.292500e+00	1.986350e-02
2.295000e+00	1.639675e-02
2.297500e+00	1.359935e-02
2.300000e+00	1.151953e-02
2.302500e+00	1.004030e-02
2.305000e+00	9.030325e-03
2.307500e+00	8.388986e-03
2.310000e+00	8.052203e-03
2.312500e+00	7.988576e-03
2.315000e+00	8.194548e-03
2.317500e+00	8.687978e-03
2.320000e+00	9.491308e-03
2.322500e+00	1.058353e-02
2.325000e+00	1.180131e-02
2.327500e+00	1.276290e-02
2.330000e+00	1.306712e-02
2.332500e+00	1.273157e-02
2.335000e+00	1.219530e-02
2.337500e+00	1.188538e-02
2.340000e+00	1.202315e-02
2.342500e+00	1.270772e-02
2.345000e+00	1.402420e-02
2.347500e+00	1.610046e-02
2.350000e+00	1.912078e-02
2.352500e+00	2.328055e-02
2.355000e+00	2.859984e-02
2.357500e+00	3.447314e-02
2.360000e+00	3.914401e-02
2.362500e+00	4.026056e-02
2.365000e+00	3.712109e-02
2.367500e+00	3.153626e-02
2.370000e+00	2.575750e-02
2.372500e+00	2.092896e-02
2.375000e+00	1.726280e-02
2.377500e+00	1.459986e-02
2.380000e+00	1.271745e-02
2.382500e+00	1.143107e-02
2.385000e+00	1.061215e-02
2.387500e+00	1.018244e-02
2.390000e+00	1.010608e-02
2.392500e+00	1.038494e-02
2.395000e+00	1.105757e-02
2.397500e+00	1.219826e-02
2.400000e+00	1.390472e-02
2.402500e+00	1.624239e-02
2.405000e+00	1.908327e-02
2.407500e+00	2.182421e-02
2.410000e+00	2.332960e-02
2.412500e+00	2.274946e-02
2.415000e+00	2.050574e-02
2.417500e+00	1.778078e-02
2.420000e+00	1.542441e-02
2.422500e+00	1.372703e-02
2.425000e+00	1.268980e-02
2.427500e+00	1.224343e-02
2.430000e+00	1.233999e-02
2.432500e+00	1.298153e-02
2.435000e+00	1.422826e-02
2.437500e+00	1.619809e-02
2.440000e+00	1.904352e-02
2.442500e+00	2.285339e-02
2.445000e+00	2.738014e-02
2.447500e+00	3.159262e-02
2.450000e+00	3.367040e-02
2.452500e+00	3.240866e-02
2.455000e+00	2.863982e-02
2.457500e+00	2.422787e-02
2.460000e+00	2.042147e-02
2.462500e+00	1.761243e-02
2.465000e+00	1.577363e-02
2.467500e+00	1.477990e-02
2.470000e+00	1.452777e-02
2.472500e+00	1.494152e-02
2.475000e+00	1.589912e-02
2.477500e+00	1.708318e-02
2.480000e+00	1.790001e-02
2.482500e+00	1.782057e-02
2.485000e+00	1.695006e-02
2.487500e+00	1.589881e-02
2.490000e+00	1.518796e-02
2.492500e+00	1.505627e-02
2.495000e+00	1.559238e-02
2.497500e+00	1.687012e-02
2.500000e+00	1.901611e-02
2.502500e+00	2.223232e-02
2.505000e+00	2.677018e-02
2.507500e+00	3.278435e-02
2.510000e+00	3.991353e-02
2.512500e+00	4.657416e-02
2.515000e+00	4.989798e-02
2.517500e+00	4.788592e-02
2.520000e+00	4.174138e-02
2.522500e+00	3.439531e-02
2.525000e+00	2.784859e-02
2.527500e+00	2.271720e-02
2.530000e+00	1.891388e-02
2.532500e+00	1.616476e-02
2.535000e+00	1.421182e-02
2.537500e+00	1.286123e-02
2.540000e+00	1.198147e-02
2.542500e+00	1.149141e-02
2.545000e+00	1.135035e-02
2.547500e+00	1.155259e-02
2.550000e+00	1.212673e-02
2.552500e+00	1.313852e-02
2.555000e+00	1.469423e-02
2.557500e+00	1.693313e-02
2.560000e+00	1.997591e-02
2.562500e+00	2.375531e-02
2.565000e+00	2.766815e-02
2.567500e+00	3.033966e-02
2.570000e+00	3.039002e-02
2.572500e+00	2.793549e-02
2.575000e+00	2.445807e-02
2.577500e+00	2.128229e-02
2.580000e+00	1.896222e-02
2.582500e+00	1.757232e-02
2.585000e+00	1.704370e-02
2.587500e+00	1.732295e-02
2.590000e+00	1.842508e-02
2.592500e+00	2.044514e-02
2.595000e+00	2.354155e-02
2.597500e+00	2.785077e-02
2.600000e+00	3.323007e-02
2.602500e+00	3.876218e-02
2.605000e+00	4.250394e-02
2.607500e+00	4.271054e-02
2.610000e+00	3.983410e-02
2.612500e+00	3.606081e-02
2.615000e+00	3.323884e-02
2.617500e+00	3.220474e-02
2.620000e+00	3.319562e-02
2.622500e+00	3.615105e-02
2.625000e+00	4.053418e-02
2.627500e+00	4.479303e-02
2.630000e+00	4.639822e-02
2.632500e+00	4.374095e-02
2.635000e+00	3.793260e-02
2.637500e+00	3.138034e-02
2.640000e+00	2.564396e-02
2.642500e+00	2.116184e-02
2.645000e+00	1.782785e-02
2.647500e+00	1.540137e-02
2.650000e+00	1.366304e-02
2.652500e+00	1.244985e-02
2.655000e+00	1.165211e-02
2.657500e+00	1.120328e-02
2.660000e+00	1.107176e-02
2.662500e+00	1.125612e-02
2.665000e+00	1.178231e-02
2.667500e+00	1.269749e-02
2.670000e+00	1.404611e-02
2.672500e+00	1.579825e-02
2.675000e+00	1.771183e-02
2.677500e+00	1.926614e-02
2.680000e+00	2.001179e-02
2.682500e+00	2.013358e-02
2.685000e+00	2.032155e-02
2.687500e+00	2.120182e-02
2.690000e+00	2.316730e-02
2.692500e+00	2.651513e-02
2.695000e+00	3.154918e-02
2.697500e+00	3.849774e-02
2.700000e+00	4.709563e-02
2.702500e+00	5.573699e-02
2.705000e+00	6.102249e-02
2.707500e+00	5.982649e-02
2.710000e+00	5.274477e-02
2.712500e+00	4.333807e-02
2.715000e+00	3.453630e-02
2.717500e+00	2.743416e-02
2.720000e+00	2.203725e-02
2.722500e+00	1.801008e-02
2.725000e+00	1.500194e-02
2.727500e+00	1.273467e-02
2.730000e+00	1.100639e-02
2.732500e+00	9.675025e-03
2.735000e+00	8.641408e-03
2.737500e+00	7.836343e-03
2.740000e+00	7.211627e-03
2.742500e+00	6.734060e-03
2.745000e+00	6.381589e-03
2.747500e+00	6.140976e-03
2.750000e+00	6.006623e-03
2.752500e+00	5.980372e-03
2.755000e+00	6.072261e-03
2.757500e+00	6.302334e-03
2.760000e+00	6.703578e-03
2.762500e+00	7.325636e-03
2.765000e+00	8.237101e-03
2.767500e+00	9.518301e-03
2.770000e+00	1.122166e-02
2.772500e+00	1.325581e-02
2.775000e+00	1.518784e-02
2.777500e+00	1.622170e-02
2.780000e+00	1.579936e-02
2.782500e+00	1.426705e-02
2.785000e+00	1.246897e-02
2.787500e+00	1.098107e-02
2.790000e+00	9.942663e-03
2.792500e+00	9.201506e-03
2.795000e+00	8.482882e-03
2.797500e+00	7.618806e-03
2.800000e+00	6.673800e-03
2.802500e+00	5.798482e-03
2.805000e+00	5.073849e-03
2.807500e+00	4.505374e-03
2.810000e+00	4.067370e-03
2.812500e+00	3.730235e-03
2.815000e+00	3.469470e-03
2.817500e+00	3.266848e-03
2.820000e+00	3.109346e-03
2.822500e+00	2.987843e-03
2.825000e+00	2.896083e-03
2.827500e+00	2.829967e-03
2.830000e+00	2.787121e-03
2.832500e+00	2.766697e-03
2.835000e+00	2.769361e-03
2.837500e+00	2.797469e-03
2.840000e+00	2.855370e-03
2.842500e+00	2.949652e-03
2.845000e+00	3.088589e-03
2.847500e+00	3.278672e-03
2.850000e+00	3.513735e-03
2.852500e+00	3.754232e-03
2.855000e+00	3.917953e-03
2.857500e+00	3.933284e-03
2.860000e+00	3.820762e-03
2.862500e+00	3.669353e-03
2.865000e+00	3.550457e-03
2.867500e+00	3.492271e-03
2.870000e+00	3.498853e-03
2.872500e+00	3.568214e-03
2.875000e+00	3.700518e-03
2.877500e+00	3.901092e-03
2.880000e+00	4.181993e-03
2.882500e+00	4.563754e-03
2.885000e+00	5.077722e-03
2.887500e+00	5.768225e-03
2.890000e+00	6.690899e-03
2.892500e+00	7.895713e-03
2.895000e+00	9.368335e-03
2.897500e+00	1.090419e-02
2.900000e+00	1.200749e-02
2.902500e+00	1.214135e-02
2.905000e+00	1.129655e-02
2.907500e+00	1.000598e-02
2.910000e+00	8.778912e-03
2.912500e+00	7.834702e-03
2.915000e+00	7.198673e-03
2.917500e+00	6.830478e-03
2.920000e+00	6.685506e-03
2.922500e+00	6.733836e-03
2.925000e+00	6.963787e-03
2.927500e+00	7.382161e-03
2.930000e+00	8.015372e-03
2.932500e+00	8.912612e-03
2.935000e+00	1.015065e-02
2.937500e+00	1.183681e-02
2.940000e+00	1.409745e-02
2.942500e+00	1.701652e-02
2.945000e+00	2.045584e-02
2.947500e+00	2.374697e-02
2.950000e+00	2.565241e-02
2.952500e+00	2.529514e-02
2.955000e+00	2.320630e-02
2.957500e+00	2.071221e-02
2.960000e+00	1.876100e-02
2.962500e+00	1.771044e-02
2.965000e+00	1.762765e-02
2.967500e+00	1.850517e-02
2.970000e+00	2.028547e-02
2.972500e+00	2.270077e-02
2.975000e+00	2.499436e-02
2.977500e+00	2.597599e-02
2.980000e+00	2.496740e-02
2.982500e+00	2.258189e-02
2.985000e+00	1.996964e-02
2.987500e+00	1.784788e-02
2.990000e+00	1.642157e-02
2.992500e+00	1.566168e-02
2.995000e+00	1.549330e-02
2.997500e+00	1.586844e-02
3.000000e+00	1.678734e-02
3.002500e+00	1.830636e-02
3.005000e+00	2.054677e-02
3.007500e+00	2.370780e-02
3.010000e+00	2.807778e-02
3.012500e+00	3.401504e-02
3.015000e+00	4.181419e-02
3.017500e+00	5.127443e-02
3.020000e+00	6.084072e-02
3.022500e+00	6.711030e-02
3.025000e+00	6.687140e-02
3.027500e+00	6.066497e-02
3.030000e+00	5.214959e-02
3.032500e+00	4.442508e-02
3.035000e+00	3.873424e-02
3.037500e+00	3.521595e-02
3.040000e+00	3.368963e-02
3.042500e+00	3.399769e-02
3.045000e+00	3.605911e-02
3.047500e+00	3.971526e-02
3.050000e+00	4.432761e-02
3.052500e+00	4.831578e-02
3.055000e+00	4.964052e-02
3.057500e+00	4.773320e-02
3.060000e+00	4.420910e-02
3.062500e+00	4.108253e-02
3.065000e+00	3.946557e-02
3.067500e+00	3.974669e-02
3.070000e+00	4.209805e-02
3.072500e+00	4.676903e-02
3.075000e+00	5.418721e-02
3.077500e+00	6.489552e-02
3.080000e+00	7.916793e-02
3.082500e+00	9.594773e-02
3.085000e+00	1.111832e-01
3.087500e+00	1.180317e-01
3.090000e+00	1.123511e-01
3.092500e+00	9.761374e-02
3.095000e+00	8.070527e-02
3.097500e+00	6.600988e-02
3.100000e+00	5.477423e-02
3.102500e+00	4.674932e-02
3.105000e+00	4.133030e-02
3.107500e+00	3.798957e-02
3.110000e+00	3.638131e-02
3.112500e+00	3.634539e-02
3.115000e+00	3.789508e-02
3.117500e+00	4.120761e-02
3.120000e+00	4.659678e-02
3.122500e+00	5.438819e-02
3.125000e+00	6.450743e-02
3.127500e+00	7.556727e-02
3.130000e+00	8.401216e-02
3.132500e+00	8.568613e-02
3.135000e+00	8.013174e-02
3.137500e+00	7.126695e-02
3.140000e+00	6.323528e-02
3.142500e+00	5.809715e-02
3.145000e+00	5.643721e-02
3.147500e+00	5.832406e-02
3.150000e+00	6.360272e-02
3.152500e+00	7.144695e-02
3.155000e+00	7.934317e-02
3.157500e+00	8.291894e-02
3.160000e+00	7.900707e-02
3.162500e+00	6.916781e-02
3.165000e+00	5.765900e-02
3.167500e+00	4.745704e-02
3.170000e+00	3.949270e-02
3.172500e+00	3.364237e-02
3.175000e+00	2.950360e-02
3.177500e+00	2.670388e-02
3.180000e+00	2.497748e-02
3.182500e+00	2.416721e-02
3.185000e+00	2.421285e-02
3.187500e+00	2.514496e-02
3.190000e+00	2.708790e-02
3.192500e+00	3.026777e-02
3.195000e+00	3.500609e-02
3.197500e+00	4.163816e-02
3.200000e+00	5.020450e-02
3.202500e+00	5.970701e-02
3.205000e+00	6.724159e-02
3.207500e+00	6.891945e-02
3.210000e+00	6.358382e-02
3.212500e+00	5.423416e-02
3.215000e+00	4.459829e-02
3.217500e+00	3.657363e-02
3.220000e+00	3.051897e-02
3.222500e+00	2.618335e-02
3.225000e+00	2.321692e-02
3.227500e+00	2.134201e-02
3.230000e+00	2.038635e-02
3.232500e+00	2.027846e-02
3.235000e+00	2.103702e-02
3.237500e+00	2.275288e-02
3.240000e+00	2.553210e-02
3.242500e+00	2.932050e-02
3.245000e+00	3.351876e-02
3.247500e+00	3.661621e-02
3.250000e+00	3.683261e-02
3.252500e+00	3.392046e-02
3.255000e+00	2.947003e-02
3.257500e+00	2.516514e-02
3.260000e+00	2.179183e-02
3.262500e+00	1.948566e-02
3.265000e+00	1.815710e-02
3.267500e+00	1.770929e-02
3.270000e+00	1.811059e-02
3.272500e+00	1.940483e-02
3.275000e+00	2.167785e-02
3.277500e+00	2.493466e-02
3.280000e+00	2.879692e-02
3.282500e+00	3.209650e-02
3.285000e+00	3.310377e-02
3.287500e+00	3.105421e-02
3.290000e+00	2.706719e-02
3.292500e+00	2.282369e-02
3.295000e+00	1.927374e-02
3.297500e+00	1.664704e-02
3.300000e+00	1.486689e-02
3.302500e+00	1.380231e-02
3.305000e+00	1.335957e-02
3.307500e+00	1.350441e-02
3.310000e+00	1.426094e-02
3.312500e+00	1.569312e-02
3.315000e+00	1.783998e-02
3.317500e+00	2.054072e-02
3.320000e+00	2.313866e-02
3.322500e+00	2.443710e-02
3.325000e+00	2.357271e-02
3.327500e+00	2.101311e-02
3.330000e+00	1.798189e-02
3.332500e+00	1.533741e-02
3.335000e+00	1.336163e-02
3.337500e+00	1.204335e-02
3.340000e+00	1.130048e-02
3.342500e+00	1.107112e-02
3.345000e+00	1.133954e-02
3.347500e+00	1.213765e-02
3.350000e+00	1.352748e-02
3.352500e+00	1.553690e-02
3.355000e+00	1.799042e-02
3.357500e+00	2.024430e-02
3.360000e+00	2.121144e-02
3.362500e+00	2.022252e-02
3.365000e+00	1.781374e-02
3.367500e+00	1.507426e-02
3.370000e+00	1.270407e-02
3.372500e+00	1.090633e-02
3.375000e+00	9.647097e-03
3.377500e+00	8.837747e-03
3.380000e+00	8.405403e-03
3.382500e+00	8.311278e-03
3.385000e+00	8.552960e-03
3.387500e+00	9.162648e-03
3.390000e+00	1.019890e-02
3.392500e+00	1.171345e-02
3.395000e+00	1.365103e-02
3.397500e+00	1.564993e-02
3.400000e+00	1.691872e-02
3.402500e+00	1.669115e-02
3.405000e+00	1.505990e-02
3.407500e+00	1.285900e-02
3.410000e+00	1.080747e-02
3.412500e+00	9.188888e-03
3.415000e+00	8.020070e-03
3.417500e+00	7.234367e-03
3.420000e+00	6.764625e-03
3.422500e+00	6.567933e-03
3.425000e+00	6.629905e-03
3.427500e+00	6.963666e-03
3.430000e+00	7.605127e-03
3.432500e+00	8.594662e-03
3.435000e+00	9.918614e-03
3.437500e+00	1.137868e-02
3.440000e+00	1.246232e-02
3.442500e+00	1.255032e-02
3.445000e+00	1.153640e-02
3.447500e+00	9.956271e-03
3.450000e+00	8.392314e-03
3.452500e+00	7.117339e-03
3.455000e+00	6.172783e-03
3.457500e+00	5.515411e-03
3.460000e+00	5.092574e-03
3.462500e+00	4.866601e-03
3.465000e+00	4.819510e-03
3.467500e+00	4.951995e-03
3.470000e+00	5.279097e-03
3.472500e+00	5.816233e-03
3.475000e+00	6.539000e-03
3.477500e+00	7.302885e-03
3.480000e+00	7.789460e-03
3.482500e+00	7.681174e-03
3.485000e+00	7.001357e-03
3.487500e+00	6.081890e-03
3.490000e+00	5.216667e-03
3.492500e+00	4.522991e-03
3.495000e+00	4.007059e-03
3.497500e+00	3.638854e-03
3.500000e+00	3.386241e-03
3.502500e+00	3.224729e-03
3.505000e+00	3.138487e-03
3.507500e+00	3.119316e-03
3.510000e+00	3.165750e-03
3.512500e+00	3.282882e-03
3.515000e+00	3.482991e-03
3.517500e+00	3.786735e-03
3.520000e+00	4.223867e-03
3.522500e+00	4.829743e-03
3.525000e+00	5.627234e-03
3.527500e+00	6.574101e-03
3.530000e+00	7.472925e-03
3.532500e+00	7.959692e-03
3.535000e+00	7.774886e-03
3.537500e+00	7.068241e-03
3.540000e+00	6.218664e-03
3.542500e+00	5.491031e-03
3.545000e+00	4.973491e-03
3.547500e+00	4.665020e-03
3.550000e+00	4.543628e-03
3.552500e+00	4.594569e-03
3.555000e+00	4.819089e-03
3.557500e+00	5.237010e-03
3.560000e+00	5.886860e-03
3.562500e+00	6.819378e-03
3.565000e+00	8.068377e-03
3.567500e+00	9.567047e-03
3.570000e+00	1.100258e-02
3.572500e+00	1.178916e-02
3.575000e+00	1.149303e-02
3.577500e+00	1.033676e-02
3.580000e+00	8.929079e-03
3.582500e+00	7.703955e-03
3.585000e+00	6.807305e-03
3.587500e+00	6.236445e-03
3.590000e+00	5.951800e-03
3.592500e+00	5.923219e-03
3.595000e+00	6.143836e-03
3.597500e+00	6.633398e-03
3.600000e+00	7.437563e-03
3.602500e+00	8.617800e-03
3.605000e+00	1.021007e-02
3.607500e+00	1.211055e-02
3.610000e+00	1.388784e-02
3.612500e+00	1.477801e-02
3.615000e+00	1.427133e-02
3.617500e+00	1.271255e-02
3.620000e+00	1.088378e-02
3.622500e+00	9.310798e-03
3.625000e+00	8.158662e-03
3.627500e+00	7.415242e-03
3.630000e+00	7.027344e-03
3.632500e+00	6.955312e-03
3.635000e+00	7.188739e-03
3.637500e+00	7.749660e-03
3.640000e+00	8.690237e-03
3.642500e+00	1.007678e-02
3.645000e+00	1.193097e-02
3.647500e+00	1.408015e-02
3.650000e+00	1.594819e-02
3.652500e+00	1.665349e-02
3.655000e+00	1.577823e-02
3.657500e+00	1.387539e-02
3.660000e+00	1.181680e-02
3.662500e+00	1.010934e-02
3.665000e+00	8.884189e-03
3.667500e+00	8.109894e-03
3.670000e+00	7.725940e-03
3.672500e+00	7.692495e-03
3.675000e+00	8.003944e-03
3.677500e+00	8.691250e-03
3.680000e+00	9.817951e-03
3.682500e+00	1.145731e-02
3.685000e+00	1.361304e-02
3.687500e+00	1.603053e-02
3.690000e+00	1.797512e-02
3.692500e+00	1.845858e-02
3.695000e+00	1.717810e-02
3.697500e+00	1.488851e-02
3.700000e+00	1.253900e-02
3.702500e+00	1.061815e-02
3.705000e+00	9.224294e-03
3.707500e+00	8.301942e-03
3.710000e+00	7.773153e-03
3.712500e+00	7.582722e-03
3.715000e+00	7.708760e-03
3.717500e+00	8.164127e-03
3.720000e+00	8.996215e-03
3.722500e+00	1.028165e-02
3.725000e+00	1.209786e-02
3.727500e+00	1.442768e-02
3.730000e+00	1.694644e-02
3.732500e+00	1.881905e-02
3.735000e+00	1.905844e-02
3.737500e+00	1.752967e-02
3.740000e+00	1.511944e-02
3.742500e+00	1.276435e-02
3.745000e+00	1.089880e-02
3.747500e+00	9.592189e-03
3.750000e+00	8.784885e-03
3.752500e+00	8.408281e-03
3.755000e+00	8.424688e-03
3.757500e+00	8.836217e-03
3.760000e+00	9.682287e-03
3.762500e+00	1.102179e-02
3.765000e+00	1.287112e-02
3.767500e+00	1.504787e-02
3.770000e+00	1.695160e-02
3.772500e+00	1.766032e-02
3.775000e+00	1.672871e-02
3.777500e+00	1.472628e-02
3.780000e+00	1.256453e-02
3.782500e+00	1.077808e-02
3.785000e+00	9.509138e-03
3.787500e+00	8.730467e-03
3.790000e+00	8.386248e-03
3.792500e+00	8.444830e-03
3.795000e+00	8.911272e-03
3.797500e+00	9.820664e-03
3.800000e+00	1.120319e-02
3.802500e+00	1.298421e-02
3.805000e+00	1.479829e-02
3.807500e+00	1.590676e-02
3.810000e+00	1.566989e-02
3.812500e+00	1.426500e-02
3.815000e+00	1.247181e-02
3.817500e+00	1.091331e-02
3.820000e+00	9.831955e-03
3.822500e+00	9.259183e-03
3.825000e+00	9.174792e-03
3.827500e+00	9.576525e-03
3.830000e+00	1.049412e-02
3.832500e+00	1.196038e-02
3.835000e+00	1.390925e-02
3.837500e+00	1.596928e-02
3.840000e+00	1.732239e-02
3.842500e+00	1.714803e-02
3.845000e+00	1.549984e-02
3.847500e+00	1.323172e-02
3.850000e+00	1.110595e-02
3.852500e+00	9.431232e-03
3.855000e+00	8.230063e-03
3.857500e+00	7.432863e-03
3.860000e+00	6.967340e-03
3.862500e+00	6.785351e-03
3.865000e+00	6.867710e-03
3.867500e+00	7.224346e-03
3.870000e+00	7.894810e-03
3.872500e+00	8.947466e-03
3.875000e+00	1.046676e-02
3.877500e+00	1.249882e-02
3.880000e+00	1.490147e-02
3.882500e+00	1.710408e-02
3.885000e+00	1.812288e-02
3.887500e+00	1.733789e-02
3.890000e+00	1.522676e-02
3.892500e+00	1.278640e-02
3.895000e+00	1.066479e-02
3.897500e+00	9.052705e-03
3.900000e+00	7.919964e-03
3.902500e+00	7.183609e-03
3.905000e+00	6.772918e-03
3.907500e+00	6.646036e-03
3.910000e+00	6.791760e-03
3.912500e+00	7.228710e-03
3.915000e+00	8.003144e-03
3.917500e+00	9.177539e-03
3.920000e+00	1.078597e-02
3.922500e+00	1.271235e-02
3.925000e+00	1.449462e-02
3.927500e+00	1.533226e-02
3.930000e+00	1.471315e-02
3.932500e+00	1.301867e-02
3.935000e+00	1.106234e-02
3.937500e+00	9.378911e-03
3.940000e+00	8.130995e-03
3.942500e+00	7.301679e-03
3.945000e+00	6.833381e-03
3.947500e+00	6.682741e-03
3.950000e+00	6.835855e-03
3.952500e+00	7.310185e-03
3.955000e+00	8.148897e-03
3.957500e+00	9.396122e-03
3.960000e+00	1.102040e-02
3.962500e+00	1.275341e-02
3.965000e+00	1.395976e-02
3.967500e+00	1.395088e-02
3.970000e+00	1.270682e-02
3.972500e+00	1.089929e-02
3.975000e+00	9.173845e-03
3.977500e+00	7.809169e-03
3.980000e+00	6.837882e-03
3.982500e+00	6.210220e-03
3.985000e+00	5.872921e-03
3.987500e+00	5.794165e-03
3.990000e+00	5.968308e-03
3.992500e+00	6.413425e-03
3.995000e+00	7.159403e-03
3.997500e+00	8.209106e-03
