#omega	spectral weight
-3.000000e+00	3.029063e-03
-2.997500e+00	3.214969e-03
-2.995000e+00	3.520430e-03
-2.992500e+00	3.884600e-03
-2.990000e+00	4.173167e-03
-2.987500e+00	4.242660e-03
-2.985000e+00	4.091181e-03
-2.982500e+00	3.866022e-03
-2.980000e+00	3.714068e-03
-2.977500e+00	3.706038e-03
-2.975000e+00	3.849305e-03
-2.972500e+00	4.094231e-03
-2.970000e+00	4.319385e-03
-2.967500e+00	4.373596e-03
-2.965000e+00	4.214081e-03
-2.962500e+00	3.952502e-03
-2.960000e+00	3.726654e-03
-2.957500e+00	3.610387e-03
-2.955000e+00	3.626952e-03
-2.952500e+00	3.783955e-03
-2.950000e+00	4.092638e-03
-2.947500e+00	4.572810e-03
-2.945000e+00	5.244588e-03
-2.942500e+00	6.096950e-03
-2.940000e+00	7.023759e-03
-2.937500e+00	7.783571e-03
-2.935000e+00	8.147016e-03
-2.932500e+00	8.172510e-03
-2.930000e+00	8.176386e-03
-2.927500e+00	8.456658e-03
-2.925000e+00	9.182988e-03
-2.922500e+00	1.042622e-02
-2.920000e+00	1.213570e-02
-2.917500e+00	1.399561e-02
-2.915000e+00	1.531673e-02
-2.912500e+00	1.541413e-02
-2.910000e+00	1.434715e-02
-2.907500e+00	1.285835e-02
-2.905000e+00	1.162512e-02
-2.902500e+00	1.095876e-02
-2.900000e+00	1.094770e-02
-2.897500e+00	1.161334e-02
-2.895000e+00	1.294404e-02
-2.892500e+00	1.479571e-02
-2.890000e+00	1.668020e-02
-2.887500e+00	1.771440e-02
-2.885000e+00	1.723295e-02
-2.882500e+00	1.554561e-02
-2.880000e+00	1.356059e-02
-2.877500e+00	1.194723e-02
-2.875000e+00	1.094944e-02
-2.872500e+00	1.056799e-02
-2.870000e+00	1.066844e-02
-2.867500e+00	1.095578e-02
-2.865000e+00	1.099582e-02
-2.862500e+00	1.051267e-02
-2.860000e+00	9.671181e-03
-2.857500e+00	8.855733e-03
-2.855000e+00	8.334157e-03
-2.852500e+00	8.213785e-03
-2.850000e+00	8.526961e-03
-2.847500e+00	9.272364e-03
-2.845000e+00	1.037240e-02
-2.842500e+00	1.156516e-02
-2.840000e+00	1.239552e-02
-2.837500e+00	1.256275e-02
-2.835000e+00	1.228049e-02
-2.832500e+00	1.197865e-02
-2.830000e+00	1.177502e-02
-2.827500e+00	1.138664e-02
-2.825000e+00	1.052079e-02
-2.822500e+00	9.282370e-03
-2.820000e+00	8.025226e-03
-2.817500e+00	6.998363e-03
-2.815000e+00	6.276260e-03
-2.812500e+00	5.848416e-03
-2.810000e+00	5.689962e-03
-2.807500e+00	5.789759e-03
-2.805000e+00	6.154253e-03
-2.802500e+00	6.792368e-03
-2.800000e+00	7.668396e-03
-2.797500e+00	8.615167e-03
-2.795000e+00	9.298888e-03
-2.792500e+00	9.445397e-03
-2.790000e+00	9.171861e-03
-2.787500e+00	8.871107e-03
-2.785000e+00	8.831293e-03
-2.782500e+00	9.069294e-03
-2.780000e+00	9.327957e-03
-2.777500e+00	9.219603e-03
-2.775000e+00	8.591519e-03
-2.772500e+00	7.688088e-03
-2.770000e+00	6.849620e-03
-2.767500e+00	6.264267e-03
-2.765000e+00	5.985864e-03
-2.762500e+00	6.016034e-03
-2.760000e+00	6.337827e-03
-2.757500e+00	6.889181e-03
-2.755000e+00	7.490015e-03
-2.752500e+00	7.822721e-03
-2.750000e+00	7.646538e-03
-2.747500e+00	7.067388e-03
-2.745000e+00	6.408302e-03
-2.742500e+00	5.912939e-03
-2.740000e+00	5.680715e-03
-2.737500e+00	5.739576e-03
-2.735000e+00	6.102046e-03
-2.732500e+00	6.771535e-03
-2.730000e+00	7.693460e-03
-2.727500e+00	8.650759e-03
-2.725000e+00	9.215932e-03
-2.722500e+00	9.018025e-03
-2.720000e+00	8.151275e-03
-2.717500e+00	7.053789e-03
-2.715000e+00	6.074332e-03
-2.712500e+00	5.343128e-03
-2.710000e+00	4.867049e-03
-2.707500e+00	4.619268e-03
-2.705000e+00	4.578272e-03
-2.702500e+00	4.738097e-03
-2.700000e+00	5.103973e-03
-2.697500e+00	5.670515e-03
-2.695000e+00	6.368928e-03
-2.692500e+00	6.998476e-03
-2.690000e+00	7.270960e-03
-2.687500e+00	7.073765e-03
-2.685000e+00	6.616420e-03
-2.682500e+00	6.199605e-03
-2.680000e+00	5.997948e-03
-2.677500e+00	6.050963e-03
-2.675000e+00	6.296320e-03
-2.672500e+00	6.568780e-03
-2.670000e+00	6.660700e-03
-2.667500e+00	6.509211e-03
-2.665000e+00	6.267069e-03
-2.662500e+00	6.134217e-03
-2.660000e+00	6.233180e-03
-2.657500e+00	6.624787e-03
-2.655000e+00	7.350392e-03
-2.652500e+00	8.435152e-03
-2.650000e+00	9.828139e-03
-2.647500e+00	1.127376e-02
-2.645000e+00	1.225352e-02
-2.642500e+00	1.232114e-02
-2.640000e+00	1.161585e-02
-2.637500e+00	1.071442e-02
-2.635000e+00	1.009286e-02
-2.632500e+00	9.966477e-03
-2.630000e+00	1.040413e-02
-2.627500e+00	1.141280e-02
-2.625000e+00	1.290208e-02
-2.622500e+00	1.453992e-02
-2.620000e+00	1.568848e-02
-2.617500e+00	1.581718e-02
-2.615000e+00	1.511834e-02
-2.612500e+00	1.431446e-02
-2.610000e+00	1.400345e-02
-2.607500e+00	1.444746e-02
-2.605000e+00	1.563694e-02
-2.602500e+00	1.724306e-02
-2.600000e+00	1.850277e-02
-2.597500e+00	1.854190e-02
-2.595000e+00	1.723333e-02
-2.592500e+00	1.533787e-02
-2.590000e+00	1.367342e-02
-2.587500e+00	1.263726e-02
-2.585000e+00	1.229306e-02
-2.582500e+00	1.249195e-02
-2.580000e+00	1.285153e-02
-2.577500e+00	1.280582e-02
-2.575000e+00	1.201232e-02
-2.572500e+00	1.069808e-02
-2.570000e+00	9.343303e-03
-2.567500e+00	8.254336e-03
-2.565000e+00	7.521436e-03
-2.562500e+00	7.138441e-03
-2.560000e+00	7.085582e-03
-2.557500e+00	7.360447e-03
-2.555000e+00	7.978902e-03
-2.552500e+00	8.947287e-03
-2.550000e+00	1.018620e-02
-2.547500e+00	1.141670e-02
-2.545000e+00	1.218935e-02
-2.542500e+00	1.227818e-02
-2.540000e+00	1.199742e-02
-2.537500e+00	1.188171e-02
-2.535000e+00	1.225779e-02
-2.532500e+00	1.311584e-02
-2.530000e+00	1.405852e-02
-2.527500e+00	1.437071e-02
-2.525000e+00	1.356068e-02
-2.522500e+00	1.189634e-02
-2.520000e+00	1.004146e-02
-2.517500e+00	8.442343e-03
-2.515000e+00	7.231789e-03
-2.512500e+00	6.388370e-03
-2.510000e+00	5.854641e-03
-2.507500e+00	5.582588e-03
-2.505000e+00	5.541410e-03
-2.502500e+00	5.705628e-03
-2.500000e+00	6.023959e-03
-2.497500e+00	6.380648e-03
-2.495000e+00	6.621933e-03
-2.492500e+00	6.702484e-03
-2.490000e+00	6.763150e-03
-2.487500e+00	7.004144e-03
-2.485000e+00	7.570450e-03
-2.482500e+00	8.543377e-03
-2.480000e+00	9.925182e-03
-2.477500e+00	1.153008e-02
-2.475000e+00	1.283385e-02
-2.472500e+00	1.312679e-02
-2.470000e+00	1.217491e-02
-2.467500e+00	1.049980e-02
-2.465000e+00	8.774289e-03
-2.462500e+00	7.348234e-03
-2.460000e+00	6.292272e-03
-2.457500e+00	5.565713e-03
-2.455000e+00	5.110829e-03
-2.452500e+00	4.885180e-03
-2.450000e+00	4.868280e-03
-2.447500e+00	5.059489e-03
-2.445000e+00	5.468696e-03
-2.442500e+00	6.089196e-03
-2.440000e+00	6.835221e-03
-2.437500e+00	7.465998e-03
-2.435000e+00	7.651105e-03
-2.432500e+00	7.277876e-03
-2.430000e+00	6.591900e-03
-2.427500e+00	5.919502e-03
-2.425000e+00	5.441487e-03
-2.422500e+00	5.211387e-03
-2.420000e+00	5.233517e-03
-2.417500e+00	5.500056e-03
-2.415000e+00	5.979849e-03
-2.412500e+00	6.564332e-03
-2.410000e+00	7.019967e-03
-2.407500e+00	7.098024e-03
-2.405000e+00	6.793612e-03
-2.402500e+00	6.358365e-03
-2.400000e+00	6.044281e-03
-2.397500e+00	5.978648e-03
-2.395000e+00	6.199509e-03
-2.392500e+00	6.688589e-03
-2.390000e+00	7.338550e-03
-2.387500e+00	7.894403e-03
-2.385000e+00	8.039052e-03
-2.382500e+00	7.693010e-03
-2.380000e+00	7.108755e-03
-2.377500e+00	6.589528e-03
-2.375000e+00	6.296986e-03
-2.372500e+00	6.280649e-03
-2.370000e+00	6.547346e-03
-2.367500e+00	7.083969e-03
-2.365000e+00	7.828338e-03
-2.362500e+00	8.617437e-03
-2.360000e+00	9.229352e-03
-2.357500e+00	9.605533e-03
-2.355000e+00	9.970668e-03
-2.352500e+00	1.064216e-02
-2.350000e+00	1.185401e-02
-2.347500e+00	1.373415e-02
-2.345000e+00	1.625629e-02
-2.342500e+00	1.904014e-02
-2.340000e+00	2.115812e-02
-2.337500e+00	2.157051e-02
-2.335000e+00	2.021309e-02
-2.332500e+00	1.810554e-02
-2.330000e+00	1.628982e-02
-2.327500e+00	1.528075e-02
-2.325000e+00	1.522375e-02
-2.322500e+00	1.610005e-02
-2.320000e+00	1.771656e-02
-2.317500e+00	1.950204e-02
-2.315000e+00	2.043289e-02
-2.312500e+00	1.968791e-02
-2.310000e+00	1.753880e-02
-2.307500e+00	1.498784e-02
-2.305000e+00	1.279955e-02
-2.302500e+00	1.125386e-02
-2.300000e+00	1.036238e-02
-2.297500e+00	1.003491e-02
-2.295000e+00	1.009267e-02
-2.292500e+00	1.020202e-02
-2.290000e+00	9.935179e-03
-2.287500e+00	9.104573e-03
-2.285000e+00	7.939514e-03
-2.282500e+00	6.782778e-03
-2.280000e+00	5.818171e-03
-2.277500e+00	5.079119e-03
-2.275000e+00	4.536905e-03
-2.272500e+00	4.152420e-03
-2.270000e+00	3.893863e-03
-2.267500e+00	3.740131e-03
-2.265000e+00	3.680138e-03
-2.262500e+00	3.711572e-03
-2.260000e+00	3.839436e-03
-2.257500e+00	4.072466e-03
-2.255000e+00	4.412176e-03
-2.252500e+00	4.826939e-03
-2.250000e+00	5.220504e-03
-2.247500e+00	5.460660e-03
-2.245000e+00	5.510249e-03
-2.242500e+00	5.487132e-03
-2.240000e+00	5.548181e-03
-2.237500e+00	5.796312e-03
-2.235000e+00	6.291309e-03
-2.232500e+00	7.085196e-03
-2.230000e+00	8.235486e-03
-2.227500e+00	9.780457e-03
-2.225000e+00	1.165192e-02
-2.222500e+00	1.353652e-02
-2.220000e+00	1.490119e-02
-2.217500e+00	1.547166e-02
-2.215000e+00	1.564597e-02
-2.212500e+00	1.610186e-02
-2.210000e+00	1.719902e-02
-2.207500e+00	1.871788e-02
-2.205000e+00	1.980641e-02
-2.202500e+00	1.944699e-02
-2.200000e+00	1.748086e-02
-2.197500e+00	1.475147e-02
-2.195000e+00	1.214126e-02
-2.192500e+00	1.004411e-02
-2.190000e+00	8.504929e-03
-2.187500e+00	7.447287e-03
-2.185000e+00	6.786475e-03
-2.182500e+00	6.463460e-03
-2.180000e+00	6.444430e-03
-2.177500e+00	6.698080e-03
-2.175000e+00	7.141543e-03
-2.172500e+00	7.565485e-03
-2.170000e+00	7.658799e-03
-2.167500e+00	7.263151e-03
-2.165000e+00	6.554903e-03
-2.162500e+00	5.832458e-03
-2.160000e+00	5.278005e-03
-2.157500e+00	4.948079e-03
-2.155000e+00	4.842810e-03
-2.152500e+00	4.940679e-03
-2.150000e+00	5.185757e-03
-2.147500e+00	5.448059e-03
-2.145000e+00	5.536828e-03
-2.142500e+00	5.351778e-03
-2.140000e+00	4.997563e-03
-2.137500e+00	4.659728e-03
-2.135000e+00	4.458417e-03
-2.132500e+00	4.440367e-03
-2.130000e+00	4.619474e-03
-2.127500e+00	4.991991e-03
-2.125000e+00	5.510568e-03
-2.122500e+00	6.028385e-03
-2.120000e+00	6.302961e-03
-2.117500e+00	6.184780e-03
-2.115000e+00	5.795756e-03
-2.112500e+00	5.389316e-03
-2.110000e+00	5.140455e-03
-2.107500e+00	5.119686e-03
-2.105000e+00	5.346312e-03
-2.102500e+00	5.811086e-03
-2.100000e+00	6.443398e-03
-2.097500e+00	7.043458e-03
-2.095000e+00	7.304598e-03
-2.092500e+00	7.064208e-03
-2.090000e+00	6.493846e-03
-2.087500e+00	5.893851e-03
-2.085000e+00	5.450444e-03
-2.082500e+00	5.222896e-03
-2.080000e+00	5.216934e-03
-2.077500e+00	5.433715e-03
-2.075000e+00	5.889295e-03
-2.072500e+00	6.618277e-03
-2.070000e+00	7.662329e-03
-2.067500e+00	9.025569e-03
-2.065000e+00	1.056856e-02
-2.062500e+00	1.188670e-02
-2.060000e+00	1.244511e-02
-2.057500e+00	1.210619e-02
-2.055000e+00	1.132601e-02
-2.052500e+00	1.067104e-02
-2.050000e+00	1.046636e-02
-2.047500e+00	1.084515e-02
-2.045000e+00	1.188205e-02
-2.042500e+00	1.364919e-02
-2.040000e+00	1.616705e-02
-2.037500e+00	1.920998e-02
-2.035000e+00	2.200510e-02
-2.032500e+00	2.330730e-02
-2.030000e+00	2.243913e-02
-2.027500e+00	2.012343e-02
-2.025000e+00	1.764890e-02
-2.022500e+00	1.581330e-02
-2.020000e+00	1.479402e-02
-2.017500e+00	1.434120e-02
-2.015000e+00	1.390797e-02
-2.012500e+00	1.296636e-02
-2.010000e+00	1.147874e-02
-2.007500e+00	9.840455e-03
-2.005000e+00	8.408012e-03
-2.002500e+00	7.314747e-03
-2.000000e+00	6.557915e-03
-1.997500e+00	6.096543e-03
-1.995000e+00	5.893443e-03
-1.992500e+00	5.919350e-03
-1.990000e+00	6.131292e-03
-1.987500e+00	6.432577e-03
-1.985000e+00	6.666067e-03
-1.982500e+00	6.728421e-03
-1.980000e+00	6.701549e-03
-1.977500e+00	6.779596e-03
-1.975000e+00	7.124334e-03
-1.972500e+00	7.833417e-03
-1.970000e+00	8.951014e-03
-1.967500e+00	1.041463e-02
-1.965000e+00	1.191016e-02
-1.962500e+00	1.280345e-02
-1.960000e+00	1.253993e-02
-1.957500e+00	1.126006e-02
-1.955000e+00	9.622769e-03
-1.952500e+00	8.155437e-03
-1.950000e+00	7.057708e-03
-1.947500e+00	6.343703e-03
-1.945000e+00	5.975970e-03
-1.942500e+00	5.920079e-03
-1.940000e+00	6.146625e-03
-1.937500e+00	6.592478e-03
-1.935000e+00	7.087238e-03
-1.932500e+00	7.330763e-03
-1.930000e+00	7.089438e-03
-1.927500e+00	6.451331e-03
-1.925000e+00	5.710152e-03
-1.922500e+00	5.084909e-03
-1.920000e+00	4.654518e-03
-1.917500e+00	4.425166e-03
-1.915000e+00	4.387454e-03
-1.912500e+00	4.540884e-03
-1.910000e+00	4.900051e-03
-1.907500e+00	5.488625e-03
-1.905000e+00	6.311834e-03
-1.902500e+00	7.286539e-03
-1.900000e+00	8.144387e-03
-1.897500e+00	8.478285e-03
-1.895000e+00	8.098939e-03
-1.892500e+00	7.267019e-03
-1.890000e+00	6.390552e-03
-1.887500e+00	5.711053e-03
-1.885000e+00	5.300344e-03
-1.882500e+00	5.158585e-03
-1.880000e+00	5.270899e-03
-1.877500e+00	5.612623e-03
-1.875000e+00	6.113236e-03
-1.872500e+00	6.606118e-03
-1.870000e+00	6.873340e-03
-1.867500e+00	6.853617e-03
-1.865000e+00	6.736548e-03
-1.862500e+00	6.774742e-03
-1.860000e+00	7.125106e-03
-1.857500e+00	7.832447e-03
-1.855000e+00	8.804775e-03
-1.852500e+00	9.724064e-03
-1.850000e+00	1.008004e-02
-1.847500e+00	9.576689e-03
-1.845000e+00	8.470964e-03
-1.842500e+00	7.253920e-03
-1.840000e+00	6.233140e-03
-1.837500e+00	5.496353e-03
-1.835000e+00	5.030530e-03
-1.832500e+00	4.802896e-03
-1.830000e+00	4.791810e-03
-1.827500e+00	4.993242e-03
-1.825000e+00	5.414205e-03
-1.822500e+00	6.047481e-03
-1.820000e+00	6.812492e-03
-1.817500e+00	7.483448e-03
-1.815000e+00	7.751095e-03
-1.812500e+00	7.513567e-03
-1.810000e+00	7.009942e-03
-1.807500e+00	6.558870e-03
-1.805000e+00	6.345814e-03
-1.802500e+00	6.441867e-03
-1.800000e+00	6.879030e-03
-1.797500e+00	7.684283e-03
-1.795000e+00	8.857873e-03
-1.792500e+00	1.028227e-02
-1.790000e+00	1.159409e-02
-1.787500e+00	1.225799e-02
-1.785000e+00	1.205648e-02
-1.782500e+00	1.138749e-02
-1.780000e+00	1.084247e-02
-1.777500e+00	1.078180e-02
-1.775000e+00	1.129366e-02
-1.772500e+00	1.221477e-02
-1.770000e+00	1.306240e-02
-1.767500e+00	1.315696e-02
-1.765000e+00	1.219906e-02
-1.762500e+00	1.059265e-02
-1.760000e+00	8.942634e-03
-1.757500e+00	7.584095e-03
-1.755000e+00	6.591870e-03
-1.752500e+00	5.932558e-03
-1.750000e+00	5.555721e-03
-1.747500e+00	5.426708e-03
-1.745000e+00	5.534846e-03
-1.742500e+00	5.894153e-03
-1.740000e+00	6.539842e-03
-1.737500e+00	7.512421e-03
-1.735000e+00	8.805439e-03
-1.732500e+00	1.024617e-02
-1.730000e+00	1.136983e-02
-1.727500e+00	1.159433e-02
-1.725000e+00	1.079773e-02
-1.722500e+00	9.475281e-03
-1.720000e+00	8.193403e-03
-1.717500e+00	7.234550e-03
-1.715000e+00	6.655584e-03
-1.712500e+00	6.409563e-03
-1.710000e+00	6.381671e-03
-1.707500e+00	6.382466e-03
-1.705000e+00	6.223573e-03
-1.702500e+00	5.883004e-03
-1.700000e+00	5.510042e-03
-1.697500e+00	5.259105e-03
-1.695000e+00	5.211030e-03
-1.692500e+00	5.402387e-03
-1.690000e+00	5.864773e-03
-1.687500e+00	6.639607e-03
-1.685000e+00	7.761630e-03
-1.682500e+00	9.188894e-03
-1.680000e+00	1.066066e-02
-1.677500e+00	1.161212e-02
-1.675000e+00	1.150421e-02
-1.672500e+00	1.041537e-02
-1.670000e+00	8.948137e-03
-1.667500e+00	7.620328e-03
-1.665000e+00	6.642405e-03
-1.662500e+00	6.035922e-03
-1.660000e+00	5.750828e-03
-1.657500e+00	5.692740e-03
-1.655000e+00	5.698700e-03
-1.652500e+00	5.563587e-03
-1.650000e+00	5.192355e-03
-1.647500e+00	4.685737e-03
-1.645000e+00	4.202954e-03
-1.642500e+00	3.833093e-03
-1.640000e+00	3.597269e-03
-1.637500e+00	3.489985e-03
-1.635000e+00	3.504425e-03
-1.632500e+00	3.642294e-03
-1.630000e+00	3.917265e-03
-1.627500e+00	4.356089e-03
-1.625000e+00	4.995906e-03
-1.622500e+00	5.868789e-03
-1.620000e+00	6.953201e-03
-1.617500e+00	8.078823e-03
-1.615000e+00	8.875670e-03
-1.612500e+00	9.007202e-03
-1.610000e+00	8.562714e-03
-1.607500e+00	7.976991e-03
-1.605000e+00	7.621966e-03
-1.602500e+00	7.653699e-03
-1.600000e+00	8.048066e-03
-1.597500e+00	8.591931e-03
-1.595000e+00	8.873148e-03
-1.592500e+00	8.523274e-03
-1.590000e+00	7.594644e-03
-1.587500e+00	6.466793e-03
-1.585000e+00	5.450475e-03
-1.582500e+00	4.659224e-03
-1.580000e+00	4.091996e-03
-1.577500e+00	3.714610e-03
-1.575000e+00	3.495317e-03
-1.572500e+00	3.414697e-03
-1.570000e+00	3.465728e-03
-1.567500e+00	3.648114e-03
-1.565000e+00	3.952169e-03
-1.562500e+00	4.324151e-03
-1.560000e+00	4.630484e-03
-1.557500e+00	4.707406e-03
-1.555000e+00	4.523311e-03
-1.552500e+00	4.221535e-03
-1.550000e+00	3.967059e-03
-1.547500e+00	3.848930e-03
-1.545000e+00	3.899321e-03
-1.542500e+00	4.130966e-03
-1.540000e+00	4.547552e-03
-1.537500e+00	5.119286e-03
-1.535000e+00	5.725579e-03
-1.532500e+00	6.130757e-03
-1.530000e+00	6.137301e-03
-1.527500e+00	5.812642e-03
-1.525000e+00	5.416571e-03
-1.522500e+00	5.161678e-03
-1.520000e+00	5.145102e-03
-1.517500e+00	5.398014e-03
-1.515000e+00	5.915531e-03
-1.512500e+00	6.624844e-03
-1.510000e+00	7.308930e-03
-1.507500e+00	7.620155e-03
-1.505000e+00	7.354163e-03
-1.502500e+00	6.687261e-03
-1.500000e+00	5.963364e-03
-1.497500e+00	5.405108e-03
-1.495000e+00	5.086692e-03
-1.492500e+00	5.016519e-03
-1.490000e+00	5.193326e-03
-1.487500e+00	5.622620e-03
-1.485000e+00	6.301101e-03
-1.482500e+00	7.161289e-03
-1.480000e+00	7.987716e-03
-1.477500e+00	8.438667e-03
-1.475000e+00	8.334333e-03
-1.472500e+00	7.885019e-03
-1.470000e+00	7.461896e-03
-1.467500e+00	7.315026e-03
-1.465000e+00	7.557015e-03
-1.462500e+00	8.244876e-03
-1.460000e+00	9.415622e-03
-1.457500e+00	1.103626e-02
-1.455000e+00	1.284789e-02
-1.452500e+00	1.420640e-02
-1.450000e+00	1.434078e-02
-1.447500e+00	1.311920e-02
-1.445000e+00	1.120395e-02
-1.442500e+00	9.313306e-03
-1.440000e+00	7.782854e-03
-1.437500e+00	6.663142e-03
-1.435000e+00	5.900889e-03
-1.432500e+00	5.431693e-03
-1.430000e+00	5.209697e-03
-1.427500e+00	5.211954e-03
-1.425000e+00	5.432536e-03
-1.422500e+00	5.864441e-03
-1.420000e+00	6.457034e-03
-1.417500e+00	7.054102e-03
-1.415000e+00	7.408479e-03
-1.412500e+00	7.391811e-03
-1.410000e+00	7.164282e-03
-1.407500e+00	7.009841e-03
-1.405000e+00	7.127797e-03
-1.402500e+00	7.612412e-03
-1.400000e+00	8.487491e-03
-1.397500e+00	9.670311e-03
-1.395000e+00	1.085467e-02
-1.392500e+00	1.149417e-02
-1.390000e+00	1.119477e-02
-1.387500e+00	1.016599e-02
-1.385000e+00	8.964831e-03
-1.382500e+00	7.990076e-03
-1.380000e+00	7.386682e-03
-1.377500e+00	7.175185e-03
-1.375000e+00	7.353770e-03
-1.372500e+00	7.937508e-03
-1.370000e+00	8.953746e-03
-1.367500e+00	1.038640e-02
-1.365000e+00	1.203980e-02
-1.362500e+00	1.338224e-02
-1.360000e+00	1.371528e-02
-1.357500e+00	1.284168e-02
-1.355000e+00	1.131189e-02
-1.352500e+00	9.806375e-03
-1.350000e+00	8.683690e-03
-1.347500e+00	8.036373e-03
-1.345000e+00	7.852500e-03
-1.342500e+00	8.084919e-03
-1.340000e+00	8.621445e-03
-1.337500e+00	9.194085e-03
-1.335000e+00	9.382063e-03
-1.332500e+00	8.917358e-03
-1.330000e+00	7.976235e-03
-1.327500e+00	6.948711e-03
-1.325000e+00	6.090552e-03
-1.322500e+00	5.478627e-03
-1.320000e+00	5.105163e-03
-1.317500e+00	4.945620e-03
-1.315000e+00	4.985840e-03
-1.312500e+00	5.229949e-03
-1.310000e+00	5.700898e-03
-1.307500e+00	6.433517e-03
-1.305000e+00	7.447272e-03
-1.302500e+00	8.673766e-03
-1.300000e+00	9.845165e-03
-1.297500e+00	1.051378e-02
-1.295000e+00	1.042929e-02
-1.292500e+00	9.863195e-03
-1.290000e+00	9.310480e-03
-1.287500e+00	9.069595e-03
-1.285000e+00	9.142949e-03
-1.282500e+00	9.272591e-03
-1.280000e+00	9.083969e-03
-1.277500e+00	8.425810e-03
-1.275000e+00	7.516186e-03
-1.272500e+00	6.659843e-03
-1.270000e+00	6.018266e-03
-1.267500e+00	5.627072e-03
-1.265000e+00	5.475760e-03
-1.262500e+00	5.553936e-03
-1.260000e+00	5.868568e-03
-1.257500e+00	6.448165e-03
-1.255000e+00	7.337293e-03
-1.252500e+00	8.568905e-03
-1.250000e+00	1.008409e-02
-1.247500e+00	1.158844e-02
-1.245000e+00	1.251099e-02
-1.242500e+00	1.240501e-02
-1.240000e+00	1.147174e-02
-1.237500e+00	1.033237e-02
-1.235000e+00	9.461354e-03
-1.232500e+00	9.054437e-03
-1.230000e+00	9.166094e-03
-1.227500e+00	9.819101e-03
-1.225000e+00	1.102231e-02
-1.222500e+00	1.268925e-02
-1.220000e+00	1.445260e-02
-1.217500e+00	1.555418e-02
-1.215000e+00	1.528161e-02
-1.212500e+00	1.373608e-02
-1.210000e+00	1.169534e-02
-1.207500e+00	9.817606e-03
-1.205000e+00	8.358356e-03
-1.202500e+00	7.330915e-03
-1.200000e+00	6.673635e-03
-1.197500e+00	6.320848e-03
-1.195000e+00	6.212326e-03
-1.192500e+00	6.269988e-03
-1.190000e+00	6.371142e-03
-1.187500e+00	6.386668e-03
-1.185000e+00	6.295222e-03
-1.182500e+00	6.202075e-03
-1.180000e+00	6.226669e-03
-1.177500e+00	6.439815e-03
-1.175000e+00	6.882224e-03
-1.172500e+00	7.596222e-03
-1.170000e+00	8.645966e-03
-1.167500e+00	1.012959e-02
-1.165000e+00	1.218457e-02
-1.162500e+00	1.497232e-02
-1.160000e+00	1.859628e-02
-1.157500e+00	2.286536e-02
-1.155000e+00	2.689824e-02
-1.152500e+00	2.910233e-02
-1.150000e+00	2.840482e-02
-1.147500e+00	2.554654e-02
-1.145000e+00	2.220829e-02
-1.142500e+00	1.947383e-02
-1.140000e+00	1.749538e-02
-1.137500e+00	1.584359e-02
-1.135000e+00	1.404550e-02
-1.132500e+00	1.205416e-02
-1.130000e+00	1.014834e-02
-1.127500e+00	8.547957e-03
-1.125000e+00	7.301719e-03
-1.122500e+00	6.366322e-03
-1.120000e+00	5.678514e-03
-1.117500e+00	5.183977e-03
-1.115000e+00	4.843523e-03
-1.112500e+00	4.632059e-03
-1.110000e+00	4.536445e-03
-1.107500e+00	4.554069e-03
-1.105000e+00	4.692304e-03
-1.102500e+00	4.968069e-03
-1.100000e+00	5.404743e-03
-1.097500e+00	6.019260e-03
-1.095000e+00	6.787216e-03
-1.092500e+00	7.591187e-03
-1.090000e+00	8.239181e-03
-1.087500e+00	8.655402e-03
-1.085000e+00	9.026286e-03
-1.082500e+00	9.639948e-03
-1.080000e+00	1.066293e-02
-1.077500e+00	1.202042e-02
-1.075000e+00	1.328774e-02
-1.072500e+00	1.377096e-02
-1.070000e+00	1.308650e-02
-1.067500e+00	1.160750e-02
-1.065000e+00	1.000732e-02
-1.062500e+00	8.701237e-03
-1.060000e+00	7.810228e-03
-1.057500e+00	7.325304e-03
-1.055000e+00	7.216514e-03
-1.052500e+00	7.472409e-03
-1.050000e+00	8.099841e-03
-1.047500e+00	9.086621e-03
-1.045000e+00	1.030522e-02
-1.042500e+00	1.138297e-02
-1.040000e+00	1.177177e-02
-1.037500e+00	1.122934e-02
-1.035000e+00	1.011294e-02
-1.032500e+00	8.964128e-03
-1.030000e+00	8.099604e-03
-1.027500e+00	7.615071e-03
-1.025000e+00	7.518397e-03
-1.022500e+00	7.810464e-03
-1.020000e+00	8.507583e-03
-1.017500e+00	9.617345e-03
-1.015000e+00	1.104997e-02
-1.012500e+00	1.246346e-02
-1.010000e+00	1.323399e-02
-1.007500e+00	1.290290e-02
-1.005000e+00	1.170648e-02
-1.002500e+00	1.029094e-02
-1.000000e+00	9.122754e-03
-9.975000e-01	8.369643e-03
-9.950000e-01	8.042897e-03
-9.925000e-01	8.097602e-03
-9.900000e-01	8.436509e-03
-9.875000e-01	8.857724e-03
-9.850000e-01	9.072354e-03
-9.825000e-01	8.925217e-03
-9.800000e-01	8.568782e-03
-9.775000e-01	8.284246e-03
-9.750000e-01	8.263218e-03
-9.725000e-01	8.596603e-03
-9.700000e-01	9.344135e-03
-9.675000e-01	1.058144e-02
-9.650000e-01	1.241083e-02
-9.625000e-01	1.492347e-02
-9.600000e-01	1.806098e-02
-9.575000e-01	2.133004e-02
-9.550000e-01	2.361005e-02
-9.525000e-01	2.378344e-02
-9.500000e-01	2.196685e-02
-9.475000e-01	1.940432e-02
-9.450000e-01	1.722017e-02
-9.425000e-01	1.591170e-02
-9.400000e-01	1.555625e-02
-9.375000e-01	1.599295e-02
-9.350000e-01	1.677583e-02
-9.325000e-01	1.713143e-02
-9.300000e-01	1.639641e-02
-9.275000e-01	1.468233e-02
-9.250000e-01	1.267842e-02
-9.225000e-01	1.094121e-02
-9.200000e-01	9.679021e-03
-9.175000e-01	8.905803e-03
-9.150000e-01	8.587076e-03
-9.125000e-01	8.700991e-03
-9.100000e-01	9.243227e-03
-9.075000e-01	1.018358e-02
-9.050000e-01	1.135508e-02
-9.025000e-01	1.231977e-02
-9.000000e-01	1.248672e-02
-8.975000e-01	1.165344e-02
-8.950000e-01	1.024335e-02
-8.925000e-01	8.811691e-03
-8.900000e-01	7.650367e-03
-8.875000e-01	6.821502e-03
-8.850000e-01	6.296367e-03
-8.825000e-01	6.034260e-03
-8.800000e-01	6.009987e-03
-8.775000e-01	6.219216e-03
-8.750000e-01	6.673299e-03
-8.725000e-01	7.378807e-03
-8.700000e-01	8.284669e-03
-8.675000e-01	9.198813e-03
-8.650000e-01	9.792452e-03
-8.625000e-01	9.867783e-03
-8.600000e-01	9.615679e-03
-8.575000e-01	9.422627e-03
-8.550000e-01	9.575165e-03
-8.525000e-01	1.022590e-02
-8.500000e-01	1.147298e-02
-8.475000e-01	1.338876e-02
-8.450000e-01	1.593496e-02
-8.425000e-01	1.872573e-02
-8.400000e-01	2.079566e-02
-8.375000e-01	2.100777e-02
-8.350000e-01	1.920144e-02
-8.325000e-01	1.638804e-02
-8.300000e-01	1.363926e-02
-8.275000e-01	1.145344e-02
-8.250000e-01	9.909694e-03
-8.225000e-01	8.930055e-03
-8.200000e-01	8.394607e-03
-8.175000e-01	8.142344e-03
-8.150000e-01	7.945798e-03
-8.125000e-01	7.589918e-03
-8.100000e-01	7.046348e-03
-8.075000e-01	6.467003e-03
-8.050000e-01	6.001588e-03
-8.025000e-01	5.716074e-03
-8.000000e-01	5.624435e-03
-7.975000e-01	5.729890e-03
-7.950000e-01	6.045462e-03
-7.925000e-01	6.600207e-03
-7.900000e-01	7.433706e-03
-7.875000e-01	8.566852e-03
-7.850000e-01	9.922614e-03
-7.825000e-01	1.120478e-02
-7.800000e-01	1.192198e-02
-7.775000e-01	1.180026e-02
-7.750000e-01	1.113205e-02
-7.725000e-01	1.045675e-02
-7.700000e-01	1.013953e-02
-7.675000e-01	1.033815e-02
-7.650000e-01	1.112434e-02
-7.625000e-01	1.254769e-02
-7.600000e-01	1.459258e-02
-7.575000e-01	1.700090e-02
-7.550000e-01	1.903952e-02
-7.525000e-01	1.968758e-02
-7.500000e-01	1.857454e-02
-7.475000e-01	1.643627e-02
-7.450000e-01	1.427396e-02
-7.425000e-01	1.264235e-02
-7.400000e-01	1.169566e-02
-7.375000e-01	1.142921e-02
-7.350000e-01	1.180248e-02
-7.325000e-01	1.272766e-02
-7.300000e-01	1.394652e-02
-7.275000e-01	1.490420e-02
-7.250000e-01	1.497325e-02
-7.225000e-01	1.407373e-02
-7.200000e-01	1.276807e-02
-7.175000e-01	1.165786e-02
-7.150000e-01	1.104867e-02
-7.125000e-01	1.103506e-02
-7.100000e-01	1.162758e-02
-7.075000e-01	1.276185e-02
-7.050000e-01	1.417724e-02
-7.025000e-01	1.527776e-02
-7.000000e-01	1.536268e-02
-6.975000e-01	1.431140e-02
-6.950000e-01	1.272234e-02
-6.925000e-01	1.125294e-02
-6.900000e-01	1.022849e-02
-6.875000e-01	9.731472e-03
-6.850000e-01	9.763016e-03
-6.825000e-01	1.031310e-02
-6.800000e-01	1.133846e-02
-6.775000e-01	1.264885e-02
-6.750000e-01	1.376219e-02
-6.725000e-01	1.403442e-02
-6.700000e-01	1.325042e-02
-6.675000e-01	1.188130e-02
-6.650000e-01	1.054541e-02
-6.625000e-01	9.580434e-03
-6.600000e-01	9.083303e-03
-6.575000e-01	9.064339e-03
-6.550000e-01	9.533320e-03
-6.525000e-01	1.051785e-02
-6.500000e-01	1.202119e-02
-6.475000e-01	1.389046e-02
-6.450000e-01	1.561141e-02
-6.425000e-01	1.633803e-02
-6.400000e-01	1.556918e-02
-6.375000e-01	1.373772e-02
-6.350000e-01	1.168542e-02
-6.325000e-01	9.946848e-03
-6.300000e-01	8.679396e-03
-6.275000e-01	7.865390e-03
-6.250000e-01	7.450867e-03
-6.225000e-01	7.396043e-03
-6.200000e-01	7.676687e-03
-6.175000e-01	8.247844e-03
-6.150000e-01	8.963139e-03
-6.125000e-01	9.503807e-03
-6.100000e-01	9.517973e-03
-6.075000e-01	8.975943e-03
-6.050000e-01	8.204933e-03
-6.025000e-01	7.539858e-03
-6.000000e-01	7.143122e-03
-5.975000e-01	7.059692e-03
-5.950000e-01	7.296167e-03
-5.925000e-01	7.845722e-03
-5.900000e-01	8.654844e-03
-5.875000e-01	9.542210e-03
-5.850000e-01	1.017216e-02
-5.825000e-01	1.028405e-02
-5.800000e-01	1.000078e-02
-5.775000e-01	9.703652e-03
-5.750000e-01	9.703356e-03
-5.725000e-01	1.016315e-02
-5.700000e-01	1.118218e-02
-5.675000e-01	1.285910e-02
-5.650000e-01	1.528172e-02
-5.625000e-01	1.840078e-02
-5.600000e-01	2.173758e-02
-5.575000e-01	2.413009e-02
-5.550000e-01	2.427921e-02
-5.525000e-01	2.209617e-02
-5.500000e-01	1.881315e-02
-5.475000e-01	1.565654e-02
-5.450000e-01	1.317385e-02
-5.425000e-01	1.144413e-02
-5.400000e-01	1.038358e-02
-5.375000e-01	9.883653e-03
-5.350000e-01	9.821186e-03
-5.325000e-01	9.995057e-03
-5.300000e-01	1.008142e-02
-5.275000e-01	9.789652e-03
-5.250000e-01	9.141779e-03
-5.225000e-01	8.419754e-03
-5.200000e-01	7.871305e-03
-5.175000e-01	7.606299e-03
-5.150000e-01	7.658029e-03
-5.125000e-01	8.047707e-03
-5.100000e-01	8.811907e-03
-5.075000e-01	9.997411e-03
-5.050000e-01	1.161041e-02
-5.025000e-01	1.348896e-02
-5.000000e-01	1.515085e-02
-4.975000e-01	1.594504e-02
-4.950000e-01	1.569789e-02
-4.925000e-01	1.498396e-02
-4.900000e-01	1.453449e-02
-4.875000e-01	1.475223e-02
-4.850000e-01	1.566456e-02
-4.825000e-01	1.690092e-02
-4.800000e-01	1.766383e-02
-4.775000e-01	1.717630e-02
-4.750000e-01	1.547552e-02
-4.725000e-01	1.331995e-02
-4.700000e-01	1.138193e-02
-4.675000e-01	9.934261e-03
-4.650000e-01	9.005428e-03
-4.625000e-01	8.552773e-03
-4.600000e-01	8.537152e-03
-4.575000e-01	8.927283e-03
-4.550000e-01	9.647090e-03
-4.525000e-01	1.046744e-02
-4.500000e-01	1.094995e-02
-4.475000e-01	1.070434e-02
-4.450000e-01	9.806764e-03
-4.425000e-01	8.695656e-03
-4.400000e-01	7.731579e-03
-4.375000e-01	7.056210e-03
-4.350000e-01	6.686743e-03
-4.325000e-01	6.608731e-03
-4.300000e-01	6.816713e-03
-4.275000e-01	7.321462e-03
-4.250000e-01	8.131093e-03
-4.225000e-01	9.191136e-03
-4.200000e-01	1.028004e-02
-4.175000e-01	1.098606e-02
-4.150000e-01	1.100579e-02
-4.125000e-01	1.051075e-02
-4.100000e-01	9.966520e-03
-4.075000e-01	9.733047e-03
-4.050000e-01	9.980243e-03
-4.025000e-01	1.077900e-02
-4.000000e-01	1.214197e-02
-3.975000e-01	1.394245e-02
-3.950000e-01	1.572945e-02
-3.925000e-01	1.670702e-02
-3.900000e-01	1.631991e-02
-3.875000e-01	1.490240e-02
-3.850000e-01	1.328474e-02
-3.825000e-01	1.205947e-02
-3.800000e-01	1.144753e-02
-3.775000e-01	1.146703e-02
-3.750000e-01	1.201917e-02
-3.725000e-01	1.283267e-02
-3.700000e-01	1.341974e-02
-3.675000e-01	1.335468e-02
-3.650000e-01	1.273053e-02
-3.625000e-01	1.205402e-02
-3.600000e-01	1.176082e-02
-3.575000e-01	1.202835e-02
-3.550000e-01	1.279242e-02
-3.525000e-01	1.369959e-02
-3.500000e-01	1.411349e-02
-3.475000e-01	1.354282e-02
-3.450000e-01	1.216640e-02
-3.425000e-01	1.058191e-02
-3.400000e-01	9.228140e-03
-3.375000e-01	8.254681e-03
-3.350000e-01	7.660542e-03
-3.325000e-01	7.409612e-03
-3.300000e-01	7.479593e-03
-3.275000e-01	7.876942e-03
-3.250000e-01	8.638740e-03
-3.225000e-01	9.822687e-03
-3.200000e-01	1.146621e-02
-3.175000e-01	1.347629e-02
-3.150000e-01	1.545775e-02
-3.125000e-01	1.673767e-02
-3.100000e-01	1.693580e-02
-3.075000e-01	1.644898e-02
-3.050000e-01	1.593596e-02
-3.025000e-01	1.557623e-02
-3.000000e-01	1.498676e-02
-2.975000e-01	1.376866e-02
-2.950000e-01	1.205623e-02
-2.925000e-01	1.031601e-02
-2.900000e-01	8.873753e-03
-2.875000e-01	7.821531e-03
-2.850000e-01	7.136425e-03
-2.825000e-01	6.772866e-03
-2.800000e-01	6.696482e-03
-2.775000e-01	6.882138e-03
-2.750000e-01	7.283422e-03
-2.725000e-01	7.776893e-03
-2.700000e-01	8.145454e-03
-2.675000e-01	8.228002e-03
-2.650000e-01	8.115429e-03
-2.625000e-01	8.066511e-03
-2.600000e-01	8.297826e-03
-2.575000e-01	8.931339e-03
-2.550000e-01	1.002405e-02
-2.525000e-01	1.153890e-02
-2.500000e-01	1.320792e-02
-2.475000e-01	1.440977e-02
-2.450000e-01	1.447049e-02
-2.425000e-01	1.336449e-02
-2.400000e-01	1.174564e-02
-2.375000e-01	1.025234e-02
-2.350000e-01	9.172973e-03
-2.325000e-01	8.562939e-03
-2.300000e-01	8.405158e-03
-2.275000e-01	8.684319e-03
-2.250000e-01	9.393809e-03
-2.225000e-01	1.048466e-02
-2.200000e-01	1.174907e-02
-2.175000e-01	1.273101e-02
-2.150000e-01	1.296128e-02
-2.125000e-01	1.246889e-02
-2.100000e-01	1.177698e-02
-2.075000e-01	1.138743e-02
-2.050000e-01	1.152876e-02
-2.025000e-01	1.217675e-02
-2.000000e-01	1.303790e-02
-1.975000e-01	1.354679e-02
-1.950000e-01	1.322100e-02
-1.925000e-01	1.217408e-02
-1.900000e-01	1.095922e-02
-1.875000e-01	1.002885e-02
-1.850000e-01	9.576053e-03
-1.825000e-01	9.648840e-03
-1.800000e-01	1.023708e-02
-1.775000e-01	1.124776e-02
-1.750000e-01	1.238077e-02
-1.725000e-01	1.306632e-02
-1.700000e-01	1.281093e-02
-1.675000e-01	1.173552e-02
-1.650000e-01	1.042261e-02
-1.625000e-01	9.342876e-03
-1.600000e-01	8.667386e-03
-1.575000e-01	8.355711e-03
-1.550000e-01	8.222657e-03
-1.525000e-01	8.007219e-03
-1.500000e-01	7.565670e-03
-1.475000e-01	7.001329e-03
-1.450000e-01	6.514150e-03
-1.425000e-01	6.230934e-03
-1.400000e-01	6.194117e-03
-1.375000e-01	6.399403e-03
-1.350000e-01	6.796883e-03
-1.325000e-01	7.261285e-03
-1.300000e-01	7.620359e-03
-1.275000e-01	7.817345e-03
-1.250000e-01	8.008903e-03
-1.225000e-01	8.424176e-03
-1.200000e-01	9.212394e-03
-1.175000e-01	1.038750e-02
-1.150000e-01	1.175293e-02
-1.125000e-01	1.284172e-02
-1.100000e-01	1.317776e-02
-1.075000e-01	1.279320e-02
-1.050000e-01	1.217299e-02
-1.025000e-01	1.166072e-02
-1.000000e-01	1.119986e-02
-9.750000e-02	1.059127e-02
-9.500000e-02	9.868445e-03
-9.250000e-02	9.285379e-03
-9.000000e-02	9.050529e-03
-8.750000e-02	9.202829e-03
-8.500000e-02	9.583915e-03
-8.250000e-02	9.828745e-03
-8.000000e-02	9.559151e-03
-7.750000e-02	8.757781e-03
-7.500000e-02	7.762097e-03
-7.250000e-02	6.892270e-03
-7.000000e-02	6.281230e-03
-6.750000e-02	5.931015e-03
-6.500000e-02	5.790403e-03
-6.250000e-02	5.809994e-03
-6.000000e-02	5.969890e-03
-5.750000e-02	6.235094e-03
-5.500000e-02	6.484548e-03
-5.250000e-02	6.559441e-03
-5.000000e-02	6.444836e-03
-4.750000e-02	6.312327e-03
-4.500000e-02	6.354567e-03
-4.250000e-02	6.676314e-03
-4.000000e-02	7.280275e-03
-3.750000e-02	8.029234e-03
-3.500000e-02	8.601722e-03
-3.250000e-02	8.649778e-03
-3.000000e-02	8.150151e-03
-2.750000e-02	7.403885e-03
-2.500000e-02	6.670800e-03
-2.250000e-02	6.022081e-03
-2.000000e-02	5.440733e-03
-1.750000e-02	4.915127e-03
-1.500000e-02	4.467104e-03
-1.250000e-02	4.121372e-03
-1.000000e-02	3.866331e-03
-7.500000e-03	3.665534e-03
-5.000000e-03	3.487920e-03
-2.500000e-03	3.302430e-03
-6.394885e-14	3.076677e-03
2.500000e-03	2.812512e-03
5.000000e-03	2.547798e-03
7.500000e-03	2.316062e-03
1.000000e-02	2.128081e-03
1.250000e-02	1.980153e-03
1.500000e-02	1.864321e-03
1.750000e-02	1.773043e-03
2.000000e-02	1.700384e-03
2.250000e-02	1.641951e-03
2.500000e-02	1.594548e-03
2.750000e-02	1.555843e-03
3.000000e-02	1.524116e-03
3.250000e-02	1.498081e-03
3.500000e-02	1.476762e-03
3.750000e-02	1.459408e-03
4.000000e-02	1.445431e-03
4.250000e-02	1.434369e-03
4.500000e-02	1.425849e-03
4.750000e-02	1.419573e-03
5.000000e-02	1.415296e-03
5.250000e-02	1.412818e-03
5.500000e-02	1.411973e-03
5.750000e-02	1.412623e-03
6.000000e-02	1.414653e-03
6.250000e-02	1.417968e-03
6.500000e-02	1.422485e-03
6.750000e-02	1.428138e-03
7.000000e-02	1.434870e-03
7.250000e-02	1.442632e-03
7.500000e-02	1.451386e-03
7.750000e-02	1.461099e-03
8.000000e-02	1.471744e-03
8.250000e-02	1.483301e-03
8.500000e-02	1.495752e-03
8.750000e-02	1.509085e-03
9.000000e-02	1.523293e-03
9.250000e-02	1.538369e-03
9.500000e-02	1.554313e-03
9.750000e-02	1.571126e-03
1.000000e-01	1.588811e-03
1.025000e-01	1.607376e-03
1.050000e-01	1.626829e-03
1.075000e-01	1.647183e-03
1.100000e-01	1.668451e-03
1.125000e-01	1.690649e-03
1.150000e-01	1.713796e-03
1.175000e-01	1.737914e-03
1.200000e-01	1.763025e-03
1.225000e-01	1.789154e-03
1.250000e-01	1.816329e-03
1.275000e-01	1.844581e-03
1.300000e-01	1.873942e-03
1.325000e-01	1.904447e-03
1.350000e-01	1.936134e-03
1.375000e-01	1.969043e-03
1.400000e-01	2.003218e-03
1.425000e-01	2.038704e-03
1.450000e-01	2.075551e-03
1.475000e-01	2.113812e-03
1.500000e-01	2.153543e-03
1.525000e-01	2.194802e-03
1.550000e-01	2.237655e-03
1.575000e-01	2.282168e-03
1.600000e-01	2.328414e-03
1.625000e-01	2.376470e-03
1.650000e-01	2.426416e-03
1.675000e-01	2.478341e-03
1.700000e-01	2.532336e-03
1.725000e-01	2.588501e-03
1.750000e-01	2.646941e-03
1.775000e-01	2.707768e-03
1.800000e-01	2.771103e-03
1.825000e-01	2.837072e-03
1.850000e-01	2.905815e-03
1.875000e-01	2.977475e-03
1.900000e-01	3.052211e-03
1.925000e-01	3.130190e-03
1.950000e-01	3.211592e-03
1.975000e-01	3.296610e-03
2.000000e-01	3.385450e-03
2.025000e-01	3.478335e-03
2.050000e-01	3.575505e-03
2.075000e-01	3.677217e-03
2.100000e-01	3.783748e-03
2.125000e-01	3.895399e-03
2.150000e-01	4.012492e-03
2.175000e-01	4.135378e-03
2.200000e-01	4.264434e-03
2.225000e-01	4.400073e-03
2.250000e-01	4.542738e-03
2.275000e-01	4.692914e-03
2.300000e-01	4.851128e-03
2.325000e-01	5.017954e-03
2.350000e-01	5.194018e-03
2.375000e-01	5.380005e-03
2.400000e-01	5.576663e-03
2.425000e-01	5.784816e-03
2.450000e-01	6.005365e-03
2.475000e-01	6.239302e-03
2.500000e-01	6.487724e-03
2.525000e-01	6.751838e-03
2.550000e-01	7.032982e-03
2.575000e-01	7.332639e-03
2.600000e-01	7.652456e-03
2.625000e-01	7.994269e-03
2.650000e-01	8.360126e-03
2.675000e-01	8.752320e-03
2.700000e-01	9.173421e-03
2.725000e-01	9.626322e-03
2.750000e-01	1.011429e-02
2.775000e-01	1.064100e-02
2.800000e-01	1.121065e-02
2.825000e-01	1.182801e-02
2.850000e-01	1.249852e-02
2.875000e-01	1.322841e-02
2.900000e-01	1.402487e-02
2.925000e-01	1.489617e-02
2.950000e-01	1.585194e-02
2.975000e-01	1.690337e-02
3.000000e-01	1.806357e-02
3.025000e-01	1.934794e-02
3.050000e-01	2.077469e-02
3.075000e-01	2.236548e-02
3.100000e-01	2.414621e-02
3.125000e-01	2.614802e-02
3.150000e-01	2.840865e-02
3.175000e-01	3.097414e-02
3.200000e-01	3.390111e-02
3.225000e-01	3.725974e-02
3.250000e-01	4.113778e-02
3.275000e-01	4.564607e-02
3.300000e-01	5.092594e-02
3.325000e-01	5.715967e-02
3.350000e-01	6.458505e-02
3.375000e-01	7.351622e-02
3.400000e-01	8.437369e-02
3.425000e-01	9.772809e-02
3.450000e-01	1.143647e-01
3.475000e-01	1.353790e-01
3.500000e-01	1.623169e-01
3.525000e-01	1.973765e-01
3.550000e-01	2.436754e-01
3.575000e-01	3.055311e-01
3.600000e-01	3.884904e-01
3.625000e-01	4.982227e-01
3.650000e-01	6.360257e-01
3.675000e-01	7.877091e-01
3.700000e-01	9.100070e-01
3.725000e-01	9.429966e-01
3.750000e-01	8.664171e-01
3.775000e-01	7.246008e-01
3.800000e-01	5.753413e-01
3.825000e-01	4.487879e-01
3.850000e-01	3.508292e-01
3.875000e-01	2.774289e-01
3.900000e-01	2.226897e-01
3.925000e-01	1.815420e-01
3.950000e-01	1.501985e-01
3.975000e-01	1.259620e-01
4.000000e-01	1.069364e-01
4.025000e-01	9.178472e-02
4.050000e-01	7.955539e-02
4.075000e-01	6.956248e-02
4.100000e-01	6.130461e-02
4.125000e-01	5.441017e-02
4.150000e-01	4.859999e-02
4.175000e-01	4.366162e-02
4.200000e-01	3.943140e-02
4.225000e-01	3.578184e-02
4.250000e-01	3.261254e-02
4.275000e-01	2.984365e-02
4.300000e-01	2.741109e-02
4.325000e-01	2.526298e-02
4.350000e-01	2.335701e-02
4.375000e-01	2.165837e-02
4.400000e-01	2.013825e-02
4.425000e-01	1.877263e-02
4.450000e-01	1.754140e-02
4.475000e-01	1.642758e-02
4.500000e-01	1.541678e-02
4.525000e-01	1.449674e-02
4.550000e-01	1.365695e-02
4.575000e-01	1.288840e-02
4.600000e-01	1.218327e-02
4.625000e-01	1.153480e-02
4.650000e-01	1.093710e-02
4.675000e-01	1.038503e-02
4.700000e-01	9.874066e-03
4.725000e-01	9.400246e-03
4.750000e-01	8.960063e-03
4.775000e-01	8.550417e-03
4.800000e-01	8.168553e-03
4.825000e-01	7.812023e-03
4.850000e-01	7.478639e-03
4.875000e-01	7.166444e-03
4.900000e-01	6.873686e-03
4.925000e-01	6.598786e-03
4.950000e-01	6.340324e-03
4.975000e-01	6.097018e-03
5.000000e-01	5.867709e-03
5.025000e-01	5.651344e-03
5.050000e-01	5.446970e-03
5.075000e-01	5.253719e-03
5.100000e-01	5.070798e-03
5.125000e-01	4.897487e-03
5.150000e-01	4.733125e-03
5.175000e-01	4.577107e-03
5.200000e-01	4.428879e-03
5.225000e-01	4.287931e-03
5.250000e-01	4.153796e-03
5.275000e-01	4.026043e-03
5.300000e-01	3.904273e-03
5.325000e-01	3.788120e-03
5.350000e-01	3.677243e-03
5.375000e-01	3.571329e-03
5.400000e-01	3.470087e-03
5.425000e-01	3.373246e-03
5.450000e-01	3.280556e-03
5.475000e-01	3.191782e-03
5.500000e-01	3.106709e-03
5.525000e-01	3.025133e-03
5.550000e-01	2.946867e-03
5.575000e-01	2.871733e-03
5.600000e-01	2.799568e-03
5.625000e-01	2.730217e-03
5.650000e-01	2.663537e-03
5.675000e-01	2.599393e-03
5.700000e-01	2.537657e-03
5.725000e-01	2.478212e-03
5.750000e-01	2.420946e-03
5.775000e-01	2.365753e-03
5.800000e-01	2.312537e-03
5.825000e-01	2.261203e-03
5.850000e-01	2.211664e-03
5.875000e-01	2.163839e-03
5.900000e-01	2.117649e-03
5.925000e-01	2.073021e-03
5.950000e-01	2.029886e-03
5.975000e-01	1.988178e-03
6.000000e-01	1.947836e-03
6.025000e-01	1.908800e-03
6.050000e-01	1.871016e-03
6.075000e-01	1.834431e-03
6.100000e-01	1.798995e-03
6.125000e-01	1.764661e-03
6.150000e-01	1.731384e-03
6.175000e-01	1.699122e-03
6.200000e-01	1.667834e-03
6.225000e-01	1.637481e-03
6.250000e-01	1.608027e-03
6.275000e-01	1.579438e-03
6.300000e-01	1.551680e-03
6.325000e-01	1.524722e-03
6.350000e-01	1.498534e-03
6.375000e-01	1.473086e-03
6.400000e-01	1.448353e-03
6.425000e-01	1.424307e-03
6.450000e-01	1.400924e-03
6.475000e-01	1.378180e-03
6.500000e-01	1.356053e-03
6.525000e-01	1.334520e-03
6.550000e-01	1.313562e-03
6.575000e-01	1.293158e-03
6.600000e-01	1.273289e-03
6.625000e-01	1.253938e-03
6.650000e-01	1.235086e-03
6.675000e-01	1.216717e-03
6.700000e-01	1.198816e-03
6.725000e-01	1.181366e-03
6.750000e-01	1.164354e-03
6.775000e-01	1.147765e-03
6.800000e-01	1.131586e-03
6.825000e-01	1.115803e-03
6.850000e-01	1.100405e-03
6.875000e-01	1.085379e-03
6.900000e-01	1.070714e-03
6.925000e-01	1.056399e-03
6.950000e-01	1.042424e-03
6.975000e-01	1.028778e-03
7.000000e-01	1.015450e-03
7.025000e-01	1.002433e-03
7.050000e-01	9.897172e-04
7.075000e-01	9.772931e-04
7.100000e-01	9.651527e-04
7.125000e-01	9.532880e-04
7.150000e-01	9.416911e-04
7.175000e-01	9.303546e-04
7.200000e-01	9.192711e-04
7.225000e-01	9.084337e-04
7.250000e-01	8.978358e-04
7.275000e-01	8.874707e-04
7.300000e-01	8.773322e-04
7.325000e-01	8.674143e-04
7.350000e-01	8.577112e-04
7.375000e-01	8.482173e-04
7.400000e-01	8.389270e-04
7.425000e-01	8.298352e-04
7.450000e-01	8.209368e-04
7.475000e-01	8.122270e-04
7.500000e-01	8.037009e-04
7.525000e-01	7.953540e-04
7.550000e-01	7.871820e-04
7.575000e-01	7.791805e-04
7.600000e-01	7.713455e-04
7.625000e-01	7.636729e-04
7.650000e-01	7.561590e-04
7.675000e-01	7.487999e-04
7.700000e-01	7.415921e-04
7.725000e-01	7.345322e-04
7.750000e-01	7.276167e-04
7.775000e-01	7.208424e-04
7.800000e-01	7.142061e-04
7.825000e-01	7.077049e-04
7.850000e-01	7.013357e-04
7.875000e-01	6.950957e-04
7.900000e-01	6.889822e-04
7.925000e-01	6.829925e-04
7.950000e-01	6.771241e-04
7.975000e-01	6.713744e-04
8.000000e-01	6.657410e-04
8.025000e-01	6.602216e-04
8.050000e-01	6.548139e-04
8.075000e-01	6.495159e-04
8.100000e-01	6.443253e-04
8.125000e-01	6.392401e-04
8.150000e-01	6.342585e-04
8.175000e-01	6.293784e-04
8.200000e-01	6.245981e-04
8.225000e-01	6.199157e-04
8.250000e-01	6.153297e-04
8.275000e-01	6.108383e-04
8.300000e-01	6.064400e-04
8.325000e-01	6.021332e-04
8.350000e-01	5.979165e-04
8.375000e-01	5.937884e-04
8.400000e-01	5.897477e-04
8.425000e-01	5.857929e-04
8.450000e-01	5.819230e-04
8.475000e-01	5.781365e-04
8.500000e-01	5.744325e-04
8.525000e-01	5.708098e-04
8.550000e-01	5.672674e-04
8.575000e-01	5.638043e-04
8.600000e-01	5.604195e-04
8.625000e-01	5.571121e-04
8.650000e-01	5.538814e-04
8.675000e-01	5.507264e-04
8.700000e-01	5.476465e-04
8.725000e-01	5.446409e-04
8.750000e-01	5.417090e-04
8.775000e-01	5.388502e-04
8.800000e-01	5.360640e-04
8.825000e-01	5.333497e-04
8.850000e-01	5.307071e-04
8.875000e-01	5.281355e-04
8.900000e-01	5.256348e-04
8.925000e-01	5.232046e-04
8.950000e-01	5.208447e-04
8.975000e-01	5.185548e-04
9.000000e-01	5.163349e-04
9.025000e-01	5.141847e-04
9.050000e-01	5.121044e-04
9.075000e-01	5.100940e-04
9.100000e-01	5.081534e-04
9.125000e-01	5.062830e-04
9.150000e-01	5.044829e-04
9.175000e-01	5.027534e-04
9.200000e-01	5.010949e-04
9.225000e-01	4.995079e-04
9.250000e-01	4.979928e-04
9.275000e-01	4.965502e-04
9.300000e-01	4.951809e-04
9.325000e-01	4.938856e-04
9.350000e-01	4.926652e-04
9.375000e-01	4.915207e-04
9.400000e-01	4.904531e-04
9.425000e-01	4.894637e-04
9.450000e-01	4.885537e-04
9.475000e-01	4.877247e-04
9.500000e-01	4.869781e-04
9.525000e-01	4.863158e-04
9.550000e-01	4.857396e-04
9.575000e-01	4.852515e-04
9.600000e-01	4.848539e-04
9.625000e-01	4.845491e-04
9.650000e-01	4.843398e-04
9.675000e-01	4.842288e-04
9.700000e-01	4.842193e-04
9.725000e-01	4.843147e-04
9.750000e-01	4.845187e-04
9.775000e-01	4.848353e-04
9.800000e-01	4.852688e-04
9.825000e-01	4.858240e-04
9.850000e-01	4.865060e-04
9.875000e-01	4.873205e-04
9.900000e-01	4.882736e-04
9.925000e-01	4.893721e-04
9.950000e-01	4.906232e-04
9.975000e-01	4.920350e-04
1.000000e+00	4.936163e-04
1.002500e+00	4.953768e-04
1.005000e+00	4.973272e-04
1.007500e+00	4.994791e-04
1.010000e+00	5.018455e-04
1.012500e+00	5.044409e-04
1.015000e+00	5.072811e-04
1.017500e+00	5.103838e-04
1.020000e+00	5.137689e-04
1.022500e+00	5.174585e-04
1.025000e+00	5.214774e-04
1.027500e+00	5.258536e-04
1.030000e+00	5.306187e-04
1.032500e+00	5.358086e-04
1.035000e+00	5.414640e-04
1.037500e+00	5.476317e-04
1.040000e+00	5.543653e-04
1.042500e+00	5.617269e-04
1.045000e+00	5.697884e-04
1.047500e+00	5.786338e-04
1.050000e+00	5.883619e-04
1.052500e+00	5.990898e-04
1.055000e+00	6.109567e-04
1.057500e+00	6.241301e-04
1.060000e+00	6.388130e-04
1.062500e+00	6.552537e-04
1.065000e+00	6.737594e-04
1.067500e+00	6.947139e-04
1.070000e+00	7.186027e-04
1.072500e+00	7.460485e-04
1.075000e+00	7.778606e-04
1.077500e+00	8.151068e-04
1.080000e+00	8.592170e-04
1.082500e+00	9.121338e-04
1.085000e+00	9.765269e-04
1.087500e+00	1.056083e-03
1.090000e+00	1.155837e-03
1.092500e+00	1.282353e-03
1.095000e+00	1.443062e-03
1.097500e+00	1.642996e-03
1.100000e+00	1.876472e-03
1.102500e+00	2.117327e-03
1.105000e+00	2.330260e-03
1.107500e+00	2.514820e-03
1.110000e+00	2.719073e-03
1.112500e+00	2.985986e-03
1.115000e+00	3.297073e-03
1.117500e+00	3.562378e-03
1.120000e+00	3.694114e-03
1.122500e+00	3.712610e-03
1.125000e+00	3.711364e-03
1.127500e+00	3.733432e-03
1.130000e+00	3.754601e-03
1.132500e+00	3.772698e-03
1.135000e+00	3.846564e-03
1.137500e+00	4.028323e-03
1.140000e+00	4.296583e-03
1.142500e+00	4.557223e-03
1.145000e+00	4.736822e-03
1.147500e+00	4.882759e-03
1.150000e+00	5.096454e-03
1.152500e+00	5.378523e-03
1.155000e+00	5.569690e-03
1.157500e+00	5.475444e-03
1.160000e+00	5.094886e-03
1.162500e+00	4.622735e-03
1.165000e+00	4.243618e-03
1.167500e+00	4.042139e-03
1.170000e+00	4.039214e-03
1.172500e+00	4.232248e-03
1.175000e+00	4.598622e-03
1.177500e+00	5.069392e-03
1.180000e+00	5.521295e-03
1.182500e+00	5.868156e-03
1.185000e+00	6.170043e-03
1.187500e+00	6.541087e-03
1.190000e+00	6.948609e-03
1.192500e+00	7.160568e-03
1.195000e+00	6.959358e-03
1.197500e+00	6.408391e-03
1.200000e+00	5.764541e-03
1.202500e+00	5.235751e-03
1.205000e+00	4.918758e-03
1.207500e+00	4.836731e-03
1.210000e+00	4.964353e-03
1.212500e+00	5.217228e-03
1.215000e+00	5.442033e-03
1.217500e+00	5.503544e-03
1.220000e+00	5.430979e-03
1.222500e+00	5.388315e-03
1.225000e+00	5.511593e-03
1.227500e+00	5.825677e-03
1.230000e+00	6.228958e-03
1.232500e+00	6.533103e-03
1.235000e+00	6.633143e-03
1.237500e+00	6.643853e-03
1.240000e+00	6.761889e-03
1.242500e+00	7.054264e-03
1.245000e+00	7.383605e-03
1.247500e+00	7.501375e-03
1.250000e+00	7.314904e-03
1.252500e+00	7.014664e-03
1.255000e+00	6.859927e-03
1.257500e+00	6.972071e-03
1.260000e+00	7.282889e-03
1.262500e+00	7.533762e-03
1.265000e+00	7.408011e-03
1.267500e+00	6.835150e-03
1.270000e+00	6.054725e-03
1.272500e+00	5.335070e-03
1.275000e+00	4.804056e-03
1.277500e+00	4.485637e-03
1.280000e+00	4.369541e-03
1.282500e+00	4.447553e-03
1.285000e+00	4.724788e-03
1.287500e+00	5.216702e-03
1.290000e+00	5.928230e-03
1.292500e+00	6.801165e-03
1.295000e+00	7.645030e-03
1.297500e+00	8.182819e-03
1.300000e+00	8.320635e-03
1.302500e+00	8.295143e-03
1.305000e+00	8.414983e-03
1.307500e+00	8.779382e-03
1.310000e+00	9.196358e-03
1.312500e+00	9.290415e-03
1.315000e+00	8.863038e-03
1.317500e+00	8.130613e-03
1.320000e+00	7.461810e-03
1.322500e+00	7.075441e-03
1.325000e+00	6.999974e-03
1.327500e+00	7.105190e-03
1.330000e+00	7.131184e-03
1.332500e+00	6.849193e-03
1.335000e+00	6.286836e-03
1.337500e+00	5.667549e-03
1.340000e+00	5.176857e-03
1.342500e+00	4.890080e-03
1.345000e+00	4.823024e-03
1.347500e+00	4.980589e-03
1.350000e+00	5.375435e-03
1.352500e+00	6.020818e-03
1.355000e+00	6.889465e-03
1.357500e+00	7.828076e-03
1.360000e+00	8.501026e-03
1.362500e+00	8.579791e-03
1.365000e+00	8.106353e-03
1.367500e+00	7.456301e-03
1.370000e+00	6.970036e-03
1.372500e+00	6.805501e-03
1.375000e+00	6.997149e-03
1.377500e+00	7.498186e-03
1.380000e+00	8.143780e-03
1.382500e+00	8.625682e-03
1.385000e+00	8.678340e-03
1.387500e+00	8.375478e-03
1.390000e+00	8.056726e-03
1.392500e+00	8.012696e-03
1.395000e+00	8.363549e-03
1.397500e+00	9.061171e-03
1.400000e+00	9.840815e-03
1.402500e+00	1.022118e-02
1.405000e+00	9.832058e-03
1.407500e+00	8.816607e-03
1.410000e+00	7.638140e-03
1.412500e+00	6.637900e-03
1.415000e+00	5.936223e-03
1.417500e+00	5.538631e-03
1.420000e+00	5.420982e-03
1.422500e+00	5.554663e-03
1.425000e+00	5.885334e-03
1.427500e+00	6.279040e-03
1.430000e+00	6.505811e-03
1.432500e+00	6.389633e-03
1.435000e+00	6.002050e-03
1.437500e+00	5.573054e-03
1.440000e+00	5.278940e-03
1.442500e+00	5.194562e-03
1.445000e+00	5.346373e-03
1.447500e+00	5.757086e-03
1.450000e+00	6.462153e-03
1.452500e+00	7.499914e-03
1.455000e+00	8.859379e-03
1.457500e+00	1.036041e-02
1.460000e+00	1.153762e-02
1.462500e+00	1.183912e-02
1.465000e+00	1.119617e-02
1.467500e+00	1.012939e-02
1.470000e+00	9.200369e-03
1.472500e+00	8.687497e-03
1.475000e+00	8.636690e-03
1.477500e+00	8.932334e-03
1.480000e+00	9.280862e-03
1.482500e+00	9.283002e-03
1.485000e+00	8.759182e-03
1.487500e+00	7.936841e-03
1.490000e+00	7.169328e-03
1.492500e+00	6.666954e-03
1.495000e+00	6.498710e-03
1.497500e+00	6.668171e-03
1.500000e+00	7.131513e-03
1.502500e+00	7.742204e-03
1.505000e+00	8.190058e-03
1.507500e+00	8.134257e-03
1.510000e+00	7.539479e-03
1.512500e+00	6.707815e-03
1.515000e+00	5.946828e-03
1.517500e+00	5.397848e-03
1.520000e+00	5.088172e-03
1.522500e+00	5.009909e-03
1.525000e+00	5.159669e-03
1.527500e+00	5.550948e-03
1.530000e+00	6.210481e-03
1.532500e+00	7.151871e-03
1.535000e+00	8.303149e-03
1.537500e+00	9.390778e-03
1.540000e+00	9.943686e-03
1.542500e+00	9.662573e-03
1.545000e+00	8.777005e-03
1.547500e+00	7.774345e-03
1.550000e+00	6.981674e-03
1.552500e+00	6.512253e-03
1.555000e+00	6.381096e-03
1.557500e+00	6.588772e-03
1.560000e+00	7.152741e-03
1.562500e+00	8.103184e-03
1.565000e+00	9.436012e-03
1.567500e+00	1.099446e-02
1.570000e+00	1.232114e-02
1.572500e+00	1.277803e-02
1.575000e+00	1.214087e-02
1.577500e+00	1.088643e-02
1.580000e+00	9.659443e-03
1.582500e+00	8.819460e-03
1.585000e+00	8.453900e-03
1.587500e+00	8.486660e-03
1.590000e+00	8.687819e-03
1.592500e+00	8.688730e-03
1.595000e+00	8.216223e-03
1.597500e+00	7.362640e-03
1.600000e+00	6.437782e-03
1.602500e+00	5.664279e-03
1.605000e+00	5.114923e-03
1.607500e+00	4.787064e-03
1.610000e+00	4.662632e-03
1.612500e+00	4.732868e-03
1.615000e+00	5.003846e-03
1.617500e+00	5.489738e-03
1.620000e+00	6.185834e-03
1.622500e+00	7.005125e-03
1.625000e+00	7.704041e-03
1.627500e+00	7.957269e-03
1.630000e+00	7.670407e-03
1.632500e+00	7.105773e-03
1.635000e+00	6.597236e-03
1.637500e+00	6.333983e-03
1.640000e+00	6.386103e-03
1.642500e+00	6.783822e-03
1.645000e+00	7.552400e-03
1.647500e+00	8.689004e-03
1.650000e+00	1.006632e-02
1.652500e+00	1.129173e-02
1.655000e+00	1.176885e-02
1.657500e+00	1.121073e-02
1.660000e+00	9.985769e-03
1.662500e+00	8.684805e-03
1.665000e+00	7.659267e-03
1.667500e+00	7.012257e-03
1.670000e+00	6.743360e-03
1.672500e+00	6.840492e-03
1.675000e+00	7.312568e-03
1.677500e+00	8.186649e-03
1.680000e+00	9.464907e-03
1.682500e+00	1.101051e-02
1.685000e+00	1.238314e-02
1.687500e+00	1.289620e-02
1.690000e+00	1.219654e-02
1.692500e+00	1.068583e-02
1.695000e+00	9.041311e-03
1.697500e+00	7.669363e-03
1.700000e+00	6.681810e-03
1.702500e+00	6.059941e-03
1.705000e+00	5.757482e-03
1.707500e+00	5.728895e-03
1.710000e+00	5.909210e-03
1.712500e+00	6.163570e-03
1.715000e+00	6.274303e-03
1.717500e+00	6.081120e-03
1.720000e+00	5.651340e-03
1.722500e+00	5.189701e-03
1.725000e+00	4.847760e-03
1.727500e+00	4.684980e-03
1.730000e+00	4.716985e-03
1.732500e+00	4.954926e-03
1.735000e+00	5.420825e-03
1.737500e+00	6.143761e-03
1.740000e+00	7.128330e-03
1.742500e+00	8.273797e-03
1.745000e+00	9.269118e-03
1.747500e+00	9.666565e-03
1.750000e+00	9.293408e-03
1.752500e+00	8.473268e-03
1.755000e+00	7.664339e-03
1.757500e+00	7.133951e-03
1.760000e+00	6.973064e-03
1.762500e+00	7.204239e-03
1.765000e+00	7.833529e-03
1.767500e+00	8.828010e-03
1.770000e+00	1.001579e-02
1.772500e+00	1.097387e-02
1.775000e+00	1.117914e-02
1.777500e+00	1.051754e-02
1.780000e+00	9.426646e-03
1.782500e+00	8.414546e-03
1.785000e+00	7.745941e-03
1.787500e+00	7.499355e-03
1.790000e+00	7.690098e-03
1.792500e+00	8.323372e-03
1.795000e+00	9.369191e-03
1.797500e+00	1.065238e-02
1.800000e+00	1.171103e-02
1.802500e+00	1.191634e-02
1.805000e+00	1.104404e-02
1.807500e+00	9.535924e-03
1.810000e+00	7.980632e-03
1.812500e+00	6.688271e-03
1.815000e+00	5.721874e-03
1.817500e+00	5.044408e-03
1.820000e+00	4.602467e-03
1.822500e+00	4.355070e-03
1.825000e+00	4.279728e-03
1.827500e+00	4.371691e-03
1.830000e+00	4.640189e-03
1.832500e+00	5.097321e-03
1.835000e+00	5.726493e-03
1.837500e+00	6.417743e-03
1.840000e+00	6.918041e-03
1.842500e+00	6.960787e-03
1.845000e+00	6.550174e-03
1.847500e+00	5.961157e-03
1.850000e+00	5.456142e-03
1.852500e+00	5.157449e-03
1.855000e+00	5.098683e-03
1.857500e+00	5.290148e-03
1.860000e+00	5.747624e-03
1.862500e+00	6.488418e-03
1.865000e+00	7.488027e-03
1.867500e+00	8.583390e-03
1.870000e+00	9.393533e-03
1.872500e+00	9.506462e-03
1.875000e+00	8.914269e-03
1.877500e+00	8.031392e-03
1.880000e+00	7.264438e-03
1.882500e+00	6.807094e-03
1.885000e+00	6.714485e-03
1.887500e+00	7.002490e-03
1.890000e+00	7.687208e-03
1.892500e+00	8.764086e-03
1.895000e+00	1.011463e-02
1.897500e+00	1.136121e-02
1.900000e+00	1.190063e-02
1.902500e+00	1.139902e-02
1.905000e+00	1.019153e-02
1.907500e+00	8.887468e-03
1.910000e+00	7.873507e-03
1.912500e+00	7.277283e-03
1.915000e+00	7.108918e-03
1.917500e+00	7.341829e-03
1.920000e+00	7.900669e-03
1.922500e+00	8.574767e-03
1.925000e+00	8.961944e-03
1.927500e+00	8.686921e-03
1.930000e+00	7.789588e-03
1.932500e+00	6.656559e-03
1.935000e+00	5.616582e-03
1.937500e+00	4.794981e-03
1.940000e+00	4.194329e-03
1.942500e+00	3.779584e-03
1.945000e+00	3.516096e-03
1.947500e+00	3.380602e-03
1.950000e+00	3.362716e-03
1.952500e+00	3.463799e-03
1.955000e+00	3.693654e-03
1.957500e+00	4.060192e-03
1.960000e+00	4.540908e-03
1.962500e+00	5.030743e-03
1.965000e+00	5.321562e-03
1.967500e+00	5.238425e-03
1.970000e+00	4.836572e-03
1.972500e+00	4.333381e-03
1.975000e+00	3.897919e-03
1.977500e+00	3.592910e-03
1.980000e+00	3.422506e-03
1.982500e+00	3.375638e-03
1.985000e+00	3.445055e-03
1.987500e+00	3.633610e-03
1.990000e+00	3.956485e-03
1.992500e+00	4.442230e-03
1.995000e+00	5.130990e-03
1.997500e+00	6.061656e-03
2.000000e+00	7.228250e-03
2.002500e+00	8.485808e-03
2.005000e+00	9.473133e-03
2.007500e+00	9.797904e-03
2.010000e+00	9.469697e-03
2.012500e+00	8.923592e-03
2.015000e+00	8.595676e-03
2.017500e+00	8.712717e-03
2.020000e+00	9.339266e-03
2.022500e+00	1.040093e-02
2.025000e+00	1.158597e-02
2.027500e+00	1.228346e-02
2.030000e+00	1.194083e-02
2.032500e+00	1.065004e-02
2.035000e+00	9.012535e-03
2.037500e+00	7.524676e-03
2.040000e+00	6.374280e-03
2.042500e+00	5.568705e-03
2.045000e+00	5.062173e-03
2.047500e+00	4.809125e-03
2.050000e+00	4.770233e-03
2.052500e+00	4.888280e-03
2.055000e+00	5.045154e-03
2.057500e+00	5.059782e-03
2.060000e+00	4.813916e-03
2.062500e+00	4.376339e-03
2.065000e+00	3.908565e-03
2.067500e+00	3.517158e-03
2.070000e+00	3.233095e-03
2.072500e+00	3.050934e-03
2.075000e+00	2.957290e-03
2.077500e+00	2.942030e-03
2.080000e+00	3.001391e-03
2.082500e+00	3.138773e-03
2.085000e+00	3.365443e-03
2.087500e+00	3.701690e-03
2.090000e+00	4.177748e-03
2.092500e+00	4.831339e-03
2.095000e+00	5.692547e-03
2.097500e+00	6.736619e-03
2.100000e+00	7.794338e-03
2.102500e+00	8.513404e-03
2.105000e+00	8.591874e-03
2.107500e+00	8.130691e-03
2.110000e+00	7.528521e-03
2.112500e+00	7.112183e-03
2.115000e+00	7.030428e-03
2.117500e+00	7.338916e-03
2.120000e+00	8.075065e-03
2.122500e+00	9.271292e-03
2.125000e+00	1.089438e-02
2.127500e+00	1.269029e-02
2.130000e+00	1.403720e-02
2.132500e+00	1.421417e-02
2.135000e+00	1.313439e-02
2.137500e+00	1.145509e-02
2.140000e+00	9.865381e-03
2.142500e+00	8.692320e-03
2.145000e+00	8.005973e-03
2.147500e+00	7.791456e-03
2.150000e+00	8.030428e-03
2.152500e+00	8.705590e-03
2.155000e+00	9.736139e-03
2.157500e+00	1.084343e-02
2.160000e+00	1.148197e-02
2.162500e+00	1.116399e-02
2.165000e+00	9.985015e-03
2.167500e+00	8.491757e-03
2.170000e+00	7.128700e-03
2.172500e+00	6.060442e-03
2.175000e+00	5.288768e-03
2.177500e+00	4.767228e-03
2.180000e+00	4.451135e-03
2.182500e+00	4.311498e-03
2.185000e+00	4.335348e-03
2.187500e+00	4.518997e-03
2.190000e+00	4.849452e-03
2.192500e+00	5.264671e-03
2.195000e+00	5.611282e-03
2.197500e+00	5.697820e-03
2.200000e+00	5.480413e-03
2.202500e+00	5.118033e-03
2.205000e+00	4.797835e-03
2.207500e+00	4.618778e-03
2.210000e+00	4.612247e-03
2.212500e+00	4.789348e-03
2.215000e+00	5.167517e-03
2.217500e+00	5.780347e-03
2.220000e+00	6.675673e-03
2.222500e+00	7.892648e-03
2.225000e+00	9.389869e-03
2.227500e+00	1.090712e-02
2.230000e+00	1.189767e-02
2.232500e+00	1.187350e-02
2.235000e+00	1.095715e-02
2.237500e+00	9.742174e-03
2.240000e+00	8.716508e-03
2.242500e+00	8.081521e-03
2.245000e+00	7.878733e-03
2.247500e+00	8.113315e-03
2.250000e+00	8.807346e-03
2.252500e+00	1.000278e-02
2.255000e+00	1.171092e-02
2.257500e+00	1.377041e-02
2.260000e+00	1.563403e-02
2.262500e+00	1.641978e-02
2.265000e+00	1.563854e-02
2.267500e+00	1.377803e-02
2.270000e+00	1.172073e-02
2.272500e+00	1.001517e-02
2.275000e+00	8.823874e-03
2.277500e+00	8.136255e-03
2.280000e+00	7.909859e-03
2.282500e+00	8.117526e-03
2.285000e+00	8.734858e-03
2.287500e+00	9.668508e-03
2.290000e+00	1.062775e-02
2.292500e+00	1.109144e-02
2.295000e+00	1.066152e-02
2.297500e+00	9.504244e-03
2.300000e+00	8.133025e-03
2.302500e+00	6.919779e-03
2.305000e+00	5.986963e-03
2.307500e+00	5.325317e-03
2.310000e+00	4.890524e-03
2.312500e+00	4.642850e-03
2.315000e+00	4.557898e-03
2.317500e+00	4.628010e-03
2.320000e+00	4.861751e-03
2.322500e+00	5.282355e-03
2.325000e+00	5.920707e-03
2.327500e+00	6.789648e-03
2.330000e+00	7.817209e-03
2.332500e+00	8.749103e-03
2.335000e+00	9.181025e-03
2.337500e+00	8.903581e-03
2.340000e+00	8.159753e-03
2.342500e+00	7.363245e-03
2.345000e+00	6.769855e-03
2.347500e+00	6.462126e-03
2.350000e+00	6.449849e-03
2.352500e+00	6.736891e-03
2.355000e+00	7.348055e-03
2.357500e+00	8.334788e-03
2.360000e+00	9.760838e-03
2.362500e+00	1.164277e-02
2.365000e+00	1.380109e-02
2.367500e+00	1.566578e-02
2.370000e+00	1.640879e-02
2.372500e+00	1.570446e-02
2.375000e+00	1.414707e-02
2.377500e+00	1.258515e-02
2.380000e+00	1.151287e-02
2.382500e+00	1.108931e-02
2.385000e+00	1.132591e-02
2.387500e+00	1.215239e-02
2.390000e+00	1.333134e-02
2.392500e+00	1.432094e-02
2.395000e+00	1.443571e-02
2.397500e+00	1.347391e-02
2.400000e+00	1.194396e-02
2.402500e+00	1.047941e-02
2.405000e+00	9.414447e-03
2.407500e+00	8.838465e-03
2.410000e+00	8.751647e-03
2.412500e+00	9.138744e-03
2.415000e+00	9.953939e-03
2.417500e+00	1.102040e-02
2.420000e+00	1.190100e-02
2.422500e+00	1.201417e-02
2.425000e+00	1.116013e-02
2.427500e+00	9.747933e-03
2.430000e+00	8.312733e-03
2.432500e+00	7.132835e-03
2.435000e+00	6.262853e-03
2.437500e+00	5.667958e-03
2.440000e+00	5.299457e-03
2.442500e+00	5.120663e-03
2.445000e+00	5.112555e-03
2.447500e+00	5.274104e-03
2.450000e+00	5.622291e-03
2.452500e+00	6.192068e-03
2.455000e+00	7.032073e-03
2.457500e+00	8.182866e-03
2.460000e+00	9.609210e-03
2.462500e+00	1.106695e-02
2.465000e+00	1.202910e-02
2.467500e+00	1.200495e-02
2.470000e+00	1.108630e-02
2.472500e+00	9.840666e-03
2.475000e+00	8.745793e-03
2.477500e+00	7.995174e-03
2.480000e+00	7.616052e-03
2.482500e+00	7.591233e-03
2.485000e+00	7.915631e-03
2.487500e+00	8.616106e-03
2.490000e+00	9.757037e-03
2.492500e+00	1.143360e-02
2.495000e+00	1.373065e-02
2.497500e+00	1.659171e-02
2.500000e+00	1.955121e-02
2.502500e+00	2.155310e-02
2.505000e+00	2.153775e-02
2.507500e+00	1.959340e-02
2.510000e+00	1.685774e-02
2.512500e+00	1.435014e-02
2.515000e+00	1.250155e-02
2.517500e+00	1.137711e-02
2.520000e+00	1.093062e-02
2.522500e+00	1.111075e-02
2.525000e+00	1.185251e-02
2.527500e+00	1.297101e-02
2.530000e+00	1.400134e-02
2.532500e+00	1.425965e-02
2.535000e+00	1.340505e-02
2.537500e+00	1.182498e-02
2.540000e+00	1.015883e-02
2.542500e+00	8.782142e-03
2.545000e+00	7.792204e-03
2.547500e+00	7.166103e-03
2.550000e+00	6.861016e-03
2.552500e+00	6.851222e-03
2.555000e+00	7.135093e-03
2.557500e+00	7.724768e-03
2.560000e+00	8.608262e-03
2.562500e+00	9.661522e-03
2.565000e+00	1.054443e-02
2.567500e+00	1.079984e-02
2.570000e+00	1.028326e-02
2.572500e+00	9.341882e-03
2.575000e+00	8.421853e-03
2.577500e+00	7.763639e-03
2.580000e+00	7.433489e-03
2.582500e+00	7.435022e-03
2.585000e+00	7.773490e-03
2.587500e+00	8.479064e-03
2.590000e+00	9.606738e-03
2.592500e+00	1.120622e-02
2.595000e+00	1.322528e-02
2.597500e+00	1.531675e-02
2.600000e+00	1.671855e-02
2.602500e+00	1.669302e-02
2.605000e+00	1.533527e-02
2.607500e+00	1.346214e-02
2.610000e+00	1.178417e-02
2.612500e+00	1.059561e-02
2.615000e+00	9.939823e-03
2.617500e+00	9.790245e-03
2.620000e+00	1.013449e-02
2.622500e+00	1.099954e-02
2.625000e+00	1.244454e-02
2.627500e+00	1.450841e-02
2.630000e+00	1.706265e-02
2.632500e+00	1.956385e-02
2.635000e+00	2.102620e-02
2.637500e+00	2.076801e-02
2.640000e+00	1.924054e-02
2.642500e+00	1.752994e-02
2.645000e+00	1.642014e-02
2.647500e+00	1.620121e-02
2.650000e+00	1.682281e-02
2.652500e+00	1.789432e-02
2.655000e+00	1.860493e-02
2.657500e+00	1.809118e-02
2.660000e+00	1.626539e-02
2.662500e+00	1.385541e-02
2.665000e+00	1.157900e-02
2.667500e+00	9.738832e-03
2.670000e+00	8.354331e-03
2.672500e+00	7.347863e-03
2.675000e+00	6.633714e-03
2.677500e+00	6.144212e-03
2.680000e+00	5.832403e-03
2.682500e+00	5.668844e-03
2.685000e+00	5.638255e-03
2.687500e+00	5.737511e-03
2.690000e+00	5.975230e-03
2.692500e+00	6.372976e-03
2.695000e+00	6.967981e-03
2.697500e+00	7.816737e-03
2.700000e+00	8.996384e-03
2.702500e+00	1.059343e-02
2.705000e+00	1.265160e-02
2.707500e+00	1.503090e-02
2.710000e+00	1.719845e-02
2.712500e+00	1.829360e-02
2.715000e+00	1.786785e-02
2.717500e+00	1.645182e-02
2.720000e+00	1.495930e-02
2.722500e+00	1.397514e-02
2.725000e+00	1.371857e-02
2.727500e+00	1.425718e-02
2.730000e+00	1.563108e-02
2.732500e+00	1.783609e-02
2.735000e+00	2.064562e-02
2.737500e+00	2.330604e-02
2.740000e+00	2.455342e-02
2.742500e+00	2.359540e-02
2.745000e+00	2.103861e-02
2.747500e+00	1.815541e-02
2.750000e+00	1.578644e-02
2.752500e+00	1.420643e-02
2.755000e+00	1.342590e-02
2.757500e+00	1.340181e-02
2.760000e+00	1.409881e-02
2.762500e+00	1.543575e-02
2.765000e+00	1.711596e-02
2.767500e+00	1.844233e-02
2.770000e+00	1.855758e-02
2.772500e+00	1.726206e-02
2.775000e+00	1.524155e-02
2.777500e+00	1.329025e-02
2.780000e+00	1.180236e-02
2.782500e+00	1.086207e-02
2.785000e+00	1.044451e-02
2.787500e+00	1.052304e-02
2.790000e+00	1.110267e-02
2.792500e+00	1.221065e-02
2.795000e+00	1.383459e-02
2.797500e+00	1.577038e-02
2.800000e+00	1.743049e-02
2.802500e+00	1.799017e-02
2.805000e+00	1.714521e-02
2.807500e+00	1.549190e-02
2.810000e+00	1.385143e-02
2.812500e+00	1.268710e-02
2.815000e+00	1.213435e-02
2.817500e+00	1.218397e-02
2.820000e+00	1.274768e-02
2.822500e+00	1.359348e-02
2.825000e+00	1.426945e-02
2.827500e+00	1.430750e-02
2.830000e+00	1.368947e-02
2.832500e+00	1.285946e-02
2.835000e+00	1.225847e-02
2.837500e+00	1.210695e-02
2.840000e+00	1.248876e-02
2.842500e+00	1.346423e-02
2.845000e+00	1.512689e-02
2.847500e+00	1.761103e-02
2.850000e+00	2.103462e-02
2.852500e+00	2.530320e-02
2.855000e+00	2.971303e-02
2.857500e+00	3.269922e-02
2.860000e+00	3.273502e-02
2.862500e+00	3.001153e-02
2.865000e+00	2.623014e-02
2.867500e+00	2.288926e-02
2.870000e+00	2.063283e-02
2.872500e+00	1.958920e-02
2.875000e+00	1.973534e-02
2.877500e+00	2.102292e-02
2.880000e+00	2.328791e-02
2.882500e+00	2.595719e-02
2.885000e+00	2.779341e-02
2.887500e+00	2.745743e-02
2.890000e+00	2.485551e-02
2.892500e+00	2.121024e-02
2.895000e+00	1.771820e-02
2.897500e+00	1.489112e-02
2.900000e+00	1.277284e-02
2.902500e+00	1.124485e-02
2.905000e+00	1.017266e-02
2.907500e+00	9.449090e-03
2.910000e+00	8.998992e-03
2.912500e+00	8.773957e-03
2.915000e+00	8.746589e-03
2.917500e+00	8.906571e-03
2.920000e+00	9.258883e-03
2.922500e+00	9.824147e-03
2.925000e+00	1.064118e-02
2.927500e+00	1.177215e-02
2.930000e+00	1.331087e-02
2.932500e+00	1.539457e-02
2.935000e+00	1.821713e-02
2.937500e+00	2.203344e-02
2.940000e+00	2.711907e-02
2.942500e+00	3.358995e-02
2.945000e+00	4.092657e-02
2.947500e+00	4.730243e-02
2.950000e+00	4.989293e-02
2.952500e+00	4.735290e-02
2.955000e+00	4.147333e-02
2.957500e+00	3.509400e-02
2.960000e+00	2.988875e-02
2.962500e+00	2.632467e-02
2.965000e+00	2.434975e-02
2.967500e+00	2.381153e-02
2.970000e+00	2.456038e-02
2.972500e+00	2.633066e-02
2.975000e+00	2.845626e-02
2.977500e+00	2.975545e-02
2.980000e+00	2.926981e-02
2.982500e+00	2.731957e-02
2.985000e+00	2.511281e-02
2.987500e+00	2.358276e-02
2.990000e+00	2.300522e-02
2.992500e+00	2.310302e-02
2.995000e+00	2.316685e-02
2.997500e+00	2.247650e-02
3.000000e+00	2.098833e-02
3.002500e+00	1.929857e-02
3.005000e+00	1.797067e-02
3.007500e+00	1.725173e-02
3.010000e+00	1.719645e-02
3.012500e+00	1.781881e-02
3.015000e+00	1.916909e-02
3.017500e+00	2.136741e-02
3.020000e+00	2.462106e-02
3.022500e+00	2.922433e-02
3.025000e+00	3.549531e-02
3.027500e+00	4.352305e-02
3.030000e+00	5.253204e-02
3.032500e+00	6.006251e-02
3.035000e+00	6.257276e-02
3.037500e+00	5.868868e-02
3.040000e+00	5.089927e-02
3.042500e+00	4.267456e-02
3.045000e+00	3.591287e-02
3.047500e+00	3.105622e-02
3.050000e+00	2.794672e-02
3.052500e+00	2.633054e-02
3.055000e+00	2.603903e-02
3.057500e+00	2.703516e-02
3.060000e+00	2.941944e-02
3.062500e+00	3.341280e-02
3.065000e+00	3.926999e-02
3.067500e+00	4.698581e-02
3.070000e+00	5.560569e-02
3.072500e+00	6.244354e-02
3.075000e+00	6.397001e-02
3.077500e+00	5.921059e-02
3.080000e+00	5.094826e-02
3.082500e+00	4.256654e-02
3.085000e+00	3.577892e-02
3.087500e+00	3.092779e-02
3.090000e+00	2.783001e-02
3.092500e+00	2.624023e-02
3.095000e+00	2.601013e-02
3.097500e+00	2.712120e-02
3.100000e+00	2.966212e-02
3.102500e+00	3.372656e-02
3.105000e+00	3.912015e-02
3.107500e+00	4.479179e-02
3.110000e+00	4.849972e-02
3.112500e+00	4.812645e-02
3.115000e+00	4.401159e-02
3.117500e+00	3.856328e-02
3.120000e+00	3.385873e-02
3.122500e+00	3.078703e-02
3.125000e+00	2.954019e-02
3.127500e+00	3.011377e-02
3.130000e+00	3.246159e-02
3.132500e+00	3.631871e-02
3.135000e+00	4.070181e-02
3.137500e+00	4.352416e-02
3.140000e+00	4.263507e-02
3.142500e+00	3.803539e-02
3.145000e+00	3.180942e-02
3.147500e+00	2.588483e-02
3.150000e+00	2.104993e-02
3.152500e+00	1.734989e-02
3.155000e+00	1.458032e-02
3.157500e+00	1.251648e-02
3.160000e+00	1.097926e-02
3.162500e+00	9.841229e-03
3.165000e+00	9.017615e-03
3.167500e+00	8.456872e-03
3.170000e+00	8.133950e-03
3.172500e+00	8.045751e-03
3.175000e+00	8.205355e-03
3.177500e+00	8.625858e-03
3.180000e+00	9.275124e-03
3.182500e+00	9.989261e-03
3.185000e+00	1.042728e-02
3.187500e+00	1.028102e-02
3.190000e+00	9.622200e-03
3.192500e+00	8.818230e-03
3.195000e+00	8.149957e-03
3.197500e+00	7.655980e-03
3.200000e+00	7.196194e-03
3.202500e+00	6.621011e-03
3.205000e+00	5.933947e-03
3.207500e+00	5.250537e-03
3.210000e+00	4.658844e-03
3.212500e+00	4.181316e-03
3.215000e+00	3.805097e-03
3.217500e+00	3.508748e-03
3.220000e+00	3.272947e-03
3.222500e+00	3.082822e-03
3.225000e+00	2.927518e-03
3.227500e+00	2.799229e-03
3.230000e+00	2.692341e-03
3.232500e+00	2.602796e-03
3.235000e+00	2.527654e-03
3.237500e+00	2.464805e-03
3.240000e+00	2.412781e-03
3.242500e+00	2.370650e-03
3.245000e+00	2.337964e-03
3.247500e+00	2.314736e-03
3.250000e+00	2.301363e-03
3.252500e+00	2.298310e-03
3.255000e+00	2.305041e-03
3.257500e+00	2.317699e-03
3.260000e+00	2.327021e-03
3.262500e+00	2.322467e-03
3.265000e+00	2.302969e-03
3.267500e+00	2.278197e-03
3.270000e+00	2.258054e-03
3.272500e+00	2.247095e-03
3.275000e+00	2.246122e-03
3.277500e+00	2.254680e-03
3.280000e+00	2.272305e-03
3.282500e+00	2.298943e-03
3.285000e+00	2.335067e-03
3.287500e+00	2.381748e-03
3.290000e+00	2.440763e-03
3.292500e+00	2.514800e-03
3.295000e+00	2.607786e-03
3.297500e+00	2.725384e-03
3.300000e+00	2.875695e-03
3.302500e+00	3.070071e-03
3.305000e+00	3.323545e-03
3.307500e+00	3.653071e-03
3.310000e+00	4.068523e-03
3.312500e+00	4.547291e-03
3.315000e+00	4.993491e-03
3.317500e+00	5.240802e-03
3.320000e+00	5.185240e-03
3.322500e+00	4.910356e-03
3.325000e+00	4.588584e-03
3.327500e+00	4.333491e-03
3.330000e+00	4.181742e-03
3.332500e+00	4.133675e-03
3.335000e+00	4.181754e-03
3.337500e+00	4.319539e-03
3.340000e+00	4.537185e-03
3.342500e+00	4.805292e-03
3.345000e+00	5.058574e-03
3.347500e+00	5.221837e-03
3.350000e+00	5.286695e-03
3.352500e+00	5.326846e-03
3.355000e+00	5.424992e-03
3.357500e+00	5.630731e-03
3.360000e+00	5.972180e-03
3.362500e+00	6.475253e-03
3.365000e+00	7.170372e-03
3.367500e+00	8.079858e-03
3.370000e+00	9.170701e-03
3.372500e+00	1.026603e-02
3.375000e+00	1.101323e-02
3.377500e+00	1.112216e-02
3.380000e+00	1.069877e-02
3.382500e+00	1.012070e-02
3.385000e+00	9.679313e-03
3.387500e+00	9.485661e-03
3.390000e+00	9.553579e-03
3.392500e+00	9.873793e-03
3.395000e+00	1.044686e-02
3.397500e+00	1.129477e-02
3.400000e+00	1.246538e-02
3.402500e+00	1.403219e-02
3.405000e+00	1.608012e-02
3.407500e+00	1.864813e-02
3.410000e+00	2.158202e-02
3.412500e+00	2.433561e-02
3.415000e+00	2.608946e-02
3.417500e+00	2.651635e-02
3.420000e+00	2.624196e-02
3.422500e+00	2.619200e-02
3.425000e+00	2.696040e-02
3.427500e+00	2.883053e-02
3.430000e+00	3.200071e-02
3.432500e+00	3.672880e-02
3.435000e+00	4.337618e-02
3.437500e+00	5.232824e-02
3.440000e+00	6.364670e-02
3.442500e+00	7.624103e-02
3.445000e+00	8.695911e-02
3.447500e+00	9.175339e-02
3.450000e+00	8.980094e-02
3.452500e+00	8.481886e-02
3.455000e+00	8.125297e-02
3.457500e+00	8.167589e-02
3.460000e+00	8.716774e-02
3.462500e+00	9.808866e-02
3.465000e+00	1.138311e-01
3.467500e+00	1.313422e-01
3.470000e+00	1.439184e-01
3.472500e+00	1.446404e-01
3.475000e+00	1.336983e-01
3.477500e+00	1.182315e-01
3.480000e+00	1.049902e-01
3.482500e+00	9.711747e-02
3.485000e+00	9.546365e-02
3.487500e+00	1.001193e-01
3.490000e+00	1.107201e-01
3.492500e+00	1.254279e-01
3.495000e+00	1.390751e-01
3.497500e+00	1.435823e-01
3.500000e+00	1.343836e-01
3.502500e+00	1.156292e-01
3.505000e+00	9.502182e-02
3.507500e+00	7.729854e-02
3.510000e+00	6.372786e-02
3.512500e+00	5.398308e-02
3.515000e+00	4.739082e-02
3.517500e+00	4.338443e-02
3.520000e+00	4.156215e-02
3.522500e+00	4.153278e-02
3.525000e+00	4.256192e-02
3.527500e+00	4.322097e-02
3.530000e+00	4.186531e-02
3.532500e+00	3.813745e-02
3.535000e+00	3.328801e-02
3.537500e+00	2.871371e-02
3.540000e+00	2.507207e-02
3.542500e+00	2.246875e-02
3.545000e+00	2.081877e-02
3.547500e+00	2.003177e-02
3.550000e+00	2.006231e-02
3.552500e+00	2.087832e-02
3.555000e+00	2.233481e-02
3.557500e+00	2.393977e-02
3.560000e+00	2.475476e-02
3.562500e+00	2.398423e-02
3.565000e+00	2.184961e-02
3.567500e+00	1.930443e-02
3.570000e+00	1.710301e-02
3.572500e+00	1.553626e-02
3.575000e+00	1.464180e-02
3.577500e+00	1.439557e-02
3.580000e+00	1.478544e-02
3.582500e+00	1.579552e-02
3.585000e+00	1.729639e-02
3.587500e+00	1.884115e-02
3.590000e+00	1.960274e-02
3.592500e+00	1.892730e-02
3.595000e+00	1.706261e-02
3.597500e+00	1.483930e-02
3.600000e+00	1.287494e-02
3.602500e+00	1.138298e-02
3.605000e+00	1.036074e-02
3.607500e+00	9.749523e-03
3.610000e+00	9.502198e-03
3.612500e+00	9.603474e-03
3.615000e+00	1.007418e-02
3.617500e+00	1.096883e-02
3.620000e+00	1.235815e-02
3.622500e+00	1.426488e-02
3.625000e+00	1.649964e-02
3.627500e+00	1.842964e-02
3.630000e+00	1.907963e-02
3.632500e+00	1.797466e-02
3.635000e+00	1.571070e-02
3.637500e+00	1.324465e-02
3.640000e+00	1.113246e-02
3.642500e+00	9.510351e-03
3.645000e+00	8.328392e-03
3.647500e+00	7.496808e-03
3.650000e+00	6.938420e-03
3.652500e+00	6.599755e-03
3.655000e+00	6.449900e-03
3.657500e+00	6.477727e-03
3.660000e+00	6.690624e-03
3.662500e+00	7.115428e-03
3.665000e+00	7.801167e-03
3.667500e+00	8.821341e-03
3.670000e+00	1.026755e-02
3.672500e+00	1.221063e-02
3.675000e+00	1.457925e-02
3.677500e+00	1.692751e-02
3.680000e+00	1.832728e-02
3.682500e+00	1.795906e-02
3.685000e+00	1.603001e-02
3.687500e+00	1.351723e-02
3.690000e+00	1.119995e-02
3.692500e+00	9.363561e-03
3.695000e+00	8.009018e-03
3.697500e+00	7.051846e-03
3.700000e+00	6.407282e-03
3.702500e+00	6.011800e-03
3.705000e+00	5.818989e-03
3.707500e+00	5.781612e-03
3.710000e+00	5.826262e-03
3.712500e+00	5.854185e-03
3.715000e+00	5.811207e-03
3.717500e+00	5.748584e-03
3.720000e+00	5.768044e-03
3.722500e+00	5.949003e-03
3.725000e+00	6.344796e-03
3.727500e+00	7.007938e-03
3.730000e+00	8.007253e-03
3.732500e+00	9.426003e-03
3.735000e+00	1.132102e-02
3.737500e+00	1.359635e-02
3.740000e+00	1.577751e-02
3.742500e+00	1.695451e-02
3.745000e+00	1.642309e-02
3.747500e+00	1.449385e-02
3.750000e+00	1.210881e-02
3.752500e+00	9.952851e-03
3.755000e+00	8.253136e-03
3.757500e+00	6.992264e-03
3.760000e+00	6.084232e-03
3.762500e+00	5.446078e-03
3.765000e+00	5.016052e-03
3.767500e+00	4.754008e-03
3.770000e+00	4.638128e-03
3.772500e+00	4.662138e-03
3.775000e+00	4.833442e-03
3.777500e+00	5.170166e-03
3.780000e+00	5.690977e-03
3.782500e+00	6.384041e-03
3.785000e+00	7.142802e-03
3.787500e+00	7.718466e-03
3.790000e+00	7.854089e-03
3.792500e+00	7.568736e-03
3.795000e+00	7.151803e-03
3.797500e+00	6.881196e-03
3.800000e+00	6.901712e-03
3.802500e+00	7.277944e-03
3.805000e+00	8.052709e-03
3.807500e+00	9.247492e-03
3.810000e+00	1.078219e-02
3.812500e+00	1.231194e-02
3.815000e+00	1.316827e-02
3.817500e+00	1.280176e-02
3.820000e+00	1.139806e-02
3.822500e+00	9.642399e-03
3.825000e+00	8.055250e-03
3.827500e+00	6.818155e-03
3.830000e+00	5.925882e-03
3.832500e+00	5.320275e-03
3.835000e+00	4.946533e-03
3.837500e+00	4.768667e-03
3.840000e+00	4.771241e-03
3.842500e+00	4.957729e-03
3.845000e+00	5.346395e-03
3.847500e+00	5.957008e-03
3.850000e+00	6.771488e-03
3.852500e+00	7.652503e-03
3.855000e+00	8.280913e-03
3.857500e+00	8.319925e-03
3.860000e+00	7.774837e-03
3.862500e+00	6.992690e-03
3.865000e+00	6.303738e-03
3.867500e+00	5.859985e-03
3.870000e+00	5.699406e-03
3.872500e+00	5.826497e-03
3.875000e+00	6.242989e-03
3.877500e+00	6.930288e-03
3.880000e+00	7.779652e-03
3.882500e+00	8.503199e-03
3.885000e+00	8.709706e-03
3.887500e+00	8.264313e-03
3.890000e+00	7.453132e-03
3.892500e+00	6.657785e-03
3.895000e+00	6.089869e-03
3.897500e+00	5.812649e-03
3.900000e+00	5.834207e-03
3.902500e+00	6.155698e-03
3.905000e+00	6.768415e-03
3.907500e+00	7.598295e-03
3.910000e+00	8.407792e-03
3.912500e+00	8.791477e-03
3.915000e+00	8.478600e-03
3.917500e+00	7.644297e-03
3.920000e+00	6.693658e-03
3.922500e+00	5.901581e-03
3.925000e+00	5.358424e-03
3.927500e+00	5.065877e-03
3.930000e+00	5.008675e-03
3.932500e+00	5.183982e-03
3.935000e+00	5.608988e-03
3.937500e+00	6.315258e-03
3.940000e+00	7.319880e-03
3.942500e+00	8.546393e-03
3.945000e+00	9.695246e-03
3.947500e+00	1.023918e-02
3.950000e+00	9.824289e-03
3.952500e+00	8.682615e-03
3.955000e+00	7.347223e-03
3.957500e+00	6.175417e-03
3.960000e+00	5.275707e-03
3.962500e+00	4.633005e-03
3.965000e+00	4.201245e-03
3.967500e+00	3.939675e-03
3.970000e+00	3.822067e-03
3.972500e+00	3.837416e-03
3.975000e+00	3.989053e-03
3.977500e+00	4.293341e-03
3.980000e+00	4.775037e-03
3.982500e+00	5.449876e-03
3.985000e+00	6.276376e-03
3.987500e+00	7.074818e-03
3.990000e+00	7.519273e-03
3.992500e+00	7.383615e-03
3.995000e+00	6.811136e-03
3.997500e+00	6.148597e-03
