#omega	spectral weight
-3.000000e+00	5.066099e-03
-2.997500e+00	4.919068e-03
-2.995000e+00	4.579190e-03
-2.992500e+00	4.272431e-03
-2.990000e+00	4.135526e-03
-2.987500e+00	4.212307e-03
-2.985000e+00	4.484755e-03
-2.982500e+00	4.861908e-03
-2.980000e+00	5.165614e-03
-2.977500e+00	5.232880e-03
-2.975000e+00	5.094925e-03
-2.972500e+00	4.945548e-03
-2.970000e+00	4.941654e-03
-2.967500e+00	5.098383e-03
-2.965000e+00	5.276436e-03
-2.962500e+00	5.250535e-03
-2.960000e+00	4.914386e-03
-2.957500e+00	4.396102e-03
-2.955000e+00	3.896193e-03
-2.952500e+00	3.530836e-03
-2.950000e+00	3.334095e-03
-2.947500e+00	3.308369e-03
-2.945000e+00	3.453083e-03
-2.942500e+00	3.766964e-03
-2.940000e+00	4.224451e-03
-2.937500e+00	4.725990e-03
-2.935000e+00	5.074073e-03
-2.932500e+00	5.098049e-03
-2.930000e+00	4.850695e-03
-2.927500e+00	4.554400e-03
-2.925000e+00	4.388521e-03
-2.922500e+00	4.406293e-03
-2.920000e+00	4.541340e-03
-2.917500e+00	4.626352e-03
-2.915000e+00	4.497989e-03
-2.912500e+00	4.163004e-03
-2.910000e+00	3.778231e-03
-2.907500e+00	3.483886e-03
-2.905000e+00	3.334517e-03
-2.902500e+00	3.315901e-03
-2.900000e+00	3.357293e-03
-2.897500e+00	3.350415e-03
-2.895000e+00	3.229440e-03
-2.892500e+00	3.038047e-03
-2.890000e+00	2.871181e-03
-2.887500e+00	2.794816e-03
-2.885000e+00	2.837846e-03
-2.882500e+00	3.013307e-03
-2.880000e+00	3.327130e-03
-2.877500e+00	3.762999e-03
-2.875000e+00	4.242994e-03
-2.872500e+00	4.607407e-03
-2.870000e+00	4.717164e-03
-2.867500e+00	4.619836e-03
-2.865000e+00	4.509589e-03
-2.862500e+00	4.549656e-03
-2.860000e+00	4.798277e-03
-2.857500e+00	5.200558e-03
-2.855000e+00	5.569376e-03
-2.852500e+00	5.650001e-03
-2.850000e+00	5.351644e-03
-2.847500e+00	4.851626e-03
-2.845000e+00	4.390426e-03
-2.842500e+00	4.104515e-03
-2.840000e+00	4.038508e-03
-2.837500e+00	4.197746e-03
-2.835000e+00	4.561265e-03
-2.832500e+00	5.045928e-03
-2.830000e+00	5.456624e-03
-2.827500e+00	5.550579e-03
-2.825000e+00	5.268629e-03
-2.822500e+00	4.808540e-03
-2.820000e+00	4.405183e-03
-2.817500e+00	4.172175e-03
-2.815000e+00	4.103387e-03
-2.812500e+00	4.102971e-03
-2.810000e+00	4.035691e-03
-2.807500e+00	3.843195e-03
-2.805000e+00	3.601170e-03
-2.802500e+00	3.425374e-03
-2.800000e+00	3.388292e-03
-2.797500e+00	3.520762e-03
-2.795000e+00	3.830234e-03
-2.792500e+00	4.288511e-03
-2.790000e+00	4.783158e-03
-2.787500e+00	5.093068e-03
-2.785000e+00	5.024858e-03
-2.782500e+00	4.626814e-03
-2.780000e+00	4.130886e-03
-2.777500e+00	3.727341e-03
-2.775000e+00	3.493670e-03
-2.772500e+00	3.437074e-03
-2.770000e+00	3.523523e-03
-2.767500e+00	3.667780e-03
-2.765000e+00	3.733915e-03
-2.762500e+00	3.624282e-03
-2.760000e+00	3.381890e-03
-2.757500e+00	3.132766e-03
-2.755000e+00	2.970848e-03
-2.752500e+00	2.935753e-03
-2.750000e+00	3.041111e-03
-2.747500e+00	3.293100e-03
-2.745000e+00	3.684282e-03
-2.742500e+00	4.159694e-03
-2.740000e+00	4.576606e-03
-2.737500e+00	4.753865e-03
-2.735000e+00	4.652437e-03
-2.732500e+00	4.435845e-03
-2.730000e+00	4.302393e-03
-2.727500e+00	4.364706e-03
-2.725000e+00	4.652705e-03
-2.722500e+00	5.118964e-03
-2.720000e+00	5.600181e-03
-2.717500e+00	5.829463e-03
-2.715000e+00	5.640744e-03
-2.712500e+00	5.159823e-03
-2.710000e+00	4.653278e-03
-2.707500e+00	4.302076e-03
-2.705000e+00	4.170615e-03
-2.702500e+00	4.256780e-03
-2.700000e+00	4.505813e-03
-2.697500e+00	4.784797e-03
-2.695000e+00	4.905077e-03
-2.692500e+00	4.777341e-03
-2.690000e+00	4.517099e-03
-2.687500e+00	4.312412e-03
-2.685000e+00	4.274076e-03
-2.682500e+00	4.406744e-03
-2.680000e+00	4.608945e-03
-2.677500e+00	4.691828e-03
-2.675000e+00	4.513838e-03
-2.672500e+00	4.132058e-03
-2.670000e+00	3.723489e-03
-2.667500e+00	3.419368e-03
-2.665000e+00	3.271382e-03
-2.662500e+00	3.292123e-03
-2.660000e+00	3.483821e-03
-2.657500e+00	3.836390e-03
-2.655000e+00	4.292607e-03
-2.652500e+00	4.697690e-03
-2.650000e+00	4.831307e-03
-2.647500e+00	4.602521e-03
-2.645000e+00	4.159960e-03
-2.642500e+00	3.720871e-03
-2.640000e+00	3.411215e-03
-2.637500e+00	3.267683e-03
-2.635000e+00	3.282144e-03
-2.632500e+00	3.412975e-03
-2.630000e+00	3.568593e-03
-2.627500e+00	3.623364e-03
-2.625000e+00	3.519218e-03
-2.622500e+00	3.330926e-03
-2.620000e+00	3.179556e-03
-2.617500e+00	3.143471e-03
-2.615000e+00	3.256748e-03
-2.612500e+00	3.531818e-03
-2.610000e+00	3.958096e-03
-2.607500e+00	4.466106e-03
-2.605000e+00	4.888412e-03
-2.602500e+00	5.030672e-03
-2.600000e+00	4.872893e-03
-2.597500e+00	4.605985e-03
-2.595000e+00	4.437591e-03
-2.592500e+00	4.475514e-03
-2.590000e+00	4.735839e-03
-2.587500e+00	5.144870e-03
-2.585000e+00	5.509972e-03
-2.582500e+00	5.582498e-03
-2.580000e+00	5.285628e-03
-2.577500e+00	4.803052e-03
-2.575000e+00	4.370637e-03
-2.572500e+00	4.118499e-03
-2.570000e+00	4.083575e-03
-2.567500e+00	4.250314e-03
-2.565000e+00	4.544903e-03
-2.562500e+00	4.806088e-03
-2.560000e+00	4.840763e-03
-2.557500e+00	4.604703e-03
-2.555000e+00	4.253884e-03
-2.552500e+00	3.973442e-03
-2.550000e+00	3.863035e-03
-2.547500e+00	3.947727e-03
-2.545000e+00	4.197392e-03
-2.542500e+00	4.505460e-03
-2.540000e+00	4.681642e-03
-2.537500e+00	4.574136e-03
-2.535000e+00	4.234421e-03
-2.532500e+00	3.851671e-03
-2.530000e+00	3.574837e-03
-2.527500e+00	3.466892e-03
-2.525000e+00	3.542511e-03
-2.522500e+00	3.790139e-03
-2.520000e+00	4.152019e-03
-2.517500e+00	4.480947e-03
-2.515000e+00	4.567589e-03
-2.512500e+00	4.318678e-03
-2.510000e+00	3.863605e-03
-2.507500e+00	3.399226e-03
-2.505000e+00	3.038900e-03
-2.502500e+00	2.814104e-03
-2.500000e+00	2.722992e-03
-2.497500e+00	2.759036e-03
-2.495000e+00	2.917328e-03
-2.492500e+00	3.183558e-03
-2.490000e+00	3.506783e-03
-2.487500e+00	3.781223e-03
-2.485000e+00	3.907095e-03
-2.482500e+00	3.907835e-03
-2.480000e+00	3.918325e-03
-2.477500e+00	4.062459e-03
-2.475000e+00	4.390729e-03
-2.472500e+00	4.862430e-03
-2.470000e+00	5.313844e-03
-2.467500e+00	5.495048e-03
-2.465000e+00	5.284404e-03
-2.462500e+00	4.833818e-03
-2.460000e+00	4.392396e-03
-2.457500e+00	4.114828e-03
-2.455000e+00	4.053197e-03
-2.452500e+00	4.203487e-03
-2.450000e+00	4.510431e-03
-2.447500e+00	4.833452e-03
-2.445000e+00	4.963891e-03
-2.442500e+00	4.791196e-03
-2.440000e+00	4.430003e-03
-2.437500e+00	4.085234e-03
-2.435000e+00	3.890272e-03
-2.432500e+00	3.894938e-03
-2.430000e+00	4.102538e-03
-2.427500e+00	4.470794e-03
-2.425000e+00	4.871513e-03
-2.422500e+00	5.085583e-03
-2.420000e+00	4.957210e-03
-2.417500e+00	4.570214e-03
-2.415000e+00	4.147038e-03
-2.412500e+00	3.850631e-03
-2.410000e+00	3.745298e-03
-2.407500e+00	3.838958e-03
-2.405000e+00	4.098893e-03
-2.402500e+00	4.422540e-03
-2.400000e+00	4.618607e-03
-2.397500e+00	4.517423e-03
-2.395000e+00	4.149902e-03
-2.392500e+00	3.704201e-03
-2.390000e+00	3.337656e-03
-2.387500e+00	3.115218e-03
-2.385000e+00	3.046484e-03
-2.382500e+00	3.115645e-03
-2.380000e+00	3.277056e-03
-2.377500e+00	3.435700e-03
-2.375000e+00	3.475655e-03
-2.372500e+00	3.365916e-03
-2.370000e+00	3.197609e-03
-2.367500e+00	3.085682e-03
-2.365000e+00	3.098231e-03
-2.362500e+00	3.263458e-03
-2.360000e+00	3.585071e-03
-2.357500e+00	4.026122e-03
-2.355000e+00	4.464161e-03
-2.352500e+00	4.692845e-03
-2.350000e+00	4.579593e-03
-2.347500e+00	4.221629e-03
-2.345000e+00	3.831980e-03
-2.342500e+00	3.558193e-03
-2.340000e+00	3.457514e-03
-2.337500e+00	3.544550e-03
-2.335000e+00	3.819291e-03
-2.332500e+00	4.256655e-03
-2.330000e+00	4.759674e-03
-2.327500e+00	5.123964e-03
-2.325000e+00	5.144856e-03
-2.322500e+00	4.836131e-03
-2.320000e+00	4.417668e-03
-2.317500e+00	4.094628e-03
-2.315000e+00	3.963472e-03
-2.312500e+00	4.045902e-03
-2.310000e+00	4.315503e-03
-2.307500e+00	4.674859e-03
-2.305000e+00	4.930378e-03
-2.302500e+00	4.891095e-03
-2.300000e+00	4.565439e-03
-2.297500e+00	4.148055e-03
-2.295000e+00	3.820323e-03
-2.292500e+00	3.666744e-03
-2.290000e+00	3.707425e-03
-2.287500e+00	3.926124e-03
-2.285000e+00	4.253905e-03
-2.282500e+00	4.535476e-03
-2.280000e+00	4.581602e-03
-2.277500e+00	4.347566e-03
-2.275000e+00	3.986570e-03
-2.272500e+00	3.681421e-03
-2.270000e+00	3.530142e-03
-2.267500e+00	3.557976e-03
-2.265000e+00	3.741448e-03
-2.262500e+00	3.993204e-03
-2.260000e+00	4.147598e-03
-2.257500e+00	4.052190e-03
-2.255000e+00	3.724591e-03
-2.252500e+00	3.323313e-03
-2.250000e+00	2.984838e-03
-2.247500e+00	2.766325e-03
-2.245000e+00	2.678936e-03
-2.242500e+00	2.721769e-03
-2.240000e+00	2.893380e-03
-2.237500e+00	3.182667e-03
-2.235000e+00	3.538170e-03
-2.232500e+00	3.834665e-03
-2.230000e+00	3.918591e-03
-2.227500e+00	3.759533e-03
-2.225000e+00	3.491786e-03
-2.222500e+00	3.271543e-03
-2.220000e+00	3.184237e-03
-2.217500e+00	3.259781e-03
-2.215000e+00	3.501007e-03
-2.212500e+00	3.878191e-03
-2.210000e+00	4.289904e-03
-2.207500e+00	4.548569e-03
-2.205000e+00	4.503774e-03
-2.202500e+00	4.212596e-03
-2.200000e+00	3.874064e-03
-2.197500e+00	3.645889e-03
-2.195000e+00	3.595468e-03
-2.192500e+00	3.734435e-03
-2.190000e+00	4.032066e-03
-2.187500e+00	4.386224e-03
-2.185000e+00	4.608481e-03
-2.182500e+00	4.539993e-03
-2.180000e+00	4.224398e-03
-2.177500e+00	3.853989e-03
-2.175000e+00	3.586230e-03
-2.172500e+00	3.489476e-03
-2.170000e+00	3.578550e-03
-2.167500e+00	3.835097e-03
-2.165000e+00	4.184840e-03
-2.162500e+00	4.464187e-03
-2.160000e+00	4.484396e-03
-2.157500e+00	4.215487e-03
-2.155000e+00	3.820867e-03
-2.152500e+00	3.479830e-03
-2.150000e+00	3.283869e-03
-2.147500e+00	3.258948e-03
-2.145000e+00	3.400331e-03
-2.142500e+00	3.670366e-03
-2.140000e+00	3.964311e-03
-2.137500e+00	4.106612e-03
-2.135000e+00	3.974225e-03
-2.132500e+00	3.633805e-03
-2.130000e+00	3.258475e-03
-2.127500e+00	2.972156e-03
-2.125000e+00	2.821124e-03
-2.122500e+00	2.810754e-03
-2.120000e+00	2.925905e-03
-2.117500e+00	3.119248e-03
-2.115000e+00	3.287666e-03
-2.112500e+00	3.303834e-03
-2.110000e+00	3.132631e-03
-2.107500e+00	2.870199e-03
-2.105000e+00	2.634808e-03
-2.102500e+00	2.490236e-03
-2.100000e+00	2.456665e-03
-2.097500e+00	2.538223e-03
-2.095000e+00	2.732241e-03
-2.092500e+00	3.015922e-03
-2.090000e+00	3.314670e-03
-2.087500e+00	3.494282e-03
-2.085000e+00	3.454119e-03
-2.082500e+00	3.242901e-03
-2.080000e+00	3.002103e-03
-2.077500e+00	2.838880e-03
-2.075000e+00	2.798706e-03
-2.072500e+00	2.895743e-03
-2.070000e+00	3.133039e-03
-2.067500e+00	3.495392e-03
-2.065000e+00	3.914870e-03
-2.062500e+00	4.242122e-03
-2.060000e+00	4.321844e-03
-2.057500e+00	4.159929e-03
-2.055000e+00	3.924709e-03
-2.052500e+00	3.780122e-03
-2.050000e+00	3.806094e-03
-2.047500e+00	4.014202e-03
-2.045000e+00	4.351913e-03
-2.042500e+00	4.677069e-03
-2.040000e+00	4.793984e-03
-2.037500e+00	4.625046e-03
-2.035000e+00	4.302191e-03
-2.032500e+00	4.016647e-03
-2.030000e+00	3.884055e-03
-2.027500e+00	3.950429e-03
-2.025000e+00	4.235462e-03
-2.022500e+00	4.747637e-03
-2.020000e+00	5.456664e-03
-2.017500e+00	6.221245e-03
-2.015000e+00	6.743023e-03
-2.012500e+00	6.736612e-03
-2.010000e+00	6.242034e-03
-2.007500e+00	5.581357e-03
-2.005000e+00	5.037945e-03
-2.002500e+00	4.733284e-03
-2.000000e+00	4.677957e-03
-1.997500e+00	4.808814e-03
-1.995000e+00	4.975779e-03
-1.992500e+00	4.970818e-03
-1.990000e+00	4.690163e-03
-1.987500e+00	4.240331e-03
-1.985000e+00	3.800481e-03
-1.982500e+00	3.477828e-03
-1.980000e+00	3.305095e-03
-1.977500e+00	3.285542e-03
-1.975000e+00	3.420564e-03
-1.972500e+00	3.715726e-03
-1.970000e+00	4.167290e-03
-1.967500e+00	4.722556e-03
-1.965000e+00	5.227694e-03
-1.962500e+00	5.463139e-03
-1.960000e+00	5.346598e-03
-1.957500e+00	5.044449e-03
-1.955000e+00	4.794219e-03
-1.952500e+00	4.740973e-03
-1.950000e+00	4.934772e-03
-1.947500e+00	5.356817e-03
-1.945000e+00	5.891633e-03
-1.942500e+00	6.288710e-03
-1.940000e+00	6.279720e-03
-1.937500e+00	5.849546e-03
-1.935000e+00	5.250078e-03
-1.932500e+00	4.731580e-03
-1.930000e+00	4.410957e-03
-1.927500e+00	4.311784e-03
-1.925000e+00	4.412030e-03
-1.922500e+00	4.641969e-03
-1.920000e+00	4.859665e-03
-1.917500e+00	4.898636e-03
-1.915000e+00	4.720781e-03
-1.912500e+00	4.457711e-03
-1.910000e+00	4.265624e-03
-1.907500e+00	4.232022e-03
-1.905000e+00	4.394445e-03
-1.902500e+00	4.779551e-03
-1.900000e+00	5.422194e-03
-1.897500e+00	6.360427e-03
-1.895000e+00	7.593549e-03
-1.892500e+00	8.980229e-03
-1.890000e+00	1.012889e-02
-1.887500e+00	1.054566e-02
-1.885000e+00	1.013596e-02
-1.882500e+00	9.348053e-03
-1.880000e+00	8.689841e-03
-1.877500e+00	8.380361e-03
-1.875000e+00	8.331753e-03
-1.872500e+00	8.226840e-03
-1.870000e+00	7.744850e-03
-1.867500e+00	6.878501e-03
-1.865000e+00	5.895530e-03
-1.862500e+00	5.032713e-03
-1.860000e+00	4.379802e-03
-1.857500e+00	3.937893e-03
-1.855000e+00	3.683148e-03
-1.852500e+00	3.593442e-03
-1.850000e+00	3.648857e-03
-1.847500e+00	3.812260e-03
-1.845000e+00	3.996176e-03
-1.842500e+00	4.062743e-03
-1.840000e+00	3.924265e-03
-1.837500e+00	3.640063e-03
-1.835000e+00	3.341102e-03
-1.832500e+00	3.115141e-03
-1.830000e+00	2.992111e-03
-1.827500e+00	2.975717e-03
-1.825000e+00	3.066344e-03
-1.822500e+00	3.269721e-03
-1.820000e+00	3.596236e-03
-1.817500e+00	4.049391e-03
-1.815000e+00	4.596331e-03
-1.812500e+00	5.131121e-03
-1.810000e+00	5.506222e-03
-1.807500e+00	5.684980e-03
-1.805000e+00	5.817200e-03
-1.802500e+00	6.106393e-03
-1.800000e+00	6.693759e-03
-1.797500e+00	7.648068e-03
-1.795000e+00	8.945806e-03
-1.792500e+00	1.036996e-02
-1.790000e+00	1.142845e-02
-1.787500e+00	1.162074e-02
-1.785000e+00	1.098605e-02
-1.782500e+00	1.008041e-02
-1.780000e+00	9.422240e-03
-1.777500e+00	9.237563e-03
-1.775000e+00	9.503924e-03
-1.772500e+00	9.969183e-03
-1.770000e+00	1.017223e-02
-1.767500e+00	9.737752e-03
-1.765000e+00	8.763448e-03
-1.762500e+00	7.670709e-03
-1.760000e+00	6.787716e-03
-1.757500e+00	6.236821e-03
-1.755000e+00	6.016100e-03
-1.752500e+00	6.047844e-03
-1.750000e+00	6.159064e-03
-1.747500e+00	6.095881e-03
-1.745000e+00	5.699500e-03
-1.742500e+00	5.063668e-03
-1.740000e+00	4.398722e-03
-1.737500e+00	3.838805e-03
-1.735000e+00	3.419579e-03
-1.732500e+00	3.130490e-03
-1.730000e+00	2.951376e-03
-1.727500e+00	2.866423e-03
-1.725000e+00	2.867477e-03
-1.722500e+00	2.953466e-03
-1.720000e+00	3.126960e-03
-1.717500e+00	3.384749e-03
-1.715000e+00	3.698762e-03
-1.712500e+00	4.001321e-03
-1.710000e+00	4.223687e-03
-1.707500e+00	4.382834e-03
-1.705000e+00	4.585235e-03
-1.702500e+00	4.943122e-03
-1.700000e+00	5.531019e-03
-1.697500e+00	6.380272e-03
-1.695000e+00	7.440971e-03
-1.692500e+00	8.496844e-03
-1.690000e+00	9.169167e-03
-1.687500e+00	9.220355e-03
-1.685000e+00	8.858706e-03
-1.682500e+00	8.523788e-03
-1.680000e+00	8.533255e-03
-1.677500e+00	9.014769e-03
-1.675000e+00	9.940668e-03
-1.672500e+00	1.107146e-02
-1.670000e+00	1.188566e-02
-1.667500e+00	1.183994e-02
-1.665000e+00	1.092777e-02
-1.662500e+00	9.680263e-03
-1.660000e+00	8.608397e-03
-1.657500e+00	7.946957e-03
-1.655000e+00	7.741871e-03
-1.652500e+00	7.943449e-03
-1.650000e+00	8.392723e-03
-1.647500e+00	8.764551e-03
-1.645000e+00	8.681344e-03
-1.642500e+00	8.060634e-03
-1.640000e+00	7.196569e-03
-1.637500e+00	6.425496e-03
-1.635000e+00	5.916724e-03
-1.632500e+00	5.706737e-03
-1.630000e+00	5.760308e-03
-1.627500e+00	5.966014e-03
-1.625000e+00	6.108413e-03
-1.622500e+00	5.956472e-03
-1.620000e+00	5.478938e-03
-1.617500e+00	4.862675e-03
-1.615000e+00	4.298417e-03
-1.612500e+00	3.870370e-03
-1.610000e+00	3.589161e-03
-1.607500e+00	3.441527e-03
-1.605000e+00	3.415019e-03
-1.602500e+00	3.506198e-03
-1.600000e+00	3.722331e-03
-1.597500e+00	4.079540e-03
-1.595000e+00	4.593681e-03
-1.592500e+00	5.253166e-03
-1.590000e+00	5.966783e-03
-1.587500e+00	6.537883e-03
-1.585000e+00	6.795879e-03
-1.582500e+00	6.810153e-03
-1.580000e+00	6.841873e-03
-1.577500e+00	7.121729e-03
-1.575000e+00	7.764229e-03
-1.572500e+00	8.765396e-03
-1.570000e+00	9.940591e-03
-1.567500e+00	1.084966e-02
-1.565000e+00	1.100313e-02
-1.562500e+00	1.036684e-02
-1.560000e+00	9.411981e-03
-1.557500e+00	8.623039e-03
-1.555000e+00	8.242919e-03
-1.552500e+00	8.344680e-03
-1.550000e+00	8.921593e-03
-1.547500e+00	9.869760e-03
-1.545000e+00	1.087634e-02
-1.542500e+00	1.139629e-02
-1.540000e+00	1.102653e-02
-1.537500e+00	9.955219e-03
-1.535000e+00	8.725288e-03
-1.532500e+00	7.733941e-03
-1.530000e+00	7.128112e-03
-1.527500e+00	6.921226e-03
-1.525000e+00	7.068925e-03
-1.522500e+00	7.452596e-03
-1.520000e+00	7.819182e-03
-1.517500e+00	7.839555e-03
-1.515000e+00	7.390954e-03
-1.512500e+00	6.690995e-03
-1.510000e+00	6.041087e-03
-1.507500e+00	5.610702e-03
-1.505000e+00	5.446059e-03
-1.502500e+00	5.525684e-03
-1.500000e+00	5.761511e-03
-1.497500e+00	5.969450e-03
-1.495000e+00	5.930488e-03
-1.492500e+00	5.588068e-03
-1.490000e+00	5.103505e-03
-1.487500e+00	4.668273e-03
-1.485000e+00	4.380510e-03
-1.482500e+00	4.266692e-03
-1.480000e+00	4.330727e-03
-1.477500e+00	4.580236e-03
-1.475000e+00	5.032989e-03
-1.472500e+00	5.706202e-03
-1.470000e+00	6.577208e-03
-1.467500e+00	7.506238e-03
-1.465000e+00	8.194762e-03
-1.462500e+00	8.372562e-03
-1.460000e+00	8.114343e-03
-1.457500e+00	7.777375e-03
-1.455000e+00	7.676822e-03
-1.452500e+00	7.972972e-03
-1.450000e+00	8.722283e-03
-1.447500e+00	9.887417e-03
-1.445000e+00	1.123822e-02
-1.442500e+00	1.224604e-02
-1.440000e+00	1.232146e-02
-1.437500e+00	1.141331e-02
-1.435000e+00	1.006918e-02
-1.432500e+00	8.848061e-03
-1.430000e+00	8.015313e-03
-1.427500e+00	7.633908e-03
-1.425000e+00	7.696985e-03
-1.422500e+00	8.171747e-03
-1.420000e+00	8.954184e-03
-1.417500e+00	9.764395e-03
-1.415000e+00	1.014555e-02
-1.412500e+00	9.802803e-03
-1.410000e+00	8.941258e-03
-1.407500e+00	8.019320e-03
-1.405000e+00	7.353270e-03
-1.402500e+00	7.056896e-03
-1.400000e+00	7.128639e-03
-1.397500e+00	7.478995e-03
-1.395000e+00	7.882706e-03
-1.392500e+00	7.993844e-03
-1.390000e+00	7.599073e-03
-1.387500e+00	6.846516e-03
-1.385000e+00	6.051981e-03
-1.382500e+00	5.422296e-03
-1.380000e+00	5.024032e-03
-1.377500e+00	4.858832e-03
-1.375000e+00	4.911999e-03
-1.372500e+00	5.156773e-03
-1.370000e+00	5.522388e-03
-1.367500e+00	5.855234e-03
-1.365000e+00	5.971926e-03
-1.362500e+00	5.836980e-03
-1.360000e+00	5.611501e-03
-1.357500e+00	5.485895e-03
-1.355000e+00	5.572741e-03
-1.352500e+00	5.928437e-03
-1.350000e+00	6.594357e-03
-1.347500e+00	7.602462e-03
-1.345000e+00	8.924633e-03
-1.342500e+00	1.035018e-02
-1.340000e+00	1.138834e-02
-1.337500e+00	1.151752e-02
-1.335000e+00	1.074156e-02
-1.332500e+00	9.596764e-03
-1.330000e+00	8.598970e-03
-1.327500e+00	7.989724e-03
-1.325000e+00	7.832423e-03
-1.322500e+00	8.131018e-03
-1.320000e+00	8.859991e-03
-1.317500e+00	9.901825e-03
-1.315000e+00	1.092542e-02
-1.312500e+00	1.140677e-02
-1.310000e+00	1.104597e-02
-1.307500e+00	1.012431e-02
-1.305000e+00	9.178364e-03
-1.302500e+00	8.561767e-03
-1.300000e+00	8.393769e-03
-1.297500e+00	8.645789e-03
-1.295000e+00	9.144188e-03
-1.292500e+00	9.528039e-03
-1.290000e+00	9.400569e-03
-1.287500e+00	8.707037e-03
-1.285000e+00	7.780513e-03
-1.282500e+00	6.971766e-03
-1.280000e+00	6.450104e-03
-1.277500e+00	6.255042e-03
-1.275000e+00	6.369559e-03
-1.272500e+00	6.723947e-03
-1.270000e+00	7.141856e-03
-1.267500e+00	7.331519e-03
-1.265000e+00	7.082807e-03
-1.262500e+00	6.494306e-03
-1.260000e+00	5.843006e-03
-1.257500e+00	5.327825e-03
-1.255000e+00	5.020808e-03
-1.252500e+00	4.932482e-03
-1.250000e+00	5.063815e-03
-1.247500e+00	5.427163e-03
-1.245000e+00	6.046837e-03
-1.242500e+00	6.936798e-03
-1.240000e+00	8.036015e-03
-1.237500e+00	9.102738e-03
-1.235000e+00	9.712943e-03
-1.232500e+00	9.591775e-03
-1.230000e+00	8.950271e-03
-1.227500e+00	8.250644e-03
-1.225000e+00	7.819364e-03
-1.222500e+00	7.788445e-03
-1.220000e+00	8.185589e-03
-1.217500e+00	8.965610e-03
-1.215000e+00	9.944736e-03
-1.212500e+00	1.073103e-02
-1.210000e+00	1.091381e-02
-1.207500e+00	1.049716e-02
-1.205000e+00	9.914571e-03
-1.202500e+00	9.593370e-03
-1.200000e+00	9.726336e-03
-1.197500e+00	1.027686e-02
-1.195000e+00	1.096066e-02
-1.192500e+00	1.127080e-02
-1.190000e+00	1.083155e-02
-1.187500e+00	9.803647e-03
-1.185000e+00	8.668207e-03
-1.182500e+00	7.777699e-03
-1.180000e+00	7.264394e-03
-1.177500e+00	7.147585e-03
-1.175000e+00	7.405885e-03
-1.172500e+00	7.965061e-03
-1.170000e+00	8.617617e-03
-1.167500e+00	8.985185e-03
-1.165000e+00	8.748021e-03
-1.162500e+00	7.987696e-03
-1.160000e+00	7.076542e-03
-1.157500e+00	6.311591e-03
-1.155000e+00	5.809357e-03
-1.152500e+00	5.586792e-03
-1.150000e+00	5.632403e-03
-1.147500e+00	5.923350e-03
-1.145000e+00	6.395105e-03
-1.142500e+00	6.884984e-03
-1.140000e+00	7.150089e-03
-1.137500e+00	7.069498e-03
-1.135000e+00	6.796442e-03
-1.132500e+00	6.593735e-03
-1.130000e+00	6.639583e-03
-1.127500e+00	7.010808e-03
-1.125000e+00	7.713161e-03
-1.122500e+00	8.647545e-03
-1.120000e+00	9.524978e-03
-1.117500e+00	9.920167e-03
-1.115000e+00	9.641748e-03
-1.112500e+00	8.970043e-03
-1.110000e+00	8.343691e-03
-1.107500e+00	8.038495e-03
-1.105000e+00	8.165300e-03
-1.102500e+00	8.763269e-03
-1.100000e+00	9.825557e-03
-1.097500e+00	1.122055e-02
-1.095000e+00	1.253973e-02
-1.092500e+00	1.312264e-02
-1.090000e+00	1.258181e-02
-1.087500e+00	1.125756e-02
-1.085000e+00	9.810111e-03
-1.082500e+00	8.666576e-03
-1.080000e+00	7.968244e-03
-1.077500e+00	7.725010e-03
-1.075000e+00	7.910446e-03
-1.072500e+00	8.462020e-03
-1.070000e+00	9.202413e-03
-1.067500e+00	9.759863e-03
-1.065000e+00	9.722974e-03
-1.062500e+00	9.046645e-03
-1.060000e+00	8.098964e-03
-1.057500e+00	7.262216e-03
-1.055000e+00	6.720440e-03
-1.052500e+00	6.516155e-03
-1.050000e+00	6.629360e-03
-1.047500e+00	6.982824e-03
-1.045000e+00	7.390986e-03
-1.042500e+00	7.566664e-03
-1.040000e+00	7.331767e-03
-1.037500e+00	6.814796e-03
-1.035000e+00	6.292310e-03
-1.032500e+00	5.954175e-03
-1.030000e+00	5.876079e-03
-1.027500e+00	6.084366e-03
-1.025000e+00	6.596658e-03
-1.022500e+00	7.415897e-03
-1.020000e+00	8.468442e-03
-1.017500e+00	9.495988e-03
-1.015000e+00	1.005541e-02
-1.012500e+00	9.861241e-03
-1.010000e+00	9.127722e-03
-1.007500e+00	8.322643e-03
-1.005000e+00	7.771854e-03
-1.002500e+00	7.605314e-03
-1.000000e+00	7.864085e-03
-9.975000e-01	8.569626e-03
-9.950000e-01	9.716877e-03
-9.925000e-01	1.118024e-02
-9.900000e-01	1.255680e-02
-9.875000e-01	1.319192e-02
-9.850000e-01	1.270611e-02
-9.825000e-01	1.144823e-02
-9.800000e-01	1.008558e-02
-9.775000e-01	9.052147e-03
-9.750000e-01	8.494917e-03
-9.725000e-01	8.418533e-03
-9.700000e-01	8.753380e-03
-9.675000e-01	9.312963e-03
-9.650000e-01	9.734427e-03
-9.625000e-01	9.636879e-03
-9.600000e-01	8.994761e-03
-9.575000e-01	8.156481e-03
-9.550000e-01	7.471870e-03
-9.525000e-01	7.107580e-03
-9.500000e-01	7.095766e-03
-9.475000e-01	7.382984e-03
-9.450000e-01	7.802010e-03
-9.425000e-01	8.050608e-03
-9.400000e-01	7.865404e-03
-9.375000e-01	7.294593e-03
-9.350000e-01	6.625727e-03
-9.325000e-01	6.098024e-03
-9.300000e-01	5.812660e-03
-9.275000e-01	5.795759e-03
-9.250000e-01	6.058763e-03
-9.225000e-01	6.620149e-03
-9.200000e-01	7.491054e-03
-9.175000e-01	8.612211e-03
-9.150000e-01	9.740124e-03
-9.125000e-01	1.041953e-02
-9.100000e-01	1.030669e-02
-9.075000e-01	9.572817e-03
-9.050000e-01	8.709759e-03
-9.025000e-01	8.088536e-03
-9.000000e-01	7.862534e-03
-8.975000e-01	8.070022e-03
-8.950000e-01	8.698327e-03
-8.925000e-01	9.652515e-03
-8.900000e-01	1.065643e-02
-8.875000e-01	1.126030e-02
-8.850000e-01	1.119336e-02
-8.825000e-01	1.069929e-02
-8.800000e-01	1.026993e-02
-8.775000e-01	1.022593e-02
-8.750000e-01	1.060099e-02
-8.725000e-01	1.113661e-02
-8.700000e-01	1.133878e-02
-8.675000e-01	1.083791e-02
-8.650000e-01	9.784898e-03
-8.625000e-01	8.640119e-03
-8.600000e-01	7.739227e-03
-8.575000e-01	7.205558e-03
-8.550000e-01	7.053775e-03
-8.525000e-01	7.259633e-03
-8.500000e-01	7.749312e-03
-8.475000e-01	8.325951e-03
-8.450000e-01	8.640426e-03
-8.425000e-01	8.409334e-03
-8.400000e-01	7.719822e-03
-8.375000e-01	6.912719e-03
-8.350000e-01	6.252729e-03
-8.325000e-01	5.842463e-03
-8.300000e-01	5.699322e-03
-8.275000e-01	5.823285e-03
-8.250000e-01	6.223380e-03
-8.225000e-01	6.912949e-03
-8.200000e-01	7.868735e-03
-8.175000e-01	8.941883e-03
-8.150000e-01	9.789506e-03
-8.125000e-01	1.005541e-02
-8.100000e-01	9.765930e-03
-8.075000e-01	9.329423e-03
-8.050000e-01	9.134916e-03
-8.025000e-01	9.345222e-03
-8.000000e-01	9.893836e-03
-7.975000e-01	1.047553e-02
-7.950000e-01	1.064362e-02
-7.925000e-01	1.019526e-02
-7.900000e-01	9.401640e-03
-7.875000e-01	8.688252e-03
-7.850000e-01	8.318808e-03
-7.825000e-01	8.395017e-03
-7.800000e-01	8.944418e-03
-7.775000e-01	9.934146e-03
-7.750000e-01	1.117836e-02
-7.725000e-01	1.220861e-02
-7.700000e-01	1.241163e-02
-7.675000e-01	1.159817e-02
-7.650000e-01	1.022639e-02
-7.625000e-01	8.877247e-03
-7.600000e-01	7.858315e-03
-7.575000e-01	7.246449e-03
-7.550000e-01	7.025797e-03
-7.525000e-01	7.147227e-03
-7.500000e-01	7.504998e-03
-7.475000e-01	7.874248e-03
-7.450000e-01	7.947603e-03
-7.425000e-01	7.587031e-03
-7.400000e-01	6.975720e-03
-7.375000e-01	6.397908e-03
-7.350000e-01	6.024026e-03
-7.325000e-01	5.913196e-03
-7.300000e-01	6.081942e-03
-7.275000e-01	6.539982e-03
-7.250000e-01	7.280502e-03
-7.225000e-01	8.220357e-03
-7.200000e-01	9.115403e-03
-7.175000e-01	9.612757e-03
-7.150000e-01	9.578908e-03
-7.125000e-01	9.292563e-03
-7.100000e-01	9.159571e-03
-7.075000e-01	9.428089e-03
-7.050000e-01	1.014607e-02
-7.025000e-01	1.114012e-02
-7.000000e-01	1.195298e-02
-6.975000e-01	1.202310e-02
-6.950000e-01	1.122016e-02
-6.925000e-01	9.989641e-03
-6.900000e-01	8.849757e-03
-6.875000e-01	8.065808e-03
-6.850000e-01	7.709462e-03
-6.825000e-01	7.784976e-03
-6.800000e-01	8.282544e-03
-6.775000e-01	9.152336e-03
-6.750000e-01	1.020251e-02
-6.725000e-01	1.100075e-02
-6.700000e-01	1.105749e-02
-6.675000e-01	1.031857e-02
-6.650000e-01	9.232006e-03
-6.625000e-01	8.266085e-03
-6.600000e-01	7.642375e-03
-6.575000e-01	7.389689e-03
-6.550000e-01	7.417398e-03
-6.525000e-01	7.521603e-03
-6.500000e-01	7.446461e-03
-6.475000e-01	7.093589e-03
-6.450000e-01	6.616631e-03
-6.425000e-01	6.233959e-03
-6.400000e-01	6.075237e-03
-6.375000e-01	6.192533e-03
-6.350000e-01	6.608906e-03
-6.325000e-01	7.328326e-03
-6.300000e-01	8.288420e-03
-6.275000e-01	9.266249e-03
-6.250000e-01	9.872432e-03
-6.225000e-01	9.849961e-03
-6.200000e-01	9.392550e-03
-6.175000e-01	8.939985e-03
-6.150000e-01	8.815881e-03
-6.125000e-01	9.158412e-03
-6.100000e-01	9.973868e-03
-6.075000e-01	1.110460e-02
-6.050000e-01	1.212177e-02
-6.025000e-01	1.242350e-02
-6.000000e-01	1.176292e-02
-5.975000e-01	1.053836e-02
-5.950000e-01	9.329227e-03
-5.925000e-01	8.468789e-03
-5.900000e-01	8.051060e-03
-5.875000e-01	8.048576e-03
-5.850000e-01	8.340692e-03
-5.825000e-01	8.673233e-03
-5.800000e-01	8.718053e-03
-5.775000e-01	8.349355e-03
-5.750000e-01	7.781569e-03
-5.725000e-01	7.320571e-03
-5.700000e-01	7.144282e-03
-5.675000e-01	7.295030e-03
-5.650000e-01	7.702705e-03
-5.625000e-01	8.154451e-03
-5.600000e-01	8.330746e-03
-5.575000e-01	8.061022e-03
-5.550000e-01	7.517453e-03
-5.525000e-01	7.010449e-03
-5.500000e-01	6.743878e-03
-5.475000e-01	6.800096e-03
-5.450000e-01	7.205319e-03
-5.425000e-01	7.948667e-03
-5.400000e-01	8.926534e-03
-5.375000e-01	9.845396e-03
-5.350000e-01	1.027389e-02
-5.325000e-01	1.002190e-02
-5.300000e-01	9.383463e-03
-5.275000e-01	8.814608e-03
-5.250000e-01	8.600795e-03
-5.225000e-01	8.840822e-03
-5.200000e-01	9.504441e-03
-5.175000e-01	1.039648e-02
-5.150000e-01	1.109698e-02
-5.125000e-01	1.116000e-02
-5.100000e-01	1.057030e-02
-5.075000e-01	9.765099e-03
-5.050000e-01	9.172551e-03
-5.025000e-01	8.960536e-03
-5.000000e-01	9.043952e-03
-4.975000e-01	9.124481e-03
-4.950000e-01	8.851000e-03
-4.925000e-01	8.146790e-03
-4.900000e-01	7.265072e-03
-4.875000e-01	6.485589e-03
-4.850000e-01	5.941022e-03
-4.825000e-01	5.659038e-03
-4.800000e-01	5.635925e-03
-4.775000e-01	5.873351e-03
-4.750000e-01	6.384622e-03
-4.725000e-01	7.173555e-03
-4.700000e-01	8.171382e-03
-4.675000e-01	9.140258e-03
-4.650000e-01	9.692174e-03
-4.625000e-01	9.615334e-03
-4.600000e-01	9.149194e-03
-4.575000e-01	8.728960e-03
-4.550000e-01	8.641954e-03
-4.525000e-01	8.967606e-03
-4.500000e-01	9.597607e-03
-4.475000e-01	1.020799e-02
-4.450000e-01	1.036716e-02
-4.425000e-01	9.926436e-03
-4.400000e-01	9.194480e-03
-4.375000e-01	8.588342e-03
-4.350000e-01	8.343248e-03
-4.325000e-01	8.507827e-03
-4.300000e-01	8.976215e-03
-4.275000e-01	9.458163e-03
-4.250000e-01	9.558523e-03
-4.225000e-01	9.117610e-03
-4.200000e-01	8.390761e-03
-4.175000e-01	7.748992e-03
-4.150000e-01	7.403877e-03
-4.125000e-01	7.394284e-03
-4.100000e-01	7.622088e-03
-4.075000e-01	7.848535e-03
-4.050000e-01	7.789205e-03
-4.025000e-01	7.372496e-03
-4.000000e-01	6.808921e-03
-3.975000e-01	6.349800e-03
-3.950000e-01	6.131304e-03
-3.925000e-01	6.203184e-03
-3.900000e-01	6.588198e-03
-3.875000e-01	7.300493e-03
-3.850000e-01	8.309806e-03
-3.825000e-01	9.445965e-03
-3.800000e-01	1.032606e-02
-3.775000e-01	1.055837e-02
-3.750000e-01	1.017568e-02
-3.725000e-01	9.622404e-03
-3.700000e-01	9.305659e-03
-3.675000e-01	9.360397e-03
-3.650000e-01	9.644528e-03
-3.625000e-01	9.799422e-03
-3.600000e-01	9.507827e-03
-3.575000e-01	8.830623e-03
-3.550000e-01	8.110641e-03
-3.525000e-01	7.620170e-03
-3.500000e-01	7.430128e-03
-3.475000e-01	7.434302e-03
-3.450000e-01	7.403779e-03
-3.425000e-01	7.153336e-03
-3.400000e-01	6.730990e-03
-3.375000e-01	6.342630e-03
-3.350000e-01	6.155510e-03
-3.325000e-01	6.248928e-03
-3.300000e-01	6.652228e-03
-3.275000e-01	7.354745e-03
-3.250000e-01	8.249992e-03
-3.225000e-01	9.049336e-03
-3.200000e-01	9.355782e-03
-3.175000e-01	9.030231e-03
-3.150000e-01	8.371208e-03
-3.125000e-01	7.787877e-03
-3.100000e-01	7.519905e-03
-3.075000e-01	7.644212e-03
-3.050000e-01	8.134858e-03
-3.025000e-01	8.840499e-03
-3.000000e-01	9.435504e-03
-2.975000e-01	9.567317e-03
-2.950000e-01	9.214775e-03
-2.925000e-01	8.714308e-03
-2.900000e-01	8.380730e-03
-2.875000e-01	8.270467e-03
-2.850000e-01	8.192173e-03
-2.825000e-01	7.891416e-03
-2.800000e-01	7.332125e-03
-2.775000e-01	6.721483e-03
-2.750000e-01	6.272373e-03
-2.725000e-01	6.080896e-03
-2.700000e-01	6.146928e-03
-2.675000e-01	6.391964e-03
-2.650000e-01	6.660320e-03
-2.625000e-01	6.806693e-03
-2.600000e-01	6.856444e-03
-2.575000e-01	6.993665e-03
-2.550000e-01	7.390589e-03
-2.525000e-01	8.103674e-03
-2.500000e-01	9.015916e-03
-2.475000e-01	9.777651e-03
-2.450000e-01	9.947175e-03
-2.425000e-01	9.423395e-03
-2.400000e-01	8.573452e-03
-2.375000e-01	7.827923e-03
-2.350000e-01	7.400434e-03
-2.325000e-01	7.300511e-03
-2.300000e-01	7.383797e-03
-2.275000e-01	7.398469e-03
-2.250000e-01	7.161687e-03
-2.225000e-01	6.746748e-03
-2.200000e-01	6.378325e-03
-2.175000e-01	6.218088e-03
-2.150000e-01	6.301814e-03
-2.125000e-01	6.551013e-03
-2.100000e-01	6.801838e-03
-2.075000e-01	6.930386e-03
-2.050000e-01	6.994824e-03
-2.025000e-01	7.149209e-03
-2.000000e-01	7.433985e-03
-1.975000e-01	7.695653e-03
-1.950000e-01	7.724673e-03
-1.925000e-01	7.521617e-03
-1.900000e-01	7.318634e-03
-1.875000e-01	7.337611e-03
-1.850000e-01	7.637284e-03
-1.825000e-01	8.073760e-03
-1.800000e-01	8.319314e-03
-1.775000e-01	8.086990e-03
-1.750000e-01	7.439770e-03
-1.725000e-01	6.699408e-03
-1.700000e-01	6.122800e-03
-1.675000e-01	5.796303e-03
-1.650000e-01	5.685942e-03
-1.625000e-01	5.696606e-03
-1.600000e-01	5.754749e-03
-1.575000e-01	5.886989e-03
-1.550000e-01	6.175464e-03
-1.525000e-01	6.636259e-03
-1.500000e-01	7.144298e-03
-1.475000e-01	7.483792e-03
-1.450000e-01	7.564033e-03
-1.425000e-01	7.520262e-03
-1.400000e-01	7.484109e-03
-1.375000e-01	7.383951e-03
-1.350000e-01	7.067224e-03
-1.325000e-01	6.562004e-03
-1.300000e-01	6.070558e-03
-1.275000e-01	5.760869e-03
-1.250000e-01	5.675048e-03
-1.225000e-01	5.742608e-03
-1.200000e-01	5.829347e-03
-1.175000e-01	5.854472e-03
-1.150000e-01	5.870791e-03
-1.125000e-01	5.958633e-03
-1.100000e-01	6.093382e-03
-1.075000e-01	6.182984e-03
-1.050000e-01	6.219274e-03
-1.025000e-01	6.287349e-03
-1.000000e-01	6.403771e-03
-9.750000e-02	6.456965e-03
-9.500000e-02	6.356877e-03
-9.250000e-02	6.155326e-03
-9.000000e-02	5.923025e-03
-8.750000e-02	5.641442e-03
-8.500000e-02	5.306357e-03
-8.250000e-02	5.012452e-03
-8.000000e-02	4.873511e-03
-7.750000e-02	4.943266e-03
-7.500000e-02	5.198397e-03
-7.250000e-02	5.526979e-03
-7.000000e-02	5.757749e-03
-6.750000e-02	5.793677e-03
-6.500000e-02	5.679834e-03
-6.250000e-02	5.477399e-03
-6.000000e-02	5.204527e-03
-5.750000e-02	4.905515e-03
-5.500000e-02	4.658713e-03
-5.250000e-02	4.531841e-03
-5.000000e-02	4.538276e-03
-4.750000e-02	4.612298e-03
-4.500000e-02	4.653417e-03
-4.250000e-02	4.631117e-03
-4.000000e-02	4.590746e-03
-3.750000e-02	4.537945e-03
-3.500000e-02	4.416904e-03
-3.250000e-02	4.215680e-03
-3.000000e-02	3.995351e-03
-2.750000e-02	3.816039e-03
-2.500000e-02	3.704753e-03
-2.250000e-02	3.653512e-03
-2.000000e-02	3.603362e-03
-1.750000e-02	3.479182e-03
-1.500000e-02	3.273416e-03
-1.250000e-02	3.042555e-03
-1.000000e-02	2.828133e-03
-7.500000e-03	2.622161e-03
-5.000000e-03	2.397050e-03
-2.500000e-03	2.147709e-03
-6.394885e-14	1.894419e-03
2.500000e-03	1.661631e-03
5.000000e-03	1.463734e-03
7.500000e-03	1.303466e-03
1.000000e-02	1.176365e-03
1.250000e-02	1.075689e-03
1.500000e-02	9.951799e-04
1.750000e-02	9.298971e-04
2.000000e-02	8.761718e-04
2.250000e-02	8.313285e-04
2.500000e-02	7.934138e-04
2.750000e-02	7.609871e-04
3.000000e-02	7.329720e-04
3.250000e-02	7.085518e-04
3.500000e-02	6.870979e-04
3.750000e-02	6.681200e-04
4.000000e-02	6.512302e-04
4.250000e-02	6.361181e-04
4.500000e-02	6.225323e-04
4.750000e-02	6.102675e-04
5.000000e-02	5.991541e-04
5.250000e-02	5.890509e-04
5.500000e-02	5.798393e-04
5.750000e-02	5.714190e-04
6.000000e-02	5.637048e-04
6.250000e-02	5.566235e-04
6.500000e-02	5.501121e-04
6.750000e-02	5.441160e-04
7.000000e-02	5.385876e-04
7.250000e-02	5.334854e-04
7.500000e-02	5.287726e-04
7.750000e-02	5.244172e-04
8.000000e-02	5.203904e-04
8.250000e-02	5.166668e-04
8.500000e-02	5.132237e-04
8.750000e-02	5.100409e-04
9.000000e-02	5.071001e-04
9.250000e-02	5.043850e-04
9.500000e-02	5.018805e-04
9.750000e-02	4.995735e-04
1.000000e-01	4.974517e-04
1.025000e-01	4.955040e-04
1.050000e-01	4.937204e-04
1.075000e-01	4.920916e-04
1.100000e-01	4.906094e-04
1.125000e-01	4.892658e-04
1.150000e-01	4.880540e-04
1.175000e-01	4.869673e-04
1.200000e-01	4.859998e-04
1.225000e-01	4.851459e-04
1.250000e-01	4.844006e-04
1.275000e-01	4.837591e-04
1.300000e-01	4.832171e-04
1.325000e-01	4.827705e-04
1.350000e-01	4.824155e-04
1.375000e-01	4.821488e-04
1.400000e-01	4.819670e-04
1.425000e-01	4.818671e-04
1.450000e-01	4.818464e-04
1.475000e-01	4.819022e-04
1.500000e-01	4.820321e-04
1.525000e-01	4.822338e-04
1.550000e-01	4.825052e-04
1.575000e-01	4.828443e-04
1.600000e-01	4.832493e-04
1.625000e-01	4.837185e-04
1.650000e-01	4.842502e-04
1.675000e-01	4.848430e-04
1.700000e-01	4.854955e-04
1.725000e-01	4.862062e-04
1.750000e-01	4.869741e-04
1.775000e-01	4.877980e-04
1.800000e-01	4.886768e-04
1.825000e-01	4.896095e-04
1.850000e-01	4.905952e-04
1.875000e-01	4.916330e-04
1.900000e-01	4.927221e-04
1.925000e-01	4.938618e-04
1.950000e-01	4.950514e-04
1.975000e-01	4.962903e-04
2.000000e-01	4.975778e-04
2.025000e-01	4.989134e-04
2.050000e-01	5.002966e-04
2.075000e-01	5.017270e-04
2.100000e-01	5.032042e-04
2.125000e-01	5.047277e-04
2.150000e-01	5.062971e-04
2.175000e-01	5.079123e-04
2.200000e-01	5.095729e-04
2.225000e-01	5.112787e-04
2.250000e-01	5.130295e-04
2.275000e-01	5.148250e-04
2.300000e-01	5.166651e-04
2.325000e-01	5.185497e-04
2.350000e-01	5.204788e-04
2.375000e-01	5.224521e-04
2.400000e-01	5.244697e-04
2.425000e-01	5.265315e-04
2.450000e-01	5.286375e-04
2.475000e-01	5.307878e-04
2.500000e-01	5.329824e-04
2.525000e-01	5.352214e-04
2.550000e-01	5.375048e-04
2.575000e-01	5.398327e-04
2.600000e-01	5.422053e-04
2.625000e-01	5.446227e-04
2.650000e-01	5.470851e-04
2.675000e-01	5.495927e-04
2.700000e-01	5.521457e-04
2.725000e-01	5.547442e-04
2.750000e-01	5.573886e-04
2.775000e-01	5.600791e-04
2.800000e-01	5.628160e-04
2.825000e-01	5.655995e-04
2.850000e-01	5.684300e-04
2.875000e-01	5.713079e-04
2.900000e-01	5.742334e-04
2.925000e-01	5.772070e-04
2.950000e-01	5.802290e-04
2.975000e-01	5.832999e-04
3.000000e-01	5.864200e-04
3.025000e-01	5.895898e-04
3.050000e-01	5.928097e-04
3.075000e-01	5.960803e-04
3.100000e-01	5.994020e-04
3.125000e-01	6.027753e-04
3.150000e-01	6.062008e-04
3.175000e-01	6.096790e-04
3.200000e-01	6.132105e-04
3.225000e-01	6.167959e-04
3.250000e-01	6.204357e-04
3.275000e-01	6.241306e-04
3.300000e-01	6.278812e-04
3.325000e-01	6.316883e-04
3.350000e-01	6.355524e-04
3.375000e-01	6.394742e-04
3.400000e-01	6.434546e-04
3.425000e-01	6.474942e-04
3.450000e-01	6.515938e-04
3.475000e-01	6.557541e-04
3.500000e-01	6.599761e-04
3.525000e-01	6.642605e-04
3.550000e-01	6.686081e-04
3.575000e-01	6.730199e-04
3.600000e-01	6.774966e-04
3.625000e-01	6.820394e-04
3.650000e-01	6.866490e-04
3.675000e-01	6.913264e-04
3.700000e-01	6.960727e-04
3.725000e-01	7.008889e-04
3.750000e-01	7.057759e-04
3.775000e-01	7.107349e-04
3.800000e-01	7.157670e-04
3.825000e-01	7.208732e-04
3.850000e-01	7.260548e-04
3.875000e-01	7.313129e-04
3.900000e-01	7.366488e-04
3.925000e-01	7.420635e-04
3.950000e-01	7.475586e-04
3.975000e-01	7.531351e-04
4.000000e-01	7.587946e-04
4.025000e-01	7.645382e-04
4.050000e-01	7.703675e-04
4.075000e-01	7.762839e-04
4.100000e-01	7.822888e-04
4.125000e-01	7.883838e-04
4.150000e-01	7.945704e-04
4.175000e-01	8.008501e-04
4.200000e-01	8.072247e-04
4.225000e-01	8.136958e-04
4.250000e-01	8.202650e-04
4.275000e-01	8.269342e-04
4.300000e-01	8.337051e-04
4.325000e-01	8.405795e-04
4.350000e-01	8.475594e-04
4.375000e-01	8.546467e-04
4.400000e-01	8.618434e-04
4.425000e-01	8.691514e-04
4.450000e-01	8.765729e-04
4.475000e-01	8.841101e-04
4.500000e-01	8.917650e-04
4.525000e-01	8.995400e-04
4.550000e-01	9.074374e-04
4.575000e-01	9.154594e-04
4.600000e-01	9.236087e-04
4.625000e-01	9.318876e-04
4.650000e-01	9.402987e-04
4.675000e-01	9.488446e-04
4.700000e-01	9.575280e-04
4.725000e-01	9.663517e-04
4.750000e-01	9.753185e-04
4.775000e-01	9.844314e-04
4.800000e-01	9.936933e-04
4.825000e-01	1.003107e-03
4.850000e-01	1.012676e-03
4.875000e-01	1.022404e-03
4.900000e-01	1.032294e-03
4.925000e-01	1.042349e-03
4.950000e-01	1.052572e-03
4.975000e-01	1.062968e-03
5.000000e-01	1.073540e-03
5.025000e-01	1.084292e-03
5.050000e-01	1.095227e-03
5.075000e-01	1.106351e-03
5.100000e-01	1.117667e-03
5.125000e-01	1.129178e-03
5.150000e-01	1.140891e-03
5.175000e-01	1.152809e-03
5.200000e-01	1.164936e-03
5.225000e-01	1.177278e-03
5.250000e-01	1.189840e-03
5.275000e-01	1.202626e-03
5.300000e-01	1.215642e-03
5.325000e-01	1.228893e-03
5.350000e-01	1.242385e-03
5.375000e-01	1.256123e-03
5.400000e-01	1.270114e-03
5.425000e-01	1.284363e-03
5.450000e-01	1.298876e-03
5.475000e-01	1.313661e-03
5.500000e-01	1.328723e-03
5.525000e-01	1.344070e-03
5.550000e-01	1.359708e-03
5.575000e-01	1.375645e-03
5.600000e-01	1.391888e-03
5.625000e-01	1.408445e-03
5.650000e-01	1.425324e-03
5.675000e-01	1.442534e-03
5.700000e-01	1.460082e-03
5.725000e-01	1.477978e-03
5.750000e-01	1.496230e-03
5.775000e-01	1.514849e-03
5.800000e-01	1.533843e-03
5.825000e-01	1.553223e-03
5.850000e-01	1.572999e-03
5.875000e-01	1.593182e-03
5.900000e-01	1.613783e-03
5.925000e-01	1.634813e-03
5.950000e-01	1.656285e-03
5.975000e-01	1.678210e-03
6.000000e-01	1.700601e-03
6.025000e-01	1.723472e-03
6.050000e-01	1.746836e-03
6.075000e-01	1.770707e-03
6.100000e-01	1.795100e-03
6.125000e-01	1.820030e-03
6.150000e-01	1.845513e-03
6.175000e-01	1.871565e-03
6.200000e-01	1.898202e-03
6.225000e-01	1.925443e-03
6.250000e-01	1.953306e-03
6.275000e-01	1.981810e-03
6.300000e-01	2.010974e-03
6.325000e-01	2.040818e-03
6.350000e-01	2.071364e-03
6.375000e-01	2.102635e-03
6.400000e-01	2.134652e-03
6.425000e-01	2.167440e-03
6.450000e-01	2.201023e-03
6.475000e-01	2.235427e-03
6.500000e-01	2.270680e-03
6.525000e-01	2.306809e-03
6.550000e-01	2.343842e-03
6.575000e-01	2.381811e-03
6.600000e-01	2.420748e-03
6.625000e-01	2.460684e-03
6.650000e-01	2.501655e-03
6.675000e-01	2.543696e-03
6.700000e-01	2.586845e-03
6.725000e-01	2.631141e-03
6.750000e-01	2.676624e-03
6.775000e-01	2.723338e-03
6.800000e-01	2.771327e-03
6.825000e-01	2.820638e-03
6.850000e-01	2.871319e-03
6.875000e-01	2.923422e-03
6.900000e-01	2.977000e-03
6.925000e-01	3.032109e-03
6.950000e-01	3.088808e-03
6.975000e-01	3.147159e-03
7.000000e-01	3.207225e-03
7.025000e-01	3.269076e-03
7.050000e-01	3.332781e-03
7.075000e-01	3.398417e-03
7.100000e-01	3.466060e-03
7.125000e-01	3.535795e-03
7.150000e-01	3.607707e-03
7.175000e-01	3.681889e-03
7.200000e-01	3.758436e-03
7.225000e-01	3.837450e-03
7.250000e-01	3.919038e-03
7.275000e-01	4.003312e-03
7.300000e-01	4.090392e-03
7.325000e-01	4.180404e-03
7.350000e-01	4.273480e-03
7.375000e-01	4.369761e-03
7.400000e-01	4.469394e-03
7.425000e-01	4.572539e-03
7.450000e-01	4.679360e-03
7.475000e-01	4.790036e-03
7.500000e-01	4.904752e-03
7.525000e-01	5.023708e-03
7.550000e-01	5.147116e-03
7.575000e-01	5.275199e-03
7.600000e-01	5.408196e-03
7.625000e-01	5.546362e-03
7.650000e-01	5.689968e-03
7.675000e-01	5.839303e-03
7.700000e-01	5.994675e-03
7.725000e-01	6.156413e-03
7.750000e-01	6.324869e-03
7.775000e-01	6.500421e-03
7.800000e-01	6.683471e-03
7.825000e-01	6.874453e-03
7.850000e-01	7.073830e-03
7.875000e-01	7.282101e-03
7.900000e-01	7.499802e-03
7.925000e-01	7.727511e-03
7.950000e-01	7.965850e-03
7.975000e-01	8.215488e-03
8.000000e-01	8.477152e-03
8.025000e-01	8.751624e-03
8.050000e-01	9.039753e-03
8.075000e-01	9.342458e-03
8.100000e-01	9.660739e-03
8.125000e-01	9.995679e-03
8.150000e-01	1.034846e-02
8.175000e-01	1.072037e-02
8.200000e-01	1.111282e-02
8.225000e-01	1.152733e-02
8.250000e-01	1.196560e-02
8.275000e-01	1.242947e-02
8.300000e-01	1.292097e-02
8.325000e-01	1.344234e-02
8.350000e-01	1.399602e-02
8.375000e-01	1.458476e-02
8.400000e-01	1.521156e-02
8.425000e-01	1.587976e-02
8.450000e-01	1.659309e-02
8.475000e-01	1.735569e-02
8.500000e-01	1.817218e-02
8.525000e-01	1.904776e-02
8.550000e-01	1.998823e-02
8.575000e-01	2.100017e-02
8.600000e-01	2.209096e-02
8.625000e-01	2.326898e-02
8.650000e-01	2.454374e-02
8.675000e-01	2.592610e-02
8.700000e-01	2.742846e-02
8.725000e-01	2.906503e-02
8.750000e-01	3.085221e-02
8.775000e-01	3.280895e-02
8.800000e-01	3.495728e-02
8.825000e-01	3.732287e-02
8.850000e-01	3.993584e-02
8.875000e-01	4.283165e-02
8.900000e-01	4.605230e-02
8.925000e-01	4.964782e-02
8.950000e-01	5.367817e-02
8.975000e-01	5.821562e-02
9.000000e-01	6.334798e-02
9.025000e-01	6.918263e-02
9.050000e-01	7.585195e-02
9.075000e-01	8.352057e-02
9.100000e-01	9.239499e-02
9.125000e-01	1.027369e-01
9.150000e-01	1.148812e-01
9.175000e-01	1.292615e-01
9.200000e-01	1.464459e-01
9.225000e-01	1.671884e-01
9.250000e-01	1.925025e-01
9.275000e-01	2.237707e-01
9.300000e-01	2.629043e-01
9.325000e-01	3.125810e-01
9.350000e-01	3.765919e-01
9.375000e-01	4.603308e-01
9.400000e-01	5.714114e-01
9.425000e-01	7.201955e-01
9.450000e-01	9.193385e-01
9.475000e-01	1.179605e+00
9.500000e-01	1.495828e+00
9.525000e-01	1.817856e+00
9.550000e-01	2.030616e+00
9.575000e-01	2.017688e+00
9.600000e-01	1.787106e+00
9.625000e-01	1.461344e+00
9.650000e-01	1.149655e+00
9.675000e-01	8.959509e-01
9.700000e-01	7.026351e-01
9.725000e-01	5.583281e-01
9.750000e-01	4.505184e-01
9.775000e-01	3.691381e-01
9.800000e-01	3.068339e-01
9.825000e-01	2.584055e-01
9.850000e-01	2.201974e-01
9.875000e-01	1.896255e-01
9.900000e-01	1.648428e-01
9.925000e-01	1.445117e-01
9.950000e-01	1.276498e-01
9.975000e-01	1.135253e-01
1.000000e+00	1.015864e-01
1.002500e+00	9.141100e-02
1.005000e+00	8.267287e-02
1.007500e+00	7.511680e-02
1.010000e+00	6.854118e-02
1.012500e+00	6.278514e-02
1.015000e+00	5.771917e-02
1.017500e+00	5.323817e-02
1.020000e+00	4.925611e-02
1.022500e+00	4.570212e-02
1.025000e+00	4.251739e-02
1.027500e+00	3.965280e-02
1.030000e+00	3.706708e-02
1.032500e+00	3.472538e-02
1.035000e+00	3.259809e-02
1.037500e+00	3.065994e-02
1.040000e+00	2.888925e-02
1.042500e+00	2.726736e-02
1.045000e+00	2.577811e-02
1.047500e+00	2.440749e-02
1.050000e+00	2.314327e-02
1.052500e+00	2.197475e-02
1.055000e+00	2.089254e-02
1.057500e+00	1.988837e-02
1.060000e+00	1.895495e-02
1.062500e+00	1.808579e-02
1.065000e+00	1.727514e-02
1.067500e+00	1.651789e-02
1.070000e+00	1.580945e-02
1.072500e+00	1.514574e-02
1.075000e+00	1.452306e-02
1.077500e+00	1.393812e-02
1.080000e+00	1.338793e-02
1.082500e+00	1.286980e-02
1.085000e+00	1.238129e-02
1.087500e+00	1.192019e-02
1.090000e+00	1.148449e-02
1.092500e+00	1.107236e-02
1.095000e+00	1.068213e-02
1.097500e+00	1.031229e-02
1.100000e+00	9.961443e-03
1.102500e+00	9.628306e-03
1.105000e+00	9.311711e-03
1.107500e+00	9.010584e-03
1.110000e+00	8.723935e-03
1.112500e+00	8.450851e-03
1.115000e+00	8.190491e-03
1.117500e+00	7.942078e-03
1.120000e+00	7.704893e-03
1.122500e+00	7.478270e-03
1.125000e+00	7.261593e-03
1.127500e+00	7.054288e-03
1.130000e+00	6.855824e-03
1.132500e+00	6.665706e-03
1.135000e+00	6.483472e-03
1.137500e+00	6.308694e-03
1.140000e+00	6.140970e-03
1.142500e+00	5.979927e-03
1.145000e+00	5.825215e-03
1.147500e+00	5.676507e-03
1.150000e+00	5.533496e-03
1.152500e+00	5.395896e-03
1.155000e+00	5.263437e-03
1.157500e+00	5.135867e-03
1.160000e+00	5.012949e-03
1.162500e+00	4.894459e-03
1.165000e+00	4.780187e-03
1.167500e+00	4.669936e-03
1.170000e+00	4.563520e-03
1.172500e+00	4.460763e-03
1.175000e+00	4.361500e-03
1.177500e+00	4.265574e-03
1.180000e+00	4.172837e-03
1.182500e+00	4.083151e-03
1.185000e+00	3.996382e-03
1.187500e+00	3.912406e-03
1.190000e+00	3.831104e-03
1.192500e+00	3.752364e-03
1.195000e+00	3.676081e-03
1.197500e+00	3.602152e-03
1.200000e+00	3.530483e-03
1.202500e+00	3.460982e-03
1.205000e+00	3.393563e-03
1.207500e+00	3.328143e-03
1.210000e+00	3.264645e-03
1.212500e+00	3.202994e-03
1.215000e+00	3.143120e-03
1.217500e+00	3.084954e-03
1.220000e+00	3.028434e-03
1.222500e+00	2.973496e-03
1.225000e+00	2.920084e-03
1.227500e+00	2.868140e-03
1.230000e+00	2.817613e-03
1.232500e+00	2.768450e-03
1.235000e+00	2.720604e-03
1.237500e+00	2.674028e-03
1.240000e+00	2.628677e-03
1.242500e+00	2.584510e-03
1.245000e+00	2.541485e-03
1.247500e+00	2.499563e-03
1.250000e+00	2.458707e-03
1.252500e+00	2.418882e-03
1.255000e+00	2.380053e-03
1.257500e+00	2.342188e-03
1.260000e+00	2.305254e-03
1.262500e+00	2.269222e-03
1.265000e+00	2.234063e-03
1.267500e+00	2.199748e-03
1.270000e+00	2.166252e-03
1.272500e+00	2.133547e-03
1.275000e+00	2.101611e-03
1.277500e+00	2.070419e-03
1.280000e+00	2.039947e-03
1.282500e+00	2.010175e-03
1.285000e+00	1.981081e-03
1.287500e+00	1.952645e-03
1.290000e+00	1.924847e-03
1.292500e+00	1.897668e-03
1.295000e+00	1.871090e-03
1.297500e+00	1.845096e-03
1.300000e+00	1.819669e-03
1.302500e+00	1.794792e-03
1.305000e+00	1.770450e-03
1.307500e+00	1.746628e-03
1.310000e+00	1.723311e-03
1.312500e+00	1.700485e-03
1.315000e+00	1.678137e-03
1.317500e+00	1.656253e-03
1.320000e+00	1.634820e-03
1.322500e+00	1.613827e-03
1.325000e+00	1.593262e-03
1.327500e+00	1.573113e-03
1.330000e+00	1.553369e-03
1.332500e+00	1.534019e-03
1.335000e+00	1.515053e-03
1.337500e+00	1.496462e-03
1.340000e+00	1.478235e-03
1.342500e+00	1.460362e-03
1.345000e+00	1.442836e-03
1.347500e+00	1.425647e-03
1.350000e+00	1.408787e-03
1.352500e+00	1.392247e-03
1.355000e+00	1.376019e-03
1.357500e+00	1.360097e-03
1.360000e+00	1.344471e-03
1.362500e+00	1.329136e-03
1.365000e+00	1.314083e-03
1.367500e+00	1.299307e-03
1.370000e+00	1.284800e-03
1.372500e+00	1.270556e-03
1.375000e+00	1.256569e-03
1.377500e+00	1.242833e-03
1.380000e+00	1.229342e-03
1.382500e+00	1.216090e-03
1.385000e+00	1.203072e-03
1.387500e+00	1.190282e-03
1.390000e+00	1.177716e-03
1.392500e+00	1.165367e-03
1.395000e+00	1.153232e-03
1.397500e+00	1.141305e-03
1.400000e+00	1.129581e-03
1.402500e+00	1.118057e-03
1.405000e+00	1.106728e-03
1.407500e+00	1.095589e-03
1.410000e+00	1.084636e-03
1.412500e+00	1.073866e-03
1.415000e+00	1.063274e-03
1.417500e+00	1.052857e-03
1.420000e+00	1.042611e-03
1.422500e+00	1.032531e-03
1.425000e+00	1.022616e-03
1.427500e+00	1.012861e-03
1.430000e+00	1.003263e-03
1.432500e+00	9.938180e-04
1.435000e+00	9.845239e-04
1.437500e+00	9.753772e-04
1.440000e+00	9.663750e-04
1.442500e+00	9.575142e-04
1.445000e+00	9.487920e-04
1.447500e+00	9.402057e-04
1.450000e+00	9.317525e-04
1.452500e+00	9.234299e-04
1.455000e+00	9.152351e-04
1.457500e+00	9.071657e-04
1.460000e+00	8.992193e-04
1.462500e+00	8.913935e-04
1.465000e+00	8.836859e-04
1.467500e+00	8.760942e-04
1.470000e+00	8.686163e-04
1.472500e+00	8.612500e-04
1.475000e+00	8.539932e-04
1.477500e+00	8.468438e-04
1.480000e+00	8.397997e-04
1.482500e+00	8.328592e-04
1.485000e+00	8.260201e-04
1.487500e+00	8.192807e-04
1.490000e+00	8.126392e-04
1.492500e+00	8.060936e-04
1.495000e+00	7.996424e-04
1.497500e+00	7.932838e-04
1.500000e+00	7.870161e-04
1.502500e+00	7.808378e-04
1.505000e+00	7.747472e-04
1.507500e+00	7.687427e-04
1.510000e+00	7.628230e-04
1.512500e+00	7.569864e-04
1.515000e+00	7.512316e-04
1.517500e+00	7.455571e-04
1.520000e+00	7.399616e-04
1.522500e+00	7.344436e-04
1.525000e+00	7.290020e-04
1.527500e+00	7.236353e-04
1.530000e+00	7.183424e-04
1.532500e+00	7.131219e-04
1.535000e+00	7.079727e-04
1.537500e+00	7.028937e-04
1.540000e+00	6.978836e-04
1.542500e+00	6.929413e-04
1.545000e+00	6.880657e-04
1.547500e+00	6.832558e-04
1.550000e+00	6.785104e-04
1.552500e+00	6.738286e-04
1.555000e+00	6.692093e-04
1.557500e+00	6.646516e-04
1.560000e+00	6.601544e-04
1.562500e+00	6.557169e-04
1.565000e+00	6.513380e-04
1.567500e+00	6.470169e-04
1.570000e+00	6.427527e-04
1.572500e+00	6.385446e-04
1.575000e+00	6.343916e-04
1.577500e+00	6.302929e-04
1.580000e+00	6.262478e-04
1.582500e+00	6.222553e-04
1.585000e+00	6.183149e-04
1.587500e+00	6.144255e-04
1.590000e+00	6.105866e-04
1.592500e+00	6.067974e-04
1.595000e+00	6.030571e-04
1.597500e+00	5.993651e-04
1.600000e+00	5.957207e-04
1.602500e+00	5.921231e-04
1.605000e+00	5.885718e-04
1.607500e+00	5.850660e-04
1.610000e+00	5.816052e-04
1.612500e+00	5.781888e-04
1.615000e+00	5.748160e-04
1.617500e+00	5.714863e-04
1.620000e+00	5.681992e-04
1.622500e+00	5.649540e-04
1.625000e+00	5.617503e-04
1.627500e+00	5.585874e-04
1.630000e+00	5.554648e-04
1.632500e+00	5.523820e-04
1.635000e+00	5.493384e-04
1.637500e+00	5.463337e-04
1.640000e+00	5.433672e-04
1.642500e+00	5.404385e-04
1.645000e+00	5.375471e-04
1.647500e+00	5.346926e-04
1.650000e+00	5.318745e-04
1.652500e+00	5.290924e-04
1.655000e+00	5.263457e-04
1.657500e+00	5.236342e-04
1.660000e+00	5.209574e-04
1.662500e+00	5.183148e-04
1.665000e+00	5.157061e-04
1.667500e+00	5.131310e-04
1.670000e+00	5.105889e-04
1.672500e+00	5.080795e-04
1.675000e+00	5.056026e-04
1.677500e+00	5.031576e-04
1.680000e+00	5.007443e-04
1.682500e+00	4.983624e-04
1.685000e+00	4.960114e-04
1.687500e+00	4.936911e-04
1.690000e+00	4.914012e-04
1.692500e+00	4.891413e-04
1.695000e+00	4.869112e-04
1.697500e+00	4.847105e-04
1.700000e+00	4.825390e-04
1.702500e+00	4.803964e-04
1.705000e+00	4.782824e-04
1.707500e+00	4.761967e-04
1.710000e+00	4.741392e-04
1.712500e+00	4.721094e-04
1.715000e+00	4.701073e-04
1.717500e+00	4.681325e-04
1.720000e+00	4.661848e-04
1.722500e+00	4.642640e-04
1.725000e+00	4.623699e-04
1.727500e+00	4.605023e-04
1.730000e+00	4.586610e-04
1.732500e+00	4.568457e-04
1.735000e+00	4.550563e-04
1.737500e+00	4.532925e-04
1.740000e+00	4.515543e-04
1.742500e+00	4.498415e-04
1.745000e+00	4.481538e-04
1.747500e+00	4.464911e-04
1.750000e+00	4.448533e-04
1.752500e+00	4.432402e-04
1.755000e+00	4.416517e-04
1.757500e+00	4.400876e-04
1.760000e+00	4.385479e-04
1.762500e+00	4.370324e-04
1.765000e+00	4.355409e-04
1.767500e+00	4.340735e-04
1.770000e+00	4.326299e-04
1.772500e+00	4.312101e-04
1.775000e+00	4.298141e-04
1.777500e+00	4.284416e-04
1.780000e+00	4.270927e-04
1.782500e+00	4.257674e-04
1.785000e+00	4.244654e-04
1.787500e+00	4.231869e-04
1.790000e+00	4.219317e-04
1.792500e+00	4.206998e-04
1.795000e+00	4.194911e-04
1.797500e+00	4.183058e-04
1.800000e+00	4.171437e-04
1.802500e+00	4.160048e-04
1.805000e+00	4.148893e-04
1.807500e+00	4.137969e-04
1.810000e+00	4.127279e-04
1.812500e+00	4.116822e-04
1.815000e+00	4.106599e-04
1.817500e+00	4.096609e-04
1.820000e+00	4.086855e-04
1.822500e+00	4.077336e-04
1.825000e+00	4.068053e-04
1.827500e+00	4.059007e-04
1.830000e+00	4.050199e-04
1.832500e+00	4.041631e-04
1.835000e+00	4.033302e-04
1.837500e+00	4.025216e-04
1.840000e+00	4.017373e-04
1.842500e+00	4.009774e-04
1.845000e+00	4.002422e-04
1.847500e+00	3.995319e-04
1.850000e+00	3.988466e-04
1.852500e+00	3.981865e-04
1.855000e+00	3.975519e-04
1.857500e+00	3.969430e-04
1.860000e+00	3.963601e-04
1.862500e+00	3.958035e-04
1.865000e+00	3.952734e-04
1.867500e+00	3.947702e-04
1.870000e+00	3.942942e-04
1.872500e+00	3.938458e-04
1.875000e+00	3.934253e-04
1.877500e+00	3.930331e-04
1.880000e+00	3.926696e-04
1.882500e+00	3.923354e-04
1.885000e+00	3.920308e-04
1.887500e+00	3.917564e-04
1.890000e+00	3.915126e-04
1.892500e+00	3.913002e-04
1.895000e+00	3.911195e-04
1.897500e+00	3.909713e-04
1.900000e+00	3.908561e-04
1.902500e+00	3.907748e-04
1.905000e+00	3.907280e-04
1.907500e+00	3.907165e-04
1.910000e+00	3.907410e-04
1.912500e+00	3.908026e-04
1.915000e+00	3.909020e-04
1.917500e+00	3.910403e-04
1.920000e+00	3.912184e-04
1.922500e+00	3.914375e-04
1.925000e+00	3.916986e-04
1.927500e+00	3.920030e-04
1.930000e+00	3.923520e-04
1.932500e+00	3.927469e-04
1.935000e+00	3.931891e-04
1.937500e+00	3.936803e-04
1.940000e+00	3.942218e-04
1.942500e+00	3.948156e-04
1.945000e+00	3.954635e-04
1.947500e+00	3.961673e-04
1.950000e+00	3.969291e-04
1.952500e+00	3.977511e-04
1.955000e+00	3.986358e-04
1.957500e+00	3.995855e-04
1.960000e+00	4.006030e-04
1.962500e+00	4.016911e-04
1.965000e+00	4.028528e-04
1.967500e+00	4.040915e-04
1.970000e+00	4.054106e-04
1.972500e+00	4.068140e-04
1.975000e+00	4.083057e-04
1.977500e+00	4.098900e-04
1.980000e+00	4.115716e-04
1.982500e+00	4.133556e-04
1.985000e+00	4.152475e-04
1.987500e+00	4.172533e-04
1.990000e+00	4.193793e-04
1.992500e+00	4.216325e-04
1.995000e+00	4.240206e-04
1.997500e+00	4.265517e-04
2.000000e+00	4.292350e-04
2.002500e+00	4.320804e-04
2.005000e+00	4.350986e-04
2.007500e+00	4.383015e-04
2.010000e+00	4.417024e-04
2.012500e+00	4.453157e-04
2.015000e+00	4.491573e-04
2.017500e+00	4.532451e-04
2.020000e+00	4.575990e-04
2.022500e+00	4.622409e-04
2.025000e+00	4.671957e-04
2.027500e+00	4.724913e-04
2.030000e+00	4.781590e-04
2.032500e+00	4.842345e-04
2.035000e+00	4.907582e-04
2.037500e+00	4.977764e-04
2.040000e+00	5.053423e-04
2.042500e+00	5.135169e-04
2.045000e+00	5.223716e-04
2.047500e+00	5.319891e-04
2.050000e+00	5.424670e-04
2.052500e+00	5.539203e-04
2.055000e+00	5.664865e-04
2.057500e+00	5.803302e-04
2.060000e+00	5.956511e-04
2.062500e+00	6.126935e-04
2.065000e+00	6.317590e-04
2.067500e+00	6.532247e-04
2.070000e+00	6.775673e-04
2.072500e+00	7.053981e-04
2.075000e+00	7.375111e-04
2.077500e+00	7.749536e-04
2.080000e+00	8.191269e-04
2.082500e+00	8.719322e-04
2.085000e+00	9.359742e-04
2.087500e+00	1.014827e-03
2.090000e+00	1.113305e-03
2.092500e+00	1.237507e-03
2.095000e+00	1.393946e-03
2.097500e+00	1.586620e-03
2.100000e+00	1.811952e-03
2.102500e+00	2.056049e-03
2.105000e+00	2.300263e-03
2.107500e+00	2.532001e-03
2.110000e+00	2.746842e-03
2.112500e+00	2.939824e-03
2.115000e+00	3.108913e-03
2.117500e+00	3.267161e-03
2.120000e+00	3.427000e-03
2.122500e+00	3.573087e-03
2.125000e+00	3.686853e-03
2.127500e+00	3.781736e-03
2.130000e+00	3.889010e-03
2.132500e+00	4.019881e-03
2.135000e+00	4.147279e-03
2.137500e+00	4.247104e-03
2.140000e+00	4.320601e-03
2.142500e+00	4.366560e-03
2.145000e+00	4.406665e-03
2.147500e+00	4.495936e-03
2.150000e+00	4.645909e-03
2.152500e+00	4.790432e-03
2.155000e+00	4.867529e-03
2.157500e+00	4.885613e-03
2.160000e+00	4.872647e-03
2.162500e+00	4.859342e-03
2.165000e+00	4.909154e-03
2.167500e+00	5.060405e-03
2.170000e+00	5.252110e-03
2.172500e+00	5.365778e-03
2.175000e+00	5.371308e-03
2.177500e+00	5.358175e-03
2.180000e+00	5.386513e-03
2.182500e+00	5.409187e-03
2.185000e+00	5.378190e-03
2.187500e+00	5.356096e-03
2.190000e+00	5.444815e-03
2.192500e+00	5.654138e-03
2.195000e+00	5.870109e-03
2.197500e+00	5.963017e-03
2.200000e+00	5.941088e-03
2.202500e+00	5.904857e-03
2.205000e+00	5.875587e-03
2.207500e+00	5.795258e-03
2.210000e+00	5.679292e-03
2.212500e+00	5.647764e-03
2.215000e+00	5.799962e-03
2.217500e+00	6.118725e-03
2.220000e+00	6.446060e-03
2.222500e+00	6.569902e-03
2.225000e+00	6.441932e-03
2.227500e+00	6.237831e-03
2.230000e+00	6.145683e-03
2.232500e+00	6.199091e-03
2.235000e+00	6.279174e-03
2.237500e+00	6.253650e-03
2.240000e+00	6.149794e-03
2.242500e+00	6.123579e-03
2.245000e+00	6.284502e-03
2.247500e+00	6.596847e-03
2.250000e+00	6.881003e-03
2.252500e+00	6.952092e-03
2.255000e+00	6.831987e-03
2.257500e+00	6.714626e-03
2.260000e+00	6.724561e-03
2.262500e+00	6.795005e-03
2.265000e+00	6.750112e-03
2.267500e+00	6.527938e-03
2.270000e+00	6.273543e-03
2.272500e+00	6.179658e-03
2.275000e+00	6.350033e-03
2.277500e+00	6.775377e-03
2.280000e+00	7.310893e-03
2.282500e+00	7.677530e-03
2.285000e+00	7.651414e-03
2.287500e+00	7.316756e-03
2.290000e+00	6.965403e-03
2.292500e+00	6.808190e-03
2.295000e+00	6.864570e-03
2.297500e+00	6.986833e-03
2.300000e+00	6.979453e-03
2.302500e+00	6.808860e-03
2.305000e+00	6.644600e-03
2.307500e+00	6.672320e-03
2.310000e+00	6.959792e-03
2.312500e+00	7.421061e-03
2.315000e+00	7.814043e-03
2.317500e+00	7.883778e-03
2.320000e+00	7.635515e-03
2.322500e+00	7.333839e-03
2.325000e+00	7.223276e-03
2.327500e+00	7.368709e-03
2.330000e+00	7.638411e-03
2.332500e+00	7.760631e-03
2.335000e+00	7.546713e-03
2.337500e+00	7.104257e-03
2.340000e+00	6.703210e-03
2.342500e+00	6.540477e-03
2.345000e+00	6.693658e-03
2.347500e+00	7.152604e-03
2.350000e+00	7.799497e-03
2.352500e+00	8.364115e-03
2.355000e+00	8.538407e-03
2.357500e+00	8.287218e-03
2.360000e+00	7.899070e-03
2.362500e+00	7.670923e-03
2.365000e+00	7.696461e-03
2.367500e+00	7.848778e-03
2.370000e+00	7.867303e-03
2.372500e+00	7.597546e-03
2.375000e+00	7.168172e-03
2.377500e+00	6.832887e-03
2.380000e+00	6.763521e-03
2.382500e+00	7.020829e-03
2.385000e+00	7.573316e-03
2.387500e+00	8.258626e-03
2.390000e+00	8.754727e-03
2.392500e+00	8.769472e-03
2.395000e+00	8.361196e-03
2.397500e+00	7.877158e-03
2.400000e+00	7.617100e-03
2.402500e+00	7.697948e-03
2.405000e+00	8.069399e-03
2.407500e+00	8.506551e-03
2.410000e+00	8.663551e-03
2.412500e+00	8.352803e-03
2.415000e+00	7.755303e-03
2.417500e+00	7.202059e-03
2.420000e+00	6.908718e-03
2.422500e+00	6.952040e-03
2.425000e+00	7.322706e-03
2.427500e+00	7.917712e-03
2.430000e+00	8.492302e-03
2.432500e+00	8.739779e-03
2.435000e+00	8.584133e-03
2.437500e+00	8.285646e-03
2.440000e+00	8.162093e-03
2.442500e+00	8.361401e-03
2.445000e+00	8.816204e-03
2.447500e+00	9.237164e-03
2.450000e+00	9.242655e-03
2.452500e+00	8.717038e-03
2.455000e+00	7.936636e-03
2.457500e+00	7.250290e-03
2.460000e+00	6.848551e-03
2.462500e+00	6.791758e-03
2.465000e+00	7.085408e-03
2.467500e+00	7.692726e-03
2.470000e+00	8.474950e-03
2.472500e+00	9.124508e-03
2.475000e+00	9.295527e-03
2.477500e+00	8.957221e-03
2.480000e+00	8.445804e-03
2.482500e+00	8.118296e-03
2.485000e+00	8.148994e-03
2.487500e+00	8.536724e-03
2.490000e+00	9.102824e-03
2.492500e+00	9.484393e-03
2.495000e+00	9.347483e-03
2.497500e+00	8.737255e-03
2.500000e+00	8.014163e-03
2.502500e+00	7.493638e-03
2.505000e+00	7.315154e-03
2.507500e+00	7.498164e-03
2.510000e+00	7.970978e-03
2.512500e+00	8.528180e-03
2.515000e+00	8.841193e-03
2.517500e+00	8.702241e-03
2.520000e+00	8.265290e-03
2.522500e+00	7.871223e-03
2.525000e+00	7.766118e-03
2.527500e+00	8.051174e-03
2.530000e+00	8.719824e-03
2.532500e+00	9.622785e-03
2.535000e+00	1.038788e-02
2.537500e+00	1.054192e-02
2.540000e+00	9.953683e-03
2.542500e+00	8.989024e-03
2.545000e+00	8.099446e-03
2.547500e+00	7.526664e-03
2.550000e+00	7.336840e-03
2.552500e+00	7.511264e-03
2.555000e+00	7.956764e-03
2.557500e+00	8.455543e-03
2.560000e+00	8.698307e-03
2.562500e+00	8.538894e-03
2.565000e+00	8.171063e-03
2.567500e+00	7.915361e-03
2.570000e+00	7.980913e-03
2.572500e+00	8.436489e-03
2.575000e+00	9.219617e-03
2.577500e+00	1.007421e-02
2.580000e+00	1.054809e-02
2.582500e+00	1.031287e-02
2.585000e+00	9.536110e-03
2.587500e+00	8.679631e-03
2.590000e+00	8.084882e-03
2.592500e+00	7.885636e-03
2.595000e+00	8.091476e-03
2.597500e+00	8.615444e-03
2.600000e+00	9.217903e-03
2.602500e+00	9.512097e-03
2.605000e+00	9.242268e-03
2.607500e+00	8.568765e-03
2.610000e+00	7.871367e-03
2.612500e+00	7.419991e-03
2.615000e+00	7.323596e-03
2.617500e+00	7.609646e-03
2.620000e+00	8.259599e-03
2.622500e+00	9.160714e-03
2.625000e+00	1.001320e-02
2.627500e+00	1.038875e-02
2.630000e+00	1.010887e-02
2.632500e+00	9.471861e-03
2.635000e+00	8.924351e-03
2.637500e+00	8.734408e-03
2.640000e+00	8.964969e-03
2.642500e+00	9.502685e-03
2.645000e+00	1.002612e-02
2.647500e+00	1.009856e-02
2.650000e+00	9.545562e-03
2.652500e+00	8.644776e-03
2.655000e+00	7.793425e-03
2.657500e+00	7.218717e-03
2.660000e+00	6.993041e-03
2.662500e+00	7.130256e-03
2.665000e+00	7.631890e-03
2.667500e+00	8.468843e-03
2.670000e+00	9.496610e-03
2.672500e+00	1.035842e-02
2.675000e+00	1.060977e-02
2.677500e+00	1.015349e-02
2.680000e+00	9.371299e-03
2.682500e+00	8.715569e-03
2.685000e+00	8.432492e-03
2.687500e+00	8.594366e-03
2.690000e+00	9.163077e-03
2.692500e+00	9.952694e-03
2.695000e+00	1.056356e-02
2.697500e+00	1.055373e-02
2.700000e+00	9.874180e-03
2.702500e+00	8.919138e-03
2.705000e+00	8.100026e-03
2.707500e+00	7.618871e-03
2.710000e+00	7.529499e-03
2.712500e+00	7.822200e-03
2.715000e+00	8.426190e-03
2.717500e+00	9.138323e-03
2.720000e+00	9.594636e-03
2.722500e+00	9.503136e-03
2.725000e+00	8.969628e-03
2.727500e+00	8.375992e-03
2.730000e+00	8.030795e-03
2.732500e+00	8.075804e-03
2.735000e+00	8.554651e-03
2.737500e+00	9.440359e-03
2.740000e+00	1.056185e-02
2.742500e+00	1.149469e-02
2.745000e+00	1.169635e-02
2.747500e+00	1.101750e-02
2.750000e+00	9.881744e-03
2.752500e+00	8.810122e-03
2.755000e+00	8.079881e-03
2.757500e+00	7.767246e-03
2.760000e+00	7.861626e-03
2.762500e+00	8.295121e-03
2.765000e+00	8.887642e-03
2.767500e+00	9.306790e-03
2.770000e+00	9.251166e-03
2.772500e+00	8.769916e-03
2.775000e+00	8.204488e-03
2.777500e+00	7.857791e-03
2.780000e+00	7.875844e-03
2.782500e+00	8.303415e-03
2.785000e+00	9.112220e-03
2.787500e+00	1.013553e-02
2.790000e+00	1.097687e-02
2.792500e+00	1.115774e-02
2.795000e+00	1.058545e-02
2.797500e+00	9.671433e-03
2.800000e+00	8.887188e-03
2.802500e+00	8.482295e-03
2.805000e+00	8.530617e-03
2.807500e+00	9.011693e-03
2.810000e+00	9.790170e-03
2.812500e+00	1.052639e-02
2.815000e+00	1.073761e-02
2.817500e+00	1.020310e-02
2.820000e+00	9.215135e-03
2.822500e+00	8.229434e-03
2.825000e+00	7.516215e-03
2.827500e+00	7.161099e-03
2.830000e+00	7.175632e-03
2.832500e+00	7.558239e-03
2.835000e+00	8.290425e-03
2.837500e+00	9.268776e-03
2.840000e+00	1.019989e-02
2.842500e+00	1.064213e-02
2.845000e+00	1.038506e-02
2.847500e+00	9.715134e-03
2.850000e+00	9.099912e-03
2.852500e+00	8.838196e-03
2.855000e+00	9.036712e-03
2.857500e+00	9.672845e-03
2.860000e+00	1.056180e-02
2.862500e+00	1.127802e-02
2.865000e+00	1.131400e-02
2.867500e+00	1.056322e-02
2.870000e+00	9.436106e-03
2.872500e+00	8.399181e-03
2.875000e+00	7.687871e-03
2.877500e+00	7.363863e-03
2.880000e+00	7.428024e-03
2.882500e+00	7.865616e-03
2.885000e+00	8.618876e-03
2.887500e+00	9.496324e-03
2.890000e+00	1.011257e-02
2.892500e+00	1.010052e-02
2.895000e+00	9.507172e-03
2.897500e+00	8.742526e-03
2.900000e+00	8.175185e-03
2.902500e+00	7.979356e-03
2.905000e+00	8.210724e-03
2.907500e+00	8.872827e-03
2.910000e+00	9.892180e-03
2.912500e+00	1.100736e-02
2.915000e+00	1.171542e-02
2.917500e+00	1.158429e-02
2.920000e+00	1.073240e-02
2.922500e+00	9.689207e-03
2.925000e+00	8.887877e-03
2.927500e+00	8.508936e-03
2.930000e+00	8.572885e-03
2.932500e+00	8.992491e-03
2.935000e+00	9.528472e-03
2.937500e+00	9.788488e-03
2.940000e+00	9.492778e-03
2.942500e+00	8.775940e-03
2.945000e+00	8.012825e-03
2.947500e+00	7.478790e-03
2.950000e+00	7.285991e-03
2.952500e+00	7.467985e-03
2.955000e+00	8.036206e-03
2.957500e+00	8.967620e-03
2.960000e+00	1.011659e-02
2.962500e+00	1.110178e-02
2.965000e+00	1.141653e-02
2.967500e+00	1.090546e-02
2.970000e+00	9.962989e-03
2.972500e+00	9.098572e-03
2.975000e+00	8.599223e-03
2.977500e+00	8.559487e-03
2.980000e+00	8.983204e-03
2.982500e+00	9.791521e-03
2.985000e+00	1.073010e-02
2.987500e+00	1.131309e-02
2.990000e+00	1.110456e-02
2.992500e+00	1.018297e-02
2.995000e+00	9.034301e-03
2.997500e+00	8.065610e-03
3.000000e+00	7.445146e-03
3.002500e+00	7.204844e-03
3.005000e+00	7.338550e-03
3.007500e+00	7.829428e-03
3.010000e+00	8.611122e-03
3.012500e+00	9.474464e-03
3.015000e+00	1.003221e-02
3.017500e+00	9.972237e-03
3.020000e+00	9.413708e-03
3.022500e+00	8.775390e-03
3.025000e+00	8.394693e-03
3.027500e+00	8.425121e-03
3.030000e+00	8.910118e-03
3.032500e+00	9.811458e-03
3.035000e+00	1.093057e-02
3.037500e+00	1.180765e-02
3.040000e+00	1.190309e-02
3.042500e+00	1.112736e-02
3.045000e+00	9.946493e-03
3.047500e+00	8.871945e-03
3.050000e+00	8.159263e-03
3.052500e+00	7.874911e-03
3.055000e+00	8.011195e-03
3.057500e+00	8.514276e-03
3.060000e+00	9.223671e-03
3.062500e+00	9.796729e-03
3.065000e+00	9.839482e-03
3.067500e+00	9.288166e-03
3.070000e+00	8.481576e-03
3.072500e+00	7.792407e-03
3.075000e+00	7.412669e-03
3.077500e+00	7.404438e-03
3.080000e+00	7.785232e-03
3.082500e+00	8.549957e-03
3.085000e+00	9.616257e-03
3.087500e+00	1.070808e-02
3.090000e+00	1.133804e-02
3.092500e+00	1.116181e-02
3.095000e+00	1.038363e-02
3.097500e+00	9.524227e-03
3.100000e+00	8.966037e-03
3.102500e+00	8.861268e-03
3.105000e+00	9.219961e-03
3.107500e+00	9.927060e-03
3.110000e+00	1.066575e-02
3.112500e+00	1.094350e-02
3.115000e+00	1.046732e-02
3.117500e+00	9.469618e-03
3.120000e+00	8.417395e-03
3.122500e+00	7.615276e-03
3.125000e+00	7.166785e-03
3.127500e+00	7.085734e-03
3.130000e+00	7.367282e-03
3.132500e+00	7.993013e-03
3.135000e+00	8.872717e-03
3.137500e+00	9.743090e-03
3.140000e+00	1.018132e-02
3.142500e+00	9.941526e-03
3.145000e+00	9.250785e-03
3.147500e+00	8.550354e-03
3.150000e+00	8.139550e-03
3.152500e+00	8.139914e-03
3.155000e+00	8.586970e-03
3.157500e+00	9.462966e-03
3.160000e+00	1.062804e-02
3.162500e+00	1.169267e-02
3.165000e+00	1.207877e-02
3.167500e+00	1.151015e-02
3.170000e+00	1.033975e-02
3.172500e+00	9.134375e-03
3.175000e+00	8.235396e-03
3.177500e+00	7.750066e-03
3.180000e+00	7.682809e-03
3.182500e+00	7.999442e-03
3.185000e+00	8.600925e-03
3.187500e+00	9.240275e-03
3.190000e+00	9.530936e-03
3.192500e+00	9.238704e-03
3.195000e+00	8.548870e-03
3.197500e+00	7.843941e-03
3.200000e+00	7.384170e-03
3.202500e+00	7.272147e-03
3.205000e+00	7.538637e-03
3.207500e+00	8.187739e-03
3.210000e+00	9.166457e-03
3.212500e+00	1.026145e-02
3.215000e+00	1.103173e-02
3.217500e+00	1.105836e-02
3.220000e+00	1.040391e-02
3.222500e+00	9.549613e-03
3.225000e+00	8.924944e-03
3.227500e+00	8.727374e-03
3.230000e+00	8.995920e-03
3.232500e+00	9.653422e-03
3.235000e+00	1.044197e-02
3.237500e+00	1.089016e-02
3.240000e+00	1.060093e-02
3.242500e+00	9.674005e-03
3.245000e+00	8.567640e-03
3.247500e+00	7.647391e-03
3.250000e+00	7.057642e-03
3.252500e+00	6.822466e-03
3.255000e+00	6.935576e-03
3.257500e+00	7.386775e-03
3.260000e+00	8.130994e-03
3.262500e+00	9.002354e-03
3.265000e+00	9.649009e-03
3.267500e+00	9.713821e-03
3.270000e+00	9.215540e-03
3.272500e+00	8.536599e-03
3.275000e+00	8.041242e-03
3.277500e+00	7.910263e-03
3.280000e+00	8.205728e-03
3.282500e+00	8.932201e-03
3.285000e+00	1.000496e-02
3.287500e+00	1.113237e-02
3.290000e+00	1.177873e-02
3.292500e+00	1.152267e-02
3.295000e+00	1.053084e-02
3.297500e+00	9.354517e-03
3.300000e+00	8.414239e-03
3.302500e+00	7.874007e-03
3.305000e+00	7.755288e-03
3.307500e+00	8.013130e-03
3.310000e+00	8.514059e-03
3.312500e+00	8.971916e-03
3.315000e+00	9.028347e-03
3.317500e+00	8.573328e-03
3.320000e+00	7.867131e-03
3.322500e+00	7.243052e-03
3.325000e+00	6.886679e-03
3.327500e+00	6.861746e-03
3.330000e+00	7.186416e-03
3.332500e+00	7.856680e-03
3.335000e+00	8.800610e-03
3.337500e+00	9.777022e-03
3.340000e+00	1.035996e-02
3.342500e+00	1.024941e-02
3.345000e+00	9.628082e-03
3.347500e+00	8.958981e-03
3.350000e+00	8.586051e-03
3.352500e+00	8.651097e-03
3.355000e+00	9.163742e-03
3.357500e+00	9.998903e-03
3.360000e+00	1.080920e-02
3.362500e+00	1.107161e-02
3.365000e+00	1.050791e-02
3.367500e+00	9.398007e-03
3.370000e+00	8.235058e-03
3.372500e+00	7.322205e-03
3.375000e+00	6.751735e-03
3.377500e+00	6.524862e-03
3.380000e+00	6.625803e-03
3.382500e+00	7.033913e-03
3.385000e+00	7.683099e-03
3.387500e+00	8.380249e-03
3.390000e+00	8.789728e-03
3.392500e+00	8.670952e-03
3.395000e+00	8.157536e-03
3.397500e+00	7.604814e-03
3.400000e+00	7.279864e-03
3.402500e+00	7.301000e-03
3.405000e+00	7.710980e-03
3.407500e+00	8.514597e-03
3.410000e+00	9.632648e-03
3.412500e+00	1.078267e-02
3.415000e+00	1.144939e-02
3.417500e+00	1.124375e-02
3.420000e+00	1.035139e-02
3.422500e+00	9.315537e-03
3.425000e+00	8.542220e-03
3.427500e+00	8.182696e-03
3.430000e+00	8.223848e-03
3.432500e+00	8.521084e-03
3.435000e+00	8.775023e-03
3.437500e+00	8.648455e-03
3.440000e+00	8.074634e-03
3.442500e+00	7.313338e-03
3.445000e+00	6.652826e-03
3.447500e+00	6.236688e-03
3.450000e+00	6.104290e-03
3.452500e+00	6.260772e-03
3.455000e+00	6.701616e-03
3.457500e+00	7.386600e-03
3.460000e+00	8.168321e-03
3.462500e+00	8.753167e-03
3.465000e+00	8.881198e-03
3.467500e+00	8.626283e-03
3.470000e+00	8.332168e-03
3.472500e+00	8.301864e-03
3.475000e+00	8.687153e-03
3.477500e+00	9.522089e-03
3.480000e+00	1.069949e-02
3.482500e+00	1.185579e-02
3.485000e+00	1.238362e-02
3.487500e+00	1.189280e-02
3.490000e+00	1.065722e-02
3.492500e+00	9.277220e-03
3.495000e+00	8.154817e-03
3.497500e+00	7.422518e-03
3.500000e+00	7.080146e-03
3.502500e+00	7.080126e-03
3.505000e+00	7.324858e-03
3.507500e+00	7.617360e-03
3.510000e+00	7.687195e-03
3.512500e+00	7.402360e-03
3.515000e+00	6.911000e-03
3.517500e+00	6.459962e-03
3.520000e+00	6.203084e-03
3.522500e+00	6.198877e-03
3.525000e+00	6.472782e-03
3.527500e+00	7.057760e-03
3.530000e+00	8.008526e-03
3.532500e+00	9.391801e-03
3.535000e+00	1.123094e-02
3.537500e+00	1.336037e-02
3.540000e+00	1.522065e-02
3.542500e+00	1.595121e-02
3.545000e+00	1.514179e-02
3.547500e+00	1.333442e-02
3.550000e+00	1.138461e-02
3.552500e+00	9.774678e-03
3.555000e+00	8.578992e-03
3.557500e+00	7.670075e-03
3.560000e+00	6.910606e-03
3.562500e+00	6.266330e-03
3.565000e+00	5.772470e-03
3.567500e+00	5.456169e-03
3.570000e+00	5.320912e-03
3.572500e+00	5.364424e-03
3.575000e+00	5.593426e-03
3.577500e+00	6.030993e-03
3.580000e+00	6.720113e-03
3.582500e+00	7.722664e-03
3.585000e+00	9.103212e-03
3.587500e+00	1.087026e-02
3.590000e+00	1.284401e-02
3.592500e+00	1.453408e-02
3.595000e+00	1.537037e-02
3.597500e+00	1.530597e-02
3.600000e+00	1.483336e-02
3.602500e+00	1.426814e-02
3.605000e+00	1.343729e-02
3.607500e+00	1.212457e-02
3.610000e+00	1.051273e-02
3.612500e+00	8.976171e-03
3.615000e+00	7.737176e-03
3.617500e+00	6.837226e-03
3.620000e+00	6.239128e-03
3.622500e+00	5.895132e-03
3.625000e+00	5.772015e-03
3.627500e+00	5.857033e-03
3.630000e+00	6.158163e-03
3.632500e+00	6.701699e-03
3.635000e+00	7.522148e-03
3.637500e+00	8.628898e-03
3.640000e+00	9.930360e-03
3.642500e+00	1.115759e-02
3.645000e+00	1.198746e-02
3.647500e+00	1.241598e-02
3.650000e+00	1.283205e-02
3.652500e+00	1.360574e-02
3.655000e+00	1.473049e-02
3.657500e+00	1.569816e-02
3.660000e+00	1.573715e-02
3.662500e+00	1.455499e-02
3.665000e+00	1.267120e-02
3.667500e+00	1.078976e-02
3.670000e+00	9.283257e-03
3.672500e+00	8.230772e-03
3.675000e+00	7.594694e-03
3.677500e+00	7.316827e-03
3.680000e+00	7.336963e-03
3.682500e+00	7.564684e-03
3.685000e+00	7.844336e-03
3.687500e+00	8.009628e-03
3.690000e+00	8.047243e-03
3.692500e+00	8.129522e-03
3.695000e+00	8.458314e-03
3.697500e+00	9.170929e-03
3.700000e+00	1.034415e-02
3.702500e+00	1.196946e-02
3.705000e+00	1.382739e-02
3.707500e+00	1.534905e-02
3.710000e+00	1.585363e-02
3.712500e+00	1.525136e-02
3.715000e+00	1.418861e-02
3.717500e+00	1.335636e-02
3.720000e+00	1.303027e-02
3.722500e+00	1.305311e-02
3.725000e+00	1.295143e-02
3.727500e+00	1.228740e-02
3.730000e+00	1.110128e-02
3.732500e+00	9.800118e-03
3.735000e+00	8.717530e-03
3.737500e+00	7.977221e-03
3.740000e+00	7.586895e-03
3.742500e+00	7.528799e-03
3.745000e+00	7.798790e-03
3.747500e+00	8.412558e-03
3.750000e+00	9.384732e-03
3.752500e+00	1.066355e-02
3.755000e+00	1.201701e-02
3.757500e+00	1.300950e-02
3.760000e+00	1.333282e-02
3.762500e+00	1.320985e-02
3.765000e+00	1.318768e-02
3.767500e+00	1.366695e-02
3.770000e+00	1.471989e-02
3.772500e+00	1.602375e-02
3.775000e+00	1.684346e-02
3.777500e+00	1.647482e-02
3.780000e+00	1.498551e-02
3.782500e+00	1.310136e-02
3.785000e+00	1.145216e-02
3.787500e+00	1.029445e-02
3.790000e+00	9.657261e-03
3.792500e+00	9.487275e-03
3.795000e+00	9.680807e-03
3.797500e+00	1.004131e-02
3.800000e+00	1.028605e-02
3.802500e+00	1.024837e-02
3.805000e+00	1.006916e-02
3.807500e+00	1.004632e-02
3.810000e+00	1.040790e-02
3.812500e+00	1.127481e-02
3.815000e+00	1.268173e-02
3.817500e+00	1.450714e-02
3.820000e+00	1.630924e-02
3.822500e+00	1.734854e-02
3.825000e+00	1.718640e-02
3.827500e+00	1.623501e-02
3.830000e+00	1.529966e-02
3.832500e+00	1.488834e-02
3.835000e+00	1.504261e-02
3.837500e+00	1.538202e-02
3.840000e+00	1.527430e-02
3.842500e+00	1.436139e-02
3.845000e+00	1.292950e-02
3.847500e+00	1.151857e-02
3.850000e+00	1.046144e-02
3.852500e+00	9.858535e-03
3.855000e+00	9.714064e-03
3.857500e+00	1.002281e-02
3.860000e+00	1.079049e-02
3.862500e+00	1.199712e-02
3.865000e+00	1.349188e-02
3.867500e+00	1.487311e-02
3.870000e+00	1.562736e-02
3.872500e+00	1.565583e-02
3.875000e+00	1.545929e-02
3.877500e+00	1.563896e-02
3.880000e+00	1.649369e-02
3.882500e+00	1.792320e-02
3.885000e+00	1.934607e-02
3.887500e+00	1.983504e-02
3.890000e+00	1.888530e-02
3.892500e+00	1.698810e-02
3.895000e+00	1.502558e-02
3.897500e+00	1.354589e-02
3.900000e+00	1.271343e-02
3.902500e+00	1.249745e-02
3.905000e+00	1.275118e-02
3.907500e+00	1.318246e-02
3.910000e+00	1.341280e-02
3.912500e+00	1.328518e-02
3.915000e+00	1.304810e-02
3.917500e+00	1.309045e-02
3.920000e+00	1.367852e-02
3.922500e+00	1.493264e-02
3.925000e+00	1.682371e-02
3.927500e+00	1.903550e-02
3.930000e+00	2.082280e-02
3.932500e+00	2.137347e-02
3.935000e+00	2.067729e-02
3.937500e+00	1.958523e-02
3.940000e+00	1.892431e-02
3.942500e+00	1.897808e-02
3.945000e+00	1.945753e-02
3.947500e+00	1.963554e-02
3.950000e+00	1.888225e-02
3.952500e+00	1.732406e-02
3.955000e+00	1.562690e-02
3.957500e+00	1.432237e-02
3.960000e+00	1.362296e-02
3.962500e+00	1.357349e-02
3.965000e+00	1.418003e-02
3.967500e+00	1.543388e-02
3.970000e+00	1.722974e-02
3.972500e+00	1.919695e-02
3.975000e+00	2.066682e-02
3.977500e+00	2.117573e-02
3.980000e+00	2.106592e-02
3.982500e+00	2.115669e-02
3.985000e+00	2.201667e-02
3.987500e+00	2.365735e-02
3.990000e+00	2.542872e-02
3.992500e+00	2.617480e-02
3.995000e+00	2.516615e-02
3.997500e+00	2.292846e-02
