#omega	spectral weight
-3.000000e+00	2.458362e-05
-2.997500e+00	2.459582e-05
-2.995000e+00	2.460804e-05
-2.992500e+00	2.462026e-05
-2.990000e+00	2.463250e-05
-2.987500e+00	2.464475e-05
-2.985000e+00	2.465701e-05
-2.982500e+00	2.466928e-05
-2.980000e+00	2.468157e-05
-2.977500e+00	2.469386e-05
-2.975000e+00	2.470617e-05
-2.972500e+00	2.471849e-05
-2.970000e+00	2.473082e-05
-2.967500e+00	2.474316e-05
-2.965000e+00	2.475552e-05
-2.962500e+00	2.476789e-05
-2.960000e+00	2.478026e-05
-2.957500e+00	2.479265e-05
-2.955000e+00	2.480506e-05
-2.952500e+00	2.481747e-05
-2.950000e+00	2.482990e-05
-2.947500e+00	2.484233e-05
-2.945000e+00	2.485478e-05
-2.942500e+00	2.486725e-05
-2.940000e+00	2.487972e-05
-2.937500e+00	2.489221e-05
-2.935000e+00	2.490470e-05
-2.932500e+00	2.491721e-05
-2.930000e+00	2.492974e-05
-2.927500e+00	2.494227e-05
-2.925000e+00	2.495482e-05
-2.922500e+00	2.496738e-05
-2.920000e+00	2.497995e-05
-2.917500e+00	2.499253e-05
-2.915000e+00	2.500513e-05
-2.912500e+00	2.501773e-05
-2.910000e+00	2.503035e-05
-2.907500e+00	2.504299e-05
-2.905000e+00	2.505563e-05
-2.902500e+00	2.506829e-05
-2.900000e+00	2.508096e-05
-2.897500e+00	2.509364e-05
-2.895000e+00	2.510634e-05
-2.892500e+00	2.511904e-05
-2.890000e+00	2.513176e-05
-2.887500e+00	2.514449e-05
-2.885000e+00	2.515724e-05
-2.882500e+00	2.517000e-05
-2.880000e+00	2.518277e-05
-2.877500e+00	2.519555e-05
-2.875000e+00	2.520834e-05
-2.872500e+00	2.522115e-05
-2.870000e+00	2.523397e-05
-2.867500e+00	2.524681e-05
-2.865000e+00	2.525965e-05
-2.862500e+00	2.527251e-05
-2.860000e+00	2.528538e-05
-2.857500e+00	2.529827e-05
-2.855000e+00	2.531117e-05
-2.852500e+00	2.532408e-05
-2.850000e+00	2.533700e-05
-2.847500e+00	2.534994e-05
-2.845000e+00	2.536289e-05
-2.842500e+00	2.537585e-05
-2.840000e+00	2.538882e-05
-2.837500e+00	2.540181e-05
-2.835000e+00	2.541482e-05
-2.832500e+00	2.542783e-05
-2.830000e+00	2.544086e-05
-2.827500e+00	2.545390e-05
-2.825000e+00	2.546695e-05
-2.822500e+00	2.548002e-05
-2.820000e+00	2.549310e-05
-2.817500e+00	2.550620e-05
-2.815000e+00	2.551931e-05
-2.812500e+00	2.553243e-05
-2.810000e+00	2.554556e-05
-2.807500e+00	2.555871e-05
-2.805000e+00	2.557187e-05
-2.802500e+00	2.558505e-05
-2.800000e+00	2.559823e-05
-2.797500e+00	2.561144e-05
-2.795000e+00	2.562465e-05
-2.792500e+00	2.563788e-05
-2.790000e+00	2.565113e-05
-2.787500e+00	2.566438e-05
-2.785000e+00	2.567765e-05
-2.782500e+00	2.569094e-05
-2.780000e+00	2.570423e-05
-2.777500e+00	2.571755e-05
-2.775000e+00	2.573087e-05
-2.772500e+00	2.574421e-05
-2.770000e+00	2.575756e-05
-2.767500e+00	2.577093e-05
-2.765000e+00	2.578431e-05
-2.762500e+00	2.579771e-05
-2.760000e+00	2.581112e-05
-2.757500e+00	2.582454e-05
-2.755000e+00	2.583798e-05
-2.752500e+00	2.585143e-05
-2.750000e+00	2.586489e-05
-2.747500e+00	2.587837e-05
-2.745000e+00	2.589187e-05
-2.742500e+00	2.590538e-05
-2.740000e+00	2.591890e-05
-2.737500e+00	2.593244e-05
-2.735000e+00	2.594599e-05
-2.732500e+00	2.595955e-05
-2.730000e+00	2.597313e-05
-2.727500e+00	2.598673e-05
-2.725000e+00	2.600034e-05
-2.722500e+00	2.601396e-05
-2.720000e+00	2.602760e-05
-2.717500e+00	2.604125e-05
-2.715000e+00	2.605492e-05
-2.712500e+00	2.606860e-05
-2.710000e+00	2.608230e-05
-2.707500e+00	2.609601e-05
-2.705000e+00	2.610973e-05
-2.702500e+00	2.612347e-05
-2.700000e+00	2.613723e-05
-2.697500e+00	2.615100e-05
-2.695000e+00	2.616479e-05
-2.692500e+00	2.617859e-05
-2.690000e+00	2.619240e-05
-2.687500e+00	2.620623e-05
-2.685000e+00	2.622008e-05
-2.682500e+00	2.623394e-05
-2.680000e+00	2.624782e-05
-2.677500e+00	2.626171e-05
-2.675000e+00	2.627561e-05
-2.672500e+00	2.628953e-05
-2.670000e+00	2.630347e-05
-2.667500e+00	2.631742e-05
-2.665000e+00	2.633139e-05
-2.662500e+00	2.634537e-05
-2.660000e+00	2.635937e-05
-2.657500e+00	2.637339e-05
-2.655000e+00	2.638742e-05
-2.652500e+00	2.640146e-05
-2.650000e+00	2.641552e-05
-2.647500e+00	2.642960e-05
-2.645000e+00	2.644369e-05
-2.642500e+00	2.645780e-05
-2.640000e+00	2.647192e-05
-2.637500e+00	2.648606e-05
-2.635000e+00	2.650021e-05
-2.632500e+00	2.651438e-05
-2.630000e+00	2.652857e-05
-2.627500e+00	2.654277e-05
-2.625000e+00	2.655699e-05
-2.622500e+00	2.657123e-05
-2.620000e+00	2.658548e-05
-2.617500e+00	2.659974e-05
-2.615000e+00	2.661403e-05
-2.612500e+00	2.662833e-05
-2.610000e+00	2.664264e-05
-2.607500e+00	2.665697e-05
-2.605000e+00	2.667132e-05
-2.602500e+00	2.668569e-05
-2.600000e+00	2.670007e-05
-2.597500e+00	2.671446e-05
-2.595000e+00	2.672888e-05
-2.592500e+00	2.674331e-05
-2.590000e+00	2.675776e-05
-2.587500e+00	2.677222e-05
-2.585000e+00	2.678670e-05
-2.582500e+00	2.680120e-05
-2.580000e+00	2.681571e-05
-2.577500e+00	2.683024e-05
-2.575000e+00	2.684479e-05
-2.572500e+00	2.685935e-05
-2.570000e+00	2.687394e-05
-2.567500e+00	2.688854e-05
-2.565000e+00	2.690315e-05
-2.562500e+00	2.691778e-05
-2.560000e+00	2.693243e-05
-2.557500e+00	2.694710e-05
-2.555000e+00	2.696178e-05
-2.552500e+00	2.697649e-05
-2.550000e+00	2.699121e-05
-2.547500e+00	2.700594e-05
-2.545000e+00	2.702070e-05
-2.542500e+00	2.703547e-05
-2.540000e+00	2.705026e-05
-2.537500e+00	2.706506e-05
-2.535000e+00	2.707989e-05
-2.532500e+00	2.709473e-05
-2.530000e+00	2.710959e-05
-2.527500e+00	2.712447e-05
-2.525000e+00	2.713936e-05
-2.522500e+00	2.715427e-05
-2.520000e+00	2.716921e-05
-2.517500e+00	2.718415e-05
-2.515000e+00	2.719912e-05
-2.512500e+00	2.721411e-05
-2.510000e+00	2.722911e-05
-2.507500e+00	2.724413e-05
-2.505000e+00	2.725917e-05
-2.502500e+00	2.727423e-05
-2.500000e+00	2.728931e-05
-2.497500e+00	2.730440e-05
-2.495000e+00	2.731952e-05
-2.492500e+00	2.733465e-05
-2.490000e+00	2.734980e-05
-2.487500e+00	2.736497e-05
-2.485000e+00	2.738016e-05
-2.482500e+00	2.739536e-05
-2.480000e+00	2.741059e-05
-2.477500e+00	2.742583e-05
-2.475000e+00	2.744110e-05
-2.472500e+00	2.745638e-05
-2.470000e+00	2.747168e-05
-2.467500e+00	2.748700e-05
-2.465000e+00	2.750234e-05
-2.462500e+00	2.751770e-05
-2.460000e+00	2.753308e-05
-2.457500e+00	2.754847e-05
-2.455000e+00	2.756389e-05
-2.452500e+00	2.757933e-05
-2.450000e+00	2.759478e-05
-2.447500e+00	2.761026e-05
-2.445000e+00	2.762575e-05
-2.442500e+00	2.764127e-05
-2.440000e+00	2.765680e-05
-2.437500e+00	2.767236e-05
-2.435000e+00	2.768793e-05
-2.432500e+00	2.770353e-05
-2.430000e+00	2.771914e-05
-2.427500e+00	2.773478e-05
-2.425000e+00	2.775043e-05
-2.422500e+00	2.776610e-05
-2.420000e+00	2.778180e-05
-2.417500e+00	2.779752e-05
-2.415000e+00	2.781325e-05
-2.412500e+00	2.782901e-05
-2.410000e+00	2.784478e-05
-2.407500e+00	2.786058e-05
-2.405000e+00	2.787640e-05
-2.402500e+00	2.789224e-05
-2.400000e+00	2.790810e-05
-2.397500e+00	2.792398e-05
-2.395000e+00	2.793988e-05
-2.392500e+00	2.795580e-05
-2.390000e+00	2.797175e-05
-2.387500e+00	2.798771e-05
-2.385000e+00	2.800370e-05
-2.382500e+00	2.801970e-05
-2.380000e+00	2.803573e-05
-2.377500e+00	2.805178e-05
-2.375000e+00	2.806785e-05
-2.372500e+00	2.808395e-05
-2.370000e+00	2.810006e-05
-2.367500e+00	2.811620e-05
-2.365000e+00	2.813236e-05
-2.362500e+00	2.814854e-05
-2.360000e+00	2.816474e-05
-2.357500e+00	2.818097e-05
-2.355000e+00	2.819721e-05
-2.352500e+00	2.821348e-05
-2.350000e+00	2.822977e-05
-2.347500e+00	2.824608e-05
-2.345000e+00	2.826242e-05
-2.342500e+00	2.827878e-05
-2.340000e+00	2.829516e-05
-2.337500e+00	2.831156e-05
-2.335000e+00	2.832799e-05
-2.332500e+00	2.834444e-05
-2.330000e+00	2.836091e-05
-2.327500e+00	2.837741e-05
-2.325000e+00	2.839392e-05
-2.322500e+00	2.841046e-05
-2.320000e+00	2.842703e-05
-2.317500e+00	2.844362e-05
-2.315000e+00	2.846023e-05
-2.312500e+00	2.847686e-05
-2.310000e+00	2.849352e-05
-2.307500e+00	2.851020e-05
-2.305000e+00	2.852691e-05
-2.302500e+00	2.854364e-05
-2.300000e+00	2.856039e-05
-2.297500e+00	2.857717e-05
-2.295000e+00	2.859397e-05
-2.292500e+00	2.861080e-05
-2.290000e+00	2.862765e-05
-2.287500e+00	2.864452e-05
-2.285000e+00	2.866142e-05
-2.282500e+00	2.867835e-05
-2.280000e+00	2.869529e-05
-2.277500e+00	2.871227e-05
-2.275000e+00	2.872926e-05
-2.272500e+00	2.874629e-05
-2.270000e+00	2.876334e-05
-2.267500e+00	2.878041e-05
-2.265000e+00	2.879751e-05
-2.262500e+00	2.881463e-05
-2.260000e+00	2.883178e-05
-2.257500e+00	2.884895e-05
-2.255000e+00	2.886615e-05
-2.252500e+00	2.888338e-05
-2.250000e+00	2.890063e-05
-2.247500e+00	2.891791e-05
-2.245000e+00	2.893521e-05
-2.242500e+00	2.895254e-05
-2.240000e+00	2.896990e-05
-2.237500e+00	2.898728e-05
-2.235000e+00	2.900469e-05
-2.232500e+00	2.902213e-05
-2.230000e+00	2.903959e-05
-2.227500e+00	2.905708e-05
-2.225000e+00	2.907459e-05
-2.222500e+00	2.909214e-05
-2.220000e+00	2.910971e-05
-2.217500e+00	2.912731e-05
-2.215000e+00	2.914493e-05
-2.212500e+00	2.916258e-05
-2.210000e+00	2.918026e-05
-2.207500e+00	2.919797e-05
-2.205000e+00	2.921570e-05
-2.202500e+00	2.923347e-05
-2.200000e+00	2.925126e-05
-2.197500e+00	2.926908e-05
-2.195000e+00	2.928693e-05
-2.192500e+00	2.930480e-05
-2.190000e+00	2.932271e-05
-2.187500e+00	2.934064e-05
-2.185000e+00	2.935860e-05
-2.182500e+00	2.937659e-05
-2.180000e+00	2.939461e-05
-2.177500e+00	2.941266e-05
-2.175000e+00	2.943074e-05
-2.172500e+00	2.944885e-05
-2.170000e+00	2.946699e-05
-2.167500e+00	2.948515e-05
-2.165000e+00	2.950335e-05
-2.162500e+00	2.952158e-05
-2.160000e+00	2.953983e-05
-2.157500e+00	2.955812e-05
-2.155000e+00	2.957644e-05
-2.152500e+00	2.959478e-05
-2.150000e+00	2.961316e-05
-2.147500e+00	2.963157e-05
-2.145000e+00	2.965001e-05
-2.142500e+00	2.966848e-05
-2.140000e+00	2.968698e-05
-2.137500e+00	2.970552e-05
-2.135000e+00	2.972408e-05
-2.132500e+00	2.974268e-05
-2.130000e+00	2.976131e-05
-2.127500e+00	2.977997e-05
-2.125000e+00	2.979866e-05
-2.122500e+00	2.981738e-05
-2.120000e+00	2.983614e-05
-2.117500e+00	2.985493e-05
-2.115000e+00	2.987375e-05
-2.112500e+00	2.989261e-05
-2.110000e+00	2.991149e-05
-2.107500e+00	2.993041e-05
-2.105000e+00	2.994937e-05
-2.102500e+00	2.996835e-05
-2.100000e+00	2.998738e-05
-2.097500e+00	3.000643e-05
-2.095000e+00	3.002552e-05
-2.092500e+00	3.004464e-05
-2.090000e+00	3.006380e-05
-2.087500e+00	3.008299e-05
-2.085000e+00	3.010222e-05
-2.082500e+00	3.012148e-05
-2.080000e+00	3.014077e-05
-2.077500e+00	3.016010e-05
-2.075000e+00	3.017947e-05
-2.072500e+00	3.019887e-05
-2.070000e+00	3.021831e-05
-2.067500e+00	3.023778e-05
-2.065000e+00	3.025729e-05
-2.062500e+00	3.027684e-05
-2.060000e+00	3.029642e-05
-2.057500e+00	3.031604e-05
-2.055000e+00	3.033569e-05
-2.052500e+00	3.035538e-05
-2.050000e+00	3.037511e-05
-2.047500e+00	3.039488e-05
-2.045000e+00	3.041468e-05
-2.042500e+00	3.043452e-05
-2.040000e+00	3.045440e-05
-2.037500e+00	3.047432e-05
-2.035000e+00	3.049428e-05
-2.032500e+00	3.051427e-05
-2.030000e+00	3.053430e-05
-2.027500e+00	3.055438e-05
-2.025000e+00	3.057449e-05
-2.022500e+00	3.059464e-05
-2.020000e+00	3.061483e-05
-2.017500e+00	3.063506e-05
-2.015000e+00	3.065533e-05
-2.012500e+00	3.067564e-05
-2.010000e+00	3.069599e-05
-2.007500e+00	3.071638e-05
-2.005000e+00	3.073681e-05
-2.002500e+00	3.075729e-05
-2.000000e+00	3.077780e-05
-1.997500e+00	3.079836e-05
-1.995000e+00	3.081896e-05
-1.992500e+00	3.083960e-05
-1.990000e+00	3.086028e-05
-1.987500e+00	3.088101e-05
-1.985000e+00	3.090178e-05
-1.982500e+00	3.092259e-05
-1.980000e+00	3.094344e-05
-1.977500e+00	3.096434e-05
-1.975000e+00	3.098528e-05
-1.972500e+00	3.100627e-05
-1.970000e+00	3.102730e-05
-1.967500e+00	3.104837e-05
-1.965000e+00	3.106949e-05
-1.962500e+00	3.109066e-05
-1.960000e+00	3.111187e-05
-1.957500e+00	3.113312e-05
-1.955000e+00	3.115442e-05
-1.952500e+00	3.117577e-05
-1.950000e+00	3.119717e-05
-1.947500e+00	3.121861e-05
-1.945000e+00	3.124010e-05
-1.942500e+00	3.126163e-05
-1.940000e+00	3.128322e-05
-1.937500e+00	3.130485e-05
-1.935000e+00	3.132653e-05
-1.932500e+00	3.134825e-05
-1.930000e+00	3.137003e-05
-1.927500e+00	3.139186e-05
-1.925000e+00	3.141373e-05
-1.922500e+00	3.143566e-05
-1.920000e+00	3.145763e-05
-1.917500e+00	3.147966e-05
-1.915000e+00	3.150173e-05
-1.912500e+00	3.152386e-05
-1.910000e+00	3.154604e-05
-1.907500e+00	3.156827e-05
-1.905000e+00	3.159055e-05
-1.902500e+00	3.161288e-05
-1.900000e+00	3.163527e-05
-1.897500e+00	3.165771e-05
-1.895000e+00	3.168021e-05
-1.892500e+00	3.170275e-05
-1.890000e+00	3.172535e-05
-1.887500e+00	3.174801e-05
-1.885000e+00	3.177072e-05
-1.882500e+00	3.179349e-05
-1.880000e+00	3.181631e-05
-1.877500e+00	3.183919e-05
-1.875000e+00	3.186212e-05
-1.872500e+00	3.188511e-05
-1.870000e+00	3.190816e-05
-1.867500e+00	3.193126e-05
-1.865000e+00	3.195442e-05
-1.862500e+00	3.197765e-05
-1.860000e+00	3.200093e-05
-1.857500e+00	3.202426e-05
-1.855000e+00	3.204766e-05
-1.852500e+00	3.207112e-05
-1.850000e+00	3.209464e-05
-1.847500e+00	3.211822e-05
-1.845000e+00	3.214186e-05
-1.842500e+00	3.216556e-05
-1.840000e+00	3.218933e-05
-1.837500e+00	3.221316e-05
-1.835000e+00	3.223705e-05
-1.832500e+00	3.226100e-05
-1.830000e+00	3.228502e-05
-1.827500e+00	3.230910e-05
-1.825000e+00	3.233325e-05
-1.822500e+00	3.235746e-05
-1.820000e+00	3.238174e-05
-1.817500e+00	3.240608e-05
-1.815000e+00	3.243049e-05
-1.812500e+00	3.245497e-05
-1.810000e+00	3.247952e-05
-1.807500e+00	3.250413e-05
-1.805000e+00	3.252882e-05
-1.802500e+00	3.255357e-05
-1.800000e+00	3.257839e-05
-1.797500e+00	3.260329e-05
-1.795000e+00	3.262825e-05
-1.792500e+00	3.265329e-05
-1.790000e+00	3.267840e-05
-1.787500e+00	3.270358e-05
-1.785000e+00	3.272884e-05
-1.782500e+00	3.275416e-05
-1.780000e+00	3.277957e-05
-1.777500e+00	3.280505e-05
-1.775000e+00	3.283060e-05
-1.772500e+00	3.285623e-05
-1.770000e+00	3.288194e-05
-1.767500e+00	3.290772e-05
-1.765000e+00	3.293358e-05
-1.762500e+00	3.295953e-05
-1.760000e+00	3.298555e-05
-1.757500e+00	3.301165e-05
-1.755000e+00	3.303783e-05
-1.752500e+00	3.306409e-05
-1.750000e+00	3.309044e-05
-1.747500e+00	3.311687e-05
-1.745000e+00	3.314338e-05
-1.742500e+00	3.316998e-05
-1.740000e+00	3.319666e-05
-1.737500e+00	3.322343e-05
-1.735000e+00	3.325028e-05
-1.732500e+00	3.327722e-05
-1.730000e+00	3.330425e-05
-1.727500e+00	3.333137e-05
-1.725000e+00	3.335857e-05
-1.722500e+00	3.338587e-05
-1.720000e+00	3.341326e-05
-1.717500e+00	3.344074e-05
-1.715000e+00	3.346831e-05
-1.712500e+00	3.349598e-05
-1.710000e+00	3.352374e-05
-1.707500e+00	3.355159e-05
-1.705000e+00	3.357955e-05
-1.702500e+00	3.360760e-05
-1.700000e+00	3.363574e-05
-1.697500e+00	3.366399e-05
-1.695000e+00	3.369233e-05
-1.692500e+00	3.372078e-05
-1.690000e+00	3.374933e-05
-1.687500e+00	3.377798e-05
-1.685000e+00	3.380673e-05
-1.682500e+00	3.383559e-05
-1.680000e+00	3.386455e-05
-1.677500e+00	3.389362e-05
-1.675000e+00	3.392280e-05
-1.672500e+00	3.395208e-05
-1.670000e+00	3.398148e-05
-1.667500e+00	3.401099e-05
-1.665000e+00	3.404060e-05
-1.662500e+00	3.407033e-05
-1.660000e+00	3.410018e-05
-1.657500e+00	3.413014e-05
-1.655000e+00	3.416021e-05
-1.652500e+00	3.419041e-05
-1.650000e+00	3.422072e-05
-1.647500e+00	3.425115e-05
-1.645000e+00	3.428170e-05
-1.642500e+00	3.431237e-05
-1.640000e+00	3.434317e-05
-1.637500e+00	3.437409e-05
-1.635000e+00	3.440514e-05
-1.632500e+00	3.443632e-05
-1.630000e+00	3.446762e-05
-1.627500e+00	3.449906e-05
-1.625000e+00	3.453062e-05
-1.622500e+00	3.456232e-05
-1.620000e+00	3.459415e-05
-1.617500e+00	3.462612e-05
-1.615000e+00	3.465822e-05
-1.612500e+00	3.469047e-05
-1.610000e+00	3.472285e-05
-1.607500e+00	3.475537e-05
-1.605000e+00	3.478804e-05
-1.602500e+00	3.482085e-05
-1.600000e+00	3.485381e-05
-1.597500e+00	3.488692e-05
-1.595000e+00	3.492018e-05
-1.592500e+00	3.495358e-05
-1.590000e+00	3.498714e-05
-1.587500e+00	3.502086e-05
-1.585000e+00	3.505473e-05
-1.582500e+00	3.508876e-05
-1.580000e+00	3.512295e-05
-1.577500e+00	3.515730e-05
-1.575000e+00	3.519181e-05
-1.572500e+00	3.522649e-05
-1.570000e+00	3.526134e-05
-1.567500e+00	3.529636e-05
-1.565000e+00	3.533154e-05
-1.562500e+00	3.536691e-05
-1.560000e+00	3.540244e-05
-1.557500e+00	3.543816e-05
-1.555000e+00	3.547405e-05
-1.552500e+00	3.551013e-05
-1.550000e+00	3.554639e-05
-1.547500e+00	3.558284e-05
-1.545000e+00	3.561948e-05
-1.542500e+00	3.565631e-05
-1.540000e+00	3.569333e-05
-1.537500e+00	3.573055e-05
-1.535000e+00	3.576797e-05
-1.532500e+00	3.580558e-05
-1.530000e+00	3.584340e-05
-1.527500e+00	3.588143e-05
-1.525000e+00	3.591967e-05
-1.522500e+00	3.595811e-05
-1.520000e+00	3.599678e-05
-1.517500e+00	3.603566e-05
-1.515000e+00	3.607475e-05
-1.512500e+00	3.611408e-05
-1.510000e+00	3.615362e-05
-1.507500e+00	3.619340e-05
-1.505000e+00	3.623341e-05
-1.502500e+00	3.627365e-05
-1.500000e+00	3.631413e-05
-1.497500e+00	3.635485e-05
-1.495000e+00	3.639582e-05
-1.492500e+00	3.643704e-05
-1.490000e+00	3.647850e-05
-1.487500e+00	3.652022e-05
-1.485000e+00	3.656220e-05
-1.482500e+00	3.660445e-05
-1.480000e+00	3.664696e-05
-1.477500e+00	3.668973e-05
-1.475000e+00	3.673279e-05
-1.472500e+00	3.677611e-05
-1.470000e+00	3.681973e-05
-1.467500e+00	3.686362e-05
-1.465000e+00	3.690781e-05
-1.462500e+00	3.695229e-05
-1.460000e+00	3.699707e-05
-1.457500e+00	3.704215e-05
-1.455000e+00	3.708754e-05
-1.452500e+00	3.713324e-05
-1.450000e+00	3.717926e-05
-1.447500e+00	3.722560e-05
-1.445000e+00	3.727227e-05
-1.442500e+00	3.731927e-05
-1.440000e+00	3.736660e-05
-1.437500e+00	3.741428e-05
-1.435000e+00	3.746230e-05
-1.432500e+00	3.751068e-05
-1.430000e+00	3.755942e-05
-1.427500e+00	3.760852e-05
-1.425000e+00	3.765799e-05
-1.422500e+00	3.770784e-05
-1.420000e+00	3.775807e-05
-1.417500e+00	3.780868e-05
-1.415000e+00	3.785970e-05
-1.412500e+00	3.791111e-05
-1.410000e+00	3.796293e-05
-1.407500e+00	3.801517e-05
-1.405000e+00	3.806783e-05
-1.402500e+00	3.812092e-05
-1.400000e+00	3.817445e-05
-1.397500e+00	3.822842e-05
-1.395000e+00	3.828284e-05
-1.392500e+00	3.833772e-05
-1.390000e+00	3.839307e-05
-1.387500e+00	3.844889e-05
-1.385000e+00	3.850521e-05
-1.382500e+00	3.856201e-05
-1.380000e+00	3.861931e-05
-1.377500e+00	3.867713e-05
-1.375000e+00	3.873547e-05
-1.372500e+00	3.879434e-05
-1.370000e+00	3.885375e-05
-1.367500e+00	3.891370e-05
-1.365000e+00	3.897422e-05
-1.362500e+00	3.903531e-05
-1.360000e+00	3.909698e-05
-1.357500e+00	3.915925e-05
-1.355000e+00	3.922212e-05
-1.352500e+00	3.928560e-05
-1.350000e+00	3.934972e-05
-1.347500e+00	3.941447e-05
-1.345000e+00	3.947988e-05
-1.342500e+00	3.954596e-05
-1.340000e+00	3.961271e-05
-1.337500e+00	3.968016e-05
-1.335000e+00	3.974832e-05
-1.332500e+00	3.981720e-05
-1.330000e+00	3.988681e-05
-1.327500e+00	3.995718e-05
-1.325000e+00	4.002832e-05
-1.322500e+00	4.010024e-05
-1.320000e+00	4.017297e-05
-1.317500e+00	4.024651e-05
-1.315000e+00	4.032090e-05
-1.312500e+00	4.039613e-05
-1.310000e+00	4.047224e-05
-1.307500e+00	4.054925e-05
-1.305000e+00	4.062716e-05
-1.302500e+00	4.070602e-05
-1.300000e+00	4.078582e-05
-1.297500e+00	4.086661e-05
-1.295000e+00	4.094839e-05
-1.292500e+00	4.103120e-05
-1.290000e+00	4.111505e-05
-1.287500e+00	4.119998e-05
-1.285000e+00	4.128600e-05
-1.282500e+00	4.137315e-05
-1.280000e+00	4.146145e-05
-1.277500e+00	4.155093e-05
-1.275000e+00	4.164161e-05
-1.272500e+00	4.173354e-05
-1.270000e+00	4.182674e-05
-1.267500e+00	4.192123e-05
-1.265000e+00	4.201707e-05
-1.262500e+00	4.211427e-05
-1.260000e+00	4.221288e-05
-1.257500e+00	4.231294e-05
-1.255000e+00	4.241447e-05
-1.252500e+00	4.251752e-05
-1.250000e+00	4.262214e-05
-1.247500e+00	4.272836e-05
-1.245000e+00	4.283623e-05
-1.242500e+00	4.294580e-05
-1.240000e+00	4.305711e-05
-1.237500e+00	4.317020e-05
-1.235000e+00	4.328515e-05
-1.232500e+00	4.340199e-05
-1.230000e+00	4.352078e-05
-1.227500e+00	4.364158e-05
-1.225000e+00	4.376445e-05
-1.222500e+00	4.388945e-05
-1.220000e+00	4.401665e-05
-1.217500e+00	4.414612e-05
-1.215000e+00	4.427792e-05
-1.212500e+00	4.441213e-05
-1.210000e+00	4.454883e-05
-1.207500e+00	4.468809e-05
-1.205000e+00	4.483000e-05
-1.202500e+00	4.497465e-05
-1.200000e+00	4.512212e-05
-1.197500e+00	4.527252e-05
-1.195000e+00	4.542594e-05
-1.192500e+00	4.558249e-05
-1.190000e+00	4.574227e-05
-1.187500e+00	4.590540e-05
-1.185000e+00	4.607201e-05
-1.182500e+00	4.624221e-05
-1.180000e+00	4.641613e-05
-1.177500e+00	4.659393e-05
-1.175000e+00	4.677573e-05
-1.172500e+00	4.696170e-05
-1.170000e+00	4.715199e-05
-1.167500e+00	4.734678e-05
-1.165000e+00	4.754625e-05
-1.162500e+00	4.775057e-05
-1.160000e+00	4.795996e-05
-1.157500e+00	4.817461e-05
-1.155000e+00	4.839475e-05
-1.152500e+00	4.862062e-05
-1.150000e+00	4.885246e-05
-1.147500e+00	4.909054e-05
-1.145000e+00	4.933513e-05
-1.142500e+00	4.958653e-05
-1.140000e+00	4.984505e-05
-1.137500e+00	5.011102e-05
-1.135000e+00	5.038480e-05
-1.132500e+00	5.066677e-05
-1.130000e+00	5.095733e-05
-1.127500e+00	5.125690e-05
-1.125000e+00	5.156595e-05
-1.122500e+00	5.188497e-05
-1.120000e+00	5.221448e-05
-1.117500e+00	5.255505e-05
-1.115000e+00	5.290728e-05
-1.112500e+00	5.327183e-05
-1.110000e+00	5.364939e-05
-1.107500e+00	5.404072e-05
-1.105000e+00	5.444664e-05
-1.102500e+00	5.486802e-05
-1.100000e+00	5.530583e-05
-1.097500e+00	5.576111e-05
-1.095000e+00	5.623497e-05
-1.092500e+00	5.672865e-05
-1.090000e+00	5.724348e-05
-1.087500e+00	5.778094e-05
-1.085000e+00	5.834262e-05
-1.082500e+00	5.893029e-05
-1.080000e+00	5.954588e-05
-1.077500e+00	6.019154e-05
-1.075000e+00	6.086963e-05
-1.072500e+00	6.158277e-05
-1.070000e+00	6.233387e-05
-1.067500e+00	6.312620e-05
-1.065000e+00	6.396340e-05
-1.062500e+00	6.484954e-05
-1.060000e+00	6.578923e-05
-1.057500e+00	6.678767e-05
-1.055000e+00	6.785078e-05
-1.052500e+00	6.898530e-05
-1.050000e+00	7.019893e-05
-1.047500e+00	7.150056e-05
-1.045000e+00	7.290046e-05
-1.042500e+00	7.441056e-05
-1.040000e+00	7.604486e-05
-1.037500e+00	7.781980e-05
-1.035000e+00	7.975490e-05
-1.032500e+00	8.187347e-05
-1.030000e+00	8.420359e-05
-1.027500e+00	8.677934e-05
-1.025000e+00	8.964256e-05
-1.022500e+00	9.284506e-05
-1.020000e+00	9.645178e-05
-1.017500e+00	1.005451e-04
-1.015000e+00	1.052308e-04
-1.012500e+00	1.106467e-04
-1.010000e+00	1.169753e-04
-1.007500e+00	1.244611e-04
-1.005000e+00	1.334366e-04
-1.002500e+00	1.443588e-04
-1.000000e+00	1.578568e-04
-9.975000e-01	1.747814e-04
-9.950000e-01	1.962186e-04
-9.925000e-01	2.233447e-04
-9.900000e-01	2.569031e-04
-9.875000e-01	2.962336e-04
-9.850000e-01	3.386625e-04
-9.825000e-01	3.805471e-04
-9.800000e-01	4.191514e-04
-9.775000e-01	4.533996e-04
-9.750000e-01	4.835822e-04
-9.725000e-01	5.100154e-04
-9.700000e-01	5.329368e-04
-9.675000e-01	5.537563e-04
-9.650000e-01	5.731358e-04
-9.625000e-01	5.900224e-04
-9.600000e-01	6.043686e-04
-9.575000e-01	6.182224e-04
-9.550000e-01	6.330768e-04
-9.525000e-01	6.468751e-04
-9.500000e-01	6.567551e-04
-9.475000e-01	6.646148e-04
-9.450000e-01	6.750127e-04
-9.425000e-01	6.882771e-04
-9.400000e-01	6.996927e-04
-9.375000e-01	7.065608e-04
-9.350000e-01	7.110973e-04
-9.325000e-01	7.167105e-04
-9.300000e-01	7.257192e-04
-9.275000e-01	7.375359e-04
-9.250000e-01	7.485031e-04
-9.225000e-01	7.545094e-04
-9.200000e-01	7.546119e-04
-9.175000e-01	7.541925e-04
-9.150000e-01	7.604070e-04
-9.125000e-01	7.738967e-04
-9.100000e-01	7.878349e-04
-9.075000e-01	7.944565e-04
-9.050000e-01	7.927372e-04
-9.025000e-01	7.893096e-04
-9.000000e-01	7.907448e-04
-8.975000e-01	7.978619e-04
-8.950000e-01	8.087673e-04
-8.925000e-01	8.202884e-04
-8.900000e-01	8.281858e-04
-8.875000e-01	8.307105e-04
-8.850000e-01	8.286703e-04
-8.825000e-01	8.238116e-04
-8.800000e-01	8.204474e-04
-8.775000e-01	8.257162e-04
-8.750000e-01	8.413684e-04
-8.725000e-01	8.588663e-04
-8.700000e-01	8.676228e-04
-8.675000e-01	8.647034e-04
-8.650000e-01	8.548014e-04
-8.625000e-01	8.453203e-04
-8.600000e-01	8.439781e-04
-8.575000e-01	8.541346e-04
-8.550000e-01	8.705020e-04
-8.525000e-01	8.837028e-04
-8.500000e-01	8.892140e-04
-8.475000e-01	8.889581e-04
-8.450000e-01	8.856784e-04
-8.425000e-01	8.803002e-04
-8.400000e-01	8.742762e-04
-8.375000e-01	8.718545e-04
-8.350000e-01	8.761748e-04
-8.325000e-01	8.873751e-04
-8.300000e-01	9.034523e-04
-8.275000e-01	9.186109e-04
-8.250000e-01	9.242379e-04
-8.225000e-01	9.163186e-04
-8.200000e-01	9.001741e-04
-8.175000e-01	8.863990e-04
-8.150000e-01	8.825621e-04
-8.125000e-01	8.909181e-04
-8.100000e-01	9.092533e-04
-8.075000e-01	9.299460e-04
-8.050000e-01	9.422402e-04
-8.025000e-01	9.402779e-04
-8.000000e-01	9.291155e-04
-7.975000e-01	9.187059e-04
-7.950000e-01	9.132105e-04
-7.925000e-01	9.105250e-04
-7.900000e-01	9.095840e-04
-7.875000e-01	9.142198e-04
-7.850000e-01	9.267033e-04
-7.825000e-01	9.410936e-04
-7.800000e-01	9.511477e-04
-7.775000e-01	9.563808e-04
-7.750000e-01	9.563505e-04
-7.725000e-01	9.479122e-04
-7.700000e-01	9.313173e-04
-7.675000e-01	9.142177e-04
-7.650000e-01	9.077976e-04
-7.625000e-01	9.187049e-04
-7.600000e-01	9.416912e-04
-7.575000e-01	9.640003e-04
-7.550000e-01	9.761564e-04
-7.525000e-01	9.762817e-04
-7.500000e-01	9.663307e-04
-7.475000e-01	9.494138e-04
-7.450000e-01	9.337577e-04
-7.425000e-01	9.270929e-04
-7.400000e-01	9.298633e-04
-7.375000e-01	9.391242e-04
-7.350000e-01	9.505922e-04
-7.325000e-01	9.609881e-04
-7.300000e-01	9.698657e-04
-7.275000e-01	9.763569e-04
-7.250000e-01	9.783744e-04
-7.225000e-01	9.737086e-04
-7.200000e-01	9.636203e-04
-7.175000e-01	9.507587e-04
-7.150000e-01	9.375820e-04
-7.125000e-01	9.297852e-04
-7.100000e-01	9.331309e-04
-7.075000e-01	9.500544e-04
-7.050000e-01	9.753940e-04
-7.025000e-01	9.954342e-04
-7.000000e-01	9.996828e-04
-6.975000e-01	9.885448e-04
-6.950000e-01	9.703714e-04
-6.925000e-01	9.535494e-04
-6.900000e-01	9.407849e-04
-6.875000e-01	9.351293e-04
-6.850000e-01	9.403504e-04
-6.825000e-01	9.546161e-04
-6.800000e-01	9.723569e-04
-6.775000e-01	9.853666e-04
-6.750000e-01	9.872324e-04
-6.725000e-01	9.831810e-04
-6.700000e-01	9.809915e-04
-6.675000e-01	9.782948e-04
-6.650000e-01	9.696393e-04
-6.625000e-01	9.550991e-04
-6.600000e-01	9.414931e-04
-6.575000e-01	9.374236e-04
-6.550000e-01	9.445483e-04
-6.525000e-01	9.596491e-04
-6.500000e-01	9.784731e-04
-6.475000e-01	9.941992e-04
-6.450000e-01	1.001602e-03
-6.425000e-01	9.969120e-04
-6.400000e-01	9.782328e-04
-6.375000e-01	9.546300e-04
-6.350000e-01	9.388404e-04
-6.325000e-01	9.343994e-04
-6.300000e-01	9.399104e-04
-6.275000e-01	9.531073e-04
-6.250000e-01	9.684552e-04
-6.225000e-01	9.813820e-04
-6.200000e-01	9.883267e-04
-6.175000e-01	9.857483e-04
-6.150000e-01	9.774955e-04
-6.125000e-01	9.698631e-04
-6.100000e-01	9.631004e-04
-6.075000e-01	9.547526e-04
-6.050000e-01	9.431636e-04
-6.025000e-01	9.330628e-04
-6.000000e-01	9.342881e-04
-5.975000e-01	9.484363e-04
-5.950000e-01	9.671701e-04
-5.925000e-01	9.827744e-04
-5.900000e-01	9.896585e-04
-5.875000e-01	9.849282e-04
-5.850000e-01	9.723840e-04
-5.825000e-01	9.549784e-04
-5.800000e-01	9.350756e-04
-5.775000e-01	9.223269e-04
-5.750000e-01	9.243865e-04
-5.725000e-01	9.371198e-04
-5.700000e-01	9.522608e-04
-5.675000e-01	9.644138e-04
-5.650000e-01	9.691119e-04
-5.625000e-01	9.676459e-04
-5.600000e-01	9.651173e-04
-5.575000e-01	9.597914e-04
-5.550000e-01	9.493186e-04
-5.525000e-01	9.377120e-04
-5.500000e-01	9.269691e-04
-5.475000e-01	9.180790e-04
-5.450000e-01	9.168376e-04
-5.425000e-01	9.259253e-04
-5.400000e-01	9.415600e-04
-5.375000e-01	9.584749e-04
-5.350000e-01	9.678293e-04
-5.325000e-01	9.624151e-04
-5.300000e-01	9.476014e-04
-5.275000e-01	9.316899e-04
-5.250000e-01	9.167957e-04
-5.225000e-01	9.064857e-04
-5.200000e-01	9.049395e-04
-5.175000e-01	9.108887e-04
-5.150000e-01	9.217080e-04
-5.125000e-01	9.330547e-04
-5.100000e-01	9.378138e-04
-5.075000e-01	9.368291e-04
-5.050000e-01	9.366138e-04
-5.025000e-01	9.343832e-04
-5.000000e-01	9.234767e-04
-4.975000e-01	9.072773e-04
-4.950000e-01	8.929493e-04
-4.925000e-01	8.847500e-04
-4.900000e-01	8.872562e-04
-4.875000e-01	8.999827e-04
-4.850000e-01	9.143359e-04
-4.825000e-01	9.239256e-04
-4.800000e-01	9.265143e-04
-4.775000e-01	9.187632e-04
-4.750000e-01	9.041073e-04
-4.725000e-01	8.921315e-04
-4.700000e-01	8.841779e-04
-4.675000e-01	8.760191e-04
-4.650000e-01	8.707808e-04
-4.625000e-01	8.733495e-04
-4.600000e-01	8.806979e-04
-4.575000e-01	8.888466e-04
-4.550000e-01	8.967928e-04
-4.525000e-01	8.998599e-04
-4.500000e-01	8.944498e-04
-4.475000e-01	8.831009e-04
-4.450000e-01	8.676918e-04
-4.425000e-01	8.521087e-04
-4.400000e-01	8.449777e-04
-4.375000e-01	8.483433e-04
-4.350000e-01	8.550617e-04
-4.325000e-01	8.611008e-04
-4.300000e-01	8.670794e-04
-4.275000e-01	8.693628e-04
-4.250000e-01	8.655254e-04
-4.225000e-01	8.592002e-04
-4.200000e-01	8.500175e-04
-4.175000e-01	8.353542e-04
-4.150000e-01	8.216224e-04
-4.125000e-01	8.171299e-04
-4.100000e-01	8.210151e-04
-4.075000e-01	8.285716e-04
-4.050000e-01	8.363688e-04
-4.025000e-01	8.388941e-04
-4.000000e-01	8.342790e-04
-3.975000e-01	8.275321e-04
-3.950000e-01	8.193801e-04
-3.925000e-01	8.068230e-04
-3.900000e-01	7.941260e-04
-3.875000e-01	7.876322e-04
-3.850000e-01	7.873168e-04
-3.825000e-01	7.917953e-04
-3.800000e-01	7.991280e-04
-3.775000e-01	8.022985e-04
-3.750000e-01	7.976997e-04
-3.725000e-01	7.902989e-04
-3.700000e-01	7.818807e-04
-3.675000e-01	7.695641e-04
-3.650000e-01	7.569821e-04
-3.625000e-01	7.506807e-04
-3.600000e-01	7.502670e-04
-3.575000e-01	7.527785e-04
-3.550000e-01	7.568985e-04
-3.525000e-01	7.581188e-04
-3.500000e-01	7.529752e-04
-3.475000e-01	7.447955e-04
-3.450000e-01	7.351991e-04
-3.425000e-01	7.224134e-04
-3.400000e-01	7.105574e-04
-3.375000e-01	7.055924e-04
-3.350000e-01	7.055926e-04
-3.325000e-01	7.058184e-04
-3.300000e-01	7.060249e-04
-3.275000e-01	7.046414e-04
-3.250000e-01	6.976351e-04
-3.225000e-01	6.865777e-04
-3.200000e-01	6.751216e-04
-3.175000e-01	6.632334e-04
-3.150000e-01	6.530134e-04
-3.125000e-01	6.483682e-04
-3.100000e-01	6.471481e-04
-3.075000e-01	6.444912e-04
-3.050000e-01	6.402125e-04
-3.025000e-01	6.341041e-04
-3.000000e-01	6.234185e-04
-2.975000e-01	6.098015e-04
-2.950000e-01	5.972197e-04
-2.925000e-01	5.859706e-04
-2.900000e-01	5.766300e-04
-2.875000e-01	5.711235e-04
-2.850000e-01	5.673933e-04
-2.825000e-01	5.624455e-04
-2.800000e-01	5.580488e-04
-2.775000e-01	5.559855e-04
-2.750000e-01	5.549374e-04
-2.725000e-01	5.557691e-04
-2.700000e-01	5.608633e-04
-2.675000e-01	5.691972e-04
-2.650000e-01	5.797143e-04
-2.625000e-01	5.938756e-04
-2.600000e-01	6.097943e-04
-2.575000e-01	6.225568e-04
-2.550000e-01	6.313907e-04
-2.525000e-01	6.374370e-04
-2.500000e-01	6.403321e-04
-2.475000e-01	6.424903e-04
-2.450000e-01	6.471053e-04
-2.425000e-01	6.549886e-04
-2.400000e-01	6.681198e-04
-2.375000e-01	6.858334e-04
-2.350000e-01	6.984604e-04
-2.325000e-01	6.971955e-04
-2.300000e-01	6.870898e-04
-2.275000e-01	6.800621e-04
-2.250000e-01	6.841613e-04
-2.225000e-01	7.008203e-04
-2.200000e-01	7.216434e-04
-2.175000e-01	7.327785e-04
-2.150000e-01	7.292255e-04
-2.125000e-01	7.175889e-04
-2.100000e-01	7.081837e-04
-2.075000e-01	7.101708e-04
-2.050000e-01	7.244139e-04
-2.025000e-01	7.409492e-04
-2.000000e-01	7.493284e-04
-1.975000e-01	7.471071e-04
-1.950000e-01	7.374170e-04
-1.925000e-01	7.286635e-04
-1.900000e-01	7.297120e-04
-1.875000e-01	7.399504e-04
-1.850000e-01	7.513631e-04
-1.825000e-01	7.575844e-04
-1.800000e-01	7.552800e-04
-1.775000e-01	7.465627e-04
-1.750000e-01	7.401777e-04
-1.725000e-01	7.414547e-04
-1.700000e-01	7.484618e-04
-1.675000e-01	7.565592e-04
-1.650000e-01	7.594598e-04
-1.625000e-01	7.546696e-04
-1.600000e-01	7.475450e-04
-1.575000e-01	7.436961e-04
-1.550000e-01	7.455036e-04
-1.525000e-01	7.515722e-04
-1.500000e-01	7.554601e-04
-1.475000e-01	7.532454e-04
-1.450000e-01	7.473487e-04
-1.425000e-01	7.418345e-04
-1.400000e-01	7.408798e-04
-1.375000e-01	7.444221e-04
-1.350000e-01	7.469321e-04
-1.325000e-01	7.450715e-04
-1.300000e-01	7.396083e-04
-1.275000e-01	7.339775e-04
-1.250000e-01	7.324490e-04
-1.225000e-01	7.340594e-04
-1.200000e-01	7.344089e-04
-1.175000e-01	7.312469e-04
-1.150000e-01	7.252709e-04
-1.125000e-01	7.205211e-04
-1.100000e-01	7.193000e-04
-1.075000e-01	7.190235e-04
-1.050000e-01	7.166806e-04
-1.025000e-01	7.112997e-04
-1.000000e-01	7.054930e-04
-9.750000e-02	7.023042e-04
-9.500000e-02	7.005081e-04
-9.250000e-02	6.974125e-04
-9.000000e-02	6.918438e-04
-8.750000e-02	6.857291e-04
-8.500000e-02	6.815435e-04
-8.250000e-02	6.782188e-04
-8.000000e-02	6.735280e-04
-7.750000e-02	6.670636e-04
-7.500000e-02	6.608234e-04
-7.250000e-02	6.558891e-04
-7.000000e-02	6.507240e-04
-6.750000e-02	6.440300e-04
-6.500000e-02	6.367718e-04
-6.250000e-02	6.302781e-04
-6.000000e-02	6.238092e-04
-5.750000e-02	6.162188e-04
-5.500000e-02	6.080101e-04
-5.250000e-02	6.001497e-04
-5.000000e-02	5.920037e-04
-4.750000e-02	5.829320e-04
-4.500000e-02	5.734759e-04
-4.250000e-02	5.639258e-04
-4.000000e-02	5.536712e-04
-3.750000e-02	5.427035e-04
-3.500000e-02	5.313340e-04
-3.250000e-02	5.192559e-04
-3.000000e-02	5.063246e-04
-2.750000e-02	4.926395e-04
-2.500000e-02	4.779741e-04
-2.250000e-02	4.621955e-04
-2.000000e-02	4.451878e-04
-1.750000e-02	4.267064e-04
-1.500000e-02	4.065340e-04
-1.250000e-02	3.843874e-04
-1.000000e-02	3.599864e-04
-7.500000e-03	3.331344e-04
-5.000000e-03	3.039356e-04
-2.500000e-03	2.731622e-04
-6.394885e-14	2.425387e-04
2.500000e-03	2.143419e-04
5.000000e-03	1.902691e-04
7.500000e-03	1.707449e-04
1.000000e-02	1.552559e-04
1.250000e-02	1.429826e-04
1.500000e-02	1.331611e-04
1.750000e-02	1.251894e-04
2.000000e-02	1.186207e-04
2.250000e-02	1.131294e-04
2.500000e-02	1.084779e-04
2.750000e-02	1.044911e-04
3.000000e-02	1.010381e-04
3.250000e-02	9.801937e-05
3.500000e-02	9.535867e-05
3.750000e-02	9.299632e-05
4.000000e-02	9.088517e-05
4.250000e-02	8.898750e-05
4.500000e-02	8.727278e-05
4.750000e-02	8.571604e-05
5.000000e-02	8.429668e-05
5.250000e-02	8.299757e-05
5.500000e-02	8.180431e-05
5.750000e-02	8.070473e-05
6.000000e-02	7.968848e-05
6.250000e-02	7.874669e-05
6.500000e-02	7.787172e-05
6.750000e-02	7.705695e-05
7.000000e-02	7.629662e-05
7.250000e-02	7.558567e-05
7.500000e-02	7.491968e-05
7.750000e-02	7.429474e-05
8.000000e-02	7.370739e-05
8.250000e-02	7.315453e-05
8.500000e-02	7.263343e-05
8.750000e-02	7.214163e-05
9.000000e-02	7.167691e-05
9.250000e-02	7.123728e-05
9.500000e-02	7.082095e-05
9.750000e-02	7.042630e-05
1.000000e-01	7.005183e-05
1.025000e-01	6.969622e-05
1.050000e-01	6.935824e-05
1.075000e-01	6.903677e-05
1.100000e-01	6.873078e-05
1.125000e-01	6.843933e-05
1.150000e-01	6.816155e-05
1.175000e-01	6.789666e-05
1.200000e-01	6.764392e-05
1.225000e-01	6.740265e-05
1.250000e-01	6.717221e-05
1.275000e-01	6.695204e-05
1.300000e-01	6.674158e-05
1.325000e-01	6.654034e-05
1.350000e-01	6.634785e-05
1.375000e-01	6.616367e-05
1.400000e-01	6.598739e-05
1.425000e-01	6.581865e-05
1.450000e-01	6.565707e-05
1.475000e-01	6.550234e-05
1.500000e-01	6.535413e-05
1.525000e-01	6.521215e-05
1.550000e-01	6.507614e-05
1.575000e-01	6.494582e-05
1.600000e-01	6.482096e-05
1.625000e-01	6.470133e-05
1.650000e-01	6.458671e-05
1.675000e-01	6.447691e-05
1.700000e-01	6.437171e-05
1.725000e-01	6.427095e-05
1.750000e-01	6.417445e-05
1.775000e-01	6.408205e-05
1.800000e-01	6.399359e-05
1.825000e-01	6.390893e-05
1.850000e-01	6.382793e-05
1.875000e-01	6.375045e-05
1.900000e-01	6.367638e-05
1.925000e-01	6.360558e-05
1.950000e-01	6.353795e-05
1.975000e-01	6.347339e-05
2.000000e-01	6.341178e-05
2.025000e-01	6.335303e-05
2.050000e-01	6.329704e-05
2.075000e-01	6.324373e-05
2.100000e-01	6.319301e-05
2.125000e-01	6.314480e-05
2.150000e-01	6.309903e-05
2.175000e-01	6.305561e-05
2.200000e-01	6.301448e-05
2.225000e-01	6.297556e-05
2.250000e-01	6.293881e-05
2.275000e-01	6.290414e-05
2.300000e-01	6.287150e-05
2.325000e-01	6.284084e-05
2.350000e-01	6.281210e-05
2.375000e-01	6.278522e-05
2.400000e-01	6.276016e-05
2.425000e-01	6.273687e-05
2.450000e-01	6.271530e-05
2.475000e-01	6.269541e-05
2.500000e-01	6.267714e-05
2.525000e-01	6.266047e-05
2.550000e-01	6.264535e-05
2.575000e-01	6.263175e-05
2.600000e-01	6.261962e-05
2.625000e-01	6.260893e-05
2.650000e-01	6.259964e-05
2.675000e-01	6.259173e-05
2.700000e-01	6.258516e-05
2.725000e-01	6.257990e-05
2.750000e-01	6.257592e-05
2.775000e-01	6.257320e-05
2.800000e-01	6.257169e-05
2.825000e-01	6.257139e-05
2.850000e-01	6.257226e-05
2.875000e-01	6.257428e-05
2.900000e-01	6.257742e-05
2.925000e-01	6.258166e-05
2.950000e-01	6.258697e-05
2.975000e-01	6.259335e-05
3.000000e-01	6.260076e-05
3.025000e-01	6.260918e-05
3.050000e-01	6.261860e-05
3.075000e-01	6.262900e-05
3.100000e-01	6.264036e-05
3.125000e-01	6.265265e-05
3.150000e-01	6.266587e-05
3.175000e-01	6.268000e-05
3.200000e-01	6.269502e-05
3.225000e-01	6.271091e-05
3.250000e-01	6.272766e-05
3.275000e-01	6.274526e-05
3.300000e-01	6.276369e-05
3.325000e-01	6.278293e-05
3.350000e-01	6.280298e-05
3.375000e-01	6.282383e-05
3.400000e-01	6.284544e-05
3.425000e-01	6.286783e-05
3.450000e-01	6.289097e-05
3.475000e-01	6.291485e-05
3.500000e-01	6.293947e-05
3.525000e-01	6.296480e-05
3.550000e-01	6.299085e-05
3.575000e-01	6.301760e-05
3.600000e-01	6.304503e-05
3.625000e-01	6.307315e-05
3.650000e-01	6.310194e-05
3.675000e-01	6.313140e-05
3.700000e-01	6.316150e-05
3.725000e-01	6.319226e-05
3.750000e-01	6.322365e-05
3.775000e-01	6.325566e-05
3.800000e-01	6.328830e-05
3.825000e-01	6.332156e-05
3.850000e-01	6.335542e-05
3.875000e-01	6.338988e-05
3.900000e-01	6.342493e-05
3.925000e-01	6.346057e-05
3.950000e-01	6.349678e-05
3.975000e-01	6.353357e-05
4.000000e-01	6.357093e-05
4.025000e-01	6.360884e-05
4.050000e-01	6.364731e-05
4.075000e-01	6.368633e-05
4.100000e-01	6.372589e-05
4.125000e-01	6.376599e-05
4.150000e-01	6.380663e-05
4.175000e-01	6.384779e-05
4.200000e-01	6.388947e-05
4.225000e-01	6.393167e-05
4.250000e-01	6.397439e-05
4.275000e-01	6.401761e-05
4.300000e-01	6.406134e-05
4.325000e-01	6.410557e-05
4.350000e-01	6.415029e-05
4.375000e-01	6.419551e-05
4.400000e-01	6.424122e-05
4.425000e-01	6.428741e-05
4.450000e-01	6.433408e-05
4.475000e-01	6.438122e-05
4.500000e-01	6.442884e-05
4.525000e-01	6.447693e-05
4.550000e-01	6.452549e-05
4.575000e-01	6.457452e-05
4.600000e-01	6.462400e-05
4.625000e-01	6.467394e-05
4.650000e-01	6.472434e-05
4.675000e-01	6.477518e-05
4.700000e-01	6.482648e-05
4.725000e-01	6.487823e-05
4.750000e-01	6.493041e-05
4.775000e-01	6.498304e-05
4.800000e-01	6.503611e-05
4.825000e-01	6.508962e-05
4.850000e-01	6.514356e-05
4.875000e-01	6.519794e-05
4.900000e-01	6.525275e-05
4.925000e-01	6.530798e-05
4.950000e-01	6.536364e-05
4.975000e-01	6.541973e-05
5.000000e-01	6.547624e-05
5.025000e-01	6.553317e-05
5.050000e-01	6.559052e-05
5.075000e-01	6.564829e-05
5.100000e-01	6.570647e-05
5.125000e-01	6.576507e-05
5.150000e-01	6.582409e-05
5.175000e-01	6.588351e-05
5.200000e-01	6.594335e-05
5.225000e-01	6.600360e-05
5.250000e-01	6.606425e-05
5.275000e-01	6.612532e-05
5.300000e-01	6.618679e-05
5.325000e-01	6.624866e-05
5.350000e-01	6.631094e-05
5.375000e-01	6.637362e-05
5.400000e-01	6.643671e-05
5.425000e-01	6.650019e-05
5.450000e-01	6.656408e-05
5.475000e-01	6.662837e-05
5.500000e-01	6.669306e-05
5.525000e-01	6.675814e-05
5.550000e-01	6.682362e-05
5.575000e-01	6.688950e-05
5.600000e-01	6.695578e-05
5.625000e-01	6.702246e-05
5.650000e-01	6.708953e-05
5.675000e-01	6.715699e-05
5.700000e-01	6.722486e-05
5.725000e-01	6.729311e-05
5.750000e-01	6.736177e-05
5.775000e-01	6.743081e-05
5.800000e-01	6.750025e-05
5.825000e-01	6.757009e-05
5.850000e-01	6.764032e-05
5.875000e-01	6.771094e-05
5.900000e-01	6.778196e-05
5.925000e-01	6.785337e-05
5.950000e-01	6.792517e-05
5.975000e-01	6.799737e-05
6.000000e-01	6.806997e-05
6.025000e-01	6.814296e-05
6.050000e-01	6.821634e-05
6.075000e-01	6.829012e-05
6.100000e-01	6.836429e-05
6.125000e-01	6.843886e-05
6.150000e-01	6.851382e-05
6.175000e-01	6.858918e-05
6.200000e-01	6.866494e-05
6.225000e-01	6.874109e-05
6.250000e-01	6.881764e-05
6.275000e-01	6.889459e-05
6.300000e-01	6.897193e-05
6.325000e-01	6.904968e-05
6.350000e-01	6.912782e-05
6.375000e-01	6.920637e-05
6.400000e-01	6.928531e-05
6.425000e-01	6.936466e-05
6.450000e-01	6.944440e-05
6.475000e-01	6.952456e-05
6.500000e-01	6.960511e-05
6.525000e-01	6.968607e-05
6.550000e-01	6.976743e-05
6.575000e-01	6.984920e-05
6.600000e-01	6.993138e-05
6.625000e-01	7.001396e-05
6.650000e-01	7.009695e-05
6.675000e-01	7.018036e-05
6.700000e-01	7.026417e-05
6.725000e-01	7.034839e-05
6.750000e-01	7.043303e-05
6.775000e-01	7.051808e-05
6.800000e-01	7.060355e-05
6.825000e-01	7.068943e-05
6.850000e-01	7.077573e-05
6.875000e-01	7.086245e-05
6.900000e-01	7.094959e-05
6.925000e-01	7.103715e-05
6.950000e-01	7.112513e-05
6.975000e-01	7.121353e-05
7.000000e-01	7.130236e-05
7.025000e-01	7.139162e-05
7.050000e-01	7.148130e-05
7.075000e-01	7.157142e-05
7.100000e-01	7.166196e-05
7.125000e-01	7.175294e-05
7.150000e-01	7.184435e-05
7.175000e-01	7.193619e-05
7.200000e-01	7.202847e-05
7.225000e-01	7.212119e-05
7.250000e-01	7.221435e-05
7.275000e-01	7.230796e-05
7.300000e-01	7.240200e-05
7.325000e-01	7.249649e-05
7.350000e-01	7.259143e-05
7.375000e-01	7.268681e-05
7.400000e-01	7.278265e-05
7.425000e-01	7.287894e-05
7.450000e-01	7.297568e-05
7.475000e-01	7.307288e-05
7.500000e-01	7.317054e-05
7.525000e-01	7.326865e-05
7.550000e-01	7.336723e-05
7.575000e-01	7.346627e-05
7.600000e-01	7.356578e-05
7.625000e-01	7.366576e-05
7.650000e-01	7.376621e-05
7.675000e-01	7.386713e-05
7.700000e-01	7.396852e-05
7.725000e-01	7.407039e-05
7.750000e-01	7.417274e-05
7.775000e-01	7.427557e-05
7.800000e-01	7.437888e-05
7.825000e-01	7.448268e-05
7.850000e-01	7.458697e-05
7.875000e-01	7.469175e-05
7.900000e-01	7.479702e-05
7.925000e-01	7.490279e-05
7.950000e-01	7.500905e-05
7.975000e-01	7.511581e-05
8.000000e-01	7.522308e-05
8.025000e-01	7.533086e-05
8.050000e-01	7.543914e-05
8.075000e-01	7.554793e-05
8.100000e-01	7.565723e-05
8.125000e-01	7.576706e-05
8.150000e-01	7.587740e-05
8.175000e-01	7.598826e-05
8.200000e-01	7.609964e-05
8.225000e-01	7.621156e-05
8.250000e-01	7.632400e-05
8.275000e-01	7.643698e-05
8.300000e-01	7.655049e-05
8.325000e-01	7.666454e-05
8.350000e-01	7.677914e-05
8.375000e-01	7.689428e-05
8.400000e-01	7.700997e-05
8.425000e-01	7.712621e-05
8.450000e-01	7.724300e-05
8.475000e-01	7.736035e-05
8.500000e-01	7.747826e-05
8.525000e-01	7.759674e-05
8.550000e-01	7.771578e-05
8.575000e-01	7.783540e-05
8.600000e-01	7.795559e-05
8.625000e-01	7.807635e-05
8.650000e-01	7.819770e-05
8.675000e-01	7.831964e-05
8.700000e-01	7.844216e-05
8.725000e-01	7.856527e-05
8.750000e-01	7.868898e-05
8.775000e-01	7.881329e-05
8.800000e-01	7.893820e-05
8.825000e-01	7.906372e-05
8.850000e-01	7.918984e-05
8.875000e-01	7.931659e-05
8.900000e-01	7.944395e-05
8.925000e-01	7.957193e-05
8.950000e-01	7.970054e-05
8.975000e-01	7.982978e-05
9.000000e-01	7.995965e-05
9.025000e-01	8.009016e-05
9.050000e-01	8.022132e-05
9.075000e-01	8.035312e-05
9.100000e-01	8.048557e-05
9.125000e-01	8.061868e-05
9.150000e-01	8.075245e-05
9.175000e-01	8.088688e-05
9.200000e-01	8.102198e-05
9.225000e-01	8.115775e-05
9.250000e-01	8.129420e-05
9.275000e-01	8.143133e-05
9.300000e-01	8.156915e-05
9.325000e-01	8.170766e-05
9.350000e-01	8.184687e-05
9.375000e-01	8.198678e-05
9.400000e-01	8.212739e-05
9.425000e-01	8.226872e-05
9.450000e-01	8.241076e-05
9.475000e-01	8.255352e-05
9.500000e-01	8.269701e-05
9.525000e-01	8.284123e-05
9.550000e-01	8.298618e-05
9.575000e-01	8.313188e-05
9.600000e-01	8.327832e-05
9.625000e-01	8.342552e-05
9.650000e-01	8.357347e-05
9.675000e-01	8.372219e-05
9.700000e-01	8.387168e-05
9.725000e-01	8.402194e-05
9.750000e-01	8.417298e-05
9.775000e-01	8.432480e-05
9.800000e-01	8.447742e-05
9.825000e-01	8.463083e-05
9.850000e-01	8.478505e-05
9.875000e-01	8.494008e-05
9.900000e-01	8.509592e-05
9.925000e-01	8.525259e-05
9.950000e-01	8.541008e-05
9.975000e-01	8.556840e-05
1.000000e+00	8.572757e-05
1.002500e+00	8.588759e-05
1.005000e+00	8.604845e-05
1.007500e+00	8.621018e-05
1.010000e+00	8.637277e-05
1.012500e+00	8.653624e-05
1.015000e+00	8.670059e-05
1.017500e+00	8.686582e-05
1.020000e+00	8.703195e-05
1.022500e+00	8.719898e-05
1.025000e+00	8.736692e-05
1.027500e+00	8.753577e-05
1.030000e+00	8.770555e-05
1.032500e+00	8.787625e-05
1.035000e+00	8.804790e-05
1.037500e+00	8.822048e-05
1.040000e+00	8.839402e-05
1.042500e+00	8.856853e-05
1.045000e+00	8.874399e-05
1.047500e+00	8.892044e-05
1.050000e+00	8.909787e-05
1.052500e+00	8.927629e-05
1.055000e+00	8.945571e-05
1.057500e+00	8.963614e-05
1.060000e+00	8.981759e-05
1.062500e+00	9.000006e-05
1.065000e+00	9.018357e-05
1.067500e+00	9.036811e-05
1.070000e+00	9.055371e-05
1.072500e+00	9.074037e-05
1.075000e+00	9.092810e-05
1.077500e+00	9.111691e-05
1.080000e+00	9.130681e-05
1.082500e+00	9.149780e-05
1.085000e+00	9.168990e-05
1.087500e+00	9.188311e-05
1.090000e+00	9.207745e-05
1.092500e+00	9.227292e-05
1.095000e+00	9.246954e-05
1.097500e+00	9.266731e-05
1.100000e+00	9.286625e-05
1.102500e+00	9.306637e-05
1.105000e+00	9.326767e-05
1.107500e+00	9.347016e-05
1.110000e+00	9.367386e-05
1.112500e+00	9.387878e-05
1.115000e+00	9.408493e-05
1.117500e+00	9.429232e-05
1.120000e+00	9.450096e-05
1.122500e+00	9.471086e-05
1.125000e+00	9.492203e-05
1.127500e+00	9.513449e-05
1.130000e+00	9.534824e-05
1.132500e+00	9.556331e-05
1.135000e+00	9.577969e-05
1.137500e+00	9.599741e-05
1.140000e+00	9.621647e-05
1.142500e+00	9.643688e-05
1.145000e+00	9.665867e-05
1.147500e+00	9.688184e-05
1.150000e+00	9.710641e-05
1.152500e+00	9.733238e-05
1.155000e+00	9.755978e-05
1.157500e+00	9.778861e-05
1.160000e+00	9.801889e-05
1.162500e+00	9.825063e-05
1.165000e+00	9.848385e-05
1.167500e+00	9.871856e-05
1.170000e+00	9.895478e-05
1.172500e+00	9.919251e-05
1.175000e+00	9.943178e-05
1.177500e+00	9.967260e-05
1.180000e+00	9.991499e-05
1.182500e+00	1.001590e-04
1.185000e+00	1.004045e-04
1.187500e+00	1.006517e-04
1.190000e+00	1.009005e-04
1.192500e+00	1.011509e-04
1.195000e+00	1.014030e-04
1.197500e+00	1.016568e-04
1.200000e+00	1.019123e-04
1.202500e+00	1.021694e-04
1.205000e+00	1.024283e-04
1.207500e+00	1.026890e-04
1.210000e+00	1.029514e-04
1.212500e+00	1.032156e-04
1.215000e+00	1.034816e-04
1.217500e+00	1.037494e-04
1.220000e+00	1.040190e-04
1.222500e+00	1.042905e-04
1.225000e+00	1.045639e-04
1.227500e+00	1.048391e-04
1.230000e+00	1.051163e-04
1.232500e+00	1.053954e-04
1.235000e+00	1.056764e-04
1.237500e+00	1.059595e-04
1.240000e+00	1.062445e-04
1.242500e+00	1.065315e-04
1.245000e+00	1.068206e-04
1.247500e+00	1.071117e-04
1.250000e+00	1.074049e-04
1.252500e+00	1.077003e-04
1.255000e+00	1.079977e-04
1.257500e+00	1.082973e-04
1.260000e+00	1.085990e-04
1.262500e+00	1.089030e-04
1.265000e+00	1.092092e-04
1.267500e+00	1.095176e-04
1.270000e+00	1.098283e-04
1.272500e+00	1.101413e-04
1.275000e+00	1.104566e-04
1.277500e+00	1.107742e-04
1.280000e+00	1.110942e-04
1.282500e+00	1.114166e-04
1.285000e+00	1.117414e-04
1.287500e+00	1.120687e-04
1.290000e+00	1.123985e-04
1.292500e+00	1.127308e-04
1.295000e+00	1.130656e-04
1.297500e+00	1.134030e-04
1.300000e+00	1.137429e-04
1.302500e+00	1.140855e-04
1.305000e+00	1.144308e-04
1.307500e+00	1.147787e-04
1.310000e+00	1.151294e-04
1.312500e+00	1.154828e-04
1.315000e+00	1.158389e-04
1.317500e+00	1.161979e-04
1.320000e+00	1.165598e-04
1.322500e+00	1.169245e-04
1.325000e+00	1.172921e-04
1.327500e+00	1.176627e-04
1.330000e+00	1.180363e-04
1.332500e+00	1.184129e-04
1.335000e+00	1.187926e-04
1.337500e+00	1.191753e-04
1.340000e+00	1.195612e-04
1.342500e+00	1.199502e-04
1.345000e+00	1.203425e-04
1.347500e+00	1.207380e-04
1.350000e+00	1.211368e-04
1.352500e+00	1.215390e-04
1.355000e+00	1.219445e-04
1.357500e+00	1.223534e-04
1.360000e+00	1.227658e-04
1.362500e+00	1.231817e-04
1.365000e+00	1.236011e-04
1.367500e+00	1.240241e-04
1.370000e+00	1.244507e-04
1.372500e+00	1.248811e-04
1.375000e+00	1.253151e-04
1.377500e+00	1.257530e-04
1.380000e+00	1.261947e-04
1.382500e+00	1.266402e-04
1.385000e+00	1.270897e-04
1.387500e+00	1.275431e-04
1.390000e+00	1.280006e-04
1.392500e+00	1.284622e-04
1.395000e+00	1.289279e-04
1.397500e+00	1.293978e-04
1.400000e+00	1.298719e-04
1.402500e+00	1.303504e-04
1.405000e+00	1.308332e-04
1.407500e+00	1.313205e-04
1.410000e+00	1.318122e-04
1.412500e+00	1.323085e-04
1.415000e+00	1.328093e-04
1.417500e+00	1.333149e-04
1.420000e+00	1.338252e-04
1.422500e+00	1.343403e-04
1.425000e+00	1.348602e-04
1.427500e+00	1.353851e-04
1.430000e+00	1.359150e-04
1.432500e+00	1.364500e-04
1.435000e+00	1.369901e-04
1.437500e+00	1.375354e-04
1.440000e+00	1.380861e-04
1.442500e+00	1.386421e-04
1.445000e+00	1.392035e-04
1.447500e+00	1.397705e-04
1.450000e+00	1.403431e-04
1.452500e+00	1.409214e-04
1.455000e+00	1.415054e-04
1.457500e+00	1.420953e-04
1.460000e+00	1.426912e-04
1.462500e+00	1.432931e-04
1.465000e+00	1.439011e-04
1.467500e+00	1.445153e-04
1.470000e+00	1.451358e-04
1.472500e+00	1.457628e-04
1.475000e+00	1.463962e-04
1.477500e+00	1.470362e-04
1.480000e+00	1.476829e-04
1.482500e+00	1.483365e-04
1.485000e+00	1.489969e-04
1.487500e+00	1.496644e-04
1.490000e+00	1.503389e-04
1.492500e+00	1.510208e-04
1.495000e+00	1.517099e-04
1.497500e+00	1.524065e-04
1.500000e+00	1.531108e-04
1.502500e+00	1.538227e-04
1.505000e+00	1.545424e-04
1.507500e+00	1.552701e-04
1.510000e+00	1.560059e-04
1.512500e+00	1.567499e-04
1.515000e+00	1.575023e-04
1.517500e+00	1.582631e-04
1.520000e+00	1.590325e-04
1.522500e+00	1.598108e-04
1.525000e+00	1.605979e-04
1.527500e+00	1.613941e-04
1.530000e+00	1.621995e-04
1.532500e+00	1.630143e-04
1.535000e+00	1.638387e-04
1.537500e+00	1.646727e-04
1.540000e+00	1.655166e-04
1.542500e+00	1.663705e-04
1.545000e+00	1.672346e-04
1.547500e+00	1.681091e-04
1.550000e+00	1.689941e-04
1.552500e+00	1.698899e-04
1.555000e+00	1.707966e-04
1.557500e+00	1.717145e-04
1.560000e+00	1.726437e-04
1.562500e+00	1.735844e-04
1.565000e+00	1.745369e-04
1.567500e+00	1.755013e-04
1.570000e+00	1.764779e-04
1.572500e+00	1.774669e-04
1.575000e+00	1.784685e-04
1.577500e+00	1.794830e-04
1.580000e+00	1.805105e-04
1.582500e+00	1.815514e-04
1.585000e+00	1.826059e-04
1.587500e+00	1.836743e-04
1.590000e+00	1.847567e-04
1.592500e+00	1.858536e-04
1.595000e+00	1.869651e-04
1.597500e+00	1.880915e-04
1.600000e+00	1.892332e-04
1.602500e+00	1.903904e-04
1.605000e+00	1.915634e-04
1.607500e+00	1.927526e-04
1.610000e+00	1.939582e-04
1.612500e+00	1.951807e-04
1.615000e+00	1.964202e-04
1.617500e+00	1.976773e-04
1.620000e+00	1.989522e-04
1.622500e+00	2.002453e-04
1.625000e+00	2.015570e-04
1.627500e+00	2.028876e-04
1.630000e+00	2.042376e-04
1.632500e+00	2.056074e-04
1.635000e+00	2.069973e-04
1.637500e+00	2.084078e-04
1.640000e+00	2.098394e-04
1.642500e+00	2.112925e-04
1.645000e+00	2.127675e-04
1.647500e+00	2.142650e-04
1.650000e+00	2.157854e-04
1.652500e+00	2.173293e-04
1.655000e+00	2.188970e-04
1.657500e+00	2.204893e-04
1.660000e+00	2.221066e-04
1.662500e+00	2.237495e-04
1.665000e+00	2.254186e-04
1.667500e+00	2.271144e-04
1.670000e+00	2.288376e-04
1.672500e+00	2.305889e-04
1.675000e+00	2.323688e-04
1.677500e+00	2.341781e-04
1.680000e+00	2.360174e-04
1.682500e+00	2.378875e-04
1.685000e+00	2.397891e-04
1.687500e+00	2.417229e-04
1.690000e+00	2.436897e-04
1.692500e+00	2.456904e-04
1.695000e+00	2.477258e-04
1.697500e+00	2.497966e-04
1.700000e+00	2.519039e-04
1.702500e+00	2.540485e-04
1.705000e+00	2.562314e-04
1.707500e+00	2.584535e-04
1.710000e+00	2.607159e-04
1.712500e+00	2.630195e-04
1.715000e+00	2.653656e-04
1.717500e+00	2.677551e-04
1.720000e+00	2.701892e-04
1.722500e+00	2.726691e-04
1.725000e+00	2.751960e-04
1.727500e+00	2.777712e-04
1.730000e+00	2.803961e-04
1.732500e+00	2.830719e-04
1.735000e+00	2.858001e-04
1.737500e+00	2.885822e-04
1.740000e+00	2.914196e-04
1.742500e+00	2.943139e-04
1.745000e+00	2.972668e-04
1.747500e+00	3.002799e-04
1.750000e+00	3.033549e-04
1.752500e+00	3.064937e-04
1.755000e+00	3.096981e-04
1.757500e+00	3.129702e-04
1.760000e+00	3.163118e-04
1.762500e+00	3.197252e-04
1.765000e+00	3.232125e-04
1.767500e+00	3.267759e-04
1.770000e+00	3.304178e-04
1.772500e+00	3.341407e-04
1.775000e+00	3.379472e-04
1.777500e+00	3.418398e-04
1.780000e+00	3.458213e-04
1.782500e+00	3.498947e-04
1.785000e+00	3.540628e-04
1.787500e+00	3.583289e-04
1.790000e+00	3.626961e-04
1.792500e+00	3.671679e-04
1.795000e+00	3.717478e-04
1.797500e+00	3.764395e-04
1.800000e+00	3.812468e-04
1.802500e+00	3.861738e-04
1.805000e+00	3.912247e-04
1.807500e+00	3.964039e-04
1.810000e+00	4.017159e-04
1.812500e+00	4.071656e-04
1.815000e+00	4.127580e-04
1.817500e+00	4.184984e-04
1.820000e+00	4.243923e-04
1.822500e+00	4.304455e-04
1.825000e+00	4.366640e-04
1.827500e+00	4.430543e-04
1.830000e+00	4.496229e-04
1.832500e+00	4.563769e-04
1.835000e+00	4.633237e-04
1.837500e+00	4.704711e-04
1.840000e+00	4.778271e-04
1.842500e+00	4.854003e-04
1.845000e+00	4.931997e-04
1.847500e+00	5.012349e-04
1.850000e+00	5.095159e-04
1.852500e+00	5.180533e-04
1.855000e+00	5.268581e-04
1.857500e+00	5.359422e-04
1.860000e+00	5.453181e-04
1.862500e+00	5.549988e-04
1.865000e+00	5.649982e-04
1.867500e+00	5.753313e-04
1.870000e+00	5.860135e-04
1.872500e+00	5.970613e-04
1.875000e+00	6.084925e-04
1.877500e+00	6.203256e-04
1.880000e+00	6.325804e-04
1.882500e+00	6.452781e-04
1.885000e+00	6.584411e-04
1.887500e+00	6.720932e-04
1.890000e+00	6.862599e-04
1.892500e+00	7.009685e-04
1.895000e+00	7.162480e-04
1.897500e+00	7.321294e-04
1.900000e+00	7.486459e-04
1.902500e+00	7.658332e-04
1.905000e+00	7.837292e-04
1.907500e+00	8.023750e-04
1.910000e+00	8.218146e-04
1.912500e+00	8.420951e-04
1.915000e+00	8.632676e-04
1.917500e+00	8.853870e-04
1.920000e+00	9.085123e-04
1.922500e+00	9.327078e-04
1.925000e+00	9.580425e-04
1.927500e+00	9.845916e-04
1.930000e+00	1.012436e-03
1.932500e+00	1.041665e-03
1.935000e+00	1.072375e-03
1.937500e+00	1.104669e-03
1.940000e+00	1.138663e-03
1.942500e+00	1.174481e-03
1.945000e+00	1.212261e-03
1.947500e+00	1.252151e-03
1.950000e+00	1.294318e-03
1.952500e+00	1.338943e-03
1.955000e+00	1.386225e-03
1.957500e+00	1.436385e-03
1.960000e+00	1.489669e-03
1.962500e+00	1.546349e-03
1.965000e+00	1.606725e-03
1.967500e+00	1.671135e-03
1.970000e+00	1.739956e-03
1.972500e+00	1.813609e-03
1.975000e+00	1.892567e-03
1.977500e+00	1.977365e-03
1.980000e+00	2.068605e-03
1.982500e+00	2.166971e-03
1.985000e+00	2.273240e-03
1.987500e+00	2.388299e-03
1.990000e+00	2.513163e-03
1.992500e+00	2.648999e-03
1.995000e+00	2.797154e-03
1.997500e+00	2.959187e-03
2.000000e+00	3.136916e-03
2.002500e+00	3.332464e-03
2.005000e+00	3.548327e-03
2.007500e+00	3.787455e-03
2.010000e+00	4.053353e-03
2.012500e+00	4.350208e-03
2.015000e+00	4.683059e-03
2.017500e+00	5.058009e-03
2.020000e+00	5.482504e-03
2.022500e+00	5.965697e-03
2.025000e+00	6.518938e-03
2.027500e+00	7.156429e-03
2.030000e+00	7.896104e-03
2.032500e+00	8.760856e-03
2.035000e+00	9.780227e-03
2.037500e+00	1.099279e-02
2.040000e+00	1.244958e-02
2.042500e+00	1.421895e-02
2.045000e+00	1.639383e-02
2.047500e+00	1.910226e-02
2.050000e+00	2.252308e-02
2.052500e+00	2.690896e-02
2.055000e+00	3.261914e-02
2.057500e+00	4.016214e-02
2.060000e+00	5.023760e-02
2.062500e+00	6.372769e-02
2.065000e+00	8.147859e-02
2.067500e+00	1.034855e-01
2.070000e+00	1.270130e-01
2.072500e+00	1.446925e-01
2.075000e+00	1.474903e-01
2.077500e+00	1.337747e-01
2.080000e+00	1.113504e-01
2.082500e+00	8.878393e-02
2.085000e+00	7.010351e-02
2.087500e+00	5.590357e-02
2.090000e+00	4.549329e-02
2.092500e+00	3.799692e-02
2.095000e+00	3.269226e-02
2.097500e+00	2.904027e-02
2.100000e+00	2.662028e-02
2.102500e+00	2.506797e-02
2.105000e+00	2.406452e-02
2.107500e+00	2.336985e-02
2.110000e+00	2.285934e-02
2.112500e+00	2.247556e-02
2.115000e+00	2.213325e-02
2.117500e+00	2.175452e-02
2.120000e+00	2.139581e-02
2.122500e+00	2.116782e-02
2.125000e+00	2.102551e-02
2.127500e+00	2.080030e-02
2.130000e+00	2.044176e-02
2.132500e+00	2.007726e-02
2.135000e+00	1.983010e-02
2.137500e+00	1.971895e-02
2.140000e+00	1.967623e-02
2.142500e+00	1.960180e-02
2.145000e+00	1.939371e-02
2.147500e+00	1.900149e-02
2.150000e+00	1.855463e-02
2.152500e+00	1.828501e-02
2.155000e+00	1.829755e-02
2.157500e+00	1.848299e-02
2.160000e+00	1.861925e-02
2.162500e+00	1.849907e-02
2.165000e+00	1.805735e-02
2.167500e+00	1.751229e-02
2.170000e+00	1.716308e-02
2.172500e+00	1.709782e-02
2.175000e+00	1.721001e-02
2.177500e+00	1.733563e-02
2.180000e+00	1.739589e-02
2.182500e+00	1.740912e-02
2.185000e+00	1.730590e-02
2.187500e+00	1.700887e-02
2.190000e+00	1.663768e-02
2.192500e+00	1.632259e-02
2.195000e+00	1.604878e-02
2.197500e+00	1.585332e-02
2.200000e+00	1.587013e-02
2.202500e+00	1.612926e-02
2.205000e+00	1.652004e-02
2.207500e+00	1.683144e-02
2.210000e+00	1.678232e-02
2.212500e+00	1.630913e-02
2.215000e+00	1.568937e-02
2.217500e+00	1.517733e-02
2.220000e+00	1.482993e-02
2.222500e+00	1.470956e-02
2.225000e+00	1.492255e-02
2.227500e+00	1.539762e-02
2.230000e+00	1.582412e-02
2.232500e+00	1.595426e-02
2.235000e+00	1.585227e-02
2.237500e+00	1.564264e-02
2.240000e+00	1.531502e-02
2.242500e+00	1.492777e-02
2.245000e+00	1.462506e-02
2.247500e+00	1.442417e-02
2.250000e+00	1.428248e-02
2.252500e+00	1.426422e-02
2.255000e+00	1.439511e-02
2.257500e+00	1.451769e-02
2.260000e+00	1.452190e-02
2.262500e+00	1.457118e-02
2.265000e+00	1.486120e-02
2.267500e+00	1.527195e-02
2.270000e+00	1.540110e-02
2.272500e+00	1.502731e-02
2.275000e+00	1.439169e-02
2.277500e+00	1.383009e-02
2.280000e+00	1.342826e-02
2.282500e+00	1.315886e-02
2.285000e+00	1.309293e-02
2.287500e+00	1.329364e-02
2.290000e+00	1.365281e-02
2.292500e+00	1.401454e-02
2.295000e+00	1.440057e-02
2.297500e+00	1.487142e-02
2.300000e+00	1.520452e-02
2.302500e+00	1.501158e-02
2.305000e+00	1.426924e-02
2.307500e+00	1.341193e-02
2.310000e+00	1.285804e-02
2.312500e+00	1.271592e-02
2.315000e+00	1.281385e-02
2.317500e+00	1.291337e-02
2.320000e+00	1.298409e-02
2.322500e+00	1.316772e-02
2.325000e+00	1.346554e-02
2.327500e+00	1.367273e-02
2.330000e+00	1.369226e-02
2.332500e+00	1.370598e-02
2.335000e+00	1.386469e-02
2.337500e+00	1.400622e-02
2.340000e+00	1.384617e-02
2.342500e+00	1.341308e-02
2.345000e+00	1.304193e-02
2.347500e+00	1.295654e-02
2.350000e+00	1.303954e-02
2.352500e+00	1.295960e-02
2.355000e+00	1.256969e-02
2.357500e+00	1.210782e-02
2.360000e+00	1.190676e-02
2.362500e+00	1.209399e-02
2.365000e+00	1.253609e-02
2.367500e+00	1.296475e-02
2.370000e+00	1.326645e-02
2.372500e+00	1.358467e-02
2.375000e+00	1.399210e-02
2.377500e+00	1.423153e-02
2.380000e+00	1.397576e-02
2.382500e+00	1.330416e-02
2.385000e+00	1.262019e-02
2.387500e+00	1.217825e-02
2.390000e+00	1.190722e-02
2.392500e+00	1.161286e-02
2.395000e+00	1.129595e-02
2.397500e+00	1.117594e-02
2.400000e+00	1.144652e-02
2.402500e+00	1.210981e-02
2.405000e+00	1.291553e-02
2.407500e+00	1.344140e-02
2.410000e+00	1.346968e-02
2.412500e+00	1.324919e-02
2.415000e+00	1.315125e-02
2.417500e+00	1.322987e-02
2.420000e+00	1.319378e-02
2.422500e+00	1.278871e-02
2.425000e+00	1.216023e-02
2.427500e+00	1.166698e-02
2.430000e+00	1.149818e-02
2.432500e+00	1.156163e-02
2.435000e+00	1.162310e-02
2.437500e+00	1.159715e-02
2.440000e+00	1.164781e-02
2.442500e+00	1.192223e-02
2.445000e+00	1.229865e-02
2.447500e+00	1.244630e-02
2.450000e+00	1.220790e-02
2.452500e+00	1.183541e-02
2.455000e+00	1.171190e-02
2.457500e+00	1.202944e-02
2.460000e+00	1.269009e-02
2.462500e+00	1.329994e-02
2.465000e+00	1.338591e-02
2.467500e+00	1.287686e-02
2.470000e+00	1.218299e-02
2.472500e+00	1.171956e-02
2.475000e+00	1.158597e-02
2.477500e+00	1.157619e-02
2.480000e+00	1.140700e-02
2.482500e+00	1.105129e-02
2.485000e+00	1.075765e-02
2.487500e+00	1.074227e-02
2.490000e+00	1.099246e-02
2.492500e+00	1.129122e-02
2.495000e+00	1.144817e-02
2.497500e+00	1.155778e-02
2.500000e+00	1.189649e-02
2.502500e+00	1.260336e-02
2.505000e+00	1.348185e-02
2.507500e+00	1.400297e-02
2.510000e+00	1.370223e-02
2.512500e+00	1.270966e-02
2.515000e+00	1.158698e-02
2.517500e+00	1.078079e-02
2.520000e+00	1.044728e-02
2.522500e+00	1.052043e-02
2.525000e+00	1.075906e-02
2.527500e+00	1.085395e-02
2.530000e+00	1.070536e-02
2.532500e+00	1.053478e-02
2.535000e+00	1.062394e-02
2.537500e+00	1.106904e-02
2.540000e+00	1.170925e-02
2.542500e+00	1.219275e-02
2.545000e+00	1.228987e-02
2.547500e+00	1.217549e-02
2.550000e+00	1.219221e-02
2.552500e+00	1.243425e-02
2.555000e+00	1.262691e-02
2.557500e+00	1.238993e-02
2.560000e+00	1.170351e-02
2.562500e+00	1.094290e-02
2.565000e+00	1.047880e-02
2.567500e+00	1.046553e-02
2.570000e+00	1.084515e-02
2.572500e+00	1.134816e-02
2.575000e+00	1.157411e-02
2.577500e+00	1.132962e-02
2.580000e+00	1.085278e-02
2.582500e+00	1.052835e-02
2.585000e+00	1.055323e-02
2.587500e+00	1.085651e-02
2.590000e+00	1.115566e-02
2.592500e+00	1.119112e-02
2.595000e+00	1.102961e-02
2.597500e+00	1.098634e-02
2.600000e+00	1.128656e-02
2.602500e+00	1.187902e-02
2.605000e+00	1.241804e-02
2.607500e+00	1.248911e-02
2.610000e+00	1.205666e-02
2.612500e+00	1.151308e-02
2.615000e+00	1.124235e-02
2.617500e+00	1.133681e-02
2.620000e+00	1.156859e-02
2.622500e+00	1.152786e-02
2.625000e+00	1.100346e-02
2.627500e+00	1.022021e-02
2.630000e+00	9.560461e-03
2.632500e+00	9.261940e-03
2.635000e+00	9.393588e-03
2.637500e+00	9.898934e-03
2.640000e+00	1.057495e-02
2.642500e+00	1.109385e-02
2.645000e+00	1.125851e-02
2.647500e+00	1.124890e-02
2.650000e+00	1.141868e-02
2.652500e+00	1.193713e-02
2.655000e+00	1.262909e-02
2.657500e+00	1.302096e-02
2.660000e+00	1.272927e-02
2.662500e+00	1.190810e-02
2.665000e+00	1.105579e-02
2.667500e+00	1.053018e-02
2.670000e+00	1.038976e-02
2.672500e+00	1.043626e-02
2.675000e+00	1.034519e-02
2.677500e+00	9.961193e-03
2.680000e+00	9.465653e-03
2.682500e+00	9.156434e-03
2.685000e+00	9.222645e-03
2.687500e+00	9.719878e-03
2.690000e+00	1.057114e-02
2.692500e+00	1.149987e-02
2.695000e+00	1.205088e-02
2.697500e+00	1.194672e-02
2.700000e+00	1.142532e-02
2.702500e+00	1.097348e-02
2.705000e+00	1.090390e-02
2.707500e+00	1.123688e-02
2.710000e+00	1.170962e-02
2.712500e+00	1.188408e-02
2.715000e+00	1.152362e-02
2.717500e+00	1.086371e-02
2.720000e+00	1.032271e-02
2.722500e+00	1.013735e-02
2.725000e+00	1.028046e-02
2.727500e+00	1.049977e-02
2.730000e+00	1.048414e-02
2.732500e+00	1.018131e-02
2.735000e+00	9.858237e-03
2.737500e+00	9.806802e-03
2.740000e+00	1.013774e-02
2.742500e+00	1.073192e-02
2.745000e+00	1.123340e-02
2.747500e+00	1.124201e-02
2.750000e+00	1.072235e-02
2.752500e+00	1.004654e-02
2.755000e+00	9.604747e-03
2.757500e+00	9.596149e-03
2.760000e+00	1.006158e-02
2.762500e+00	1.090040e-02
2.765000e+00	1.180178e-02
2.767500e+00	1.228160e-02
2.770000e+00	1.207143e-02
2.772500e+00	1.144070e-02
2.775000e+00	1.088205e-02
2.777500e+00	1.067751e-02
2.780000e+00	1.078971e-02
2.782500e+00	1.091620e-02
2.785000e+00	1.071136e-02
2.787500e+00	1.014730e-02
2.790000e+00	9.530687e-03
2.792500e+00	9.168368e-03
2.795000e+00	9.189706e-03
2.797500e+00	9.547537e-03
2.800000e+00	1.001441e-02
2.802500e+00	1.024430e-02
2.805000e+00	1.006073e-02
2.807500e+00	9.666667e-03
2.810000e+00	9.419224e-03
2.812500e+00	9.560631e-03
2.815000e+00	1.018214e-02
2.817500e+00	1.123392e-02
2.820000e+00	1.244112e-02
2.822500e+00	1.324741e-02
2.825000e+00	1.314234e-02
2.827500e+00	1.221601e-02
2.830000e+00	1.105071e-02
2.832500e+00	1.014130e-02
2.835000e+00	9.677760e-03
2.837500e+00	9.616906e-03
2.840000e+00	9.739352e-03
2.842500e+00	9.733642e-03
2.845000e+00	9.448947e-03
2.847500e+00	9.053662e-03
2.850000e+00	8.830394e-03
2.852500e+00	8.948232e-03
2.855000e+00	9.412953e-03
2.857500e+00	1.004997e-02
2.860000e+00	1.051854e-02
2.862500e+00	1.055247e-02
2.865000e+00	1.027068e-02
2.867500e+00	1.005374e-02
2.870000e+00	1.020023e-02
2.872500e+00	1.079674e-02
2.875000e+00	1.168895e-02
2.877500e+00	1.243793e-02
2.880000e+00	1.250625e-02
2.882500e+00	1.177697e-02
2.885000e+00	1.068717e-02
2.887500e+00	9.741846e-03
2.890000e+00	9.199199e-03
2.892500e+00	9.109555e-03
2.895000e+00	9.388471e-03
2.897500e+00	9.806432e-03
2.900000e+00	1.002837e-02
2.902500e+00	9.875285e-03
2.905000e+00	9.530725e-03
2.907500e+00	9.329552e-03
2.910000e+00	9.477532e-03
2.912500e+00	9.972935e-03
2.915000e+00	1.058557e-02
2.917500e+00	1.090651e-02
2.920000e+00	1.066880e-02
2.922500e+00	1.005593e-02
2.925000e+00	9.486392e-03
2.927500e+00	9.259154e-03
2.930000e+00	9.486673e-03
2.932500e+00	1.013783e-02
2.935000e+00	1.100213e-02
2.937500e+00	1.164171e-02
2.940000e+00	1.161930e-02
2.942500e+00	1.095382e-02
2.945000e+00	1.009795e-02
2.947500e+00	9.478532e-03
2.950000e+00	9.294534e-03
2.952500e+00	9.573215e-03
2.955000e+00	1.020031e-02
2.957500e+00	1.086657e-02
2.960000e+00	1.112531e-02
2.962500e+00	1.076160e-02
2.965000e+00	1.004203e-02
2.967500e+00	9.402715e-03
2.970000e+00	9.102024e-03
2.972500e+00	9.172533e-03
2.975000e+00	9.454144e-03
2.977500e+00	9.640530e-03
2.980000e+00	9.497757e-03
2.982500e+00	9.119375e-03
2.985000e+00	8.812967e-03
2.987500e+00	8.824835e-03
2.990000e+00	9.260894e-03
2.992500e+00	1.009942e-02
2.995000e+00	1.113625e-02
2.997500e+00	1.192507e-02
3.000000e+00	1.200854e-02
3.002500e+00	1.140271e-02
3.005000e+00	1.058935e-02
3.007500e+00	1.002738e-02
3.010000e+00	9.918006e-03
3.012500e+00	1.023430e-02
3.015000e+00	1.073056e-02
3.017500e+00	1.096904e-02
3.020000e+00	1.061593e-02
3.022500e+00	9.795467e-03
3.025000e+00	8.920151e-03
3.027500e+00	8.302584e-03
3.030000e+00	8.063837e-03
3.032500e+00	8.207748e-03
3.035000e+00	8.649396e-03
3.037500e+00	9.177860e-03
3.040000e+00	9.493161e-03
3.042500e+00	9.458235e-03
3.045000e+00	9.274754e-03
3.047500e+00	9.272310e-03
3.050000e+00	9.663041e-03
3.052500e+00	1.048317e-02
3.055000e+00	1.155001e-02
3.057500e+00	1.239886e-02
3.060000e+00	1.249030e-02
3.062500e+00	1.174906e-02
3.065000e+00	1.065535e-02
3.067500e+00	9.727145e-03
3.070000e+00	9.220639e-03
3.072500e+00	9.181574e-03
3.075000e+00	9.513394e-03
3.077500e+00	9.952518e-03
3.080000e+00	1.010212e-02
3.082500e+00	9.728352e-03
3.085000e+00	9.013424e-03
3.087500e+00	8.327923e-03
3.090000e+00	7.921962e-03
3.092500e+00	7.892623e-03
3.095000e+00	8.257761e-03
3.097500e+00	8.973623e-03
3.100000e+00	9.870246e-03
3.102500e+00	1.059386e-02
3.105000e+00	1.079284e-02
3.107500e+00	1.050208e-02
3.110000e+00	1.012437e-02
3.112500e+00	1.002830e-02
3.115000e+00	1.033467e-02
3.117500e+00	1.089058e-02
3.120000e+00	1.128977e-02
3.122500e+00	1.112316e-02
3.125000e+00	1.040592e-02
3.127500e+00	9.545898e-03
3.130000e+00	8.921997e-03
3.132500e+00	8.705818e-03
3.135000e+00	8.914520e-03
3.137500e+00	9.437263e-03
3.140000e+00	9.988823e-03
3.142500e+00	1.017046e-02
3.145000e+00	9.804607e-03
3.147500e+00	9.139396e-03
3.150000e+00	8.562366e-03
3.152500e+00	8.314636e-03
3.155000e+00	8.482792e-03
3.157500e+00	9.056792e-03
3.160000e+00	9.904936e-03
3.162500e+00	1.069195e-02
3.165000e+00	1.096315e-02
3.167500e+00	1.055257e-02
3.170000e+00	9.786647e-03
3.172500e+00	9.120030e-03
3.175000e+00	8.818399e-03
3.177500e+00	8.959460e-03
3.180000e+00	9.489615e-03
3.182500e+00	1.019136e-02
3.185000e+00	1.066223e-02
3.187500e+00	1.056071e-02
3.190000e+00	9.977246e-03
3.192500e+00	9.327040e-03
3.195000e+00	8.956201e-03
3.197500e+00	9.010501e-03
3.200000e+00	9.477849e-03
3.202500e+00	1.017716e-02
3.205000e+00	1.071684e-02
3.207500e+00	1.068005e-02
3.210000e+00	1.004189e-02
3.212500e+00	9.192137e-03
3.215000e+00	8.523413e-03
3.217500e+00	8.227056e-03
3.220000e+00	8.347319e-03
3.222500e+00	8.834524e-03
3.225000e+00	9.506525e-03
3.227500e+00	1.000607e-02
3.230000e+00	9.988130e-03
3.232500e+00	9.480997e-03
3.235000e+00	8.854102e-03
3.237500e+00	8.451055e-03
3.240000e+00	8.438425e-03
3.242500e+00	8.856972e-03
3.245000e+00	9.646052e-03
3.247500e+00	1.057499e-02
3.250000e+00	1.120722e-02
3.252500e+00	1.117318e-02
3.255000e+00	1.058401e-02
3.257500e+00	9.908485e-03
3.260000e+00	9.526554e-03
3.262500e+00	9.567235e-03
3.265000e+00	9.930448e-03
3.267500e+00	1.029258e-02
3.270000e+00	1.023905e-02
3.272500e+00	9.639803e-03
3.275000e+00	8.782993e-03
3.277500e+00	8.036658e-03
3.280000e+00	7.602376e-03
3.282500e+00	7.543130e-03
3.285000e+00	7.860219e-03
3.287500e+00	8.500490e-03
3.290000e+00	9.288224e-03
3.292500e+00	9.875215e-03
3.295000e+00	9.933220e-03
3.297500e+00	9.511537e-03
3.300000e+00	8.991799e-03
3.302500e+00	8.722534e-03
3.305000e+00	8.874809e-03
3.307500e+00	9.488165e-03
3.310000e+00	1.047468e-02
3.312500e+00	1.152451e-02
3.315000e+00	1.209153e-02
3.317500e+00	1.177472e-02
3.320000e+00	1.077047e-02
3.322500e+00	9.631974e-03
3.325000e+00	8.764839e-03
3.327500e+00	8.318535e-03
3.330000e+00	8.289760e-03
3.332500e+00	8.569386e-03
3.335000e+00	8.912554e-03
3.337500e+00	8.991405e-03
3.340000e+00	8.663805e-03
3.342500e+00	8.129421e-03
3.345000e+00	7.696573e-03
3.347500e+00	7.558444e-03
3.350000e+00	7.790976e-03
3.352500e+00	8.401600e-03
3.355000e+00	9.308115e-03
3.357500e+00	1.024950e-02
3.360000e+00	1.079232e-02
3.362500e+00	1.066631e-02
3.365000e+00	1.009334e-02
3.367500e+00	9.543422e-03
3.370000e+00	9.344858e-03
3.372500e+00	9.605638e-03
3.375000e+00	1.024478e-02
3.377500e+00	1.095244e-02
3.380000e+00	1.122681e-02
3.382500e+00	1.075189e-02
3.385000e+00	9.745989e-03
3.387500e+00	8.684136e-03
3.390000e+00	7.885261e-03
3.392500e+00	7.460489e-03
3.395000e+00	7.419763e-03
3.397500e+00	7.729846e-03
3.400000e+00	8.290010e-03
3.402500e+00	8.865549e-03
3.405000e+00	9.131750e-03
3.407500e+00	8.955566e-03
3.410000e+00	8.563740e-03
3.412500e+00	8.298433e-03
3.415000e+00	8.375806e-03
3.417500e+00	8.867532e-03
3.420000e+00	9.714255e-03
3.422500e+00	1.065834e-02
3.425000e+00	1.122632e-02
3.427500e+00	1.104759e-02
3.430000e+00	1.027166e-02
3.432500e+00	9.390895e-03
3.435000e+00	8.787132e-03
3.437500e+00	8.613915e-03
3.440000e+00	8.874258e-03
3.442500e+00	9.439636e-03
3.445000e+00	9.993642e-03
3.447500e+00	1.010482e-02
3.450000e+00	9.592433e-03
3.452500e+00	8.726432e-03
3.455000e+00	7.905868e-03
3.457500e+00	7.364482e-03
3.460000e+00	7.180263e-03
3.462500e+00	7.369342e-03
3.465000e+00	7.926883e-03
3.467500e+00	8.795627e-03
3.470000e+00	9.769457e-03
3.472500e+00	1.043961e-02
3.475000e+00	1.043911e-02
3.477500e+00	9.851958e-03
3.480000e+00	9.124790e-03
3.482500e+00	8.640294e-03
3.485000e+00	8.566582e-03
3.487500e+00	8.915475e-03
3.490000e+00	9.556791e-03
3.492500e+00	1.016549e-02
3.495000e+00	1.031458e-02
3.497500e+00	9.855935e-03
3.500000e+00	9.092335e-03
3.502500e+00	8.433722e-03
3.505000e+00	8.113544e-03
3.507500e+00	8.194120e-03
3.510000e+00	8.617165e-03
3.512500e+00	9.175234e-03
3.515000e+00	9.506037e-03
3.517500e+00	9.329103e-03
3.520000e+00	8.751667e-03
3.522500e+00	8.136292e-03
3.525000e+00	7.768536e-03
3.527500e+00	7.774551e-03
3.530000e+00	8.185387e-03
3.532500e+00	8.956774e-03
3.535000e+00	9.896887e-03
3.537500e+00	1.059303e-02
3.540000e+00	1.060821e-02
3.542500e+00	9.930386e-03
3.545000e+00	8.986885e-03
3.547500e+00	8.198146e-03
3.550000e+00	7.765966e-03
3.552500e+00	7.745374e-03
3.555000e+00	8.128914e-03
3.557500e+00	8.842475e-03
3.560000e+00	9.661333e-03
3.562500e+00	1.017263e-02
3.565000e+00	1.003380e-02
3.567500e+00	9.350559e-03
3.570000e+00	8.550270e-03
3.572500e+00	7.978709e-03
3.575000e+00	7.784610e-03
3.577500e+00	7.997702e-03
3.580000e+00	8.569951e-03
3.582500e+00	9.323680e-03
3.585000e+00	9.893367e-03
3.587500e+00	9.901742e-03
3.590000e+00	9.347494e-03
3.592500e+00	8.607977e-03
3.595000e+00	8.051600e-03
3.597500e+00	7.856749e-03
3.600000e+00	8.063374e-03
3.602500e+00	8.613512e-03
3.605000e+00	9.303183e-03
3.607500e+00	9.752203e-03
3.610000e+00	9.631325e-03
3.612500e+00	9.016951e-03
3.615000e+00	8.296616e-03
3.617500e+00	7.796210e-03
3.620000e+00	7.662153e-03
3.622500e+00	7.930880e-03
3.625000e+00	8.568153e-03
3.627500e+00	9.415848e-03
3.630000e+00	1.011272e-02
3.632500e+00	1.022945e-02
3.635000e+00	9.685588e-03
3.637500e+00	8.848147e-03
3.640000e+00	8.133822e-03
3.642500e+00	7.761575e-03
3.645000e+00	7.796021e-03
3.647500e+00	8.221157e-03
3.650000e+00	8.924306e-03
3.652500e+00	9.616049e-03
3.655000e+00	9.872401e-03
3.657500e+00	9.483919e-03
3.660000e+00	8.699049e-03
3.662500e+00	7.932189e-03
3.665000e+00	7.442674e-03
3.667500e+00	7.322559e-03
3.670000e+00	7.583013e-03
3.672500e+00	8.178073e-03
3.675000e+00	8.945168e-03
3.677500e+00	9.543145e-03
3.680000e+00	9.612227e-03
3.682500e+00	9.145406e-03
3.685000e+00	8.504281e-03
3.687500e+00	8.050678e-03
3.690000e+00	7.965999e-03
3.692500e+00	8.295109e-03
3.695000e+00	8.976992e-03
3.697500e+00	9.782862e-03
3.700000e+00	1.028056e-02
3.702500e+00	1.009506e-02
3.705000e+00	9.311818e-03
3.707500e+00	8.365272e-03
3.710000e+00	7.613712e-03
3.712500e+00	7.208471e-03
3.715000e+00	7.182417e-03
3.717500e+00	7.521075e-03
3.720000e+00	8.151597e-03
3.722500e+00	8.865315e-03
3.725000e+00	9.293472e-03
3.727500e+00	9.151361e-03
3.730000e+00	8.557875e-03
3.732500e+00	7.895134e-03
3.735000e+00	7.460715e-03
3.737500e+00	7.384213e-03
3.740000e+00	7.701459e-03
3.742500e+00	8.391411e-03
3.745000e+00	9.322907e-03
3.747500e+00	1.015703e-02
3.750000e+00	1.042670e-02
3.752500e+00	9.954721e-03
3.755000e+00	9.069017e-03
3.757500e+00	8.230635e-03
3.760000e+00	7.706220e-03
3.762500e+00	7.577409e-03
3.765000e+00	7.826329e-03
3.767500e+00	8.338808e-03
3.770000e+00	8.847114e-03
3.772500e+00	8.988783e-03
3.775000e+00	8.616682e-03
3.777500e+00	7.967777e-03
3.780000e+00	7.389880e-03
3.782500e+00	7.092192e-03
3.785000e+00	7.150176e-03
3.787500e+00	7.571060e-03
3.790000e+00	8.292200e-03
3.792500e+00	9.104660e-03
3.795000e+00	9.620831e-03
3.797500e+00	9.522339e-03
3.800000e+00	8.916442e-03
3.802500e+00	8.212260e-03
3.805000e+00	7.740154e-03
3.807500e+00	7.643822e-03
3.810000e+00	7.949765e-03
3.812500e+00	8.593737e-03
3.815000e+00	9.356118e-03
3.817500e+00	9.824935e-03
3.820000e+00	9.642361e-03
3.822500e+00	8.888490e-03
3.825000e+00	7.975755e-03
3.827500e+00	7.244236e-03
3.830000e+00	6.837379e-03
3.832500e+00	6.788524e-03
3.835000e+00	7.095558e-03
3.837500e+00	7.724477e-03
3.840000e+00	8.542483e-03
3.842500e+00	9.233225e-03
3.845000e+00	9.399295e-03
3.847500e+00	8.940250e-03
3.850000e+00	8.177670e-03
3.852500e+00	7.502092e-03
3.855000e+00	7.126922e-03
3.857500e+00	7.122593e-03
3.860000e+00	7.497491e-03
3.862500e+00	8.206353e-03
3.865000e+00	9.076105e-03
3.867500e+00	9.731520e-03
3.870000e+00	9.765303e-03
3.872500e+00	9.152716e-03
3.875000e+00	8.282053e-03
3.877500e+00	7.545588e-03
3.880000e+00	7.134140e-03
3.882500e+00	7.098637e-03
3.885000e+00	7.426218e-03
3.887500e+00	8.033491e-03
3.890000e+00	8.692976e-03
3.892500e+00	9.031017e-03
3.895000e+00	8.798768e-03
3.897500e+00	8.155588e-03
3.900000e+00	7.478550e-03
3.902500e+00	7.036343e-03
3.905000e+00	6.935394e-03
3.907500e+00	7.192613e-03
3.910000e+00	7.758942e-03
3.912500e+00	8.463135e-03
3.915000e+00	8.965406e-03
3.917500e+00	8.940253e-03
3.920000e+00	8.421844e-03
3.922500e+00	7.765200e-03
3.925000e+00	7.293702e-03
3.927500e+00	7.160048e-03
3.930000e+00	7.403006e-03
3.932500e+00	7.985193e-03
3.935000e+00	8.743582e-03
3.937500e+00	9.325203e-03
3.940000e+00	9.341690e-03
3.942500e+00	8.757608e-03
3.945000e+00	7.930114e-03
3.947500e+00	7.227979e-03
3.950000e+00	6.832891e-03
3.952500e+00	6.795215e-03
3.955000e+00	7.107829e-03
3.957500e+00	7.703533e-03
3.960000e+00	8.383218e-03
3.962500e+00	8.787633e-03
3.965000e+00	8.626440e-03
3.967500e+00	7.997661e-03
3.970000e+00	7.266395e-03
3.972500e+00	6.721105e-03
3.975000e+00	6.484117e-03
3.977500e+00	6.589236e-03
3.980000e+00	7.039671e-03
3.982500e+00	7.797113e-03
3.985000e+00	8.701337e-03
3.987500e+00	9.392343e-03
3.990000e+00	9.469570e-03
3.992500e+00	8.900361e-03
3.995000e+00	8.064074e-03
3.997500e+00	7.352237e-03
