#omega	spectral weight
-3.000000e+00	2.624977e-05
-2.997500e+00	2.626347e-05
-2.995000e+00	2.627718e-05
-2.992500e+00	2.629090e-05
-2.990000e+00	2.630464e-05
-2.987500e+00	2.631839e-05
-2.985000e+00	2.633216e-05
-2.982500e+00	2.634594e-05
-2.980000e+00	2.635973e-05
-2.977500e+00	2.637353e-05
-2.975000e+00	2.638735e-05
-2.972500e+00	2.640119e-05
-2.970000e+00	2.641503e-05
-2.967500e+00	2.642889e-05
-2.965000e+00	2.644277e-05
-2.962500e+00	2.645665e-05
-2.960000e+00	2.647055e-05
-2.957500e+00	2.648447e-05
-2.955000e+00	2.649840e-05
-2.952500e+00	2.651234e-05
-2.950000e+00	2.652630e-05
-2.947500e+00	2.654027e-05
-2.945000e+00	2.655425e-05
-2.942500e+00	2.656825e-05
-2.940000e+00	2.658226e-05
-2.937500e+00	2.659629e-05
-2.935000e+00	2.661033e-05
-2.932500e+00	2.662438e-05
-2.930000e+00	2.663845e-05
-2.927500e+00	2.665253e-05
-2.925000e+00	2.666663e-05
-2.922500e+00	2.668074e-05
-2.920000e+00	2.669486e-05
-2.917500e+00	2.670900e-05
-2.915000e+00	2.672316e-05
-2.912500e+00	2.673732e-05
-2.910000e+00	2.675151e-05
-2.907500e+00	2.676570e-05
-2.905000e+00	2.677991e-05
-2.902500e+00	2.679414e-05
-2.900000e+00	2.680838e-05
-2.897500e+00	2.682263e-05
-2.895000e+00	2.683690e-05
-2.892500e+00	2.685118e-05
-2.890000e+00	2.686548e-05
-2.887500e+00	2.687979e-05
-2.885000e+00	2.689412e-05
-2.882500e+00	2.690846e-05
-2.880000e+00	2.692281e-05
-2.877500e+00	2.693718e-05
-2.875000e+00	2.695157e-05
-2.872500e+00	2.696597e-05
-2.870000e+00	2.698038e-05
-2.867500e+00	2.699481e-05
-2.865000e+00	2.700926e-05
-2.862500e+00	2.702372e-05
-2.860000e+00	2.703819e-05
-2.857500e+00	2.705268e-05
-2.855000e+00	2.706718e-05
-2.852500e+00	2.708170e-05
-2.850000e+00	2.709624e-05
-2.847500e+00	2.711079e-05
-2.845000e+00	2.712535e-05
-2.842500e+00	2.713993e-05
-2.840000e+00	2.715452e-05
-2.837500e+00	2.716913e-05
-2.835000e+00	2.718376e-05
-2.832500e+00	2.719840e-05
-2.830000e+00	2.721305e-05
-2.827500e+00	2.722772e-05
-2.825000e+00	2.724241e-05
-2.822500e+00	2.725711e-05
-2.820000e+00	2.727183e-05
-2.817500e+00	2.728656e-05
-2.815000e+00	2.730131e-05
-2.812500e+00	2.731607e-05
-2.810000e+00	2.733085e-05
-2.807500e+00	2.734564e-05
-2.805000e+00	2.736045e-05
-2.802500e+00	2.737528e-05
-2.800000e+00	2.739012e-05
-2.797500e+00	2.740498e-05
-2.795000e+00	2.741985e-05
-2.792500e+00	2.743474e-05
-2.790000e+00	2.744964e-05
-2.787500e+00	2.746456e-05
-2.785000e+00	2.747950e-05
-2.782500e+00	2.749445e-05
-2.780000e+00	2.750942e-05
-2.777500e+00	2.752441e-05
-2.775000e+00	2.753941e-05
-2.772500e+00	2.755442e-05
-2.770000e+00	2.756945e-05
-2.767500e+00	2.758450e-05
-2.765000e+00	2.759957e-05
-2.762500e+00	2.761465e-05
-2.760000e+00	2.762974e-05
-2.757500e+00	2.764486e-05
-2.755000e+00	2.765999e-05
-2.752500e+00	2.767513e-05
-2.750000e+00	2.769030e-05
-2.747500e+00	2.770548e-05
-2.745000e+00	2.772067e-05
-2.742500e+00	2.773588e-05
-2.740000e+00	2.775111e-05
-2.737500e+00	2.776636e-05
-2.735000e+00	2.778162e-05
-2.732500e+00	2.779690e-05
-2.730000e+00	2.781219e-05
-2.727500e+00	2.782750e-05
-2.725000e+00	2.784283e-05
-2.722500e+00	2.785818e-05
-2.720000e+00	2.787354e-05
-2.717500e+00	2.788892e-05
-2.715000e+00	2.790431e-05
-2.712500e+00	2.791973e-05
-2.710000e+00	2.793516e-05
-2.707500e+00	2.795060e-05
-2.705000e+00	2.796607e-05
-2.702500e+00	2.798155e-05
-2.700000e+00	2.799705e-05
-2.697500e+00	2.801256e-05
-2.695000e+00	2.802810e-05
-2.692500e+00	2.804365e-05
-2.690000e+00	2.805922e-05
-2.687500e+00	2.807480e-05
-2.685000e+00	2.809040e-05
-2.682500e+00	2.810602e-05
-2.680000e+00	2.812166e-05
-2.677500e+00	2.813732e-05
-2.675000e+00	2.815299e-05
-2.672500e+00	2.816868e-05
-2.670000e+00	2.818439e-05
-2.667500e+00	2.820011e-05
-2.665000e+00	2.821586e-05
-2.662500e+00	2.823162e-05
-2.660000e+00	2.824740e-05
-2.657500e+00	2.826320e-05
-2.655000e+00	2.827901e-05
-2.652500e+00	2.829484e-05
-2.650000e+00	2.831069e-05
-2.647500e+00	2.832656e-05
-2.645000e+00	2.834245e-05
-2.642500e+00	2.835836e-05
-2.640000e+00	2.837428e-05
-2.637500e+00	2.839022e-05
-2.635000e+00	2.840618e-05
-2.632500e+00	2.842216e-05
-2.630000e+00	2.843816e-05
-2.627500e+00	2.845417e-05
-2.625000e+00	2.847021e-05
-2.622500e+00	2.848626e-05
-2.620000e+00	2.850233e-05
-2.617500e+00	2.851842e-05
-2.615000e+00	2.853453e-05
-2.612500e+00	2.855066e-05
-2.610000e+00	2.856681e-05
-2.607500e+00	2.858297e-05
-2.605000e+00	2.859915e-05
-2.602500e+00	2.861536e-05
-2.600000e+00	2.863158e-05
-2.597500e+00	2.864782e-05
-2.595000e+00	2.866408e-05
-2.592500e+00	2.868036e-05
-2.590000e+00	2.869666e-05
-2.587500e+00	2.871297e-05
-2.585000e+00	2.872931e-05
-2.582500e+00	2.874567e-05
-2.580000e+00	2.876204e-05
-2.577500e+00	2.877844e-05
-2.575000e+00	2.879485e-05
-2.572500e+00	2.881129e-05
-2.570000e+00	2.882774e-05
-2.567500e+00	2.884421e-05
-2.565000e+00	2.886071e-05
-2.562500e+00	2.887722e-05
-2.560000e+00	2.889375e-05
-2.557500e+00	2.891030e-05
-2.555000e+00	2.892688e-05
-2.552500e+00	2.894347e-05
-2.550000e+00	2.896008e-05
-2.547500e+00	2.897671e-05
-2.545000e+00	2.899337e-05
-2.542500e+00	2.901004e-05
-2.540000e+00	2.902673e-05
-2.537500e+00	2.904344e-05
-2.535000e+00	2.906018e-05
-2.532500e+00	2.907693e-05
-2.530000e+00	2.909371e-05
-2.527500e+00	2.911050e-05
-2.525000e+00	2.912732e-05
-2.522500e+00	2.914415e-05
-2.520000e+00	2.916101e-05
-2.517500e+00	2.917789e-05
-2.515000e+00	2.919479e-05
-2.512500e+00	2.921171e-05
-2.510000e+00	2.922865e-05
-2.507500e+00	2.924561e-05
-2.505000e+00	2.926259e-05
-2.502500e+00	2.927959e-05
-2.500000e+00	2.929662e-05
-2.497500e+00	2.931366e-05
-2.495000e+00	2.933073e-05
-2.492500e+00	2.934782e-05
-2.490000e+00	2.936493e-05
-2.487500e+00	2.938206e-05
-2.485000e+00	2.939922e-05
-2.482500e+00	2.941639e-05
-2.480000e+00	2.943359e-05
-2.477500e+00	2.945081e-05
-2.475000e+00	2.946805e-05
-2.472500e+00	2.948531e-05
-2.470000e+00	2.950259e-05
-2.467500e+00	2.951990e-05
-2.465000e+00	2.953723e-05
-2.462500e+00	2.955458e-05
-2.460000e+00	2.957195e-05
-2.457500e+00	2.958934e-05
-2.455000e+00	2.960676e-05
-2.452500e+00	2.962420e-05
-2.450000e+00	2.964166e-05
-2.447500e+00	2.965915e-05
-2.445000e+00	2.967665e-05
-2.442500e+00	2.969418e-05
-2.440000e+00	2.971173e-05
-2.437500e+00	2.972931e-05
-2.435000e+00	2.974691e-05
-2.432500e+00	2.976453e-05
-2.430000e+00	2.978217e-05
-2.427500e+00	2.979984e-05
-2.425000e+00	2.981753e-05
-2.422500e+00	2.983524e-05
-2.420000e+00	2.985298e-05
-2.417500e+00	2.987074e-05
-2.415000e+00	2.988853e-05
-2.412500e+00	2.990633e-05
-2.410000e+00	2.992416e-05
-2.407500e+00	2.994202e-05
-2.405000e+00	2.995990e-05
-2.402500e+00	2.997780e-05
-2.400000e+00	2.999573e-05
-2.397500e+00	3.001368e-05
-2.395000e+00	3.003165e-05
-2.392500e+00	3.004965e-05
-2.390000e+00	3.006767e-05
-2.387500e+00	3.008572e-05
-2.385000e+00	3.010379e-05
-2.382500e+00	3.012189e-05
-2.380000e+00	3.014001e-05
-2.377500e+00	3.015815e-05
-2.375000e+00	3.017632e-05
-2.372500e+00	3.019452e-05
-2.370000e+00	3.021274e-05
-2.367500e+00	3.023098e-05
-2.365000e+00	3.024925e-05
-2.362500e+00	3.026754e-05
-2.360000e+00	3.028586e-05
-2.357500e+00	3.030421e-05
-2.355000e+00	3.032258e-05
-2.352500e+00	3.034098e-05
-2.350000e+00	3.035940e-05
-2.347500e+00	3.037784e-05
-2.345000e+00	3.039632e-05
-2.342500e+00	3.041482e-05
-2.340000e+00	3.043334e-05
-2.337500e+00	3.045189e-05
-2.335000e+00	3.047047e-05
-2.332500e+00	3.048907e-05
-2.330000e+00	3.050770e-05
-2.327500e+00	3.052636e-05
-2.325000e+00	3.054504e-05
-2.322500e+00	3.056375e-05
-2.320000e+00	3.058248e-05
-2.317500e+00	3.060124e-05
-2.315000e+00	3.062003e-05
-2.312500e+00	3.063885e-05
-2.310000e+00	3.065769e-05
-2.307500e+00	3.067656e-05
-2.305000e+00	3.069546e-05
-2.302500e+00	3.071438e-05
-2.300000e+00	3.073333e-05
-2.297500e+00	3.075231e-05
-2.295000e+00	3.077132e-05
-2.292500e+00	3.079036e-05
-2.290000e+00	3.080942e-05
-2.287500e+00	3.082851e-05
-2.285000e+00	3.084763e-05
-2.282500e+00	3.086677e-05
-2.280000e+00	3.088595e-05
-2.277500e+00	3.090515e-05
-2.275000e+00	3.092438e-05
-2.272500e+00	3.094364e-05
-2.270000e+00	3.096293e-05
-2.267500e+00	3.098225e-05
-2.265000e+00	3.100160e-05
-2.262500e+00	3.102097e-05
-2.260000e+00	3.104037e-05
-2.257500e+00	3.105981e-05
-2.255000e+00	3.107927e-05
-2.252500e+00	3.109876e-05
-2.250000e+00	3.111829e-05
-2.247500e+00	3.113784e-05
-2.245000e+00	3.115742e-05
-2.242500e+00	3.117703e-05
-2.240000e+00	3.119667e-05
-2.237500e+00	3.121634e-05
-2.235000e+00	3.123604e-05
-2.232500e+00	3.125578e-05
-2.230000e+00	3.127554e-05
-2.227500e+00	3.129533e-05
-2.225000e+00	3.131515e-05
-2.222500e+00	3.133501e-05
-2.220000e+00	3.135489e-05
-2.217500e+00	3.137481e-05
-2.215000e+00	3.139476e-05
-2.212500e+00	3.141474e-05
-2.210000e+00	3.143475e-05
-2.207500e+00	3.145479e-05
-2.205000e+00	3.147486e-05
-2.202500e+00	3.149497e-05
-2.200000e+00	3.151511e-05
-2.197500e+00	3.153528e-05
-2.195000e+00	3.155548e-05
-2.192500e+00	3.157571e-05
-2.190000e+00	3.159598e-05
-2.187500e+00	3.161628e-05
-2.185000e+00	3.163661e-05
-2.182500e+00	3.165697e-05
-2.180000e+00	3.167737e-05
-2.177500e+00	3.169780e-05
-2.175000e+00	3.171827e-05
-2.172500e+00	3.173877e-05
-2.170000e+00	3.175930e-05
-2.167500e+00	3.177986e-05
-2.165000e+00	3.180046e-05
-2.162500e+00	3.182110e-05
-2.160000e+00	3.184176e-05
-2.157500e+00	3.186247e-05
-2.155000e+00	3.188320e-05
-2.152500e+00	3.190397e-05
-2.150000e+00	3.192478e-05
-2.147500e+00	3.194562e-05
-2.145000e+00	3.196650e-05
-2.142500e+00	3.198741e-05
-2.140000e+00	3.200835e-05
-2.137500e+00	3.202934e-05
-2.135000e+00	3.205035e-05
-2.132500e+00	3.207141e-05
-2.130000e+00	3.209250e-05
-2.127500e+00	3.211362e-05
-2.125000e+00	3.213479e-05
-2.122500e+00	3.215599e-05
-2.120000e+00	3.217722e-05
-2.117500e+00	3.219849e-05
-2.115000e+00	3.221980e-05
-2.112500e+00	3.224115e-05
-2.110000e+00	3.226254e-05
-2.107500e+00	3.228396e-05
-2.105000e+00	3.230542e-05
-2.102500e+00	3.232692e-05
-2.100000e+00	3.234845e-05
-2.097500e+00	3.237003e-05
-2.095000e+00	3.239164e-05
-2.092500e+00	3.241329e-05
-2.090000e+00	3.243498e-05
-2.087500e+00	3.245671e-05
-2.085000e+00	3.247848e-05
-2.082500e+00	3.250028e-05
-2.080000e+00	3.252213e-05
-2.077500e+00	3.254402e-05
-2.075000e+00	3.256594e-05
-2.072500e+00	3.258791e-05
-2.070000e+00	3.260992e-05
-2.067500e+00	3.263197e-05
-2.065000e+00	3.265406e-05
-2.062500e+00	3.267619e-05
-2.060000e+00	3.269836e-05
-2.057500e+00	3.272057e-05
-2.055000e+00	3.274282e-05
-2.052500e+00	3.276512e-05
-2.050000e+00	3.278746e-05
-2.047500e+00	3.280984e-05
-2.045000e+00	3.283226e-05
-2.042500e+00	3.285472e-05
-2.040000e+00	3.287723e-05
-2.037500e+00	3.289978e-05
-2.035000e+00	3.292238e-05
-2.032500e+00	3.294501e-05
-2.030000e+00	3.296770e-05
-2.027500e+00	3.299042e-05
-2.025000e+00	3.301319e-05
-2.022500e+00	3.303601e-05
-2.020000e+00	3.305886e-05
-2.017500e+00	3.308177e-05
-2.015000e+00	3.310472e-05
-2.012500e+00	3.312771e-05
-2.010000e+00	3.315075e-05
-2.007500e+00	3.317384e-05
-2.005000e+00	3.319697e-05
-2.002500e+00	3.322015e-05
-2.000000e+00	3.324337e-05
-1.997500e+00	3.326665e-05
-1.995000e+00	3.328997e-05
-1.992500e+00	3.331333e-05
-1.990000e+00	3.333675e-05
-1.987500e+00	3.336021e-05
-1.985000e+00	3.338372e-05
-1.982500e+00	3.340728e-05
-1.980000e+00	3.343089e-05
-1.977500e+00	3.345454e-05
-1.975000e+00	3.347825e-05
-1.972500e+00	3.350200e-05
-1.970000e+00	3.352581e-05
-1.967500e+00	3.354966e-05
-1.965000e+00	3.357357e-05
-1.962500e+00	3.359753e-05
-1.960000e+00	3.362154e-05
-1.957500e+00	3.364559e-05
-1.955000e+00	3.366971e-05
-1.952500e+00	3.369387e-05
-1.950000e+00	3.371808e-05
-1.947500e+00	3.374235e-05
-1.945000e+00	3.376667e-05
-1.942500e+00	3.379104e-05
-1.940000e+00	3.381547e-05
-1.937500e+00	3.383995e-05
-1.935000e+00	3.386449e-05
-1.932500e+00	3.388908e-05
-1.930000e+00	3.391372e-05
-1.927500e+00	3.393842e-05
-1.925000e+00	3.396317e-05
-1.922500e+00	3.398798e-05
-1.920000e+00	3.401285e-05
-1.917500e+00	3.403777e-05
-1.915000e+00	3.406275e-05
-1.912500e+00	3.408779e-05
-1.910000e+00	3.411289e-05
-1.907500e+00	3.413804e-05
-1.905000e+00	3.416325e-05
-1.902500e+00	3.418852e-05
-1.900000e+00	3.421385e-05
-1.897500e+00	3.423923e-05
-1.895000e+00	3.426468e-05
-1.892500e+00	3.429019e-05
-1.890000e+00	3.431576e-05
-1.887500e+00	3.434139e-05
-1.885000e+00	3.436708e-05
-1.882500e+00	3.439283e-05
-1.880000e+00	3.441865e-05
-1.877500e+00	3.444452e-05
-1.875000e+00	3.447046e-05
-1.872500e+00	3.449647e-05
-1.870000e+00	3.452253e-05
-1.867500e+00	3.454866e-05
-1.865000e+00	3.457486e-05
-1.862500e+00	3.460112e-05
-1.860000e+00	3.462745e-05
-1.857500e+00	3.465384e-05
-1.855000e+00	3.468030e-05
-1.852500e+00	3.470683e-05
-1.850000e+00	3.473342e-05
-1.847500e+00	3.476008e-05
-1.845000e+00	3.478681e-05
-1.842500e+00	3.481361e-05
-1.840000e+00	3.484048e-05
-1.837500e+00	3.486742e-05
-1.835000e+00	3.489442e-05
-1.832500e+00	3.492150e-05
-1.830000e+00	3.494865e-05
-1.827500e+00	3.497587e-05
-1.825000e+00	3.500317e-05
-1.822500e+00	3.503053e-05
-1.820000e+00	3.505797e-05
-1.817500e+00	3.508549e-05
-1.815000e+00	3.511308e-05
-1.812500e+00	3.514074e-05
-1.810000e+00	3.516848e-05
-1.807500e+00	3.519629e-05
-1.805000e+00	3.522418e-05
-1.802500e+00	3.525215e-05
-1.800000e+00	3.528020e-05
-1.797500e+00	3.530832e-05
-1.795000e+00	3.533653e-05
-1.792500e+00	3.536481e-05
-1.790000e+00	3.539318e-05
-1.787500e+00	3.542162e-05
-1.785000e+00	3.545015e-05
-1.782500e+00	3.547875e-05
-1.780000e+00	3.550744e-05
-1.777500e+00	3.553622e-05
-1.775000e+00	3.556508e-05
-1.772500e+00	3.559402e-05
-1.770000e+00	3.562305e-05
-1.767500e+00	3.565216e-05
-1.765000e+00	3.568136e-05
-1.762500e+00	3.571065e-05
-1.760000e+00	3.574003e-05
-1.757500e+00	3.576949e-05
-1.755000e+00	3.579904e-05
-1.752500e+00	3.582869e-05
-1.750000e+00	3.585842e-05
-1.747500e+00	3.588825e-05
-1.745000e+00	3.591817e-05
-1.742500e+00	3.594819e-05
-1.740000e+00	3.597829e-05
-1.737500e+00	3.600849e-05
-1.735000e+00	3.603879e-05
-1.732500e+00	3.606919e-05
-1.730000e+00	3.609968e-05
-1.727500e+00	3.613027e-05
-1.725000e+00	3.616096e-05
-1.722500e+00	3.619174e-05
-1.720000e+00	3.622263e-05
-1.717500e+00	3.625362e-05
-1.715000e+00	3.628472e-05
-1.712500e+00	3.631591e-05
-1.710000e+00	3.634721e-05
-1.707500e+00	3.637862e-05
-1.705000e+00	3.641013e-05
-1.702500e+00	3.644175e-05
-1.700000e+00	3.647348e-05
-1.697500e+00	3.650531e-05
-1.695000e+00	3.653726e-05
-1.692500e+00	3.656931e-05
-1.690000e+00	3.660148e-05
-1.687500e+00	3.663376e-05
-1.685000e+00	3.666616e-05
-1.682500e+00	3.669867e-05
-1.680000e+00	3.673130e-05
-1.677500e+00	3.676404e-05
-1.675000e+00	3.679690e-05
-1.672500e+00	3.682988e-05
-1.670000e+00	3.686299e-05
-1.667500e+00	3.689621e-05
-1.665000e+00	3.692956e-05
-1.662500e+00	3.696303e-05
-1.660000e+00	3.699662e-05
-1.657500e+00	3.703035e-05
-1.655000e+00	3.706420e-05
-1.652500e+00	3.709818e-05
-1.650000e+00	3.713229e-05
-1.647500e+00	3.716653e-05
-1.645000e+00	3.720090e-05
-1.642500e+00	3.723541e-05
-1.640000e+00	3.727006e-05
-1.637500e+00	3.730484e-05
-1.635000e+00	3.733976e-05
-1.632500e+00	3.737481e-05
-1.630000e+00	3.741001e-05
-1.627500e+00	3.744536e-05
-1.625000e+00	3.748084e-05
-1.622500e+00	3.751648e-05
-1.620000e+00	3.755226e-05
-1.617500e+00	3.758818e-05
-1.615000e+00	3.762426e-05
-1.612500e+00	3.766049e-05
-1.610000e+00	3.769687e-05
-1.607500e+00	3.773341e-05
-1.605000e+00	3.777011e-05
-1.602500e+00	3.780696e-05
-1.600000e+00	3.784397e-05
-1.597500e+00	3.788115e-05
-1.595000e+00	3.791849e-05
-1.592500e+00	3.795599e-05
-1.590000e+00	3.799366e-05
-1.587500e+00	3.803150e-05
-1.585000e+00	3.806952e-05
-1.582500e+00	3.810770e-05
-1.580000e+00	3.814606e-05
-1.577500e+00	3.818460e-05
-1.575000e+00	3.822331e-05
-1.572500e+00	3.826221e-05
-1.570000e+00	3.830129e-05
-1.567500e+00	3.834055e-05
-1.565000e+00	3.838000e-05
-1.562500e+00	3.841964e-05
-1.560000e+00	3.845948e-05
-1.557500e+00	3.849950e-05
-1.555000e+00	3.853973e-05
-1.552500e+00	3.858015e-05
-1.550000e+00	3.862077e-05
-1.547500e+00	3.866160e-05
-1.545000e+00	3.870263e-05
-1.542500e+00	3.874387e-05
-1.540000e+00	3.878532e-05
-1.537500e+00	3.882699e-05
-1.535000e+00	3.886887e-05
-1.532500e+00	3.891097e-05
-1.530000e+00	3.895329e-05
-1.527500e+00	3.899584e-05
-1.525000e+00	3.903861e-05
-1.522500e+00	3.908162e-05
-1.520000e+00	3.912485e-05
-1.517500e+00	3.916833e-05
-1.515000e+00	3.921204e-05
-1.512500e+00	3.925600e-05
-1.510000e+00	3.930020e-05
-1.507500e+00	3.934465e-05
-1.505000e+00	3.938935e-05
-1.502500e+00	3.943431e-05
-1.500000e+00	3.947952e-05
-1.497500e+00	3.952500e-05
-1.495000e+00	3.957074e-05
-1.492500e+00	3.961676e-05
-1.490000e+00	3.966304e-05
-1.487500e+00	3.970961e-05
-1.485000e+00	3.975645e-05
-1.482500e+00	3.980358e-05
-1.480000e+00	3.985100e-05
-1.477500e+00	3.989871e-05
-1.475000e+00	3.994671e-05
-1.472500e+00	3.999502e-05
-1.470000e+00	4.004363e-05
-1.467500e+00	4.009256e-05
-1.465000e+00	4.014180e-05
-1.462500e+00	4.019135e-05
-1.460000e+00	4.024123e-05
-1.457500e+00	4.029144e-05
-1.455000e+00	4.034198e-05
-1.452500e+00	4.039286e-05
-1.450000e+00	4.044408e-05
-1.447500e+00	4.049565e-05
-1.445000e+00	4.054758e-05
-1.442500e+00	4.059986e-05
-1.440000e+00	4.065251e-05
-1.437500e+00	4.070552e-05
-1.435000e+00	4.075892e-05
-1.432500e+00	4.081269e-05
-1.430000e+00	4.086686e-05
-1.427500e+00	4.092141e-05
-1.425000e+00	4.097637e-05
-1.422500e+00	4.103174e-05
-1.420000e+00	4.108751e-05
-1.417500e+00	4.114371e-05
-1.415000e+00	4.120033e-05
-1.412500e+00	4.125739e-05
-1.410000e+00	4.131489e-05
-1.407500e+00	4.137284e-05
-1.405000e+00	4.143124e-05
-1.402500e+00	4.149011e-05
-1.400000e+00	4.154944e-05
-1.397500e+00	4.160926e-05
-1.395000e+00	4.166957e-05
-1.392500e+00	4.173037e-05
-1.390000e+00	4.179167e-05
-1.387500e+00	4.185349e-05
-1.385000e+00	4.191583e-05
-1.382500e+00	4.197871e-05
-1.380000e+00	4.204212e-05
-1.377500e+00	4.210609e-05
-1.375000e+00	4.217061e-05
-1.372500e+00	4.223571e-05
-1.370000e+00	4.230139e-05
-1.367500e+00	4.236767e-05
-1.365000e+00	4.243454e-05
-1.362500e+00	4.250203e-05
-1.360000e+00	4.257015e-05
-1.357500e+00	4.263891e-05
-1.355000e+00	4.270832e-05
-1.352500e+00	4.277839e-05
-1.350000e+00	4.284913e-05
-1.347500e+00	4.292057e-05
-1.345000e+00	4.299271e-05
-1.342500e+00	4.306557e-05
-1.340000e+00	4.313915e-05
-1.337500e+00	4.321349e-05
-1.335000e+00	4.328858e-05
-1.332500e+00	4.336445e-05
-1.330000e+00	4.344112e-05
-1.327500e+00	4.351859e-05
-1.325000e+00	4.359689e-05
-1.322500e+00	4.367604e-05
-1.320000e+00	4.375604e-05
-1.317500e+00	4.383693e-05
-1.315000e+00	4.391871e-05
-1.312500e+00	4.400141e-05
-1.310000e+00	4.408505e-05
-1.307500e+00	4.416965e-05
-1.305000e+00	4.425523e-05
-1.302500e+00	4.434181e-05
-1.300000e+00	4.442942e-05
-1.297500e+00	4.451808e-05
-1.295000e+00	4.460781e-05
-1.292500e+00	4.469863e-05
-1.290000e+00	4.479058e-05
-1.287500e+00	4.488368e-05
-1.285000e+00	4.497796e-05
-1.282500e+00	4.507344e-05
-1.280000e+00	4.517016e-05
-1.277500e+00	4.526814e-05
-1.275000e+00	4.536741e-05
-1.272500e+00	4.546802e-05
-1.270000e+00	4.556998e-05
-1.267500e+00	4.567334e-05
-1.265000e+00	4.577813e-05
-1.262500e+00	4.588439e-05
-1.260000e+00	4.599216e-05
-1.257500e+00	4.610147e-05
-1.255000e+00	4.621236e-05
-1.252500e+00	4.632488e-05
-1.250000e+00	4.643908e-05
-1.247500e+00	4.655499e-05
-1.245000e+00	4.667267e-05
-1.242500e+00	4.679217e-05
-1.240000e+00	4.691352e-05
-1.237500e+00	4.703680e-05
-1.235000e+00	4.716204e-05
-1.232500e+00	4.728932e-05
-1.230000e+00	4.741868e-05
-1.227500e+00	4.755020e-05
-1.225000e+00	4.768392e-05
-1.222500e+00	4.781993e-05
-1.220000e+00	4.795829e-05
-1.217500e+00	4.809907e-05
-1.215000e+00	4.824234e-05
-1.212500e+00	4.838819e-05
-1.210000e+00	4.853670e-05
-1.207500e+00	4.868795e-05
-1.205000e+00	4.884203e-05
-1.202500e+00	4.899903e-05
-1.200000e+00	4.915906e-05
-1.197500e+00	4.932221e-05
-1.195000e+00	4.948859e-05
-1.192500e+00	4.965830e-05
-1.190000e+00	4.983148e-05
-1.187500e+00	5.000823e-05
-1.185000e+00	5.018869e-05
-1.182500e+00	5.037298e-05
-1.180000e+00	5.056126e-05
-1.177500e+00	5.075367e-05
-1.175000e+00	5.095035e-05
-1.172500e+00	5.115149e-05
-1.170000e+00	5.135724e-05
-1.167500e+00	5.156779e-05
-1.165000e+00	5.178332e-05
-1.162500e+00	5.200405e-05
-1.160000e+00	5.223017e-05
-1.157500e+00	5.246192e-05
-1.155000e+00	5.269952e-05
-1.152500e+00	5.294324e-05
-1.150000e+00	5.319332e-05
-1.147500e+00	5.345006e-05
-1.145000e+00	5.371374e-05
-1.142500e+00	5.398468e-05
-1.140000e+00	5.426322e-05
-1.137500e+00	5.454971e-05
-1.135000e+00	5.484453e-05
-1.132500e+00	5.514808e-05
-1.130000e+00	5.546078e-05
-1.127500e+00	5.578310e-05
-1.125000e+00	5.611553e-05
-1.122500e+00	5.645858e-05
-1.120000e+00	5.681282e-05
-1.117500e+00	5.717885e-05
-1.115000e+00	5.755731e-05
-1.112500e+00	5.794889e-05
-1.110000e+00	5.835435e-05
-1.107500e+00	5.877449e-05
-1.105000e+00	5.921017e-05
-1.102500e+00	5.966234e-05
-1.100000e+00	6.013202e-05
-1.097500e+00	6.062030e-05
-1.095000e+00	6.112839e-05
-1.092500e+00	6.165761e-05
-1.090000e+00	6.220937e-05
-1.087500e+00	6.278523e-05
-1.085000e+00	6.338690e-05
-1.082500e+00	6.401627e-05
-1.080000e+00	6.467540e-05
-1.077500e+00	6.536655e-05
-1.075000e+00	6.609226e-05
-1.072500e+00	6.685532e-05
-1.070000e+00	6.765883e-05
-1.067500e+00	6.850625e-05
-1.065000e+00	6.940148e-05
-1.062500e+00	7.034885e-05
-1.060000e+00	7.135328e-05
-1.057500e+00	7.242031e-05
-1.055000e+00	7.355623e-05
-1.052500e+00	7.476822e-05
-1.050000e+00	7.606451e-05
-1.047500e+00	7.745454e-05
-1.045000e+00	7.894927e-05
-1.042500e+00	8.056142e-05
-1.040000e+00	8.230588e-05
-1.037500e+00	8.420020e-05
-1.035000e+00	8.626515e-05
-1.032500e+00	8.852559e-05
-1.030000e+00	9.101142e-05
-1.027500e+00	9.375899e-05
-1.025000e+00	9.681287e-05
-1.022500e+00	1.002283e-04
-1.020000e+00	1.040744e-04
-1.017500e+00	1.084391e-04
-1.015000e+00	1.134351e-04
-1.012500e+00	1.192094e-04
-1.010000e+00	1.259563e-04
-1.007500e+00	1.339367e-04
-1.005000e+00	1.435052e-04
-1.002500e+00	1.551495e-04
-1.000000e+00	1.695413e-04
-9.975000e-01	1.875917e-04
-9.950000e-01	2.104666e-04
-9.925000e-01	2.394273e-04
-9.900000e-01	2.752126e-04
-9.875000e-01	3.168155e-04
-9.850000e-01	3.609642e-04
-9.825000e-01	4.048803e-04
-9.800000e-01	4.487797e-04
-9.775000e-01	4.909137e-04
-9.750000e-01	5.241832e-04
-9.725000e-01	5.452552e-04
-9.700000e-01	5.602755e-04
-9.675000e-01	5.761977e-04
-9.650000e-01	5.968270e-04
-9.625000e-01	6.246566e-04
-9.600000e-01	6.564537e-04
-9.575000e-01	6.840323e-04
-9.550000e-01	7.040831e-04
-9.525000e-01	7.157708e-04
-9.500000e-01	7.123320e-04
-9.475000e-01	6.924955e-04
-9.450000e-01	6.713886e-04
-9.425000e-01	6.679922e-04
-9.400000e-01	6.914368e-04
-9.375000e-01	7.378403e-04
-9.350000e-01	7.913903e-04
-9.325000e-01	8.336870e-04
-9.300000e-01	8.572067e-04
-9.275000e-01	8.597731e-04
-9.250000e-01	8.361797e-04
-9.225000e-01	7.929770e-04
-9.200000e-01	7.525068e-04
-9.175000e-01	7.338463e-04
-9.150000e-01	7.413534e-04
-9.125000e-01	7.661500e-04
-9.100000e-01	7.951773e-04
-9.075000e-01	8.235841e-04
-9.050000e-01	8.530406e-04
-9.025000e-01	8.808012e-04
-9.000000e-01	9.034570e-04
-8.975000e-01	9.209568e-04
-8.950000e-01	9.287834e-04
-8.925000e-01	9.229463e-04
-8.900000e-01	9.090025e-04
-8.875000e-01	8.949747e-04
-8.850000e-01	8.856593e-04
-8.825000e-01	8.781687e-04
-8.800000e-01	8.600019e-04
-8.775000e-01	8.261720e-04
-8.750000e-01	7.916191e-04
-8.725000e-01	7.764840e-04
-8.700000e-01	7.908314e-04
-8.675000e-01	8.332131e-04
-8.650000e-01	8.957860e-04
-8.625000e-01	9.707973e-04
-8.600000e-01	1.046609e-03
-8.575000e-01	1.096335e-03
-8.550000e-01	1.093805e-03
-8.525000e-01	1.048657e-03
-8.500000e-01	9.971905e-04
-8.475000e-01	9.613198e-04
-8.450000e-01	9.337912e-04
-8.425000e-01	8.968575e-04
-8.400000e-01	8.501374e-04
-8.375000e-01	8.111786e-04
-8.350000e-01	7.945254e-04
-8.325000e-01	8.030135e-04
-8.300000e-01	8.340975e-04
-8.275000e-01	8.864880e-04
-8.250000e-01	9.554703e-04
-8.225000e-01	1.025675e-03
-8.200000e-01	1.078382e-03
-8.175000e-01	1.103589e-03
-8.150000e-01	1.096222e-03
-8.125000e-01	1.058934e-03
-8.100000e-01	1.014066e-03
-8.075000e-01	9.885374e-04
-8.050000e-01	9.915081e-04
-8.025000e-01	1.012150e-03
-8.000000e-01	1.030460e-03
-7.975000e-01	1.026570e-03
-7.950000e-01	9.912695e-04
-7.925000e-01	9.391620e-04
-7.900000e-01	8.966841e-04
-7.875000e-01	8.776516e-04
-7.850000e-01	8.769971e-04
-7.825000e-01	8.824960e-04
-7.800000e-01	8.915273e-04
-7.775000e-01	9.106623e-04
-7.750000e-01	9.417931e-04
-7.725000e-01	9.809612e-04
-7.700000e-01	1.024334e-03
-7.675000e-01	1.066429e-03
-7.650000e-01	1.104160e-03
-7.625000e-01	1.144000e-03
-7.600000e-01	1.189174e-03
-7.575000e-01	1.220194e-03
-7.550000e-01	1.203171e-03
-7.525000e-01	1.128899e-03
-7.500000e-01	1.029587e-03
-7.475000e-01	9.449929e-04
-7.450000e-01	8.937717e-04
-7.425000e-01	8.730895e-04
-7.400000e-01	8.680882e-04
-7.375000e-01	8.665169e-04
-7.350000e-01	8.697635e-04
-7.325000e-01	8.842296e-04
-7.300000e-01	9.096823e-04
-7.275000e-01	9.439272e-04
-7.250000e-01	9.885818e-04
-7.225000e-01	1.044779e-03
-7.200000e-01	1.108385e-03
-7.175000e-01	1.163671e-03
-7.150000e-01	1.188946e-03
-7.125000e-01	1.181551e-03
-7.100000e-01	1.156645e-03
-7.075000e-01	1.119786e-03
-7.050000e-01	1.070731e-03
-7.025000e-01	1.023838e-03
-7.000000e-01	9.991205e-04
-6.975000e-01	1.004643e-03
-6.950000e-01	1.034473e-03
-6.925000e-01	1.068865e-03
-6.900000e-01	1.075656e-03
-6.875000e-01	1.034286e-03
-6.850000e-01	9.612905e-04
-6.825000e-01	8.924017e-04
-6.800000e-01	8.521077e-04
-6.775000e-01	8.479250e-04
-6.750000e-01	8.759312e-04
-6.725000e-01	9.244646e-04
-6.700000e-01	9.791630e-04
-6.675000e-01	1.030731e-03
-6.650000e-01	1.077134e-03
-6.625000e-01	1.119588e-03
-6.600000e-01	1.156789e-03
-6.575000e-01	1.181855e-03
-6.550000e-01	1.188709e-03
-6.525000e-01	1.182427e-03
-6.500000e-01	1.173126e-03
-6.475000e-01	1.161244e-03
-6.450000e-01	1.138151e-03
-6.425000e-01	1.091404e-03
-6.400000e-01	1.018737e-03
-6.375000e-01	9.401220e-04
-6.350000e-01	8.811814e-04
-6.325000e-01	8.547894e-04
-6.300000e-01	8.598194e-04
-6.275000e-01	8.859354e-04
-6.250000e-01	9.192578e-04
-6.225000e-01	9.491167e-04
-6.200000e-01	9.734703e-04
-6.175000e-01	9.971814e-04
-6.150000e-01	1.022671e-03
-6.125000e-01	1.047829e-03
-6.100000e-01	1.072627e-03
-6.075000e-01	1.099651e-03
-6.050000e-01	1.122417e-03
-6.025000e-01	1.126854e-03
-6.000000e-01	1.115367e-03
-5.975000e-01	1.108685e-03
-5.950000e-01	1.116306e-03
-5.925000e-01	1.122145e-03
-5.900000e-01	1.106737e-03
-5.875000e-01	1.075724e-03
-5.850000e-01	1.048495e-03
-5.825000e-01	1.030138e-03
-5.800000e-01	1.007981e-03
-5.775000e-01	9.666643e-04
-5.750000e-01	9.072244e-04
-5.725000e-01	8.498147e-04
-5.700000e-01	8.153004e-04
-5.675000e-01	8.137687e-04
-5.650000e-01	8.458768e-04
-5.625000e-01	9.055475e-04
-5.600000e-01	9.808506e-04
-5.575000e-01	1.054483e-03
-5.550000e-01	1.108519e-03
-5.525000e-01	1.133146e-03
-5.500000e-01	1.130633e-03
-5.475000e-01	1.116826e-03
-5.450000e-01	1.108045e-03
-5.425000e-01	1.101644e-03
-5.400000e-01	1.084530e-03
-5.375000e-01	1.059700e-03
-5.350000e-01	1.043020e-03
-5.325000e-01	1.036220e-03
-5.300000e-01	1.022609e-03
-5.275000e-01	9.923008e-04
-5.250000e-01	9.559060e-04
-5.225000e-01	9.254680e-04
-5.200000e-01	9.002770e-04
-5.175000e-01	8.736754e-04
-5.150000e-01	8.454746e-04
-5.125000e-01	8.267104e-04
-5.100000e-01	8.297150e-04
-5.075000e-01	8.580435e-04
-5.050000e-01	9.074421e-04
-5.025000e-01	9.700848e-04
-5.000000e-01	1.032402e-03
-4.975000e-01	1.077114e-03
-4.950000e-01	1.095189e-03
-4.925000e-01	1.088867e-03
-4.900000e-01	1.070157e-03
-4.875000e-01	1.053239e-03
-4.850000e-01	1.040228e-03
-4.825000e-01	1.026260e-03
-4.800000e-01	1.010785e-03
-4.775000e-01	9.927096e-04
-4.750000e-01	9.686258e-04
-4.725000e-01	9.368549e-04
-4.700000e-01	8.990807e-04
-4.675000e-01	8.611242e-04
-4.650000e-01	8.266870e-04
-4.625000e-01	7.977281e-04
-4.600000e-01	7.813092e-04
-4.575000e-01	7.852794e-04
-4.550000e-01	8.114538e-04
-4.525000e-01	8.555521e-04
-4.500000e-01	9.062981e-04
-4.475000e-01	9.473086e-04
-4.450000e-01	9.707024e-04
-4.425000e-01	9.813949e-04
-4.400000e-01	9.867716e-04
-4.375000e-01	9.931366e-04
-4.350000e-01	1.000234e-03
-4.325000e-01	9.997494e-04
-4.300000e-01	9.879483e-04
-4.275000e-01	9.657154e-04
-4.250000e-01	9.314733e-04
-4.225000e-01	8.891990e-04
-4.200000e-01	8.476846e-04
-4.175000e-01	8.104820e-04
-4.150000e-01	7.778941e-04
-4.125000e-01	7.497780e-04
-4.100000e-01	7.265079e-04
-4.075000e-01	7.135656e-04
-4.050000e-01	7.178745e-04
-4.025000e-01	7.392756e-04
-4.000000e-01	7.701385e-04
-3.975000e-01	8.025412e-04
-3.950000e-01	8.321942e-04
-3.925000e-01	8.584607e-04
-3.900000e-01	8.825782e-04
-3.875000e-01	8.994544e-04
-3.850000e-01	9.011241e-04
-3.825000e-01	8.899443e-04
-3.800000e-01	8.721795e-04
-3.775000e-01	8.485232e-04
-3.750000e-01	8.197217e-04
-3.725000e-01	7.863150e-04
-3.700000e-01	7.473304e-04
-3.675000e-01	7.068168e-04
-3.650000e-01	6.715300e-04
-3.625000e-01	6.463540e-04
-3.600000e-01	6.363795e-04
-3.575000e-01	6.461238e-04
-3.550000e-01	6.766683e-04
-3.525000e-01	7.261934e-04
-3.500000e-01	7.911856e-04
-3.475000e-01	8.632050e-04
-3.450000e-01	9.291124e-04
-3.425000e-01	9.820664e-04
-3.400000e-01	1.022331e-03
-3.375000e-01	1.047132e-03
-3.350000e-01	1.055046e-03
-3.325000e-01	1.048292e-03
-3.300000e-01	1.028724e-03
-3.275000e-01	1.003688e-03
-3.250000e-01	9.809333e-04
-3.225000e-01	9.599092e-04
-3.200000e-01	9.395189e-04
-3.175000e-01	9.215385e-04
-3.150000e-01	9.077156e-04
-3.125000e-01	9.044899e-04
-3.100000e-01	9.197097e-04
-3.075000e-01	9.526990e-04
-3.050000e-01	9.971461e-04
-3.025000e-01	1.049229e-03
-3.000000e-01	1.101725e-03
-2.975000e-01	1.140868e-03
-2.950000e-01	1.160755e-03
-2.925000e-01	1.166690e-03
-2.900000e-01	1.166367e-03
-2.875000e-01	1.164459e-03
-2.850000e-01	1.158049e-03
-2.825000e-01	1.145067e-03
-2.800000e-01	1.127594e-03
-2.775000e-01	1.100271e-03
-2.750000e-01	1.058567e-03
-2.725000e-01	1.013527e-03
-2.700000e-01	9.806127e-04
-2.675000e-01	9.694353e-04
-2.650000e-01	9.880521e-04
-2.625000e-01	1.040578e-03
-2.600000e-01	1.117691e-03
-2.575000e-01	1.194674e-03
-2.550000e-01	1.243416e-03
-2.525000e-01	1.248906e-03
-2.500000e-01	1.219893e-03
-2.475000e-01	1.179081e-03
-2.450000e-01	1.139307e-03
-2.425000e-01	1.104403e-03
-2.400000e-01	1.079597e-03
-2.375000e-01	1.064433e-03
-2.350000e-01	1.052361e-03
-2.325000e-01	1.041487e-03
-2.300000e-01	1.033786e-03
-2.275000e-01	1.033163e-03
-2.250000e-01	1.044519e-03
-2.225000e-01	1.063511e-03
-2.200000e-01	1.078195e-03
-2.175000e-01	1.084032e-03
-2.150000e-01	1.083320e-03
-2.125000e-01	1.077698e-03
-2.100000e-01	1.066925e-03
-2.075000e-01	1.046961e-03
-2.050000e-01	1.018752e-03
-2.025000e-01	9.906755e-04
-2.000000e-01	9.635743e-04
-1.975000e-01	9.319215e-04
-1.950000e-01	8.984764e-04
-1.925000e-01	8.708692e-04
-1.900000e-01	8.525555e-04
-1.875000e-01	8.431370e-04
-1.850000e-01	8.373806e-04
-1.825000e-01	8.297518e-04
-1.800000e-01	8.222209e-04
-1.775000e-01	8.179198e-04
-1.750000e-01	8.152686e-04
-1.725000e-01	8.124527e-04
-1.700000e-01	8.077177e-04
-1.675000e-01	8.004890e-04
-1.650000e-01	7.933445e-04
-1.625000e-01	7.862687e-04
-1.600000e-01	7.778590e-04
-1.575000e-01	7.703548e-04
-1.550000e-01	7.660777e-04
-1.525000e-01	7.665177e-04
-1.500000e-01	7.737317e-04
-1.475000e-01	7.887968e-04
-1.450000e-01	8.084191e-04
-1.425000e-01	8.228787e-04
-1.400000e-01	8.263616e-04
-1.375000e-01	8.239598e-04
-1.350000e-01	8.194040e-04
-1.325000e-01	8.100255e-04
-1.300000e-01	7.955117e-04
-1.275000e-01	7.801826e-04
-1.250000e-01	7.716559e-04
-1.225000e-01	7.765534e-04
-1.200000e-01	7.927347e-04
-1.175000e-01	8.095585e-04
-1.150000e-01	8.182051e-04
-1.125000e-01	8.206485e-04
-1.100000e-01	8.213968e-04
-1.075000e-01	8.175804e-04
-1.050000e-01	8.059654e-04
-1.025000e-01	7.899516e-04
-1.000000e-01	7.775370e-04
-9.750000e-02	7.743991e-04
-9.500000e-02	7.788476e-04
-9.250000e-02	7.855050e-04
-9.000000e-02	7.896916e-04
-8.750000e-02	7.899862e-04
-8.500000e-02	7.875425e-04
-8.250000e-02	7.822158e-04
-8.000000e-02	7.722042e-04
-7.750000e-02	7.586674e-04
-7.500000e-02	7.473358e-04
-7.250000e-02	7.417680e-04
-7.000000e-02	7.407387e-04
-6.750000e-02	7.411527e-04
-6.500000e-02	7.399979e-04
-6.250000e-02	7.344093e-04
-6.000000e-02	7.235529e-04
-5.750000e-02	7.097082e-04
-5.500000e-02	6.969519e-04
-5.250000e-02	6.877594e-04
-5.000000e-02	6.810699e-04
-4.750000e-02	6.746097e-04
-4.500000e-02	6.664677e-04
-4.250000e-02	6.547783e-04
-4.000000e-02	6.400093e-04
-3.750000e-02	6.249214e-04
-3.500000e-02	6.111297e-04
-3.250000e-02	5.979580e-04
-3.000000e-02	5.840122e-04
-2.750000e-02	5.680965e-04
-2.500000e-02	5.495791e-04
-2.250000e-02	5.293874e-04
-2.000000e-02	5.087352e-04
-1.750000e-02	4.871547e-04
-1.500000e-02	4.632370e-04
-1.250000e-02	4.364498e-04
-1.000000e-02	4.073265e-04
-7.500000e-03	3.759632e-04
-5.000000e-03	3.422140e-04
-2.500000e-03	3.070449e-04
-6.394885e-14	2.725014e-04
2.500000e-03	2.409940e-04
5.000000e-03	2.142300e-04
7.500000e-03	1.925569e-04
1.000000e-02	1.753512e-04
1.250000e-02	1.616920e-04
1.500000e-02	1.507358e-04
1.750000e-02	1.418211e-04
2.000000e-02	1.344578e-04
2.250000e-02	1.282885e-04
2.500000e-02	1.230518e-04
2.750000e-02	1.185547e-04
3.000000e-02	1.146528e-04
3.250000e-02	1.112362e-04
3.500000e-02	1.082202e-04
3.750000e-02	1.055387e-04
4.000000e-02	1.031393e-04
4.250000e-02	1.009798e-04
4.500000e-02	9.902631e-05
4.750000e-02	9.725090e-05
5.000000e-02	9.563054e-05
5.250000e-02	9.414601e-05
5.500000e-02	9.278118e-05
5.750000e-02	9.152241e-05
6.000000e-02	9.035805e-05
6.250000e-02	8.927813e-05
6.500000e-02	8.827405e-05
6.750000e-02	8.733835e-05
7.000000e-02	8.646452e-05
7.250000e-02	8.564689e-05
7.500000e-02	8.488043e-05
7.750000e-02	8.416074e-05
8.000000e-02	8.348390e-05
8.250000e-02	8.284642e-05
8.500000e-02	8.224518e-05
8.750000e-02	8.167741e-05
9.000000e-02	8.114059e-05
9.250000e-02	8.063246e-05
9.500000e-02	8.015100e-05
9.750000e-02	7.969436e-05
1.000000e-01	7.926085e-05
1.025000e-01	7.884895e-05
1.050000e-01	7.845727e-05
1.075000e-01	7.808453e-05
1.100000e-01	7.772957e-05
1.125000e-01	7.739131e-05
1.150000e-01	7.706878e-05
1.175000e-01	7.676106e-05
1.200000e-01	7.646732e-05
1.225000e-01	7.618678e-05
1.250000e-01	7.591872e-05
1.275000e-01	7.566249e-05
1.300000e-01	7.541746e-05
1.325000e-01	7.518307e-05
1.350000e-01	7.495877e-05
1.375000e-01	7.474407e-05
1.400000e-01	7.453850e-05
1.425000e-01	7.434164e-05
1.450000e-01	7.415306e-05
1.475000e-01	7.397240e-05
1.500000e-01	7.379929e-05
1.525000e-01	7.363340e-05
1.550000e-01	7.347441e-05
1.575000e-01	7.332203e-05
1.600000e-01	7.317598e-05
1.625000e-01	7.303599e-05
1.650000e-01	7.290182e-05
1.675000e-01	7.277324e-05
1.700000e-01	7.265001e-05
1.725000e-01	7.253194e-05
1.750000e-01	7.241881e-05
1.775000e-01	7.231046e-05
1.800000e-01	7.220669e-05
1.825000e-01	7.210734e-05
1.850000e-01	7.201226e-05
1.875000e-01	7.192127e-05
1.900000e-01	7.183426e-05
1.925000e-01	7.175106e-05
1.950000e-01	7.167157e-05
1.975000e-01	7.159564e-05
2.000000e-01	7.152316e-05
2.025000e-01	7.145402e-05
2.050000e-01	7.138811e-05
2.075000e-01	7.132533e-05
2.100000e-01	7.126557e-05
2.125000e-01	7.120876e-05
2.150000e-01	7.115478e-05
2.175000e-01	7.110357e-05
2.200000e-01	7.105503e-05
2.225000e-01	7.100909e-05
2.250000e-01	7.096567e-05
2.275000e-01	7.092470e-05
2.300000e-01	7.088611e-05
2.325000e-01	7.084984e-05
2.350000e-01	7.081582e-05
2.375000e-01	7.078399e-05
2.400000e-01	7.075429e-05
2.425000e-01	7.072666e-05
2.450000e-01	7.070106e-05
2.475000e-01	7.067742e-05
2.500000e-01	7.065570e-05
2.525000e-01	7.063585e-05
2.550000e-01	7.061783e-05
2.575000e-01	7.060158e-05
2.600000e-01	7.058707e-05
2.625000e-01	7.057425e-05
2.650000e-01	7.056309e-05
2.675000e-01	7.055354e-05
2.700000e-01	7.054557e-05
2.725000e-01	7.053915e-05
2.750000e-01	7.053423e-05
2.775000e-01	7.053079e-05
2.800000e-01	7.052879e-05
2.825000e-01	7.052821e-05
2.850000e-01	7.052900e-05
2.875000e-01	7.053115e-05
2.900000e-01	7.053463e-05
2.925000e-01	7.053940e-05
2.950000e-01	7.054544e-05
2.975000e-01	7.055273e-05
3.000000e-01	7.056125e-05
3.025000e-01	7.057096e-05
3.050000e-01	7.058184e-05
3.075000e-01	7.059388e-05
3.100000e-01	7.060706e-05
3.125000e-01	7.062134e-05
3.150000e-01	7.063671e-05
3.175000e-01	7.065316e-05
3.200000e-01	7.067065e-05
3.225000e-01	7.068919e-05
3.250000e-01	7.070873e-05
3.275000e-01	7.072928e-05
3.300000e-01	7.075081e-05
3.325000e-01	7.077331e-05
3.350000e-01	7.079676e-05
3.375000e-01	7.082114e-05
3.400000e-01	7.084645e-05
3.425000e-01	7.087266e-05
3.450000e-01	7.089976e-05
3.475000e-01	7.092774e-05
3.500000e-01	7.095659e-05
3.525000e-01	7.098630e-05
3.550000e-01	7.101684e-05
3.575000e-01	7.104821e-05
3.600000e-01	7.108041e-05
3.625000e-01	7.111340e-05
3.650000e-01	7.114720e-05
3.675000e-01	7.118178e-05
3.700000e-01	7.121713e-05
3.725000e-01	7.125325e-05
3.750000e-01	7.129012e-05
3.775000e-01	7.132774e-05
3.800000e-01	7.136609e-05
3.825000e-01	7.140517e-05
3.850000e-01	7.144497e-05
3.875000e-01	7.148548e-05
3.900000e-01	7.152669e-05
3.925000e-01	7.156859e-05
3.950000e-01	7.161118e-05
3.975000e-01	7.165445e-05
4.000000e-01	7.169840e-05
4.025000e-01	7.174300e-05
4.050000e-01	7.178826e-05
4.075000e-01	7.183418e-05
4.100000e-01	7.188073e-05
4.125000e-01	7.192793e-05
4.150000e-01	7.197575e-05
4.175000e-01	7.202421e-05
4.200000e-01	7.207328e-05
4.225000e-01	7.212296e-05
4.250000e-01	7.217326e-05
4.275000e-01	7.222415e-05
4.300000e-01	7.227565e-05
4.325000e-01	7.232774e-05
4.350000e-01	7.238041e-05
4.375000e-01	7.243367e-05
4.400000e-01	7.248751e-05
4.425000e-01	7.254192e-05
4.450000e-01	7.259690e-05
4.475000e-01	7.265245e-05
4.500000e-01	7.270856e-05
4.525000e-01	7.276523e-05
4.550000e-01	7.282245e-05
4.575000e-01	7.288022e-05
4.600000e-01	7.293853e-05
4.625000e-01	7.299739e-05
4.650000e-01	7.305679e-05
4.675000e-01	7.311672e-05
4.700000e-01	7.317719e-05
4.725000e-01	7.323819e-05
4.750000e-01	7.329971e-05
4.775000e-01	7.336175e-05
4.800000e-01	7.342432e-05
4.825000e-01	7.348741e-05
4.850000e-01	7.355101e-05
4.875000e-01	7.361512e-05
4.900000e-01	7.367974e-05
4.925000e-01	7.374487e-05
4.950000e-01	7.381051e-05
4.975000e-01	7.387665e-05
5.000000e-01	7.394329e-05
5.025000e-01	7.401043e-05
5.050000e-01	7.407807e-05
5.075000e-01	7.414620e-05
5.100000e-01	7.421483e-05
5.125000e-01	7.428394e-05
5.150000e-01	7.435355e-05
5.175000e-01	7.442364e-05
5.200000e-01	7.449423e-05
5.225000e-01	7.456529e-05
5.250000e-01	7.463684e-05
5.275000e-01	7.470887e-05
5.300000e-01	7.478139e-05
5.325000e-01	7.485438e-05
5.350000e-01	7.492785e-05
5.375000e-01	7.500180e-05
5.400000e-01	7.507623e-05
5.425000e-01	7.515112e-05
5.450000e-01	7.522650e-05
5.475000e-01	7.530235e-05
5.500000e-01	7.537867e-05
5.525000e-01	7.545546e-05
5.550000e-01	7.553272e-05
5.575000e-01	7.561045e-05
5.600000e-01	7.568865e-05
5.625000e-01	7.576732e-05
5.650000e-01	7.584646e-05
5.675000e-01	7.592607e-05
5.700000e-01	7.600614e-05
5.725000e-01	7.608669e-05
5.750000e-01	7.616769e-05
5.775000e-01	7.624917e-05
5.800000e-01	7.633111e-05
5.825000e-01	7.641351e-05
5.850000e-01	7.649639e-05
5.875000e-01	7.657972e-05
5.900000e-01	7.666353e-05
5.925000e-01	7.674780e-05
5.950000e-01	7.683253e-05
5.975000e-01	7.691773e-05
6.000000e-01	7.700340e-05
6.025000e-01	7.708953e-05
6.050000e-01	7.717612e-05
6.075000e-01	7.726319e-05
6.100000e-01	7.735072e-05
6.125000e-01	7.743871e-05
6.150000e-01	7.752718e-05
6.175000e-01	7.761611e-05
6.200000e-01	7.770551e-05
6.225000e-01	7.779537e-05
6.250000e-01	7.788571e-05
6.275000e-01	7.797651e-05
6.300000e-01	7.806779e-05
6.325000e-01	7.815953e-05
6.350000e-01	7.825175e-05
6.375000e-01	7.834444e-05
6.400000e-01	7.843760e-05
6.425000e-01	7.853124e-05
6.450000e-01	7.862534e-05
6.475000e-01	7.871993e-05
6.500000e-01	7.881499e-05
6.525000e-01	7.891052e-05
6.550000e-01	7.900653e-05
6.575000e-01	7.910303e-05
6.600000e-01	7.920000e-05
6.625000e-01	7.929745e-05
6.650000e-01	7.939538e-05
6.675000e-01	7.949380e-05
6.700000e-01	7.959270e-05
6.725000e-01	7.969209e-05
6.750000e-01	7.979196e-05
6.775000e-01	7.989232e-05
6.800000e-01	7.999317e-05
6.825000e-01	8.009451e-05
6.850000e-01	8.019634e-05
6.875000e-01	8.029866e-05
6.900000e-01	8.040148e-05
6.925000e-01	8.050479e-05
6.950000e-01	8.060860e-05
6.975000e-01	8.071291e-05
7.000000e-01	8.081772e-05
7.025000e-01	8.092303e-05
7.050000e-01	8.102884e-05
7.075000e-01	8.113516e-05
7.100000e-01	8.124199e-05
7.125000e-01	8.134933e-05
7.150000e-01	8.145717e-05
7.175000e-01	8.156553e-05
7.200000e-01	8.167440e-05
7.225000e-01	8.178379e-05
7.250000e-01	8.189369e-05
7.275000e-01	8.200412e-05
7.300000e-01	8.211506e-05
7.325000e-01	8.222653e-05
7.350000e-01	8.233853e-05
7.375000e-01	8.245105e-05
7.400000e-01	8.256410e-05
7.425000e-01	8.267769e-05
7.450000e-01	8.279181e-05
7.475000e-01	8.290646e-05
7.500000e-01	8.302165e-05
7.525000e-01	8.313739e-05
7.550000e-01	8.325367e-05
7.575000e-01	8.337049e-05
7.600000e-01	8.348786e-05
7.625000e-01	8.360578e-05
7.650000e-01	8.372425e-05
7.675000e-01	8.384328e-05
7.700000e-01	8.396286e-05
7.725000e-01	8.408301e-05
7.750000e-01	8.420371e-05
7.775000e-01	8.432499e-05
7.800000e-01	8.444683e-05
7.825000e-01	8.456924e-05
7.850000e-01	8.469222e-05
7.875000e-01	8.481578e-05
7.900000e-01	8.493992e-05
7.925000e-01	8.506464e-05
7.950000e-01	8.518995e-05
7.975000e-01	8.531584e-05
8.000000e-01	8.544232e-05
8.025000e-01	8.556940e-05
8.050000e-01	8.569707e-05
8.075000e-01	8.582535e-05
8.100000e-01	8.595422e-05
8.125000e-01	8.608370e-05
8.150000e-01	8.621379e-05
8.175000e-01	8.634449e-05
8.200000e-01	8.647581e-05
8.225000e-01	8.660775e-05
8.250000e-01	8.674031e-05
8.275000e-01	8.687349e-05
8.300000e-01	8.700730e-05
8.325000e-01	8.714175e-05
8.350000e-01	8.727683e-05
8.375000e-01	8.741255e-05
8.400000e-01	8.754891e-05
8.425000e-01	8.768592e-05
8.450000e-01	8.782358e-05
8.475000e-01	8.796190e-05
8.500000e-01	8.810087e-05
8.525000e-01	8.824050e-05
8.550000e-01	8.838080e-05
8.575000e-01	8.852177e-05
8.600000e-01	8.866341e-05
8.625000e-01	8.880573e-05
8.650000e-01	8.894873e-05
8.675000e-01	8.909242e-05
8.700000e-01	8.923679e-05
8.725000e-01	8.938186e-05
8.750000e-01	8.952763e-05
8.775000e-01	8.967410e-05
8.800000e-01	8.982127e-05
8.825000e-01	8.996916e-05
8.850000e-01	9.011776e-05
8.875000e-01	9.026708e-05
8.900000e-01	9.041713e-05
8.925000e-01	9.056790e-05
8.950000e-01	9.071941e-05
8.975000e-01	9.087166e-05
9.000000e-01	9.102465e-05
9.025000e-01	9.117838e-05
9.050000e-01	9.133287e-05
9.075000e-01	9.148812e-05
9.100000e-01	9.164413e-05
9.125000e-01	9.180091e-05
9.150000e-01	9.195846e-05
9.175000e-01	9.211678e-05
9.200000e-01	9.227589e-05
9.225000e-01	9.243579e-05
9.250000e-01	9.259648e-05
9.275000e-01	9.275797e-05
9.300000e-01	9.292026e-05
9.325000e-01	9.308337e-05
9.350000e-01	9.324728e-05
9.375000e-01	9.341202e-05
9.400000e-01	9.357759e-05
9.425000e-01	9.374398e-05
9.450000e-01	9.391122e-05
9.475000e-01	9.407930e-05
9.500000e-01	9.424822e-05
9.525000e-01	9.441801e-05
9.550000e-01	9.458865e-05
9.575000e-01	9.476016e-05
9.600000e-01	9.493255e-05
9.625000e-01	9.510582e-05
9.650000e-01	9.527997e-05
9.675000e-01	9.545501e-05
9.700000e-01	9.563096e-05
9.725000e-01	9.580781e-05
9.750000e-01	9.598557e-05
9.775000e-01	9.616425e-05
9.800000e-01	9.634386e-05
9.825000e-01	9.652440e-05
9.850000e-01	9.670588e-05
9.875000e-01	9.688831e-05
9.900000e-01	9.707168e-05
9.925000e-01	9.725603e-05
9.950000e-01	9.744133e-05
9.975000e-01	9.762762e-05
1.000000e+00	9.781488e-05
1.002500e+00	9.800314e-05
1.005000e+00	9.819239e-05
1.007500e+00	9.838265e-05
1.010000e+00	9.857393e-05
1.012500e+00	9.876622e-05
1.015000e+00	9.895954e-05
1.017500e+00	9.915390e-05
1.020000e+00	9.934931e-05
1.022500e+00	9.954577e-05
1.025000e+00	9.974328e-05
1.027500e+00	9.994187e-05
1.030000e+00	1.001415e-04
1.032500e+00	1.003423e-04
1.035000e+00	1.005441e-04
1.037500e+00	1.007471e-04
1.040000e+00	1.009512e-04
1.042500e+00	1.011564e-04
1.045000e+00	1.013627e-04
1.047500e+00	1.015701e-04
1.050000e+00	1.017787e-04
1.052500e+00	1.019885e-04
1.055000e+00	1.021994e-04
1.057500e+00	1.024116e-04
1.060000e+00	1.026249e-04
1.062500e+00	1.028394e-04
1.065000e+00	1.030551e-04
1.067500e+00	1.032720e-04
1.070000e+00	1.034902e-04
1.072500e+00	1.037096e-04
1.075000e+00	1.039302e-04
1.077500e+00	1.041521e-04
1.080000e+00	1.043753e-04
1.082500e+00	1.045997e-04
1.085000e+00	1.048255e-04
1.087500e+00	1.050525e-04
1.090000e+00	1.052809e-04
1.092500e+00	1.055106e-04
1.095000e+00	1.057416e-04
1.097500e+00	1.059740e-04
1.100000e+00	1.062077e-04
1.102500e+00	1.064428e-04
1.105000e+00	1.066793e-04
1.107500e+00	1.069172e-04
1.110000e+00	1.071565e-04
1.112500e+00	1.073972e-04
1.115000e+00	1.076393e-04
1.117500e+00	1.078829e-04
1.120000e+00	1.081280e-04
1.122500e+00	1.083745e-04
1.125000e+00	1.086225e-04
1.127500e+00	1.088721e-04
1.130000e+00	1.091231e-04
1.132500e+00	1.093756e-04
1.135000e+00	1.096297e-04
1.137500e+00	1.098854e-04
1.140000e+00	1.101426e-04
1.142500e+00	1.104014e-04
1.145000e+00	1.106618e-04
1.147500e+00	1.109239e-04
1.150000e+00	1.111875e-04
1.152500e+00	1.114528e-04
1.155000e+00	1.117198e-04
1.157500e+00	1.119884e-04
1.160000e+00	1.122587e-04
1.162500e+00	1.125307e-04
1.165000e+00	1.128045e-04
1.167500e+00	1.130800e-04
1.170000e+00	1.133572e-04
1.172500e+00	1.136362e-04
1.175000e+00	1.139170e-04
1.177500e+00	1.141997e-04
1.180000e+00	1.144841e-04
1.182500e+00	1.147704e-04
1.185000e+00	1.150585e-04
1.187500e+00	1.153486e-04
1.190000e+00	1.156405e-04
1.192500e+00	1.159343e-04
1.195000e+00	1.162301e-04
1.197500e+00	1.165279e-04
1.200000e+00	1.168276e-04
1.202500e+00	1.171293e-04
1.205000e+00	1.174330e-04
1.207500e+00	1.177387e-04
1.210000e+00	1.180466e-04
1.212500e+00	1.183564e-04
1.215000e+00	1.186684e-04
1.217500e+00	1.189825e-04
1.220000e+00	1.192988e-04
1.222500e+00	1.196172e-04
1.225000e+00	1.199378e-04
1.227500e+00	1.202606e-04
1.230000e+00	1.205856e-04
1.232500e+00	1.209129e-04
1.235000e+00	1.212425e-04
1.237500e+00	1.215743e-04
1.240000e+00	1.219085e-04
1.242500e+00	1.222451e-04
1.245000e+00	1.225840e-04
1.247500e+00	1.229253e-04
1.250000e+00	1.232690e-04
1.252500e+00	1.236152e-04
1.255000e+00	1.239639e-04
1.257500e+00	1.243151e-04
1.260000e+00	1.246688e-04
1.262500e+00	1.250251e-04
1.265000e+00	1.253840e-04
1.267500e+00	1.257455e-04
1.270000e+00	1.261096e-04
1.272500e+00	1.264764e-04
1.275000e+00	1.268459e-04
1.277500e+00	1.272182e-04
1.280000e+00	1.275932e-04
1.282500e+00	1.279710e-04
1.285000e+00	1.283516e-04
1.287500e+00	1.287351e-04
1.290000e+00	1.291215e-04
1.292500e+00	1.295108e-04
1.295000e+00	1.299031e-04
1.297500e+00	1.302984e-04
1.300000e+00	1.306967e-04
1.302500e+00	1.310980e-04
1.305000e+00	1.315025e-04
1.307500e+00	1.319101e-04
1.310000e+00	1.323208e-04
1.312500e+00	1.327348e-04
1.315000e+00	1.331520e-04
1.317500e+00	1.335725e-04
1.320000e+00	1.339963e-04
1.322500e+00	1.344235e-04
1.325000e+00	1.348541e-04
1.327500e+00	1.352881e-04
1.330000e+00	1.357256e-04
1.332500e+00	1.361666e-04
1.335000e+00	1.366112e-04
1.337500e+00	1.370594e-04
1.340000e+00	1.375113e-04
1.342500e+00	1.379669e-04
1.345000e+00	1.384262e-04
1.347500e+00	1.388893e-04
1.350000e+00	1.393562e-04
1.352500e+00	1.398271e-04
1.355000e+00	1.403018e-04
1.357500e+00	1.407806e-04
1.360000e+00	1.412634e-04
1.362500e+00	1.417502e-04
1.365000e+00	1.422412e-04
1.367500e+00	1.427364e-04
1.370000e+00	1.432359e-04
1.372500e+00	1.437396e-04
1.375000e+00	1.442477e-04
1.377500e+00	1.447602e-04
1.380000e+00	1.452772e-04
1.382500e+00	1.457987e-04
1.385000e+00	1.463248e-04
1.387500e+00	1.468555e-04
1.390000e+00	1.473909e-04
1.392500e+00	1.479311e-04
1.395000e+00	1.484761e-04
1.397500e+00	1.490261e-04
1.400000e+00	1.495809e-04
1.402500e+00	1.501408e-04
1.405000e+00	1.507059e-04
1.407500e+00	1.512760e-04
1.410000e+00	1.518514e-04
1.412500e+00	1.524321e-04
1.415000e+00	1.530182e-04
1.417500e+00	1.536098e-04
1.420000e+00	1.542069e-04
1.422500e+00	1.548095e-04
1.425000e+00	1.554179e-04
1.427500e+00	1.560320e-04
1.430000e+00	1.566520e-04
1.432500e+00	1.572779e-04
1.435000e+00	1.579098e-04
1.437500e+00	1.585478e-04
1.440000e+00	1.591920e-04
1.442500e+00	1.598425e-04
1.445000e+00	1.604993e-04
1.447500e+00	1.611626e-04
1.450000e+00	1.618325e-04
1.452500e+00	1.625090e-04
1.455000e+00	1.631922e-04
1.457500e+00	1.638823e-04
1.460000e+00	1.645793e-04
1.462500e+00	1.652833e-04
1.465000e+00	1.659946e-04
1.467500e+00	1.667131e-04
1.470000e+00	1.674389e-04
1.472500e+00	1.681722e-04
1.475000e+00	1.689132e-04
1.477500e+00	1.696618e-04
1.480000e+00	1.704183e-04
1.482500e+00	1.711827e-04
1.485000e+00	1.719552e-04
1.487500e+00	1.727359e-04
1.490000e+00	1.735249e-04
1.492500e+00	1.743224e-04
1.495000e+00	1.751285e-04
1.497500e+00	1.759433e-04
1.500000e+00	1.767670e-04
1.502500e+00	1.775997e-04
1.505000e+00	1.784415e-04
1.507500e+00	1.792927e-04
1.510000e+00	1.801533e-04
1.512500e+00	1.810235e-04
1.515000e+00	1.819034e-04
1.517500e+00	1.827933e-04
1.520000e+00	1.836933e-04
1.522500e+00	1.846036e-04
1.525000e+00	1.855242e-04
1.527500e+00	1.864555e-04
1.530000e+00	1.873976e-04
1.532500e+00	1.883506e-04
1.535000e+00	1.893148e-04
1.537500e+00	1.902903e-04
1.540000e+00	1.912774e-04
1.542500e+00	1.922762e-04
1.545000e+00	1.932870e-04
1.547500e+00	1.943099e-04
1.550000e+00	1.953451e-04
1.552500e+00	1.963930e-04
1.555000e+00	1.974537e-04
1.557500e+00	1.985273e-04
1.560000e+00	1.996143e-04
1.562500e+00	2.007148e-04
1.565000e+00	2.018290e-04
1.567500e+00	2.029572e-04
1.570000e+00	2.040997e-04
1.572500e+00	2.052567e-04
1.575000e+00	2.064285e-04
1.577500e+00	2.076154e-04
1.580000e+00	2.088176e-04
1.582500e+00	2.100354e-04
1.585000e+00	2.112692e-04
1.587500e+00	2.125192e-04
1.590000e+00	2.137857e-04
1.592500e+00	2.150691e-04
1.595000e+00	2.163697e-04
1.597500e+00	2.176878e-04
1.600000e+00	2.190238e-04
1.602500e+00	2.203780e-04
1.605000e+00	2.217508e-04
1.607500e+00	2.231425e-04
1.610000e+00	2.245535e-04
1.612500e+00	2.259842e-04
1.615000e+00	2.274351e-04
1.617500e+00	2.289064e-04
1.620000e+00	2.303987e-04
1.622500e+00	2.319124e-04
1.625000e+00	2.334478e-04
1.627500e+00	2.350056e-04
1.630000e+00	2.365860e-04
1.632500e+00	2.381897e-04
1.635000e+00	2.398170e-04
1.637500e+00	2.414686e-04
1.640000e+00	2.431449e-04
1.642500e+00	2.448464e-04
1.645000e+00	2.465737e-04
1.647500e+00	2.483274e-04
1.650000e+00	2.501081e-04
1.652500e+00	2.519163e-04
1.655000e+00	2.537526e-04
1.657500e+00	2.556178e-04
1.660000e+00	2.575123e-04
1.662500e+00	2.594370e-04
1.665000e+00	2.613924e-04
1.667500e+00	2.633794e-04
1.670000e+00	2.653985e-04
1.672500e+00	2.674507e-04
1.675000e+00	2.695366e-04
1.677500e+00	2.716570e-04
1.680000e+00	2.738128e-04
1.682500e+00	2.760048e-04
1.685000e+00	2.782339e-04
1.687500e+00	2.805010e-04
1.690000e+00	2.828069e-04
1.692500e+00	2.851527e-04
1.695000e+00	2.875394e-04
1.697500e+00	2.899679e-04
1.700000e+00	2.924394e-04
1.702500e+00	2.949548e-04
1.705000e+00	2.975154e-04
1.707500e+00	3.001222e-04
1.710000e+00	3.027765e-04
1.712500e+00	3.054795e-04
1.715000e+00	3.082325e-04
1.717500e+00	3.110368e-04
1.720000e+00	3.138937e-04
1.722500e+00	3.168047e-04
1.725000e+00	3.197712e-04
1.727500e+00	3.227948e-04
1.730000e+00	3.258770e-04
1.732500e+00	3.290193e-04
1.735000e+00	3.322236e-04
1.737500e+00	3.354915e-04
1.740000e+00	3.388248e-04
1.742500e+00	3.422254e-04
1.745000e+00	3.456952e-04
1.747500e+00	3.492362e-04
1.750000e+00	3.528506e-04
1.752500e+00	3.565404e-04
1.755000e+00	3.603078e-04
1.757500e+00	3.641553e-04
1.760000e+00	3.680852e-04
1.762500e+00	3.721000e-04
1.765000e+00	3.762024e-04
1.767500e+00	3.803950e-04
1.770000e+00	3.846807e-04
1.772500e+00	3.890623e-04
1.775000e+00	3.935430e-04
1.777500e+00	3.981258e-04
1.780000e+00	4.028142e-04
1.782500e+00	4.076115e-04
1.785000e+00	4.125213e-04
1.787500e+00	4.175473e-04
1.790000e+00	4.226935e-04
1.792500e+00	4.279639e-04
1.795000e+00	4.333628e-04
1.797500e+00	4.388945e-04
1.800000e+00	4.445637e-04
1.802500e+00	4.503752e-04
1.805000e+00	4.563341e-04
1.807500e+00	4.624456e-04
1.810000e+00	4.687153e-04
1.812500e+00	4.751489e-04
1.815000e+00	4.817525e-04
1.817500e+00	4.885324e-04
1.820000e+00	4.954952e-04
1.822500e+00	5.026479e-04
1.825000e+00	5.099979e-04
1.827500e+00	5.175527e-04
1.830000e+00	5.253204e-04
1.832500e+00	5.333095e-04
1.835000e+00	5.415288e-04
1.837500e+00	5.499876e-04
1.840000e+00	5.586959e-04
1.842500e+00	5.676640e-04
1.845000e+00	5.769027e-04
1.847500e+00	5.864235e-04
1.850000e+00	5.962385e-04
1.852500e+00	6.063606e-04
1.855000e+00	6.168032e-04
1.857500e+00	6.275806e-04
1.860000e+00	6.387079e-04
1.862500e+00	6.502009e-04
1.865000e+00	6.620767e-04
1.867500e+00	6.743530e-04
1.870000e+00	6.870488e-04
1.872500e+00	7.001843e-04
1.875000e+00	7.137808e-04
1.877500e+00	7.278610e-04
1.880000e+00	7.424490e-04
1.882500e+00	7.575705e-04
1.885000e+00	7.732529e-04
1.887500e+00	7.895252e-04
1.890000e+00	8.064187e-04
1.892500e+00	8.239664e-04
1.895000e+00	8.422040e-04
1.897500e+00	8.611693e-04
1.900000e+00	8.809030e-04
1.902500e+00	9.014487e-04
1.905000e+00	9.228532e-04
1.907500e+00	9.451666e-04
1.910000e+00	9.684430e-04
1.912500e+00	9.927405e-04
1.915000e+00	1.018122e-03
1.917500e+00	1.044654e-03
1.920000e+00	1.072411e-03
1.922500e+00	1.101472e-03
1.925000e+00	1.131921e-03
1.927500e+00	1.163852e-03
1.930000e+00	1.197365e-03
1.932500e+00	1.232570e-03
1.935000e+00	1.269587e-03
1.937500e+00	1.308544e-03
1.940000e+00	1.349586e-03
1.942500e+00	1.392866e-03
1.945000e+00	1.438557e-03
1.947500e+00	1.486845e-03
1.950000e+00	1.537935e-03
1.952500e+00	1.592056e-03
1.955000e+00	1.649459e-03
1.957500e+00	1.710420e-03
1.960000e+00	1.775248e-03
1.962500e+00	1.844285e-03
1.965000e+00	1.917912e-03
1.967500e+00	1.996556e-03
1.970000e+00	2.080693e-03
1.972500e+00	2.170858e-03
1.975000e+00	2.267653e-03
1.977500e+00	2.371761e-03
1.980000e+00	2.483950e-03
1.982500e+00	2.605096e-03
1.985000e+00	2.736197e-03
1.987500e+00	2.878395e-03
1.990000e+00	3.032999e-03
1.992500e+00	3.201521e-03
1.995000e+00	3.385708e-03
1.997500e+00	3.587594e-03
2.000000e+00	3.809552e-03
2.002500e+00	4.054368e-03
2.005000e+00	4.325329e-03
2.007500e+00	4.626332e-03
2.010000e+00	4.962030e-03
2.012500e+00	5.338007e-03
2.015000e+00	5.761016e-03
2.017500e+00	6.239275e-03
2.020000e+00	6.782867e-03
2.022500e+00	7.404260e-03
2.025000e+00	8.119014e-03
2.027500e+00	8.946725e-03
2.030000e+00	9.912323e-03
2.032500e+00	1.104788e-02
2.035000e+00	1.239511e-02
2.037500e+00	1.400899e-02
2.040000e+00	1.596289e-02
2.042500e+00	1.835611e-02
2.045000e+00	2.132490e-02
2.047500e+00	2.505886e-02
2.050000e+00	2.982499e-02
2.052500e+00	3.600251e-02
2.055000e+00	4.412994e-02
2.057500e+00	5.495756e-02
2.060000e+00	6.946692e-02
2.062500e+00	8.872242e-02
2.065000e+00	1.131937e-01
2.067500e+00	1.409463e-01
2.070000e+00	1.650204e-01
2.072500e+00	1.744262e-01
2.075000e+00	1.635773e-01
2.077500e+00	1.390459e-01
2.080000e+00	1.117423e-01
2.082500e+00	8.810861e-02
2.085000e+00	6.976395e-02
2.087500e+00	5.615274e-02
2.090000e+00	4.623317e-02
2.092500e+00	3.908502e-02
2.095000e+00	3.403259e-02
2.097500e+00	3.060979e-02
2.100000e+00	2.847034e-02
2.102500e+00	2.725341e-02
2.105000e+00	2.645510e-02
2.107500e+00	2.553853e-02
2.110000e+00	2.436540e-02
2.112500e+00	2.331286e-02
2.115000e+00	2.282482e-02
2.117500e+00	2.305505e-02
2.120000e+00	2.377550e-02
2.122500e+00	2.444116e-02
2.125000e+00	2.460860e-02
2.127500e+00	2.438110e-02
2.130000e+00	2.405823e-02
2.132500e+00	2.354560e-02
2.135000e+00	2.257475e-02
2.137500e+00	2.131774e-02
2.140000e+00	2.029266e-02
2.142500e+00	1.981612e-02
2.145000e+00	1.976936e-02
2.147500e+00	1.972533e-02
2.150000e+00	1.939501e-02
2.152500e+00	1.900068e-02
2.155000e+00	1.903588e-02
2.157500e+00	1.985374e-02
2.160000e+00	2.151312e-02
2.162500e+00	2.364981e-02
2.165000e+00	2.531892e-02
2.167500e+00	2.538945e-02
2.170000e+00	2.365489e-02
2.172500e+00	2.107089e-02
2.175000e+00	1.869393e-02
2.177500e+00	1.703110e-02
2.180000e+00	1.614362e-02
2.182500e+00	1.583967e-02
2.185000e+00	1.576053e-02
2.187500e+00	1.557335e-02
2.190000e+00	1.528147e-02
2.192500e+00	1.520637e-02
2.195000e+00	1.567862e-02
2.197500e+00	1.688516e-02
2.200000e+00	1.883739e-02
2.202500e+00	2.123239e-02
2.205000e+00	2.325547e-02
2.207500e+00	2.386721e-02
2.210000e+00	2.281686e-02
2.212500e+00	2.096847e-02
2.215000e+00	1.932526e-02
2.217500e+00	1.829886e-02
2.220000e+00	1.772244e-02
2.222500e+00	1.718497e-02
2.225000e+00	1.651154e-02
2.227500e+00	1.592218e-02
2.230000e+00	1.565445e-02
2.232500e+00	1.563031e-02
2.235000e+00	1.551969e-02
2.237500e+00	1.514370e-02
2.240000e+00	1.472685e-02
2.242500e+00	1.461796e-02
2.245000e+00	1.494525e-02
2.247500e+00	1.553485e-02
2.250000e+00	1.606861e-02
2.252500e+00	1.642085e-02
2.255000e+00	1.670934e-02
2.257500e+00	1.690841e-02
2.260000e+00	1.675347e-02
2.262500e+00	1.619971e-02
2.265000e+00	1.564159e-02
2.267500e+00	1.555211e-02
2.270000e+00	1.620032e-02
2.272500e+00	1.762133e-02
2.275000e+00	1.954190e-02
2.277500e+00	2.122971e-02
2.280000e+00	2.174054e-02
2.282500e+00	2.081423e-02
2.285000e+00	1.918752e-02
2.287500e+00	1.771758e-02
2.290000e+00	1.668550e-02
2.292500e+00	1.582120e-02
2.295000e+00	1.473655e-02
2.297500e+00	1.340425e-02
2.300000e+00	1.212483e-02
2.302500e+00	1.116784e-02
2.305000e+00	1.064994e-02
2.307500e+00	1.060321e-02
2.310000e+00	1.103307e-02
2.312500e+00	1.191160e-02
2.315000e+00	1.309364e-02
2.317500e+00	1.420116e-02
2.320000e+00	1.472267e-02
2.322500e+00	1.449401e-02
2.325000e+00	1.392847e-02
2.327500e+00	1.358915e-02
2.330000e+00	1.383185e-02
2.332500e+00	1.482223e-02
2.335000e+00	1.661468e-02
2.337500e+00	1.908435e-02
2.340000e+00	2.169429e-02
2.342500e+00	2.340906e-02
2.345000e+00	2.337881e-02
2.347500e+00	2.186009e-02
2.350000e+00	1.977622e-02
2.352500e+00	1.768724e-02
2.355000e+00	1.572625e-02
2.357500e+00	1.400724e-02
2.360000e+00	1.266580e-02
2.362500e+00	1.173551e-02
2.365000e+00	1.113036e-02
2.367500e+00	1.067820e-02
2.370000e+00	1.024945e-02
2.372500e+00	9.893320e-03
2.375000e+00	9.769502e-03
2.377500e+00	1.001199e-02
2.380000e+00	1.069769e-02
2.382500e+00	1.184539e-02
2.385000e+00	1.334482e-02
2.387500e+00	1.482077e-02
2.390000e+00	1.567598e-02
2.392500e+00	1.560251e-02
2.395000e+00	1.498160e-02
2.397500e+00	1.445369e-02
2.400000e+00	1.435370e-02
2.402500e+00	1.457676e-02
2.405000e+00	1.471370e-02
2.407500e+00	1.445106e-02
2.410000e+00	1.395104e-02
2.412500e+00	1.366364e-02
2.415000e+00	1.393481e-02
2.417500e+00	1.489072e-02
2.420000e+00	1.641365e-02
2.422500e+00	1.802141e-02
2.425000e+00	1.889777e-02
2.427500e+00	1.851271e-02
2.430000e+00	1.721825e-02
2.432500e+00	1.576221e-02
2.435000e+00	1.454666e-02
2.437500e+00	1.360601e-02
2.440000e+00	1.294429e-02
2.442500e+00	1.261874e-02
2.445000e+00	1.256221e-02
2.447500e+00	1.252247e-02
2.450000e+00	1.229950e-02
2.452500e+00	1.201185e-02
2.455000e+00	1.197120e-02
2.457500e+00	1.240109e-02
2.460000e+00	1.331784e-02
2.462500e+00	1.446673e-02
2.465000e+00	1.532268e-02
2.467500e+00	1.542354e-02
2.470000e+00	1.477935e-02
2.472500e+00	1.368852e-02
2.475000e+00	1.240833e-02
2.477500e+00	1.114559e-02
2.480000e+00	1.004976e-02
2.482500e+00	9.207295e-03
2.485000e+00	8.672540e-03
2.487500e+00	8.473212e-03
2.490000e+00	8.624072e-03
2.492500e+00	9.150621e-03
2.495000e+00	1.010131e-02
2.497500e+00	1.153507e-02
2.500000e+00	1.345824e-02
2.502500e+00	1.567211e-02
2.505000e+00	1.760149e-02
2.507500e+00	1.849907e-02
2.510000e+00	1.820666e-02
2.512500e+00	1.741446e-02
2.515000e+00	1.693213e-02
2.517500e+00	1.711208e-02
2.520000e+00	1.776966e-02
2.522500e+00	1.828586e-02
2.525000e+00	1.805869e-02
2.527500e+00	1.713217e-02
2.530000e+00	1.603547e-02
2.532500e+00	1.506688e-02
2.535000e+00	1.409442e-02
2.537500e+00	1.295458e-02
2.540000e+00	1.178021e-02
2.542500e+00	1.084075e-02
2.545000e+00	1.031328e-02
2.547500e+00	1.025773e-02
2.550000e+00	1.063915e-02
2.552500e+00	1.128397e-02
2.555000e+00	1.182101e-02
2.557500e+00	1.183809e-02
2.560000e+00	1.126065e-02
2.562500e+00	1.036825e-02
2.565000e+00	9.433485e-03
2.567500e+00	8.605438e-03
2.570000e+00	7.983440e-03
2.572500e+00	7.627237e-03
2.575000e+00	7.557995e-03
2.577500e+00	7.786568e-03
2.580000e+00	8.338814e-03
2.582500e+00	9.267547e-03
2.585000e+00	1.065053e-02
2.587500e+00	1.255950e-02
2.590000e+00	1.495850e-02
2.592500e+00	1.749785e-02
2.595000e+00	1.938379e-02
2.597500e+00	1.984761e-02
2.600000e+00	1.901446e-02
2.602500e+00	1.776494e-02
2.605000e+00	1.678491e-02
2.607500e+00	1.620550e-02
2.610000e+00	1.589736e-02
2.612500e+00	1.575487e-02
2.615000e+00	1.559586e-02
2.617500e+00	1.512592e-02
2.620000e+00	1.430494e-02
2.622500e+00	1.345429e-02
2.625000e+00	1.285445e-02
2.627500e+00	1.248838e-02
2.630000e+00	1.218631e-02
2.632500e+00	1.191758e-02
2.635000e+00	1.179818e-02
2.637500e+00	1.181940e-02
2.640000e+00	1.174805e-02
2.642500e+00	1.139049e-02
2.645000e+00	1.086971e-02
2.647500e+00	1.046070e-02
2.650000e+00	1.028024e-02
2.652500e+00	1.022998e-02
2.655000e+00	1.017281e-02
2.657500e+00	1.011074e-02
2.660000e+00	1.009147e-02
2.662500e+00	1.003422e-02
2.665000e+00	9.831276e-03
2.667500e+00	9.569107e-03
2.670000e+00	9.480294e-03
2.672500e+00	9.759009e-03
2.675000e+00	1.050846e-02
2.677500e+00	1.174536e-02
2.680000e+00	1.332843e-02
2.682500e+00	1.482674e-02
2.685000e+00	1.561824e-02
2.687500e+00	1.546049e-02
2.690000e+00	1.480255e-02
2.692500e+00	1.423509e-02
2.695000e+00	1.393001e-02
2.697500e+00	1.362634e-02
2.700000e+00	1.302883e-02
2.702500e+00	1.221010e-02
2.705000e+00	1.147834e-02
2.707500e+00	1.100303e-02
2.710000e+00	1.073300e-02
2.712500e+00	1.058724e-02
2.715000e+00	1.063785e-02
2.717500e+00	1.105911e-02
2.720000e+00	1.198179e-02
2.722500e+00	1.339944e-02
2.725000e+00	1.505164e-02
2.727500e+00	1.635075e-02
2.730000e+00	1.672603e-02
2.732500e+00	1.625527e-02
2.735000e+00	1.555233e-02
2.737500e+00	1.502115e-02
2.740000e+00	1.453106e-02
2.742500e+00	1.372905e-02
2.745000e+00	1.258045e-02
2.747500e+00	1.142686e-02
2.750000e+00	1.060630e-02
2.752500e+00	1.027676e-02
2.755000e+00	1.047146e-02
2.757500e+00	1.113853e-02
2.760000e+00	1.207655e-02
2.762500e+00	1.284870e-02
2.765000e+00	1.296416e-02
2.767500e+00	1.236076e-02
2.770000e+00	1.145525e-02
2.772500e+00	1.063091e-02
2.775000e+00	9.958036e-03
2.777500e+00	9.350122e-03
2.780000e+00	8.815660e-03
2.782500e+00	8.481369e-03
2.785000e+00	8.468323e-03
2.787500e+00	8.848657e-03
2.790000e+00	9.661547e-03
2.792500e+00	1.089027e-02
2.795000e+00	1.235112e-02
2.797500e+00	1.355283e-02
2.800000e+00	1.384686e-02
2.802500e+00	1.303811e-02
2.805000e+00	1.162071e-02
2.807500e+00	1.021444e-02
2.810000e+00	9.142874e-03
2.812500e+00	8.482059e-03
2.815000e+00	8.215198e-03
2.817500e+00	8.318928e-03
2.820000e+00	8.793095e-03
2.822500e+00	9.667619e-03
2.825000e+00	1.100636e-02
2.827500e+00	1.290660e-02
2.830000e+00	1.544300e-02
2.832500e+00	1.847767e-02
2.835000e+00	2.135580e-02
2.837500e+00	2.289734e-02
2.840000e+00	2.231786e-02
2.842500e+00	2.017080e-02
2.845000e+00	1.768033e-02
2.847500e+00	1.560822e-02
2.850000e+00	1.403706e-02
2.852500e+00	1.271292e-02
2.855000e+00	1.147406e-02
2.857500e+00	1.041227e-02
2.860000e+00	9.691966e-03
2.862500e+00	9.398749e-03
2.865000e+00	9.530407e-03
2.867500e+00	9.985414e-03
2.870000e+00	1.049560e-02
2.872500e+00	1.064985e-02
2.875000e+00	1.020751e-02
2.877500e+00	9.364832e-03
2.880000e+00	8.508990e-03
2.882500e+00	7.887795e-03
2.885000e+00	7.570769e-03
2.887500e+00	7.526755e-03
2.890000e+00	7.683875e-03
2.892500e+00	7.999415e-03
2.895000e+00	8.523096e-03
2.897500e+00	9.357253e-03
2.900000e+00	1.053818e-02
2.902500e+00	1.189877e-02
2.905000e+00	1.296636e-02
2.907500e+00	1.317609e-02
2.910000e+00	1.244962e-02
2.912500e+00	1.130089e-02
2.915000e+00	1.028187e-02
2.917500e+00	9.654681e-03
2.920000e+00	9.444059e-03
2.922500e+00	9.532119e-03
2.925000e+00	9.725079e-03
2.927500e+00	9.902697e-03
2.930000e+00	1.016017e-02
2.932500e+00	1.072380e-02
2.935000e+00	1.179044e-02
2.937500e+00	1.346499e-02
2.940000e+00	1.568780e-02
2.942500e+00	1.804964e-02
2.945000e+00	1.970242e-02
2.947500e+00	1.990821e-02
2.950000e+00	1.889297e-02
2.952500e+00	1.759276e-02
2.955000e+00	1.668256e-02
2.957500e+00	1.617516e-02
2.960000e+00	1.559055e-02
2.962500e+00	1.449096e-02
2.965000e+00	1.298248e-02
2.967500e+00	1.151799e-02
2.970000e+00	1.042508e-02
2.972500e+00	9.783545e-03
2.975000e+00	9.491379e-03
2.977500e+00	9.317791e-03
2.980000e+00	9.026444e-03
2.982500e+00	8.586479e-03
2.985000e+00	8.178827e-03
2.987500e+00	7.986853e-03
2.990000e+00	8.076765e-03
2.992500e+00	8.381078e-03
2.995000e+00	8.694580e-03
2.997500e+00	8.773131e-03
3.000000e+00	8.575774e-03
3.002500e+00	8.320314e-03
3.005000e+00	8.260663e-03
3.007500e+00	8.548608e-03
3.010000e+00	9.249885e-03
3.012500e+00	1.035393e-02
3.015000e+00	1.169434e-02
3.017500e+00	1.284000e-02
3.020000e+00	1.324993e-02
3.022500e+00	1.280861e-02
3.025000e+00	1.199026e-02
3.027500e+00	1.135167e-02
3.030000e+00	1.116898e-02
3.032500e+00	1.143177e-02
3.035000e+00	1.188688e-02
3.037500e+00	1.214064e-02
3.040000e+00	1.199547e-02
3.042500e+00	1.167980e-02
3.045000e+00	1.157354e-02
3.047500e+00	1.186166e-02
3.050000e+00	1.242226e-02
3.052500e+00	1.286080e-02
3.055000e+00	1.280219e-02
3.057500e+00	1.231458e-02
3.060000e+00	1.183831e-02
3.062500e+00	1.177004e-02
3.065000e+00	1.230404e-02
3.067500e+00	1.346010e-02
3.070000e+00	1.502839e-02
3.072500e+00	1.642320e-02
3.075000e+00	1.682446e-02
3.077500e+00	1.590543e-02
3.080000e+00	1.421880e-02
3.082500e+00	1.254800e-02
3.085000e+00	1.131052e-02
3.087500e+00	1.053864e-02
3.090000e+00	1.002709e-02
3.092500e+00	9.503726e-03
3.095000e+00	8.865986e-03
3.097500e+00	8.245535e-03
3.100000e+00	7.821497e-03
3.102500e+00	7.695536e-03
3.105000e+00	7.908848e-03
3.107500e+00	8.476228e-03
3.110000e+00	9.369313e-03
3.112500e+00	1.043631e-02
3.115000e+00	1.133286e-02
3.117500e+00	1.169845e-02
3.120000e+00	1.155910e-02
3.122500e+00	1.134056e-02
3.125000e+00	1.146254e-02
3.127500e+00	1.211445e-02
3.130000e+00	1.322307e-02
3.132500e+00	1.438330e-02
3.135000e+00	1.491036e-02
3.137500e+00	1.437054e-02
3.140000e+00	1.307758e-02
3.142500e+00	1.170895e-02
3.145000e+00	1.071753e-02
3.147500e+00	1.023527e-02
3.150000e+00	1.017606e-02
3.152500e+00	1.026971e-02
3.155000e+00	1.013310e-02
3.157500e+00	9.558090e-03
3.160000e+00	8.711758e-03
3.162500e+00	7.903900e-03
3.165000e+00	7.324364e-03
3.167500e+00	7.031473e-03
3.170000e+00	7.030718e-03
3.172500e+00	7.324494e-03
3.175000e+00	7.924791e-03
3.177500e+00	8.838109e-03
3.180000e+00	1.003106e-02
3.182500e+00	1.142622e-02
3.185000e+00	1.299576e-02
3.187500e+00	1.480128e-02
3.190000e+00	1.672664e-02
3.192500e+00	1.815525e-02
3.195000e+00	1.824750e-02
3.197500e+00	1.686306e-02
3.200000e+00	1.477047e-02
3.202500e+00	1.280868e-02
3.205000e+00	1.138318e-02
3.207500e+00	1.057290e-02
3.210000e+00	1.031703e-02
3.212500e+00	1.046846e-02
3.215000e+00	1.076440e-02
3.217500e+00	1.089536e-02
3.220000e+00	1.077231e-02
3.222500e+00	1.063602e-02
3.225000e+00	1.080589e-02
3.227500e+00	1.146367e-02
3.230000e+00	1.259323e-02
3.232500e+00	1.389339e-02
3.235000e+00	1.472661e-02
3.237500e+00	1.449622e-02
3.240000e+00	1.328733e-02
3.242500e+00	1.175371e-02
3.245000e+00	1.045836e-02
3.247500e+00	9.637483e-03
3.250000e+00	9.323706e-03
3.252500e+00	9.452091e-03
3.255000e+00	9.850927e-03
3.257500e+00	1.020136e-02
3.260000e+00	1.017811e-02
3.262500e+00	9.767918e-03
3.265000e+00	9.271775e-03
3.267500e+00	8.958117e-03
3.270000e+00	8.855554e-03
3.272500e+00	8.765269e-03
3.275000e+00	8.440905e-03
3.277500e+00	7.855695e-03
3.280000e+00	7.209973e-03
3.282500e+00	6.699768e-03
3.285000e+00	6.412434e-03
3.287500e+00	6.368033e-03
3.290000e+00	6.572911e-03
3.292500e+00	7.046783e-03
3.295000e+00	7.832268e-03
3.297500e+00	8.992074e-03
3.300000e+00	1.058179e-02
3.302500e+00	1.256420e-02
3.305000e+00	1.464373e-02
3.307500e+00	1.618613e-02
3.310000e+00	1.663716e-02
3.312500e+00	1.619075e-02
3.315000e+00	1.560889e-02
3.317500e+00	1.547194e-02
3.320000e+00	1.583725e-02
3.322500e+00	1.625717e-02
3.325000e+00	1.608634e-02
3.327500e+00	1.513210e-02
3.330000e+00	1.386422e-02
3.332500e+00	1.286073e-02
3.335000e+00	1.239278e-02
3.337500e+00	1.240103e-02
3.340000e+00	1.254162e-02
3.342500e+00	1.233951e-02
3.345000e+00	1.160007e-02
3.347500e+00	1.060301e-02
3.350000e+00	9.755459e-03
3.352500e+00	9.294056e-03
3.355000e+00	9.291568e-03
3.357500e+00	9.721473e-03
3.360000e+00	1.043189e-02
3.362500e+00	1.106666e-02
3.365000e+00	1.116817e-02
3.367500e+00	1.059244e-02
3.370000e+00	9.676243e-03
3.372500e+00	8.854993e-03
3.375000e+00	8.367238e-03
3.377500e+00	8.270475e-03
3.380000e+00	8.504936e-03
3.382500e+00	8.879178e-03
3.385000e+00	9.070686e-03
3.387500e+00	8.833954e-03
3.390000e+00	8.259883e-03
3.392500e+00	7.653512e-03
3.395000e+00	7.246833e-03
3.397500e+00	7.126454e-03
3.400000e+00	7.280452e-03
3.402500e+00	7.611951e-03
3.405000e+00	7.933343e-03
3.407500e+00	8.067508e-03
3.410000e+00	8.035736e-03
3.412500e+00	8.044372e-03
3.415000e+00	8.299103e-03
3.417500e+00	8.931684e-03
3.420000e+00	1.003477e-02
3.422500e+00	1.168346e-02
3.425000e+00	1.387858e-02
3.427500e+00	1.637130e-02
3.430000e+00	1.846137e-02
3.432500e+00	1.924343e-02
3.435000e+00	1.851013e-02
3.437500e+00	1.705172e-02
3.440000e+00	1.579675e-02
3.442500e+00	1.516320e-02
3.445000e+00	1.502442e-02
3.447500e+00	1.485220e-02
3.450000e+00	1.409620e-02
3.452500e+00	1.272748e-02
3.455000e+00	1.119770e-02
3.457500e+00	9.924216e-03
3.460000e+00	9.082209e-03
3.462500e+00	8.697460e-03
3.465000e+00	8.744732e-03
3.467500e+00	9.161597e-03
3.470000e+00	9.787615e-03
3.472500e+00	1.031007e-02
3.475000e+00	1.041890e-02
3.477500e+00	1.013624e-02
3.480000e+00	9.800873e-03
3.482500e+00	9.709751e-03
3.485000e+00	9.908941e-03
3.487500e+00	1.016942e-02
3.490000e+00	1.011036e-02
3.492500e+00	9.551389e-03
3.495000e+00	8.711471e-03
3.497500e+00	7.935850e-03
3.500000e+00	7.430039e-03
3.502500e+00	7.261841e-03
3.505000e+00	7.440120e-03
3.507500e+00	7.941890e-03
3.510000e+00	8.668172e-03
3.512500e+00	9.361036e-03
3.515000e+00	9.644458e-03
3.517500e+00	9.343109e-03
3.520000e+00	8.691229e-03
3.522500e+00	8.061649e-03
3.525000e+00	7.684137e-03
3.527500e+00	7.643889e-03
3.530000e+00	7.972659e-03
3.532500e+00	8.704072e-03
3.535000e+00	9.881802e-03
3.537500e+00	1.151549e-02
3.540000e+00	1.345849e-02
3.542500e+00	1.525351e-02
3.545000e+00	1.626059e-02
3.547500e+00	1.628292e-02
3.550000e+00	1.584997e-02
3.552500e+00	1.558672e-02
3.555000e+00	1.560661e-02
3.557500e+00	1.547093e-02
3.560000e+00	1.466535e-02
3.562500e+00	1.322455e-02
3.565000e+00	1.165629e-02
3.567500e+00	1.039769e-02
3.570000e+00	9.626131e-03
3.572500e+00	9.365399e-03
3.575000e+00	9.576685e-03
3.577500e+00	1.014574e-02
3.580000e+00	1.079526e-02
3.582500e+00	1.108769e-02
3.585000e+00	1.074432e-02
3.587500e+00	9.959123e-03
3.590000e+00	9.164740e-03
3.592500e+00	8.664072e-03
3.595000e+00	8.576365e-03
3.597500e+00	8.918829e-03
3.600000e+00	9.625038e-03
3.602500e+00	1.046901e-02
3.605000e+00	1.101636e-02
3.607500e+00	1.087537e-02
3.610000e+00	1.011724e-02
3.612500e+00	9.186094e-03
3.615000e+00	8.461134e-03
3.617500e+00	8.107596e-03
3.620000e+00	8.158772e-03
3.622500e+00	8.576174e-03
3.625000e+00	9.216893e-03
3.627500e+00	9.767896e-03
3.630000e+00	9.854664e-03
3.632500e+00	9.394406e-03
3.635000e+00	8.691108e-03
3.637500e+00	8.100399e-03
3.640000e+00	7.813506e-03
3.642500e+00	7.896724e-03
3.645000e+00	8.371118e-03
3.647500e+00	9.231811e-03
3.650000e+00	1.039473e-02
3.652500e+00	1.160413e-02
3.655000e+00	1.248041e-02
3.657500e+00	1.287780e-02
3.660000e+00	1.310422e-02
3.662500e+00	1.355871e-02
3.665000e+00	1.428345e-02
3.667500e+00	1.483504e-02
3.670000e+00	1.459777e-02
3.672500e+00	1.345447e-02
3.675000e+00	1.191855e-02
3.677500e+00	1.055257e-02
3.680000e+00	9.630795e-03
3.682500e+00	9.220154e-03
3.685000e+00	9.317597e-03
3.687500e+00	9.898885e-03
3.690000e+00	1.087202e-02
3.692500e+00	1.195092e-02
3.695000e+00	1.259792e-02
3.697500e+00	1.235620e-02
3.700000e+00	1.135055e-02
3.702500e+00	1.013111e-02
3.705000e+00	9.141585e-03
3.707500e+00	8.564942e-03
3.710000e+00	8.439706e-03
3.712500e+00	8.756890e-03
3.715000e+00	9.464089e-03
3.717500e+00	1.038195e-02
3.720000e+00	1.111045e-02
3.722500e+00	1.118324e-02
3.725000e+00	1.052465e-02
3.727500e+00	9.540296e-03
3.730000e+00	8.676177e-03
3.732500e+00	8.156181e-03
3.735000e+00	8.031313e-03
3.737500e+00	8.256592e-03
3.740000e+00	8.681194e-03
3.742500e+00	9.018092e-03
3.745000e+00	8.982793e-03
3.747500e+00	8.578295e-03
3.750000e+00	8.085580e-03
3.752500e+00	7.777443e-03
3.755000e+00	7.795238e-03
3.757500e+00	8.200391e-03
3.760000e+00	9.028209e-03
3.762500e+00	1.027674e-02
3.765000e+00	1.181105e-02
3.767500e+00	1.322574e-02
3.770000e+00	1.393604e-02
3.772500e+00	1.371951e-02
3.775000e+00	1.301708e-02
3.777500e+00	1.243621e-02
3.780000e+00	1.224547e-02
3.782500e+00	1.228635e-02
3.785000e+00	1.212464e-02
3.787500e+00	1.145807e-02
3.790000e+00	1.045007e-02
3.792500e+00	9.498107e-03
3.795000e+00	8.876398e-03
3.797500e+00	8.689722e-03
3.800000e+00	8.962542e-03
3.802500e+00	9.677164e-03
3.805000e+00	1.071730e-02
3.807500e+00	1.174391e-02
3.810000e+00	1.220783e-02
3.812500e+00	1.177435e-02
3.815000e+00	1.071201e-02
3.817500e+00	9.570654e-03
3.820000e+00	8.717031e-03
3.822500e+00	8.282528e-03
3.825000e+00	8.288536e-03
3.827500e+00	8.719168e-03
3.830000e+00	9.501677e-03
3.832500e+00	1.040950e-02
3.835000e+00	1.100658e-02
3.837500e+00	1.090187e-02
3.840000e+00	1.017454e-02
3.842500e+00	9.279826e-03
3.845000e+00	8.604044e-03
3.847500e+00	8.309911e-03
3.850000e+00	8.405668e-03
3.852500e+00	8.780616e-03
3.855000e+00	9.175852e-03
3.857500e+00	9.258601e-03
3.860000e+00	8.912377e-03
3.862500e+00	8.366314e-03
3.865000e+00	7.934213e-03
3.867500e+00	7.804422e-03
3.870000e+00	8.058364e-03
3.872500e+00	8.740967e-03
3.875000e+00	9.879031e-03
3.877500e+00	1.141872e-02
3.880000e+00	1.307069e-02
3.882500e+00	1.420281e-02
3.885000e+00	1.418593e-02
3.887500e+00	1.307288e-02
3.890000e+00	1.153998e-02
3.892500e+00	1.019799e-02
3.895000e+00	9.313925e-03
3.897500e+00	8.936987e-03
3.900000e+00	9.029364e-03
3.902500e+00	9.481271e-03
3.905000e+00	1.004513e-02
3.907500e+00	1.034436e-02
3.910000e+00	1.015149e-02
3.912500e+00	9.649930e-03
3.915000e+00	9.224607e-03
3.917500e+00	9.144708e-03
3.920000e+00	9.500709e-03
3.922500e+00	1.022067e-02
3.925000e+00	1.101581e-02
3.927500e+00	1.139462e-02
3.930000e+00	1.101905e-02
3.932500e+00	1.008152e-02
3.935000e+00	9.063581e-03
3.937500e+00	8.306987e-03
3.940000e+00	7.942488e-03
3.942500e+00	7.998789e-03
3.945000e+00	8.472556e-03
3.947500e+00	9.314175e-03
3.950000e+00	1.033146e-02
3.952500e+00	1.109442e-02
3.955000e+00	1.111794e-02
3.957500e+00	1.034675e-02
3.960000e+00	9.217244e-03
3.962500e+00	8.183016e-03
3.965000e+00	7.459563e-03
3.967500e+00	7.096165e-03
3.970000e+00	7.088198e-03
3.972500e+00	7.426098e-03
3.975000e+00	8.085843e-03
3.977500e+00	8.965198e-03
3.980000e+00	9.800693e-03
3.982500e+00	1.023951e-02
3.985000e+00	1.017896e-02
3.987500e+00	9.922040e-03
3.990000e+00	9.864406e-03
3.992500e+00	1.021389e-02
3.995000e+00	1.093073e-02
3.997500e+00	1.169608e-02
