#omega	spectral weight
-3.000000e+00	2.311347e-05
-2.997500e+00	2.312355e-05
-2.995000e+00	2.313363e-05
-2.992500e+00	2.314373e-05
-2.990000e+00	2.315383e-05
-2.987500e+00	2.316393e-05
-2.985000e+00	2.317405e-05
-2.982500e+00	2.318417e-05
-2.980000e+00	2.319430e-05
-2.977500e+00	2.320443e-05
-2.975000e+00	2.321457e-05
-2.972500e+00	2.322472e-05
-2.970000e+00	2.323487e-05
-2.967500e+00	2.324504e-05
-2.965000e+00	2.325520e-05
-2.962500e+00	2.326538e-05
-2.960000e+00	2.327556e-05
-2.957500e+00	2.328575e-05
-2.955000e+00	2.329595e-05
-2.952500e+00	2.330615e-05
-2.950000e+00	2.331636e-05
-2.947500e+00	2.332658e-05
-2.945000e+00	2.333681e-05
-2.942500e+00	2.334704e-05
-2.940000e+00	2.335728e-05
-2.937500e+00	2.336752e-05
-2.935000e+00	2.337778e-05
-2.932500e+00	2.338803e-05
-2.930000e+00	2.339830e-05
-2.927500e+00	2.340858e-05
-2.925000e+00	2.341886e-05
-2.922500e+00	2.342914e-05
-2.920000e+00	2.343944e-05
-2.917500e+00	2.344974e-05
-2.915000e+00	2.346005e-05
-2.912500e+00	2.347037e-05
-2.910000e+00	2.348069e-05
-2.907500e+00	2.349102e-05
-2.905000e+00	2.350136e-05
-2.902500e+00	2.351170e-05
-2.900000e+00	2.352206e-05
-2.897500e+00	2.353241e-05
-2.895000e+00	2.354278e-05
-2.892500e+00	2.355315e-05
-2.890000e+00	2.356353e-05
-2.887500e+00	2.357392e-05
-2.885000e+00	2.358432e-05
-2.882500e+00	2.359472e-05
-2.880000e+00	2.360513e-05
-2.877500e+00	2.361554e-05
-2.875000e+00	2.362597e-05
-2.872500e+00	2.363640e-05
-2.870000e+00	2.364684e-05
-2.867500e+00	2.365728e-05
-2.865000e+00	2.366773e-05
-2.862500e+00	2.367819e-05
-2.860000e+00	2.368866e-05
-2.857500e+00	2.369913e-05
-2.855000e+00	2.370962e-05
-2.852500e+00	2.372010e-05
-2.850000e+00	2.373060e-05
-2.847500e+00	2.374110e-05
-2.845000e+00	2.375161e-05
-2.842500e+00	2.376213e-05
-2.840000e+00	2.377266e-05
-2.837500e+00	2.378319e-05
-2.835000e+00	2.379373e-05
-2.832500e+00	2.380428e-05
-2.830000e+00	2.381483e-05
-2.827500e+00	2.382539e-05
-2.825000e+00	2.383596e-05
-2.822500e+00	2.384654e-05
-2.820000e+00	2.385712e-05
-2.817500e+00	2.386771e-05
-2.815000e+00	2.387831e-05
-2.812500e+00	2.388892e-05
-2.810000e+00	2.389953e-05
-2.807500e+00	2.391015e-05
-2.805000e+00	2.392078e-05
-2.802500e+00	2.393141e-05
-2.800000e+00	2.394206e-05
-2.797500e+00	2.395271e-05
-2.795000e+00	2.396337e-05
-2.792500e+00	2.397403e-05
-2.790000e+00	2.398470e-05
-2.787500e+00	2.399538e-05
-2.785000e+00	2.400607e-05
-2.782500e+00	2.401677e-05
-2.780000e+00	2.402747e-05
-2.777500e+00	2.403818e-05
-2.775000e+00	2.404890e-05
-2.772500e+00	2.405962e-05
-2.770000e+00	2.407035e-05
-2.767500e+00	2.408109e-05
-2.765000e+00	2.409184e-05
-2.762500e+00	2.410260e-05
-2.760000e+00	2.411336e-05
-2.757500e+00	2.412413e-05
-2.755000e+00	2.413491e-05
-2.752500e+00	2.414569e-05
-2.750000e+00	2.415649e-05
-2.747500e+00	2.416729e-05
-2.745000e+00	2.417810e-05
-2.742500e+00	2.418891e-05
-2.740000e+00	2.419973e-05
-2.737500e+00	2.421057e-05
-2.735000e+00	2.422140e-05
-2.732500e+00	2.423225e-05
-2.730000e+00	2.424310e-05
-2.727500e+00	2.425397e-05
-2.725000e+00	2.426484e-05
-2.722500e+00	2.427571e-05
-2.720000e+00	2.428660e-05
-2.717500e+00	2.429749e-05
-2.715000e+00	2.430839e-05
-2.712500e+00	2.431930e-05
-2.710000e+00	2.433021e-05
-2.707500e+00	2.434114e-05
-2.705000e+00	2.435207e-05
-2.702500e+00	2.436300e-05
-2.700000e+00	2.437395e-05
-2.697500e+00	2.438490e-05
-2.695000e+00	2.439587e-05
-2.692500e+00	2.440684e-05
-2.690000e+00	2.441781e-05
-2.687500e+00	2.442880e-05
-2.685000e+00	2.443979e-05
-2.682500e+00	2.445079e-05
-2.680000e+00	2.446180e-05
-2.677500e+00	2.447282e-05
-2.675000e+00	2.448384e-05
-2.672500e+00	2.449487e-05
-2.670000e+00	2.450591e-05
-2.667500e+00	2.451696e-05
-2.665000e+00	2.452802e-05
-2.662500e+00	2.453908e-05
-2.660000e+00	2.455015e-05
-2.657500e+00	2.456123e-05
-2.655000e+00	2.457232e-05
-2.652500e+00	2.458341e-05
-2.650000e+00	2.459451e-05
-2.647500e+00	2.460562e-05
-2.645000e+00	2.461674e-05
-2.642500e+00	2.462787e-05
-2.640000e+00	2.463900e-05
-2.637500e+00	2.465015e-05
-2.635000e+00	2.466130e-05
-2.632500e+00	2.467246e-05
-2.630000e+00	2.468362e-05
-2.627500e+00	2.469480e-05
-2.625000e+00	2.470598e-05
-2.622500e+00	2.471717e-05
-2.620000e+00	2.472837e-05
-2.617500e+00	2.473957e-05
-2.615000e+00	2.475079e-05
-2.612500e+00	2.476201e-05
-2.610000e+00	2.477324e-05
-2.607500e+00	2.478448e-05
-2.605000e+00	2.479573e-05
-2.602500e+00	2.480698e-05
-2.600000e+00	2.481824e-05
-2.597500e+00	2.482951e-05
-2.595000e+00	2.484079e-05
-2.592500e+00	2.485208e-05
-2.590000e+00	2.486337e-05
-2.587500e+00	2.487468e-05
-2.585000e+00	2.488599e-05
-2.582500e+00	2.489731e-05
-2.580000e+00	2.490864e-05
-2.577500e+00	2.491997e-05
-2.575000e+00	2.493132e-05
-2.572500e+00	2.494267e-05
-2.570000e+00	2.495403e-05
-2.567500e+00	2.496540e-05
-2.565000e+00	2.497677e-05
-2.562500e+00	2.498816e-05
-2.560000e+00	2.499955e-05
-2.557500e+00	2.501095e-05
-2.555000e+00	2.502236e-05
-2.552500e+00	2.503378e-05
-2.550000e+00	2.504521e-05
-2.547500e+00	2.505664e-05
-2.545000e+00	2.506808e-05
-2.542500e+00	2.507953e-05
-2.540000e+00	2.509099e-05
-2.537500e+00	2.510246e-05
-2.535000e+00	2.511394e-05
-2.532500e+00	2.512542e-05
-2.530000e+00	2.513691e-05
-2.527500e+00	2.514841e-05
-2.525000e+00	2.515992e-05
-2.522500e+00	2.517144e-05
-2.520000e+00	2.518297e-05
-2.517500e+00	2.519450e-05
-2.515000e+00	2.520604e-05
-2.512500e+00	2.521759e-05
-2.510000e+00	2.522915e-05
-2.507500e+00	2.524072e-05
-2.505000e+00	2.525230e-05
-2.502500e+00	2.526388e-05
-2.500000e+00	2.527548e-05
-2.497500e+00	2.528708e-05
-2.495000e+00	2.529869e-05
-2.492500e+00	2.531031e-05
-2.490000e+00	2.532193e-05
-2.487500e+00	2.533357e-05
-2.485000e+00	2.534521e-05
-2.482500e+00	2.535687e-05
-2.480000e+00	2.536853e-05
-2.477500e+00	2.538020e-05
-2.475000e+00	2.539187e-05
-2.472500e+00	2.540356e-05
-2.470000e+00	2.541526e-05
-2.467500e+00	2.542696e-05
-2.465000e+00	2.543867e-05
-2.462500e+00	2.545039e-05
-2.460000e+00	2.546212e-05
-2.457500e+00	2.547386e-05
-2.455000e+00	2.548561e-05
-2.452500e+00	2.549736e-05
-2.450000e+00	2.550913e-05
-2.447500e+00	2.552090e-05
-2.445000e+00	2.553268e-05
-2.442500e+00	2.554447e-05
-2.440000e+00	2.555627e-05
-2.437500e+00	2.556808e-05
-2.435000e+00	2.557989e-05
-2.432500e+00	2.559172e-05
-2.430000e+00	2.560355e-05
-2.427500e+00	2.561539e-05
-2.425000e+00	2.562724e-05
-2.422500e+00	2.563910e-05
-2.420000e+00	2.565097e-05
-2.417500e+00	2.566285e-05
-2.415000e+00	2.567473e-05
-2.412500e+00	2.568663e-05
-2.410000e+00	2.569853e-05
-2.407500e+00	2.571044e-05
-2.405000e+00	2.572236e-05
-2.402500e+00	2.573429e-05
-2.400000e+00	2.574623e-05
-2.397500e+00	2.575818e-05
-2.395000e+00	2.577014e-05
-2.392500e+00	2.578210e-05
-2.390000e+00	2.579408e-05
-2.387500e+00	2.580606e-05
-2.385000e+00	2.581805e-05
-2.382500e+00	2.583005e-05
-2.380000e+00	2.584206e-05
-2.377500e+00	2.585408e-05
-2.375000e+00	2.586611e-05
-2.372500e+00	2.587814e-05
-2.370000e+00	2.589019e-05
-2.367500e+00	2.590224e-05
-2.365000e+00	2.591431e-05
-2.362500e+00	2.592638e-05
-2.360000e+00	2.593846e-05
-2.357500e+00	2.595055e-05
-2.355000e+00	2.596265e-05
-2.352500e+00	2.597476e-05
-2.350000e+00	2.598688e-05
-2.347500e+00	2.599900e-05
-2.345000e+00	2.601114e-05
-2.342500e+00	2.602328e-05
-2.340000e+00	2.603544e-05
-2.337500e+00	2.604760e-05
-2.335000e+00	2.605977e-05
-2.332500e+00	2.607195e-05
-2.330000e+00	2.608414e-05
-2.327500e+00	2.609634e-05
-2.325000e+00	2.610855e-05
-2.322500e+00	2.612077e-05
-2.320000e+00	2.613300e-05
-2.317500e+00	2.614523e-05
-2.315000e+00	2.615748e-05
-2.312500e+00	2.616973e-05
-2.310000e+00	2.618199e-05
-2.307500e+00	2.619427e-05
-2.305000e+00	2.620655e-05
-2.302500e+00	2.621884e-05
-2.300000e+00	2.623114e-05
-2.297500e+00	2.624345e-05
-2.295000e+00	2.625577e-05
-2.292500e+00	2.626810e-05
-2.290000e+00	2.628044e-05
-2.287500e+00	2.629278e-05
-2.285000e+00	2.630514e-05
-2.282500e+00	2.631750e-05
-2.280000e+00	2.632988e-05
-2.277500e+00	2.634226e-05
-2.275000e+00	2.635466e-05
-2.272500e+00	2.636706e-05
-2.270000e+00	2.637947e-05
-2.267500e+00	2.639189e-05
-2.265000e+00	2.640433e-05
-2.262500e+00	2.641677e-05
-2.260000e+00	2.642922e-05
-2.257500e+00	2.644168e-05
-2.255000e+00	2.645414e-05
-2.252500e+00	2.646662e-05
-2.250000e+00	2.647911e-05
-2.247500e+00	2.649161e-05
-2.245000e+00	2.650412e-05
-2.242500e+00	2.651663e-05
-2.240000e+00	2.652916e-05
-2.237500e+00	2.654169e-05
-2.235000e+00	2.655424e-05
-2.232500e+00	2.656679e-05
-2.230000e+00	2.657936e-05
-2.227500e+00	2.659193e-05
-2.225000e+00	2.660451e-05
-2.222500e+00	2.661711e-05
-2.220000e+00	2.662971e-05
-2.217500e+00	2.664232e-05
-2.215000e+00	2.665494e-05
-2.212500e+00	2.666758e-05
-2.210000e+00	2.668022e-05
-2.207500e+00	2.669287e-05
-2.205000e+00	2.670553e-05
-2.202500e+00	2.671820e-05
-2.200000e+00	2.673088e-05
-2.197500e+00	2.674357e-05
-2.195000e+00	2.675627e-05
-2.192500e+00	2.676898e-05
-2.190000e+00	2.678170e-05
-2.187500e+00	2.679443e-05
-2.185000e+00	2.680716e-05
-2.182500e+00	2.681991e-05
-2.180000e+00	2.683267e-05
-2.177500e+00	2.684544e-05
-2.175000e+00	2.685822e-05
-2.172500e+00	2.687100e-05
-2.170000e+00	2.688380e-05
-2.167500e+00	2.689661e-05
-2.165000e+00	2.690943e-05
-2.162500e+00	2.692225e-05
-2.160000e+00	2.693509e-05
-2.157500e+00	2.694794e-05
-2.155000e+00	2.696080e-05
-2.152500e+00	2.697366e-05
-2.150000e+00	2.698654e-05
-2.147500e+00	2.699943e-05
-2.145000e+00	2.701232e-05
-2.142500e+00	2.702523e-05
-2.140000e+00	2.703815e-05
-2.137500e+00	2.705107e-05
-2.135000e+00	2.706401e-05
-2.132500e+00	2.707696e-05
-2.130000e+00	2.708992e-05
-2.127500e+00	2.710288e-05
-2.125000e+00	2.711586e-05
-2.122500e+00	2.712885e-05
-2.120000e+00	2.714185e-05
-2.117500e+00	2.715485e-05
-2.115000e+00	2.716787e-05
-2.112500e+00	2.718090e-05
-2.110000e+00	2.719394e-05
-2.107500e+00	2.720699e-05
-2.105000e+00	2.722004e-05
-2.102500e+00	2.723311e-05
-2.100000e+00	2.724619e-05
-2.097500e+00	2.725928e-05
-2.095000e+00	2.727238e-05
-2.092500e+00	2.728549e-05
-2.090000e+00	2.729861e-05
-2.087500e+00	2.731174e-05
-2.085000e+00	2.732488e-05
-2.082500e+00	2.733803e-05
-2.080000e+00	2.735119e-05
-2.077500e+00	2.736436e-05
-2.075000e+00	2.737755e-05
-2.072500e+00	2.739074e-05
-2.070000e+00	2.740394e-05
-2.067500e+00	2.741715e-05
-2.065000e+00	2.743038e-05
-2.062500e+00	2.744361e-05
-2.060000e+00	2.745686e-05
-2.057500e+00	2.747011e-05
-2.055000e+00	2.748338e-05
-2.052500e+00	2.749665e-05
-2.050000e+00	2.750994e-05
-2.047500e+00	2.752324e-05
-2.045000e+00	2.753654e-05
-2.042500e+00	2.754986e-05
-2.040000e+00	2.756319e-05
-2.037500e+00	2.757653e-05
-2.035000e+00	2.758988e-05
-2.032500e+00	2.760324e-05
-2.030000e+00	2.761661e-05
-2.027500e+00	2.762999e-05
-2.025000e+00	2.764338e-05
-2.022500e+00	2.765679e-05
-2.020000e+00	2.767020e-05
-2.017500e+00	2.768362e-05
-2.015000e+00	2.769706e-05
-2.012500e+00	2.771050e-05
-2.010000e+00	2.772396e-05
-2.007500e+00	2.773743e-05
-2.005000e+00	2.775090e-05
-2.002500e+00	2.776439e-05
-2.000000e+00	2.777789e-05
-1.997500e+00	2.779140e-05
-1.995000e+00	2.780492e-05
-1.992500e+00	2.781846e-05
-1.990000e+00	2.783200e-05
-1.987500e+00	2.784555e-05
-1.985000e+00	2.785912e-05
-1.982500e+00	2.787269e-05
-1.980000e+00	2.788628e-05
-1.977500e+00	2.789987e-05
-1.975000e+00	2.791348e-05
-1.972500e+00	2.792710e-05
-1.970000e+00	2.794073e-05
-1.967500e+00	2.795437e-05
-1.965000e+00	2.796802e-05
-1.962500e+00	2.798169e-05
-1.960000e+00	2.799536e-05
-1.957500e+00	2.800905e-05
-1.955000e+00	2.802274e-05
-1.952500e+00	2.803645e-05
-1.950000e+00	2.805017e-05
-1.947500e+00	2.806390e-05
-1.945000e+00	2.807764e-05
-1.942500e+00	2.809139e-05
-1.940000e+00	2.810515e-05
-1.937500e+00	2.811893e-05
-1.935000e+00	2.813271e-05
-1.932500e+00	2.814651e-05
-1.930000e+00	2.816031e-05
-1.927500e+00	2.817413e-05
-1.925000e+00	2.818796e-05
-1.922500e+00	2.820180e-05
-1.920000e+00	2.821566e-05
-1.917500e+00	2.822952e-05
-1.915000e+00	2.824340e-05
-1.912500e+00	2.825728e-05
-1.910000e+00	2.827118e-05
-1.907500e+00	2.828509e-05
-1.905000e+00	2.829901e-05
-1.902500e+00	2.831294e-05
-1.900000e+00	2.832689e-05
-1.897500e+00	2.834084e-05
-1.895000e+00	2.835481e-05
-1.892500e+00	2.836879e-05
-1.890000e+00	2.838277e-05
-1.887500e+00	2.839678e-05
-1.885000e+00	2.841079e-05
-1.882500e+00	2.842481e-05
-1.880000e+00	2.843885e-05
-1.877500e+00	2.845289e-05
-1.875000e+00	2.846695e-05
-1.872500e+00	2.848102e-05
-1.870000e+00	2.849510e-05
-1.867500e+00	2.850920e-05
-1.865000e+00	2.852330e-05
-1.862500e+00	2.853742e-05
-1.860000e+00	2.855155e-05
-1.857500e+00	2.856569e-05
-1.855000e+00	2.857984e-05
-1.852500e+00	2.859400e-05
-1.850000e+00	2.860818e-05
-1.847500e+00	2.862237e-05
-1.845000e+00	2.863657e-05
-1.842500e+00	2.865078e-05
-1.840000e+00	2.866500e-05
-1.837500e+00	2.867923e-05
-1.835000e+00	2.869348e-05
-1.832500e+00	2.870774e-05
-1.830000e+00	2.872201e-05
-1.827500e+00	2.873629e-05
-1.825000e+00	2.875059e-05
-1.822500e+00	2.876489e-05
-1.820000e+00	2.877921e-05
-1.817500e+00	2.879354e-05
-1.815000e+00	2.880788e-05
-1.812500e+00	2.882224e-05
-1.810000e+00	2.883660e-05
-1.807500e+00	2.885098e-05
-1.805000e+00	2.886537e-05
-1.802500e+00	2.887977e-05
-1.800000e+00	2.889419e-05
-1.797500e+00	2.890862e-05
-1.795000e+00	2.892305e-05
-1.792500e+00	2.893751e-05
-1.790000e+00	2.895197e-05
-1.787500e+00	2.896644e-05
-1.785000e+00	2.898093e-05
-1.782500e+00	2.899543e-05
-1.780000e+00	2.900994e-05
-1.777500e+00	2.902447e-05
-1.775000e+00	2.903901e-05
-1.772500e+00	2.905356e-05
-1.770000e+00	2.906812e-05
-1.767500e+00	2.908269e-05
-1.765000e+00	2.909728e-05
-1.762500e+00	2.911188e-05
-1.760000e+00	2.912649e-05
-1.757500e+00	2.914111e-05
-1.755000e+00	2.915575e-05
-1.752500e+00	2.917040e-05
-1.750000e+00	2.918506e-05
-1.747500e+00	2.919973e-05
-1.745000e+00	2.921442e-05
-1.742500e+00	2.922912e-05
-1.740000e+00	2.924383e-05
-1.737500e+00	2.925856e-05
-1.735000e+00	2.927329e-05
-1.732500e+00	2.928804e-05
-1.730000e+00	2.930281e-05
-1.727500e+00	2.931758e-05
-1.725000e+00	2.933237e-05
-1.722500e+00	2.934717e-05
-1.720000e+00	2.936198e-05
-1.717500e+00	2.937681e-05
-1.715000e+00	2.939165e-05
-1.712500e+00	2.940650e-05
-1.710000e+00	2.942137e-05
-1.707500e+00	2.943625e-05
-1.705000e+00	2.945114e-05
-1.702500e+00	2.946604e-05
-1.700000e+00	2.948096e-05
-1.697500e+00	2.949589e-05
-1.695000e+00	2.951083e-05
-1.692500e+00	2.952579e-05
-1.690000e+00	2.954075e-05
-1.687500e+00	2.955574e-05
-1.685000e+00	2.957073e-05
-1.682500e+00	2.958574e-05
-1.680000e+00	2.960076e-05
-1.677500e+00	2.961580e-05
-1.675000e+00	2.963084e-05
-1.672500e+00	2.964590e-05
-1.670000e+00	2.966098e-05
-1.667500e+00	2.967607e-05
-1.665000e+00	2.969117e-05
-1.662500e+00	2.970628e-05
-1.660000e+00	2.972141e-05
-1.657500e+00	2.973655e-05
-1.655000e+00	2.975170e-05
-1.652500e+00	2.976687e-05
-1.650000e+00	2.978205e-05
-1.647500e+00	2.979725e-05
-1.645000e+00	2.981245e-05
-1.642500e+00	2.982768e-05
-1.640000e+00	2.984291e-05
-1.637500e+00	2.985816e-05
-1.635000e+00	2.987342e-05
-1.632500e+00	2.988870e-05
-1.630000e+00	2.990399e-05
-1.627500e+00	2.991929e-05
-1.625000e+00	2.993461e-05
-1.622500e+00	2.994994e-05
-1.620000e+00	2.996528e-05
-1.617500e+00	2.998064e-05
-1.615000e+00	2.999601e-05
-1.612500e+00	3.001140e-05
-1.610000e+00	3.002680e-05
-1.607500e+00	3.004221e-05
-1.605000e+00	3.005764e-05
-1.602500e+00	3.007308e-05
-1.600000e+00	3.008854e-05
-1.597500e+00	3.010400e-05
-1.595000e+00	3.011949e-05
-1.592500e+00	3.013498e-05
-1.590000e+00	3.015050e-05
-1.587500e+00	3.016602e-05
-1.585000e+00	3.018156e-05
-1.582500e+00	3.019712e-05
-1.580000e+00	3.021268e-05
-1.577500e+00	3.022827e-05
-1.575000e+00	3.024386e-05
-1.572500e+00	3.025947e-05
-1.570000e+00	3.027510e-05
-1.567500e+00	3.029074e-05
-1.565000e+00	3.030639e-05
-1.562500e+00	3.032206e-05
-1.560000e+00	3.033774e-05
-1.557500e+00	3.035344e-05
-1.555000e+00	3.036915e-05
-1.552500e+00	3.038487e-05
-1.550000e+00	3.040061e-05
-1.547500e+00	3.041637e-05
-1.545000e+00	3.043214e-05
-1.542500e+00	3.044792e-05
-1.540000e+00	3.046372e-05
-1.537500e+00	3.047954e-05
-1.535000e+00	3.049536e-05
-1.532500e+00	3.051121e-05
-1.530000e+00	3.052706e-05
-1.527500e+00	3.054294e-05
-1.525000e+00	3.055882e-05
-1.522500e+00	3.057473e-05
-1.520000e+00	3.059064e-05
-1.517500e+00	3.060657e-05
-1.515000e+00	3.062252e-05
-1.512500e+00	3.063848e-05
-1.510000e+00	3.065446e-05
-1.507500e+00	3.067045e-05
-1.505000e+00	3.068646e-05
-1.502500e+00	3.070248e-05
-1.500000e+00	3.071852e-05
-1.497500e+00	3.073457e-05
-1.495000e+00	3.075064e-05
-1.492500e+00	3.076672e-05
-1.490000e+00	3.078282e-05
-1.487500e+00	3.079894e-05
-1.485000e+00	3.081507e-05
-1.482500e+00	3.083121e-05
-1.480000e+00	3.084737e-05
-1.477500e+00	3.086355e-05
-1.475000e+00	3.087974e-05
-1.472500e+00	3.089594e-05
-1.470000e+00	3.091216e-05
-1.467500e+00	3.092840e-05
-1.465000e+00	3.094466e-05
-1.462500e+00	3.096093e-05
-1.460000e+00	3.097721e-05
-1.457500e+00	3.099351e-05
-1.455000e+00	3.100983e-05
-1.452500e+00	3.102616e-05
-1.450000e+00	3.104251e-05
-1.447500e+00	3.105887e-05
-1.445000e+00	3.107525e-05
-1.442500e+00	3.109165e-05
-1.440000e+00	3.110806e-05
-1.437500e+00	3.112449e-05
-1.435000e+00	3.114093e-05
-1.432500e+00	3.115739e-05
-1.430000e+00	3.117387e-05
-1.427500e+00	3.119036e-05
-1.425000e+00	3.120687e-05
-1.422500e+00	3.122340e-05
-1.420000e+00	3.123994e-05
-1.417500e+00	3.125650e-05
-1.415000e+00	3.127307e-05
-1.412500e+00	3.128966e-05
-1.410000e+00	3.130627e-05
-1.407500e+00	3.132289e-05
-1.405000e+00	3.133953e-05
-1.402500e+00	3.135619e-05
-1.400000e+00	3.137287e-05
-1.397500e+00	3.138956e-05
-1.395000e+00	3.140626e-05
-1.392500e+00	3.142299e-05
-1.390000e+00	3.143973e-05
-1.387500e+00	3.145649e-05
-1.385000e+00	3.147326e-05
-1.382500e+00	3.149006e-05
-1.380000e+00	3.150686e-05
-1.377500e+00	3.152369e-05
-1.375000e+00	3.154053e-05
-1.372500e+00	3.155739e-05
-1.370000e+00	3.157427e-05
-1.367500e+00	3.159117e-05
-1.365000e+00	3.160808e-05
-1.362500e+00	3.162501e-05
-1.360000e+00	3.164196e-05
-1.357500e+00	3.165892e-05
-1.355000e+00	3.167590e-05
-1.352500e+00	3.169290e-05
-1.350000e+00	3.170992e-05
-1.347500e+00	3.172696e-05
-1.345000e+00	3.174401e-05
-1.342500e+00	3.176108e-05
-1.340000e+00	3.177817e-05
-1.337500e+00	3.179528e-05
-1.335000e+00	3.181240e-05
-1.332500e+00	3.182954e-05
-1.330000e+00	3.184670e-05
-1.327500e+00	3.186388e-05
-1.325000e+00	3.188108e-05
-1.322500e+00	3.189829e-05
-1.320000e+00	3.191553e-05
-1.317500e+00	3.193278e-05
-1.315000e+00	3.195005e-05
-1.312500e+00	3.196733e-05
-1.310000e+00	3.198464e-05
-1.307500e+00	3.200197e-05
-1.305000e+00	3.201931e-05
-1.302500e+00	3.203667e-05
-1.300000e+00	3.205405e-05
-1.297500e+00	3.207145e-05
-1.295000e+00	3.208887e-05
-1.292500e+00	3.210631e-05
-1.290000e+00	3.212377e-05
-1.287500e+00	3.214124e-05
-1.285000e+00	3.215874e-05
-1.282500e+00	3.217625e-05
-1.280000e+00	3.219378e-05
-1.277500e+00	3.221134e-05
-1.275000e+00	3.222891e-05
-1.272500e+00	3.224650e-05
-1.270000e+00	3.226411e-05
-1.267500e+00	3.228174e-05
-1.265000e+00	3.229939e-05
-1.262500e+00	3.231706e-05
-1.260000e+00	3.233475e-05
-1.257500e+00	3.235245e-05
-1.255000e+00	3.237018e-05
-1.252500e+00	3.238793e-05
-1.250000e+00	3.240570e-05
-1.247500e+00	3.242349e-05
-1.245000e+00	3.244130e-05
-1.242500e+00	3.245912e-05
-1.240000e+00	3.247697e-05
-1.237500e+00	3.249484e-05
-1.235000e+00	3.251273e-05
-1.232500e+00	3.253064e-05
-1.230000e+00	3.254857e-05
-1.227500e+00	3.256653e-05
-1.225000e+00	3.258450e-05
-1.222500e+00	3.260249e-05
-1.220000e+00	3.262051e-05
-1.217500e+00	3.263854e-05
-1.215000e+00	3.265660e-05
-1.212500e+00	3.267467e-05
-1.210000e+00	3.269277e-05
-1.207500e+00	3.271089e-05
-1.205000e+00	3.272903e-05
-1.202500e+00	3.274719e-05
-1.200000e+00	3.276538e-05
-1.197500e+00	3.278358e-05
-1.195000e+00	3.280181e-05
-1.192500e+00	3.282006e-05
-1.190000e+00	3.283833e-05
-1.187500e+00	3.285662e-05
-1.185000e+00	3.287494e-05
-1.182500e+00	3.289327e-05
-1.180000e+00	3.291163e-05
-1.177500e+00	3.293002e-05
-1.175000e+00	3.294842e-05
-1.172500e+00	3.296685e-05
-1.170000e+00	3.298529e-05
-1.167500e+00	3.300377e-05
-1.165000e+00	3.302226e-05
-1.162500e+00	3.304078e-05
-1.160000e+00	3.305932e-05
-1.157500e+00	3.307788e-05
-1.155000e+00	3.309647e-05
-1.152500e+00	3.311508e-05
-1.150000e+00	3.313371e-05
-1.147500e+00	3.315237e-05
-1.145000e+00	3.317105e-05
-1.142500e+00	3.318975e-05
-1.140000e+00	3.320848e-05
-1.137500e+00	3.322723e-05
-1.135000e+00	3.324601e-05
-1.132500e+00	3.326481e-05
-1.130000e+00	3.328363e-05
-1.127500e+00	3.330248e-05
-1.125000e+00	3.332136e-05
-1.122500e+00	3.334025e-05
-1.120000e+00	3.335918e-05
-1.117500e+00	3.337812e-05
-1.115000e+00	3.339710e-05
-1.112500e+00	3.341609e-05
-1.110000e+00	3.343512e-05
-1.107500e+00	3.345416e-05
-1.105000e+00	3.347324e-05
-1.102500e+00	3.349234e-05
-1.100000e+00	3.351146e-05
-1.097500e+00	3.353061e-05
-1.095000e+00	3.354979e-05
-1.092500e+00	3.356899e-05
-1.090000e+00	3.358822e-05
-1.087500e+00	3.360748e-05
-1.085000e+00	3.362676e-05
-1.082500e+00	3.364607e-05
-1.080000e+00	3.366540e-05
-1.077500e+00	3.368476e-05
-1.075000e+00	3.370415e-05
-1.072500e+00	3.372357e-05
-1.070000e+00	3.374301e-05
-1.067500e+00	3.376248e-05
-1.065000e+00	3.378198e-05
-1.062500e+00	3.380151e-05
-1.060000e+00	3.382107e-05
-1.057500e+00	3.384065e-05
-1.055000e+00	3.386026e-05
-1.052500e+00	3.387990e-05
-1.050000e+00	3.389957e-05
-1.047500e+00	3.391927e-05
-1.045000e+00	3.393899e-05
-1.042500e+00	3.395875e-05
-1.040000e+00	3.397853e-05
-1.037500e+00	3.399835e-05
-1.035000e+00	3.401819e-05
-1.032500e+00	3.403807e-05
-1.030000e+00	3.405797e-05
-1.027500e+00	3.407790e-05
-1.025000e+00	3.409787e-05
-1.022500e+00	3.411786e-05
-1.020000e+00	3.413789e-05
-1.017500e+00	3.415795e-05
-1.015000e+00	3.417803e-05
-1.012500e+00	3.419815e-05
-1.010000e+00	3.421831e-05
-1.007500e+00	3.423849e-05
-1.005000e+00	3.425870e-05
-1.002500e+00	3.427895e-05
-1.000000e+00	3.429923e-05
-9.975000e-01	3.431954e-05
-9.950000e-01	3.433989e-05
-9.925000e-01	3.436027e-05
-9.900000e-01	3.438068e-05
-9.875000e-01	3.440112e-05
-9.850000e-01	3.442160e-05
-9.825000e-01	3.444211e-05
-9.800000e-01	3.446266e-05
-9.775000e-01	3.448324e-05
-9.750000e-01	3.450386e-05
-9.725000e-01	3.452451e-05
-9.700000e-01	3.454520e-05
-9.675000e-01	3.456592e-05
-9.650000e-01	3.458668e-05
-9.625000e-01	3.460747e-05
-9.600000e-01	3.462830e-05
-9.575000e-01	3.464917e-05
-9.550000e-01	3.467007e-05
-9.525000e-01	3.469102e-05
-9.500000e-01	3.471199e-05
-9.475000e-01	3.473301e-05
-9.450000e-01	3.475406e-05
-9.425000e-01	3.477516e-05
-9.400000e-01	3.479629e-05
-9.375000e-01	3.481746e-05
-9.350000e-01	3.483867e-05
-9.325000e-01	3.485992e-05
-9.300000e-01	3.488121e-05
-9.275000e-01	3.490254e-05
-9.250000e-01	3.492391e-05
-9.225000e-01	3.494532e-05
-9.200000e-01	3.496677e-05
-9.175000e-01	3.498826e-05
-9.150000e-01	3.500980e-05
-9.125000e-01	3.503138e-05
-9.100000e-01	3.505300e-05
-9.075000e-01	3.507466e-05
-9.050000e-01	3.509637e-05
-9.025000e-01	3.511812e-05
-9.000000e-01	3.513992e-05
-8.975000e-01	3.516176e-05
-8.950000e-01	3.518364e-05
-8.925000e-01	3.520557e-05
-8.900000e-01	3.522755e-05
-8.875000e-01	3.524957e-05
-8.850000e-01	3.527164e-05
-8.825000e-01	3.529376e-05
-8.800000e-01	3.531592e-05
-8.775000e-01	3.533814e-05
-8.750000e-01	3.536040e-05
-8.725000e-01	3.538271e-05
-8.700000e-01	3.540507e-05
-8.675000e-01	3.542748e-05
-8.650000e-01	3.544994e-05
-8.625000e-01	3.547245e-05
-8.600000e-01	3.549501e-05
-8.575000e-01	3.551763e-05
-8.550000e-01	3.554030e-05
-8.525000e-01	3.556302e-05
-8.500000e-01	3.558579e-05
-8.475000e-01	3.560862e-05
-8.450000e-01	3.563151e-05
-8.425000e-01	3.565445e-05
-8.400000e-01	3.567744e-05
-8.375000e-01	3.570050e-05
-8.350000e-01	3.572361e-05
-8.325000e-01	3.574678e-05
-8.300000e-01	3.577000e-05
-8.275000e-01	3.579329e-05
-8.250000e-01	3.581664e-05
-8.225000e-01	3.584004e-05
-8.200000e-01	3.586351e-05
-8.175000e-01	3.588704e-05
-8.150000e-01	3.591064e-05
-8.125000e-01	3.593429e-05
-8.100000e-01	3.595801e-05
-8.075000e-01	3.598180e-05
-8.050000e-01	3.600565e-05
-8.025000e-01	3.602957e-05
-8.000000e-01	3.605356e-05
-7.975000e-01	3.607761e-05
-7.950000e-01	3.610174e-05
-7.925000e-01	3.612593e-05
-7.900000e-01	3.615020e-05
-7.875000e-01	3.617454e-05
-7.850000e-01	3.619895e-05
-7.825000e-01	3.622343e-05
-7.800000e-01	3.624799e-05
-7.775000e-01	3.627263e-05
-7.750000e-01	3.629734e-05
-7.725000e-01	3.632213e-05
-7.700000e-01	3.634699e-05
-7.675000e-01	3.637194e-05
-7.650000e-01	3.639697e-05
-7.625000e-01	3.642208e-05
-7.600000e-01	3.644728e-05
-7.575000e-01	3.647256e-05
-7.550000e-01	3.649792e-05
-7.525000e-01	3.652337e-05
-7.500000e-01	3.654892e-05
-7.475000e-01	3.657455e-05
-7.450000e-01	3.660027e-05
-7.425000e-01	3.662608e-05
-7.400000e-01	3.665198e-05
-7.375000e-01	3.667799e-05
-7.350000e-01	3.670408e-05
-7.325000e-01	3.673028e-05
-7.300000e-01	3.675657e-05
-7.275000e-01	3.678297e-05
-7.250000e-01	3.680947e-05
-7.225000e-01	3.683607e-05
-7.200000e-01	3.686278e-05
-7.175000e-01	3.688959e-05
-7.150000e-01	3.691652e-05
-7.125000e-01	3.694356e-05
-7.100000e-01	3.697070e-05
-7.075000e-01	3.699797e-05
-7.050000e-01	3.702535e-05
-7.025000e-01	3.705285e-05
-7.000000e-01	3.708047e-05
-6.975000e-01	3.710821e-05
-6.950000e-01	3.713608e-05
-6.925000e-01	3.716407e-05
-6.900000e-01	3.719219e-05
-6.875000e-01	3.722045e-05
-6.850000e-01	3.724884e-05
-6.825000e-01	3.727736e-05
-6.800000e-01	3.730603e-05
-6.775000e-01	3.733483e-05
-6.750000e-01	3.736378e-05
-6.725000e-01	3.739288e-05
-6.700000e-01	3.742212e-05
-6.675000e-01	3.745152e-05
-6.650000e-01	3.748107e-05
-6.625000e-01	3.751078e-05
-6.600000e-01	3.754065e-05
-6.575000e-01	3.757069e-05
-6.550000e-01	3.760089e-05
-6.525000e-01	3.763127e-05
-6.500000e-01	3.766181e-05
-6.475000e-01	3.769254e-05
-6.450000e-01	3.772345e-05
-6.425000e-01	3.775454e-05
-6.400000e-01	3.778582e-05
-6.375000e-01	3.781730e-05
-6.350000e-01	3.784897e-05
-6.325000e-01	3.788084e-05
-6.300000e-01	3.791292e-05
-6.275000e-01	3.794521e-05
-6.250000e-01	3.797771e-05
-6.225000e-01	3.801044e-05
-6.200000e-01	3.804338e-05
-6.175000e-01	3.807656e-05
-6.150000e-01	3.810997e-05
-6.125000e-01	3.814362e-05
-6.100000e-01	3.817752e-05
-6.075000e-01	3.821167e-05
-6.050000e-01	3.824607e-05
-6.025000e-01	3.828074e-05
-6.000000e-01	3.831567e-05
-5.975000e-01	3.835089e-05
-5.950000e-01	3.838638e-05
-5.925000e-01	3.842216e-05
-5.900000e-01	3.845824e-05
-5.875000e-01	3.849463e-05
-5.850000e-01	3.853132e-05
-5.825000e-01	3.856834e-05
-5.800000e-01	3.860568e-05
-5.775000e-01	3.864336e-05
-5.750000e-01	3.868139e-05
-5.725000e-01	3.871977e-05
-5.700000e-01	3.875851e-05
-5.675000e-01	3.879762e-05
-5.650000e-01	3.883712e-05
-5.625000e-01	3.887701e-05
-5.600000e-01	3.891731e-05
-5.575000e-01	3.895802e-05
-5.550000e-01	3.899916e-05
-5.525000e-01	3.904074e-05
-5.500000e-01	3.908278e-05
-5.475000e-01	3.912527e-05
-5.450000e-01	3.916825e-05
-5.425000e-01	3.921172e-05
-5.400000e-01	3.925570e-05
-5.375000e-01	3.930021e-05
-5.350000e-01	3.934525e-05
-5.325000e-01	3.939085e-05
-5.300000e-01	3.943702e-05
-5.275000e-01	3.948378e-05
-5.250000e-01	3.953116e-05
-5.225000e-01	3.957916e-05
-5.200000e-01	3.962782e-05
-5.175000e-01	3.967714e-05
-5.150000e-01	3.972716e-05
-5.125000e-01	3.977790e-05
-5.100000e-01	3.982938e-05
-5.075000e-01	3.988162e-05
-5.050000e-01	3.993466e-05
-5.025000e-01	3.998852e-05
-5.000000e-01	4.004323e-05
-4.975000e-01	4.009882e-05
-4.950000e-01	4.015533e-05
-4.925000e-01	4.021278e-05
-4.900000e-01	4.027121e-05
-4.875000e-01	4.033066e-05
-4.850000e-01	4.039117e-05
-4.825000e-01	4.045277e-05
-4.800000e-01	4.051552e-05
-4.775000e-01	4.057945e-05
-4.750000e-01	4.064461e-05
-4.725000e-01	4.071106e-05
-4.700000e-01	4.077884e-05
-4.675000e-01	4.084801e-05
-4.650000e-01	4.091863e-05
-4.625000e-01	4.099076e-05
-4.600000e-01	4.106447e-05
-4.575000e-01	4.113983e-05
-4.550000e-01	4.121690e-05
-4.525000e-01	4.129576e-05
-4.500000e-01	4.137651e-05
-4.475000e-01	4.145922e-05
-4.450000e-01	4.154398e-05
-4.425000e-01	4.163090e-05
-4.400000e-01	4.172008e-05
-4.375000e-01	4.181164e-05
-4.350000e-01	4.190568e-05
-4.325000e-01	4.200233e-05
-4.300000e-01	4.210174e-05
-4.275000e-01	4.220404e-05
-4.250000e-01	4.230939e-05
-4.225000e-01	4.241795e-05
-4.200000e-01	4.252990e-05
-4.175000e-01	4.264544e-05
-4.150000e-01	4.276476e-05
-4.125000e-01	4.288809e-05
-4.100000e-01	4.301565e-05
-4.075000e-01	4.314772e-05
-4.050000e-01	4.328457e-05
-4.025000e-01	4.342649e-05
-4.000000e-01	4.357381e-05
-3.975000e-01	4.372689e-05
-3.950000e-01	4.388610e-05
-3.925000e-01	4.405186e-05
-3.900000e-01	4.422464e-05
-3.875000e-01	4.440493e-05
-3.850000e-01	4.459328e-05
-3.825000e-01	4.479028e-05
-3.800000e-01	4.499661e-05
-3.775000e-01	4.521299e-05
-3.750000e-01	4.544022e-05
-3.725000e-01	4.567921e-05
-3.700000e-01	4.593094e-05
-3.675000e-01	4.619653e-05
-3.650000e-01	4.647722e-05
-3.625000e-01	4.677440e-05
-3.600000e-01	4.708963e-05
-3.575000e-01	4.742469e-05
-3.550000e-01	4.778157e-05
-3.525000e-01	4.816257e-05
-3.500000e-01	4.857029e-05
-3.475000e-01	4.900773e-05
-3.450000e-01	4.947835e-05
-3.425000e-01	4.998617e-05
-3.400000e-01	5.053586e-05
-3.375000e-01	5.113292e-05
-3.350000e-01	5.178384e-05
-3.325000e-01	5.249634e-05
-3.300000e-01	5.327968e-05
-3.275000e-01	5.414503e-05
-3.250000e-01	5.510603e-05
-3.225000e-01	5.617947e-05
-3.200000e-01	5.738623e-05
-3.175000e-01	5.875257e-05
-3.150000e-01	6.031198e-05
-3.125000e-01	6.210767e-05
-3.100000e-01	6.419620e-05
-3.075000e-01	6.665272e-05
-3.050000e-01	6.957851e-05
-3.025000e-01	7.311182e-05
-3.000000e-01	7.744295e-05
-2.975000e-01	8.283324e-05
-2.950000e-01	8.963234e-05
-2.925000e-01	9.827202e-05
-2.900000e-01	1.091791e-04
-2.875000e-01	1.225224e-04
-2.850000e-01	1.378370e-04
-2.825000e-01	1.539436e-04
-2.800000e-01	1.695060e-04
-2.775000e-01	1.836726e-04
-2.750000e-01	1.961778e-04
-2.725000e-01	2.071010e-04
-2.700000e-01	2.166460e-04
-2.675000e-01	2.250277e-04
-2.650000e-01	2.324394e-04
-2.625000e-01	2.390327e-04
-2.600000e-01	2.449400e-04
-2.575000e-01	2.502554e-04
-2.550000e-01	2.550601e-04
-2.525000e-01	2.594310e-04
-2.500000e-01	2.633929e-04
-2.475000e-01	2.670254e-04
-2.450000e-01	2.703432e-04
-2.425000e-01	2.733579e-04
-2.400000e-01	2.761560e-04
-2.375000e-01	2.786942e-04
-2.350000e-01	2.810009e-04
-2.325000e-01	2.831615e-04
-2.300000e-01	2.850948e-04
-2.275000e-01	2.868357e-04
-2.250000e-01	2.884861e-04
-2.225000e-01	2.899310e-04
-2.200000e-01	2.912006e-04
-2.175000e-01	2.924158e-04
-2.150000e-01	2.934647e-04
-2.125000e-01	2.943222e-04
-2.100000e-01	2.951533e-04
-2.075000e-01	2.958656e-04
-2.050000e-01	2.963687e-04
-2.025000e-01	2.968395e-04
-2.000000e-01	2.972516e-04
-1.975000e-01	2.974572e-04
-1.950000e-01	2.975811e-04
-1.925000e-01	2.977097e-04
-1.900000e-01	2.976573e-04
-1.875000e-01	2.974669e-04
-1.850000e-01	2.973003e-04
-1.825000e-01	2.970164e-04
-1.800000e-01	2.965514e-04
-1.775000e-01	2.960775e-04
-1.750000e-01	2.955655e-04
-1.725000e-01	2.948575e-04
-1.700000e-01	2.940875e-04
-1.675000e-01	2.933227e-04
-1.650000e-01	2.923961e-04
-1.625000e-01	2.913478e-04
-1.600000e-01	2.903089e-04
-1.575000e-01	2.891635e-04
-1.550000e-01	2.878555e-04
-1.525000e-01	2.865350e-04
-1.500000e-01	2.851489e-04
-1.475000e-01	2.835961e-04
-1.450000e-01	2.819887e-04
-1.425000e-01	2.803420e-04
-1.400000e-01	2.785375e-04
-1.375000e-01	2.766451e-04
-1.350000e-01	2.747150e-04
-1.325000e-01	2.726423e-04
-1.300000e-01	2.704584e-04
-1.275000e-01	2.682257e-04
-1.250000e-01	2.658585e-04
-1.225000e-01	2.633673e-04
-1.200000e-01	2.608092e-04
-1.175000e-01	2.581159e-04
-1.150000e-01	2.552908e-04
-1.125000e-01	2.523779e-04
-1.100000e-01	2.493202e-04
-1.075000e-01	2.461245e-04
-1.050000e-01	2.428171e-04
-1.025000e-01	2.393507e-04
-1.000000e-01	2.357396e-04
-9.750000e-02	2.319914e-04
-9.500000e-02	2.280739e-04
-9.250000e-02	2.240096e-04
-9.000000e-02	2.197971e-04
-8.750000e-02	2.154383e-04
-8.500000e-02	2.109802e-04
-8.250000e-02	2.064677e-04
-8.000000e-02	2.020152e-04
-7.750000e-02	1.978189e-04
-7.500000e-02	1.941767e-04
-7.250000e-02	1.914947e-04
-7.000000e-02	1.901071e-04
-6.750000e-02	1.900580e-04
-6.500000e-02	1.910306e-04
-6.250000e-02	1.925568e-04
-6.000000e-02	1.942449e-04
-5.750000e-02	1.958338e-04
-5.500000e-02	1.971798e-04
-5.250000e-02	1.982023e-04
-5.000000e-02	1.988632e-04
-4.750000e-02	1.991409e-04
-4.500000e-02	1.990254e-04
-4.250000e-02	1.985086e-04
-4.000000e-02	1.975839e-04
-3.750000e-02	1.962424e-04
-3.500000e-02	1.944723e-04
-3.250000e-02	1.922580e-04
-3.000000e-02	1.895786e-04
-2.750000e-02	1.864076e-04
-2.500000e-02	1.827106e-04
-2.250000e-02	1.784449e-04
-2.000000e-02	1.735568e-04
-1.750000e-02	1.679811e-04
-1.500000e-02	1.616398e-04
-1.250000e-02	1.544458e-04
-1.000000e-02	1.463150e-04
-7.500000e-03	1.372021e-04
-5.000000e-03	1.271777e-04
-2.500000e-03	1.165546e-04
-6.394885e-14	1.059748e-04
2.500000e-03	9.625333e-05
5.000000e-03	8.798241e-05
7.500000e-03	8.130219e-05
1.000000e-02	7.602752e-05
1.250000e-02	7.186955e-05
1.500000e-02	6.856089e-05
1.750000e-02	6.589136e-05
2.000000e-02	6.370532e-05
2.250000e-02	6.188955e-05
2.500000e-02	6.036153e-05
2.750000e-02	5.906053e-05
3.000000e-02	5.794124e-05
3.250000e-02	5.696936e-05
3.500000e-02	5.611856e-05
3.750000e-02	5.536834e-05
4.000000e-02	5.470251e-05
4.250000e-02	5.410818e-05
4.500000e-02	5.357491e-05
4.750000e-02	5.309420e-05
5.000000e-02	5.265907e-05
5.250000e-02	5.226369e-05
5.500000e-02	5.190321e-05
5.750000e-02	5.157353e-05
6.000000e-02	5.127115e-05
6.250000e-02	5.099311e-05
6.500000e-02	5.073684e-05
6.750000e-02	5.050015e-05
7.000000e-02	5.028110e-05
7.250000e-02	5.007802e-05
7.500000e-02	4.988944e-05
7.750000e-02	4.971407e-05
8.000000e-02	4.955077e-05
8.250000e-02	4.939852e-05
8.500000e-02	4.925641e-05
8.750000e-02	4.912364e-05
9.000000e-02	4.899948e-05
9.250000e-02	4.888329e-05
9.500000e-02	4.877449e-05
9.750000e-02	4.867253e-05
1.000000e-01	4.857694e-05
1.025000e-01	4.848728e-05
1.050000e-01	4.840317e-05
1.075000e-01	4.832423e-05
1.100000e-01	4.825013e-05
1.125000e-01	4.818058e-05
1.150000e-01	4.811530e-05
1.175000e-01	4.805402e-05
1.200000e-01	4.799651e-05
1.225000e-01	4.794256e-05
1.250000e-01	4.789197e-05
1.275000e-01	4.784455e-05
1.300000e-01	4.780012e-05
1.325000e-01	4.775853e-05
1.350000e-01	4.771963e-05
1.375000e-01	4.768328e-05
1.400000e-01	4.764935e-05
1.425000e-01	4.761772e-05
1.450000e-01	4.758828e-05
1.475000e-01	4.756093e-05
1.500000e-01	4.753556e-05
1.525000e-01	4.751209e-05
1.550000e-01	4.749042e-05
1.575000e-01	4.747048e-05
1.600000e-01	4.745219e-05
1.625000e-01	4.743547e-05
1.650000e-01	4.742027e-05
1.675000e-01	4.740651e-05
1.700000e-01	4.739414e-05
1.725000e-01	4.738309e-05
1.750000e-01	4.737332e-05
1.775000e-01	4.736478e-05
1.800000e-01	4.735742e-05
1.825000e-01	4.735118e-05
1.850000e-01	4.734603e-05
1.875000e-01	4.734193e-05
1.900000e-01	4.733884e-05
1.925000e-01	4.733672e-05
1.950000e-01	4.733554e-05
1.975000e-01	4.733526e-05
2.000000e-01	4.733585e-05
2.025000e-01	4.733728e-05
2.050000e-01	4.733953e-05
2.075000e-01	4.734256e-05
2.100000e-01	4.734635e-05
2.125000e-01	4.735087e-05
2.150000e-01	4.735610e-05
2.175000e-01	4.736203e-05
2.200000e-01	4.736861e-05
2.225000e-01	4.737584e-05
2.250000e-01	4.738370e-05
2.275000e-01	4.739217e-05
2.300000e-01	4.740122e-05
2.325000e-01	4.741084e-05
2.350000e-01	4.742102e-05
2.375000e-01	4.743173e-05
2.400000e-01	4.744297e-05
2.425000e-01	4.745471e-05
2.450000e-01	4.746695e-05
2.475000e-01	4.747967e-05
2.500000e-01	4.749286e-05
2.525000e-01	4.750650e-05
2.550000e-01	4.752058e-05
2.575000e-01	4.753510e-05
2.600000e-01	4.755003e-05
2.625000e-01	4.756538e-05
2.650000e-01	4.758112e-05
2.675000e-01	4.759726e-05
2.700000e-01	4.761377e-05
2.725000e-01	4.763065e-05
2.750000e-01	4.764789e-05
2.775000e-01	4.766549e-05
2.800000e-01	4.768343e-05
2.825000e-01	4.770171e-05
2.850000e-01	4.772032e-05
2.875000e-01	4.773925e-05
2.900000e-01	4.775850e-05
2.925000e-01	4.777805e-05
2.950000e-01	4.779790e-05
2.975000e-01	4.781805e-05
3.000000e-01	4.783849e-05
3.025000e-01	4.785921e-05
3.050000e-01	4.788021e-05
3.075000e-01	4.790147e-05
3.100000e-01	4.792301e-05
3.125000e-01	4.794480e-05
3.150000e-01	4.796685e-05
3.175000e-01	4.798915e-05
3.200000e-01	4.801170e-05
3.225000e-01	4.803449e-05
3.250000e-01	4.805751e-05
3.275000e-01	4.808077e-05
3.300000e-01	4.810425e-05
3.325000e-01	4.812796e-05
3.350000e-01	4.815189e-05
3.375000e-01	4.817604e-05
3.400000e-01	4.820040e-05
3.425000e-01	4.822497e-05
3.450000e-01	4.824974e-05
3.475000e-01	4.827472e-05
3.500000e-01	4.829990e-05
3.525000e-01	4.832527e-05
3.550000e-01	4.835084e-05
3.575000e-01	4.837659e-05
3.600000e-01	4.840254e-05
3.625000e-01	4.842867e-05
3.650000e-01	4.845498e-05
3.675000e-01	4.848147e-05
3.700000e-01	4.850813e-05
3.725000e-01	4.853497e-05
3.750000e-01	4.856199e-05
3.775000e-01	4.858917e-05
3.800000e-01	4.861652e-05
3.825000e-01	4.864403e-05
3.850000e-01	4.867171e-05
3.875000e-01	4.869955e-05
3.900000e-01	4.872755e-05
3.925000e-01	4.875570e-05
3.950000e-01	4.878401e-05
3.975000e-01	4.881247e-05
4.000000e-01	4.884108e-05
4.025000e-01	4.886985e-05
4.050000e-01	4.889876e-05
4.075000e-01	4.892781e-05
4.100000e-01	4.895702e-05
4.125000e-01	4.898636e-05
4.150000e-01	4.901585e-05
4.175000e-01	4.904547e-05
4.200000e-01	4.907524e-05
4.225000e-01	4.910514e-05
4.250000e-01	4.913518e-05
4.275000e-01	4.916535e-05
4.300000e-01	4.919566e-05
4.325000e-01	4.922610e-05
4.350000e-01	4.925667e-05
4.375000e-01	4.928737e-05
4.400000e-01	4.931819e-05
4.425000e-01	4.934915e-05
4.450000e-01	4.938023e-05
4.475000e-01	4.941144e-05
4.500000e-01	4.944277e-05
4.525000e-01	4.947422e-05
4.550000e-01	4.950580e-05
4.575000e-01	4.953750e-05
4.600000e-01	4.956932e-05
4.625000e-01	4.960126e-05
4.650000e-01	4.963332e-05
4.675000e-01	4.966549e-05
4.700000e-01	4.969779e-05
4.725000e-01	4.973020e-05
4.750000e-01	4.976272e-05
4.775000e-01	4.979536e-05
4.800000e-01	4.982812e-05
4.825000e-01	4.986098e-05
4.850000e-01	4.989397e-05
4.875000e-01	4.992706e-05
4.900000e-01	4.996026e-05
4.925000e-01	4.999358e-05
4.950000e-01	5.002701e-05
4.975000e-01	5.006054e-05
5.000000e-01	5.009419e-05
5.025000e-01	5.012794e-05
5.050000e-01	5.016180e-05
5.075000e-01	5.019577e-05
5.100000e-01	5.022985e-05
5.125000e-01	5.026403e-05
5.150000e-01	5.029832e-05
5.175000e-01	5.033272e-05
5.200000e-01	5.036722e-05
5.225000e-01	5.040183e-05
5.250000e-01	5.043654e-05
5.275000e-01	5.047135e-05
5.300000e-01	5.050627e-05
5.325000e-01	5.054129e-05
5.350000e-01	5.057642e-05
5.375000e-01	5.061165e-05
5.400000e-01	5.064698e-05
5.425000e-01	5.068241e-05
5.450000e-01	5.071794e-05
5.475000e-01	5.075358e-05
5.500000e-01	5.078931e-05
5.525000e-01	5.082515e-05
5.550000e-01	5.086109e-05
5.575000e-01	5.089713e-05
5.600000e-01	5.093327e-05
5.625000e-01	5.096951e-05
5.650000e-01	5.100585e-05
5.675000e-01	5.104229e-05
5.700000e-01	5.107883e-05
5.725000e-01	5.111546e-05
5.750000e-01	5.115220e-05
5.775000e-01	5.118904e-05
5.800000e-01	5.122597e-05
5.825000e-01	5.126300e-05
5.850000e-01	5.130014e-05
5.875000e-01	5.133737e-05
5.900000e-01	5.137469e-05
5.925000e-01	5.141212e-05
5.950000e-01	5.144964e-05
5.975000e-01	5.148727e-05
6.000000e-01	5.152499e-05
6.025000e-01	5.156281e-05
6.050000e-01	5.160072e-05
6.075000e-01	5.163874e-05
6.100000e-01	5.167685e-05
6.125000e-01	5.171506e-05
6.150000e-01	5.175337e-05
6.175000e-01	5.179177e-05
6.200000e-01	5.183027e-05
6.225000e-01	5.186887e-05
6.250000e-01	5.190757e-05
6.275000e-01	5.194636e-05
6.300000e-01	5.198526e-05
6.325000e-01	5.202425e-05
6.350000e-01	5.206333e-05
6.375000e-01	5.210252e-05
6.400000e-01	5.214180e-05
6.425000e-01	5.218118e-05
6.450000e-01	5.222066e-05
6.475000e-01	5.226024e-05
6.500000e-01	5.229991e-05
6.525000e-01	5.233969e-05
6.550000e-01	5.237956e-05
6.575000e-01	5.241952e-05
6.600000e-01	5.245959e-05
6.625000e-01	5.249976e-05
6.650000e-01	5.254002e-05
6.675000e-01	5.258038e-05
6.700000e-01	5.262084e-05
6.725000e-01	5.266140e-05
6.750000e-01	5.270206e-05
6.775000e-01	5.274282e-05
6.800000e-01	5.278368e-05
6.825000e-01	5.282463e-05
6.850000e-01	5.286569e-05
6.875000e-01	5.290684e-05
6.900000e-01	5.294810e-05
6.925000e-01	5.298945e-05
6.950000e-01	5.303091e-05
6.975000e-01	5.307246e-05
7.000000e-01	5.311412e-05
7.025000e-01	5.315587e-05
7.050000e-01	5.319773e-05
7.075000e-01	5.323969e-05
7.100000e-01	5.328175e-05
7.125000e-01	5.332391e-05
7.150000e-01	5.336617e-05
7.175000e-01	5.340854e-05
7.200000e-01	5.345100e-05
7.225000e-01	5.349357e-05
7.250000e-01	5.353625e-05
7.275000e-01	5.357902e-05
7.300000e-01	5.362190e-05
7.325000e-01	5.366488e-05
7.350000e-01	5.370796e-05
7.375000e-01	5.375115e-05
7.400000e-01	5.379444e-05
7.425000e-01	5.383784e-05
7.450000e-01	5.388134e-05
7.475000e-01	5.392495e-05
7.500000e-01	5.396866e-05
7.525000e-01	5.401248e-05
7.550000e-01	5.405640e-05
7.575000e-01	5.410043e-05
7.600000e-01	5.414456e-05
7.625000e-01	5.418881e-05
7.650000e-01	5.423315e-05
7.675000e-01	5.427761e-05
7.700000e-01	5.432218e-05
7.725000e-01	5.436685e-05
7.750000e-01	5.441163e-05
7.775000e-01	5.445652e-05
7.800000e-01	5.450152e-05
7.825000e-01	5.454662e-05
7.850000e-01	5.459184e-05
7.875000e-01	5.463717e-05
7.900000e-01	5.468261e-05
7.925000e-01	5.472815e-05
7.950000e-01	5.477381e-05
7.975000e-01	5.481959e-05
8.000000e-01	5.486547e-05
8.025000e-01	5.491147e-05
8.050000e-01	5.495757e-05
8.075000e-01	5.500380e-05
8.100000e-01	5.505013e-05
8.125000e-01	5.509658e-05
8.150000e-01	5.514314e-05
8.175000e-01	5.518982e-05
8.200000e-01	5.523662e-05
8.225000e-01	5.528353e-05
8.250000e-01	5.533055e-05
8.275000e-01	5.537770e-05
8.300000e-01	5.542496e-05
8.325000e-01	5.547233e-05
8.350000e-01	5.551983e-05
8.375000e-01	5.556744e-05
8.400000e-01	5.561517e-05
8.425000e-01	5.566303e-05
8.450000e-01	5.571100e-05
8.475000e-01	5.575909e-05
8.500000e-01	5.580730e-05
8.525000e-01	5.585564e-05
8.550000e-01	5.590409e-05
8.575000e-01	5.595267e-05
8.600000e-01	5.600137e-05
8.625000e-01	5.605020e-05
8.650000e-01	5.609915e-05
8.675000e-01	5.614822e-05
8.700000e-01	5.619742e-05
8.725000e-01	5.624674e-05
8.750000e-01	5.629619e-05
8.775000e-01	5.634577e-05
8.800000e-01	5.639547e-05
8.825000e-01	5.644530e-05
8.850000e-01	5.649526e-05
8.875000e-01	5.654535e-05
8.900000e-01	5.659557e-05
8.925000e-01	5.664592e-05
8.950000e-01	5.669640e-05
8.975000e-01	5.674701e-05
9.000000e-01	5.679775e-05
9.025000e-01	5.684862e-05
9.050000e-01	5.689963e-05
9.075000e-01	5.695077e-05
9.100000e-01	5.700205e-05
9.125000e-01	5.705346e-05
9.150000e-01	5.710501e-05
9.175000e-01	5.715669e-05
9.200000e-01	5.720851e-05
9.225000e-01	5.726047e-05
9.250000e-01	5.731257e-05
9.275000e-01	5.736480e-05
9.300000e-01	5.741718e-05
9.325000e-01	5.746970e-05
9.350000e-01	5.752236e-05
9.375000e-01	5.757515e-05
9.400000e-01	5.762810e-05
9.425000e-01	5.768118e-05
9.450000e-01	5.773441e-05
9.475000e-01	5.778779e-05
9.500000e-01	5.784131e-05
9.525000e-01	5.789497e-05
9.550000e-01	5.794879e-05
9.575000e-01	5.800275e-05
9.600000e-01	5.805686e-05
9.625000e-01	5.811112e-05
9.650000e-01	5.816553e-05
9.675000e-01	5.822009e-05
9.700000e-01	5.827480e-05
9.725000e-01	5.832967e-05
9.750000e-01	5.838469e-05
9.775000e-01	5.843986e-05
9.800000e-01	5.849519e-05
9.825000e-01	5.855068e-05
9.850000e-01	5.860632e-05
9.875000e-01	5.866212e-05
9.900000e-01	5.871808e-05
9.925000e-01	5.877420e-05
9.950000e-01	5.883048e-05
9.975000e-01	5.888692e-05
1.000000e+00	5.894352e-05
1.002500e+00	5.900029e-05
1.005000e+00	5.905722e-05
1.007500e+00	5.911431e-05
1.010000e+00	5.917157e-05
1.012500e+00	5.922900e-05
1.015000e+00	5.928660e-05
1.017500e+00	5.934436e-05
1.020000e+00	5.940230e-05
1.022500e+00	5.946040e-05
1.025000e+00	5.951868e-05
1.027500e+00	5.957713e-05
1.030000e+00	5.963576e-05
1.032500e+00	5.969456e-05
1.035000e+00	5.975354e-05
1.037500e+00	5.981269e-05
1.040000e+00	5.987202e-05
1.042500e+00	5.993154e-05
1.045000e+00	5.999123e-05
1.047500e+00	6.005110e-05
1.050000e+00	6.011116e-05
1.052500e+00	6.017140e-05
1.055000e+00	6.023183e-05
1.057500e+00	6.029244e-05
1.060000e+00	6.035324e-05
1.062500e+00	6.041423e-05
1.065000e+00	6.047540e-05
1.067500e+00	6.053677e-05
1.070000e+00	6.059833e-05
1.072500e+00	6.066009e-05
1.075000e+00	6.072204e-05
1.077500e+00	6.078418e-05
1.080000e+00	6.084652e-05
1.082500e+00	6.090906e-05
1.085000e+00	6.097180e-05
1.087500e+00	6.103474e-05
1.090000e+00	6.109789e-05
1.092500e+00	6.116123e-05
1.095000e+00	6.122479e-05
1.097500e+00	6.128855e-05
1.100000e+00	6.135251e-05
1.102500e+00	6.141669e-05
1.105000e+00	6.148107e-05
1.107500e+00	6.154567e-05
1.110000e+00	6.161048e-05
1.112500e+00	6.167551e-05
1.115000e+00	6.174075e-05
1.117500e+00	6.180621e-05
1.120000e+00	6.187190e-05
1.122500e+00	6.193780e-05
1.125000e+00	6.200392e-05
1.127500e+00	6.207027e-05
1.130000e+00	6.213684e-05
1.132500e+00	6.220364e-05
1.135000e+00	6.227067e-05
1.137500e+00	6.233793e-05
1.140000e+00	6.240542e-05
1.142500e+00	6.247315e-05
1.145000e+00	6.254111e-05
1.147500e+00	6.260931e-05
1.150000e+00	6.267774e-05
1.152500e+00	6.274642e-05
1.155000e+00	6.281534e-05
1.157500e+00	6.288450e-05
1.160000e+00	6.295391e-05
1.162500e+00	6.302357e-05
1.165000e+00	6.309347e-05
1.167500e+00	6.316363e-05
1.170000e+00	6.323404e-05
1.172500e+00	6.330470e-05
1.175000e+00	6.337563e-05
1.177500e+00	6.344681e-05
1.180000e+00	6.351825e-05
1.182500e+00	6.358995e-05
1.185000e+00	6.366192e-05
1.187500e+00	6.373416e-05
1.190000e+00	6.380667e-05
1.192500e+00	6.387944e-05
1.195000e+00	6.395249e-05
1.197500e+00	6.402581e-05
1.200000e+00	6.409942e-05
1.202500e+00	6.417330e-05
1.205000e+00	6.424746e-05
1.207500e+00	6.432191e-05
1.210000e+00	6.439664e-05
1.212500e+00	6.447166e-05
1.215000e+00	6.454697e-05
1.217500e+00	6.462258e-05
1.220000e+00	6.469848e-05
1.222500e+00	6.477467e-05
1.225000e+00	6.485117e-05
1.227500e+00	6.492797e-05
1.230000e+00	6.500508e-05
1.232500e+00	6.508249e-05
1.235000e+00	6.516021e-05
1.237500e+00	6.523825e-05
1.240000e+00	6.531660e-05
1.242500e+00	6.539527e-05
1.245000e+00	6.547426e-05
1.247500e+00	6.555357e-05
1.250000e+00	6.563321e-05
1.252500e+00	6.571318e-05
1.255000e+00	6.579347e-05
1.257500e+00	6.587411e-05
1.260000e+00	6.595508e-05
1.262500e+00	6.603639e-05
1.265000e+00	6.611804e-05
1.267500e+00	6.620004e-05
1.270000e+00	6.628238e-05
1.272500e+00	6.636508e-05
1.275000e+00	6.644814e-05
1.277500e+00	6.653155e-05
1.280000e+00	6.661532e-05
1.282500e+00	6.669946e-05
1.285000e+00	6.678396e-05
1.287500e+00	6.686884e-05
1.290000e+00	6.695409e-05
1.292500e+00	6.703972e-05
1.295000e+00	6.712572e-05
1.297500e+00	6.721212e-05
1.300000e+00	6.729890e-05
1.302500e+00	6.738607e-05
1.305000e+00	6.747364e-05
1.307500e+00	6.756160e-05
1.310000e+00	6.764997e-05
1.312500e+00	6.773875e-05
1.315000e+00	6.782793e-05
1.317500e+00	6.791753e-05
1.320000e+00	6.800754e-05
1.322500e+00	6.809798e-05
1.325000e+00	6.818884e-05
1.327500e+00	6.828013e-05
1.330000e+00	6.837185e-05
1.332500e+00	6.846402e-05
1.335000e+00	6.855662e-05
1.337500e+00	6.864967e-05
1.340000e+00	6.874317e-05
1.342500e+00	6.883713e-05
1.345000e+00	6.893154e-05
1.347500e+00	6.902642e-05
1.350000e+00	6.912177e-05
1.352500e+00	6.921759e-05
1.355000e+00	6.931388e-05
1.357500e+00	6.941066e-05
1.360000e+00	6.950793e-05
1.362500e+00	6.960569e-05
1.365000e+00	6.970394e-05
1.367500e+00	6.980270e-05
1.370000e+00	6.990196e-05
1.372500e+00	7.000174e-05
1.375000e+00	7.010203e-05
1.377500e+00	7.020285e-05
1.380000e+00	7.030420e-05
1.382500e+00	7.040607e-05
1.385000e+00	7.050849e-05
1.387500e+00	7.061145e-05
1.390000e+00	7.071497e-05
1.392500e+00	7.081904e-05
1.395000e+00	7.092367e-05
1.397500e+00	7.102887e-05
1.400000e+00	7.113464e-05
1.402500e+00	7.124100e-05
1.405000e+00	7.134794e-05
1.407500e+00	7.145548e-05
1.410000e+00	7.156361e-05
1.412500e+00	7.167235e-05
1.415000e+00	7.178170e-05
1.417500e+00	7.189167e-05
1.420000e+00	7.200227e-05
1.422500e+00	7.211350e-05
1.425000e+00	7.222537e-05
1.427500e+00	7.233789e-05
1.430000e+00	7.245107e-05
1.432500e+00	7.256490e-05
1.435000e+00	7.267941e-05
1.437500e+00	7.279459e-05
1.440000e+00	7.291045e-05
1.442500e+00	7.302701e-05
1.445000e+00	7.314427e-05
1.447500e+00	7.326224e-05
1.450000e+00	7.338093e-05
1.452500e+00	7.350034e-05
1.455000e+00	7.362048e-05
1.457500e+00	7.374137e-05
1.460000e+00	7.386301e-05
1.462500e+00	7.398541e-05
1.465000e+00	7.410857e-05
1.467500e+00	7.423252e-05
1.470000e+00	7.435725e-05
1.472500e+00	7.448279e-05
1.475000e+00	7.460912e-05
1.477500e+00	7.473628e-05
1.480000e+00	7.486426e-05
1.482500e+00	7.499308e-05
1.485000e+00	7.512275e-05
1.487500e+00	7.525328e-05
1.490000e+00	7.538467e-05
1.492500e+00	7.551694e-05
1.495000e+00	7.565011e-05
1.497500e+00	7.578418e-05
1.500000e+00	7.591916e-05
1.502500e+00	7.605506e-05
1.505000e+00	7.619191e-05
1.507500e+00	7.632970e-05
1.510000e+00	7.646845e-05
1.512500e+00	7.660818e-05
1.515000e+00	7.674889e-05
1.517500e+00	7.689061e-05
1.520000e+00	7.703334e-05
1.522500e+00	7.717709e-05
1.525000e+00	7.732188e-05
1.527500e+00	7.746773e-05
1.530000e+00	7.761465e-05
1.532500e+00	7.776265e-05
1.535000e+00	7.791174e-05
1.537500e+00	7.806195e-05
1.540000e+00	7.821329e-05
1.542500e+00	7.836577e-05
1.545000e+00	7.851941e-05
1.547500e+00	7.867422e-05
1.550000e+00	7.883023e-05
1.552500e+00	7.898745e-05
1.555000e+00	7.914589e-05
1.557500e+00	7.930557e-05
1.560000e+00	7.946652e-05
1.562500e+00	7.962874e-05
1.565000e+00	7.979226e-05
1.567500e+00	7.995710e-05
1.570000e+00	8.012327e-05
1.572500e+00	8.029080e-05
1.575000e+00	8.045971e-05
1.577500e+00	8.063001e-05
1.580000e+00	8.080173e-05
1.582500e+00	8.097488e-05
1.585000e+00	8.114949e-05
1.587500e+00	8.132559e-05
1.590000e+00	8.150319e-05
1.592500e+00	8.168231e-05
1.595000e+00	8.186299e-05
1.597500e+00	8.204524e-05
1.600000e+00	8.222909e-05
1.602500e+00	8.241456e-05
1.605000e+00	8.260168e-05
1.607500e+00	8.279048e-05
1.610000e+00	8.298098e-05
1.612500e+00	8.317320e-05
1.615000e+00	8.336719e-05
1.617500e+00	8.356296e-05
1.620000e+00	8.376055e-05
1.622500e+00	8.395997e-05
1.625000e+00	8.416128e-05
1.627500e+00	8.436449e-05
1.630000e+00	8.456963e-05
1.632500e+00	8.477675e-05
1.635000e+00	8.498586e-05
1.637500e+00	8.519701e-05
1.640000e+00	8.541024e-05
1.642500e+00	8.562557e-05
1.645000e+00	8.584304e-05
1.647500e+00	8.606269e-05
1.650000e+00	8.628456e-05
1.652500e+00	8.650868e-05
1.655000e+00	8.673510e-05
1.657500e+00	8.696386e-05
1.660000e+00	8.719500e-05
1.662500e+00	8.742855e-05
1.665000e+00	8.766457e-05
1.667500e+00	8.790310e-05
1.670000e+00	8.814419e-05
1.672500e+00	8.838787e-05
1.675000e+00	8.863421e-05
1.677500e+00	8.888324e-05
1.680000e+00	8.913503e-05
1.682500e+00	8.938961e-05
1.685000e+00	8.964706e-05
1.687500e+00	8.990741e-05
1.690000e+00	9.017072e-05
1.692500e+00	9.043706e-05
1.695000e+00	9.070648e-05
1.697500e+00	9.097904e-05
1.700000e+00	9.125480e-05
1.702500e+00	9.153383e-05
1.705000e+00	9.181619e-05
1.707500e+00	9.210195e-05
1.710000e+00	9.239117e-05
1.712500e+00	9.268394e-05
1.715000e+00	9.298031e-05
1.717500e+00	9.328037e-05
1.720000e+00	9.358420e-05
1.722500e+00	9.389186e-05
1.725000e+00	9.420344e-05
1.727500e+00	9.451903e-05
1.730000e+00	9.483871e-05
1.732500e+00	9.516257e-05
1.735000e+00	9.549069e-05
1.737500e+00	9.582318e-05
1.740000e+00	9.616013e-05
1.742500e+00	9.650163e-05
1.745000e+00	9.684779e-05
1.747500e+00	9.719871e-05
1.750000e+00	9.755450e-05
1.752500e+00	9.791527e-05
1.755000e+00	9.828114e-05
1.757500e+00	9.865223e-05
1.760000e+00	9.902865e-05
1.762500e+00	9.941053e-05
1.765000e+00	9.979800e-05
1.767500e+00	1.001912e-04
1.770000e+00	1.005902e-04
1.772500e+00	1.009953e-04
1.775000e+00	1.014065e-04
1.777500e+00	1.018240e-04
1.780000e+00	1.022480e-04
1.782500e+00	1.026786e-04
1.785000e+00	1.031160e-04
1.787500e+00	1.035603e-04
1.790000e+00	1.040118e-04
1.792500e+00	1.044706e-04
1.795000e+00	1.049369e-04
1.797500e+00	1.054109e-04
1.800000e+00	1.058928e-04
1.802500e+00	1.063829e-04
1.805000e+00	1.068813e-04
1.807500e+00	1.073883e-04
1.810000e+00	1.079041e-04
1.812500e+00	1.084289e-04
1.815000e+00	1.089631e-04
1.817500e+00	1.095068e-04
1.820000e+00	1.100604e-04
1.822500e+00	1.106241e-04
1.825000e+00	1.111982e-04
1.827500e+00	1.117830e-04
1.830000e+00	1.123789e-04
1.832500e+00	1.129861e-04
1.835000e+00	1.136051e-04
1.837500e+00	1.142361e-04
1.840000e+00	1.148796e-04
1.842500e+00	1.155359e-04
1.845000e+00	1.162054e-04
1.847500e+00	1.168885e-04
1.850000e+00	1.175858e-04
1.852500e+00	1.182975e-04
1.855000e+00	1.190243e-04
1.857500e+00	1.197666e-04
1.860000e+00	1.205249e-04
1.862500e+00	1.212998e-04
1.865000e+00	1.220918e-04
1.867500e+00	1.229015e-04
1.870000e+00	1.237296e-04
1.872500e+00	1.245766e-04
1.875000e+00	1.254433e-04
1.877500e+00	1.263303e-04
1.880000e+00	1.272384e-04
1.882500e+00	1.281684e-04
1.885000e+00	1.291211e-04
1.887500e+00	1.300973e-04
1.890000e+00	1.310980e-04
1.892500e+00	1.321241e-04
1.895000e+00	1.331765e-04
1.897500e+00	1.342564e-04
1.900000e+00	1.353648e-04
1.902500e+00	1.365028e-04
1.905000e+00	1.376718e-04
1.907500e+00	1.388730e-04
1.910000e+00	1.401077e-04
1.912500e+00	1.413774e-04
1.915000e+00	1.426835e-04
1.917500e+00	1.440278e-04
1.920000e+00	1.454119e-04
1.922500e+00	1.468376e-04
1.925000e+00	1.483068e-04
1.927500e+00	1.498216e-04
1.930000e+00	1.513840e-04
1.932500e+00	1.529964e-04
1.935000e+00	1.546612e-04
1.937500e+00	1.563810e-04
1.940000e+00	1.581585e-04
1.942500e+00	1.599968e-04
1.945000e+00	1.618989e-04
1.947500e+00	1.638682e-04
1.950000e+00	1.659083e-04
1.952500e+00	1.680230e-04
1.955000e+00	1.702166e-04
1.957500e+00	1.724934e-04
1.960000e+00	1.748582e-04
1.962500e+00	1.773161e-04
1.965000e+00	1.798728e-04
1.967500e+00	1.825341e-04
1.970000e+00	1.853067e-04
1.972500e+00	1.881973e-04
1.975000e+00	1.912138e-04
1.977500e+00	1.943642e-04
1.980000e+00	1.976576e-04
1.982500e+00	2.011038e-04
1.985000e+00	2.047133e-04
1.987500e+00	2.084979e-04
1.990000e+00	2.124704e-04
1.992500e+00	2.166448e-04
1.995000e+00	2.210365e-04
1.997500e+00	2.256625e-04
2.000000e+00	2.305416e-04
2.002500e+00	2.356946e-04
2.005000e+00	2.411447e-04
2.007500e+00	2.469175e-04
2.010000e+00	2.530419e-04
2.012500e+00	2.595498e-04
2.015000e+00	2.664775e-04
2.017500e+00	2.738657e-04
2.020000e+00	2.817602e-04
2.022500e+00	2.902132e-04
2.025000e+00	2.992841e-04
2.027500e+00	3.090408e-04
2.030000e+00	3.195611e-04
2.032500e+00	3.309350e-04
2.035000e+00	3.432665e-04
2.037500e+00	3.566769e-04
2.040000e+00	3.713082e-04
2.042500e+00	3.873276e-04
2.045000e+00	4.049333e-04
2.047500e+00	4.243618e-04
2.050000e+00	4.458974e-04
2.052500e+00	4.698844e-04
2.055000e+00	4.967432e-04
2.057500e+00	5.269919e-04
2.060000e+00	5.612757e-04
2.062500e+00	6.004055e-04
2.065000e+00	6.454132e-04
2.067500e+00	6.976276e-04
2.070000e+00	7.587827e-04
2.072500e+00	8.311724e-04
2.075000e+00	9.178755e-04
2.077500e+00	1.023084e-03
2.080000e+00	1.152582e-03
2.082500e+00	1.314426e-03
2.085000e+00	1.519853e-03
2.087500e+00	1.784279e-03
2.090000e+00	2.127638e-03
2.092500e+00	2.571680e-03
2.095000e+00	3.128753e-03
2.097500e+00	3.776750e-03
2.100000e+00	4.435152e-03
2.102500e+00	4.990930e-03
2.105000e+00	5.376842e-03
2.107500e+00	5.603519e-03
2.110000e+00	5.710828e-03
2.112500e+00	5.737229e-03
2.115000e+00	5.729122e-03
2.117500e+00	5.715990e-03
2.120000e+00	5.679473e-03
2.122500e+00	5.603879e-03
2.125000e+00	5.528053e-03
2.127500e+00	5.493427e-03
2.130000e+00	5.482069e-03
2.132500e+00	5.446657e-03
2.135000e+00	5.372586e-03
2.137500e+00	5.283722e-03
2.140000e+00	5.213203e-03
2.142500e+00	5.180958e-03
2.145000e+00	5.190475e-03
2.147500e+00	5.215920e-03
2.150000e+00	5.197059e-03
2.152500e+00	5.101779e-03
2.155000e+00	4.975170e-03
2.157500e+00	4.889270e-03
2.160000e+00	4.880341e-03
2.162500e+00	4.943103e-03
2.165000e+00	5.022068e-03
2.167500e+00	5.031811e-03
2.170000e+00	4.943873e-03
2.172500e+00	4.817825e-03
2.175000e+00	4.725936e-03
2.177500e+00	4.685598e-03
2.180000e+00	4.677488e-03
2.182500e+00	4.695366e-03
2.185000e+00	4.742135e-03
2.187500e+00	4.792437e-03
2.190000e+00	4.807962e-03
2.192500e+00	4.778642e-03
2.195000e+00	4.716922e-03
2.197500e+00	4.628666e-03
2.200000e+00	4.513172e-03
2.202500e+00	4.408809e-03
2.205000e+00	4.379503e-03
2.207500e+00	4.449712e-03
2.210000e+00	4.583550e-03
2.212500e+00	4.712103e-03
2.215000e+00	4.769754e-03
2.217500e+00	4.719380e-03
2.220000e+00	4.585145e-03
2.222500e+00	4.424202e-03
2.225000e+00	4.280694e-03
2.227500e+00	4.203028e-03
2.230000e+00	4.227523e-03
2.232500e+00	4.329104e-03
2.235000e+00	4.436857e-03
2.237500e+00	4.508029e-03
2.240000e+00	4.545189e-03
2.242500e+00	4.554036e-03
2.245000e+00	4.524940e-03
2.247500e+00	4.446201e-03
2.250000e+00	4.345868e-03
2.252500e+00	4.270964e-03
2.255000e+00	4.228122e-03
2.257500e+00	4.202256e-03
2.260000e+00	4.184659e-03
2.262500e+00	4.159909e-03
2.265000e+00	4.138732e-03
2.267500e+00	4.178424e-03
2.270000e+00	4.310757e-03
2.272500e+00	4.478172e-03
2.275000e+00	4.572661e-03
2.277500e+00	4.547778e-03
2.280000e+00	4.435958e-03
2.282500e+00	4.276209e-03
2.285000e+00	4.115242e-03
2.287500e+00	4.004720e-03
2.290000e+00	3.947991e-03
2.292500e+00	3.914185e-03
2.295000e+00	3.913201e-03
2.297500e+00	3.996128e-03
2.300000e+00	4.178017e-03
2.302500e+00	4.396892e-03
2.305000e+00	4.550957e-03
2.307500e+00	4.565811e-03
2.310000e+00	4.435681e-03
2.312500e+00	4.240957e-03
2.315000e+00	4.083391e-03
2.317500e+00	3.994293e-03
2.320000e+00	3.945316e-03
2.322500e+00	3.924345e-03
2.325000e+00	3.941244e-03
2.327500e+00	3.973170e-03
2.330000e+00	3.986352e-03
2.332500e+00	4.004715e-03
2.335000e+00	4.076696e-03
2.337500e+00	4.186180e-03
2.340000e+00	4.256648e-03
2.342500e+00	4.254923e-03
2.345000e+00	4.226319e-03
2.347500e+00	4.203831e-03
2.350000e+00	4.178795e-03
2.352500e+00	4.158552e-03
2.355000e+00	4.150396e-03
2.357500e+00	4.107390e-03
2.360000e+00	3.986404e-03
2.362500e+00	3.832908e-03
2.365000e+00	3.728534e-03
2.367500e+00	3.701343e-03
2.370000e+00	3.732510e-03
2.372500e+00	3.816810e-03
2.375000e+00	3.962832e-03
2.377500e+00	4.135935e-03
2.380000e+00	4.268614e-03
2.382500e+00	4.346157e-03
2.385000e+00	4.400386e-03
2.387500e+00	4.407212e-03
2.390000e+00	4.300465e-03
2.392500e+00	4.096632e-03
2.395000e+00	3.892257e-03
2.397500e+00	3.744372e-03
2.400000e+00	3.638788e-03
2.402500e+00	3.563721e-03
2.405000e+00	3.555629e-03
2.407500e+00	3.651692e-03
2.410000e+00	3.830198e-03
2.412500e+00	4.005108e-03
2.415000e+00	4.102121e-03
2.417500e+00	4.145244e-03
2.420000e+00	4.201033e-03
2.422500e+00	4.262709e-03
2.425000e+00	4.263021e-03
2.427500e+00	4.188328e-03
2.430000e+00	4.089533e-03
2.432500e+00	3.982901e-03
2.435000e+00	3.848006e-03
2.437500e+00	3.713480e-03
2.440000e+00	3.652378e-03
2.442500e+00	3.701468e-03
2.445000e+00	3.817527e-03
2.447500e+00	3.899445e-03
2.450000e+00	3.885810e-03
2.452500e+00	3.823197e-03
2.455000e+00	3.785710e-03
2.457500e+00	3.782490e-03
2.460000e+00	3.789231e-03
2.462500e+00	3.826941e-03
2.465000e+00	3.944234e-03
2.467500e+00	4.129701e-03
2.470000e+00	4.277392e-03
2.472500e+00	4.274465e-03
2.475000e+00	4.140633e-03
2.477500e+00	4.001659e-03
2.480000e+00	3.937868e-03
2.482500e+00	3.918457e-03
2.485000e+00	3.860166e-03
2.487500e+00	3.744028e-03
2.490000e+00	3.635789e-03
2.492500e+00	3.585101e-03
2.495000e+00	3.565773e-03
2.497500e+00	3.526111e-03
2.500000e+00	3.478599e-03
2.502500e+00	3.498322e-03
2.505000e+00	3.647828e-03
2.507500e+00	3.928998e-03
2.510000e+00	4.259077e-03
2.512500e+00	4.483665e-03
2.515000e+00	4.497446e-03
2.517500e+00	4.355155e-03
2.520000e+00	4.170288e-03
2.522500e+00	3.980711e-03
2.525000e+00	3.787127e-03
2.527500e+00	3.631749e-03
2.530000e+00	3.564757e-03
2.532500e+00	3.576250e-03
2.535000e+00	3.591459e-03
2.537500e+00	3.547241e-03
2.540000e+00	3.473806e-03
2.542500e+00	3.457421e-03
2.545000e+00	3.548679e-03
2.547500e+00	3.722812e-03
2.550000e+00	3.894608e-03
2.552500e+00	3.999077e-03
2.555000e+00	4.067335e-03
2.557500e+00	4.160112e-03
2.560000e+00	4.248868e-03
2.562500e+00	4.225589e-03
2.565000e+00	4.049927e-03
2.567500e+00	3.821292e-03
2.570000e+00	3.667759e-03
2.572500e+00	3.643232e-03
2.575000e+00	3.712411e-03
2.577500e+00	3.779617e-03
2.580000e+00	3.773947e-03
2.582500e+00	3.726300e-03
2.585000e+00	3.709046e-03
2.587500e+00	3.727350e-03
2.590000e+00	3.713979e-03
2.592500e+00	3.631563e-03
2.595000e+00	3.539541e-03
2.597500e+00	3.525217e-03
2.600000e+00	3.617218e-03
2.602500e+00	3.762449e-03
2.605000e+00	3.865330e-03
2.607500e+00	3.889192e-03
2.610000e+00	3.896246e-03
2.612500e+00	3.946068e-03
2.615000e+00	4.010108e-03
2.617500e+00	4.020309e-03
2.620000e+00	3.983449e-03
2.622500e+00	3.977967e-03
2.625000e+00	4.035530e-03
2.627500e+00	4.078003e-03
2.630000e+00	3.988139e-03
2.632500e+00	3.756566e-03
2.635000e+00	3.497427e-03
2.637500e+00	3.323457e-03
2.640000e+00	3.276483e-03
2.642500e+00	3.330198e-03
2.645000e+00	3.409440e-03
2.647500e+00	3.447170e-03
2.650000e+00	3.459887e-03
2.652500e+00	3.527950e-03
2.655000e+00	3.705112e-03
2.657500e+00	3.962381e-03
2.660000e+00	4.184690e-03
2.662500e+00	4.257321e-03
2.665000e+00	4.199563e-03
2.667500e+00	4.136865e-03
2.670000e+00	4.142181e-03
2.672500e+00	4.160110e-03
2.675000e+00	4.072812e-03
2.677500e+00	3.851229e-03
2.680000e+00	3.594869e-03
2.682500e+00	3.411880e-03
2.685000e+00	3.333566e-03
2.687500e+00	3.317322e-03
2.690000e+00	3.300587e-03
2.692500e+00	3.277376e-03
2.695000e+00	3.306010e-03
2.697500e+00	3.438636e-03
2.700000e+00	3.664835e-03
2.702500e+00	3.893310e-03
2.705000e+00	4.000092e-03
2.707500e+00	3.958150e-03
2.710000e+00	3.876434e-03
2.712500e+00	3.873827e-03
2.715000e+00	3.973406e-03
2.717500e+00	4.088622e-03
2.720000e+00	4.095139e-03
2.722500e+00	3.969597e-03
2.725000e+00	3.815417e-03
2.727500e+00	3.730943e-03
2.730000e+00	3.715554e-03
2.732500e+00	3.685664e-03
2.735000e+00	3.577051e-03
2.737500e+00	3.431597e-03
2.740000e+00	3.347495e-03
2.742500e+00	3.389660e-03
2.745000e+00	3.559131e-03
2.747500e+00	3.782352e-03
2.750000e+00	3.920440e-03
2.752500e+00	3.870780e-03
2.755000e+00	3.684079e-03
2.757500e+00	3.504062e-03
2.760000e+00	3.434146e-03
2.762500e+00	3.495656e-03
2.765000e+00	3.635347e-03
2.767500e+00	3.751757e-03
2.770000e+00	3.782133e-03
2.772500e+00	3.776965e-03
2.775000e+00	3.832326e-03
2.777500e+00	3.974570e-03
2.780000e+00	4.118759e-03
2.782500e+00	4.130580e-03
2.785000e+00	3.976543e-03
2.787500e+00	3.769438e-03
2.790000e+00	3.638604e-03
2.792500e+00	3.629112e-03
2.795000e+00	3.690102e-03
2.797500e+00	3.712382e-03
2.800000e+00	3.630589e-03
2.802500e+00	3.497265e-03
2.805000e+00	3.408450e-03
2.807500e+00	3.398650e-03
2.810000e+00	3.418282e-03
2.812500e+00	3.391105e-03
2.815000e+00	3.311309e-03
2.817500e+00	3.256663e-03
2.820000e+00	3.309386e-03
2.822500e+00	3.507027e-03
2.825000e+00	3.829758e-03
2.827500e+00	4.180317e-03
2.830000e+00	4.400645e-03
2.832500e+00	4.403362e-03
2.835000e+00	4.273787e-03
2.837500e+00	4.148711e-03
2.840000e+00	4.057718e-03
2.842500e+00	3.926146e-03
2.845000e+00	3.707128e-03
2.847500e+00	3.463474e-03
2.850000e+00	3.294838e-03
2.852500e+00	3.254592e-03
2.855000e+00	3.333339e-03
2.857500e+00	3.457994e-03
2.860000e+00	3.513347e-03
2.862500e+00	3.436390e-03
2.865000e+00	3.288629e-03
2.867500e+00	3.184625e-03
2.870000e+00	3.200455e-03
2.872500e+00	3.357454e-03
2.875000e+00	3.624486e-03
2.877500e+00	3.907996e-03
2.880000e+00	4.088260e-03
2.882500e+00	4.136563e-03
2.885000e+00	4.148787e-03
2.887500e+00	4.209714e-03
2.890000e+00	4.278927e-03
2.892500e+00	4.225220e-03
2.895000e+00	3.988743e-03
2.897500e+00	3.666169e-03
2.900000e+00	3.398009e-03
2.902500e+00	3.262680e-03
2.905000e+00	3.270937e-03
2.907500e+00	3.379044e-03
2.910000e+00	3.492954e-03
2.912500e+00	3.519508e-03
2.915000e+00	3.461869e-03
2.917500e+00	3.414281e-03
2.920000e+00	3.455751e-03
2.922500e+00	3.583685e-03
2.925000e+00	3.709792e-03
2.927500e+00	3.726044e-03
2.930000e+00	3.625893e-03
2.932500e+00	3.516930e-03
2.935000e+00	3.508630e-03
2.937500e+00	3.642854e-03
2.940000e+00	3.880177e-03
2.942500e+00	4.094620e-03
2.945000e+00	4.134903e-03
2.947500e+00	3.975099e-03
2.950000e+00	3.745756e-03
2.952500e+00	3.587741e-03
2.955000e+00	3.552608e-03
2.957500e+00	3.598270e-03
2.960000e+00	3.626982e-03
2.962500e+00	3.578456e-03
2.965000e+00	3.501894e-03
2.967500e+00	3.495371e-03
2.970000e+00	3.610575e-03
2.972500e+00	3.812420e-03
2.975000e+00	3.973877e-03
2.977500e+00	3.949345e-03
2.980000e+00	3.724840e-03
2.982500e+00	3.432577e-03
2.985000e+00	3.209321e-03
2.987500e+00	3.122013e-03
2.990000e+00	3.183153e-03
2.992500e+00	3.365535e-03
2.995000e+00	3.590360e-03
2.997500e+00	3.737659e-03
