#omega	spectral weight
-3.000000e+00	1.341662e-02
-2.997500e+00	1.443772e-02
-2.995000e+00	1.577255e-02
-2.992500e+00	1.668167e-02
-2.990000e+00	1.636916e-02
-2.987500e+00	1.476753e-02
-2.985000e+00	1.258444e-02
-2.982500e+00	1.051989e-02
-2.980000e+00	8.878206e-03
-2.977500e+00	7.693954e-03
-2.975000e+00	6.911489e-03
-2.972500e+00	6.471138e-03
-2.970000e+00	6.331397e-03
-2.967500e+00	6.456786e-03
-2.965000e+00	6.773719e-03
-2.962500e+00	7.102583e-03
-2.960000e+00	7.162785e-03
-2.957500e+00	6.782910e-03
-2.955000e+00	6.089129e-03
-2.952500e+00	5.341947e-03
-2.950000e+00	4.707184e-03
-2.947500e+00	4.231163e-03
-2.945000e+00	3.904065e-03
-2.942500e+00	3.704082e-03
-2.940000e+00	3.614406e-03
-2.937500e+00	3.627495e-03
-2.935000e+00	3.744695e-03
-2.932500e+00	3.972267e-03
-2.930000e+00	4.309014e-03
-2.927500e+00	4.717084e-03
-2.925000e+00	5.085074e-03
-2.922500e+00	5.255521e-03
-2.920000e+00	5.170363e-03
-2.917500e+00	4.945325e-03
-2.915000e+00	4.740820e-03
-2.912500e+00	4.649524e-03
-2.910000e+00	4.703111e-03
-2.907500e+00	4.911935e-03
-2.905000e+00	5.289517e-03
-2.902500e+00	5.863294e-03
-2.900000e+00	6.679148e-03
-2.897500e+00	7.800261e-03
-2.895000e+00	9.289789e-03
-2.892500e+00	1.114954e-02
-2.890000e+00	1.318492e-02
-2.887500e+00	1.488833e-02
-2.885000e+00	1.569601e-02
-2.882500e+00	1.562463e-02
-2.880000e+00	1.533421e-02
-2.877500e+00	1.550753e-02
-2.875000e+00	1.650719e-02
-2.872500e+00	1.837857e-02
-2.870000e+00	2.076877e-02
-2.867500e+00	2.274273e-02
-2.865000e+00	2.310570e-02
-2.862500e+00	2.152787e-02
-2.860000e+00	1.892671e-02
-2.857500e+00	1.642265e-02
-2.855000e+00	1.460076e-02
-2.852500e+00	1.361479e-02
-2.850000e+00	1.346284e-02
-2.847500e+00	1.411979e-02
-2.845000e+00	1.551950e-02
-2.842500e+00	1.739340e-02
-2.840000e+00	1.903912e-02
-2.837500e+00	1.945210e-02
-2.835000e+00	1.819285e-02
-2.832500e+00	1.589651e-02
-2.830000e+00	1.351470e-02
-2.827500e+00	1.158787e-02
-2.825000e+00	1.025640e-02
-2.822500e+00	9.496024e-03
-2.820000e+00	9.257596e-03
-2.817500e+00	9.505093e-03
-2.815000e+00	1.018311e-02
-2.812500e+00	1.111315e-02
-2.810000e+00	1.187021e-02
-2.807500e+00	1.190245e-02
-2.805000e+00	1.103526e-02
-2.802500e+00	9.668232e-03
-2.800000e+00	8.308107e-03
-2.797500e+00	7.216582e-03
-2.795000e+00	6.449060e-03
-2.792500e+00	5.982374e-03
-2.790000e+00	5.785331e-03
-2.787500e+00	5.840054e-03
-2.785000e+00	6.135019e-03
-2.782500e+00	6.629069e-03
-2.780000e+00	7.181236e-03
-2.777500e+00	7.511024e-03
-2.775000e+00	7.359141e-03
-2.772500e+00	6.764294e-03
-2.770000e+00	6.008043e-03
-2.767500e+00	5.326231e-03
-2.765000e+00	4.809099e-03
-2.762500e+00	4.460268e-03
-2.760000e+00	4.257365e-03
-2.757500e+00	4.179009e-03
-2.755000e+00	4.212825e-03
-2.752500e+00	4.357033e-03
-2.750000e+00	4.620852e-03
-2.747500e+00	5.025164e-03
-2.745000e+00	5.602576e-03
-2.742500e+00	6.392561e-03
-2.740000e+00	7.419711e-03
-2.737500e+00	8.634130e-03
-2.735000e+00	9.819919e-03
-2.732500e+00	1.061487e-02
-2.730000e+00	1.082716e-02
-2.727500e+00	1.070374e-02
-2.725000e+00	1.068910e-02
-2.722500e+00	1.110653e-02
-2.720000e+00	1.213227e-02
-2.717500e+00	1.387348e-02
-2.715000e+00	1.636133e-02
-2.712500e+00	1.938218e-02
-2.710000e+00	2.218495e-02
-2.707500e+00	2.353250e-02
-2.705000e+00	2.270641e-02
-2.702500e+00	2.037193e-02
-2.700000e+00	1.779847e-02
-2.697500e+00	1.580971e-02
-2.695000e+00	1.468753e-02
-2.692500e+00	1.446939e-02
-2.690000e+00	1.513437e-02
-2.687500e+00	1.660973e-02
-2.685000e+00	1.860962e-02
-2.682500e+00	2.039055e-02
-2.680000e+00	2.088280e-02
-2.677500e+00	1.960534e-02
-2.675000e+00	1.722195e-02
-2.672500e+00	1.474638e-02
-2.670000e+00	1.276031e-02
-2.667500e+00	1.141863e-02
-2.665000e+00	1.070087e-02
-2.662500e+00	1.056523e-02
-2.660000e+00	1.100125e-02
-2.657500e+00	1.202378e-02
-2.655000e+00	1.360508e-02
-2.652500e+00	1.550800e-02
-2.650000e+00	1.708075e-02
-2.647500e+00	1.742682e-02
-2.645000e+00	1.622590e-02
-2.642500e+00	1.411607e-02
-2.640000e+00	1.195119e-02
-2.637500e+00	1.018747e-02
-2.635000e+00	8.927932e-03
-2.632500e+00	8.135271e-03
-2.630000e+00	7.753685e-03
-2.627500e+00	7.748975e-03
-2.625000e+00	8.106291e-03
-2.622500e+00	8.791636e-03
-2.620000e+00	9.661873e-03
-2.617500e+00	1.036401e-02
-2.615000e+00	1.044596e-02
-2.612500e+00	9.781930e-03
-2.610000e+00	8.720121e-03
-2.607500e+00	7.685673e-03
-2.605000e+00	6.897688e-03
-2.602500e+00	6.408093e-03
-2.600000e+00	6.207837e-03
-2.597500e+00	6.282555e-03
-2.595000e+00	6.621379e-03
-2.592500e+00	7.187327e-03
-2.590000e+00	7.847279e-03
-2.587500e+00	8.318779e-03
-2.585000e+00	8.311326e-03
-2.582500e+00	7.828844e-03
-2.580000e+00	7.161616e-03
-2.577500e+00	6.581491e-03
-2.575000e+00	6.208383e-03
-2.572500e+00	6.065600e-03
-2.570000e+00	6.149336e-03
-2.567500e+00	6.463055e-03
-2.565000e+00	7.030593e-03
-2.562500e+00	7.901382e-03
-2.560000e+00	9.150146e-03
-2.557500e+00	1.086026e-02
-2.555000e+00	1.305805e-02
-2.552500e+00	1.554795e-02
-2.550000e+00	1.769919e-02
-2.547500e+00	1.860117e-02
-2.545000e+00	1.790975e-02
-2.542500e+00	1.629541e-02
-2.540000e+00	1.469872e-02
-2.537500e+00	1.366736e-02
-2.535000e+00	1.338828e-02
-2.532500e+00	1.390845e-02
-2.530000e+00	1.523920e-02
-2.527500e+00	1.730664e-02
-2.525000e+00	1.974404e-02
-2.522500e+00	2.167500e-02
-2.520000e+00	2.206008e-02
-2.517500e+00	2.073468e-02
-2.515000e+00	1.862565e-02
-2.512500e+00	1.675661e-02
-2.510000e+00	1.565361e-02
-2.507500e+00	1.546985e-02
-2.505000e+00	1.619287e-02
-2.502500e+00	1.765164e-02
-2.500000e+00	1.933002e-02
-2.497500e+00	2.026703e-02
-2.495000e+00	1.962513e-02
-2.492500e+00	1.757666e-02
-2.490000e+00	1.505321e-02
-2.487500e+00	1.280434e-02
-2.485000e+00	1.110841e-02
-2.482500e+00	9.975811e-03
-2.480000e+00	9.343688e-03
-2.477500e+00	9.161650e-03
-2.475000e+00	9.417124e-03
-2.472500e+00	1.013578e-02
-2.470000e+00	1.135982e-02
-2.467500e+00	1.307592e-02
-2.465000e+00	1.504816e-02
-2.462500e+00	1.662683e-02
-2.460000e+00	1.695509e-02
-2.457500e+00	1.578609e-02
-2.455000e+00	1.378533e-02
-2.452500e+00	1.177441e-02
-2.450000e+00	1.017637e-02
-2.447500e+00	9.084612e-03
-2.445000e+00	8.468169e-03
-2.442500e+00	8.284312e-03
-2.440000e+00	8.512355e-03
-2.437500e+00	9.141211e-03
-2.435000e+00	1.010692e-02
-2.432500e+00	1.116859e-02
-2.430000e+00	1.183233e-02
-2.427500e+00	1.162733e-02
-2.425000e+00	1.060789e-02
-2.422500e+00	9.276518e-03
-2.420000e+00	8.065622e-03
-2.417500e+00	7.146416e-03
-2.415000e+00	6.531959e-03
-2.412500e+00	6.188148e-03
-2.410000e+00	6.084301e-03
-2.407500e+00	6.208587e-03
-2.405000e+00	6.569641e-03
-2.402500e+00	7.188992e-03
-2.400000e+00	8.074033e-03
-2.397500e+00	9.149754e-03
-2.395000e+00	1.015980e-02
-2.392500e+00	1.069887e-02
-2.390000e+00	1.056124e-02
-2.387500e+00	1.000154e-02
-2.385000e+00	9.451740e-03
-2.382500e+00	9.191184e-03
-2.380000e+00	9.333711e-03
-2.377500e+00	9.932460e-03
-2.375000e+00	1.104948e-02
-2.372500e+00	1.277702e-02
-2.370000e+00	1.520914e-02
-2.367500e+00	1.832021e-02
-2.365000e+00	2.169155e-02
-2.362500e+00	2.425695e-02
-2.360000e+00	2.477591e-02
-2.357500e+00	2.311747e-02
-2.355000e+00	2.045224e-02
-2.352500e+00	1.800939e-02
-2.350000e+00	1.638879e-02
-2.347500e+00	1.573417e-02
-2.345000e+00	1.599284e-02
-2.342500e+00	1.695359e-02
-2.340000e+00	1.810350e-02
-2.337500e+00	1.860947e-02
-2.335000e+00	1.788044e-02
-2.332500e+00	1.620135e-02
-2.330000e+00	1.435428e-02
-2.327500e+00	1.289805e-02
-2.325000e+00	1.203676e-02
-2.322500e+00	1.180508e-02
-2.320000e+00	1.221248e-02
-2.317500e+00	1.329465e-02
-2.315000e+00	1.509150e-02
-2.312500e+00	1.752673e-02
-2.310000e+00	2.015056e-02
-2.307500e+00	2.194250e-02
-2.305000e+00	2.182965e-02
-2.302500e+00	1.981502e-02
-2.300000e+00	1.696633e-02
-2.297500e+00	1.428439e-02
-2.295000e+00	1.219519e-02
-2.292500e+00	1.074932e-02
-2.290000e+00	9.876672e-03
-2.287500e+00	9.507570e-03
-2.285000e+00	9.609300e-03
-2.282500e+00	1.018461e-02
-2.280000e+00	1.123769e-02
-2.277500e+00	1.267879e-02
-2.275000e+00	1.415327e-02
-2.272500e+00	1.497860e-02
-2.270000e+00	1.459228e-02
-2.267500e+00	1.318123e-02
-2.265000e+00	1.144685e-02
-2.262500e+00	9.928123e-03
-2.260000e+00	8.822756e-03
-2.257500e+00	8.143342e-03
-2.255000e+00	7.855815e-03
-2.252500e+00	7.937428e-03
-2.250000e+00	8.386147e-03
-2.247500e+00	9.194339e-03
-2.245000e+00	1.027030e-02
-2.242500e+00	1.131164e-02
-2.240000e+00	1.180321e-02
-2.237500e+00	1.140704e-02
-2.235000e+00	1.035280e-02
-2.232500e+00	9.155124e-03
-2.230000e+00	8.158281e-03
-2.227500e+00	7.471133e-03
-2.225000e+00	7.088919e-03
-2.222500e+00	6.982870e-03
-2.220000e+00	7.136646e-03
-2.217500e+00	7.557932e-03
-2.215000e+00	8.282843e-03
-2.212500e+00	9.378507e-03
-2.210000e+00	1.093982e-02
-2.207500e+00	1.306156e-02
-2.205000e+00	1.573969e-02
-2.202500e+00	1.864686e-02
-2.200000e+00	2.091106e-02
-2.197500e+00	2.148118e-02
-2.195000e+00	2.020368e-02
-2.192500e+00	1.804201e-02
-2.190000e+00	1.604686e-02
-2.187500e+00	1.474591e-02
-2.185000e+00	1.427865e-02
-2.182500e+00	1.462685e-02
-2.180000e+00	1.566658e-02
-2.177500e+00	1.704682e-02
-2.175000e+00	1.807672e-02
-2.172500e+00	1.806373e-02
-2.170000e+00	1.702553e-02
-2.167500e+00	1.566524e-02
-2.165000e+00	1.465485e-02
-2.162500e+00	1.432749e-02
-2.160000e+00	1.480894e-02
-2.157500e+00	1.616416e-02
-2.155000e+00	1.840626e-02
-2.152500e+00	2.132879e-02
-2.150000e+00	2.418102e-02
-2.147500e+00	2.561400e-02
-2.145000e+00	2.464720e-02
-2.142500e+00	2.178595e-02
-2.140000e+00	1.838868e-02
-2.137500e+00	1.541187e-02
-2.135000e+00	1.316781e-02
-2.132500e+00	1.163920e-02
-2.130000e+00	1.072718e-02
-2.127500e+00	1.035238e-02
-2.125000e+00	1.048190e-02
-2.122500e+00	1.112667e-02
-2.120000e+00	1.231295e-02
-2.117500e+00	1.399685e-02
-2.115000e+00	1.588278e-02
-2.112500e+00	1.725918e-02
-2.110000e+00	1.731263e-02
-2.107500e+00	1.595633e-02
-2.105000e+00	1.393444e-02
-2.102500e+00	1.201280e-02
-2.100000e+00	1.054452e-02
-2.097500e+00	9.592603e-03
-2.095000e+00	9.123880e-03
-2.092500e+00	9.106012e-03
-2.090000e+00	9.535184e-03
-2.087500e+00	1.042325e-02
-2.085000e+00	1.173421e-02
-2.082500e+00	1.324182e-02
-2.080000e+00	1.438745e-02
-2.077500e+00	1.449858e-02
-2.075000e+00	1.345377e-02
-2.072500e+00	1.182656e-02
-2.070000e+00	1.024685e-02
-2.067500e+00	9.014912e-03
-2.065000e+00	8.184543e-03
-2.062500e+00	7.722218e-03
-2.060000e+00	7.589853e-03
-2.057500e+00	7.772543e-03
-2.055000e+00	8.282730e-03
-2.052500e+00	9.149071e-03
-2.050000e+00	1.037577e-02
-2.047500e+00	1.184340e-02
-2.045000e+00	1.317850e-02
-2.042500e+00	1.383659e-02
-2.040000e+00	1.360515e-02
-2.037500e+00	1.289236e-02
-2.035000e+00	1.229263e-02
-2.032500e+00	1.217795e-02
-2.030000e+00	1.270391e-02
-2.027500e+00	1.391547e-02
-2.025000e+00	1.573188e-02
-2.022500e+00	1.777537e-02
-2.020000e+00	1.923088e-02
-2.017500e+00	1.926566e-02
-2.015000e+00	1.790539e-02
-2.012500e+00	1.600050e-02
-2.010000e+00	1.434367e-02
-2.007500e+00	1.329100e-02
-2.005000e+00	1.292616e-02
-2.002500e+00	1.326235e-02
-2.000000e+00	1.433882e-02
-1.997500e+00	1.624144e-02
-1.995000e+00	1.905466e-02
-1.992500e+00	2.268716e-02
-1.990000e+00	2.651029e-02
-1.987500e+00	2.909465e-02
-1.985000e+00	2.896516e-02
-1.982500e+00	2.617200e-02
-1.980000e+00	2.222369e-02
-1.977500e+00	1.850287e-02
-1.975000e+00	1.558630e-02
-1.972500e+00	1.353271e-02
-1.970000e+00	1.223433e-02
-1.967500e+00	1.158188e-02
-1.965000e+00	1.151440e-02
-1.962500e+00	1.202163e-02
-1.960000e+00	1.311495e-02
-1.957500e+00	1.474014e-02
-1.955000e+00	1.659417e-02
-1.952500e+00	1.796151e-02
-1.950000e+00	1.803145e-02
-1.947500e+00	1.672578e-02
-1.945000e+00	1.479645e-02
-1.942500e+00	1.301679e-02
-1.940000e+00	1.175278e-02
-1.937500e+00	1.108821e-02
-1.935000e+00	1.101663e-02
-1.932500e+00	1.152668e-02
-1.930000e+00	1.259024e-02
-1.927500e+00	1.405404e-02
-1.925000e+00	1.545967e-02
-1.922500e+00	1.605989e-02
-1.920000e+00	1.539974e-02
-1.917500e+00	1.384384e-02
-1.915000e+00	1.213242e-02
-1.912500e+00	1.074853e-02
-1.910000e+00	9.849221e-03
-1.907500e+00	9.442473e-03
-1.905000e+00	9.508991e-03
-1.902500e+00	1.003748e-02
-1.900000e+00	1.099240e-02
-1.897500e+00	1.220713e-02
-1.895000e+00	1.324880e-02
-1.892500e+00	1.352663e-02
-1.890000e+00	1.282765e-02
-1.887500e+00	1.156979e-02
-1.885000e+00	1.031786e-02
-1.882500e+00	9.380587e-03
-1.880000e+00	8.839586e-03
-1.877500e+00	8.690616e-03
-1.875000e+00	8.926537e-03
-1.872500e+00	9.568336e-03
-1.870000e+00	1.067047e-02
-1.867500e+00	1.230207e-02
-1.865000e+00	1.447351e-02
-1.862500e+00	1.695645e-02
-1.860000e+00	1.905653e-02
-1.857500e+00	1.979127e-02
-1.855000e+00	1.879867e-02
-1.852500e+00	1.678888e-02
-1.850000e+00	1.473295e-02
-1.847500e+00	1.316688e-02
-1.845000e+00	1.223380e-02
-1.842500e+00	1.192465e-02
-1.840000e+00	1.222089e-02
-1.837500e+00	1.314856e-02
-1.835000e+00	1.479098e-02
-1.832500e+00	1.726969e-02
-1.830000e+00	2.065459e-02
-1.827500e+00	2.471582e-02
-1.825000e+00	2.851727e-02
-1.822500e+00	3.040770e-02
-1.820000e+00	2.929082e-02
-1.817500e+00	2.591949e-02
-1.815000e+00	2.199087e-02
-1.812500e+00	1.865098e-02
-1.810000e+00	1.627297e-02
-1.807500e+00	1.485432e-02
-1.805000e+00	1.430462e-02
-1.802500e+00	1.453701e-02
-1.800000e+00	1.542280e-02
-1.797500e+00	1.663449e-02
-1.795000e+00	1.750860e-02
-1.792500e+00	1.733727e-02
-1.790000e+00	1.607278e-02
-1.787500e+00	1.436613e-02
-1.785000e+00	1.286599e-02
-1.782500e+00	1.187610e-02
-1.780000e+00	1.147250e-02
-1.777500e+00	1.166639e-02
-1.775000e+00	1.247424e-02
-1.772500e+00	1.390122e-02
-1.770000e+00	1.582414e-02
-1.767500e+00	1.777069e-02
-1.765000e+00	1.884777e-02
-1.762500e+00	1.834027e-02
-1.760000e+00	1.651541e-02
-1.757500e+00	1.428817e-02
-1.755000e+00	1.234816e-02
-1.752500e+00	1.094410e-02
-1.750000e+00	1.008967e-02
-1.747500e+00	9.740977e-03
-1.745000e+00	9.870479e-03
-1.742500e+00	1.048001e-02
-1.740000e+00	1.157008e-02
-1.737500e+00	1.304320e-02
-1.735000e+00	1.453266e-02
-1.732500e+00	1.535233e-02
-1.730000e+00	1.496313e-02
-1.727500e+00	1.358142e-02
-1.725000e+00	1.190819e-02
-1.722500e+00	1.046458e-02
-1.720000e+00	9.435034e-03
-1.717500e+00	8.826006e-03
-1.715000e+00	8.600573e-03
-1.712500e+00	8.736223e-03
-1.710000e+00	9.243128e-03
-1.707500e+00	1.016784e-02
-1.705000e+00	1.158529e-02
-1.702500e+00	1.355932e-02
-1.700000e+00	1.602260e-02
-1.697500e+00	1.854260e-02
-1.695000e+00	2.019391e-02
-1.692500e+00	2.012079e-02
-1.690000e+00	1.849067e-02
-1.687500e+00	1.629988e-02
-1.685000e+00	1.438530e-02
-1.682500e+00	1.308922e-02
-1.680000e+00	1.246763e-02
-1.677500e+00	1.250247e-02
-1.675000e+00	1.319541e-02
-1.672500e+00	1.458252e-02
-1.670000e+00	1.668184e-02
-1.667500e+00	1.933468e-02
-1.665000e+00	2.194869e-02
-1.662500e+00	2.350056e-02
-1.660000e+00	2.334851e-02
-1.657500e+00	2.203922e-02
-1.655000e+00	2.072465e-02
-1.652500e+00	2.022108e-02
-1.650000e+00	2.083844e-02
-1.647500e+00	2.249784e-02
-1.645000e+00	2.463380e-02
-1.642500e+00	2.605213e-02
-1.640000e+00	2.551983e-02
-1.637500e+00	2.300205e-02
-1.635000e+00	1.964062e-02
-1.632500e+00	1.650880e-02
-1.630000e+00	1.405433e-02
-1.627500e+00	1.231653e-02
-1.625000e+00	1.120327e-02
-1.622500e+00	1.062214e-02
-1.620000e+00	1.052148e-02
-1.617500e+00	1.089749e-02
-1.615000e+00	1.178763e-02
-1.612500e+00	1.324171e-02
-1.610000e+00	1.523256e-02
-1.607500e+00	1.745890e-02
-1.605000e+00	1.915032e-02
-1.602500e+00	1.937944e-02
-1.600000e+00	1.799268e-02
-1.597500e+00	1.580361e-02
-1.595000e+00	1.370003e-02
-1.592500e+00	1.211152e-02
-1.590000e+00	1.112959e-02
-1.587500e+00	1.073022e-02
-1.585000e+00	1.088555e-02
-1.582500e+00	1.158480e-02
-1.580000e+00	1.278413e-02
-1.577500e+00	1.426929e-02
-1.575000e+00	1.549268e-02
-1.572500e+00	1.573082e-02
-1.570000e+00	1.475485e-02
-1.567500e+00	1.309972e-02
-1.565000e+00	1.144621e-02
-1.562500e+00	1.014910e-02
-1.560000e+00	9.286936e-03
-1.557500e+00	8.832761e-03
-1.555000e+00	8.750357e-03
-1.552500e+00	9.029040e-03
-1.550000e+00	9.692947e-03
-1.547500e+00	1.079883e-02
-1.545000e+00	1.241444e-02
-1.542500e+00	1.454356e-02
-1.540000e+00	1.694982e-02
-1.537500e+00	1.895660e-02
-1.535000e+00	1.967513e-02
-1.532500e+00	1.887827e-02
-1.530000e+00	1.731470e-02
-1.527500e+00	1.590387e-02
-1.525000e+00	1.515547e-02
-1.522500e+00	1.524172e-02
-1.520000e+00	1.618428e-02
-1.517500e+00	1.787205e-02
-1.515000e+00	1.988680e-02
-1.512500e+00	2.134085e-02
-1.510000e+00	2.130025e-02
-1.507500e+00	1.973914e-02
-1.505000e+00	1.755503e-02
-1.502500e+00	1.561448e-02
-1.500000e+00	1.431043e-02
-1.497500e+00	1.372888e-02
-1.495000e+00	1.387074e-02
-1.492500e+00	1.476085e-02
-1.490000e+00	1.647852e-02
-1.487500e+00	1.912976e-02
-1.485000e+00	2.271747e-02
-1.482500e+00	2.682257e-02
-1.480000e+00	3.020557e-02
-1.477500e+00	3.112987e-02
-1.475000e+00	2.896215e-02
-1.472500e+00	2.494194e-02
-1.470000e+00	2.074278e-02
-1.467500e+00	1.726003e-02
-1.465000e+00	1.468880e-02
-1.462500e+00	1.293923e-02
-1.460000e+00	1.187589e-02
-1.457500e+00	1.140090e-02
-1.455000e+00	1.146952e-02
-1.452500e+00	1.207648e-02
-1.450000e+00	1.320693e-02
-1.447500e+00	1.471653e-02
-1.445000e+00	1.615136e-02
-1.442500e+00	1.677576e-02
-1.440000e+00	1.616266e-02
-1.437500e+00	1.470121e-02
-1.435000e+00	1.313728e-02
-1.432500e+00	1.195662e-02
-1.430000e+00	1.132952e-02
-1.427500e+00	1.128687e-02
-1.425000e+00	1.183153e-02
-1.422500e+00	1.294388e-02
-1.420000e+00	1.448068e-02
-1.417500e+00	1.598889e-02
-1.415000e+00	1.669316e-02
-1.412500e+00	1.606710e-02
-1.410000e+00	1.443265e-02
-1.407500e+00	1.255662e-02
-1.405000e+00	1.095958e-02
-1.402500e+00	9.805818e-03
-1.400000e+00	9.084074e-03
-1.397500e+00	8.743185e-03
-1.395000e+00	8.746949e-03
-1.392500e+00	9.090339e-03
-1.390000e+00	9.803414e-03
-1.387500e+00	1.095002e-02
-1.385000e+00	1.261299e-02
-1.382500e+00	1.483562e-02
-1.380000e+00	1.746572e-02
-1.377500e+00	1.991989e-02
-1.375000e+00	2.123951e-02
-1.372500e+00	2.090447e-02
-1.370000e+00	1.949909e-02
-1.367500e+00	1.807348e-02
-1.365000e+00	1.732755e-02
-1.362500e+00	1.754327e-02
-1.360000e+00	1.878533e-02
-1.357500e+00	2.093535e-02
-1.355000e+00	2.348105e-02
-1.352500e+00	2.530112e-02
-1.350000e+00	2.517496e-02
-1.347500e+00	2.301108e-02
-1.345000e+00	1.992630e-02
-1.342500e+00	1.702673e-02
-1.340000e+00	1.480146e-02
-1.337500e+00	1.331938e-02
-1.335000e+00	1.251167e-02
-1.332500e+00	1.231112e-02
-1.330000e+00	1.269834e-02
-1.327500e+00	1.371143e-02
-1.325000e+00	1.543558e-02
-1.322500e+00	1.795110e-02
-1.320000e+00	2.117597e-02
-1.317500e+00	2.455085e-02
-1.315000e+00	2.683685e-02
-1.312500e+00	2.682221e-02
-1.310000e+00	2.465475e-02
-1.307500e+00	2.168750e-02
-1.305000e+00	1.912121e-02
-1.302500e+00	1.747699e-02
-1.300000e+00	1.684102e-02
-1.297500e+00	1.709085e-02
-1.295000e+00	1.787570e-02
-1.292500e+00	1.849894e-02
-1.290000e+00	1.815636e-02
-1.287500e+00	1.666092e-02
-1.285000e+00	1.460742e-02
-1.282500e+00	1.267087e-02
-1.280000e+00	1.117303e-02
-1.277500e+00	1.016920e-02
-1.275000e+00	9.622789e-03
-1.272500e+00	9.497011e-03
-1.270000e+00	9.785060e-03
-1.267500e+00	1.051067e-02
-1.265000e+00	1.170056e-02
-1.262500e+00	1.329926e-02
-1.260000e+00	1.499974e-02
-1.257500e+00	1.613281e-02
-1.255000e+00	1.603987e-02
-1.252500e+00	1.478387e-02
-1.250000e+00	1.307100e-02
-1.247500e+00	1.152478e-02
-1.245000e+00	1.040316e-02
-1.242500e+00	9.739550e-03
-1.240000e+00	9.501841e-03
-1.237500e+00	9.667030e-03
-1.235000e+00	1.024566e-02
-1.232500e+00	1.128542e-02
-1.230000e+00	1.285658e-02
-1.227500e+00	1.499345e-02
-1.225000e+00	1.754076e-02
-1.222500e+00	1.992442e-02
-1.220000e+00	2.121206e-02
-1.217500e+00	2.090942e-02
-1.215000e+00	1.959576e-02
-1.212500e+00	1.829342e-02
-1.210000e+00	1.768428e-02
-1.207500e+00	1.805675e-02
-1.205000e+00	1.951672e-02
-1.202500e+00	2.205150e-02
-1.200000e+00	2.534398e-02
-1.197500e+00	2.841155e-02
-1.195000e+00	2.967290e-02
-1.192500e+00	2.820579e-02
-1.190000e+00	2.481736e-02
-1.187500e+00	2.105687e-02
-1.185000e+00	1.790242e-02
-1.182500e+00	1.564172e-02
-1.180000e+00	1.424576e-02
-1.177500e+00	1.362303e-02
-1.175000e+00	1.371044e-02
-1.172500e+00	1.446998e-02
-1.170000e+00	1.580606e-02
-1.167500e+00	1.739005e-02
-1.165000e+00	1.852947e-02
-1.162500e+00	1.851732e-02
-1.160000e+00	1.737583e-02
-1.157500e+00	1.583526e-02
-1.155000e+00	1.458755e-02
-1.152500e+00	1.396356e-02
-1.150000e+00	1.407209e-02
-1.147500e+00	1.496543e-02
-1.145000e+00	1.669077e-02
-1.142500e+00	1.921124e-02
-1.140000e+00	2.216057e-02
-1.137500e+00	2.454496e-02
-1.135000e+00	2.503252e-02
-1.132500e+00	2.319552e-02
-1.130000e+00	2.001978e-02
-1.127500e+00	1.676360e-02
-1.125000e+00	1.407679e-02
-1.122500e+00	1.208818e-02
-1.120000e+00	1.071998e-02
-1.117500e+00	9.863287e-03
-1.115000e+00	9.437720e-03
-1.112500e+00	9.402657e-03
-1.110000e+00	9.749988e-03
-1.107500e+00	1.047817e-02
-1.105000e+00	1.152547e-02
-1.102500e+00	1.265004e-02
-1.100000e+00	1.337958e-02
-1.097500e+00	1.331557e-02
-1.095000e+00	1.258478e-02
-1.092500e+00	1.169459e-02
-1.090000e+00	1.105538e-02
-1.087500e+00	1.084684e-02
-1.085000e+00	1.112977e-02
-1.082500e+00	1.194905e-02
-1.080000e+00	1.337441e-02
-1.077500e+00	1.548510e-02
-1.075000e+00	1.826972e-02
-1.072500e+00	2.138655e-02
-1.070000e+00	2.390373e-02
-1.067500e+00	2.463777e-02
-1.065000e+00	2.332519e-02
-1.062500e+00	2.097378e-02
-1.060000e+00	1.876447e-02
-1.057500e+00	1.731775e-02
-1.055000e+00	1.682015e-02
-1.052500e+00	1.731139e-02
-1.050000e+00	1.881764e-02
-1.047500e+00	2.131806e-02
-1.045000e+00	2.452627e-02
-1.042500e+00	2.753539e-02
-1.040000e+00	2.887175e-02
-1.037500e+00	2.767334e-02
-1.035000e+00	2.470944e-02
-1.032500e+00	2.146445e-02
-1.030000e+00	1.889832e-02
-1.027500e+00	1.732820e-02
-1.025000e+00	1.677044e-02
-1.022500e+00	1.714083e-02
-1.020000e+00	1.822956e-02
-1.017500e+00	1.951566e-02
-1.015000e+00	2.010673e-02
-1.012500e+00	1.930685e-02
-1.010000e+00	1.735697e-02
-1.007500e+00	1.509882e-02
-1.005000e+00	1.315866e-02
-1.002500e+00	1.175434e-02
-1.000000e+00	1.088896e-02
-9.975000e-01	1.051524e-02
-9.950000e-01	1.060567e-02
-9.925000e-01	1.117270e-02
-9.900000e-01	1.226547e-02
-9.875000e-01	1.393636e-02
-9.850000e-01	1.613580e-02
-9.825000e-01	1.849428e-02
-9.800000e-01	2.015541e-02
-9.775000e-01	2.021636e-02
-9.750000e-01	1.868903e-02
-9.725000e-01	1.649511e-02
-9.700000e-01	1.450598e-02
-9.675000e-01	1.311118e-02
-9.650000e-01	1.238820e-02
-9.625000e-01	1.231391e-02
-9.600000e-01	1.284244e-02
-9.575000e-01	1.386223e-02
-9.550000e-01	1.505914e-02
-9.525000e-01	1.584504e-02
-9.500000e-01	1.570605e-02
-9.475000e-01	1.475964e-02
-9.450000e-01	1.360954e-02
-9.425000e-01	1.276045e-02
-9.400000e-01	1.243689e-02
-9.375000e-01	1.271415e-02
-9.350000e-01	1.364433e-02
-9.325000e-01	1.530307e-02
-9.300000e-01	1.775845e-02
-9.275000e-01	2.092224e-02
-9.250000e-01	2.424157e-02
-9.225000e-01	2.649617e-02
-9.200000e-01	2.648270e-02
-9.175000e-01	2.432414e-02
-9.150000e-01	2.133085e-02
-9.125000e-01	1.866758e-02
-9.100000e-01	1.683309e-02
-9.075000e-01	1.592129e-02
-9.050000e-01	1.591405e-02
-9.025000e-01	1.680817e-02
-9.000000e-01	1.861494e-02
-8.975000e-01	2.123374e-02
-8.950000e-01	2.416630e-02
-8.925000e-01	2.627914e-02
-8.900000e-01	2.634343e-02
-8.875000e-01	2.431035e-02
-8.850000e-01	2.137360e-02
-8.825000e-01	1.870619e-02
-8.800000e-01	1.684929e-02
-8.775000e-01	1.592388e-02
-8.750000e-01	1.591719e-02
-8.725000e-01	1.679331e-02
-8.700000e-01	1.843648e-02
-8.675000e-01	2.043729e-02
-8.650000e-01	2.188676e-02
-8.625000e-01	2.175386e-02
-8.600000e-01	1.990406e-02
-8.575000e-01	1.723605e-02
-8.550000e-01	1.468363e-02
-8.525000e-01	1.267154e-02
-8.500000e-01	1.126222e-02
-8.475000e-01	1.039301e-02
-8.450000e-01	9.992692e-03
-8.425000e-01	1.001014e-02
-8.400000e-01	1.039204e-02
-8.375000e-01	1.101442e-02
-8.350000e-01	1.160235e-02
-8.325000e-01	1.180636e-02
-8.300000e-01	1.152529e-02
-8.275000e-01	1.103247e-02
-8.250000e-01	1.067873e-02
-8.225000e-01	1.067119e-02
-8.200000e-01	1.110349e-02
-8.175000e-01	1.204404e-02
-8.150000e-01	1.358621e-02
-8.125000e-01	1.585537e-02
-8.100000e-01	1.895418e-02
-8.075000e-01	2.277796e-02
-8.050000e-01	2.665281e-02
-8.025000e-01	2.914326e-02
-8.000000e-01	2.893282e-02
-7.975000e-01	2.629245e-02
-7.950000e-01	2.276105e-02
-7.925000e-01	1.961862e-02
-7.900000e-01	1.737809e-02
-7.875000e-01	1.610840e-02
-7.850000e-01	1.575873e-02
-7.825000e-01	1.629775e-02
-7.800000e-01	1.772763e-02
-7.775000e-01	1.999110e-02
-7.750000e-01	2.273168e-02
-7.725000e-01	2.500609e-02
-7.700000e-01	2.554910e-02
-7.675000e-01	2.394765e-02
-7.650000e-01	2.113870e-02
-7.625000e-01	1.833584e-02
-7.600000e-01	1.618791e-02
-7.575000e-01	1.486041e-02
-7.550000e-01	1.433766e-02
-7.525000e-01	1.459020e-02
-7.500000e-01	1.561466e-02
-7.475000e-01	1.737561e-02
-7.450000e-01	1.962419e-02
-7.425000e-01	2.164204e-02
-7.400000e-01	2.235214e-02
-7.375000e-01	2.123924e-02
-7.350000e-01	1.896438e-02
-7.325000e-01	1.658569e-02
-7.300000e-01	1.473398e-02
-7.275000e-01	1.359895e-02
-7.250000e-01	1.318613e-02
-7.225000e-01	1.347039e-02
-7.200000e-01	1.442009e-02
-7.175000e-01	1.590816e-02
-7.150000e-01	1.752002e-02
-7.125000e-01	1.846784e-02
-7.100000e-01	1.807950e-02
-7.075000e-01	1.653470e-02
-7.050000e-01	1.463384e-02
-7.025000e-01	1.301497e-02
-7.000000e-01	1.192666e-02
-6.975000e-01	1.140124e-02
-6.950000e-01	1.140990e-02
-6.925000e-01	1.190779e-02
-6.900000e-01	1.278778e-02
-6.875000e-01	1.377657e-02
-6.850000e-01	1.443491e-02
-6.825000e-01	1.449304e-02
-6.800000e-01	1.418263e-02
-6.775000e-01	1.399584e-02
-6.750000e-01	1.430540e-02
-6.725000e-01	1.531906e-02
-6.700000e-01	1.718508e-02
-6.675000e-01	2.003966e-02
-6.650000e-01	2.391579e-02
-6.625000e-01	2.843578e-02
-6.600000e-01	3.237066e-02
-6.575000e-01	3.385013e-02
-6.550000e-01	3.199313e-02
-6.525000e-01	2.797655e-02
-6.500000e-01	2.365159e-02
-6.475000e-01	2.009951e-02
-6.450000e-01	1.761263e-02
-6.425000e-01	1.614692e-02
-6.400000e-01	1.560284e-02
-6.375000e-01	1.591763e-02
-6.350000e-01	1.704529e-02
-6.325000e-01	1.882880e-02
-6.300000e-01	2.075796e-02
-6.275000e-01	2.186221e-02
-6.250000e-01	2.131240e-02
-6.225000e-01	1.932747e-02
-6.200000e-01	1.689016e-02
-6.175000e-01	1.478248e-02
-6.150000e-01	1.330582e-02
-6.125000e-01	1.249565e-02
-6.100000e-01	1.231747e-02
-6.075000e-01	1.273660e-02
-6.050000e-01	1.368797e-02
-6.025000e-01	1.495197e-02
-6.000000e-01	1.600780e-02
-5.975000e-01	1.619173e-02
-5.950000e-01	1.531544e-02
-5.925000e-01	1.388506e-02
-5.900000e-01	1.252413e-02
-5.875000e-01	1.155875e-02
-5.850000e-01	1.107371e-02
-5.825000e-01	1.107008e-02
-5.800000e-01	1.155436e-02
-5.775000e-01	1.257277e-02
-5.750000e-01	1.421943e-02
-5.725000e-01	1.661867e-02
-5.700000e-01	1.984139e-02
-5.675000e-01	2.367347e-02
-5.650000e-01	2.723967e-02
-5.625000e-01	2.900889e-02
-5.600000e-01	2.798764e-02
-5.575000e-01	2.489880e-02
-5.550000e-01	2.131550e-02
-5.525000e-01	1.828722e-02
-5.500000e-01	1.615050e-02
-5.475000e-01	1.489970e-02
-5.450000e-01	1.445557e-02
-5.425000e-01	1.476346e-02
-5.400000e-01	1.578831e-02
-5.375000e-01	1.742259e-02
-5.350000e-01	1.931001e-02
-5.325000e-01	2.077782e-02
-5.300000e-01	2.129672e-02
-5.275000e-01	2.113594e-02
-5.250000e-01	2.110906e-02
-5.225000e-01	2.178904e-02
-5.200000e-01	2.311787e-02
-5.175000e-01	2.432262e-02
-5.150000e-01	2.427417e-02
-5.125000e-01	2.254758e-02
-5.100000e-01	1.989126e-02
-5.075000e-01	1.732393e-02
-5.050000e-01	1.539740e-02
-5.025000e-01	1.425145e-02
-5.000000e-01	1.385908e-02
-4.975000e-01	1.413394e-02
-4.950000e-01	1.488265e-02
-4.925000e-01	1.567364e-02
-4.900000e-01	1.588141e-02
-4.875000e-01	1.517684e-02
-4.850000e-01	1.388999e-02
-4.825000e-01	1.260228e-02
-4.800000e-01	1.167568e-02
-4.775000e-01	1.123111e-02
-4.750000e-01	1.129045e-02
-4.725000e-01	1.186398e-02
-4.700000e-01	1.296119e-02
-4.675000e-01	1.452489e-02
-4.650000e-01	1.628066e-02
-4.625000e-01	1.763600e-02
-4.600000e-01	1.801511e-02
-4.575000e-01	1.750719e-02
-4.550000e-01	1.680784e-02
-4.525000e-01	1.656862e-02
-4.500000e-01	1.714242e-02
-4.475000e-01	1.870413e-02
-4.450000e-01	2.134433e-02
-4.425000e-01	2.496455e-02
-4.400000e-01	2.892700e-02
-4.375000e-01	3.174550e-02
-4.350000e-01	3.178699e-02
-4.325000e-01	2.895648e-02
-4.300000e-01	2.480212e-02
-4.275000e-01	2.084777e-02
-4.250000e-01	1.776829e-02
-4.225000e-01	1.566117e-02
-4.200000e-01	1.443135e-02
-4.175000e-01	1.397343e-02
-4.150000e-01	1.420840e-02
-4.125000e-01	1.502724e-02
-4.100000e-01	1.614938e-02
-4.075000e-01	1.700558e-02
-4.050000e-01	1.699847e-02
-4.025000e-01	1.611391e-02
-4.000000e-01	1.494382e-02
-3.975000e-01	1.407669e-02
-3.950000e-01	1.379868e-02
-3.925000e-01	1.416275e-02
-3.900000e-01	1.503757e-02
-3.875000e-01	1.602972e-02
-3.850000e-01	1.651149e-02
-3.825000e-01	1.608944e-02
-3.800000e-01	1.504830e-02
-3.775000e-01	1.400744e-02
-3.750000e-01	1.339946e-02
-3.725000e-01	1.340629e-02
-3.700000e-01	1.410045e-02
-3.675000e-01	1.552679e-02
-3.650000e-01	1.766369e-02
-3.625000e-01	2.023970e-02
-3.600000e-01	2.249524e-02
-3.575000e-01	2.338981e-02
-3.550000e-01	2.258254e-02
-3.525000e-01	2.088352e-02
-3.500000e-01	1.935716e-02
-3.475000e-01	1.855226e-02
-3.450000e-01	1.845732e-02
-3.425000e-01	1.864342e-02
-3.400000e-01	1.854354e-02
-3.375000e-01	1.799524e-02
-3.350000e-01	1.741768e-02
-3.325000e-01	1.735247e-02
-3.300000e-01	1.811912e-02
-3.275000e-01	1.977623e-02
-3.250000e-01	2.203272e-02
-3.225000e-01	2.403436e-02
-3.200000e-01	2.455494e-02
-3.175000e-01	2.306326e-02
-3.150000e-01	2.033797e-02
-3.125000e-01	1.753928e-02
-3.100000e-01	1.532560e-02
-3.075000e-01	1.386316e-02
-3.050000e-01	1.309071e-02
-3.025000e-01	1.283974e-02
-3.000000e-01	1.282426e-02
-2.975000e-01	1.268566e-02
-2.950000e-01	1.224766e-02
-2.925000e-01	1.168143e-02
-2.900000e-01	1.128617e-02
-2.875000e-01	1.126224e-02
-2.850000e-01	1.171040e-02
-2.825000e-01	1.270350e-02
-2.800000e-01	1.431741e-02
-2.775000e-01	1.658669e-02
-2.750000e-01	1.934336e-02
-2.725000e-01	2.196331e-02
-2.700000e-01	2.341700e-02
-2.675000e-01	2.313637e-02
-2.650000e-01	2.174795e-02
-2.625000e-01	2.039744e-02
-2.600000e-01	1.984298e-02
-2.575000e-01	2.031681e-02
-2.550000e-01	2.161758e-02
-2.525000e-01	2.303153e-02
-2.500000e-01	2.343808e-02
-2.475000e-01	2.216658e-02
-2.450000e-01	1.972307e-02
-2.425000e-01	1.713322e-02
-2.400000e-01	1.505458e-02
-2.375000e-01	1.368888e-02
-2.350000e-01	1.302447e-02
-2.325000e-01	1.298265e-02
-2.300000e-01	1.341800e-02
-2.275000e-01	1.403262e-02
-2.250000e-01	1.438479e-02
-2.225000e-01	1.421480e-02
-2.200000e-01	1.374743e-02
-2.175000e-01	1.344442e-02
-2.150000e-01	1.363659e-02
-2.125000e-01	1.445056e-02
-2.100000e-01	1.581594e-02
-2.075000e-01	1.736565e-02
-2.050000e-01	1.840176e-02
-2.025000e-01	1.836078e-02
-2.000000e-01	1.745993e-02
-1.975000e-01	1.646092e-02
-1.950000e-01	1.597372e-02
-1.925000e-01	1.624286e-02
-1.900000e-01	1.721698e-02
-1.875000e-01	1.852784e-02
-1.850000e-01	1.949899e-02
-1.825000e-01	1.960622e-02
-1.800000e-01	1.906598e-02
-1.775000e-01	1.854044e-02
-1.750000e-01	1.838159e-02
-1.725000e-01	1.837058e-02
-1.700000e-01	1.804786e-02
-1.675000e-01	1.732571e-02
-1.650000e-01	1.658212e-02
-1.625000e-01	1.611466e-02
-1.600000e-01	1.577997e-02
-1.575000e-01	1.516152e-02
-1.550000e-01	1.408899e-02
-1.525000e-01	1.284901e-02
-1.500000e-01	1.182581e-02
-1.475000e-01	1.122143e-02
-1.450000e-01	1.107957e-02
-1.425000e-01	1.137648e-02
-1.400000e-01	1.208622e-02
-1.375000e-01	1.324125e-02
-1.350000e-01	1.492608e-02
-1.325000e-01	1.711764e-02
-1.300000e-01	1.942002e-02
-1.275000e-01	2.095593e-02
-1.250000e-01	2.094289e-02
-1.225000e-01	1.959717e-02
-1.200000e-01	1.789923e-02
-1.175000e-01	1.662603e-02
-1.150000e-01	1.598126e-02
-1.125000e-01	1.569293e-02
-1.100000e-01	1.525117e-02
-1.075000e-01	1.436646e-02
-1.050000e-01	1.324500e-02
-1.025000e-01	1.226153e-02
-1.000000e-01	1.160446e-02
-9.750000e-02	1.129653e-02
-9.500000e-02	1.136025e-02
-9.250000e-02	1.186411e-02
-9.000000e-02	1.283103e-02
-8.750000e-02	1.410062e-02
-8.500000e-02	1.521639e-02
-8.250000e-02	1.560685e-02
-8.000000e-02	1.516164e-02
-7.750000e-02	1.439666e-02
-7.500000e-02	1.390397e-02
-7.250000e-02	1.394781e-02
-7.000000e-02	1.441690e-02
-6.750000e-02	1.485740e-02
-6.500000e-02	1.472120e-02
-6.250000e-02	1.389699e-02
-6.000000e-02	1.279999e-02
-5.750000e-02	1.185742e-02
-5.500000e-02	1.121220e-02
-5.250000e-02	1.081818e-02
-5.000000e-02	1.058715e-02
-4.750000e-02	1.048407e-02
-4.500000e-02	1.059088e-02
-4.250000e-02	1.102102e-02
-4.000000e-02	1.173692e-02
-3.750000e-02	1.242321e-02
-3.500000e-02	1.258897e-02
-3.250000e-02	1.202140e-02
-3.000000e-02	1.102744e-02
-2.750000e-02	1.003877e-02
-2.500000e-02	9.265302e-03
-2.250000e-02	8.752269e-03
-2.000000e-02	8.500961e-03
-1.750000e-02	8.440940e-03
-1.500000e-02	8.385083e-03
-1.250000e-02	8.139539e-03
-1.000000e-02	7.670806e-03
-7.500000e-03	7.059485e-03
-5.000000e-03	6.382732e-03
-2.500000e-03	5.711771e-03
-6.394885e-14	5.098067e-03
2.500000e-03	4.560197e-03
5.000000e-03	4.105972e-03
7.500000e-03	3.737259e-03
1.000000e-02	3.445565e-03
1.250000e-02	3.216574e-03
1.500000e-02	3.036088e-03
1.750000e-02	2.892534e-03
2.000000e-02	2.777191e-03
2.250000e-02	2.683654e-03
2.500000e-02	2.607233e-03
2.750000e-02	2.544466e-03
3.000000e-02	2.492764e-03
3.250000e-02	2.450166e-03
3.500000e-02	2.415163e-03
3.750000e-02	2.386579e-03
4.000000e-02	2.363488e-03
4.250000e-02	2.345151e-03
4.500000e-02	2.330971e-03
4.750000e-02	2.320464e-03
5.000000e-02	2.313234e-03
5.250000e-02	2.308951e-03
5.500000e-02	2.307344e-03
5.750000e-02	2.308185e-03
6.000000e-02	2.311283e-03
6.250000e-02	2.316479e-03
6.500000e-02	2.323637e-03
6.750000e-02	2.332643e-03
7.000000e-02	2.343401e-03
7.250000e-02	2.355831e-03
7.500000e-02	2.369865e-03
7.750000e-02	2.385446e-03
8.000000e-02	2.402528e-03
8.250000e-02	2.421073e-03
8.500000e-02	2.441051e-03
8.750000e-02	2.462439e-03
9.000000e-02	2.485220e-03
9.250000e-02	2.509382e-03
9.500000e-02	2.534919e-03
9.750000e-02	2.561830e-03
1.000000e-01	2.590117e-03
1.025000e-01	2.619787e-03
1.050000e-01	2.650852e-03
1.075000e-01	2.683325e-03
1.100000e-01	2.717227e-03
1.125000e-01	2.752577e-03
1.150000e-01	2.789401e-03
1.175000e-01	2.827729e-03
1.200000e-01	2.867592e-03
1.225000e-01	2.909026e-03
1.250000e-01	2.952069e-03
1.275000e-01	2.996764e-03
1.300000e-01	3.043157e-03
1.325000e-01	3.091297e-03
1.350000e-01	3.141237e-03
1.375000e-01	3.193035e-03
1.400000e-01	3.246751e-03
1.425000e-01	3.302451e-03
1.450000e-01	3.360204e-03
1.475000e-01	3.420083e-03
1.500000e-01	3.482169e-03
1.525000e-01	3.546544e-03
1.550000e-01	3.613298e-03
1.575000e-01	3.682524e-03
1.600000e-01	3.754325e-03
1.625000e-01	3.828806e-03
1.650000e-01	3.906081e-03
1.675000e-01	3.986271e-03
1.700000e-01	4.069503e-03
1.725000e-01	4.155914e-03
1.750000e-01	4.245648e-03
1.775000e-01	4.338860e-03
1.800000e-01	4.435712e-03
1.825000e-01	4.536380e-03
1.850000e-01	4.641049e-03
1.875000e-01	4.749916e-03
1.900000e-01	4.863193e-03
1.925000e-01	4.981104e-03
1.950000e-01	5.103890e-03
1.975000e-01	5.231808e-03
2.000000e-01	5.365131e-03
2.025000e-01	5.504152e-03
2.050000e-01	5.649188e-03
2.075000e-01	5.800573e-03
2.100000e-01	5.958671e-03
2.125000e-01	6.123867e-03
2.150000e-01	6.296580e-03
2.175000e-01	6.477258e-03
2.200000e-01	6.666384e-03
2.225000e-01	6.864478e-03
2.250000e-01	7.072101e-03
2.275000e-01	7.289862e-03
2.300000e-01	7.518416e-03
2.325000e-01	7.758473e-03
2.350000e-01	8.010806e-03
2.375000e-01	8.276249e-03
2.400000e-01	8.555713e-03
2.425000e-01	8.850187e-03
2.450000e-01	9.160752e-03
2.475000e-01	9.488585e-03
2.500000e-01	9.834974e-03
2.525000e-01	1.020133e-02
2.550000e-01	1.058921e-02
2.575000e-01	1.100030e-02
2.600000e-01	1.143648e-02
2.625000e-01	1.189981e-02
2.650000e-01	1.239259e-02
2.675000e-01	1.291732e-02
2.700000e-01	1.347683e-02
2.725000e-01	1.407422e-02
2.750000e-01	1.471298e-02
2.775000e-01	1.539697e-02
2.800000e-01	1.613056e-02
2.825000e-01	1.691861e-02
2.850000e-01	1.776663e-02
2.875000e-01	1.868081e-02
2.900000e-01	1.966818e-02
2.925000e-01	2.073671e-02
2.950000e-01	2.189550e-02
2.975000e-01	2.315492e-02
3.000000e-01	2.452691e-02
3.025000e-01	2.602520e-02
3.050000e-01	2.766568e-02
3.075000e-01	2.946678e-02
3.100000e-01	3.145002e-02
3.125000e-01	3.364062e-02
3.150000e-01	3.606828e-02
3.175000e-01	3.876817e-02
3.200000e-01	4.178219e-02
3.225000e-01	4.516051e-02
3.250000e-01	4.896365e-02
3.275000e-01	5.326507e-02
3.300000e-01	5.815463e-02
3.325000e-01	6.374308e-02
3.350000e-01	7.016810e-02
3.375000e-01	7.760239e-02
3.400000e-01	8.626468e-02
3.425000e-01	9.643495e-02
3.450000e-01	1.084755e-01
3.475000e-01	1.228609e-01
3.500000e-01	1.402207e-01
3.525000e-01	1.614011e-01
3.550000e-01	1.875558e-01
3.575000e-01	2.202793e-01
3.600000e-01	2.618050e-01
3.625000e-01	3.152941e-01
3.650000e-01	3.852445e-01
3.675000e-01	4.780073e-01
3.700000e-01	6.022389e-01
3.725000e-01	7.685548e-01
3.750000e-01	9.861326e-01
3.775000e-01	1.251176e+00
3.800000e-01	1.522727e+00
3.825000e-01	1.705097e+00
3.850000e-01	1.699135e+00
3.875000e-01	1.508546e+00
3.900000e-01	1.235273e+00
3.925000e-01	9.723193e-01
3.950000e-01	7.577660e-01
3.975000e-01	5.941352e-01
4.000000e-01	4.719661e-01
4.025000e-01	3.807097e-01
4.050000e-01	3.118453e-01
4.075000e-01	2.591415e-01
4.100000e-01	2.181898e-01
4.125000e-01	1.858914e-01
4.150000e-01	1.600562e-01
4.175000e-01	1.391193e-01
4.200000e-01	1.219477e-01
4.225000e-01	1.077094e-01
4.250000e-01	9.578534e-02
4.275000e-01	8.570823e-02
4.300000e-01	7.712116e-02
4.325000e-01	6.974817e-02
4.350000e-01	6.337350e-02
4.375000e-01	5.782670e-02
4.400000e-01	5.297182e-02
4.425000e-01	4.869944e-02
4.450000e-01	4.492075e-02
4.475000e-01	4.156311e-02
4.500000e-01	3.856665e-02
4.525000e-01	3.588171e-02
4.550000e-01	3.346683e-02
4.575000e-01	3.128717e-02
4.600000e-01	2.931331e-02
4.625000e-01	2.752026e-02
4.650000e-01	2.588670e-02
4.675000e-01	2.439434e-02
4.700000e-01	2.302743e-02
4.725000e-01	2.177234e-02
4.750000e-01	2.061726e-02
4.775000e-01	1.955186e-02
4.800000e-01	1.856712e-02
4.825000e-01	1.765514e-02
4.850000e-01	1.680892e-02
4.875000e-01	1.602232e-02
4.900000e-01	1.528988e-02
4.925000e-01	1.460675e-02
4.950000e-01	1.396861e-02
4.975000e-01	1.337160e-02
5.000000e-01	1.281227e-02
5.025000e-01	1.228751e-02
5.050000e-01	1.179455e-02
5.075000e-01	1.133087e-02
5.100000e-01	1.089420e-02
5.125000e-01	1.048248e-02
5.150000e-01	1.009385e-02
5.175000e-01	9.726619e-03
5.200000e-01	9.379244e-03
5.225000e-01	9.050321e-03
5.250000e-01	8.738567e-03
5.275000e-01	8.442809e-03
5.300000e-01	8.161971e-03
5.325000e-01	7.895068e-03
5.350000e-01	7.641193e-03
5.375000e-01	7.399512e-03
5.400000e-01	7.169257e-03
5.425000e-01	6.949719e-03
5.450000e-01	6.740244e-03
5.475000e-01	6.540226e-03
5.500000e-01	6.349104e-03
5.525000e-01	6.166358e-03
5.550000e-01	5.991506e-03
5.575000e-01	5.824101e-03
5.600000e-01	5.663724e-03
5.625000e-01	5.509988e-03
5.650000e-01	5.362532e-03
5.675000e-01	5.221017e-03
5.700000e-01	5.085129e-03
5.725000e-01	4.954573e-03
5.750000e-01	4.829073e-03
5.775000e-01	4.708373e-03
5.800000e-01	4.592230e-03
5.825000e-01	4.480417e-03
5.850000e-01	4.372722e-03
5.875000e-01	4.268944e-03
5.900000e-01	4.168897e-03
5.925000e-01	4.072403e-03
5.950000e-01	3.979295e-03
5.975000e-01	3.889418e-03
6.000000e-01	3.802623e-03
6.025000e-01	3.718770e-03
6.050000e-01	3.637729e-03
6.075000e-01	3.559374e-03
6.100000e-01	3.483588e-03
6.125000e-01	3.410260e-03
6.150000e-01	3.339285e-03
6.175000e-01	3.270563e-03
6.200000e-01	3.203999e-03
6.225000e-01	3.139504e-03
6.250000e-01	3.076993e-03
6.275000e-01	3.016385e-03
6.300000e-01	2.957604e-03
6.325000e-01	2.900577e-03
6.350000e-01	2.845235e-03
6.375000e-01	2.791511e-03
6.400000e-01	2.739344e-03
6.425000e-01	2.688674e-03
6.450000e-01	2.639443e-03
6.475000e-01	2.591598e-03
6.500000e-01	2.545088e-03
6.525000e-01	2.499862e-03
6.550000e-01	2.455874e-03
6.575000e-01	2.413080e-03
6.600000e-01	2.371435e-03
6.625000e-01	2.330900e-03
6.650000e-01	2.291436e-03
6.675000e-01	2.253004e-03
6.700000e-01	2.215569e-03
6.725000e-01	2.179097e-03
6.750000e-01	2.143555e-03
6.775000e-01	2.108911e-03
6.800000e-01	2.075136e-03
6.825000e-01	2.042201e-03
6.850000e-01	2.010078e-03
6.875000e-01	1.978740e-03
6.900000e-01	1.948162e-03
6.925000e-01	1.918319e-03
6.950000e-01	1.889189e-03
6.975000e-01	1.860749e-03
7.000000e-01	1.832976e-03
7.025000e-01	1.805851e-03
7.050000e-01	1.779353e-03
7.075000e-01	1.753463e-03
7.100000e-01	1.728162e-03
7.125000e-01	1.703433e-03
7.150000e-01	1.679259e-03
7.175000e-01	1.655623e-03
7.200000e-01	1.632509e-03
7.225000e-01	1.609901e-03
7.250000e-01	1.587786e-03
7.275000e-01	1.566149e-03
7.300000e-01	1.544976e-03
7.325000e-01	1.524255e-03
7.350000e-01	1.503971e-03
7.375000e-01	1.484113e-03
7.400000e-01	1.464670e-03
7.425000e-01	1.445629e-03
7.450000e-01	1.426980e-03
7.475000e-01	1.408712e-03
7.500000e-01	1.390815e-03
7.525000e-01	1.373278e-03
7.550000e-01	1.356092e-03
7.575000e-01	1.339247e-03
7.600000e-01	1.322736e-03
7.625000e-01	1.306548e-03
7.650000e-01	1.290676e-03
7.675000e-01	1.275111e-03
7.700000e-01	1.259846e-03
7.725000e-01	1.244872e-03
7.750000e-01	1.230183e-03
7.775000e-01	1.215772e-03
7.800000e-01	1.201630e-03
7.825000e-01	1.187752e-03
7.850000e-01	1.174131e-03
7.875000e-01	1.160761e-03
7.900000e-01	1.147636e-03
7.925000e-01	1.134749e-03
7.950000e-01	1.122095e-03
7.975000e-01	1.109668e-03
8.000000e-01	1.097464e-03
8.025000e-01	1.085476e-03
8.050000e-01	1.073699e-03
8.075000e-01	1.062130e-03
8.100000e-01	1.050762e-03
8.125000e-01	1.039591e-03
8.150000e-01	1.028613e-03
8.175000e-01	1.017823e-03
8.200000e-01	1.007217e-03
8.225000e-01	9.967904e-04
8.250000e-01	9.865399e-04
8.275000e-01	9.764611e-04
8.300000e-01	9.665503e-04
8.325000e-01	9.568038e-04
8.350000e-01	9.472179e-04
8.375000e-01	9.377892e-04
8.400000e-01	9.285143e-04
8.425000e-01	9.193898e-04
8.450000e-01	9.104124e-04
8.475000e-01	9.015791e-04
8.500000e-01	8.928868e-04
8.525000e-01	8.843324e-04
8.550000e-01	8.759132e-04
8.575000e-01	8.676262e-04
8.600000e-01	8.594688e-04
8.625000e-01	8.514382e-04
8.650000e-01	8.435318e-04
8.675000e-01	8.357471e-04
8.700000e-01	8.280816e-04
8.725000e-01	8.205329e-04
8.750000e-01	8.130986e-04
8.775000e-01	8.057764e-04
8.800000e-01	7.985642e-04
8.825000e-01	7.914597e-04
8.850000e-01	7.844608e-04
8.875000e-01	7.775654e-04
8.900000e-01	7.707714e-04
8.925000e-01	7.640770e-04
8.950000e-01	7.574802e-04
8.975000e-01	7.509791e-04
9.000000e-01	7.445719e-04
9.025000e-01	7.382567e-04
9.050000e-01	7.320319e-04
9.075000e-01	7.258958e-04
9.100000e-01	7.198466e-04
9.125000e-01	7.138827e-04
9.150000e-01	7.080026e-04
9.175000e-01	7.022046e-04
9.200000e-01	6.964874e-04
9.225000e-01	6.908493e-04
9.250000e-01	6.852890e-04
9.275000e-01	6.798051e-04
9.300000e-01	6.743961e-04
9.325000e-01	6.690607e-04
9.350000e-01	6.637976e-04
9.375000e-01	6.586055e-04
9.400000e-01	6.534831e-04
9.425000e-01	6.484293e-04
9.450000e-01	6.434427e-04
9.475000e-01	6.385223e-04
9.500000e-01	6.336668e-04
9.525000e-01	6.288752e-04
9.550000e-01	6.241463e-04
9.575000e-01	6.194790e-04
9.600000e-01	6.148724e-04
9.625000e-01	6.103253e-04
9.650000e-01	6.058368e-04
9.675000e-01	6.014058e-04
9.700000e-01	5.970315e-04
9.725000e-01	5.927127e-04
9.750000e-01	5.884488e-04
9.775000e-01	5.842386e-04
9.800000e-01	5.800813e-04
9.825000e-01	5.759761e-04
9.850000e-01	5.719221e-04
9.875000e-01	5.679185e-04
9.900000e-01	5.639644e-04
9.925000e-01	5.600590e-04
9.950000e-01	5.562016e-04
9.975000e-01	5.523914e-04
1.000000e+00	5.486276e-04
1.002500e+00	5.449095e-04
1.005000e+00	5.412364e-04
1.007500e+00	5.376075e-04
1.010000e+00	5.340222e-04
1.012500e+00	5.304798e-04
1.015000e+00	5.269796e-04
1.017500e+00	5.235210e-04
1.020000e+00	5.201033e-04
1.022500e+00	5.167259e-04
1.025000e+00	5.133881e-04
1.027500e+00	5.100894e-04
1.030000e+00	5.068292e-04
1.032500e+00	5.036069e-04
1.035000e+00	5.004219e-04
1.037500e+00	4.972737e-04
1.040000e+00	4.941616e-04
1.042500e+00	4.910853e-04
1.045000e+00	4.880440e-04
1.047500e+00	4.850374e-04
1.050000e+00	4.820649e-04
1.052500e+00	4.791261e-04
1.055000e+00	4.762203e-04
1.057500e+00	4.733472e-04
1.060000e+00	4.705062e-04
1.062500e+00	4.676970e-04
1.065000e+00	4.649190e-04
1.067500e+00	4.621718e-04
1.070000e+00	4.594550e-04
1.072500e+00	4.567681e-04
1.075000e+00	4.541107e-04
1.077500e+00	4.514824e-04
1.080000e+00	4.488827e-04
1.082500e+00	4.463114e-04
1.085000e+00	4.437679e-04
1.087500e+00	4.412520e-04
1.090000e+00	4.387632e-04
1.092500e+00	4.363011e-04
1.095000e+00	4.338654e-04
1.097500e+00	4.314557e-04
1.100000e+00	4.290717e-04
1.102500e+00	4.267130e-04
1.105000e+00	4.243793e-04
1.107500e+00	4.220702e-04
1.110000e+00	4.197855e-04
1.112500e+00	4.175247e-04
1.115000e+00	4.152876e-04
1.117500e+00	4.130739e-04
1.120000e+00	4.108832e-04
1.122500e+00	4.087152e-04
1.125000e+00	4.065697e-04
1.127500e+00	4.044464e-04
1.130000e+00	4.023449e-04
1.132500e+00	4.002650e-04
1.135000e+00	3.982064e-04
1.137500e+00	3.961688e-04
1.140000e+00	3.941520e-04
1.142500e+00	3.921557e-04
1.145000e+00	3.901797e-04
1.147500e+00	3.882236e-04
1.150000e+00	3.862872e-04
1.152500e+00	3.843703e-04
1.155000e+00	3.824727e-04
1.157500e+00	3.805941e-04
1.160000e+00	3.787342e-04
1.162500e+00	3.768929e-04
1.165000e+00	3.750698e-04
1.167500e+00	3.732649e-04
1.170000e+00	3.714777e-04
1.172500e+00	3.697083e-04
1.175000e+00	3.679562e-04
1.177500e+00	3.662214e-04
1.180000e+00	3.645036e-04
1.182500e+00	3.628026e-04
1.185000e+00	3.611182e-04
1.187500e+00	3.594502e-04
1.190000e+00	3.577984e-04
1.192500e+00	3.561626e-04
1.195000e+00	3.545426e-04
1.197500e+00	3.529383e-04
1.200000e+00	3.513495e-04
1.202500e+00	3.497759e-04
1.205000e+00	3.482175e-04
1.207500e+00	3.466740e-04
1.210000e+00	3.451452e-04
1.212500e+00	3.436310e-04
1.215000e+00	3.421313e-04
1.217500e+00	3.406458e-04
1.220000e+00	3.391744e-04
1.222500e+00	3.377169e-04
1.225000e+00	3.362733e-04
1.227500e+00	3.348432e-04
1.230000e+00	3.334267e-04
1.232500e+00	3.320235e-04
1.235000e+00	3.306334e-04
1.237500e+00	3.292564e-04
1.240000e+00	3.278923e-04
1.242500e+00	3.265409e-04
1.245000e+00	3.252021e-04
1.247500e+00	3.238759e-04
1.250000e+00	3.225619e-04
1.252500e+00	3.212602e-04
1.255000e+00	3.199705e-04
1.257500e+00	3.186928e-04
1.260000e+00	3.174269e-04
1.262500e+00	3.161728e-04
1.265000e+00	3.149301e-04
1.267500e+00	3.136990e-04
1.270000e+00	3.124792e-04
1.272500e+00	3.112706e-04
1.275000e+00	3.100731e-04
1.277500e+00	3.088865e-04
1.280000e+00	3.077109e-04
1.282500e+00	3.065460e-04
1.285000e+00	3.053918e-04
1.287500e+00	3.042481e-04
1.290000e+00	3.031148e-04
1.292500e+00	3.019919e-04
1.295000e+00	3.008792e-04
1.297500e+00	2.997766e-04
1.300000e+00	2.986841e-04
1.302500e+00	2.976015e-04
1.305000e+00	2.965287e-04
1.307500e+00	2.954657e-04
1.310000e+00	2.944123e-04
1.312500e+00	2.933684e-04
1.315000e+00	2.923340e-04
1.317500e+00	2.913090e-04
1.320000e+00	2.902933e-04
1.322500e+00	2.892867e-04
1.325000e+00	2.882892e-04
1.327500e+00	2.873008e-04
1.330000e+00	2.863212e-04
1.332500e+00	2.853506e-04
1.335000e+00	2.843886e-04
1.337500e+00	2.834354e-04
1.340000e+00	2.824908e-04
1.342500e+00	2.815547e-04
1.345000e+00	2.806270e-04
1.347500e+00	2.797078e-04
1.350000e+00	2.787968e-04
1.352500e+00	2.778940e-04
1.355000e+00	2.769994e-04
1.357500e+00	2.761129e-04
1.360000e+00	2.752344e-04
1.362500e+00	2.743638e-04
1.365000e+00	2.735011e-04
1.367500e+00	2.726462e-04
1.370000e+00	2.717990e-04
1.372500e+00	2.709595e-04
1.375000e+00	2.701276e-04
1.377500e+00	2.693032e-04
1.380000e+00	2.684863e-04
1.382500e+00	2.676768e-04
1.385000e+00	2.668747e-04
1.387500e+00	2.660798e-04
1.390000e+00	2.652922e-04
1.392500e+00	2.645118e-04
1.395000e+00	2.637385e-04
1.397500e+00	2.629722e-04
1.400000e+00	2.622129e-04
1.402500e+00	2.614606e-04
1.405000e+00	2.607152e-04
1.407500e+00	2.599766e-04
1.410000e+00	2.592448e-04
1.412500e+00	2.585197e-04
1.415000e+00	2.578013e-04
1.417500e+00	2.570896e-04
1.420000e+00	2.563844e-04
1.422500e+00	2.556857e-04
1.425000e+00	2.549936e-04
1.427500e+00	2.543078e-04
1.430000e+00	2.536285e-04
1.432500e+00	2.529555e-04
1.435000e+00	2.522888e-04
1.437500e+00	2.516284e-04
1.440000e+00	2.509741e-04
1.442500e+00	2.503261e-04
1.445000e+00	2.496841e-04
1.447500e+00	2.490483e-04
1.450000e+00	2.484185e-04
1.452500e+00	2.477946e-04
1.455000e+00	2.471768e-04
1.457500e+00	2.465648e-04
1.460000e+00	2.459588e-04
1.462500e+00	2.453586e-04
1.465000e+00	2.447642e-04
1.467500e+00	2.441755e-04
1.470000e+00	2.435927e-04
1.472500e+00	2.430155e-04
1.475000e+00	2.424439e-04
1.477500e+00	2.418780e-04
1.480000e+00	2.413177e-04
1.482500e+00	2.407630e-04
1.485000e+00	2.402138e-04
1.487500e+00	2.396701e-04
1.490000e+00	2.391319e-04
1.492500e+00	2.385991e-04
1.495000e+00	2.380717e-04
1.497500e+00	2.375497e-04
1.500000e+00	2.370331e-04
1.502500e+00	2.365218e-04
1.505000e+00	2.360158e-04
1.507500e+00	2.355150e-04
1.510000e+00	2.350195e-04
1.512500e+00	2.345292e-04
1.515000e+00	2.340441e-04
1.517500e+00	2.335642e-04
1.520000e+00	2.330894e-04
1.522500e+00	2.326198e-04
1.525000e+00	2.321552e-04
1.527500e+00	2.316957e-04
1.530000e+00	2.312413e-04
1.532500e+00	2.307919e-04
1.535000e+00	2.303475e-04
1.537500e+00	2.299081e-04
1.540000e+00	2.294737e-04
1.542500e+00	2.290442e-04
1.545000e+00	2.286197e-04
1.547500e+00	2.282001e-04
1.550000e+00	2.277854e-04
1.552500e+00	2.273756e-04
1.555000e+00	2.269707e-04
1.557500e+00	2.265706e-04
1.560000e+00	2.261753e-04
1.562500e+00	2.257849e-04
1.565000e+00	2.253993e-04
1.567500e+00	2.250185e-04
1.570000e+00	2.246424e-04
1.572500e+00	2.242712e-04
1.575000e+00	2.239047e-04
1.577500e+00	2.235429e-04
1.580000e+00	2.231859e-04
1.582500e+00	2.228337e-04
1.585000e+00	2.224861e-04
1.587500e+00	2.221433e-04
1.590000e+00	2.218052e-04
1.592500e+00	2.214717e-04
1.595000e+00	2.211430e-04
1.597500e+00	2.208190e-04
1.600000e+00	2.204996e-04
1.602500e+00	2.201849e-04
1.605000e+00	2.198749e-04
1.607500e+00	2.195695e-04
1.610000e+00	2.192689e-04
1.612500e+00	2.189729e-04
1.615000e+00	2.186815e-04
1.617500e+00	2.183948e-04
1.620000e+00	2.181128e-04
1.622500e+00	2.178354e-04
1.625000e+00	2.175627e-04
1.627500e+00	2.172947e-04
1.630000e+00	2.170313e-04
1.632500e+00	2.167727e-04
1.635000e+00	2.165186e-04
1.637500e+00	2.162693e-04
1.640000e+00	2.160247e-04
1.642500e+00	2.157847e-04
1.645000e+00	2.155495e-04
1.647500e+00	2.153189e-04
1.650000e+00	2.150931e-04
1.652500e+00	2.148720e-04
1.655000e+00	2.146556e-04
1.657500e+00	2.144440e-04
1.660000e+00	2.142372e-04
1.662500e+00	2.140351e-04
1.665000e+00	2.138378e-04
1.667500e+00	2.136453e-04
1.670000e+00	2.134577e-04
1.672500e+00	2.132748e-04
1.675000e+00	2.130968e-04
1.677500e+00	2.129237e-04
1.680000e+00	2.127555e-04
1.682500e+00	2.125922e-04
1.685000e+00	2.124338e-04
1.687500e+00	2.122804e-04
1.690000e+00	2.121319e-04
1.692500e+00	2.119885e-04
1.695000e+00	2.118501e-04
1.697500e+00	2.117167e-04
1.700000e+00	2.115885e-04
1.702500e+00	2.114653e-04
1.705000e+00	2.113473e-04
1.707500e+00	2.112345e-04
1.710000e+00	2.111268e-04
1.712500e+00	2.110245e-04
1.715000e+00	2.109274e-04
1.717500e+00	2.108356e-04
1.720000e+00	2.107492e-04
1.722500e+00	2.106682e-04
1.725000e+00	2.105926e-04
1.727500e+00	2.105225e-04
1.730000e+00	2.104579e-04
1.732500e+00	2.103990e-04
1.735000e+00	2.103456e-04
1.737500e+00	2.102979e-04
1.740000e+00	2.102560e-04
1.742500e+00	2.102198e-04
1.745000e+00	2.101895e-04
1.747500e+00	2.101650e-04
1.750000e+00	2.101465e-04
1.752500e+00	2.101341e-04
1.755000e+00	2.101277e-04
1.757500e+00	2.101275e-04
1.760000e+00	2.101334e-04
1.762500e+00	2.101457e-04
1.765000e+00	2.101644e-04
1.767500e+00	2.101894e-04
1.770000e+00	2.102210e-04
1.772500e+00	2.102592e-04
1.775000e+00	2.103041e-04
1.777500e+00	2.103558e-04
1.780000e+00	2.104143e-04
1.782500e+00	2.104797e-04
1.785000e+00	2.105522e-04
1.787500e+00	2.106319e-04
1.790000e+00	2.107188e-04
1.792500e+00	2.108131e-04
1.795000e+00	2.109149e-04
1.797500e+00	2.110242e-04
1.800000e+00	2.111413e-04
1.802500e+00	2.112662e-04
1.805000e+00	2.113990e-04
1.807500e+00	2.115400e-04
1.810000e+00	2.116891e-04
1.812500e+00	2.118467e-04
1.815000e+00	2.120127e-04
1.817500e+00	2.121874e-04
1.820000e+00	2.123709e-04
1.822500e+00	2.125635e-04
1.825000e+00	2.127651e-04
1.827500e+00	2.129761e-04
1.830000e+00	2.131966e-04
1.832500e+00	2.134268e-04
1.835000e+00	2.136669e-04
1.837500e+00	2.139171e-04
1.840000e+00	2.141776e-04
1.842500e+00	2.144487e-04
1.845000e+00	2.147304e-04
1.847500e+00	2.150232e-04
1.850000e+00	2.153272e-04
1.852500e+00	2.156427e-04
1.855000e+00	2.159699e-04
1.857500e+00	2.163092e-04
1.860000e+00	2.166608e-04
1.862500e+00	2.170250e-04
1.865000e+00	2.174021e-04
1.867500e+00	2.177924e-04
1.870000e+00	2.181963e-04
1.872500e+00	2.186142e-04
1.875000e+00	2.190463e-04
1.877500e+00	2.194932e-04
1.880000e+00	2.199550e-04
1.882500e+00	2.204324e-04
1.885000e+00	2.209257e-04
1.887500e+00	2.214354e-04
1.890000e+00	2.219619e-04
1.892500e+00	2.225058e-04
1.895000e+00	2.230675e-04
1.897500e+00	2.236476e-04
1.900000e+00	2.242467e-04
1.902500e+00	2.248653e-04
1.905000e+00	2.255041e-04
1.907500e+00	2.261637e-04
1.910000e+00	2.268449e-04
1.912500e+00	2.275483e-04
1.915000e+00	2.282747e-04
1.917500e+00	2.290248e-04
1.920000e+00	2.297996e-04
1.922500e+00	2.305999e-04
1.925000e+00	2.314266e-04
1.927500e+00	2.322808e-04
1.930000e+00	2.331633e-04
1.932500e+00	2.340754e-04
1.935000e+00	2.350181e-04
1.937500e+00	2.359928e-04
1.940000e+00	2.370006e-04
1.942500e+00	2.380429e-04
1.945000e+00	2.391212e-04
1.947500e+00	2.402371e-04
1.950000e+00	2.413920e-04
1.952500e+00	2.425878e-04
1.955000e+00	2.438263e-04
1.957500e+00	2.451095e-04
1.960000e+00	2.464394e-04
1.962500e+00	2.478183e-04
1.965000e+00	2.492485e-04
1.967500e+00	2.507326e-04
1.970000e+00	2.522733e-04
1.972500e+00	2.538736e-04
1.975000e+00	2.555365e-04
1.977500e+00	2.572655e-04
1.980000e+00	2.590642e-04
1.982500e+00	2.609365e-04
1.985000e+00	2.628867e-04
1.987500e+00	2.649193e-04
1.990000e+00	2.670392e-04
1.992500e+00	2.692520e-04
1.995000e+00	2.715633e-04
1.997500e+00	2.739797e-04
2.000000e+00	2.765080e-04
2.002500e+00	2.791560e-04
2.005000e+00	2.819318e-04
2.007500e+00	2.848448e-04
2.010000e+00	2.879050e-04
2.012500e+00	2.911235e-04
2.015000e+00	2.945128e-04
2.017500e+00	2.980865e-04
2.020000e+00	3.018600e-04
2.022500e+00	3.058502e-04
2.025000e+00	3.100763e-04
2.027500e+00	3.145597e-04
2.030000e+00	3.193248e-04
2.032500e+00	3.243990e-04
2.035000e+00	3.298137e-04
2.037500e+00	3.356045e-04
2.040000e+00	3.418126e-04
2.042500e+00	3.484855e-04
2.045000e+00	3.556781e-04
2.047500e+00	3.634548e-04
2.050000e+00	3.718912e-04
2.052500e+00	3.810767e-04
2.055000e+00	3.911181e-04
2.057500e+00	4.021434e-04
2.060000e+00	4.143082e-04
2.062500e+00	4.278027e-04
2.065000e+00	4.428624e-04
2.067500e+00	4.597816e-04
2.070000e+00	4.789333e-04
2.072500e+00	5.007957e-04
2.075000e+00	5.259913e-04
2.077500e+00	5.553415e-04
2.080000e+00	5.899472e-04
2.082500e+00	6.313034e-04
2.085000e+00	6.814601e-04
2.087500e+00	7.432313e-04
2.090000e+00	8.204070e-04
2.092500e+00	9.177744e-04
2.095000e+00	1.040406e-03
2.097500e+00	1.191286e-03
2.100000e+00	1.367265e-03
2.102500e+00	1.556991e-03
2.105000e+00	1.745584e-03
2.107500e+00	1.923258e-03
2.110000e+00	2.086599e-03
2.112500e+00	2.231841e-03
2.115000e+00	2.358745e-03
2.117500e+00	2.477620e-03
2.120000e+00	2.596459e-03
2.122500e+00	2.703984e-03
2.125000e+00	2.784307e-03
2.127500e+00	2.853440e-03
2.130000e+00	2.939024e-03
2.132500e+00	3.034949e-03
2.135000e+00	3.121348e-03
2.137500e+00	3.196052e-03
2.140000e+00	3.249882e-03
2.142500e+00	3.272671e-03
2.145000e+00	3.299804e-03
2.147500e+00	3.381408e-03
2.150000e+00	3.508060e-03
2.152500e+00	3.606489e-03
2.155000e+00	3.628847e-03
2.157500e+00	3.616766e-03
2.160000e+00	3.629258e-03
2.162500e+00	3.665302e-03
2.165000e+00	3.703215e-03
2.167500e+00	3.766660e-03
2.170000e+00	3.886078e-03
2.172500e+00	4.019317e-03
2.175000e+00	4.070290e-03
2.177500e+00	4.012566e-03
2.180000e+00	3.935385e-03
2.182500e+00	3.932697e-03
2.185000e+00	4.008860e-03
2.187500e+00	4.091548e-03
2.190000e+00	4.131174e-03
2.192500e+00	4.172910e-03
2.195000e+00	4.283913e-03
2.197500e+00	4.441807e-03
2.200000e+00	4.525011e-03
2.202500e+00	4.440942e-03
2.205000e+00	4.253109e-03
2.207500e+00	4.111490e-03
2.210000e+00	4.118736e-03
2.212500e+00	4.289246e-03
2.215000e+00	4.546415e-03
2.217500e+00	4.738876e-03
2.220000e+00	4.753316e-03
2.222500e+00	4.644650e-03
2.225000e+00	4.566424e-03
2.227500e+00	4.606441e-03
2.230000e+00	4.720520e-03
2.232500e+00	4.770951e-03
2.235000e+00	4.668208e-03
2.237500e+00	4.484854e-03
2.240000e+00	4.371772e-03
2.242500e+00	4.430059e-03
2.245000e+00	4.676675e-03
2.247500e+00	5.034470e-03
2.250000e+00	5.321974e-03
2.252500e+00	5.350877e-03
2.255000e+00	5.122816e-03
2.257500e+00	4.829059e-03
2.260000e+00	4.651346e-03
2.262500e+00	4.658111e-03
2.265000e+00	4.806662e-03
2.267500e+00	4.963194e-03
2.270000e+00	4.989026e-03
2.272500e+00	4.887591e-03
2.275000e+00	4.802296e-03
2.277500e+00	4.867645e-03
2.280000e+00	5.121013e-03
2.282500e+00	5.477523e-03
2.285000e+00	5.731743e-03
2.287500e+00	5.687905e-03
2.290000e+00	5.371470e-03
2.292500e+00	4.997411e-03
2.295000e+00	4.755581e-03
2.297500e+00	4.724901e-03
2.300000e+00	4.892973e-03
2.302500e+00	5.161292e-03
2.305000e+00	5.356618e-03
2.307500e+00	5.352806e-03
2.310000e+00	5.214899e-03
2.312500e+00	5.126488e-03
2.315000e+00	5.221250e-03
2.317500e+00	5.517212e-03
2.320000e+00	5.898004e-03
2.322500e+00	6.123837e-03
2.325000e+00	5.997149e-03
2.327500e+00	5.579754e-03
2.330000e+00	5.113592e-03
2.332500e+00	4.791399e-03
2.335000e+00	4.694313e-03
2.337500e+00	4.835632e-03
2.340000e+00	5.180732e-03
2.342500e+00	5.616214e-03
2.345000e+00	5.931774e-03
2.347500e+00	5.948780e-03
2.350000e+00	5.719979e-03
2.352500e+00	5.474104e-03
2.355000e+00	5.400470e-03
2.357500e+00	5.565514e-03
2.360000e+00	5.912804e-03
2.362500e+00	6.249677e-03
2.365000e+00	6.312574e-03
2.367500e+00	6.001972e-03
2.370000e+00	5.493988e-03
2.372500e+00	5.034553e-03
2.375000e+00	4.765824e-03
2.377500e+00	4.736330e-03
2.380000e+00	4.954055e-03
2.382500e+00	5.398019e-03
2.385000e+00	5.977278e-03
2.387500e+00	6.476088e-03
2.390000e+00	6.628396e-03
2.392500e+00	6.376508e-03
2.395000e+00	5.949145e-03
2.397500e+00	5.617103e-03
2.400000e+00	5.523208e-03
2.402500e+00	5.687460e-03
2.405000e+00	6.021450e-03
2.407500e+00	6.312408e-03
2.410000e+00	6.309728e-03
2.412500e+00	5.961050e-03
2.415000e+00	5.466730e-03
2.417500e+00	5.056640e-03
2.420000e+00	4.852650e-03
2.422500e+00	4.895876e-03
2.425000e+00	5.195540e-03
2.427500e+00	5.732754e-03
2.430000e+00	6.410373e-03
2.432500e+00	6.987202e-03
2.435000e+00	7.155206e-03
2.437500e+00	6.833873e-03
2.440000e+00	6.274045e-03
2.442500e+00	5.784249e-03
2.445000e+00	5.532044e-03
2.447500e+00	5.559299e-03
2.450000e+00	5.823669e-03
2.452500e+00	6.181542e-03
2.455000e+00	6.384634e-03
2.457500e+00	6.240238e-03
2.460000e+00	5.817953e-03
2.462500e+00	5.359457e-03
2.465000e+00	5.053650e-03
2.467500e+00	4.982959e-03
2.470000e+00	5.174112e-03
2.472500e+00	5.630153e-03
2.475000e+00	6.308674e-03
2.477500e+00	7.048613e-03
2.480000e+00	7.531264e-03
2.482500e+00	7.473315e-03
2.485000e+00	6.940284e-03
2.487500e+00	6.270653e-03
2.490000e+00	5.747963e-03
2.492500e+00	5.493213e-03
2.495000e+00	5.525222e-03
2.497500e+00	5.800334e-03
2.500000e+00	6.186577e-03
2.502500e+00	6.442691e-03
2.505000e+00	6.354515e-03
2.507500e+00	5.959338e-03
2.510000e+00	5.495642e-03
2.512500e+00	5.169042e-03
2.515000e+00	5.074928e-03
2.517500e+00	5.246183e-03
2.520000e+00	5.692242e-03
2.522500e+00	6.386225e-03
2.525000e+00	7.194959e-03
2.527500e+00	7.810612e-03
2.530000e+00	7.885361e-03
2.532500e+00	7.385474e-03
2.535000e+00	6.635652e-03
2.537500e+00	5.973513e-03
2.540000e+00	5.563812e-03
2.542500e+00	5.446847e-03
2.545000e+00	5.605606e-03
2.547500e+00	5.966875e-03
2.550000e+00	6.354988e-03
2.552500e+00	6.509917e-03
2.555000e+00	6.290992e-03
2.557500e+00	5.836395e-03
2.560000e+00	5.398454e-03
2.562500e+00	5.142738e-03
2.565000e+00	5.135488e-03
2.567500e+00	5.400560e-03
2.570000e+00	5.945246e-03
2.572500e+00	6.732316e-03
2.575000e+00	7.596805e-03
2.577500e+00	8.188426e-03
2.580000e+00	8.162873e-03
2.582500e+00	7.551899e-03
2.585000e+00	6.726775e-03
2.587500e+00	6.021630e-03
2.590000e+00	5.583887e-03
2.592500e+00	5.443126e-03
2.595000e+00	5.579376e-03
2.597500e+00	5.923443e-03
2.600000e+00	6.309336e-03
2.602500e+00	6.481375e-03
2.605000e+00	6.284437e-03
2.607500e+00	5.837862e-03
2.610000e+00	5.390636e-03
2.612500e+00	5.113325e-03
2.615000e+00	5.075481e-03
2.617500e+00	5.303038e-03
2.620000e+00	5.811283e-03
2.622500e+00	6.590757e-03
2.625000e+00	7.536794e-03
2.627500e+00	8.353609e-03
2.630000e+00	8.623037e-03
2.632500e+00	8.182885e-03
2.635000e+00	7.326221e-03
2.637500e+00	6.466178e-03
2.640000e+00	5.837401e-03
2.642500e+00	5.507534e-03
2.645000e+00	5.469295e-03
2.647500e+00	5.674460e-03
2.650000e+00	6.004322e-03
2.652500e+00	6.240316e-03
2.655000e+00	6.172838e-03
2.657500e+00	5.813093e-03
2.660000e+00	5.372752e-03
2.662500e+00	5.047519e-03
2.665000e+00	4.931523e-03
2.667500e+00	5.059774e-03
2.670000e+00	5.454353e-03
2.672500e+00	6.135006e-03
2.675000e+00	7.085551e-03
2.677500e+00	8.162519e-03
2.680000e+00	8.999215e-03
2.682500e+00	9.145380e-03
2.685000e+00	8.512527e-03
2.687500e+00	7.484403e-03
2.690000e+00	6.493097e-03
2.692500e+00	5.752408e-03
2.695000e+00	5.308928e-03
2.697500e+00	5.143694e-03
2.700000e+00	5.210820e-03
2.702500e+00	5.419146e-03
2.705000e+00	5.604922e-03
2.707500e+00	5.599671e-03
2.710000e+00	5.393425e-03
2.712500e+00	5.144384e-03
2.715000e+00	5.017212e-03
2.717500e+00	5.104230e-03
2.720000e+00	5.451665e-03
2.722500e+00	6.088727e-03
2.725000e+00	7.012283e-03
2.727500e+00	8.108007e-03
2.730000e+00	9.040869e-03
2.732500e+00	9.330709e-03
2.735000e+00	8.783511e-03
2.737500e+00	7.725371e-03
2.740000e+00	6.621723e-03
2.742500e+00	5.731478e-03
2.745000e+00	5.119600e-03
2.747500e+00	4.772201e-03
2.750000e+00	4.664613e-03
2.752500e+00	4.783531e-03
2.755000e+00	5.122893e-03
2.757500e+00	5.654132e-03
2.760000e+00	6.264432e-03
2.762500e+00	6.712092e-03
2.765000e+00	6.752938e-03
2.767500e+00	6.402624e-03
2.770000e+00	5.924986e-03
2.772500e+00	5.568858e-03
2.775000e+00	5.456510e-03
2.777500e+00	5.630403e-03
2.780000e+00	6.099792e-03
2.782500e+00	6.828176e-03
2.785000e+00	7.657267e-03
2.787500e+00	8.243241e-03
2.790000e+00	8.227041e-03
2.792500e+00	7.607840e-03
2.795000e+00	6.741527e-03
2.797500e+00	5.966596e-03
2.800000e+00	5.435339e-03
2.802500e+00	5.179673e-03
2.805000e+00	5.193265e-03
2.807500e+00	5.460684e-03
2.810000e+00	5.936707e-03
2.812500e+00	6.484637e-03
2.815000e+00	6.842046e-03
2.817500e+00	6.773648e-03
2.820000e+00	6.325600e-03
2.822500e+00	5.767895e-03
2.825000e+00	5.328958e-03
2.827500e+00	5.108801e-03
2.830000e+00	5.136170e-03
2.832500e+00	5.423792e-03
2.835000e+00	5.984472e-03
2.837500e+00	6.806115e-03
2.840000e+00	7.775372e-03
2.842500e+00	8.586249e-03
2.845000e+00	8.832943e-03
2.847500e+00	8.395264e-03
2.850000e+00	7.591227e-03
2.852500e+00	6.823456e-03
2.855000e+00	6.312034e-03
2.857500e+00	6.123977e-03
2.860000e+00	6.265653e-03
2.862500e+00	6.716161e-03
2.865000e+00	7.390166e-03
2.867500e+00	8.056007e-03
2.870000e+00	8.349261e-03
2.872500e+00	8.057331e-03
2.875000e+00	7.364398e-03
2.877500e+00	6.628731e-03
2.880000e+00	6.083666e-03
2.882500e+00	5.810658e-03
2.885000e+00	5.825621e-03
2.887500e+00	6.137118e-03
2.890000e+00	6.761346e-03
2.892500e+00	7.697565e-03
2.895000e+00	8.848987e-03
2.897500e+00	9.906121e-03
2.900000e+00	1.038534e-02
2.902500e+00	1.003920e-02
2.905000e+00	9.160641e-03
2.907500e+00	8.247396e-03
2.910000e+00	7.612850e-03
2.912500e+00	7.367424e-03
2.915000e+00	7.529852e-03
2.917500e+00	8.078021e-03
2.920000e+00	8.908834e-03
2.922500e+00	9.736927e-03
2.925000e+00	1.010392e-02
2.927500e+00	9.727414e-03
2.930000e+00	8.822698e-03
2.932500e+00	7.837668e-03
2.935000e+00	7.068047e-03
2.937500e+00	6.613697e-03
2.940000e+00	6.486270e-03
2.942500e+00	6.684971e-03
2.945000e+00	7.221841e-03
2.947500e+00	8.108853e-03
2.950000e+00	9.295860e-03
2.952500e+00	1.054842e-02
2.955000e+00	1.138356e-02
2.957500e+00	1.136506e-02
2.960000e+00	1.059242e-02
2.962500e+00	9.591641e-03
2.965000e+00	8.807603e-03
2.967500e+00	8.437129e-03
2.970000e+00	8.533156e-03
2.972500e+00	9.092626e-03
2.975000e+00	1.004300e-02
2.977500e+00	1.113332e-02
2.980000e+00	1.185684e-02
2.982500e+00	1.172367e-02
2.985000e+00	1.077614e-02
2.987500e+00	9.526630e-03
2.990000e+00	8.428855e-03
2.992500e+00	7.674434e-03
2.995000e+00	7.296746e-03
2.997500e+00	7.286541e-03
3.000000e+00	7.643079e-03
3.002500e+00	8.378257e-03
3.005000e+00	9.476654e-03
3.007500e+00	1.079212e-02
3.010000e+00	1.192251e-02
3.012500e+00	1.232347e-02
3.015000e+00	1.182167e-02
3.017500e+00	1.083978e-02
3.020000e+00	9.931805e-03
3.022500e+00	9.413616e-03
3.025000e+00	9.395541e-03
3.027500e+00	9.903035e-03
3.030000e+00	1.090756e-02
3.032500e+00	1.224061e-02
3.035000e+00	1.344478e-02
3.037500e+00	1.385061e-02
3.040000e+00	1.314725e-02
3.042500e+00	1.174638e-02
3.045000e+00	1.029281e-02
3.047500e+00	9.165062e-03
3.050000e+00	8.472917e-03
3.052500e+00	8.216018e-03
3.055000e+00	8.380599e-03
3.057500e+00	8.965579e-03
3.060000e+00	9.954583e-03
3.062500e+00	1.122254e-02
3.065000e+00	1.240148e-02
3.067500e+00	1.293394e-02
3.070000e+00	1.255178e-02
3.072500e+00	1.160866e-02
3.075000e+00	1.068092e-02
3.077500e+00	1.013215e-02
3.080000e+00	1.010196e-02
3.082500e+00	1.063419e-02
3.085000e+00	1.172960e-02
3.087500e+00	1.327936e-02
3.090000e+00	1.489302e-02
3.092500e+00	1.583476e-02
3.095000e+00	1.550441e-02
3.097500e+00	1.410721e-02
3.100000e+00	1.239823e-02
3.102500e+00	1.096085e-02
3.105000e+00	1.001926e-02
3.107500e+00	9.605800e-03
3.110000e+00	9.704627e-03
3.112500e+00	1.029659e-02
3.115000e+00	1.132004e-02
3.117500e+00	1.255107e-02
3.120000e+00	1.349641e-02
3.122500e+00	1.361530e-02
3.125000e+00	1.287326e-02
3.127500e+00	1.178990e-02
3.130000e+00	1.089493e-02
3.132500e+00	1.045296e-02
3.135000e+00	1.055224e-02
3.137500e+00	1.122812e-02
3.140000e+00	1.249737e-02
3.142500e+00	1.428599e-02
3.145000e+00	1.624270e-02
3.147500e+00	1.760383e-02
3.150000e+00	1.759836e-02
3.152500e+00	1.627077e-02
3.155000e+00	1.443088e-02
3.157500e+00	1.282228e-02
3.160000e+00	1.177627e-02
3.162500e+00	1.136614e-02
3.165000e+00	1.158213e-02
3.167500e+00	1.238006e-02
3.170000e+00	1.360666e-02
3.172500e+00	1.484439e-02
3.175000e+00	1.542098e-02
3.177500e+00	1.492062e-02
3.180000e+00	1.366137e-02
3.182500e+00	1.230979e-02
3.185000e+00	1.131332e-02
3.187500e+00	1.083465e-02
3.190000e+00	1.091074e-02
3.192500e+00	1.156270e-02
3.195000e+00	1.282131e-02
3.197500e+00	1.467038e-02
3.200000e+00	1.687942e-02
3.202500e+00	1.878778e-02
3.205000e+00	1.946540e-02
3.207500e+00	1.856496e-02
3.210000e+00	1.675751e-02
3.212500e+00	1.497539e-02
3.215000e+00	1.375232e-02
3.217500e+00	1.325789e-02
3.220000e+00	1.351142e-02
3.222500e+00	1.446892e-02
3.225000e+00	1.594810e-02
3.227500e+00	1.744342e-02
3.230000e+00	1.813037e-02
3.232500e+00	1.748111e-02
3.235000e+00	1.586371e-02
3.237500e+00	1.408724e-02
3.240000e+00	1.269665e-02
3.242500e+00	1.188042e-02
3.245000e+00	1.166378e-02
3.247500e+00	1.204780e-02
3.250000e+00	1.305567e-02
3.252500e+00	1.470696e-02
3.255000e+00	1.689880e-02
3.257500e+00	1.917875e-02
3.260000e+00	2.064604e-02
3.262500e+00	2.053210e-02
3.265000e+00	1.907517e-02
3.267500e+00	1.725313e-02
3.270000e+00	1.586082e-02
3.272500e+00	1.524158e-02
3.275000e+00	1.548451e-02
3.277500e+00	1.657311e-02
3.280000e+00	1.834163e-02
3.282500e+00	2.026582e-02
3.285000e+00	2.137815e-02
3.287500e+00	2.088162e-02
3.290000e+00	1.902188e-02
3.292500e+00	1.676881e-02
3.295000e+00	1.487852e-02
3.297500e+00	1.364216e-02
3.300000e+00	1.310234e-02
3.302500e+00	1.324545e-02
3.305000e+00	1.407642e-02
3.307500e+00	1.560559e-02
3.310000e+00	1.773934e-02
3.312500e+00	2.005543e-02
3.315000e+00	2.166678e-02
3.317500e+00	2.173521e-02
3.320000e+00	2.039851e-02
3.322500e+00	1.862963e-02
3.325000e+00	1.728768e-02
3.327500e+00	1.677188e-02
3.330000e+00	1.720520e-02
3.332500e+00	1.859496e-02
3.335000e+00	2.078789e-02
3.337500e+00	2.322629e-02
3.340000e+00	2.479495e-02
3.342500e+00	2.445482e-02
3.345000e+00	2.235521e-02
3.347500e+00	1.963404e-02
3.350000e+00	1.726553e-02
3.352500e+00	1.565297e-02
3.355000e+00	1.486486e-02
3.357500e+00	1.487892e-02
3.360000e+00	1.567631e-02
3.362500e+00	1.721312e-02
3.365000e+00	1.926748e-02
3.367500e+00	2.121142e-02
3.370000e+00	2.209385e-02
3.372500e+00	2.144715e-02
3.375000e+00	1.986343e-02
3.377500e+00	1.832685e-02
3.380000e+00	1.746672e-02
3.382500e+00	1.752917e-02
3.385000e+00	1.858410e-02
3.387500e+00	2.058572e-02
3.390000e+00	2.320844e-02
3.392500e+00	2.556325e-02
3.395000e+00	2.636283e-02
3.397500e+00	2.503637e-02
3.400000e+00	2.240792e-02
3.402500e+00	1.973244e-02
3.405000e+00	1.774747e-02
3.407500e+00	1.668006e-02
3.410000e+00	1.654540e-02
3.412500e+00	1.730146e-02
3.415000e+00	1.881679e-02
3.417500e+00	2.067846e-02
3.420000e+00	2.203130e-02
3.422500e+00	2.199038e-02
3.425000e+00	2.055274e-02
3.427500e+00	1.859559e-02
3.430000e+00	1.696333e-02
3.432500e+00	1.605623e-02
3.435000e+00	1.599368e-02
3.437500e+00	1.681637e-02
3.440000e+00	1.854969e-02
3.442500e+00	2.111373e-02
3.445000e+00	2.405933e-02
3.447500e+00	2.630946e-02
3.450000e+00	2.660716e-02
3.452500e+00	2.478091e-02
3.455000e+00	2.196110e-02
3.457500e+00	1.935639e-02
3.460000e+00	1.755830e-02
3.462500e+00	1.671463e-02
3.465000e+00	1.681758e-02
3.467500e+00	1.780957e-02
3.470000e+00	1.950096e-02
3.472500e+00	2.134506e-02
3.475000e+00	2.236778e-02
3.477500e+00	2.180972e-02
3.480000e+00	1.996731e-02
3.482500e+00	1.781985e-02
3.485000e+00	1.611088e-02
3.487500e+00	1.513270e-02
3.490000e+00	1.494809e-02
3.492500e+00	1.557313e-02
3.495000e+00	1.702950e-02
3.497500e+00	1.927332e-02
3.500000e+00	2.197410e-02
3.502500e+00	2.424386e-02
3.505000e+00	2.488880e-02
3.507500e+00	2.352525e-02
3.510000e+00	2.105617e-02
3.512500e+00	1.865447e-02
3.515000e+00	1.696421e-02
3.517500e+00	1.617652e-02
3.520000e+00	1.630683e-02
3.522500e+00	1.731520e-02
3.525000e+00	1.903964e-02
3.527500e+00	2.097474e-02
3.530000e+00	2.215646e-02
3.532500e+00	2.173608e-02
3.535000e+00	1.989710e-02
3.537500e+00	1.761552e-02
3.540000e+00	1.569431e-02
3.542500e+00	1.446125e-02
3.545000e+00	1.397837e-02
3.547500e+00	1.424062e-02
3.550000e+00	1.524272e-02
3.552500e+00	1.692867e-02
3.555000e+00	1.901652e-02
3.557500e+00	2.079478e-02
3.560000e+00	2.135364e-02
3.562500e+00	2.046491e-02
3.565000e+00	1.888949e-02
3.567500e+00	1.755989e-02
3.570000e+00	1.698909e-02
3.572500e+00	1.731264e-02
3.575000e+00	1.839623e-02
3.577500e+00	1.975071e-02
3.580000e+00	2.049778e-02
3.582500e+00	1.992206e-02
3.585000e+00	1.823387e-02
3.587500e+00	1.628291e-02
3.590000e+00	1.473724e-02
3.592500e+00	1.386701e-02
3.595000e+00	1.373160e-02
3.597500e+00	1.433284e-02
3.600000e+00	1.563169e-02
3.602500e+00	1.742518e-02
3.605000e+00	1.913493e-02
3.607500e+00	1.985879e-02
3.610000e+00	1.910266e-02
3.612500e+00	1.736425e-02
3.615000e+00	1.554542e-02
3.617500e+00	1.422299e-02
3.620000e+00	1.360020e-02
3.622500e+00	1.372060e-02
3.625000e+00	1.459686e-02
3.627500e+00	1.620692e-02
3.630000e+00	1.835060e-02
3.632500e+00	2.040267e-02
3.635000e+00	2.133314e-02
3.637500e+00	2.051035e-02
3.640000e+00	1.843956e-02
3.642500e+00	1.615487e-02
3.645000e+00	1.433804e-02
3.647500e+00	1.321847e-02
3.650000e+00	1.281565e-02
3.652500e+00	1.309727e-02
3.655000e+00	1.399567e-02
3.657500e+00	1.530197e-02
3.660000e+00	1.651071e-02
3.662500e+00	1.693413e-02
3.665000e+00	1.631791e-02
3.667500e+00	1.515706e-02
3.670000e+00	1.414766e-02
3.672500e+00	1.370593e-02
3.675000e+00	1.398000e-02
3.677500e+00	1.496091e-02
3.680000e+00	1.644348e-02
3.682500e+00	1.786659e-02
3.685000e+00	1.839293e-02
3.687500e+00	1.759928e-02
3.690000e+00	1.596899e-02
3.692500e+00	1.431921e-02
3.695000e+00	1.315850e-02
3.697500e+00	1.266273e-02
3.700000e+00	1.286348e-02
3.702500e+00	1.374009e-02
3.705000e+00	1.516671e-02
3.707500e+00	1.673691e-02
3.710000e+00	1.768182e-02
3.712500e+00	1.734429e-02
3.715000e+00	1.589804e-02
3.717500e+00	1.412781e-02
3.720000e+00	1.266646e-02
3.722500e+00	1.177155e-02
3.725000e+00	1.149370e-02
3.727500e+00	1.182410e-02
3.730000e+00	1.272319e-02
3.732500e+00	1.403614e-02
3.735000e+00	1.534209e-02
3.737500e+00	1.599807e-02
3.740000e+00	1.567374e-02
3.742500e+00	1.476366e-02
3.745000e+00	1.395325e-02
3.747500e+00	1.368879e-02
3.750000e+00	1.410908e-02
3.752500e+00	1.509533e-02
3.755000e+00	1.619851e-02
3.757500e+00	1.666537e-02
3.760000e+00	1.597966e-02
3.762500e+00	1.442603e-02
3.765000e+00	1.271752e-02
3.767500e+00	1.134879e-02
3.770000e+00	1.049168e-02
3.772500e+00	1.016526e-02
3.775000e+00	1.036320e-02
3.777500e+00	1.109764e-02
3.780000e+00	1.237933e-02
3.782500e+00	1.411920e-02
3.785000e+00	1.593884e-02
3.787500e+00	1.708546e-02
3.790000e+00	1.691105e-02
3.792500e+00	1.560399e-02
3.795000e+00	1.397192e-02
3.797500e+00	1.266457e-02
3.800000e+00	1.192796e-02
3.802500e+00	1.173059e-02
3.805000e+00	1.184978e-02
3.807500e+00	1.193630e-02
3.810000e+00	1.176037e-02
3.812500e+00	1.145512e-02
3.815000e+00	1.135937e-02
3.817500e+00	1.173517e-02
3.820000e+00	1.268796e-02
3.822500e+00	1.413653e-02
3.825000e+00	1.568047e-02
3.827500e+00	1.655126e-02
3.830000e+00	1.611088e-02
3.832500e+00	1.455308e-02
3.835000e+00	1.264959e-02
3.837500e+00	1.099808e-02
3.840000e+00	9.819484e-03
3.842500e+00	9.130184e-03
3.845000e+00	8.896689e-03
3.847500e+00	9.102713e-03
3.850000e+00	9.766608e-03
3.852500e+00	1.092927e-02
3.855000e+00	1.259627e-02
3.857500e+00	1.459135e-02
3.860000e+00	1.635235e-02
3.862500e+00	1.702353e-02
3.865000e+00	1.619924e-02
3.867500e+00	1.441887e-02
3.870000e+00	1.253817e-02
3.872500e+00	1.106446e-02
3.875000e+00	1.014044e-02
3.877500e+00	9.734923e-03
3.880000e+00	9.733274e-03
3.882500e+00	9.933795e-03
3.885000e+00	1.009299e-02
3.887500e+00	1.012426e-02
3.890000e+00	1.020643e-02
3.892500e+00	1.060380e-02
3.895000e+00	1.147806e-02
3.897500e+00	1.280864e-02
3.900000e+00	1.427979e-02
3.902500e+00	1.521643e-02
3.905000e+00	1.498434e-02
3.907500e+00	1.367381e-02
3.910000e+00	1.197823e-02
3.912500e+00	1.049017e-02
3.915000e+00	9.452677e-03
3.917500e+00	8.903587e-03
3.920000e+00	8.825247e-03
3.922500e+00	9.205619e-03
3.925000e+00	1.003119e-02
3.927500e+00	1.121325e-02
3.930000e+00	1.245328e-02
3.932500e+00	1.321380e-02
3.935000e+00	1.310267e-02
3.937500e+00	1.233796e-02
3.940000e+00	1.150317e-02
3.942500e+00	1.101272e-02
3.945000e+00	1.095208e-02
3.947500e+00	1.111905e-02
3.950000e+00	1.112363e-02
3.952500e+00	1.069670e-02
3.955000e+00	9.975814e-03
3.957500e+00	9.318384e-03
3.960000e+00	8.985775e-03
3.962500e+00	9.093046e-03
3.965000e+00	9.679512e-03
3.967500e+00	1.072430e-02
3.970000e+00	1.205694e-02
3.972500e+00	1.321835e-02
3.975000e+00	1.356985e-02
3.977500e+00	1.286809e-02
3.980000e+00	1.155968e-02
3.982500e+00	1.026878e-02
3.985000e+00	9.347497e-03
3.987500e+00	8.891563e-03
3.990000e+00	8.868849e-03
3.992500e+00	9.156258e-03
3.995000e+00	9.518885e-03
3.997500e+00	9.698337e-03
