#omega	spectral weight
-3.000000e+00	3.979792e-03
-2.997500e+00	4.595099e-03
-2.995000e+00	5.257570e-03
-2.992500e+00	5.705537e-03
-2.990000e+00	5.688762e-03
-2.987500e+00	5.241551e-03
-2.985000e+00	4.642372e-03
-2.982500e+00	4.134401e-03
-2.980000e+00	3.822001e-03
-2.977500e+00	3.723605e-03
-2.975000e+00	3.821311e-03
-2.972500e+00	4.063701e-03
-2.970000e+00	4.347488e-03
-2.967500e+00	4.553389e-03
-2.965000e+00	4.664591e-03
-2.962500e+00	4.794204e-03
-2.960000e+00	5.044116e-03
-2.957500e+00	5.372915e-03
-2.955000e+00	5.572477e-03
-2.952500e+00	5.420906e-03
-2.950000e+00	4.931260e-03
-2.947500e+00	4.329473e-03
-2.945000e+00	3.817692e-03
-2.942500e+00	3.482680e-03
-2.940000e+00	3.341846e-03
-2.937500e+00	3.392356e-03
-2.935000e+00	3.624604e-03
-2.932500e+00	4.000218e-03
-2.930000e+00	4.400319e-03
-2.927500e+00	4.606182e-03
-2.925000e+00	4.439065e-03
-2.922500e+00	3.954900e-03
-2.920000e+00	3.368902e-03
-2.917500e+00	2.844633e-03
-2.915000e+00	2.438791e-03
-2.912500e+00	2.149442e-03
-2.910000e+00	1.958415e-03
-2.907500e+00	1.849028e-03
-2.905000e+00	1.810471e-03
-2.902500e+00	1.836525e-03
-2.900000e+00	1.919925e-03
-2.897500e+00	2.041308e-03
-2.895000e+00	2.160482e-03
-2.892500e+00	2.236759e-03
-2.890000e+00	2.276095e-03
-2.887500e+00	2.333254e-03
-2.885000e+00	2.465465e-03
-2.882500e+00	2.708494e-03
-2.880000e+00	3.079191e-03
-2.877500e+00	3.577867e-03
-2.875000e+00	4.175550e-03
-2.872500e+00	4.762698e-03
-2.870000e+00	5.105474e-03
-2.867500e+00	4.985749e-03
-2.865000e+00	4.451358e-03
-2.862500e+00	3.761761e-03
-2.860000e+00	3.128514e-03
-2.857500e+00	2.630028e-03
-2.855000e+00	2.266629e-03
-2.852500e+00	2.014966e-03
-2.850000e+00	1.851719e-03
-2.847500e+00	1.760164e-03
-2.845000e+00	1.730762e-03
-2.842500e+00	1.760206e-03
-2.840000e+00	1.849715e-03
-2.837500e+00	2.001100e-03
-2.835000e+00	2.207352e-03
-2.832500e+00	2.438272e-03
-2.830000e+00	2.642530e-03
-2.827500e+00	2.795538e-03
-2.825000e+00	2.940602e-03
-2.822500e+00	3.146257e-03
-2.820000e+00	3.445658e-03
-2.817500e+00	3.828537e-03
-2.815000e+00	4.250111e-03
-2.812500e+00	4.602265e-03
-2.810000e+00	4.728058e-03
-2.807500e+00	4.583059e-03
-2.805000e+00	4.317413e-03
-2.802500e+00	4.121025e-03
-2.800000e+00	4.087715e-03
-2.797500e+00	4.200584e-03
-2.795000e+00	4.351037e-03
-2.792500e+00	4.406981e-03
-2.790000e+00	4.347939e-03
-2.787500e+00	4.290833e-03
-2.785000e+00	4.357977e-03
-2.782500e+00	4.575235e-03
-2.780000e+00	4.842651e-03
-2.777500e+00	4.969798e-03
-2.775000e+00	4.840174e-03
-2.772500e+00	4.550239e-03
-2.770000e+00	4.296528e-03
-2.767500e+00	4.210771e-03
-2.765000e+00	4.326860e-03
-2.762500e+00	4.588814e-03
-2.760000e+00	4.840008e-03
-2.757500e+00	4.881570e-03
-2.755000e+00	4.656328e-03
-2.752500e+00	4.315099e-03
-2.750000e+00	4.048205e-03
-2.747500e+00	3.958605e-03
-2.745000e+00	4.061431e-03
-2.742500e+00	4.292974e-03
-2.740000e+00	4.496539e-03
-2.737500e+00	4.481401e-03
-2.735000e+00	4.198906e-03
-2.732500e+00	3.793701e-03
-2.730000e+00	3.439274e-03
-2.727500e+00	3.228346e-03
-2.725000e+00	3.190159e-03
-2.722500e+00	3.327492e-03
-2.720000e+00	3.620750e-03
-2.717500e+00	3.993600e-03
-2.715000e+00	4.272297e-03
-2.712500e+00	4.250505e-03
-2.710000e+00	3.887296e-03
-2.707500e+00	3.350219e-03
-2.705000e+00	2.824335e-03
-2.702500e+00	2.396168e-03
-2.700000e+00	2.077967e-03
-2.697500e+00	1.854750e-03
-2.695000e+00	1.708460e-03
-2.692500e+00	1.625583e-03
-2.690000e+00	1.598025e-03
-2.687500e+00	1.621129e-03
-2.685000e+00	1.688605e-03
-2.682500e+00	1.783381e-03
-2.680000e+00	1.871912e-03
-2.677500e+00	1.923719e-03
-2.675000e+00	1.947974e-03
-2.672500e+00	1.989148e-03
-2.670000e+00	2.089435e-03
-2.667500e+00	2.272062e-03
-2.665000e+00	2.542230e-03
-2.662500e+00	2.884157e-03
-2.660000e+00	3.244939e-03
-2.657500e+00	3.515730e-03
-2.655000e+00	3.585079e-03
-2.652500e+00	3.467227e-03
-2.650000e+00	3.300636e-03
-2.647500e+00	3.213100e-03
-2.645000e+00	3.254241e-03
-2.642500e+00	3.403469e-03
-2.640000e+00	3.596463e-03
-2.637500e+00	3.784492e-03
-2.635000e+00	3.983221e-03
-2.632500e+00	4.209633e-03
-2.630000e+00	4.384304e-03
-2.627500e+00	4.371650e-03
-2.625000e+00	4.152292e-03
-2.622500e+00	3.865601e-03
-2.620000e+00	3.662632e-03
-2.617500e+00	3.612452e-03
-2.615000e+00	3.705488e-03
-2.612500e+00	3.870360e-03
-2.610000e+00	4.014557e-03
-2.607500e+00	4.113837e-03
-2.605000e+00	4.230864e-03
-2.602500e+00	4.402494e-03
-2.600000e+00	4.551485e-03
-2.597500e+00	4.548272e-03
-2.595000e+00	4.379386e-03
-2.592500e+00	4.178851e-03
-2.590000e+00	4.082238e-03
-2.587500e+00	4.130215e-03
-2.585000e+00	4.264008e-03
-2.582500e+00	4.374339e-03
-2.580000e+00	4.415886e-03
-2.577500e+00	4.468453e-03
-2.575000e+00	4.638189e-03
-2.572500e+00	4.935074e-03
-2.570000e+00	5.221994e-03
-2.567500e+00	5.275594e-03
-2.565000e+00	5.000836e-03
-2.562500e+00	4.545543e-03
-2.560000e+00	4.127374e-03
-2.557500e+00	3.873563e-03
-2.555000e+00	3.821379e-03
-2.552500e+00	3.955388e-03
-2.550000e+00	4.206072e-03
-2.547500e+00	4.434470e-03
-2.545000e+00	4.498467e-03
-2.542500e+00	4.399625e-03
-2.540000e+00	4.284641e-03
-2.537500e+00	4.285183e-03
-2.535000e+00	4.414599e-03
-2.532500e+00	4.550343e-03
-2.530000e+00	4.499204e-03
-2.527500e+00	4.179606e-03
-2.525000e+00	3.710351e-03
-2.522500e+00	3.263048e-03
-2.520000e+00	2.933383e-03
-2.517500e+00	2.747810e-03
-2.515000e+00	2.706283e-03
-2.512500e+00	2.803725e-03
-2.510000e+00	3.025799e-03
-2.507500e+00	3.320040e-03
-2.505000e+00	3.560027e-03
-2.502500e+00	3.582241e-03
-2.500000e+00	3.336698e-03
-2.497500e+00	2.944073e-03
-2.495000e+00	2.555851e-03
-2.492500e+00	2.250362e-03
-2.490000e+00	2.044557e-03
-2.487500e+00	1.930685e-03
-2.485000e+00	1.893407e-03
-2.482500e+00	1.908482e-03
-2.480000e+00	1.935636e-03
-2.477500e+00	1.930802e-03
-2.475000e+00	1.884862e-03
-2.472500e+00	1.832673e-03
-2.470000e+00	1.815498e-03
-2.467500e+00	1.857400e-03
-2.465000e+00	1.968329e-03
-2.462500e+00	2.149281e-03
-2.460000e+00	2.389168e-03
-2.457500e+00	2.653633e-03
-2.455000e+00	2.879450e-03
-2.452500e+00	3.017063e-03
-2.450000e+00	3.096167e-03
-2.447500e+00	3.195748e-03
-2.445000e+00	3.357999e-03
-2.442500e+00	3.571623e-03
-2.440000e+00	3.816903e-03
-2.437500e+00	4.070651e-03
-2.435000e+00	4.259158e-03
-2.432500e+00	4.304657e-03
-2.430000e+00	4.247613e-03
-2.427500e+00	4.216361e-03
-2.425000e+00	4.278978e-03
-2.422500e+00	4.370235e-03
-2.420000e+00	4.342912e-03
-2.417500e+00	4.129142e-03
-2.415000e+00	3.825835e-03
-2.412500e+00	3.579945e-03
-2.410000e+00	3.480763e-03
-2.407500e+00	3.560897e-03
-2.405000e+00	3.821194e-03
-2.402500e+00	4.222446e-03
-2.400000e+00	4.644907e-03
-2.397500e+00	4.889591e-03
-2.395000e+00	4.829069e-03
-2.392500e+00	4.558934e-03
-2.390000e+00	4.288193e-03
-2.387500e+00	4.158620e-03
-2.385000e+00	4.210922e-03
-2.382500e+00	4.429354e-03
-2.380000e+00	4.794093e-03
-2.377500e+00	5.294416e-03
-2.375000e+00	5.849409e-03
-2.372500e+00	6.223124e-03
-2.370000e+00	6.146396e-03
-2.367500e+00	5.613202e-03
-2.365000e+00	4.891164e-03
-2.362500e+00	4.236773e-03
-2.360000e+00	3.763184e-03
-2.357500e+00	3.490252e-03
-2.355000e+00	3.410280e-03
-2.352500e+00	3.518884e-03
-2.350000e+00	3.820163e-03
-2.347500e+00	4.310542e-03
-2.345000e+00	4.931316e-03
-2.342500e+00	5.497360e-03
-2.340000e+00	5.713163e-03
-2.337500e+00	5.413270e-03
-2.335000e+00	4.756146e-03
-2.332500e+00	4.031583e-03
-2.330000e+00	3.418691e-03
-2.327500e+00	2.967998e-03
-2.325000e+00	2.671457e-03
-2.322500e+00	2.509201e-03
-2.320000e+00	2.466956e-03
-2.317500e+00	2.538601e-03
-2.315000e+00	2.719672e-03
-2.312500e+00	2.989871e-03
-2.310000e+00	3.288895e-03
-2.307500e+00	3.521295e-03
-2.305000e+00	3.615171e-03
-2.302500e+00	3.550309e-03
-2.300000e+00	3.338854e-03
-2.297500e+00	3.047079e-03
-2.295000e+00	2.776535e-03
-2.292500e+00	2.596481e-03
-2.290000e+00	2.522780e-03
-2.287500e+00	2.528027e-03
-2.285000e+00	2.553707e-03
-2.282500e+00	2.549103e-03
-2.280000e+00	2.524217e-03
-2.277500e+00	2.534602e-03
-2.275000e+00	2.615734e-03
-2.272500e+00	2.741523e-03
-2.270000e+00	2.819111e-03
-2.267500e+00	2.749788e-03
-2.265000e+00	2.533816e-03
-2.262500e+00	2.264753e-03
-2.260000e+00	2.028221e-03
-2.257500e+00	1.859906e-03
-2.255000e+00	1.764342e-03
-2.252500e+00	1.737059e-03
-2.250000e+00	1.774340e-03
-2.247500e+00	1.874019e-03
-2.245000e+00	2.029383e-03
-2.242500e+00	2.217590e-03
-2.240000e+00	2.397490e-03
-2.237500e+00	2.542899e-03
-2.235000e+00	2.679320e-03
-2.232500e+00	2.852508e-03
-2.230000e+00	3.068050e-03
-2.227500e+00	3.284016e-03
-2.225000e+00	3.475459e-03
-2.222500e+00	3.691941e-03
-2.220000e+00	4.010303e-03
-2.217500e+00	4.443741e-03
-2.215000e+00	4.889087e-03
-2.212500e+00	5.164342e-03
-2.210000e+00	5.187053e-03
-2.207500e+00	5.084671e-03
-2.205000e+00	5.034793e-03
-2.202500e+00	5.077687e-03
-2.200000e+00	5.094496e-03
-2.197500e+00	4.947081e-03
-2.195000e+00	4.658556e-03
-2.192500e+00	4.387889e-03
-2.190000e+00	4.273785e-03
-2.187500e+00	4.377566e-03
-2.185000e+00	4.694739e-03
-2.182500e+00	5.138622e-03
-2.180000e+00	5.504702e-03
-2.177500e+00	5.549981e-03
-2.175000e+00	5.227839e-03
-2.172500e+00	4.742794e-03
-2.170000e+00	4.326446e-03
-2.167500e+00	4.097013e-03
-2.165000e+00	4.078998e-03
-2.162500e+00	4.235955e-03
-2.160000e+00	4.461739e-03
-2.157500e+00	4.589928e-03
-2.155000e+00	4.515155e-03
-2.152500e+00	4.313027e-03
-2.150000e+00	4.153794e-03
-2.147500e+00	4.159596e-03
-2.145000e+00	4.370454e-03
-2.142500e+00	4.744519e-03
-2.140000e+00	5.129285e-03
-2.137500e+00	5.283691e-03
-2.135000e+00	5.070300e-03
-2.132500e+00	4.612104e-03
-2.130000e+00	4.138805e-03
-2.127500e+00	3.783255e-03
-2.125000e+00	3.554932e-03
-2.122500e+00	3.406577e-03
-2.120000e+00	3.313216e-03
-2.117500e+00	3.293669e-03
-2.115000e+00	3.352858e-03
-2.112500e+00	3.425336e-03
-2.110000e+00	3.394868e-03
-2.107500e+00	3.207829e-03
-2.105000e+00	2.938393e-03
-2.102500e+00	2.700543e-03
-2.100000e+00	2.562947e-03
-2.097500e+00	2.548633e-03
-2.095000e+00	2.654857e-03
-2.092500e+00	2.849082e-03
-2.090000e+00	3.043255e-03
-2.087500e+00	3.100498e-03
-2.085000e+00	2.940437e-03
-2.082500e+00	2.628662e-03
-2.080000e+00	2.293783e-03
-2.077500e+00	2.016975e-03
-2.075000e+00	1.820980e-03
-2.072500e+00	1.698894e-03
-2.070000e+00	1.630652e-03
-2.067500e+00	1.587506e-03
-2.065000e+00	1.543339e-03
-2.062500e+00	1.494585e-03
-2.060000e+00	1.458662e-03
-2.057500e+00	1.451657e-03
-2.055000e+00	1.475321e-03
-2.052500e+00	1.515879e-03
-2.050000e+00	1.552915e-03
-2.047500e+00	1.581317e-03
-2.045000e+00	1.620985e-03
-2.042500e+00	1.699557e-03
-2.040000e+00	1.837789e-03
-2.037500e+00	2.047623e-03
-2.035000e+00	2.326534e-03
-2.032500e+00	2.637685e-03
-2.030000e+00	2.893532e-03
-2.027500e+00	3.003094e-03
-2.025000e+00	2.974857e-03
-2.022500e+00	2.917258e-03
-2.020000e+00	2.935789e-03
-2.017500e+00	3.081524e-03
-2.015000e+00	3.352948e-03
-2.012500e+00	3.688349e-03
-2.010000e+00	3.963514e-03
-2.007500e+00	4.075655e-03
-2.005000e+00	4.066111e-03
-2.002500e+00	4.081613e-03
-2.000000e+00	4.233437e-03
-1.997500e+00	4.528012e-03
-1.995000e+00	4.851305e-03
-1.992500e+00	5.014312e-03
-1.990000e+00	4.925612e-03
-1.987500e+00	4.706111e-03
-1.985000e+00	4.554280e-03
-1.982500e+00	4.592496e-03
-1.980000e+00	4.839961e-03
-1.977500e+00	5.210768e-03
-1.975000e+00	5.509222e-03
-1.972500e+00	5.540632e-03
-1.970000e+00	5.318139e-03
-1.967500e+00	5.051051e-03
-1.965000e+00	4.934243e-03
-1.962500e+00	5.044704e-03
-1.960000e+00	5.338599e-03
-1.957500e+00	5.645207e-03
-1.955000e+00	5.728633e-03
-1.952500e+00	5.500468e-03
-1.950000e+00	5.121293e-03
-1.947500e+00	4.807521e-03
-1.945000e+00	4.650519e-03
-1.942500e+00	4.591140e-03
-1.940000e+00	4.476650e-03
-1.937500e+00	4.202591e-03
-1.935000e+00	3.824508e-03
-1.932500e+00	3.476036e-03
-1.930000e+00	3.247181e-03
-1.927500e+00	3.166779e-03
-1.925000e+00	3.224705e-03
-1.922500e+00	3.371268e-03
-1.920000e+00	3.502974e-03
-1.917500e+00	3.503034e-03
-1.915000e+00	3.352843e-03
-1.912500e+00	3.153003e-03
-1.910000e+00	3.015672e-03
-1.907500e+00	2.999802e-03
-1.905000e+00	3.117887e-03
-1.902500e+00	3.341525e-03
-1.900000e+00	3.584050e-03
-1.897500e+00	3.713676e-03
-1.895000e+00	3.662133e-03
-1.892500e+00	3.508656e-03
-1.890000e+00	3.391568e-03
-1.887500e+00	3.395464e-03
-1.885000e+00	3.525002e-03
-1.882500e+00	3.703494e-03
-1.880000e+00	3.790189e-03
-1.877500e+00	3.686379e-03
-1.875000e+00	3.445067e-03
-1.872500e+00	3.204144e-03
-1.870000e+00	3.062240e-03
-1.867500e+00	3.050718e-03
-1.865000e+00	3.147861e-03
-1.862500e+00	3.277429e-03
-1.860000e+00	3.324900e-03
-1.857500e+00	3.227418e-03
-1.855000e+00	3.042837e-03
-1.852500e+00	2.878572e-03
-1.850000e+00	2.802523e-03
-1.847500e+00	2.829884e-03
-1.845000e+00	2.932752e-03
-1.842500e+00	3.042731e-03
-1.840000e+00	3.084864e-03
-1.837500e+00	3.051785e-03
-1.835000e+00	3.013422e-03
-1.832500e+00	3.047081e-03
-1.830000e+00	3.200289e-03
-1.827500e+00	3.501018e-03
-1.825000e+00	3.968748e-03
-1.822500e+00	4.601633e-03
-1.820000e+00	5.329822e-03
-1.817500e+00	5.964749e-03
-1.815000e+00	6.275339e-03
-1.812500e+00	6.230906e-03
-1.810000e+00	6.062908e-03
-1.807500e+00	6.029942e-03
-1.805000e+00	6.251268e-03
-1.802500e+00	6.684766e-03
-1.800000e+00	7.127150e-03
-1.797500e+00	7.307563e-03
-1.795000e+00	7.150156e-03
-1.792500e+00	6.873888e-03
-1.790000e+00	6.759597e-03
-1.787500e+00	6.965902e-03
-1.785000e+00	7.511976e-03
-1.782500e+00	8.258050e-03
-1.780000e+00	8.860793e-03
-1.777500e+00	8.922172e-03
-1.775000e+00	8.382088e-03
-1.772500e+00	7.588659e-03
-1.770000e+00	6.921469e-03
-1.767500e+00	6.571654e-03
-1.765000e+00	6.580987e-03
-1.762500e+00	6.895381e-03
-1.760000e+00	7.341660e-03
-1.757500e+00	7.617827e-03
-1.755000e+00	7.483245e-03
-1.752500e+00	7.018615e-03
-1.750000e+00	6.523541e-03
-1.747500e+00	6.225209e-03
-1.745000e+00	6.176454e-03
-1.742500e+00	6.271208e-03
-1.740000e+00	6.290178e-03
-1.737500e+00	6.064293e-03
-1.735000e+00	5.652944e-03
-1.732500e+00	5.259570e-03
-1.730000e+00	5.042338e-03
-1.727500e+00	5.071400e-03
-1.725000e+00	5.365491e-03
-1.722500e+00	5.898874e-03
-1.720000e+00	6.550845e-03
-1.717500e+00	7.053874e-03
-1.715000e+00	7.117907e-03
-1.712500e+00	6.730780e-03
-1.710000e+00	6.178400e-03
-1.707500e+00	5.741736e-03
-1.705000e+00	5.529228e-03
-1.702500e+00	5.487299e-03
-1.700000e+00	5.447553e-03
-1.697500e+00	5.247329e-03
-1.695000e+00	4.893195e-03
-1.692500e+00	4.535939e-03
-1.690000e+00	4.310772e-03
-1.687500e+00	4.274345e-03
-1.685000e+00	4.417779e-03
-1.682500e+00	4.661645e-03
-1.680000e+00	4.841653e-03
-1.677500e+00	4.790194e-03
-1.675000e+00	4.504753e-03
-1.672500e+00	4.146044e-03
-1.670000e+00	3.869729e-03
-1.667500e+00	3.750078e-03
-1.665000e+00	3.804864e-03
-1.662500e+00	4.017635e-03
-1.660000e+00	4.322095e-03
-1.657500e+00	4.578384e-03
-1.655000e+00	4.635547e-03
-1.652500e+00	4.485171e-03
-1.650000e+00	4.274156e-03
-1.647500e+00	4.147845e-03
-1.645000e+00	4.156581e-03
-1.642500e+00	4.252214e-03
-1.640000e+00	4.316951e-03
-1.637500e+00	4.258147e-03
-1.635000e+00	4.110804e-03
-1.632500e+00	3.992685e-03
-1.630000e+00	3.998603e-03
-1.627500e+00	4.176042e-03
-1.625000e+00	4.545131e-03
-1.622500e+00	5.099803e-03
-1.620000e+00	5.771093e-03
-1.617500e+00	6.384968e-03
-1.615000e+00	6.738440e-03
-1.612500e+00	6.821304e-03
-1.610000e+00	6.863025e-03
-1.607500e+00	7.121434e-03
-1.605000e+00	7.746167e-03
-1.602500e+00	8.763325e-03
-1.600000e+00	1.002129e-02
-1.597500e+00	1.109037e-02
-1.595000e+00	1.139640e-02
-1.592500e+00	1.075786e-02
-1.590000e+00	9.607869e-03
-1.587500e+00	8.502595e-03
-1.585000e+00	7.732775e-03
-1.582500e+00	7.337818e-03
-1.580000e+00	7.202270e-03
-1.577500e+00	7.126280e-03
-1.575000e+00	6.968679e-03
-1.572500e+00	6.786571e-03
-1.570000e+00	6.759370e-03
-1.567500e+00	7.035706e-03
-1.565000e+00	7.688483e-03
-1.562500e+00	8.698999e-03
-1.560000e+00	9.869110e-03
-1.557500e+00	1.072465e-02
-1.555000e+00	1.072084e-02
-1.552500e+00	9.787497e-03
-1.550000e+00	8.405678e-03
-1.547500e+00	7.076337e-03
-1.545000e+00	6.028783e-03
-1.542500e+00	5.298365e-03
-1.540000e+00	4.852959e-03
-1.537500e+00	4.654377e-03
-1.535000e+00	4.671020e-03
-1.532500e+00	4.861128e-03
-1.530000e+00	5.137828e-03
-1.527500e+00	5.363353e-03
-1.525000e+00	5.448975e-03
-1.522500e+00	5.465311e-03
-1.520000e+00	5.562624e-03
-1.517500e+00	5.809052e-03
-1.515000e+00	6.111306e-03
-1.512500e+00	6.242491e-03
-1.510000e+00	6.037610e-03
-1.507500e+00	5.588144e-03
-1.505000e+00	5.128965e-03
-1.502500e+00	4.829582e-03
-1.500000e+00	4.756765e-03
-1.497500e+00	4.919831e-03
-1.495000e+00	5.285242e-03
-1.492500e+00	5.741594e-03
-1.490000e+00	6.076414e-03
-1.487500e+00	6.101154e-03
-1.485000e+00	5.860087e-03
-1.482500e+00	5.586213e-03
-1.480000e+00	5.482753e-03
-1.477500e+00	5.641136e-03
-1.475000e+00	6.056732e-03
-1.472500e+00	6.610821e-03
-1.470000e+00	7.036881e-03
-1.467500e+00	7.046977e-03
-1.465000e+00	6.623581e-03
-1.462500e+00	6.038512e-03
-1.460000e+00	5.562182e-03
-1.457500e+00	5.309161e-03
-1.455000e+00	5.257904e-03
-1.452500e+00	5.285220e-03
-1.450000e+00	5.228343e-03
-1.447500e+00	5.027230e-03
-1.445000e+00	4.783661e-03
-1.442500e+00	4.641462e-03
-1.440000e+00	4.691468e-03
-1.437500e+00	4.977921e-03
-1.435000e+00	5.520302e-03
-1.432500e+00	6.293613e-03
-1.430000e+00	7.152226e-03
-1.427500e+00	7.763403e-03
-1.425000e+00	7.766968e-03
-1.422500e+00	7.147753e-03
-1.420000e+00	6.251167e-03
-1.417500e+00	5.413136e-03
-1.415000e+00	4.782027e-03
-1.412500e+00	4.380249e-03
-1.410000e+00	4.188361e-03
-1.407500e+00	4.182868e-03
-1.405000e+00	4.339188e-03
-1.402500e+00	4.613326e-03
-1.400000e+00	4.924847e-03
-1.397500e+00	5.196733e-03
-1.395000e+00	5.448551e-03
-1.392500e+00	5.798682e-03
-1.390000e+00	6.361589e-03
-1.387500e+00	7.169689e-03
-1.385000e+00	8.122730e-03
-1.382500e+00	8.977002e-03
-1.380000e+00	9.526650e-03
-1.377500e+00	9.882193e-03
-1.375000e+00	1.039651e-02
-1.372500e+00	1.133325e-02
-1.370000e+00	1.265250e-02
-1.367500e+00	1.389264e-02
-1.365000e+00	1.428559e-02
-1.362500e+00	1.341152e-02
-1.360000e+00	1.168338e-02
-1.357500e+00	9.836003e-03
-1.355000e+00	8.317452e-03
-1.352500e+00	7.252308e-03
-1.350000e+00	6.614590e-03
-1.347500e+00	6.325300e-03
-1.345000e+00	6.254699e-03
-1.342500e+00	6.197458e-03
-1.340000e+00	5.946627e-03
-1.337500e+00	5.471790e-03
-1.335000e+00	4.928195e-03
-1.332500e+00	4.475993e-03
-1.330000e+00	4.190513e-03
-1.327500e+00	4.090004e-03
-1.325000e+00	4.172134e-03
-1.322500e+00	4.418366e-03
-1.320000e+00	4.765019e-03
-1.317500e+00	5.069521e-03
-1.315000e+00	5.166562e-03
-1.312500e+00	5.035574e-03
-1.310000e+00	4.834870e-03
-1.307500e+00	4.736069e-03
-1.305000e+00	4.811827e-03
-1.302500e+00	5.021027e-03
-1.300000e+00	5.213086e-03
-1.297500e+00	5.207008e-03
-1.295000e+00	4.970345e-03
-1.292500e+00	4.655572e-03
-1.290000e+00	4.434913e-03
-1.287500e+00	4.400166e-03
-1.285000e+00	4.575055e-03
-1.282500e+00	4.927558e-03
-1.280000e+00	5.338768e-03
-1.277500e+00	5.590643e-03
-1.275000e+00	5.505993e-03
-1.272500e+00	5.143574e-03
-1.270000e+00	4.725849e-03
-1.267500e+00	4.428914e-03
-1.265000e+00	4.323685e-03
-1.262500e+00	4.412857e-03
-1.260000e+00	4.646792e-03
-1.257500e+00	4.908854e-03
-1.255000e+00	5.049568e-03
-1.252500e+00	5.022641e-03
-1.250000e+00	4.947143e-03
-1.247500e+00	4.985368e-03
-1.245000e+00	5.238319e-03
-1.242500e+00	5.733993e-03
-1.240000e+00	6.411588e-03
-1.237500e+00	7.068803e-03
-1.235000e+00	7.397475e-03
-1.232500e+00	7.247860e-03
-1.230000e+00	6.815457e-03
-1.227500e+00	6.424702e-03
-1.225000e+00	6.287885e-03
-1.222500e+00	6.496303e-03
-1.220000e+00	7.084911e-03
-1.217500e+00	8.042569e-03
-1.215000e+00	9.236378e-03
-1.212500e+00	1.029455e-02
-1.210000e+00	1.069146e-02
-1.207500e+00	1.022335e-02
-1.205000e+00	9.262811e-03
-1.202500e+00	8.330328e-03
-1.200000e+00	7.690781e-03
-1.197500e+00	7.322757e-03
-1.195000e+00	7.020413e-03
-1.192500e+00	6.574652e-03
-1.190000e+00	5.978803e-03
-1.187500e+00	5.395782e-03
-1.185000e+00	4.970680e-03
-1.182500e+00	4.766428e-03
-1.180000e+00	4.800391e-03
-1.177500e+00	5.075701e-03
-1.175000e+00	5.573140e-03
-1.172500e+00	6.197220e-03
-1.170000e+00	6.710801e-03
-1.167500e+00	6.811499e-03
-1.165000e+00	6.418893e-03
-1.162500e+00	5.772520e-03
-1.160000e+00	5.164156e-03
-1.157500e+00	4.748936e-03
-1.155000e+00	4.572684e-03
-1.152500e+00	4.642818e-03
-1.150000e+00	4.960897e-03
-1.147500e+00	5.511999e-03
-1.145000e+00	6.208503e-03
-1.142500e+00	6.813829e-03
-1.140000e+00	6.996133e-03
-1.137500e+00	6.626216e-03
-1.135000e+00	5.934248e-03
-1.132500e+00	5.244699e-03
-1.130000e+00	4.738630e-03
-1.127500e+00	4.456563e-03
-1.125000e+00	4.359693e-03
-1.122500e+00	4.354583e-03
-1.120000e+00	4.328174e-03
-1.117500e+00	4.239823e-03
-1.115000e+00	4.162406e-03
-1.112500e+00	4.201484e-03
-1.110000e+00	4.424007e-03
-1.107500e+00	4.843512e-03
-1.105000e+00	5.395208e-03
-1.102500e+00	5.888847e-03
-1.100000e+00	6.060449e-03
-1.097500e+00	5.814439e-03
-1.095000e+00	5.343751e-03
-1.092500e+00	4.913043e-03
-1.090000e+00	4.666591e-03
-1.087500e+00	4.618732e-03
-1.085000e+00	4.680717e-03
-1.082500e+00	4.685556e-03
-1.080000e+00	4.498521e-03
-1.077500e+00	4.151391e-03
-1.075000e+00	3.787769e-03
-1.072500e+00	3.519878e-03
-1.070000e+00	3.393153e-03
-1.067500e+00	3.420238e-03
-1.065000e+00	3.610294e-03
-1.062500e+00	3.979307e-03
-1.060000e+00	4.542520e-03
-1.057500e+00	5.279679e-03
-1.055000e+00	6.062869e-03
-1.052500e+00	6.607714e-03
-1.050000e+00	6.631203e-03
-1.047500e+00	6.160578e-03
-1.045000e+00	5.506457e-03
-1.042500e+00	4.950044e-03
-1.040000e+00	4.617627e-03
-1.037500e+00	4.538701e-03
-1.035000e+00	4.706027e-03
-1.032500e+00	5.080737e-03
-1.030000e+00	5.550150e-03
-1.027500e+00	5.901648e-03
-1.025000e+00	5.947829e-03
-1.022500e+00	5.735989e-03
-1.020000e+00	5.499624e-03
-1.017500e+00	5.426387e-03
-1.015000e+00	5.549398e-03
-1.012500e+00	5.738146e-03
-1.010000e+00	5.750507e-03
-1.007500e+00	5.432086e-03
-1.005000e+00	4.883632e-03
-1.002500e+00	4.325278e-03
-1.000000e+00	3.901814e-03
-9.975000e-01	3.659210e-03
-9.950000e-01	3.591812e-03
-9.925000e-01	3.663031e-03
-9.900000e-01	3.793040e-03
-9.875000e-01	3.863334e-03
-9.850000e-01	3.801602e-03
-9.825000e-01	3.662962e-03
-9.800000e-01	3.567492e-03
-9.775000e-01	3.603362e-03
-9.750000e-01	3.808248e-03
-9.725000e-01	4.174822e-03
-9.700000e-01	4.624296e-03
-9.675000e-01	4.972512e-03
-9.650000e-01	5.011286e-03
-9.625000e-01	4.718977e-03
-9.600000e-01	4.288236e-03
-9.575000e-01	3.921296e-03
-9.550000e-01	3.718594e-03
-9.525000e-01	3.705522e-03
-9.500000e-01	3.867598e-03
-9.475000e-01	4.142733e-03
-9.450000e-01	4.393231e-03
-9.425000e-01	4.450160e-03
-9.400000e-01	4.270744e-03
-9.375000e-01	3.990122e-03
-9.350000e-01	3.772723e-03
-9.325000e-01	3.703818e-03
-9.300000e-01	3.788012e-03
-9.275000e-01	3.956559e-03
-9.250000e-01	4.071638e-03
-9.225000e-01	4.009822e-03
-9.200000e-01	3.790976e-03
-9.175000e-01	3.550524e-03
-9.150000e-01	3.406423e-03
-9.125000e-01	3.412267e-03
-9.100000e-01	3.575210e-03
-9.075000e-01	3.857841e-03
-9.050000e-01	4.150639e-03
-9.025000e-01	4.282231e-03
-9.000000e-01	4.153097e-03
-8.975000e-01	3.849610e-03
-8.950000e-01	3.540291e-03
-8.925000e-01	3.336953e-03
-8.900000e-01	3.282438e-03
-8.875000e-01	3.390293e-03
-8.850000e-01	3.668787e-03
-8.825000e-01	4.117729e-03
-8.800000e-01	4.693958e-03
-8.775000e-01	5.253074e-03
-8.750000e-01	5.555691e-03
-8.725000e-01	5.459832e-03
-8.700000e-01	5.095749e-03
-8.675000e-01	4.720511e-03
-8.650000e-01	4.508994e-03
-8.625000e-01	4.526094e-03
-8.600000e-01	4.767067e-03
-8.575000e-01	5.155643e-03
-8.550000e-01	5.509923e-03
-8.525000e-01	5.598010e-03
-8.500000e-01	5.349920e-03
-8.475000e-01	4.939648e-03
-8.450000e-01	4.588766e-03
-8.425000e-01	4.414208e-03
-8.400000e-01	4.428603e-03
-8.375000e-01	4.562833e-03
-8.350000e-01	4.679531e-03
-8.325000e-01	4.657843e-03
-8.300000e-01	4.519530e-03
-8.275000e-01	4.402276e-03
-8.250000e-01	4.431933e-03
-8.225000e-01	4.679897e-03
-8.200000e-01	5.184757e-03
-8.175000e-01	5.955840e-03
-8.150000e-01	6.920766e-03
-8.125000e-01	7.827456e-03
-8.100000e-01	8.255787e-03
-8.075000e-01	7.951276e-03
-8.050000e-01	7.127611e-03
-8.025000e-01	6.212933e-03
-8.000000e-01	5.486146e-03
-7.975000e-01	5.031370e-03
-7.950000e-01	4.823400e-03
-7.925000e-01	4.772223e-03
-7.900000e-01	4.745825e-03
-7.875000e-01	4.652865e-03
-7.850000e-01	4.530964e-03
-7.825000e-01	4.494940e-03
-7.800000e-01	4.629790e-03
-7.775000e-01	4.947348e-03
-7.750000e-01	5.362513e-03
-7.725000e-01	5.679228e-03
-7.700000e-01	5.702450e-03
-7.675000e-01	5.448819e-03
-7.650000e-01	5.133202e-03
-7.625000e-01	4.957915e-03
-7.600000e-01	5.020882e-03
-7.575000e-01	5.335538e-03
-7.550000e-01	5.827535e-03
-7.525000e-01	6.287610e-03
-7.500000e-01	6.412170e-03
-7.475000e-01	6.058239e-03
-7.450000e-01	5.405627e-03
-7.425000e-01	4.739583e-03
-7.400000e-01	4.228414e-03
-7.375000e-01	3.921437e-03
-7.350000e-01	3.816787e-03
-7.325000e-01	3.896471e-03
-7.300000e-01	4.119030e-03
-7.275000e-01	4.382968e-03
-7.250000e-01	4.517014e-03
-7.225000e-01	4.392395e-03
-7.200000e-01	4.062215e-03
-7.175000e-01	3.691639e-03
-7.150000e-01	3.402913e-03
-7.125000e-01	3.241261e-03
-7.100000e-01	3.210684e-03
-7.075000e-01	3.298940e-03
-7.050000e-01	3.477882e-03
-7.025000e-01	3.697443e-03
-7.000000e-01	3.912069e-03
-6.975000e-01	4.138747e-03
-6.950000e-01	4.460379e-03
-6.925000e-01	4.971742e-03
-6.900000e-01	5.752392e-03
-6.875000e-01	6.862018e-03
-6.850000e-01	8.299707e-03
-6.825000e-01	9.884517e-03
-6.800000e-01	1.112316e-02
-6.775000e-01	1.139349e-02
-6.750000e-01	1.055933e-02
-6.725000e-01	9.143288e-03
-6.700000e-01	7.744064e-03
-6.675000e-01	6.648442e-03
-6.650000e-01	5.882626e-03
-6.625000e-01	5.346319e-03
-6.600000e-01	4.913854e-03
-6.575000e-01	4.528471e-03
-6.550000e-01	4.221496e-03
-6.525000e-01	4.045186e-03
-6.500000e-01	4.031263e-03
-6.475000e-01	4.197525e-03
-6.450000e-01	4.558349e-03
-6.425000e-01	5.113908e-03
-6.400000e-01	5.805886e-03
-6.375000e-01	6.457168e-03
-6.350000e-01	6.815329e-03
-6.325000e-01	6.793477e-03
-6.300000e-01	6.597306e-03
-6.275000e-01	6.500159e-03
-6.250000e-01	6.614649e-03
-6.225000e-01	6.838426e-03
-6.200000e-01	6.912390e-03
-6.175000e-01	6.646182e-03
-6.150000e-01	6.136120e-03
-6.125000e-01	5.639644e-03
-6.100000e-01	5.337625e-03
-6.075000e-01	5.275578e-03
-6.050000e-01	5.382394e-03
-6.025000e-01	5.475064e-03
-6.000000e-01	5.339403e-03
-5.975000e-01	4.924744e-03
-5.950000e-01	4.384537e-03
-5.925000e-01	3.892492e-03
-5.900000e-01	3.531581e-03
-5.875000e-01	3.317418e-03
-5.850000e-01	3.242988e-03
-5.825000e-01	3.299981e-03
-5.800000e-01	3.479497e-03
-5.775000e-01	3.756264e-03
-5.750000e-01	4.064909e-03
-5.725000e-01	4.312596e-03
-5.700000e-01	4.469012e-03
-5.675000e-01	4.623965e-03
-5.650000e-01	4.910910e-03
-5.625000e-01	5.421858e-03
-5.600000e-01	6.177381e-03
-5.575000e-01	7.080075e-03
-5.550000e-01	7.849739e-03
-5.525000e-01	8.124211e-03
-5.500000e-01	7.815397e-03
-5.475000e-01	7.231640e-03
-5.450000e-01	6.747946e-03
-5.425000e-01	6.565898e-03
-5.400000e-01	6.721496e-03
-5.375000e-01	7.114062e-03
-5.350000e-01	7.484613e-03
-5.325000e-01	7.501910e-03
-5.300000e-01	7.057773e-03
-5.275000e-01	6.383064e-03
-5.250000e-01	5.777516e-03
-5.225000e-01	5.400771e-03
-5.200000e-01	5.280048e-03
-5.175000e-01	5.351666e-03
-5.150000e-01	5.465477e-03
-5.125000e-01	5.438821e-03
-5.100000e-01	5.215641e-03
-5.075000e-01	4.923146e-03
-5.050000e-01	4.726819e-03
-5.025000e-01	4.724456e-03
-5.000000e-01	4.955014e-03
-4.975000e-01	5.420368e-03
-4.950000e-01	6.062821e-03
-4.925000e-01	6.713088e-03
-4.900000e-01	7.127126e-03
-4.875000e-01	7.213251e-03
-4.850000e-01	7.160437e-03
-4.825000e-01	7.211127e-03
-4.800000e-01	7.403763e-03
-4.775000e-01	7.517896e-03
-4.750000e-01	7.253693e-03
-4.725000e-01	6.565367e-03
-4.700000e-01	5.702460e-03
-4.675000e-01	4.921641e-03
-4.650000e-01	4.335684e-03
-4.625000e-01	3.956088e-03
-4.600000e-01	3.754679e-03
-4.575000e-01	3.684502e-03
-4.550000e-01	3.679323e-03
-4.525000e-01	3.676386e-03
-4.500000e-01	3.670427e-03
-4.475000e-01	3.719601e-03
-4.450000e-01	3.892468e-03
-4.425000e-01	4.238152e-03
-4.400000e-01	4.783957e-03
-4.375000e-01	5.513882e-03
-4.350000e-01	6.304811e-03
-4.325000e-01	6.880286e-03
-4.300000e-01	6.964070e-03
-4.275000e-01	6.584793e-03
-4.250000e-01	6.053704e-03
-4.225000e-01	5.654955e-03
-4.200000e-01	5.510339e-03
-4.175000e-01	5.610788e-03
-4.150000e-01	5.837421e-03
-4.125000e-01	5.981462e-03
-4.100000e-01	5.886532e-03
-4.075000e-01	5.617259e-03
-4.050000e-01	5.379458e-03
-4.025000e-01	5.334030e-03
-4.000000e-01	5.543869e-03
-3.975000e-01	5.983184e-03
-3.950000e-01	6.510787e-03
-3.925000e-01	6.864265e-03
-3.900000e-01	6.836751e-03
-3.875000e-01	6.513255e-03
-3.850000e-01	6.176113e-03
-3.825000e-01	6.043312e-03
-3.800000e-01	6.178911e-03
-3.775000e-01	6.498438e-03
-3.750000e-01	6.773701e-03
-3.725000e-01	6.753325e-03
-3.700000e-01	6.414897e-03
-3.675000e-01	5.985770e-03
-3.650000e-01	5.691273e-03
-3.625000e-01	5.604664e-03
-3.600000e-01	5.642923e-03
-3.575000e-01	5.620016e-03
-3.550000e-01	5.402305e-03
-3.525000e-01	5.052954e-03
-3.500000e-01	4.741693e-03
-3.475000e-01	4.577846e-03
-3.450000e-01	4.559451e-03
-3.425000e-01	4.585666e-03
-3.400000e-01	4.518224e-03
-3.375000e-01	4.312399e-03
-3.350000e-01	4.061935e-03
-3.325000e-01	3.889231e-03
-3.300000e-01	3.866555e-03
-3.275000e-01	4.026015e-03
-3.250000e-01	4.383774e-03
-3.225000e-01	4.936431e-03
-3.200000e-01	5.618632e-03
-3.175000e-01	6.247342e-03
-3.150000e-01	6.578624e-03
-3.125000e-01	6.545747e-03
-3.100000e-01	6.344712e-03
-3.075000e-01	6.180638e-03
-3.050000e-01	6.057552e-03
-3.025000e-01	5.829697e-03
-3.000000e-01	5.424781e-03
-2.975000e-01	4.953973e-03
-2.950000e-01	4.577648e-03
-2.925000e-01	4.385679e-03
-2.900000e-01	4.400008e-03
-2.875000e-01	4.599305e-03
-2.850000e-01	4.915239e-03
-2.825000e-01	5.240484e-03
-2.800000e-01	5.516230e-03
-2.775000e-01	5.811442e-03
-2.750000e-01	6.228655e-03
-2.725000e-01	6.734447e-03
-2.700000e-01	7.093500e-03
-2.675000e-01	7.031622e-03
-2.650000e-01	6.550169e-03
-2.625000e-01	5.930802e-03
-2.600000e-01	5.439804e-03
-2.575000e-01	5.183963e-03
-2.550000e-01	5.132668e-03
-2.525000e-01	5.147648e-03
-2.500000e-01	5.045765e-03
-2.475000e-01	4.755411e-03
-2.450000e-01	4.383781e-03
-2.425000e-01	4.082012e-03
-2.400000e-01	3.932962e-03
-2.375000e-01	3.948745e-03
-2.350000e-01	4.085875e-03
-2.325000e-01	4.248848e-03
-2.300000e-01	4.341879e-03
-2.275000e-01	4.370595e-03
-2.250000e-01	4.440004e-03
-2.225000e-01	4.637186e-03
-2.200000e-01	4.945725e-03
-2.175000e-01	5.224907e-03
-2.150000e-01	5.293962e-03
-2.125000e-01	5.125649e-03
-2.100000e-01	4.887706e-03
-2.075000e-01	4.765082e-03
-2.050000e-01	4.840870e-03
-2.025000e-01	5.083999e-03
-2.000000e-01	5.348978e-03
-1.975000e-01	5.435478e-03
-1.950000e-01	5.270339e-03
-1.925000e-01	4.981313e-03
-1.900000e-01	4.719432e-03
-1.875000e-01	4.517887e-03
-1.850000e-01	4.341608e-03
-1.825000e-01	4.202633e-03
-1.800000e-01	4.174160e-03
-1.775000e-01	4.324357e-03
-1.750000e-01	4.677145e-03
-1.725000e-01	5.185483e-03
-1.700000e-01	5.686379e-03
-1.675000e-01	5.927976e-03
-1.650000e-01	5.781418e-03
-1.625000e-01	5.388201e-03
-1.600000e-01	4.967752e-03
-1.575000e-01	4.601898e-03
-1.550000e-01	4.256848e-03
-1.525000e-01	3.921083e-03
-1.500000e-01	3.651266e-03
-1.475000e-01	3.509099e-03
-1.450000e-01	3.520028e-03
-1.425000e-01	3.669947e-03
-1.400000e-01	3.897273e-03
-1.375000e-01	4.098468e-03
-1.350000e-01	4.195992e-03
-1.325000e-01	4.192067e-03
-1.300000e-01	4.112209e-03
-1.275000e-01	3.980750e-03
-1.250000e-01	3.865476e-03
-1.225000e-01	3.846762e-03
-1.200000e-01	3.947005e-03
-1.175000e-01	4.106673e-03
-1.150000e-01	4.228083e-03
-1.125000e-01	4.279031e-03
-1.100000e-01	4.314672e-03
-1.075000e-01	4.362077e-03
-1.050000e-01	4.364455e-03
-1.025000e-01	4.283777e-03
-1.000000e-01	4.189568e-03
-9.750000e-02	4.177993e-03
-9.500000e-02	4.254908e-03
-9.250000e-02	4.311558e-03
-9.000000e-02	4.219455e-03
-8.750000e-02	3.976927e-03
-8.500000e-02	3.692014e-03
-8.250000e-02	3.437450e-03
-8.000000e-02	3.211894e-03
-7.750000e-02	3.011957e-03
-7.500000e-02	2.869090e-03
-7.250000e-02	2.811621e-03
-7.000000e-02	2.834458e-03
-6.750000e-02	2.913035e-03
-6.500000e-02	3.038738e-03
-6.250000e-02	3.216437e-03
-6.000000e-02	3.413838e-03
-5.750000e-02	3.552022e-03
-5.500000e-02	3.581201e-03
-5.250000e-02	3.526052e-03
-5.000000e-02	3.437245e-03
-4.750000e-02	3.352532e-03
-4.500000e-02	3.267785e-03
-4.250000e-02	3.131793e-03
-4.000000e-02	2.920681e-03
-3.750000e-02	2.683241e-03
-3.500000e-02	2.484990e-03
-3.250000e-02	2.355226e-03
-3.000000e-02	2.281384e-03
-2.750000e-02	2.235436e-03
-2.500000e-02	2.211741e-03
-2.250000e-02	2.223073e-03
-2.000000e-02	2.257020e-03
-1.750000e-02	2.259997e-03
-1.500000e-02	2.180930e-03
-1.250000e-02	2.023056e-03
-1.000000e-02	1.826503e-03
-7.500000e-03	1.627937e-03
-5.000000e-03	1.447733e-03
-2.500000e-03	1.289089e-03
-6.394885e-14	1.146187e-03
2.500000e-03	1.015793e-03
5.000000e-03	9.008828e-04
7.500000e-03	8.047788e-04
1.000000e-02	7.270886e-04
1.250000e-02	6.649107e-04
1.500000e-02	6.148861e-04
1.750000e-02	5.741457e-04
2.000000e-02	5.404885e-04
2.250000e-02	5.122872e-04
2.500000e-02	4.883468e-04
2.750000e-02	4.677840e-04
3.000000e-02	4.499380e-04
3.250000e-02	4.343074e-04
3.500000e-02	4.205060e-04
3.750000e-02	4.082326e-04
4.000000e-02	3.972484e-04
4.250000e-02	3.873626e-04
4.500000e-02	3.784204e-04
4.750000e-02	3.702951e-04
5.000000e-02	3.628821e-04
5.250000e-02	3.560942e-04
5.500000e-02	3.498581e-04
5.750000e-02	3.441117e-04
6.000000e-02	3.388021e-04
6.250000e-02	3.338839e-04
6.500000e-02	3.293181e-04
6.750000e-02	3.250707e-04
7.000000e-02	3.211120e-04
7.250000e-02	3.174160e-04
7.500000e-02	3.139600e-04
7.750000e-02	3.107238e-04
8.000000e-02	3.076895e-04
8.250000e-02	3.048411e-04
8.500000e-02	3.021645e-04
8.750000e-02	2.996467e-04
9.000000e-02	2.972764e-04
9.250000e-02	2.950432e-04
9.500000e-02	2.929378e-04
9.750000e-02	2.909517e-04
1.000000e-01	2.890771e-04
1.025000e-01	2.873071e-04
1.050000e-01	2.856352e-04
1.075000e-01	2.840555e-04
1.100000e-01	2.825628e-04
1.125000e-01	2.811520e-04
1.150000e-01	2.798186e-04
1.175000e-01	2.785585e-04
1.200000e-01	2.773677e-04
1.225000e-01	2.762426e-04
1.250000e-01	2.751801e-04
1.275000e-01	2.741769e-04
1.300000e-01	2.732303e-04
1.325000e-01	2.723376e-04
1.350000e-01	2.714962e-04
1.375000e-01	2.707040e-04
1.400000e-01	2.699588e-04
1.425000e-01	2.692584e-04
1.450000e-01	2.686012e-04
1.475000e-01	2.679852e-04
1.500000e-01	2.674089e-04
1.525000e-01	2.668707e-04
1.550000e-01	2.663691e-04
1.575000e-01	2.659028e-04
1.600000e-01	2.654705e-04
1.625000e-01	2.650709e-04
1.650000e-01	2.647030e-04
1.675000e-01	2.643656e-04
1.700000e-01	2.640577e-04
1.725000e-01	2.637784e-04
1.750000e-01	2.635267e-04
1.775000e-01	2.633018e-04
1.800000e-01	2.631029e-04
1.825000e-01	2.629291e-04
1.850000e-01	2.627799e-04
1.875000e-01	2.626544e-04
1.900000e-01	2.625521e-04
1.925000e-01	2.624722e-04
1.950000e-01	2.624143e-04
1.975000e-01	2.623777e-04
2.000000e-01	2.623619e-04
2.025000e-01	2.623664e-04
2.050000e-01	2.623908e-04
2.075000e-01	2.624345e-04
2.100000e-01	2.624971e-04
2.125000e-01	2.625783e-04
2.150000e-01	2.626775e-04
2.175000e-01	2.627945e-04
2.200000e-01	2.629289e-04
2.225000e-01	2.630803e-04
2.250000e-01	2.632485e-04
2.275000e-01	2.634330e-04
2.300000e-01	2.636337e-04
2.325000e-01	2.638502e-04
2.350000e-01	2.640823e-04
2.375000e-01	2.643296e-04
2.400000e-01	2.645921e-04
2.425000e-01	2.648694e-04
2.450000e-01	2.651613e-04
2.475000e-01	2.654676e-04
2.500000e-01	2.657881e-04
2.525000e-01	2.661226e-04
2.550000e-01	2.664709e-04
2.575000e-01	2.668330e-04
2.600000e-01	2.672085e-04
2.625000e-01	2.675974e-04
2.650000e-01	2.679995e-04
2.675000e-01	2.684146e-04
2.700000e-01	2.688427e-04
2.725000e-01	2.692835e-04
2.750000e-01	2.697371e-04
2.775000e-01	2.702032e-04
2.800000e-01	2.706818e-04
2.825000e-01	2.711727e-04
2.850000e-01	2.716760e-04
2.875000e-01	2.721914e-04
2.900000e-01	2.727189e-04
2.925000e-01	2.732584e-04
2.950000e-01	2.738099e-04
2.975000e-01	2.743732e-04
3.000000e-01	2.749484e-04
3.025000e-01	2.755353e-04
3.050000e-01	2.761339e-04
3.075000e-01	2.767442e-04
3.100000e-01	2.773660e-04
3.125000e-01	2.779995e-04
3.150000e-01	2.786444e-04
3.175000e-01	2.793009e-04
3.200000e-01	2.799688e-04
3.225000e-01	2.806481e-04
3.250000e-01	2.813389e-04
3.275000e-01	2.820410e-04
3.300000e-01	2.827546e-04
3.325000e-01	2.834794e-04
3.350000e-01	2.842157e-04
3.375000e-01	2.849633e-04
3.400000e-01	2.857222e-04
3.425000e-01	2.864925e-04
3.450000e-01	2.872741e-04
3.475000e-01	2.880671e-04
3.500000e-01	2.888714e-04
3.525000e-01	2.896871e-04
3.550000e-01	2.905142e-04
3.575000e-01	2.913527e-04
3.600000e-01	2.922026e-04
3.625000e-01	2.930640e-04
3.650000e-01	2.939368e-04
3.675000e-01	2.948211e-04
3.700000e-01	2.957170e-04
3.725000e-01	2.966244e-04
3.750000e-01	2.975435e-04
3.775000e-01	2.984742e-04
3.800000e-01	2.994165e-04
3.825000e-01	3.003706e-04
3.850000e-01	3.013364e-04
3.875000e-01	3.023141e-04
3.900000e-01	3.033036e-04
3.925000e-01	3.043050e-04
3.950000e-01	3.053185e-04
3.975000e-01	3.063439e-04
4.000000e-01	3.073815e-04
4.025000e-01	3.084312e-04
4.050000e-01	3.094931e-04
4.075000e-01	3.105673e-04
4.100000e-01	3.116538e-04
4.125000e-01	3.127528e-04
4.150000e-01	3.138643e-04
4.175000e-01	3.149884e-04
4.200000e-01	3.161251e-04
4.225000e-01	3.172746e-04
4.250000e-01	3.184369e-04
4.275000e-01	3.196120e-04
4.300000e-01	3.208002e-04
4.325000e-01	3.220015e-04
4.350000e-01	3.232160e-04
4.375000e-01	3.244437e-04
4.400000e-01	3.256848e-04
4.425000e-01	3.269394e-04
4.450000e-01	3.282076e-04
4.475000e-01	3.294894e-04
4.500000e-01	3.307851e-04
4.525000e-01	3.320946e-04
4.550000e-01	3.334182e-04
4.575000e-01	3.347559e-04
4.600000e-01	3.361078e-04
4.625000e-01	3.374741e-04
4.650000e-01	3.388549e-04
4.675000e-01	3.402503e-04
4.700000e-01	3.416604e-04
4.725000e-01	3.430855e-04
4.750000e-01	3.445255e-04
4.775000e-01	3.459807e-04
4.800000e-01	3.474511e-04
4.825000e-01	3.489370e-04
4.850000e-01	3.504385e-04
4.875000e-01	3.519557e-04
4.900000e-01	3.534887e-04
4.925000e-01	3.550378e-04
4.950000e-01	3.566031e-04
4.975000e-01	3.581847e-04
5.000000e-01	3.597827e-04
5.025000e-01	3.613975e-04
5.050000e-01	3.630291e-04
5.075000e-01	3.646777e-04
5.100000e-01	3.663435e-04
5.125000e-01	3.680266e-04
5.150000e-01	3.697273e-04
5.175000e-01	3.714457e-04
5.200000e-01	3.731821e-04
5.225000e-01	3.749365e-04
5.250000e-01	3.767093e-04
5.275000e-01	3.785005e-04
5.300000e-01	3.803104e-04
5.325000e-01	3.821393e-04
5.350000e-01	3.839873e-04
5.375000e-01	3.858546e-04
5.400000e-01	3.877414e-04
5.425000e-01	3.896480e-04
5.450000e-01	3.915747e-04
5.475000e-01	3.935215e-04
5.500000e-01	3.954888e-04
5.525000e-01	3.974768e-04
5.550000e-01	3.994858e-04
5.575000e-01	4.015159e-04
5.600000e-01	4.035675e-04
5.625000e-01	4.056407e-04
5.650000e-01	4.077359e-04
5.675000e-01	4.098534e-04
5.700000e-01	4.119933e-04
5.725000e-01	4.141559e-04
5.750000e-01	4.163417e-04
5.775000e-01	4.185507e-04
5.800000e-01	4.207833e-04
5.825000e-01	4.230399e-04
5.850000e-01	4.253206e-04
5.875000e-01	4.276259e-04
5.900000e-01	4.299560e-04
5.925000e-01	4.323112e-04
5.950000e-01	4.346918e-04
5.975000e-01	4.370983e-04
6.000000e-01	4.395309e-04
6.025000e-01	4.419899e-04
6.050000e-01	4.444757e-04
6.075000e-01	4.469887e-04
6.100000e-01	4.495292e-04
6.125000e-01	4.520976e-04
6.150000e-01	4.546942e-04
6.175000e-01	4.573195e-04
6.200000e-01	4.599738e-04
6.225000e-01	4.626574e-04
6.250000e-01	4.653709e-04
6.275000e-01	4.681146e-04
6.300000e-01	4.708889e-04
6.325000e-01	4.736943e-04
6.350000e-01	4.765311e-04
6.375000e-01	4.793999e-04
6.400000e-01	4.823010e-04
6.425000e-01	4.852350e-04
6.450000e-01	4.882022e-04
6.475000e-01	4.912032e-04
6.500000e-01	4.942384e-04
6.525000e-01	4.973084e-04
6.550000e-01	5.004135e-04
6.575000e-01	5.035544e-04
6.600000e-01	5.067316e-04
6.625000e-01	5.099455e-04
6.650000e-01	5.131968e-04
6.675000e-01	5.164859e-04
6.700000e-01	5.198135e-04
6.725000e-01	5.231800e-04
6.750000e-01	5.265861e-04
6.775000e-01	5.300325e-04
6.800000e-01	5.335195e-04
6.825000e-01	5.370480e-04
6.850000e-01	5.406186e-04
6.875000e-01	5.442317e-04
6.900000e-01	5.478882e-04
6.925000e-01	5.515887e-04
6.950000e-01	5.553339e-04
6.975000e-01	5.591244e-04
7.000000e-01	5.629610e-04
7.025000e-01	5.668444e-04
7.050000e-01	5.707754e-04
7.075000e-01	5.747546e-04
7.100000e-01	5.787829e-04
7.125000e-01	5.828610e-04
7.150000e-01	5.869897e-04
7.175000e-01	5.911699e-04
7.200000e-01	5.954024e-04
7.225000e-01	5.996881e-04
7.250000e-01	6.040277e-04
7.275000e-01	6.084222e-04
7.300000e-01	6.128726e-04
7.325000e-01	6.173796e-04
7.350000e-01	6.219443e-04
7.375000e-01	6.265677e-04
7.400000e-01	6.312507e-04
7.425000e-01	6.359943e-04
7.450000e-01	6.407995e-04
7.475000e-01	6.456675e-04
7.500000e-01	6.505992e-04
7.525000e-01	6.555958e-04
7.550000e-01	6.606584e-04
7.575000e-01	6.657881e-04
7.600000e-01	6.709862e-04
7.625000e-01	6.762537e-04
7.650000e-01	6.815920e-04
7.675000e-01	6.870022e-04
7.700000e-01	6.924857e-04
7.725000e-01	6.980438e-04
7.750000e-01	7.036778e-04
7.775000e-01	7.093891e-04
7.800000e-01	7.151790e-04
7.825000e-01	7.210491e-04
7.850000e-01	7.270007e-04
7.875000e-01	7.330354e-04
7.900000e-01	7.391547e-04
7.925000e-01	7.453602e-04
7.950000e-01	7.516534e-04
7.975000e-01	7.580361e-04
8.000000e-01	7.645099e-04
8.025000e-01	7.710765e-04
8.050000e-01	7.777378e-04
8.075000e-01	7.844954e-04
8.100000e-01	7.913514e-04
8.125000e-01	7.983074e-04
8.150000e-01	8.053656e-04
8.175000e-01	8.125279e-04
8.200000e-01	8.197963e-04
8.225000e-01	8.271730e-04
8.250000e-01	8.346600e-04
8.275000e-01	8.422596e-04
8.300000e-01	8.499740e-04
8.325000e-01	8.578055e-04
8.350000e-01	8.657566e-04
8.375000e-01	8.738295e-04
8.400000e-01	8.820269e-04
8.425000e-01	8.903513e-04
8.450000e-01	8.988053e-04
8.475000e-01	9.073915e-04
8.500000e-01	9.161128e-04
8.525000e-01	9.249720e-04
8.550000e-01	9.339720e-04
8.575000e-01	9.431158e-04
8.600000e-01	9.524064e-04
8.625000e-01	9.618470e-04
8.650000e-01	9.714408e-04
8.675000e-01	9.811912e-04
8.700000e-01	9.911015e-04
8.725000e-01	1.001175e-03
8.750000e-01	1.011416e-03
8.775000e-01	1.021828e-03
8.800000e-01	1.032414e-03
8.825000e-01	1.043179e-03
8.850000e-01	1.054126e-03
8.875000e-01	1.065260e-03
8.900000e-01	1.076585e-03
8.925000e-01	1.088105e-03
8.950000e-01	1.099825e-03
8.975000e-01	1.111749e-03
9.000000e-01	1.123883e-03
9.025000e-01	1.136231e-03
9.050000e-01	1.148798e-03
9.075000e-01	1.161589e-03
9.100000e-01	1.174610e-03
9.125000e-01	1.187867e-03
9.150000e-01	1.201364e-03
9.175000e-01	1.215109e-03
9.200000e-01	1.229106e-03
9.225000e-01	1.243362e-03
9.250000e-01	1.257884e-03
9.275000e-01	1.272679e-03
9.300000e-01	1.287752e-03
9.325000e-01	1.303112e-03
9.350000e-01	1.318765e-03
9.375000e-01	1.334718e-03
9.400000e-01	1.350981e-03
9.425000e-01	1.367560e-03
9.450000e-01	1.384465e-03
9.475000e-01	1.401702e-03
9.500000e-01	1.419282e-03
9.525000e-01	1.437214e-03
9.550000e-01	1.455507e-03
9.575000e-01	1.474170e-03
9.600000e-01	1.493214e-03
9.625000e-01	1.512649e-03
9.650000e-01	1.532486e-03
9.675000e-01	1.552736e-03
9.700000e-01	1.573411e-03
9.725000e-01	1.594523e-03
9.750000e-01	1.616083e-03
9.775000e-01	1.638106e-03
9.800000e-01	1.660603e-03
9.825000e-01	1.683590e-03
9.850000e-01	1.707079e-03
9.875000e-01	1.731087e-03
9.900000e-01	1.755628e-03
9.925000e-01	1.780718e-03
9.950000e-01	1.806374e-03
9.975000e-01	1.832613e-03
1.000000e+00	1.859452e-03
1.002500e+00	1.886911e-03
1.005000e+00	1.915008e-03
1.007500e+00	1.943763e-03
1.010000e+00	1.973198e-03
1.012500e+00	2.003333e-03
1.015000e+00	2.034191e-03
1.017500e+00	2.065796e-03
1.020000e+00	2.098171e-03
1.022500e+00	2.131342e-03
1.025000e+00	2.165336e-03
1.027500e+00	2.200179e-03
1.030000e+00	2.235900e-03
1.032500e+00	2.272530e-03
1.035000e+00	2.310098e-03
1.037500e+00	2.348638e-03
1.040000e+00	2.388183e-03
1.042500e+00	2.428769e-03
1.045000e+00	2.470431e-03
1.047500e+00	2.513210e-03
1.050000e+00	2.557145e-03
1.052500e+00	2.602278e-03
1.055000e+00	2.648653e-03
1.057500e+00	2.696316e-03
1.060000e+00	2.745315e-03
1.062500e+00	2.795702e-03
1.065000e+00	2.847527e-03
1.067500e+00	2.900848e-03
1.070000e+00	2.955721e-03
1.072500e+00	3.012209e-03
1.075000e+00	3.070374e-03
1.077500e+00	3.130284e-03
1.080000e+00	3.192009e-03
1.082500e+00	3.255625e-03
1.085000e+00	3.321207e-03
1.087500e+00	3.388839e-03
1.090000e+00	3.458607e-03
1.092500e+00	3.530602e-03
1.095000e+00	3.604919e-03
1.097500e+00	3.681659e-03
1.100000e+00	3.760930e-03
1.102500e+00	3.842842e-03
1.105000e+00	3.927516e-03
1.107500e+00	4.015077e-03
1.110000e+00	4.105657e-03
1.112500e+00	4.199397e-03
1.115000e+00	4.296445e-03
1.117500e+00	4.396959e-03
1.120000e+00	4.501106e-03
1.122500e+00	4.609063e-03
1.125000e+00	4.721019e-03
1.127500e+00	4.837172e-03
1.130000e+00	4.957736e-03
1.132500e+00	5.082937e-03
1.135000e+00	5.213015e-03
1.137500e+00	5.348226e-03
1.140000e+00	5.488846e-03
1.142500e+00	5.635164e-03
1.145000e+00	5.787495e-03
1.147500e+00	5.946171e-03
1.150000e+00	6.111549e-03
1.152500e+00	6.284012e-03
1.155000e+00	6.463971e-03
1.157500e+00	6.651865e-03
1.160000e+00	6.848168e-03
1.162500e+00	7.053389e-03
1.165000e+00	7.268076e-03
1.167500e+00	7.492819e-03
1.170000e+00	7.728256e-03
1.172500e+00	7.975075e-03
1.175000e+00	8.234022e-03
1.177500e+00	8.505902e-03
1.180000e+00	8.791591e-03
1.182500e+00	9.092039e-03
1.185000e+00	9.408278e-03
1.187500e+00	9.741434e-03
1.190000e+00	1.009273e-02
1.192500e+00	1.046351e-02
1.195000e+00	1.085524e-02
1.197500e+00	1.126952e-02
1.200000e+00	1.170812e-02
1.202500e+00	1.217297e-02
1.205000e+00	1.266620e-02
1.207500e+00	1.319017e-02
1.210000e+00	1.374748e-02
1.212500e+00	1.434102e-02
1.215000e+00	1.497398e-02
1.217500e+00	1.564992e-02
1.220000e+00	1.637282e-02
1.222500e+00	1.714712e-02
1.225000e+00	1.797779e-02
1.227500e+00	1.887041e-02
1.230000e+00	1.983129e-02
1.232500e+00	2.086754e-02
1.235000e+00	2.198722e-02
1.237500e+00	2.319950e-02
1.240000e+00	2.451483e-02
1.242500e+00	2.594517e-02
1.245000e+00	2.750427e-02
1.247500e+00	2.920796e-02
1.250000e+00	3.107461e-02
1.252500e+00	3.312554e-02
1.255000e+00	3.538566e-02
1.257500e+00	3.788422e-02
1.260000e+00	4.065573e-02
1.262500e+00	4.374108e-02
1.265000e+00	4.718910e-02
1.267500e+00	5.105835e-02
1.270000e+00	5.541960e-02
1.272500e+00	6.035895e-02
1.275000e+00	6.598191e-02
1.277500e+00	7.241886e-02
1.280000e+00	7.983228e-02
1.282500e+00	8.842650e-02
1.285000e+00	9.846111e-02
1.287500e+00	1.102693e-01
1.290000e+00	1.242839e-01
1.292500e+00	1.410736e-01
1.295000e+00	1.613957e-01
1.297500e+00	1.862724e-01
1.300000e+00	2.171023e-01
1.302500e+00	2.558264e-01
1.305000e+00	3.051722e-01
1.307500e+00	3.690094e-01
1.310000e+00	4.528411e-01
1.312500e+00	5.643905e-01
1.315000e+00	7.139788e-01
1.317500e+00	9.135503e-01
1.320000e+00	1.171070e+00
1.322500e+00	1.473887e+00
1.325000e+00	1.759596e+00
1.327500e+00	1.910489e+00
1.330000e+00	1.838840e+00
1.332500e+00	1.588570e+00
1.335000e+00	1.281313e+00
1.337500e+00	1.003337e+00
1.340000e+00	7.823734e-01
1.342500e+00	6.154213e-01
1.345000e+00	4.909459e-01
1.347500e+00	3.977583e-01
1.350000e+00	3.271715e-01
1.352500e+00	2.729184e-01
1.355000e+00	2.305817e-01
1.357500e+00	1.970539e-01
1.360000e+00	1.701329e-01
1.362500e+00	1.482395e-01
1.365000e+00	1.302259e-01
1.367500e+00	1.152459e-01
1.370000e+00	1.026673e-01
1.372500e+00	9.201133e-02
1.375000e+00	8.291093e-02
1.377500e+00	7.508139e-02
1.380000e+00	6.829944e-02
1.382500e+00	6.238821e-02
1.385000e+00	5.720625e-02
1.387500e+00	5.263944e-02
1.390000e+00	4.859494e-02
1.392500e+00	4.499665e-02
1.395000e+00	4.178173e-02
1.397500e+00	3.889795e-02
1.400000e+00	3.630164e-02
1.402500e+00	3.395605e-02
1.405000e+00	3.183006e-02
1.407500e+00	2.989725e-02
1.410000e+00	2.813501e-02
1.412500e+00	2.652394e-02
1.415000e+00	2.504731e-02
1.417500e+00	2.369062e-02
1.420000e+00	2.244127e-02
1.422500e+00	2.128829e-02
1.425000e+00	2.022203e-02
1.427500e+00	1.923406e-02
1.430000e+00	1.831690e-02
1.432500e+00	1.746398e-02
1.435000e+00	1.666945e-02
1.437500e+00	1.592811e-02
1.440000e+00	1.523534e-02
1.442500e+00	1.458699e-02
1.445000e+00	1.397936e-02
1.447500e+00	1.340911e-02
1.450000e+00	1.287326e-02
1.452500e+00	1.236908e-02
1.455000e+00	1.189415e-02
1.457500e+00	1.144625e-02
1.460000e+00	1.102336e-02
1.462500e+00	1.062368e-02
1.465000e+00	1.024552e-02
1.467500e+00	9.887384e-03
1.470000e+00	9.547880e-03
1.472500e+00	9.225740e-03
1.475000e+00	8.919803e-03
1.477500e+00	8.629003e-03
1.480000e+00	8.352360e-03
1.482500e+00	8.088972e-03
1.485000e+00	7.838007e-03
1.487500e+00	7.598698e-03
1.490000e+00	7.370336e-03
1.492500e+00	7.152264e-03
1.495000e+00	6.943876e-03
1.497500e+00	6.744607e-03
1.500000e+00	6.553935e-03
1.502500e+00	6.371373e-03
1.505000e+00	6.196469e-03
1.507500e+00	6.028801e-03
1.510000e+00	5.867978e-03
1.512500e+00	5.713633e-03
1.515000e+00	5.565422e-03
1.517500e+00	5.423027e-03
1.520000e+00	5.286149e-03
1.522500e+00	5.154506e-03
1.525000e+00	5.027835e-03
1.527500e+00	4.905892e-03
1.530000e+00	4.788443e-03
1.532500e+00	4.675271e-03
1.535000e+00	4.566173e-03
1.537500e+00	4.460956e-03
1.540000e+00	4.359438e-03
1.542500e+00	4.261449e-03
1.545000e+00	4.166828e-03
1.547500e+00	4.075423e-03
1.550000e+00	3.987091e-03
1.552500e+00	3.901696e-03
1.555000e+00	3.819110e-03
1.557500e+00	3.739211e-03
1.560000e+00	3.661886e-03
1.562500e+00	3.587025e-03
1.565000e+00	3.514525e-03
1.567500e+00	3.444290e-03
1.570000e+00	3.376225e-03
1.572500e+00	3.310243e-03
1.575000e+00	3.246261e-03
1.577500e+00	3.184199e-03
1.580000e+00	3.123982e-03
1.582500e+00	3.065537e-03
1.585000e+00	3.008797e-03
1.587500e+00	2.953697e-03
1.590000e+00	2.900174e-03
1.592500e+00	2.848170e-03
1.595000e+00	2.797627e-03
1.597500e+00	2.748493e-03
1.600000e+00	2.700716e-03
1.602500e+00	2.654247e-03
1.605000e+00	2.609039e-03
1.607500e+00	2.565048e-03
1.610000e+00	2.522231e-03
1.612500e+00	2.480547e-03
1.615000e+00	2.439957e-03
1.617500e+00	2.400424e-03
1.620000e+00	2.361911e-03
1.622500e+00	2.324384e-03
1.625000e+00	2.287811e-03
1.627500e+00	2.252161e-03
1.630000e+00	2.217402e-03
1.632500e+00	2.183506e-03
1.635000e+00	2.150445e-03
1.637500e+00	2.118193e-03
1.640000e+00	2.086723e-03
1.642500e+00	2.056012e-03
1.645000e+00	2.026035e-03
1.647500e+00	1.996770e-03
1.650000e+00	1.968196e-03
1.652500e+00	1.940290e-03
1.655000e+00	1.913033e-03
1.657500e+00	1.886406e-03
1.660000e+00	1.860390e-03
1.662500e+00	1.834966e-03
1.665000e+00	1.810118e-03
1.667500e+00	1.785829e-03
1.670000e+00	1.762082e-03
1.672500e+00	1.738862e-03
1.675000e+00	1.716155e-03
1.677500e+00	1.693946e-03
1.680000e+00	1.672221e-03
1.682500e+00	1.650966e-03
1.685000e+00	1.630169e-03
1.687500e+00	1.609817e-03
1.690000e+00	1.589898e-03
1.692500e+00	1.570401e-03
1.695000e+00	1.551314e-03
1.697500e+00	1.532626e-03
1.700000e+00	1.514327e-03
1.702500e+00	1.496408e-03
1.705000e+00	1.478857e-03
1.707500e+00	1.461666e-03
1.710000e+00	1.444825e-03
1.712500e+00	1.428326e-03
1.715000e+00	1.412160e-03
1.717500e+00	1.396318e-03
1.720000e+00	1.380793e-03
1.722500e+00	1.365578e-03
1.725000e+00	1.350663e-03
1.727500e+00	1.336043e-03
1.730000e+00	1.321710e-03
1.732500e+00	1.307657e-03
1.735000e+00	1.293878e-03
1.737500e+00	1.280367e-03
1.740000e+00	1.267116e-03
1.742500e+00	1.254121e-03
1.745000e+00	1.241375e-03
1.747500e+00	1.228873e-03
1.750000e+00	1.216609e-03
1.752500e+00	1.204578e-03
1.755000e+00	1.192775e-03
1.757500e+00	1.181195e-03
1.760000e+00	1.169832e-03
1.762500e+00	1.158683e-03
1.765000e+00	1.147743e-03
1.767500e+00	1.137007e-03
1.770000e+00	1.126472e-03
1.772500e+00	1.116132e-03
1.775000e+00	1.105985e-03
1.777500e+00	1.096025e-03
1.780000e+00	1.086250e-03
1.782500e+00	1.076656e-03
1.785000e+00	1.067238e-03
1.787500e+00	1.057995e-03
1.790000e+00	1.048921e-03
1.792500e+00	1.040015e-03
1.795000e+00	1.031273e-03
1.797500e+00	1.022691e-03
1.800000e+00	1.014268e-03
1.802500e+00	1.006000e-03
1.805000e+00	9.978838e-04
1.807500e+00	9.899175e-04
1.810000e+00	9.820983e-04
1.812500e+00	9.744236e-04
1.815000e+00	9.668910e-04
1.817500e+00	9.594982e-04
1.820000e+00	9.522428e-04
1.822500e+00	9.451227e-04
1.825000e+00	9.381357e-04
1.827500e+00	9.312797e-04
1.830000e+00	9.245528e-04
1.832500e+00	9.179530e-04
1.835000e+00	9.114785e-04
1.837500e+00	9.051275e-04
1.840000e+00	8.988982e-04
1.842500e+00	8.927891e-04
1.845000e+00	8.867985e-04
1.847500e+00	8.809249e-04
1.850000e+00	8.751668e-04
1.852500e+00	8.695229e-04
1.855000e+00	8.639918e-04
1.857500e+00	8.585721e-04
1.860000e+00	8.532628e-04
1.862500e+00	8.480626e-04
1.865000e+00	8.429704e-04
1.867500e+00	8.379852e-04
1.870000e+00	8.331061e-04
1.872500e+00	8.283321e-04
1.875000e+00	8.236624e-04
1.877500e+00	8.190961e-04
1.880000e+00	8.146326e-04
1.882500e+00	8.102712e-04
1.885000e+00	8.060113e-04
1.887500e+00	8.018523e-04
1.890000e+00	7.977938e-04
1.892500e+00	7.938354e-04
1.895000e+00	7.899768e-04
1.897500e+00	7.862177e-04
1.900000e+00	7.825578e-04
1.902500e+00	7.789972e-04
1.905000e+00	7.755357e-04
1.907500e+00	7.721733e-04
1.910000e+00	7.689103e-04
1.912500e+00	7.657468e-04
1.915000e+00	7.626830e-04
1.917500e+00	7.597195e-04
1.920000e+00	7.568566e-04
1.922500e+00	7.540949e-04
1.925000e+00	7.514351e-04
1.927500e+00	7.488780e-04
1.930000e+00	7.464245e-04
1.932500e+00	7.440756e-04
1.935000e+00	7.418324e-04
1.937500e+00	7.396963e-04
1.940000e+00	7.376687e-04
1.942500e+00	7.357511e-04
1.945000e+00	7.339452e-04
1.947500e+00	7.322531e-04
1.950000e+00	7.306766e-04
1.952500e+00	7.292183e-04
1.955000e+00	7.278805e-04
1.957500e+00	7.266659e-04
1.960000e+00	7.255776e-04
1.962500e+00	7.246187e-04
1.965000e+00	7.237927e-04
1.967500e+00	7.231035e-04
1.970000e+00	7.225552e-04
1.972500e+00	7.221523e-04
1.975000e+00	7.218996e-04
1.977500e+00	7.218025e-04
1.980000e+00	7.218667e-04
1.982500e+00	7.220986e-04
1.985000e+00	7.225049e-04
1.987500e+00	7.230932e-04
1.990000e+00	7.238716e-04
1.992500e+00	7.248490e-04
1.995000e+00	7.260350e-04
1.997500e+00	7.274404e-04
2.000000e+00	7.290768e-04
2.002500e+00	7.309570e-04
2.005000e+00	7.330952e-04
2.007500e+00	7.355068e-04
2.010000e+00	7.382091e-04
2.012500e+00	7.412210e-04
2.015000e+00	7.445637e-04
2.017500e+00	7.482606e-04
2.020000e+00	7.523378e-04
2.022500e+00	7.568247e-04
2.025000e+00	7.617540e-04
2.027500e+00	7.671627e-04
2.030000e+00	7.730924e-04
2.032500e+00	7.795907e-04
2.035000e+00	7.867111e-04
2.037500e+00	7.945155e-04
2.040000e+00	8.030744e-04
2.042500e+00	8.124695e-04
2.045000e+00	8.227955e-04
2.047500e+00	8.341630e-04
2.050000e+00	8.467018e-04
2.052500e+00	8.605656e-04
2.055000e+00	8.759372e-04
2.057500e+00	8.930363e-04
2.060000e+00	9.121290e-04
2.062500e+00	9.335405e-04
2.065000e+00	9.576725e-04
2.067500e+00	9.850268e-04
2.070000e+00	1.016238e-03
2.072500e+00	1.052117e-03
2.075000e+00	1.093720e-03
2.077500e+00	1.142438e-03
2.080000e+00	1.200130e-03
2.082500e+00	1.269321e-03
2.085000e+00	1.353479e-03
2.087500e+00	1.457393e-03
2.090000e+00	1.587612e-03
2.092500e+00	1.752703e-03
2.095000e+00	1.962476e-03
2.097500e+00	2.223922e-03
2.100000e+00	2.530518e-03
2.102500e+00	2.848700e-03
2.105000e+00	3.130153e-03
2.107500e+00	3.369613e-03
2.110000e+00	3.629498e-03
2.112500e+00	3.973652e-03
2.115000e+00	4.391224e-03
2.117500e+00	4.772985e-03
2.120000e+00	4.988471e-03
2.122500e+00	5.035941e-03
2.125000e+00	5.035494e-03
2.127500e+00	5.061930e-03
2.130000e+00	5.088903e-03
2.132500e+00	5.099024e-03
2.135000e+00	5.162924e-03
2.137500e+00	5.364515e-03
2.140000e+00	5.701182e-03
2.142500e+00	6.062668e-03
2.145000e+00	6.327069e-03
2.147500e+00	6.518201e-03
2.150000e+00	6.781983e-03
2.152500e+00	7.186144e-03
2.155000e+00	7.585018e-03
2.157500e+00	7.679502e-03
2.160000e+00	7.314284e-03
2.162500e+00	6.670442e-03
2.165000e+00	6.047507e-03
2.167500e+00	5.627617e-03
2.170000e+00	5.470131e-03
2.172500e+00	5.580743e-03
2.175000e+00	5.942478e-03
2.177500e+00	6.497298e-03
2.180000e+00	7.112008e-03
2.182500e+00	7.629272e-03
2.185000e+00	8.038416e-03
2.187500e+00	8.504804e-03
2.190000e+00	9.138384e-03
2.192500e+00	9.778347e-03
2.195000e+00	1.001977e-02
2.197500e+00	9.592832e-03
2.200000e+00	8.698183e-03
2.202500e+00	7.762839e-03
2.205000e+00	7.070390e-03
2.207500e+00	6.712104e-03
2.210000e+00	6.672440e-03
2.212500e+00	6.865535e-03
2.215000e+00	7.130172e-03
2.217500e+00	7.297172e-03
2.220000e+00	7.350743e-03
2.222500e+00	7.436380e-03
2.225000e+00	7.663904e-03
2.227500e+00	7.978271e-03
2.230000e+00	8.229031e-03
2.232500e+00	8.382200e-03
2.235000e+00	8.585413e-03
2.237500e+00	8.963645e-03
2.240000e+00	9.440865e-03
2.242500e+00	9.792930e-03
2.245000e+00	9.907646e-03
2.247500e+00	9.889280e-03
2.250000e+00	9.821054e-03
2.252500e+00	9.665142e-03
2.255000e+00	9.471296e-03
2.257500e+00	9.441694e-03
2.260000e+00	9.728453e-03
2.262500e+00	1.025763e-02
2.265000e+00	1.067617e-02
2.267500e+00	1.054073e-02
2.270000e+00	9.760998e-03
2.272500e+00	8.690341e-03
2.275000e+00	7.720303e-03
2.277500e+00	7.038031e-03
2.280000e+00	6.673881e-03
2.282500e+00	6.585129e-03
2.285000e+00	6.682528e-03
2.287500e+00	6.848842e-03
2.290000e+00	7.021062e-03
2.292500e+00	7.268366e-03
2.295000e+00	7.736197e-03
2.297500e+00	8.543436e-03
2.300000e+00	9.724817e-03
2.302500e+00	1.115076e-02
2.305000e+00	1.241818e-02
2.307500e+00	1.297387e-02
2.310000e+00	1.264711e-02
2.312500e+00	1.188962e-02
2.315000e+00	1.129341e-02
2.317500e+00	1.118195e-02
2.320000e+00	1.157825e-02
2.322500e+00	1.221978e-02
2.325000e+00	1.257730e-02
2.327500e+00	1.218345e-02
2.330000e+00	1.111509e-02
2.332500e+00	9.861029e-03
2.335000e+00	8.805773e-03
2.337500e+00	8.053180e-03
2.340000e+00	7.535739e-03
2.342500e+00	7.173661e-03
2.345000e+00	6.962536e-03
2.347500e+00	6.924394e-03
2.350000e+00	7.031153e-03
2.352500e+00	7.223082e-03
2.355000e+00	7.504263e-03
2.357500e+00	7.964597e-03
2.360000e+00	8.675640e-03
2.362500e+00	9.582230e-03
2.365000e+00	1.048359e-02
2.367500e+00	1.120125e-02
2.370000e+00	1.179365e-02
2.372500e+00	1.239668e-02
2.375000e+00	1.285929e-02
2.377500e+00	1.277628e-02
2.380000e+00	1.200616e-02
2.382500e+00	1.091327e-02
2.385000e+00	9.969654e-03
2.387500e+00	9.437898e-03
2.390000e+00	9.403200e-03
2.392500e+00	9.874567e-03
2.395000e+00	1.079899e-02
2.397500e+00	1.197563e-02
2.400000e+00	1.297387e-02
2.402500e+00	1.334310e-02
2.405000e+00	1.308030e-02
2.407500e+00	1.259437e-02
2.410000e+00	1.214855e-02
2.412500e+00	1.163119e-02
2.415000e+00	1.086783e-02
2.417500e+00	9.969078e-03
2.420000e+00	9.220427e-03
2.422500e+00	8.817856e-03
2.425000e+00	8.804665e-03
2.427500e+00	9.086649e-03
2.430000e+00	9.415647e-03
2.432500e+00	9.468366e-03
2.435000e+00	9.129707e-03
2.437500e+00	8.621655e-03
2.440000e+00	8.250675e-03
2.442500e+00	8.195121e-03
2.445000e+00	8.499218e-03
2.447500e+00	9.088849e-03
2.450000e+00	9.728321e-03
2.452500e+00	1.005398e-02
2.455000e+00	9.865601e-03
2.457500e+00	9.361704e-03
2.460000e+00	8.912151e-03
2.462500e+00	8.769706e-03
2.465000e+00	9.050909e-03
2.467500e+00	9.821258e-03
2.470000e+00	1.113951e-02
2.472500e+00	1.302412e-02
2.475000e+00	1.530914e-02
2.477500e+00	1.741602e-02
2.480000e+00	1.840001e-02
2.482500e+00	1.772770e-02
2.485000e+00	1.592568e-02
2.487500e+00	1.396790e-02
2.490000e+00	1.247230e-02
2.492500e+00	1.161189e-02
2.495000e+00	1.128834e-02
2.497500e+00	1.120964e-02
2.500000e+00	1.098332e-02
2.502500e+00	1.041039e-02
2.505000e+00	9.669332e-03
2.507500e+00	9.069975e-03
2.510000e+00	8.782510e-03
2.512500e+00	8.786881e-03
2.515000e+00	8.892046e-03
2.517500e+00	8.823927e-03
2.520000e+00	8.465761e-03
2.522500e+00	7.980694e-03
2.525000e+00	7.614830e-03
2.527500e+00	7.519204e-03
2.530000e+00	7.750350e-03
2.532500e+00	8.305526e-03
2.535000e+00	9.098604e-03
2.537500e+00	9.895502e-03
2.540000e+00	1.037014e-02
2.542500e+00	1.040837e-02
2.545000e+00	1.027716e-02
2.547500e+00	1.036107e-02
2.550000e+00	1.091235e-02
2.552500e+00	1.202567e-02
2.555000e+00	1.361954e-02
2.557500e+00	1.530444e-02
2.560000e+00	1.634509e-02
2.562500e+00	1.616282e-02
2.565000e+00	1.499591e-02
2.567500e+00	1.360739e-02
2.570000e+00	1.253169e-02
2.572500e+00	1.184088e-02
2.575000e+00	1.130235e-02
2.577500e+00	1.069011e-02
2.580000e+00	1.004518e-02
2.582500e+00	9.588972e-03
2.585000e+00	9.505819e-03
2.587500e+00	9.896163e-03
2.590000e+00	1.081936e-02
2.592500e+00	1.229140e-02
2.595000e+00	1.417591e-02
2.597500e+00	1.597874e-02
2.600000e+00	1.683598e-02
2.602500e+00	1.615908e-02
2.605000e+00	1.431344e-02
2.607500e+00	1.216602e-02
2.610000e+00	1.030526e-02
2.612500e+00	8.916022e-03
2.615000e+00	7.983351e-03
2.617500e+00	7.445248e-03
2.620000e+00	7.253279e-03
2.622500e+00	7.386445e-03
2.625000e+00	7.842616e-03
2.627500e+00	8.603604e-03
2.630000e+00	9.555124e-03
2.632500e+00	1.039153e-02
2.635000e+00	1.070201e-02
2.637500e+00	1.035862e-02
2.640000e+00	9.685748e-03
2.642500e+00	9.109056e-03
2.645000e+00	8.876813e-03
2.647500e+00	9.082465e-03
2.650000e+00	9.746262e-03
2.652500e+00	1.081333e-02
2.655000e+00	1.205243e-02
2.657500e+00	1.297300e-02
2.660000e+00	1.308044e-02
2.662500e+00	1.240346e-02
2.665000e+00	1.147056e-02
2.667500e+00	1.078008e-02
2.670000e+00	1.057409e-02
2.672500e+00	1.092905e-02
2.675000e+00	1.184422e-02
2.677500e+00	1.321876e-02
2.680000e+00	1.476269e-02
2.682500e+00	1.606233e-02
2.685000e+00	1.696894e-02
2.687500e+00	1.775386e-02
2.690000e+00	1.856619e-02
2.692500e+00	1.894390e-02
2.695000e+00	1.817519e-02
2.697500e+00	1.621652e-02
2.700000e+00	1.377687e-02
2.702500e+00	1.153666e-02
2.705000e+00	9.775374e-03
2.707500e+00	8.506950e-03
2.710000e+00	7.660170e-03
2.712500e+00	7.164128e-03
2.715000e+00	6.973354e-03
2.717500e+00	7.068408e-03
2.720000e+00	7.442006e-03
2.722500e+00	8.061273e-03
2.725000e+00	8.795115e-03
2.727500e+00	9.365349e-03
2.730000e+00	9.500725e-03
2.732500e+00	9.240459e-03
2.735000e+00	8.910096e-03
2.737500e+00	8.814648e-03
2.740000e+00	9.107141e-03
2.742500e+00	9.815422e-03
2.745000e+00	1.082751e-02
2.747500e+00	1.180772e-02
2.750000e+00	1.226013e-02
2.752500e+00	1.195556e-02
2.755000e+00	1.121427e-02
2.757500e+00	1.054850e-02
2.760000e+00	1.028520e-02
2.762500e+00	1.055484e-02
2.765000e+00	1.138308e-02
2.767500e+00	1.268384e-02
2.770000e+00	1.413073e-02
2.772500e+00	1.508594e-02
2.775000e+00	1.498622e-02
2.777500e+00	1.396361e-02
2.780000e+00	1.269207e-02
2.782500e+00	1.173838e-02
2.785000e+00	1.135382e-02
2.787500e+00	1.160205e-02
2.790000e+00	1.245088e-02
2.792500e+00	1.371779e-02
2.795000e+00	1.492481e-02
2.797500e+00	1.536787e-02
2.800000e+00	1.470154e-02
2.802500e+00	1.334242e-02
2.805000e+00	1.197817e-02
2.807500e+00	1.103393e-02
2.810000e+00	1.065871e-02
2.812500e+00	1.088655e-02
2.815000e+00	1.171873e-02
2.817500e+00	1.308782e-02
2.820000e+00	1.470182e-02
2.822500e+00	1.588894e-02
2.825000e+00	1.587467e-02
2.827500e+00	1.454930e-02
2.830000e+00	1.258685e-02
2.832500e+00	1.069691e-02
2.835000e+00	9.206148e-03
2.837500e+00	8.165376e-03
2.840000e+00	7.529591e-03
2.842500e+00	7.248130e-03
2.845000e+00	7.290202e-03
2.847500e+00	7.636208e-03
2.850000e+00	8.236100e-03
2.852500e+00	8.930317e-03
2.855000e+00	9.408406e-03
2.857500e+00	9.394480e-03
2.860000e+00	8.953005e-03
2.862500e+00	8.418386e-03
2.865000e+00	8.077416e-03
2.867500e+00	8.067408e-03
2.870000e+00	8.445423e-03
2.872500e+00	9.250150e-03
2.875000e+00	1.050261e-02
2.877500e+00	1.212732e-02
2.880000e+00	1.379262e-02
2.882500e+00	1.485376e-02
2.885000e+00	1.478792e-02
2.887500e+00	1.379983e-02
2.890000e+00	1.259389e-02
2.892500e+00	1.172693e-02
2.895000e+00	1.144054e-02
2.897500e+00	1.180623e-02
2.900000e+00	1.282778e-02
2.902500e+00	1.440331e-02
2.905000e+00	1.615621e-02
2.907500e+00	1.733346e-02
2.910000e+00	1.724448e-02
2.912500e+00	1.601741e-02
2.915000e+00	1.445426e-02
2.917500e+00	1.324755e-02
2.920000e+00	1.270417e-02
2.922500e+00	1.288292e-02
2.925000e+00	1.368467e-02
2.927500e+00	1.476958e-02
2.930000e+00	1.546433e-02
2.932500e+00	1.509161e-02
2.935000e+00	1.364669e-02
2.937500e+00	1.176372e-02
2.940000e+00	1.002752e-02
2.942500e+00	8.678506e-03
2.945000e+00	7.736355e-03
2.947500e+00	7.151365e-03
2.950000e+00	6.875544e-03
2.952500e+00	6.884523e-03
2.955000e+00	7.180289e-03
2.957500e+00	7.783167e-03
2.960000e+00	8.703152e-03
2.962500e+00	9.865667e-03
2.965000e+00	1.099505e-02
2.967500e+00	1.162340e-02
2.970000e+00	1.146769e-02
2.972500e+00	1.078333e-02
2.975000e+00	1.008462e-02
2.977500e+00	9.727792e-03
2.980000e+00	9.852008e-03
2.982500e+00	1.045798e-02
2.985000e+00	1.139733e-02
2.987500e+00	1.227921e-02
2.990000e+00	1.254793e-02
2.992500e+00	1.195380e-02
2.995000e+00	1.083756e-02
2.997500e+00	9.723023e-03
3.000000e+00	8.917748e-03
3.002500e+00	8.517037e-03
3.005000e+00	8.534006e-03
3.007500e+00	8.978610e-03
3.010000e+00	9.879047e-03
3.012500e+00	1.125475e-02
3.015000e+00	1.301821e-02
3.017500e+00	1.479972e-02
3.020000e+00	1.590329e-02
3.022500e+00	1.580192e-02
3.025000e+00	1.476221e-02
3.027500e+00	1.355131e-02
3.030000e+00	1.275657e-02
3.032500e+00	1.263266e-02
3.035000e+00	1.325201e-02
3.037500e+00	1.458048e-02
3.040000e+00	1.637694e-02
3.042500e+00	1.799296e-02
3.045000e+00	1.848776e-02
3.047500e+00	1.743165e-02
3.050000e+00	1.540751e-02
3.052500e+00	1.331864e-02
3.055000e+00	1.169359e-02
3.057500e+00	1.068365e-02
3.060000e+00	1.027334e-02
3.062500e+00	1.038223e-02
3.065000e+00	1.083275e-02
3.067500e+00	1.125953e-02
3.070000e+00	1.118707e-02
3.072500e+00	1.042728e-02
3.075000e+00	9.272825e-03
3.077500e+00	8.134774e-03
3.080000e+00	7.234579e-03
3.082500e+00	6.621833e-03
3.085000e+00	6.278861e-03
3.087500e+00	6.181902e-03
3.090000e+00	6.323416e-03
3.092500e+00	6.717358e-03
3.095000e+00	7.395119e-03
3.097500e+00	8.384281e-03
3.100000e+00	9.646145e-03
3.102500e+00	1.095811e-02
3.105000e+00	1.186056e-02
3.107500e+00	1.195733e-02
3.110000e+00	1.137920e-02
3.112500e+00	1.065446e-02
3.115000e+00	1.022405e-02
3.117500e+00	1.029115e-02
3.120000e+00	1.090542e-02
3.122500e+00	1.199215e-02
3.125000e+00	1.325282e-02
3.127500e+00	1.409096e-02
3.130000e+00	1.394402e-02
3.132500e+00	1.287846e-02
3.135000e+00	1.149695e-02
3.137500e+00	1.032488e-02
3.140000e+00	9.586507e-03
3.142500e+00	9.329786e-03
3.145000e+00	9.560354e-03
3.147500e+00	1.030025e-02
3.150000e+00	1.158966e-02
3.152500e+00	1.342716e-02
3.155000e+00	1.561131e-02
3.157500e+00	1.753181e-02
3.160000e+00	1.830495e-02
3.162500e+00	1.757940e-02
3.165000e+00	1.598920e-02
3.167500e+00	1.445007e-02
3.170000e+00	1.350194e-02
3.172500e+00	1.330782e-02
3.175000e+00	1.380372e-02
3.177500e+00	1.468351e-02
3.180000e+00	1.531463e-02
3.182500e+00	1.500039e-02
3.185000e+00	1.363943e-02
3.187500e+00	1.180123e-02
3.190000e+00	1.007646e-02
3.192500e+00	8.729994e-03
3.195000e+00	7.797500e-03
3.197500e+00	7.238187e-03
3.200000e+00	7.010544e-03
3.202500e+00	7.094282e-03
3.205000e+00	7.484295e-03
3.207500e+00	8.155518e-03
3.210000e+00	8.982934e-03
3.212500e+00	9.654454e-03
3.215000e+00	9.775733e-03
3.217500e+00	9.248286e-03
3.220000e+00	8.388827e-03
3.222500e+00	7.574311e-03
3.225000e+00	6.999232e-03
3.227500e+00	6.714377e-03
3.230000e+00	6.721885e-03
3.232500e+00	7.027677e-03
3.235000e+00	7.659210e-03
3.237500e+00	8.661629e-03
3.240000e+00	1.006242e-02
3.242500e+00	1.177082e-02
3.245000e+00	1.340959e-02
3.247500e+00	1.430063e-02
3.250000e+00	1.397693e-02
3.252500e+00	1.273559e-02
3.255000e+00	1.128776e-02
3.257500e+00	1.013102e-02
3.260000e+00	9.445291e-03
3.262500e+00	9.257856e-03
3.265000e+00	9.566754e-03
3.267500e+00	1.037865e-02
3.270000e+00	1.167599e-02
3.272500e+00	1.330159e-02
3.275000e+00	1.479979e-02
3.277500e+00	1.550661e-02
3.280000e+00	1.514833e-02
3.282500e+00	1.420262e-02
3.285000e+00	1.338477e-02
3.287500e+00	1.314439e-02
3.290000e+00	1.365785e-02
3.292500e+00	1.493414e-02
3.295000e+00	1.675990e-02
3.297500e+00	1.849725e-02
3.300000e+00	1.912964e-02
3.302500e+00	1.805397e-02
3.305000e+00	1.576271e-02
3.307500e+00	1.322500e-02
3.310000e+00	1.105112e-02
3.312500e+00	9.411500e-03
3.315000e+00	8.271370e-03
3.317500e+00	7.551648e-03
3.320000e+00	7.189623e-03
3.322500e+00	7.151099e-03
3.325000e+00	7.419462e-03
3.327500e+00	7.958316e-03
3.330000e+00	8.633769e-03
3.332500e+00	9.142051e-03
3.335000e+00	9.133938e-03
3.337500e+00	8.561492e-03
3.340000e+00	7.732519e-03
3.342500e+00	6.973360e-03
3.345000e+00	6.440497e-03
3.347500e+00	6.170073e-03
3.350000e+00	6.160884e-03
3.352500e+00	6.416893e-03
3.355000e+00	6.958988e-03
3.357500e+00	7.814159e-03
3.360000e+00	8.968280e-03
3.362500e+00	1.025904e-02
3.365000e+00	1.126914e-02
3.367500e+00	1.149472e-02
3.370000e+00	1.085294e-02
3.372500e+00	9.791003e-03
3.375000e+00	8.800545e-03
3.377500e+00	8.126020e-03
3.380000e+00	7.830441e-03
3.382500e+00	7.918379e-03
3.385000e+00	8.398801e-03
3.387500e+00	9.297262e-03
3.390000e+00	1.062363e-02
3.392500e+00	1.227256e-02
3.395000e+00	1.386823e-02
3.397500e+00	1.478636e-02
3.400000e+00	1.466953e-02
3.402500e+00	1.388325e-02
3.405000e+00	1.312487e-02
3.407500e+00	1.288063e-02
3.410000e+00	1.336855e-02
3.412500e+00	1.466622e-02
3.415000e+00	1.672085e-02
3.417500e+00	1.916357e-02
3.420000e+00	2.107208e-02
3.422500e+00	2.128606e-02
3.425000e+00	1.951262e-02
3.427500e+00	1.666296e-02
3.430000e+00	1.380951e-02
3.432500e+00	1.147954e-02
3.435000e+00	9.766329e-03
3.437500e+00	8.599199e-03
3.440000e+00	7.886760e-03
3.442500e+00	7.560294e-03
3.445000e+00	7.567949e-03
3.447500e+00	7.832941e-03
3.450000e+00	8.180448e-03
3.452500e+00	8.315221e-03
3.455000e+00	8.009637e-03
3.457500e+00	7.346423e-03
3.460000e+00	6.605354e-03
3.462500e+00	5.995324e-03
3.465000e+00	5.592962e-03
3.467500e+00	5.407412e-03
3.470000e+00	5.434485e-03
3.472500e+00	5.677466e-03
3.475000e+00	6.143754e-03
3.477500e+00	6.813981e-03
3.480000e+00	7.572850e-03
3.482500e+00	8.148220e-03
3.485000e+00	8.235368e-03
3.487500e+00	7.811633e-03
3.490000e+00	7.167518e-03
3.492500e+00	6.598331e-03
3.495000e+00	6.245096e-03
3.497500e+00	6.144175e-03
3.500000e+00	6.301341e-03
3.502500e+00	6.727557e-03
3.505000e+00	7.443228e-03
3.507500e+00	8.451483e-03
3.510000e+00	9.664502e-03
3.512500e+00	1.080515e-02
3.515000e+00	1.146845e-02
3.517500e+00	1.150121e-02
3.520000e+00	1.122378e-02
3.522500e+00	1.110609e-02
3.525000e+00	1.146179e-02
3.527500e+00	1.246066e-02
3.530000e+00	1.422757e-02
3.532500e+00	1.686397e-02
3.535000e+00	2.032622e-02
3.537500e+00	2.410481e-02
3.540000e+00	2.690635e-02
3.542500e+00	2.718875e-02
3.545000e+00	2.471002e-02
3.547500e+00	2.081959e-02
3.550000e+00	1.696345e-02
3.552500e+00	1.381209e-02
3.555000e+00	1.146300e-02
3.557500e+00	9.803458e-03
3.560000e+00	8.690066e-03
3.562500e+00	7.991932e-03
3.565000e+00	7.568482e-03
3.567500e+00	7.237229e-03
3.570000e+00	6.820297e-03
3.572500e+00	6.275855e-03
3.575000e+00	5.708550e-03
3.577500e+00	5.232465e-03
3.580000e+00	4.898928e-03
3.582500e+00	4.714686e-03
3.585000e+00	4.667003e-03
3.587500e+00	4.723311e-03
3.590000e+00	4.811736e-03
3.592500e+00	4.824564e-03
3.595000e+00	4.696310e-03
3.597500e+00	4.472871e-03
3.600000e+00	4.250527e-03
3.602500e+00	4.091272e-03
3.605000e+00	4.013812e-03
3.607500e+00	4.017054e-03
3.610000e+00	4.096500e-03
3.612500e+00	4.250708e-03
3.615000e+00	4.483290e-03
3.617500e+00	4.803735e-03
3.620000e+00	5.228459e-03
3.622500e+00	5.782633e-03
3.625000e+00	6.503228e-03
3.627500e+00	7.443761e-03
3.630000e+00	8.681296e-03
3.632500e+00	1.032595e-02
3.635000e+00	1.253131e-02
3.637500e+00	1.549719e-02
3.640000e+00	1.943557e-02
3.642500e+00	2.442303e-02
3.645000e+00	3.001934e-02
3.647500e+00	3.475161e-02
3.650000e+00	3.642027e-02
3.652500e+00	3.407232e-02
3.655000e+00	2.917306e-02
3.657500e+00	2.389616e-02
3.660000e+00	1.946629e-02
3.662500e+00	1.617046e-02
3.665000e+00	1.386669e-02
3.667500e+00	1.226203e-02
3.670000e+00	1.100388e-02
3.672500e+00	9.804159e-03
3.675000e+00	8.596268e-03
3.677500e+00	7.481292e-03
3.680000e+00	6.547540e-03
3.682500e+00	5.810383e-03
3.685000e+00	5.244452e-03
3.687500e+00	4.815886e-03
3.690000e+00	4.495465e-03
3.692500e+00	4.261306e-03
3.695000e+00	4.098155e-03
3.697500e+00	3.996088e-03
3.700000e+00	3.949486e-03
3.702500e+00	3.956429e-03
3.705000e+00	4.018445e-03
3.707500e+00	4.140396e-03
3.710000e+00	4.329869e-03
3.712500e+00	4.594369e-03
3.715000e+00	4.933221e-03
3.717500e+00	5.324211e-03
3.720000e+00	5.724428e-03
3.722500e+00	6.116133e-03
3.725000e+00	6.554301e-03
3.727500e+00	7.138822e-03
3.730000e+00	7.967609e-03
3.732500e+00	9.135184e-03
3.735000e+00	1.075134e-02
3.737500e+00	1.294414e-02
3.740000e+00	1.581364e-02
3.742500e+00	1.927484e-02
3.745000e+00	2.276011e-02
3.747500e+00	2.510106e-02
3.750000e+00	2.532129e-02
3.752500e+00	2.379543e-02
3.755000e+00	2.186929e-02
3.757500e+00	2.062858e-02
3.760000e+00	2.052348e-02
3.762500e+00	2.153812e-02
3.765000e+00	2.320205e-02
3.767500e+00	2.446623e-02
3.770000e+00	2.413021e-02
3.772500e+00	2.197601e-02
3.775000e+00	1.896419e-02
3.777500e+00	1.613554e-02
3.780000e+00	1.397897e-02
3.782500e+00	1.257740e-02
3.785000e+00	1.185618e-02
3.787500e+00	1.166991e-02
3.790000e+00	1.175579e-02
3.792500e+00	1.169541e-02
3.795000e+00	1.112631e-02
3.797500e+00	1.008343e-02
3.800000e+00	8.907107e-03
3.802500e+00	7.875930e-03
3.805000e+00	7.088562e-03
3.807500e+00	6.539824e-03
3.810000e+00	6.195297e-03
3.812500e+00	6.023775e-03
3.815000e+00	6.006517e-03
3.817500e+00	6.138834e-03
3.820000e+00	6.430490e-03
3.822500e+00	6.906926e-03
3.825000e+00	7.611160e-03
3.827500e+00	8.603536e-03
3.830000e+00	9.949667e-03
3.832500e+00	1.167206e-02
3.835000e+00	1.362957e-02
3.837500e+00	1.536765e-02
3.840000e+00	1.624890e-02
3.842500e+00	1.607285e-02
3.845000e+00	1.537002e-02
3.847500e+00	1.485250e-02
3.850000e+00	1.495946e-02
3.852500e+00	1.589275e-02
3.855000e+00	1.775931e-02
3.857500e+00	2.058027e-02
3.860000e+00	2.409399e-02
3.862500e+00	2.740194e-02
3.865000e+00	2.900895e-02
3.867500e+00	2.801231e-02
3.870000e+00	2.517888e-02
3.872500e+00	2.204255e-02
3.875000e+00	1.961720e-02
3.877500e+00	1.825625e-02
3.880000e+00	1.800331e-02
3.882500e+00	1.880003e-02
3.885000e+00	2.045067e-02
3.887500e+00	2.238705e-02
3.890000e+00	2.352052e-02
3.892500e+00	2.284311e-02
3.895000e+00	2.047761e-02
3.897500e+00	1.747824e-02
3.900000e+00	1.473434e-02
3.902500e+00	1.258377e-02
3.905000e+00	1.103403e-02
3.907500e+00	9.992286e-03
3.910000e+00	9.367718e-03
3.912500e+00	9.101185e-03
3.915000e+00	9.169062e-03
3.917500e+00	9.578995e-03
3.920000e+00	1.035649e-02
3.922500e+00	1.150459e-02
3.925000e+00	1.290615e-02
3.927500e+00	1.419110e-02
3.930000e+00	1.480583e-02
3.932500e+00	1.450811e-02
3.935000e+00	1.367852e-02
3.937500e+00	1.289964e-02
3.940000e+00	1.253301e-02
3.942500e+00	1.272380e-02
3.945000e+00	1.354198e-02
3.947500e+00	1.506627e-02
3.950000e+00	1.739055e-02
3.952500e+00	2.053274e-02
3.955000e+00	2.418407e-02
3.957500e+00	2.737362e-02
3.960000e+00	2.867805e-02
3.962500e+00	2.751196e-02
3.965000e+00	2.487063e-02
3.967500e+00	2.220927e-02
3.970000e+00	2.038573e-02
3.972500e+00	1.968773e-02
3.975000e+00	2.017404e-02
3.977500e+00	2.183964e-02
3.980000e+00	2.454368e-02
3.982500e+00	2.770473e-02
3.985000e+00	3.001055e-02
3.987500e+00	2.998486e-02
3.990000e+00	2.746719e-02
3.992500e+00	2.378397e-02
3.995000e+00	2.029570e-02
3.997500e+00	1.762565e-02
