#omega	spectral weight
-3.000000e+00	3.060665e-05
-2.997500e+00	3.063090e-05
-2.995000e+00	3.065520e-05
-2.992500e+00	3.067957e-05
-2.990000e+00	3.070399e-05
-2.987500e+00	3.072847e-05
-2.985000e+00	3.075301e-05
-2.982500e+00	3.077762e-05
-2.980000e+00	3.080228e-05
-2.977500e+00	3.082700e-05
-2.975000e+00	3.085179e-05
-2.972500e+00	3.087663e-05
-2.970000e+00	3.090154e-05
-2.967500e+00	3.092651e-05
-2.965000e+00	3.095154e-05
-2.962500e+00	3.097664e-05
-2.960000e+00	3.100179e-05
-2.957500e+00	3.102702e-05
-2.955000e+00	3.105230e-05
-2.952500e+00	3.107765e-05
-2.950000e+00	3.110307e-05
-2.947500e+00	3.112855e-05
-2.945000e+00	3.115409e-05
-2.942500e+00	3.117971e-05
-2.940000e+00	3.120538e-05
-2.937500e+00	3.123113e-05
-2.935000e+00	3.125694e-05
-2.932500e+00	3.128282e-05
-2.930000e+00	3.130876e-05
-2.927500e+00	3.133478e-05
-2.925000e+00	3.136086e-05
-2.922500e+00	3.138702e-05
-2.920000e+00	3.141324e-05
-2.917500e+00	3.143953e-05
-2.915000e+00	3.146589e-05
-2.912500e+00	3.149232e-05
-2.910000e+00	3.151883e-05
-2.907500e+00	3.154540e-05
-2.905000e+00	3.157205e-05
-2.902500e+00	3.159877e-05
-2.900000e+00	3.162556e-05
-2.897500e+00	3.165243e-05
-2.895000e+00	3.167937e-05
-2.892500e+00	3.170638e-05
-2.890000e+00	3.173347e-05
-2.887500e+00	3.176064e-05
-2.885000e+00	3.178788e-05
-2.882500e+00	3.181519e-05
-2.880000e+00	3.184259e-05
-2.877500e+00	3.187006e-05
-2.875000e+00	3.189760e-05
-2.872500e+00	3.192523e-05
-2.870000e+00	3.195293e-05
-2.867500e+00	3.198072e-05
-2.865000e+00	3.200858e-05
-2.862500e+00	3.203652e-05
-2.860000e+00	3.206454e-05
-2.857500e+00	3.209265e-05
-2.855000e+00	3.212083e-05
-2.852500e+00	3.214910e-05
-2.850000e+00	3.217745e-05
-2.847500e+00	3.220589e-05
-2.845000e+00	3.223441e-05
-2.842500e+00	3.226301e-05
-2.840000e+00	3.229170e-05
-2.837500e+00	3.232047e-05
-2.835000e+00	3.234933e-05
-2.832500e+00	3.237828e-05
-2.830000e+00	3.240731e-05
-2.827500e+00	3.243643e-05
-2.825000e+00	3.246564e-05
-2.822500e+00	3.249494e-05
-2.820000e+00	3.252433e-05
-2.817500e+00	3.255380e-05
-2.815000e+00	3.258337e-05
-2.812500e+00	3.261303e-05
-2.810000e+00	3.264279e-05
-2.807500e+00	3.267263e-05
-2.805000e+00	3.270257e-05
-2.802500e+00	3.273261e-05
-2.800000e+00	3.276273e-05
-2.797500e+00	3.279296e-05
-2.795000e+00	3.282328e-05
-2.792500e+00	3.285369e-05
-2.790000e+00	3.288421e-05
-2.787500e+00	3.291482e-05
-2.785000e+00	3.294553e-05
-2.782500e+00	3.297634e-05
-2.780000e+00	3.300725e-05
-2.777500e+00	3.303826e-05
-2.775000e+00	3.306937e-05
-2.772500e+00	3.310059e-05
-2.770000e+00	3.313191e-05
-2.767500e+00	3.316333e-05
-2.765000e+00	3.319486e-05
-2.762500e+00	3.322649e-05
-2.760000e+00	3.325823e-05
-2.757500e+00	3.329008e-05
-2.755000e+00	3.332203e-05
-2.752500e+00	3.335410e-05
-2.750000e+00	3.338627e-05
-2.747500e+00	3.341855e-05
-2.745000e+00	3.345094e-05
-2.742500e+00	3.348345e-05
-2.740000e+00	3.351607e-05
-2.737500e+00	3.354880e-05
-2.735000e+00	3.358165e-05
-2.732500e+00	3.361461e-05
-2.730000e+00	3.364769e-05
-2.727500e+00	3.368088e-05
-2.725000e+00	3.371420e-05
-2.722500e+00	3.374763e-05
-2.720000e+00	3.378119e-05
-2.717500e+00	3.381486e-05
-2.715000e+00	3.384866e-05
-2.712500e+00	3.388257e-05
-2.710000e+00	3.391662e-05
-2.707500e+00	3.395078e-05
-2.705000e+00	3.398508e-05
-2.702500e+00	3.401950e-05
-2.700000e+00	3.405405e-05
-2.697500e+00	3.408872e-05
-2.695000e+00	3.412353e-05
-2.692500e+00	3.415847e-05
-2.690000e+00	3.419354e-05
-2.687500e+00	3.422874e-05
-2.685000e+00	3.426408e-05
-2.682500e+00	3.429955e-05
-2.680000e+00	3.433516e-05
-2.677500e+00	3.437091e-05
-2.675000e+00	3.440679e-05
-2.672500e+00	3.444282e-05
-2.670000e+00	3.447899e-05
-2.667500e+00	3.451530e-05
-2.665000e+00	3.455175e-05
-2.662500e+00	3.458835e-05
-2.660000e+00	3.462509e-05
-2.657500e+00	3.466198e-05
-2.655000e+00	3.469902e-05
-2.652500e+00	3.473621e-05
-2.650000e+00	3.477355e-05
-2.647500e+00	3.481104e-05
-2.645000e+00	3.484869e-05
-2.642500e+00	3.488649e-05
-2.640000e+00	3.492444e-05
-2.637500e+00	3.496256e-05
-2.635000e+00	3.500084e-05
-2.632500e+00	3.503927e-05
-2.630000e+00	3.507787e-05
-2.627500e+00	3.511663e-05
-2.625000e+00	3.515556e-05
-2.622500e+00	3.519465e-05
-2.620000e+00	3.523391e-05
-2.617500e+00	3.527334e-05
-2.615000e+00	3.531294e-05
-2.612500e+00	3.535271e-05
-2.610000e+00	3.539266e-05
-2.607500e+00	3.543279e-05
-2.605000e+00	3.547309e-05
-2.602500e+00	3.551357e-05
-2.600000e+00	3.555423e-05
-2.597500e+00	3.559508e-05
-2.595000e+00	3.563611e-05
-2.592500e+00	3.567732e-05
-2.590000e+00	3.571872e-05
-2.587500e+00	3.576032e-05
-2.585000e+00	3.580210e-05
-2.582500e+00	3.584408e-05
-2.580000e+00	3.588625e-05
-2.577500e+00	3.592862e-05
-2.575000e+00	3.597119e-05
-2.572500e+00	3.601396e-05
-2.570000e+00	3.605693e-05
-2.567500e+00	3.610011e-05
-2.565000e+00	3.614350e-05
-2.562500e+00	3.618709e-05
-2.560000e+00	3.623090e-05
-2.557500e+00	3.627492e-05
-2.555000e+00	3.631915e-05
-2.552500e+00	3.636360e-05
-2.550000e+00	3.640827e-05
-2.547500e+00	3.645317e-05
-2.545000e+00	3.649829e-05
-2.542500e+00	3.654363e-05
-2.540000e+00	3.658921e-05
-2.537500e+00	3.663501e-05
-2.535000e+00	3.668105e-05
-2.532500e+00	3.672733e-05
-2.530000e+00	3.677384e-05
-2.527500e+00	3.682060e-05
-2.525000e+00	3.686760e-05
-2.522500e+00	3.691485e-05
-2.520000e+00	3.696234e-05
-2.517500e+00	3.701009e-05
-2.515000e+00	3.705809e-05
-2.512500e+00	3.710635e-05
-2.510000e+00	3.715487e-05
-2.507500e+00	3.720366e-05
-2.505000e+00	3.725271e-05
-2.502500e+00	3.730203e-05
-2.500000e+00	3.735162e-05
-2.497500e+00	3.740148e-05
-2.495000e+00	3.745163e-05
-2.492500e+00	3.750205e-05
-2.490000e+00	3.755276e-05
-2.487500e+00	3.760376e-05
-2.485000e+00	3.765505e-05
-2.482500e+00	3.770663e-05
-2.480000e+00	3.775851e-05
-2.477500e+00	3.781069e-05
-2.475000e+00	3.786317e-05
-2.472500e+00	3.791597e-05
-2.470000e+00	3.796907e-05
-2.467500e+00	3.802250e-05
-2.465000e+00	3.807624e-05
-2.462500e+00	3.813030e-05
-2.460000e+00	3.818469e-05
-2.457500e+00	3.823941e-05
-2.455000e+00	3.829447e-05
-2.452500e+00	3.834986e-05
-2.450000e+00	3.840560e-05
-2.447500e+00	3.846169e-05
-2.445000e+00	3.851813e-05
-2.442500e+00	3.857492e-05
-2.440000e+00	3.863207e-05
-2.437500e+00	3.868959e-05
-2.435000e+00	3.874748e-05
-2.432500e+00	3.880574e-05
-2.430000e+00	3.886439e-05
-2.427500e+00	3.892341e-05
-2.425000e+00	3.898282e-05
-2.422500e+00	3.904263e-05
-2.420000e+00	3.910284e-05
-2.417500e+00	3.916345e-05
-2.415000e+00	3.922447e-05
-2.412500e+00	3.928591e-05
-2.410000e+00	3.934776e-05
-2.407500e+00	3.941004e-05
-2.405000e+00	3.947275e-05
-2.402500e+00	3.953590e-05
-2.400000e+00	3.959950e-05
-2.397500e+00	3.966354e-05
-2.395000e+00	3.972804e-05
-2.392500e+00	3.979300e-05
-2.390000e+00	3.985842e-05
-2.387500e+00	3.992432e-05
-2.385000e+00	3.999071e-05
-2.382500e+00	4.005758e-05
-2.380000e+00	4.012494e-05
-2.377500e+00	4.019281e-05
-2.375000e+00	4.026119e-05
-2.372500e+00	4.033008e-05
-2.370000e+00	4.039949e-05
-2.367500e+00	4.046944e-05
-2.365000e+00	4.053993e-05
-2.362500e+00	4.061096e-05
-2.360000e+00	4.068255e-05
-2.357500e+00	4.075470e-05
-2.355000e+00	4.082742e-05
-2.352500e+00	4.090072e-05
-2.350000e+00	4.097462e-05
-2.347500e+00	4.104911e-05
-2.345000e+00	4.112420e-05
-2.342500e+00	4.119991e-05
-2.340000e+00	4.127625e-05
-2.337500e+00	4.135322e-05
-2.335000e+00	4.143084e-05
-2.332500e+00	4.150912e-05
-2.330000e+00	4.158806e-05
-2.327500e+00	4.166767e-05
-2.325000e+00	4.174798e-05
-2.322500e+00	4.182898e-05
-2.320000e+00	4.191069e-05
-2.317500e+00	4.199312e-05
-2.315000e+00	4.207629e-05
-2.312500e+00	4.216020e-05
-2.310000e+00	4.224486e-05
-2.307500e+00	4.233030e-05
-2.305000e+00	4.241652e-05
-2.302500e+00	4.250353e-05
-2.300000e+00	4.259136e-05
-2.297500e+00	4.268001e-05
-2.295000e+00	4.276949e-05
-2.292500e+00	4.285983e-05
-2.290000e+00	4.295104e-05
-2.287500e+00	4.304312e-05
-2.285000e+00	4.313611e-05
-2.282500e+00	4.323001e-05
-2.280000e+00	4.332483e-05
-2.277500e+00	4.342061e-05
-2.275000e+00	4.351735e-05
-2.272500e+00	4.361507e-05
-2.270000e+00	4.371379e-05
-2.267500e+00	4.381353e-05
-2.265000e+00	4.391430e-05
-2.262500e+00	4.401613e-05
-2.260000e+00	4.411904e-05
-2.257500e+00	4.422305e-05
-2.255000e+00	4.432817e-05
-2.252500e+00	4.443443e-05
-2.250000e+00	4.454185e-05
-2.247500e+00	4.465046e-05
-2.245000e+00	4.476028e-05
-2.242500e+00	4.487132e-05
-2.240000e+00	4.498363e-05
-2.237500e+00	4.509721e-05
-2.235000e+00	4.521210e-05
-2.232500e+00	4.532833e-05
-2.230000e+00	4.544592e-05
-2.227500e+00	4.556489e-05
-2.225000e+00	4.568529e-05
-2.222500e+00	4.580714e-05
-2.220000e+00	4.593046e-05
-2.217500e+00	4.605530e-05
-2.215000e+00	4.618168e-05
-2.212500e+00	4.630964e-05
-2.210000e+00	4.643921e-05
-2.207500e+00	4.657043e-05
-2.205000e+00	4.670333e-05
-2.202500e+00	4.683795e-05
-2.200000e+00	4.697434e-05
-2.197500e+00	4.711252e-05
-2.195000e+00	4.725255e-05
-2.192500e+00	4.739447e-05
-2.190000e+00	4.753831e-05
-2.187500e+00	4.768413e-05
-2.185000e+00	4.783197e-05
-2.182500e+00	4.798188e-05
-2.180000e+00	4.813392e-05
-2.177500e+00	4.828812e-05
-2.175000e+00	4.844455e-05
-2.172500e+00	4.860326e-05
-2.170000e+00	4.876431e-05
-2.167500e+00	4.892776e-05
-2.165000e+00	4.909367e-05
-2.162500e+00	4.926210e-05
-2.160000e+00	4.943311e-05
-2.157500e+00	4.960679e-05
-2.155000e+00	4.978319e-05
-2.152500e+00	4.996238e-05
-2.150000e+00	5.014446e-05
-2.147500e+00	5.032948e-05
-2.145000e+00	5.051755e-05
-2.142500e+00	5.070873e-05
-2.140000e+00	5.090311e-05
-2.137500e+00	5.110080e-05
-2.135000e+00	5.130188e-05
-2.132500e+00	5.150645e-05
-2.130000e+00	5.171461e-05
-2.127500e+00	5.192647e-05
-2.125000e+00	5.214214e-05
-2.122500e+00	5.236174e-05
-2.120000e+00	5.258539e-05
-2.117500e+00	5.281320e-05
-2.115000e+00	5.304532e-05
-2.112500e+00	5.328187e-05
-2.110000e+00	5.352300e-05
-2.107500e+00	5.376886e-05
-2.105000e+00	5.401960e-05
-2.102500e+00	5.427538e-05
-2.100000e+00	5.453638e-05
-2.097500e+00	5.480276e-05
-2.095000e+00	5.507472e-05
-2.092500e+00	5.535245e-05
-2.090000e+00	5.563614e-05
-2.087500e+00	5.592602e-05
-2.085000e+00	5.622231e-05
-2.082500e+00	5.652523e-05
-2.080000e+00	5.683504e-05
-2.077500e+00	5.715200e-05
-2.075000e+00	5.747637e-05
-2.072500e+00	5.780845e-05
-2.070000e+00	5.814852e-05
-2.067500e+00	5.849692e-05
-2.065000e+00	5.885398e-05
-2.062500e+00	5.922004e-05
-2.060000e+00	5.959548e-05
-2.057500e+00	5.998069e-05
-2.055000e+00	6.037610e-05
-2.052500e+00	6.078214e-05
-2.050000e+00	6.119928e-05
-2.047500e+00	6.162802e-05
-2.045000e+00	6.206888e-05
-2.042500e+00	6.252242e-05
-2.040000e+00	6.298924e-05
-2.037500e+00	6.346997e-05
-2.035000e+00	6.396528e-05
-2.032500e+00	6.447589e-05
-2.030000e+00	6.500258e-05
-2.027500e+00	6.554616e-05
-2.025000e+00	6.610751e-05
-2.022500e+00	6.668758e-05
-2.020000e+00	6.728738e-05
-2.017500e+00	6.790800e-05
-2.015000e+00	6.855061e-05
-2.012500e+00	6.921646e-05
-2.010000e+00	6.990692e-05
-2.007500e+00	7.062347e-05
-2.005000e+00	7.136768e-05
-2.002500e+00	7.214130e-05
-2.000000e+00	7.294619e-05
-1.997500e+00	7.378441e-05
-1.995000e+00	7.465817e-05
-1.992500e+00	7.556990e-05
-1.990000e+00	7.652228e-05
-1.987500e+00	7.751822e-05
-1.985000e+00	7.856094e-05
-1.982500e+00	7.965398e-05
-1.980000e+00	8.080126e-05
-1.977500e+00	8.200710e-05
-1.975000e+00	8.327633e-05
-1.972500e+00	8.461433e-05
-1.970000e+00	8.602709e-05
-1.967500e+00	8.752134e-05
-1.965000e+00	8.910467e-05
-1.962500e+00	9.078563e-05
-1.960000e+00	9.257393e-05
-1.957500e+00	9.448061e-05
-1.955000e+00	9.651833e-05
-1.952500e+00	9.870160e-05
-1.950000e+00	1.010472e-04
-1.947500e+00	1.035746e-04
-1.945000e+00	1.063066e-04
-1.942500e+00	1.092699e-04
-1.940000e+00	1.124962e-04
-1.937500e+00	1.160231e-04
-1.935000e+00	1.198961e-04
-1.932500e+00	1.241701e-04
-1.930000e+00	1.289121e-04
-1.927500e+00	1.342053e-04
-1.925000e+00	1.401531e-04
-1.922500e+00	1.468867e-04
-1.920000e+00	1.545735e-04
-1.917500e+00	1.634311e-04
-1.915000e+00	1.737458e-04
-1.912500e+00	1.859002e-04
-1.910000e+00	2.004132e-04
-1.907500e+00	2.179975e-04
-1.905000e+00	2.396396e-04
-1.902500e+00	2.667006e-04
-1.900000e+00	3.010039e-04
-1.897500e+00	3.447745e-04
-1.895000e+00	4.000349e-04
-1.892500e+00	4.666649e-04
-1.890000e+00	5.389215e-04
-1.887500e+00	6.048225e-04
-1.885000e+00	6.567877e-04
-1.882500e+00	7.042082e-04
-1.880000e+00	7.650657e-04
-1.877500e+00	8.462552e-04
-1.875000e+00	9.320818e-04
-1.872500e+00	9.892627e-04
-1.870000e+00	9.983759e-04
-1.867500e+00	9.788585e-04
-1.865000e+00	9.641356e-04
-1.862500e+00	9.668724e-04
-1.860000e+00	9.765247e-04
-1.857500e+00	9.831944e-04
-1.855000e+00	9.973327e-04
-1.852500e+00	1.037937e-03
-1.850000e+00	1.109329e-03
-1.847500e+00	1.190584e-03
-1.845000e+00	1.246811e-03
-1.842500e+00	1.266354e-03
-1.840000e+00	1.277144e-03
-1.837500e+00	1.309622e-03
-1.835000e+00	1.357915e-03
-1.832500e+00	1.377223e-03
-1.830000e+00	1.326109e-03
-1.827500e+00	1.216859e-03
-1.825000e+00	1.099040e-03
-1.822500e+00	1.011203e-03
-1.820000e+00	9.687660e-04
-1.817500e+00	9.753558e-04
-1.815000e+00	1.031948e-03
-1.812500e+00	1.138045e-03
-1.810000e+00	1.284750e-03
-1.807500e+00	1.442256e-03
-1.805000e+00	1.561396e-03
-1.802500e+00	1.615154e-03
-1.800000e+00	1.633302e-03
-1.797500e+00	1.660766e-03
-1.795000e+00	1.696530e-03
-1.792500e+00	1.688184e-03
-1.790000e+00	1.592498e-03
-1.787500e+00	1.433540e-03
-1.785000e+00	1.272215e-03
-1.782500e+00	1.150386e-03
-1.780000e+00	1.082218e-03
-1.777500e+00	1.068490e-03
-1.775000e+00	1.105427e-03
-1.772500e+00	1.183181e-03
-1.770000e+00	1.277712e-03
-1.767500e+00	1.351664e-03
-1.765000e+00	1.384191e-03
-1.762500e+00	1.397565e-03
-1.760000e+00	1.430208e-03
-1.757500e+00	1.494330e-03
-1.755000e+00	1.564816e-03
-1.752500e+00	1.606542e-03
-1.750000e+00	1.620807e-03
-1.747500e+00	1.643678e-03
-1.745000e+00	1.694335e-03
-1.742500e+00	1.746039e-03
-1.740000e+00	1.753108e-03
-1.737500e+00	1.709565e-03
-1.735000e+00	1.652932e-03
-1.732500e+00	1.608292e-03
-1.730000e+00	1.568565e-03
-1.727500e+00	1.529785e-03
-1.725000e+00	1.513072e-03
-1.722500e+00	1.538271e-03
-1.720000e+00	1.591790e-03
-1.717500e+00	1.620479e-03
-1.715000e+00	1.569940e-03
-1.712500e+00	1.444166e-03
-1.710000e+00	1.297591e-03
-1.707500e+00	1.177780e-03
-1.705000e+00	1.104611e-03
-1.702500e+00	1.081657e-03
-1.700000e+00	1.107633e-03
-1.697500e+00	1.179279e-03
-1.695000e+00	1.287416e-03
-1.692500e+00	1.413013e-03
-1.690000e+00	1.538988e-03
-1.687500e+00	1.674654e-03
-1.685000e+00	1.849868e-03
-1.682500e+00	2.074388e-03
-1.680000e+00	2.302028e-03
-1.677500e+00	2.429080e-03
-1.675000e+00	2.371230e-03
-1.672500e+00	2.163080e-03
-1.670000e+00	1.919426e-03
-1.667500e+00	1.728523e-03
-1.665000e+00	1.623887e-03
-1.662500e+00	1.604892e-03
-1.660000e+00	1.647323e-03
-1.657500e+00	1.698037e-03
-1.655000e+00	1.687637e-03
-1.652500e+00	1.587007e-03
-1.650000e+00	1.436515e-03
-1.647500e+00	1.295512e-03
-1.645000e+00	1.197266e-03
-1.642500e+00	1.149662e-03
-1.640000e+00	1.147169e-03
-1.637500e+00	1.175321e-03
-1.635000e+00	1.214980e-03
-1.632500e+00	1.257908e-03
-1.630000e+00	1.318133e-03
-1.627500e+00	1.417578e-03
-1.625000e+00	1.565364e-03
-1.622500e+00	1.748653e-03
-1.620000e+00	1.932134e-03
-1.617500e+00	2.069195e-03
-1.615000e+00	2.139837e-03
-1.612500e+00	2.177191e-03
-1.610000e+00	2.215467e-03
-1.607500e+00	2.227311e-03
-1.605000e+00	2.151071e-03
-1.602500e+00	1.981745e-03
-1.600000e+00	1.786346e-03
-1.597500e+00	1.632619e-03
-1.595000e+00	1.552091e-03
-1.592500e+00	1.550040e-03
-1.590000e+00	1.616856e-03
-1.587500e+00	1.728205e-03
-1.585000e+00	1.850629e-03
-1.582500e+00	1.964388e-03
-1.580000e+00	2.062337e-03
-1.577500e+00	2.108446e-03
-1.575000e+00	2.045923e-03
-1.572500e+00	1.875425e-03
-1.570000e+00	1.667569e-03
-1.567500e+00	1.491242e-03
-1.565000e+00	1.377549e-03
-1.562500e+00	1.331705e-03
-1.560000e+00	1.347142e-03
-1.557500e+00	1.405654e-03
-1.555000e+00	1.470208e-03
-1.552500e+00	1.495169e-03
-1.550000e+00	1.467285e-03
-1.547500e+00	1.421710e-03
-1.545000e+00	1.402760e-03
-1.542500e+00	1.431020e-03
-1.540000e+00	1.499094e-03
-1.537500e+00	1.579732e-03
-1.535000e+00	1.651330e-03
-1.532500e+00	1.723856e-03
-1.530000e+00	1.819689e-03
-1.527500e+00	1.933654e-03
-1.525000e+00	2.027722e-03
-1.522500e+00	2.067881e-03
-1.520000e+00	2.069085e-03
-1.517500e+00	2.088142e-03
-1.515000e+00	2.169850e-03
-1.512500e+00	2.318329e-03
-1.510000e+00	2.505596e-03
-1.507500e+00	2.674751e-03
-1.505000e+00	2.728666e-03
-1.502500e+00	2.589284e-03
-1.500000e+00	2.296166e-03
-1.497500e+00	1.966080e-03
-1.495000e+00	1.684444e-03
-1.492500e+00	1.480094e-03
-1.490000e+00	1.352286e-03
-1.487500e+00	1.292770e-03
-1.485000e+00	1.293167e-03
-1.482500e+00	1.341964e-03
-1.480000e+00	1.414713e-03
-1.477500e+00	1.469819e-03
-1.475000e+00	1.474290e-03
-1.472500e+00	1.440780e-03
-1.470000e+00	1.413070e-03
-1.467500e+00	1.421919e-03
-1.465000e+00	1.465948e-03
-1.462500e+00	1.515257e-03
-1.460000e+00	1.537467e-03
-1.457500e+00	1.535889e-03
-1.455000e+00	1.545516e-03
-1.452500e+00	1.592577e-03
-1.450000e+00	1.675432e-03
-1.447500e+00	1.780122e-03
-1.445000e+00	1.910482e-03
-1.442500e+00	2.086931e-03
-1.440000e+00	2.303413e-03
-1.437500e+00	2.491886e-03
-1.435000e+00	2.553550e-03
-1.432500e+00	2.465038e-03
-1.430000e+00	2.313344e-03
-1.427500e+00	2.198680e-03
-1.425000e+00	2.158247e-03
-1.422500e+00	2.159263e-03
-1.420000e+00	2.127305e-03
-1.417500e+00	2.015795e-03
-1.415000e+00	1.856345e-03
-1.412500e+00	1.714172e-03
-1.410000e+00	1.628395e-03
-1.407500e+00	1.603195e-03
-1.405000e+00	1.623968e-03
-1.402500e+00	1.680892e-03
-1.400000e+00	1.784663e-03
-1.397500e+00	1.951300e-03
-1.395000e+00	2.169025e-03
-1.392500e+00	2.370109e-03
-1.390000e+00	2.440208e-03
-1.387500e+00	2.311814e-03
-1.385000e+00	2.044007e-03
-1.382500e+00	1.750856e-03
-1.380000e+00	1.504178e-03
-1.377500e+00	1.324323e-03
-1.375000e+00	1.207817e-03
-1.372500e+00	1.146256e-03
-1.370000e+00	1.133219e-03
-1.367500e+00	1.164945e-03
-1.365000e+00	1.237494e-03
-1.362500e+00	1.341800e-03
-1.360000e+00	1.462147e-03
-1.357500e+00	1.582796e-03
-1.355000e+00	1.691672e-03
-1.352500e+00	1.782793e-03
-1.350000e+00	1.867347e-03
-1.347500e+00	1.961871e-03
-1.345000e+00	2.067144e-03
-1.342500e+00	2.173299e-03
-1.340000e+00	2.261598e-03
-1.337500e+00	2.312539e-03
-1.335000e+00	2.338856e-03
-1.332500e+00	2.368432e-03
-1.330000e+00	2.391436e-03
-1.327500e+00	2.376440e-03
-1.325000e+00	2.334482e-03
-1.322500e+00	2.310303e-03
-1.320000e+00	2.315360e-03
-1.317500e+00	2.313851e-03
-1.315000e+00	2.282001e-03
-1.312500e+00	2.249180e-03
-1.310000e+00	2.249167e-03
-1.307500e+00	2.257730e-03
-1.305000e+00	2.200093e-03
-1.302500e+00	2.033836e-03
-1.300000e+00	1.802650e-03
-1.297500e+00	1.580164e-03
-1.295000e+00	1.409006e-03
-1.292500e+00	1.299759e-03
-1.290000e+00	1.249405e-03
-1.287500e+00	1.251589e-03
-1.285000e+00	1.298196e-03
-1.282500e+00	1.379052e-03
-1.280000e+00	1.484431e-03
-1.277500e+00	1.604231e-03
-1.275000e+00	1.721903e-03
-1.272500e+00	1.810731e-03
-1.270000e+00	1.836107e-03
-1.267500e+00	1.788421e-03
-1.265000e+00	1.710120e-03
-1.262500e+00	1.657522e-03
-1.260000e+00	1.656848e-03
-1.257500e+00	1.699680e-03
-1.255000e+00	1.762272e-03
-1.252500e+00	1.829223e-03
-1.250000e+00	1.892498e-03
-1.247500e+00	1.943515e-03
-1.245000e+00	1.991971e-03
-1.242500e+00	2.063467e-03
-1.240000e+00	2.165009e-03
-1.237500e+00	2.271378e-03
-1.235000e+00	2.331166e-03
-1.232500e+00	2.296494e-03
-1.230000e+00	2.183530e-03
-1.227500e+00	2.068252e-03
-1.225000e+00	2.016851e-03
-1.222500e+00	2.052990e-03
-1.220000e+00	2.163283e-03
-1.217500e+00	2.304383e-03
-1.215000e+00	2.404978e-03
-1.212500e+00	2.393243e-03
-1.210000e+00	2.268359e-03
-1.207500e+00	2.109838e-03
-1.205000e+00	1.995657e-03
-1.202500e+00	1.951593e-03
-1.200000e+00	1.956993e-03
-1.197500e+00	1.976440e-03
-1.195000e+00	1.997600e-03
-1.192500e+00	2.023359e-03
-1.190000e+00	2.024657e-03
-1.187500e+00	1.945482e-03
-1.185000e+00	1.774432e-03
-1.182500e+00	1.565517e-03
-1.180000e+00	1.377625e-03
-1.177500e+00	1.237661e-03
-1.175000e+00	1.149210e-03
-1.172500e+00	1.107978e-03
-1.170000e+00	1.109056e-03
-1.167500e+00	1.148092e-03
-1.165000e+00	1.220660e-03
-1.162500e+00	1.323448e-03
-1.160000e+00	1.455973e-03
-1.157500e+00	1.619240e-03
-1.155000e+00	1.811047e-03
-1.152500e+00	2.017360e-03
-1.150000e+00	2.205229e-03
-1.147500e+00	2.327634e-03
-1.145000e+00	2.365082e-03
-1.142500e+00	2.355618e-03
-1.140000e+00	2.337151e-03
-1.137500e+00	2.295686e-03
-1.135000e+00	2.210000e-03
-1.132500e+00	2.111744e-03
-1.130000e+00	2.059485e-03
-1.127500e+00	2.084625e-03
-1.125000e+00	2.172697e-03
-1.122500e+00	2.264111e-03
-1.120000e+00	2.280379e-03
-1.117500e+00	2.194440e-03
-1.115000e+00	2.064190e-03
-1.112500e+00	1.968696e-03
-1.110000e+00	1.949318e-03
-1.107500e+00	2.005002e-03
-1.105000e+00	2.104127e-03
-1.102500e+00	2.193307e-03
-1.100000e+00	2.209479e-03
-1.097500e+00	2.125523e-03
-1.095000e+00	1.988012e-03
-1.092500e+00	1.867955e-03
-1.090000e+00	1.797338e-03
-1.087500e+00	1.762118e-03
-1.085000e+00	1.735176e-03
-1.082500e+00	1.711720e-03
-1.080000e+00	1.698054e-03
-1.077500e+00	1.674567e-03
-1.075000e+00	1.604033e-03
-1.072500e+00	1.482545e-03
-1.070000e+00	1.348608e-03
-1.067500e+00	1.241103e-03
-1.065000e+00	1.177659e-03
-1.062500e+00	1.161474e-03
-1.060000e+00	1.190277e-03
-1.057500e+00	1.259212e-03
-1.055000e+00	1.362391e-03
-1.052500e+00	1.497611e-03
-1.050000e+00	1.665112e-03
-1.047500e+00	1.855878e-03
-1.045000e+00	2.051952e-03
-1.042500e+00	2.233714e-03
-1.040000e+00	2.363207e-03
-1.037500e+00	2.395361e-03
-1.035000e+00	2.343019e-03
-1.032500e+00	2.271743e-03
-1.030000e+00	2.218805e-03
-1.027500e+00	2.170067e-03
-1.025000e+00	2.113540e-03
-1.022500e+00	2.072292e-03
-1.020000e+00	2.066457e-03
-1.017500e+00	2.079963e-03
-1.015000e+00	2.086984e-03
-1.012500e+00	2.093226e-03
-1.010000e+00	2.116209e-03
-1.007500e+00	2.140691e-03
-1.005000e+00	2.134359e-03
-1.002500e+00	2.100011e-03
-1.000000e+00	2.066311e-03
-9.975000e-01	2.038902e-03
-9.950000e-01	2.005815e-03
-9.925000e-01	1.968783e-03
-9.900000e-01	1.926198e-03
-9.875000e-01	1.854159e-03
-9.850000e-01	1.744579e-03
-9.825000e-01	1.630460e-03
-9.800000e-01	1.548244e-03
-9.775000e-01	1.501695e-03
-9.750000e-01	1.462971e-03
-9.725000e-01	1.403901e-03
-9.700000e-01	1.328708e-03
-9.675000e-01	1.262635e-03
-9.650000e-01	1.220639e-03
-9.625000e-01	1.203179e-03
-9.600000e-01	1.212025e-03
-9.575000e-01	1.256938e-03
-9.550000e-01	1.346368e-03
-9.525000e-01	1.475658e-03
-9.500000e-01	1.619586e-03
-9.475000e-01	1.742767e-03
-9.450000e-01	1.831676e-03
-9.425000e-01	1.895569e-03
-9.400000e-01	1.928968e-03
-9.375000e-01	1.920009e-03
-9.350000e-01	1.893412e-03
-9.325000e-01	1.895516e-03
-9.300000e-01	1.945517e-03
-9.275000e-01	2.022900e-03
-9.250000e-01	2.098683e-03
-9.225000e-01	2.167924e-03
-9.200000e-01	2.226196e-03
-9.175000e-01	2.241268e-03
-9.150000e-01	2.197597e-03
-9.125000e-01	2.136259e-03
-9.100000e-01	2.105756e-03
-9.075000e-01	2.104243e-03
-9.050000e-01	2.087606e-03
-9.025000e-01	2.030172e-03
-9.000000e-01	1.953776e-03
-8.975000e-01	1.882360e-03
-8.950000e-01	1.814775e-03
-8.925000e-01	1.754585e-03
-8.900000e-01	1.721442e-03
-8.875000e-01	1.718124e-03
-8.850000e-01	1.711074e-03
-8.825000e-01	1.661076e-03
-8.800000e-01	1.572126e-03
-8.775000e-01	1.480751e-03
-8.750000e-01	1.405363e-03
-8.725000e-01	1.332821e-03
-8.700000e-01	1.248827e-03
-8.675000e-01	1.163994e-03
-8.650000e-01	1.100834e-03
-8.625000e-01	1.073052e-03
-8.600000e-01	1.081787e-03
-8.575000e-01	1.117894e-03
-8.550000e-01	1.166420e-03
-8.525000e-01	1.220147e-03
-8.500000e-01	1.288710e-03
-8.475000e-01	1.382653e-03
-8.450000e-01	1.490843e-03
-8.425000e-01	1.582316e-03
-8.400000e-01	1.641673e-03
-8.375000e-01	1.690704e-03
-8.350000e-01	1.752196e-03
-8.325000e-01	1.813309e-03
-8.300000e-01	1.847009e-03
-8.275000e-01	1.860082e-03
-8.250000e-01	1.884262e-03
-8.225000e-01	1.924708e-03
-8.200000e-01	1.952348e-03
-8.175000e-01	1.953224e-03
-8.150000e-01	1.954037e-03
-8.125000e-01	1.976179e-03
-8.100000e-01	1.995328e-03
-8.075000e-01	1.970730e-03
-8.050000e-01	1.906642e-03
-8.025000e-01	1.845712e-03
-8.000000e-01	1.806518e-03
-7.975000e-01	1.761926e-03
-7.950000e-01	1.681281e-03
-7.925000e-01	1.576259e-03
-7.900000e-01	1.479760e-03
-7.875000e-01	1.401102e-03
-7.850000e-01	1.324954e-03
-7.825000e-01	1.244074e-03
-7.800000e-01	1.173680e-03
-7.775000e-01	1.131748e-03
-7.750000e-01	1.121560e-03
-7.725000e-01	1.129054e-03
-7.700000e-01	1.131426e-03
-7.675000e-01	1.118761e-03
-7.650000e-01	1.104674e-03
-7.625000e-01	1.107923e-03
-7.600000e-01	1.134299e-03
-7.575000e-01	1.177848e-03
-7.550000e-01	1.235870e-03
-7.525000e-01	1.319664e-03
-7.500000e-01	1.445212e-03
-7.475000e-01	1.615825e-03
-7.450000e-01	1.810023e-03
-7.425000e-01	1.987845e-03
-7.400000e-01	2.131637e-03
-7.375000e-01	2.270672e-03
-7.350000e-01	2.430788e-03
-7.325000e-01	2.576606e-03
-7.300000e-01	2.636240e-03
-7.275000e-01	2.598050e-03
-7.250000e-01	2.535646e-03
-7.225000e-01	2.518045e-03
-7.200000e-01	2.544142e-03
-7.175000e-01	2.561836e-03
-7.150000e-01	2.542736e-03
-7.125000e-01	2.515649e-03
-7.100000e-01	2.504093e-03
-7.075000e-01	2.477757e-03
-7.050000e-01	2.399150e-03
-7.025000e-01	2.289447e-03
-7.000000e-01	2.199972e-03
-6.975000e-01	2.144683e-03
-6.950000e-01	2.093708e-03
-6.925000e-01	2.026211e-03
-6.900000e-01	1.965602e-03
-6.875000e-01	1.944963e-03
-6.850000e-01	1.961274e-03
-6.825000e-01	1.970499e-03
-6.800000e-01	1.931072e-03
-6.775000e-01	1.854650e-03
-6.750000e-01	1.786732e-03
-6.725000e-01	1.751775e-03
-6.700000e-01	1.739456e-03
-6.675000e-01	1.734277e-03
-6.650000e-01	1.747306e-03
-6.625000e-01	1.807252e-03
-6.600000e-01	1.930894e-03
-6.575000e-01	2.104648e-03
-6.550000e-01	2.279910e-03
-6.525000e-01	2.404764e-03
-6.500000e-01	2.484467e-03
-6.475000e-01	2.574444e-03
-6.450000e-01	2.703764e-03
-6.425000e-01	2.841323e-03
-6.400000e-01	2.943878e-03
-6.375000e-01	3.008792e-03
-6.350000e-01	3.033514e-03
-6.325000e-01	2.974586e-03
-6.300000e-01	2.818807e-03
-6.275000e-01	2.636681e-03
-6.250000e-01	2.516232e-03
-6.225000e-01	2.497734e-03
-6.200000e-01	2.563306e-03
-6.175000e-01	2.644849e-03
-6.150000e-01	2.666606e-03
-6.125000e-01	2.621644e-03
-6.100000e-01	2.570974e-03
-6.075000e-01	2.556746e-03
-6.050000e-01	2.559691e-03
-6.025000e-01	2.543357e-03
-6.000000e-01	2.514750e-03
-5.975000e-01	2.501545e-03
-5.950000e-01	2.487181e-03
-5.925000e-01	2.418108e-03
-5.900000e-01	2.282100e-03
-5.875000e-01	2.132243e-03
-5.850000e-01	2.022114e-03
-5.825000e-01	1.959328e-03
-5.800000e-01	1.914101e-03
-5.775000e-01	1.861336e-03
-5.750000e-01	1.813258e-03
-5.725000e-01	1.799988e-03
-5.700000e-01	1.836012e-03
-5.675000e-01	1.916215e-03
-5.650000e-01	2.037722e-03
-5.625000e-01	2.219911e-03
-5.600000e-01	2.492300e-03
-5.575000e-01	2.860644e-03
-5.550000e-01	3.268354e-03
-5.525000e-01	3.578190e-03
-5.500000e-01	3.656250e-03
-5.475000e-01	3.522023e-03
-5.450000e-01	3.320945e-03
-5.425000e-01	3.153038e-03
-5.400000e-01	3.007843e-03
-5.375000e-01	2.838656e-03
-5.350000e-01	2.656077e-03
-5.325000e-01	2.514588e-03
-5.300000e-01	2.438984e-03
-5.275000e-01	2.397013e-03
-5.250000e-01	2.334676e-03
-5.225000e-01	2.241991e-03
-5.200000e-01	2.161735e-03
-5.175000e-01	2.131135e-03
-5.150000e-01	2.144629e-03
-5.125000e-01	2.167765e-03
-5.100000e-01	2.183039e-03
-5.075000e-01	2.206019e-03
-5.050000e-01	2.240343e-03
-5.025000e-01	2.249609e-03
-5.000000e-01	2.203624e-03
-4.975000e-01	2.132004e-03
-4.950000e-01	2.095221e-03
-4.925000e-01	2.128454e-03
-4.900000e-01	2.222926e-03
-4.875000e-01	2.335091e-03
-4.850000e-01	2.427168e-03
-4.825000e-01	2.510443e-03
-4.800000e-01	2.613856e-03
-4.775000e-01	2.715083e-03
-4.750000e-01	2.744123e-03
-4.725000e-01	2.674657e-03
-4.700000e-01	2.567620e-03
-4.675000e-01	2.492499e-03
-4.650000e-01	2.458759e-03
-4.625000e-01	2.435885e-03
-4.600000e-01	2.416926e-03
-4.575000e-01	2.429530e-03
-4.550000e-01	2.477837e-03
-4.525000e-01	2.506206e-03
-4.500000e-01	2.446065e-03
-4.475000e-01	2.303651e-03
-4.450000e-01	2.155831e-03
-4.425000e-01	2.070076e-03
-4.400000e-01	2.065996e-03
-4.375000e-01	2.115593e-03
-4.350000e-01	2.154376e-03
-4.325000e-01	2.127499e-03
-4.300000e-01	2.044652e-03
-4.275000e-01	1.953232e-03
-4.250000e-01	1.874097e-03
-4.225000e-01	1.800772e-03
-4.200000e-01	1.739770e-03
-4.175000e-01	1.714497e-03
-4.150000e-01	1.734273e-03
-4.125000e-01	1.779129e-03
-4.100000e-01	1.819198e-03
-4.075000e-01	1.851149e-03
-4.050000e-01	1.893016e-03
-4.025000e-01	1.937108e-03
-4.000000e-01	1.938900e-03
-3.975000e-01	1.872688e-03
-3.950000e-01	1.774515e-03
-3.925000e-01	1.702306e-03
-3.900000e-01	1.684999e-03
-3.875000e-01	1.711823e-03
-3.850000e-01	1.745430e-03
-3.825000e-01	1.757534e-03
-3.800000e-01	1.757199e-03
-3.775000e-01	1.762842e-03
-3.750000e-01	1.765443e-03
-3.725000e-01	1.747344e-03
-3.700000e-01	1.719513e-03
-3.675000e-01	1.705221e-03
-3.650000e-01	1.701493e-03
-3.625000e-01	1.686574e-03
-3.600000e-01	1.660807e-03
-3.575000e-01	1.649372e-03
-3.550000e-01	1.661513e-03
-3.525000e-01	1.670830e-03
-3.500000e-01	1.645798e-03
-3.475000e-01	1.595427e-03
-3.450000e-01	1.560276e-03
-3.425000e-01	1.567610e-03
-3.400000e-01	1.609622e-03
-3.375000e-01	1.649725e-03
-3.350000e-01	1.657223e-03
-3.325000e-01	1.641927e-03
-3.300000e-01	1.633079e-03
-3.275000e-01	1.640101e-03
-3.250000e-01	1.659236e-03
-3.225000e-01	1.702519e-03
-3.200000e-01	1.791684e-03
-3.175000e-01	1.923849e-03
-3.150000e-01	2.049216e-03
-3.125000e-01	2.093799e-03
-3.100000e-01	2.035804e-03
-3.075000e-01	1.935265e-03
-3.050000e-01	1.865336e-03
-3.025000e-01	1.854448e-03
-3.000000e-01	1.882969e-03
-2.975000e-01	1.910790e-03
-2.950000e-01	1.919687e-03
-2.925000e-01	1.916802e-03
-2.900000e-01	1.895645e-03
-2.875000e-01	1.839644e-03
-2.850000e-01	1.761445e-03
-2.825000e-01	1.690539e-03
-2.800000e-01	1.632623e-03
-2.775000e-01	1.574735e-03
-2.750000e-01	1.521504e-03
-2.725000e-01	1.500025e-03
-2.700000e-01	1.535357e-03
-2.675000e-01	1.636865e-03
-2.650000e-01	1.793040e-03
-2.625000e-01	1.964482e-03
-2.600000e-01	2.092637e-03
-2.575000e-01	2.133350e-03
-2.550000e-01	2.082071e-03
-2.525000e-01	1.980966e-03
-2.500000e-01	1.896610e-03
-2.475000e-01	1.874248e-03
-2.450000e-01	1.915757e-03
-2.425000e-01	1.982979e-03
-2.400000e-01	2.026075e-03
-2.375000e-01	2.029786e-03
-2.350000e-01	2.008752e-03
-2.325000e-01	1.959697e-03
-2.300000e-01	1.870411e-03
-2.275000e-01	1.762612e-03
-2.250000e-01	1.676083e-03
-2.225000e-01	1.627832e-03
-2.200000e-01	1.611399e-03
-2.175000e-01	1.623871e-03
-2.150000e-01	1.673344e-03
-2.125000e-01	1.754873e-03
-2.100000e-01	1.835553e-03
-2.075000e-01	1.882498e-03
-2.050000e-01	1.904022e-03
-2.025000e-01	1.929202e-03
-2.000000e-01	1.954385e-03
-1.975000e-01	1.946484e-03
-1.950000e-01	1.900923e-03
-1.925000e-01	1.857904e-03
-1.900000e-01	1.851745e-03
-1.875000e-01	1.877379e-03
-1.850000e-01	1.908468e-03
-1.825000e-01	1.931190e-03
-1.800000e-01	1.936479e-03
-1.775000e-01	1.899436e-03
-1.750000e-01	1.812815e-03
-1.725000e-01	1.714115e-03
-1.700000e-01	1.646929e-03
-1.675000e-01	1.624396e-03
-1.650000e-01	1.635502e-03
-1.625000e-01	1.667876e-03
-1.600000e-01	1.709527e-03
-1.575000e-01	1.739081e-03
-1.550000e-01	1.747293e-03
-1.525000e-01	1.754859e-03
-1.500000e-01	1.779913e-03
-1.475000e-01	1.810738e-03
-1.450000e-01	1.829663e-03
-1.425000e-01	1.839942e-03
-1.400000e-01	1.843245e-03
-1.375000e-01	1.824276e-03
-1.350000e-01	1.781754e-03
-1.325000e-01	1.733967e-03
-1.300000e-01	1.685451e-03
-1.275000e-01	1.630164e-03
-1.250000e-01	1.580881e-03
-1.225000e-01	1.559512e-03
-1.200000e-01	1.569290e-03
-1.175000e-01	1.595877e-03
-1.150000e-01	1.622974e-03
-1.125000e-01	1.633929e-03
-1.100000e-01	1.622261e-03
-1.075000e-01	1.608547e-03
-1.050000e-01	1.617096e-03
-1.025000e-01	1.643324e-03
-1.000000e-01	1.661267e-03
-9.750000e-02	1.653968e-03
-9.500000e-02	1.619674e-03
-9.250000e-02	1.566954e-03
-9.000000e-02	1.514221e-03
-8.750000e-02	1.474000e-03
-8.500000e-02	1.449114e-03
-8.250000e-02	1.441019e-03
-8.000000e-02	1.443356e-03
-7.750000e-02	1.444329e-03
-7.500000e-02	1.442028e-03
-7.250000e-02	1.437069e-03
-7.000000e-02	1.424793e-03
-6.750000e-02	1.410233e-03
-6.500000e-02	1.404254e-03
-6.250000e-02	1.402977e-03
-6.000000e-02	1.389149e-03
-5.750000e-02	1.351587e-03
-5.500000e-02	1.301391e-03
-5.250000e-02	1.259644e-03
-5.000000e-02	1.233286e-03
-4.750000e-02	1.216385e-03
-4.500000e-02	1.203598e-03
-4.250000e-02	1.193700e-03
-4.000000e-02	1.184112e-03
-3.750000e-02	1.169155e-03
-3.500000e-02	1.144791e-03
-3.250000e-02	1.108199e-03
-3.000000e-02	1.060952e-03
-2.750000e-02	1.012868e-03
-2.500000e-02	9.747398e-04
-2.250000e-02	9.476579e-04
-2.000000e-02	9.222351e-04
-1.750000e-02	8.877043e-04
-1.500000e-02	8.405281e-04
-1.250000e-02	7.848977e-04
-1.000000e-02	7.274481e-04
-7.500000e-03	6.702661e-04
-5.000000e-03	6.103859e-04
-2.500000e-03	5.464260e-04
-6.394885e-14	4.823228e-04
2.500000e-03	4.236857e-04
5.000000e-03	3.739205e-04
7.500000e-03	3.336019e-04
1.000000e-02	3.015554e-04
1.250000e-02	2.760809e-04
1.500000e-02	2.556203e-04
1.750000e-02	2.389492e-04
2.000000e-02	2.251591e-04
2.250000e-02	2.135872e-04
2.500000e-02	2.037489e-04
2.750000e-02	1.952862e-04
3.000000e-02	1.879310e-04
3.250000e-02	1.814797e-04
3.500000e-02	1.757752e-04
3.750000e-02	1.706945e-04
4.000000e-02	1.661403e-04
4.250000e-02	1.620347e-04
4.500000e-02	1.583144e-04
4.750000e-02	1.549275e-04
5.000000e-02	1.518313e-04
5.250000e-02	1.489899e-04
5.500000e-02	1.463734e-04
5.750000e-02	1.439564e-04
6.000000e-02	1.417170e-04
6.250000e-02	1.396369e-04
6.500000e-02	1.376998e-04
6.750000e-02	1.358919e-04
7.000000e-02	1.342010e-04
7.250000e-02	1.326165e-04
7.500000e-02	1.311289e-04
7.750000e-02	1.297301e-04
8.000000e-02	1.284127e-04
8.250000e-02	1.271702e-04
8.500000e-02	1.259966e-04
8.750000e-02	1.248868e-04
9.000000e-02	1.238361e-04
9.250000e-02	1.228401e-04
9.500000e-02	1.218952e-04
9.750000e-02	1.209978e-04
1.000000e-01	1.201446e-04
1.025000e-01	1.193330e-04
1.050000e-01	1.185601e-04
1.075000e-01	1.178237e-04
1.100000e-01	1.171215e-04
1.125000e-01	1.164515e-04
1.150000e-01	1.158118e-04
1.175000e-01	1.152007e-04
1.200000e-01	1.146166e-04
1.225000e-01	1.140581e-04
1.250000e-01	1.135237e-04
1.275000e-01	1.130123e-04
1.300000e-01	1.125226e-04
1.325000e-01	1.120535e-04
1.350000e-01	1.116042e-04
1.375000e-01	1.111735e-04
1.400000e-01	1.107606e-04
1.425000e-01	1.103647e-04
1.450000e-01	1.099850e-04
1.475000e-01	1.096207e-04
1.500000e-01	1.092713e-04
1.525000e-01	1.089360e-04
1.550000e-01	1.086143e-04
1.575000e-01	1.083055e-04
1.600000e-01	1.080092e-04
1.625000e-01	1.077248e-04
1.650000e-01	1.074519e-04
1.675000e-01	1.071901e-04
1.700000e-01	1.069388e-04
1.725000e-01	1.066977e-04
1.750000e-01	1.064664e-04
1.775000e-01	1.062446e-04
1.800000e-01	1.060319e-04
1.825000e-01	1.058280e-04
1.850000e-01	1.056325e-04
1.875000e-01	1.054453e-04
1.900000e-01	1.052659e-04
1.925000e-01	1.050942e-04
1.950000e-01	1.049299e-04
1.975000e-01	1.047728e-04
2.000000e-01	1.046225e-04
2.025000e-01	1.044790e-04
2.050000e-01	1.043420e-04
2.075000e-01	1.042113e-04
2.100000e-01	1.040867e-04
2.125000e-01	1.039680e-04
2.150000e-01	1.038551e-04
2.175000e-01	1.037478e-04
2.200000e-01	1.036459e-04
2.225000e-01	1.035493e-04
2.250000e-01	1.034578e-04
2.275000e-01	1.033714e-04
2.300000e-01	1.032898e-04
2.325000e-01	1.032129e-04
2.350000e-01	1.031406e-04
2.375000e-01	1.030729e-04
2.400000e-01	1.030095e-04
2.425000e-01	1.029504e-04
2.450000e-01	1.028955e-04
2.475000e-01	1.028446e-04
2.500000e-01	1.027977e-04
2.525000e-01	1.027547e-04
2.550000e-01	1.027155e-04
2.575000e-01	1.026799e-04
2.600000e-01	1.026480e-04
2.625000e-01	1.026197e-04
2.650000e-01	1.025948e-04
2.675000e-01	1.025733e-04
2.700000e-01	1.025551e-04
2.725000e-01	1.025402e-04
2.750000e-01	1.025284e-04
2.775000e-01	1.025198e-04
2.800000e-01	1.025142e-04
2.825000e-01	1.025116e-04
2.850000e-01	1.025120e-04
2.875000e-01	1.025153e-04
2.900000e-01	1.025214e-04
2.925000e-01	1.025302e-04
2.950000e-01	1.025419e-04
2.975000e-01	1.025561e-04
3.000000e-01	1.025731e-04
3.025000e-01	1.025926e-04
3.050000e-01	1.026147e-04
3.075000e-01	1.026392e-04
3.100000e-01	1.026663e-04
3.125000e-01	1.026957e-04
3.150000e-01	1.027276e-04
3.175000e-01	1.027618e-04
3.200000e-01	1.027983e-04
3.225000e-01	1.028371e-04
3.250000e-01	1.028782e-04
3.275000e-01	1.029214e-04
3.300000e-01	1.029669e-04
3.325000e-01	1.030145e-04
3.350000e-01	1.030642e-04
3.375000e-01	1.031160e-04
3.400000e-01	1.031699e-04
3.425000e-01	1.032258e-04
3.450000e-01	1.032838e-04
3.475000e-01	1.033437e-04
3.500000e-01	1.034056e-04
3.525000e-01	1.034695e-04
3.550000e-01	1.035353e-04
3.575000e-01	1.036029e-04
3.600000e-01	1.036725e-04
3.625000e-01	1.037439e-04
3.650000e-01	1.038172e-04
3.675000e-01	1.038922e-04
3.700000e-01	1.039691e-04
3.725000e-01	1.040478e-04
3.750000e-01	1.041282e-04
3.775000e-01	1.042104e-04
3.800000e-01	1.042943e-04
3.825000e-01	1.043799e-04
3.850000e-01	1.044672e-04
3.875000e-01	1.045562e-04
3.900000e-01	1.046469e-04
3.925000e-01	1.047392e-04
3.950000e-01	1.048332e-04
3.975000e-01	1.049288e-04
4.000000e-01	1.050260e-04
4.025000e-01	1.051249e-04
4.050000e-01	1.052253e-04
4.075000e-01	1.053273e-04
4.100000e-01	1.054309e-04
4.125000e-01	1.055361e-04
4.150000e-01	1.056428e-04
4.175000e-01	1.057510e-04
4.200000e-01	1.058608e-04
4.225000e-01	1.059722e-04
4.250000e-01	1.060850e-04
4.275000e-01	1.061993e-04
4.300000e-01	1.063152e-04
4.325000e-01	1.064325e-04
4.350000e-01	1.065513e-04
4.375000e-01	1.066716e-04
4.400000e-01	1.067934e-04
4.425000e-01	1.069166e-04
4.450000e-01	1.070413e-04
4.475000e-01	1.071674e-04
4.500000e-01	1.072950e-04
4.525000e-01	1.074241e-04
4.550000e-01	1.075545e-04
4.575000e-01	1.076864e-04
4.600000e-01	1.078198e-04
4.625000e-01	1.079545e-04
4.650000e-01	1.080907e-04
4.675000e-01	1.082283e-04
4.700000e-01	1.083672e-04
4.725000e-01	1.085076e-04
4.750000e-01	1.086494e-04
4.775000e-01	1.087926e-04
4.800000e-01	1.089372e-04
4.825000e-01	1.090832e-04
4.850000e-01	1.092306e-04
4.875000e-01	1.093794e-04
4.900000e-01	1.095296e-04
4.925000e-01	1.096811e-04
4.950000e-01	1.098341e-04
4.975000e-01	1.099884e-04
5.000000e-01	1.101441e-04
5.025000e-01	1.103012e-04
5.050000e-01	1.104596e-04
5.075000e-01	1.106195e-04
5.100000e-01	1.107807e-04
5.125000e-01	1.109433e-04
5.150000e-01	1.111072e-04
5.175000e-01	1.112726e-04
5.200000e-01	1.114393e-04
5.225000e-01	1.116074e-04
5.250000e-01	1.117769e-04
5.275000e-01	1.119478e-04
5.300000e-01	1.121200e-04
5.325000e-01	1.122937e-04
5.350000e-01	1.124687e-04
5.375000e-01	1.126451e-04
5.400000e-01	1.128228e-04
5.425000e-01	1.130020e-04
5.450000e-01	1.131826e-04
5.475000e-01	1.133645e-04
5.500000e-01	1.135478e-04
5.525000e-01	1.137326e-04
5.550000e-01	1.139187e-04
5.575000e-01	1.141062e-04
5.600000e-01	1.142951e-04
5.625000e-01	1.144855e-04
5.650000e-01	1.146772e-04
5.675000e-01	1.148703e-04
5.700000e-01	1.150649e-04
5.725000e-01	1.152609e-04
5.750000e-01	1.154582e-04
5.775000e-01	1.156571e-04
5.800000e-01	1.158573e-04
5.825000e-01	1.160590e-04
5.850000e-01	1.162621e-04
5.875000e-01	1.164666e-04
5.900000e-01	1.166726e-04
5.925000e-01	1.168800e-04
5.950000e-01	1.170889e-04
5.975000e-01	1.172993e-04
6.000000e-01	1.175111e-04
6.025000e-01	1.177243e-04
6.050000e-01	1.179391e-04
6.075000e-01	1.181553e-04
6.100000e-01	1.183730e-04
6.125000e-01	1.185922e-04
6.150000e-01	1.188128e-04
6.175000e-01	1.190350e-04
6.200000e-01	1.192587e-04
6.225000e-01	1.194839e-04
6.250000e-01	1.197106e-04
6.275000e-01	1.199388e-04
6.300000e-01	1.201685e-04
6.325000e-01	1.203998e-04
6.350000e-01	1.206327e-04
6.375000e-01	1.208670e-04
6.400000e-01	1.211030e-04
6.425000e-01	1.213404e-04
6.450000e-01	1.215795e-04
6.475000e-01	1.218201e-04
6.500000e-01	1.220624e-04
6.525000e-01	1.223062e-04
6.550000e-01	1.225516e-04
6.575000e-01	1.227986e-04
6.600000e-01	1.230472e-04
6.625000e-01	1.232975e-04
6.650000e-01	1.235493e-04
6.675000e-01	1.238029e-04
6.700000e-01	1.240580e-04
6.725000e-01	1.243148e-04
6.750000e-01	1.245733e-04
6.775000e-01	1.248335e-04
6.800000e-01	1.250953e-04
6.825000e-01	1.253589e-04
6.850000e-01	1.256241e-04
6.875000e-01	1.258911e-04
6.900000e-01	1.261597e-04
6.925000e-01	1.264301e-04
6.950000e-01	1.267023e-04
6.975000e-01	1.269761e-04
7.000000e-01	1.272518e-04
7.025000e-01	1.275292e-04
7.050000e-01	1.278084e-04
7.075000e-01	1.280894e-04
7.100000e-01	1.283722e-04
7.125000e-01	1.286568e-04
7.150000e-01	1.289432e-04
7.175000e-01	1.292315e-04
7.200000e-01	1.295216e-04
7.225000e-01	1.298135e-04
7.250000e-01	1.301074e-04
7.275000e-01	1.304031e-04
7.300000e-01	1.307007e-04
7.325000e-01	1.310002e-04
7.350000e-01	1.313017e-04
7.375000e-01	1.316050e-04
7.400000e-01	1.319104e-04
7.425000e-01	1.322176e-04
7.450000e-01	1.325269e-04
7.475000e-01	1.328381e-04
7.500000e-01	1.331513e-04
7.525000e-01	1.334665e-04
7.550000e-01	1.337838e-04
7.575000e-01	1.341031e-04
7.600000e-01	1.344244e-04
7.625000e-01	1.347478e-04
7.650000e-01	1.350733e-04
7.675000e-01	1.354009e-04
7.700000e-01	1.357306e-04
7.725000e-01	1.360624e-04
7.750000e-01	1.363963e-04
7.775000e-01	1.367324e-04
7.800000e-01	1.370707e-04
7.825000e-01	1.374112e-04
7.850000e-01	1.377538e-04
7.875000e-01	1.380987e-04
7.900000e-01	1.384458e-04
7.925000e-01	1.387952e-04
7.950000e-01	1.391468e-04
7.975000e-01	1.395008e-04
8.000000e-01	1.398570e-04
8.025000e-01	1.402155e-04
8.050000e-01	1.405764e-04
8.075000e-01	1.409397e-04
8.100000e-01	1.413053e-04
8.125000e-01	1.416733e-04
8.150000e-01	1.420437e-04
8.175000e-01	1.424165e-04
8.200000e-01	1.427918e-04
8.225000e-01	1.431696e-04
8.250000e-01	1.435498e-04
8.275000e-01	1.439326e-04
8.300000e-01	1.443179e-04
8.325000e-01	1.447057e-04
8.350000e-01	1.450961e-04
8.375000e-01	1.454891e-04
8.400000e-01	1.458847e-04
8.425000e-01	1.462829e-04
8.450000e-01	1.466838e-04
8.475000e-01	1.470873e-04
8.500000e-01	1.474936e-04
8.525000e-01	1.479025e-04
8.550000e-01	1.483142e-04
8.575000e-01	1.487287e-04
8.600000e-01	1.491460e-04
8.625000e-01	1.495660e-04
8.650000e-01	1.499889e-04
8.675000e-01	1.504147e-04
8.700000e-01	1.508433e-04
8.725000e-01	1.512749e-04
8.750000e-01	1.517093e-04
8.775000e-01	1.521468e-04
8.800000e-01	1.525872e-04
8.825000e-01	1.530306e-04
8.850000e-01	1.534771e-04
8.875000e-01	1.539266e-04
8.900000e-01	1.543792e-04
8.925000e-01	1.548349e-04
8.950000e-01	1.552938e-04
8.975000e-01	1.557558e-04
9.000000e-01	1.562211e-04
9.025000e-01	1.566896e-04
9.050000e-01	1.571613e-04
9.075000e-01	1.576363e-04
9.100000e-01	1.581146e-04
9.125000e-01	1.585963e-04
9.150000e-01	1.590814e-04
9.175000e-01	1.595698e-04
9.200000e-01	1.600617e-04
9.225000e-01	1.605571e-04
9.250000e-01	1.610560e-04
9.275000e-01	1.615584e-04
9.300000e-01	1.620643e-04
9.325000e-01	1.625739e-04
9.350000e-01	1.630871e-04
9.375000e-01	1.636040e-04
9.400000e-01	1.641246e-04
9.425000e-01	1.646490e-04
9.450000e-01	1.651771e-04
9.475000e-01	1.657090e-04
9.500000e-01	1.662447e-04
9.525000e-01	1.667844e-04
9.550000e-01	1.673280e-04
9.575000e-01	1.678755e-04
9.600000e-01	1.684270e-04
9.625000e-01	1.689826e-04
9.650000e-01	1.695423e-04
9.675000e-01	1.701060e-04
9.700000e-01	1.706740e-04
9.725000e-01	1.712461e-04
9.750000e-01	1.718224e-04
9.775000e-01	1.724031e-04
9.800000e-01	1.729881e-04
9.825000e-01	1.735774e-04
9.850000e-01	1.741712e-04
9.875000e-01	1.747694e-04
9.900000e-01	1.753721e-04
9.925000e-01	1.759794e-04
9.950000e-01	1.765912e-04
9.975000e-01	1.772077e-04
1.000000e+00	1.778289e-04
1.002500e+00	1.784549e-04
1.005000e+00	1.790856e-04
1.007500e+00	1.797211e-04
1.010000e+00	1.803616e-04
1.012500e+00	1.810070e-04
1.015000e+00	1.816573e-04
1.017500e+00	1.823127e-04
1.020000e+00	1.829733e-04
1.022500e+00	1.836389e-04
1.025000e+00	1.843098e-04
1.027500e+00	1.849859e-04
1.030000e+00	1.856673e-04
1.032500e+00	1.863541e-04
1.035000e+00	1.870464e-04
1.037500e+00	1.877441e-04
1.040000e+00	1.884474e-04
1.042500e+00	1.891563e-04
1.045000e+00	1.898708e-04
1.047500e+00	1.905911e-04
1.050000e+00	1.913172e-04
1.052500e+00	1.920492e-04
1.055000e+00	1.927870e-04
1.057500e+00	1.935309e-04
1.060000e+00	1.942808e-04
1.062500e+00	1.950368e-04
1.065000e+00	1.957991e-04
1.067500e+00	1.965675e-04
1.070000e+00	1.973424e-04
1.072500e+00	1.981236e-04
1.075000e+00	1.989113e-04
1.077500e+00	1.997056e-04
1.080000e+00	2.005064e-04
1.082500e+00	2.013140e-04
1.085000e+00	2.021284e-04
1.087500e+00	2.029496e-04
1.090000e+00	2.037778e-04
1.092500e+00	2.046129e-04
1.095000e+00	2.054552e-04
1.097500e+00	2.063047e-04
1.100000e+00	2.071614e-04
1.102500e+00	2.080255e-04
1.105000e+00	2.088970e-04
1.107500e+00	2.097760e-04
1.110000e+00	2.106627e-04
1.112500e+00	2.115571e-04
1.115000e+00	2.124593e-04
1.117500e+00	2.133693e-04
1.120000e+00	2.142874e-04
1.122500e+00	2.152135e-04
1.125000e+00	2.161479e-04
1.127500e+00	2.170905e-04
1.130000e+00	2.180415e-04
1.132500e+00	2.190010e-04
1.135000e+00	2.199691e-04
1.137500e+00	2.209459e-04
1.140000e+00	2.219315e-04
1.142500e+00	2.229261e-04
1.145000e+00	2.239296e-04
1.147500e+00	2.249424e-04
1.150000e+00	2.259643e-04
1.152500e+00	2.269957e-04
1.155000e+00	2.280365e-04
1.157500e+00	2.290870e-04
1.160000e+00	2.301472e-04
1.162500e+00	2.312173e-04
1.165000e+00	2.322974e-04
1.167500e+00	2.333876e-04
1.170000e+00	2.344880e-04
1.172500e+00	2.355989e-04
1.175000e+00	2.367202e-04
1.177500e+00	2.378523e-04
1.180000e+00	2.389951e-04
1.182500e+00	2.401489e-04
1.185000e+00	2.413137e-04
1.187500e+00	2.424898e-04
1.190000e+00	2.436773e-04
1.192500e+00	2.448764e-04
1.195000e+00	2.460871e-04
1.197500e+00	2.473097e-04
1.200000e+00	2.485443e-04
1.202500e+00	2.497910e-04
1.205000e+00	2.510502e-04
1.207500e+00	2.523218e-04
1.210000e+00	2.536061e-04
1.212500e+00	2.549033e-04
1.215000e+00	2.562136e-04
1.217500e+00	2.575370e-04
1.220000e+00	2.588739e-04
1.222500e+00	2.602244e-04
1.225000e+00	2.615886e-04
1.227500e+00	2.629669e-04
1.230000e+00	2.643593e-04
1.232500e+00	2.657661e-04
1.235000e+00	2.671875e-04
1.237500e+00	2.686237e-04
1.240000e+00	2.700749e-04
1.242500e+00	2.715413e-04
1.245000e+00	2.730232e-04
1.247500e+00	2.745208e-04
1.250000e+00	2.760342e-04
1.252500e+00	2.775638e-04
1.255000e+00	2.791098e-04
1.257500e+00	2.806725e-04
1.260000e+00	2.822519e-04
1.262500e+00	2.838486e-04
1.265000e+00	2.854626e-04
1.267500e+00	2.870942e-04
1.270000e+00	2.887437e-04
1.272500e+00	2.904115e-04
1.275000e+00	2.920977e-04
1.277500e+00	2.938026e-04
1.280000e+00	2.955265e-04
1.282500e+00	2.972698e-04
1.285000e+00	2.990327e-04
1.287500e+00	3.008156e-04
1.290000e+00	3.026187e-04
1.292500e+00	3.044423e-04
1.295000e+00	3.062868e-04
1.297500e+00	3.081526e-04
1.300000e+00	3.100399e-04
1.302500e+00	3.119491e-04
1.305000e+00	3.138805e-04
1.307500e+00	3.158345e-04
1.310000e+00	3.178116e-04
1.312500e+00	3.198119e-04
1.315000e+00	3.218360e-04
1.317500e+00	3.238843e-04
1.320000e+00	3.259570e-04
1.322500e+00	3.280547e-04
1.325000e+00	3.301777e-04
1.327500e+00	3.323264e-04
1.330000e+00	3.345013e-04
1.332500e+00	3.367029e-04
1.335000e+00	3.389316e-04
1.337500e+00	3.411878e-04
1.340000e+00	3.434720e-04
1.342500e+00	3.457847e-04
1.345000e+00	3.481264e-04
1.347500e+00	3.504976e-04
1.350000e+00	3.528988e-04
1.352500e+00	3.553305e-04
1.355000e+00	3.577932e-04
1.357500e+00	3.602876e-04
1.360000e+00	3.628141e-04
1.362500e+00	3.653734e-04
1.365000e+00	3.679660e-04
1.367500e+00	3.705925e-04
1.370000e+00	3.732536e-04
1.372500e+00	3.759498e-04
1.375000e+00	3.786818e-04
1.377500e+00	3.814503e-04
1.380000e+00	3.842559e-04
1.382500e+00	3.870993e-04
1.385000e+00	3.899813e-04
1.387500e+00	3.929025e-04
1.390000e+00	3.958636e-04
1.392500e+00	3.988655e-04
1.395000e+00	4.019089e-04
1.397500e+00	4.049946e-04
1.400000e+00	4.081234e-04
1.402500e+00	4.112961e-04
1.405000e+00	4.145136e-04
1.407500e+00	4.177768e-04
1.410000e+00	4.210865e-04
1.412500e+00	4.244436e-04
1.415000e+00	4.278492e-04
1.417500e+00	4.313041e-04
1.420000e+00	4.348093e-04
1.422500e+00	4.383659e-04
1.425000e+00	4.419749e-04
1.427500e+00	4.456373e-04
1.430000e+00	4.493543e-04
1.432500e+00	4.531269e-04
1.435000e+00	4.569563e-04
1.437500e+00	4.608436e-04
1.440000e+00	4.647902e-04
1.442500e+00	4.687971e-04
1.445000e+00	4.728658e-04
1.447500e+00	4.769975e-04
1.450000e+00	4.811934e-04
1.452500e+00	4.854551e-04
1.455000e+00	4.897840e-04
1.457500e+00	4.941814e-04
1.460000e+00	4.986488e-04
1.462500e+00	5.031879e-04
1.465000e+00	5.078001e-04
1.467500e+00	5.124872e-04
1.470000e+00	5.172507e-04
1.472500e+00	5.220924e-04
1.475000e+00	5.270140e-04
1.477500e+00	5.320174e-04
1.480000e+00	5.371043e-04
1.482500e+00	5.422768e-04
1.485000e+00	5.475368e-04
1.487500e+00	5.528864e-04
1.490000e+00	5.583275e-04
1.492500e+00	5.638624e-04
1.495000e+00	5.694933e-04
1.497500e+00	5.752225e-04
1.500000e+00	5.810523e-04
1.502500e+00	5.869851e-04
1.505000e+00	5.930235e-04
1.507500e+00	5.991699e-04
1.510000e+00	6.054271e-04
1.512500e+00	6.117978e-04
1.515000e+00	6.182849e-04
1.517500e+00	6.248911e-04
1.520000e+00	6.316195e-04
1.522500e+00	6.384733e-04
1.525000e+00	6.454556e-04
1.527500e+00	6.525696e-04
1.530000e+00	6.598189e-04
1.532500e+00	6.672069e-04
1.535000e+00	6.747373e-04
1.537500e+00	6.824137e-04
1.540000e+00	6.902402e-04
1.542500e+00	6.982206e-04
1.545000e+00	7.063592e-04
1.547500e+00	7.146602e-04
1.550000e+00	7.231281e-04
1.552500e+00	7.317674e-04
1.555000e+00	7.405828e-04
1.557500e+00	7.495794e-04
1.560000e+00	7.587621e-04
1.562500e+00	7.681363e-04
1.565000e+00	7.777073e-04
1.567500e+00	7.874809e-04
1.570000e+00	7.974629e-04
1.572500e+00	8.076593e-04
1.575000e+00	8.180765e-04
1.577500e+00	8.287210e-04
1.580000e+00	8.395995e-04
1.582500e+00	8.507191e-04
1.585000e+00	8.620870e-04
1.587500e+00	8.737108e-04
1.590000e+00	8.855985e-04
1.592500e+00	8.977580e-04
1.595000e+00	9.101981e-04
1.597500e+00	9.229274e-04
1.600000e+00	9.359551e-04
1.602500e+00	9.492908e-04
1.605000e+00	9.629444e-04
1.607500e+00	9.769263e-04
1.610000e+00	9.912472e-04
1.612500e+00	1.005918e-03
1.615000e+00	1.020951e-03
1.617500e+00	1.036358e-03
1.620000e+00	1.052152e-03
1.622500e+00	1.068346e-03
1.625000e+00	1.084953e-03
1.627500e+00	1.101989e-03
1.630000e+00	1.119467e-03
1.632500e+00	1.137405e-03
1.635000e+00	1.155818e-03
1.637500e+00	1.174723e-03
1.640000e+00	1.194139e-03
1.642500e+00	1.214084e-03
1.645000e+00	1.234578e-03
1.647500e+00	1.255641e-03
1.650000e+00	1.277295e-03
1.652500e+00	1.299562e-03
1.655000e+00	1.322467e-03
1.657500e+00	1.346033e-03
1.660000e+00	1.370288e-03
1.662500e+00	1.395257e-03
1.665000e+00	1.420971e-03
1.667500e+00	1.447458e-03
1.670000e+00	1.474752e-03
1.672500e+00	1.502885e-03
1.675000e+00	1.531892e-03
1.677500e+00	1.561810e-03
1.680000e+00	1.592678e-03
1.682500e+00	1.624538e-03
1.685000e+00	1.657432e-03
1.687500e+00	1.691406e-03
1.690000e+00	1.726509e-03
1.692500e+00	1.762791e-03
1.695000e+00	1.800306e-03
1.697500e+00	1.839112e-03
1.700000e+00	1.879268e-03
1.702500e+00	1.920839e-03
1.705000e+00	1.963892e-03
1.707500e+00	2.008499e-03
1.710000e+00	2.054736e-03
1.712500e+00	2.102685e-03
1.715000e+00	2.152431e-03
1.717500e+00	2.204067e-03
1.720000e+00	2.257689e-03
1.722500e+00	2.313401e-03
1.725000e+00	2.371315e-03
1.727500e+00	2.431548e-03
1.730000e+00	2.494228e-03
1.732500e+00	2.559488e-03
1.735000e+00	2.627473e-03
1.737500e+00	2.698339e-03
1.740000e+00	2.772250e-03
1.742500e+00	2.849386e-03
1.745000e+00	2.929936e-03
1.747500e+00	3.014107e-03
1.750000e+00	3.102121e-03
1.752500e+00	3.194214e-03
1.755000e+00	3.290646e-03
1.757500e+00	3.391693e-03
1.760000e+00	3.497656e-03
1.762500e+00	3.608860e-03
1.765000e+00	3.725659e-03
1.767500e+00	3.848434e-03
1.770000e+00	3.977602e-03
1.772500e+00	4.113616e-03
1.775000e+00	4.256970e-03
1.777500e+00	4.408203e-03
1.780000e+00	4.567903e-03
1.782500e+00	4.736718e-03
1.785000e+00	4.915354e-03
1.787500e+00	5.104591e-03
1.790000e+00	5.305284e-03
1.792500e+00	5.518379e-03
1.795000e+00	5.744920e-03
1.797500e+00	5.986064e-03
1.800000e+00	6.243093e-03
1.802500e+00	6.517434e-03
1.805000e+00	6.810678e-03
1.807500e+00	7.124602e-03
1.810000e+00	7.461195e-03
1.812500e+00	7.822693e-03
1.815000e+00	8.211610e-03
1.817500e+00	8.630789e-03
1.820000e+00	9.083447e-03
1.822500e+00	9.573237e-03
1.825000e+00	1.010433e-02
1.827500e+00	1.068148e-02
1.830000e+00	1.131016e-02
1.832500e+00	1.199667e-02
1.835000e+00	1.274829e-02
1.837500e+00	1.357350e-02
1.840000e+00	1.448216e-02
1.842500e+00	1.548586e-02
1.845000e+00	1.659824e-02
1.847500e+00	1.783547e-02
1.850000e+00	1.921680e-02
1.852500e+00	2.076532e-02
1.855000e+00	2.250887e-02
1.857500e+00	2.448128e-02
1.860000e+00	2.672392e-02
1.862500e+00	2.928786e-02
1.865000e+00	3.223659e-02
1.867500e+00	3.564980e-02
1.870000e+00	3.962851e-02
1.872500e+00	4.430211e-02
1.875000e+00	4.983820e-02
1.877500e+00	5.645647e-02
1.880000e+00	6.444864e-02
1.882500e+00	7.420723e-02
1.885000e+00	8.626788e-02
1.887500e+00	1.013717e-01
1.890000e+00	1.205574e-01
1.892500e+00	1.452964e-01
1.895000e+00	1.776820e-01
1.897500e+00	2.206664e-01
1.900000e+00	2.782556e-01
1.902500e+00	3.552999e-01
1.905000e+00	4.557828e-01
1.907500e+00	5.772075e-01
1.910000e+00	6.993048e-01
1.912500e+00	7.772184e-01
1.915000e+00	7.677792e-01
1.917500e+00	6.768475e-01
1.920000e+00	5.520206e-01
1.922500e+00	4.339102e-01
1.925000e+00	3.382285e-01
1.927500e+00	2.654494e-01
1.930000e+00	2.111393e-01
1.932500e+00	1.705521e-01
1.935000e+00	1.398970e-01
1.937500e+00	1.164119e-01
1.940000e+00	9.814494e-02
1.942500e+00	8.372399e-02
1.945000e+00	7.217865e-02
1.947500e+00	6.281494e-02
1.950000e+00	5.512987e-02
1.952500e+00	4.875384e-02
1.955000e+00	4.341142e-02
1.957500e+00	3.889463e-02
1.960000e+00	3.504443e-02
1.962500e+00	3.173778e-02
1.965000e+00	2.887838e-02
1.967500e+00	2.639014e-02
1.970000e+00	2.421229e-02
1.972500e+00	2.229593e-02
1.975000e+00	2.060133e-02
1.977500e+00	1.909597e-02
1.980000e+00	1.775307e-02
1.982500e+00	1.655038e-02
1.985000e+00	1.546933e-02
1.987500e+00	1.449430e-02
1.990000e+00	1.361213e-02
1.992500e+00	1.281161e-02
1.995000e+00	1.208318e-02
1.997500e+00	1.141867e-02
2.000000e+00	1.081101e-02
2.002500e+00	1.025411e-02
2.005000e+00	9.742687e-03
2.007500e+00	9.272129e-03
2.010000e+00	8.838418e-03
2.012500e+00	8.438030e-03
2.015000e+00	8.067871e-03
2.017500e+00	7.725217e-03
2.020000e+00	7.407664e-03
2.022500e+00	7.113089e-03
2.025000e+00	6.839613e-03
2.027500e+00	6.585575e-03
2.030000e+00	6.349502e-03
2.032500e+00	6.130094e-03
2.035000e+00	5.926203e-03
2.037500e+00	5.736821e-03
2.040000e+00	5.561068e-03
2.042500e+00	5.398182e-03
2.045000e+00	5.247513e-03
2.047500e+00	5.108523e-03
2.050000e+00	4.980776e-03
2.052500e+00	4.863951e-03
2.055000e+00	4.757835e-03
2.057500e+00	4.662343e-03
2.060000e+00	4.577526e-03
2.062500e+00	4.503593e-03
2.065000e+00	4.440943e-03
2.067500e+00	4.390211e-03
2.070000e+00	4.352323e-03
2.072500e+00	4.328593e-03
2.075000e+00	4.320842e-03
2.077500e+00	4.331586e-03
2.080000e+00	4.364299e-03
2.082500e+00	4.423803e-03
2.085000e+00	4.516826e-03
2.087500e+00	4.652772e-03
2.090000e+00	4.844658e-03
2.092500e+00	5.109843e-03
2.095000e+00	5.469028e-03
2.097500e+00	5.939352e-03
2.100000e+00	6.513864e-03
2.102500e+00	7.128334e-03
2.105000e+00	7.665566e-03
2.107500e+00	8.069718e-03
2.110000e+00	8.450380e-03
2.112500e+00	8.983735e-03
2.115000e+00	9.742618e-03
2.117500e+00	1.060563e-02
2.120000e+00	1.128510e-02
2.122500e+00	1.157891e-02
2.125000e+00	1.160556e-02
2.127500e+00	1.159269e-02
2.130000e+00	1.156516e-02
2.132500e+00	1.142869e-02
2.135000e+00	1.125193e-02
2.137500e+00	1.125589e-02
2.140000e+00	1.157494e-02
2.142500e+00	1.212405e-02
2.145000e+00	1.264514e-02
2.147500e+00	1.297127e-02
2.150000e+00	1.326851e-02
2.152500e+00	1.386009e-02
2.155000e+00	1.487867e-02
2.157500e+00	1.606114e-02
2.160000e+00	1.674728e-02
2.162500e+00	1.635427e-02
2.165000e+00	1.502857e-02
2.167500e+00	1.345150e-02
2.170000e+00	1.216943e-02
2.172500e+00	1.139830e-02
2.175000e+00	1.116418e-02
2.177500e+00	1.141414e-02
2.180000e+00	1.201786e-02
2.182500e+00	1.273553e-02
2.185000e+00	1.333096e-02
2.187500e+00	1.383943e-02
2.190000e+00	1.457760e-02
2.192500e+00	1.582699e-02
2.195000e+00	1.755920e-02
2.197500e+00	1.925985e-02
2.200000e+00	2.001948e-02
2.202500e+00	1.928737e-02
2.205000e+00	1.752397e-02
2.207500e+00	1.564760e-02
2.210000e+00	1.425323e-02
2.212500e+00	1.350738e-02
2.215000e+00	1.330907e-02
2.217500e+00	1.338097e-02
2.220000e+00	1.340518e-02
2.222500e+00	1.329861e-02
2.225000e+00	1.326423e-02
2.227500e+00	1.347582e-02
2.230000e+00	1.383781e-02
2.232500e+00	1.407985e-02
2.235000e+00	1.411835e-02
2.237500e+00	1.420803e-02
2.240000e+00	1.463502e-02
2.242500e+00	1.540761e-02
2.245000e+00	1.621560e-02
2.247500e+00	1.671036e-02
2.250000e+00	1.688918e-02
2.252500e+00	1.695317e-02
2.255000e+00	1.688378e-02
2.257500e+00	1.656168e-02
2.260000e+00	1.618115e-02
2.262500e+00	1.617023e-02
2.265000e+00	1.681839e-02
2.267500e+00	1.807638e-02
2.270000e+00	1.943675e-02
2.272500e+00	2.000865e-02
2.275000e+00	1.920819e-02
2.277500e+00	1.741749e-02
2.280000e+00	1.550028e-02
2.282500e+00	1.402620e-02
2.285000e+00	1.313001e-02
2.287500e+00	1.265746e-02
2.290000e+00	1.230467e-02
2.292500e+00	1.184531e-02
2.295000e+00	1.133727e-02
2.297500e+00	1.101172e-02
2.300000e+00	1.105697e-02
2.302500e+00	1.157680e-02
2.305000e+00	1.262734e-02
2.307500e+00	1.419683e-02
2.310000e+00	1.608125e-02
2.312500e+00	1.773688e-02
2.315000e+00	1.848186e-02
2.317500e+00	1.819199e-02
2.320000e+00	1.751551e-02
2.322500e+00	1.722251e-02
2.325000e+00	1.774507e-02
2.327500e+00	1.916668e-02
2.330000e+00	2.118987e-02
2.332500e+00	2.297208e-02
2.335000e+00	2.335960e-02
2.337500e+00	2.191629e-02
2.340000e+00	1.941898e-02
2.342500e+00	1.692416e-02
2.345000e+00	1.495607e-02
2.347500e+00	1.352295e-02
2.350000e+00	1.242522e-02
2.352500e+00	1.154315e-02
2.355000e+00	1.091673e-02
2.357500e+00	1.061570e-02
2.360000e+00	1.063754e-02
2.362500e+00	1.088564e-02
2.365000e+00	1.120084e-02
2.367500e+00	1.150993e-02
2.370000e+00	1.195229e-02
2.372500e+00	1.277074e-02
2.375000e+00	1.413518e-02
2.377500e+00	1.602940e-02
2.380000e+00	1.809677e-02
2.382500e+00	1.956021e-02
2.385000e+00	1.970423e-02
2.387500e+00	1.868442e-02
2.390000e+00	1.736582e-02
2.392500e+00	1.646237e-02
2.395000e+00	1.618138e-02
2.397500e+00	1.629948e-02
2.400000e+00	1.637608e-02
2.402500e+00	1.618105e-02
2.405000e+00	1.597024e-02
2.407500e+00	1.618858e-02
2.410000e+00	1.708419e-02
2.412500e+00	1.854358e-02
2.415000e+00	1.997774e-02
2.417500e+00	2.047112e-02
2.420000e+00	1.956681e-02
2.422500e+00	1.779809e-02
2.425000e+00	1.603984e-02
2.427500e+00	1.478030e-02
2.430000e+00	1.405266e-02
2.432500e+00	1.364952e-02
2.435000e+00	1.339932e-02
2.437500e+00	1.332808e-02
2.440000e+00	1.349521e-02
2.442500e+00	1.376638e-02
2.445000e+00	1.389956e-02
2.447500e+00	1.388627e-02
2.450000e+00	1.401455e-02
2.452500e+00	1.453354e-02
2.455000e+00	1.537227e-02
2.457500e+00	1.608289e-02
2.460000e+00	1.613753e-02
2.462500e+00	1.547551e-02
2.465000e+00	1.448331e-02
2.467500e+00	1.345123e-02
2.470000e+00	1.244862e-02
2.472500e+00	1.156996e-02
2.475000e+00	1.097822e-02
2.477500e+00	1.079268e-02
2.480000e+00	1.107280e-02
2.482500e+00	1.186662e-02
2.485000e+00	1.324610e-02
2.487500e+00	1.530318e-02
2.490000e+00	1.806413e-02
2.492500e+00	2.126169e-02
2.495000e+00	2.404287e-02
2.497500e+00	2.517541e-02
2.500000e+00	2.419211e-02
2.502500e+00	2.200498e-02
2.505000e+00	1.989550e-02
2.507500e+00	1.858616e-02
2.510000e+00	1.820740e-02
2.512500e+00	1.845335e-02
2.515000e+00	1.863890e-02
2.517500e+00	1.804251e-02
2.520000e+00	1.657752e-02
2.522500e+00	1.481764e-02
2.525000e+00	1.332791e-02
2.527500e+00	1.231779e-02
2.530000e+00	1.170932e-02
2.532500e+00	1.130053e-02
2.535000e+00	1.097237e-02
2.537500e+00	1.080331e-02
2.540000e+00	1.094689e-02
2.542500e+00	1.146314e-02
2.545000e+00	1.222313e-02
2.547500e+00	1.287191e-02
2.550000e+00	1.302067e-02
2.552500e+00	1.264605e-02
2.555000e+00	1.208494e-02
2.557500e+00	1.160780e-02
2.560000e+00	1.125636e-02
2.562500e+00	1.103499e-02
2.565000e+00	1.105683e-02
2.567500e+00	1.148045e-02
2.570000e+00	1.244125e-02
2.572500e+00	1.406069e-02
2.575000e+00	1.644610e-02
2.577500e+00	1.959126e-02
2.580000e+00	2.310718e-02
2.582500e+00	2.591889e-02
2.585000e+00	2.664163e-02
2.587500e+00	2.493647e-02
2.590000e+00	2.194803e-02
2.592500e+00	1.903681e-02
2.595000e+00	1.689836e-02
2.597500e+00	1.567369e-02
2.600000e+00	1.522543e-02
2.602500e+00	1.522627e-02
2.605000e+00	1.522492e-02
2.607500e+00	1.494951e-02
2.610000e+00	1.457082e-02
2.612500e+00	1.444396e-02
2.615000e+00	1.469487e-02
2.617500e+00	1.507212e-02
2.620000e+00	1.511468e-02
2.622500e+00	1.463511e-02
2.625000e+00	1.394967e-02
2.627500e+00	1.347343e-02
2.630000e+00	1.331663e-02
2.632500e+00	1.323687e-02
2.635000e+00	1.288907e-02
2.637500e+00	1.222823e-02
2.640000e+00	1.155585e-02
2.642500e+00	1.119021e-02
2.645000e+00	1.128995e-02
2.647500e+00	1.187123e-02
2.650000e+00	1.279905e-02
2.652500e+00	1.372605e-02
2.655000e+00	1.421122e-02
2.657500e+00	1.414923e-02
2.660000e+00	1.393309e-02
2.662500e+00	1.405274e-02
2.665000e+00	1.476286e-02
2.667500e+00	1.600794e-02
2.670000e+00	1.736005e-02
2.672500e+00	1.810523e-02
2.675000e+00	1.783216e-02
2.677500e+00	1.692845e-02
2.680000e+00	1.612281e-02
2.682500e+00	1.582493e-02
2.685000e+00	1.594768e-02
2.687500e+00	1.600128e-02
2.690000e+00	1.547461e-02
2.692500e+00	1.437286e-02
2.695000e+00	1.316497e-02
2.697500e+00	1.228000e-02
2.700000e+00	1.191636e-02
2.702500e+00	1.214315e-02
2.705000e+00	1.301002e-02
2.707500e+00	1.458454e-02
2.710000e+00	1.690826e-02
2.712500e+00	1.982866e-02
2.715000e+00	2.270070e-02
2.717500e+00	2.432634e-02
2.720000e+00	2.381867e-02
2.722500e+00	2.163789e-02
2.725000e+00	1.903488e-02
2.727500e+00	1.686264e-02
2.730000e+00	1.528229e-02
2.732500e+00	1.405274e-02
2.735000e+00	1.293958e-02
2.737500e+00	1.197302e-02
2.740000e+00	1.133544e-02
2.742500e+00	1.116066e-02
2.745000e+00	1.148507e-02
2.747500e+00	1.223235e-02
2.750000e+00	1.312849e-02
2.752500e+00	1.367028e-02
2.755000e+00	1.344780e-02
2.757500e+00	1.259241e-02
2.760000e+00	1.159994e-02
2.762500e+00	1.082614e-02
2.765000e+00	1.034324e-02
2.767500e+00	1.009215e-02
2.770000e+00	1.007014e-02
2.772500e+00	1.037448e-02
2.775000e+00	1.112411e-02
2.777500e+00	1.239743e-02
2.780000e+00	1.416400e-02
2.782500e+00	1.612490e-02
2.785000e+00	1.757053e-02
2.787500e+00	1.771924e-02
2.790000e+00	1.652917e-02
2.792500e+00	1.475289e-02
2.795000e+00	1.313718e-02
2.797500e+00	1.202625e-02
2.800000e+00	1.149435e-02
2.802500e+00	1.153550e-02
2.805000e+00	1.215967e-02
2.807500e+00	1.342656e-02
2.810000e+00	1.544696e-02
2.812500e+00	1.834038e-02
2.815000e+00	2.208522e-02
2.817500e+00	2.617815e-02
2.820000e+00	2.928739e-02
2.822500e+00	2.977904e-02
2.825000e+00	2.734949e-02
2.827500e+00	2.340399e-02
2.830000e+00	1.949171e-02
2.832500e+00	1.632997e-02
2.835000e+00	1.398418e-02
2.837500e+00	1.226912e-02
2.840000e+00	1.101353e-02
2.842500e+00	1.015500e-02
2.845000e+00	9.688904e-03
2.847500e+00	9.599050e-03
2.850000e+00	9.812542e-03
2.852500e+00	1.014559e-02
2.855000e+00	1.031320e-02
2.857500e+00	1.014144e-02
2.860000e+00	9.768554e-03
2.862500e+00	9.489008e-03
2.865000e+00	9.513494e-03
2.867500e+00	9.922587e-03
2.870000e+00	1.068266e-02
2.872500e+00	1.160347e-02
2.875000e+00	1.232782e-02
2.877500e+00	1.258271e-02
2.880000e+00	1.251576e-02
2.882500e+00	1.256214e-02
2.885000e+00	1.306975e-02
2.887500e+00	1.415111e-02
2.890000e+00	1.562946e-02
2.892500e+00	1.694516e-02
2.895000e+00	1.734247e-02
2.897500e+00	1.657185e-02
2.900000e+00	1.519259e-02
2.902500e+00	1.394415e-02
2.905000e+00	1.324725e-02
2.907500e+00	1.324627e-02
2.910000e+00	1.396686e-02
2.912500e+00	1.534742e-02
2.915000e+00	1.711577e-02
2.917500e+00	1.863250e-02
2.920000e+00	1.912898e-02
2.922500e+00	1.847200e-02
2.925000e+00	1.736051e-02
2.927500e+00	1.659634e-02
2.930000e+00	1.659971e-02
2.932500e+00	1.741813e-02
2.935000e+00	1.873447e-02
2.937500e+00	1.979584e-02
2.940000e+00	1.974199e-02
2.942500e+00	1.844060e-02
2.945000e+00	1.662155e-02
2.947500e+00	1.505776e-02
2.950000e+00	1.406739e-02
2.952500e+00	1.354748e-02
2.955000e+00	1.312221e-02
2.957500e+00	1.242274e-02
2.960000e+00	1.143625e-02
2.962500e+00	1.045253e-02
2.965000e+00	9.732692e-03
2.967500e+00	9.391662e-03
2.970000e+00	9.464726e-03
2.972500e+00	9.974164e-03
2.975000e+00	1.094315e-02
2.977500e+00	1.234645e-02
2.980000e+00	1.398055e-02
2.982500e+00	1.533617e-02
2.985000e+00	1.581574e-02
2.987500e+00	1.535940e-02
2.990000e+00	1.456245e-02
2.992500e+00	1.406628e-02
2.995000e+00	1.417432e-02
2.997500e+00	1.484072e-02
3.000000e+00	1.566904e-02
3.002500e+00	1.600261e-02
3.005000e+00	1.543685e-02
3.007500e+00	1.426982e-02
3.010000e+00	1.313056e-02
3.012500e+00	1.243493e-02
3.015000e+00	1.228915e-02
3.017500e+00	1.255547e-02
3.020000e+00	1.286570e-02
3.022500e+00	1.276804e-02
3.025000e+00	1.212879e-02
3.027500e+00	1.126038e-02
3.030000e+00	1.055376e-02
3.032500e+00	1.022451e-02
3.035000e+00	1.035316e-02
3.037500e+00	1.098571e-02
3.040000e+00	1.218654e-02
3.042500e+00	1.403908e-02
3.045000e+00	1.657622e-02
3.047500e+00	1.958365e-02
3.050000e+00	2.230719e-02
3.052500e+00	2.353714e-02
3.055000e+00	2.262946e-02
3.057500e+00	2.029695e-02
3.060000e+00	1.778526e-02
3.062500e+00	1.587419e-02
3.065000e+00	1.480688e-02
3.067500e+00	1.454831e-02
3.070000e+00	1.488840e-02
3.072500e+00	1.539165e-02
3.075000e+00	1.548192e-02
3.077500e+00	1.490272e-02
3.080000e+00	1.399508e-02
3.082500e+00	1.329821e-02
3.085000e+00	1.314967e-02
3.087500e+00	1.365551e-02
3.090000e+00	1.472320e-02
3.092500e+00	1.596985e-02
3.095000e+00	1.668908e-02
3.097500e+00	1.630721e-02
3.100000e+00	1.501135e-02
3.102500e+00	1.350701e-02
3.105000e+00	1.232437e-02
3.107500e+00	1.159948e-02
3.110000e+00	1.117671e-02
3.112500e+00	1.077845e-02
3.115000e+00	1.026337e-02
3.117500e+00	9.756903e-03
3.120000e+00	9.477751e-03
3.122500e+00	9.567199e-03
3.125000e+00	1.007045e-02
3.127500e+00	1.092811e-02
3.130000e+00	1.189396e-02
3.132500e+00	1.249855e-02
3.135000e+00	1.234558e-02
3.137500e+00	1.154733e-02
3.140000e+00	1.058383e-02
3.142500e+00	9.840453e-03
3.145000e+00	9.477393e-03
3.147500e+00	9.536232e-03
3.150000e+00	1.003949e-02
3.152500e+00	1.103597e-02
3.155000e+00	1.261050e-02
3.157500e+00	1.485668e-02
3.160000e+00	1.776964e-02
3.162500e+00	2.099652e-02
3.165000e+00	2.357040e-02
3.167500e+00	2.427195e-02
3.170000e+00	2.284598e-02
3.172500e+00	2.034740e-02
3.175000e+00	1.799701e-02
3.177500e+00	1.642827e-02
3.180000e+00	1.580918e-02
3.182500e+00	1.609575e-02
3.185000e+00	1.707206e-02
3.187500e+00	1.821124e-02
3.190000e+00	1.868010e-02
3.192500e+00	1.792946e-02
3.195000e+00	1.629472e-02
3.197500e+00	1.457019e-02
3.200000e+00	1.330547e-02
3.202500e+00	1.268673e-02
3.205000e+00	1.267773e-02
3.207500e+00	1.306054e-02
3.210000e+00	1.339904e-02
3.212500e+00	1.321337e-02
3.215000e+00	1.242493e-02
3.217500e+00	1.142439e-02
3.220000e+00	1.063796e-02
3.222500e+00	1.027934e-02
3.225000e+00	1.038936e-02
3.227500e+00	1.087988e-02
3.230000e+00	1.148663e-02
3.232500e+00	1.177790e-02
3.235000e+00	1.145983e-02
3.237500e+00	1.069979e-02
3.240000e+00	9.917229e-03
3.242500e+00	9.414486e-03
3.245000e+00	9.315460e-03
3.247500e+00	9.655992e-03
3.250000e+00	1.043134e-02
3.252500e+00	1.155395e-02
3.255000e+00	1.274114e-02
3.257500e+00	1.350448e-02
3.260000e+00	1.351541e-02
3.262500e+00	1.300642e-02
3.265000e+00	1.252653e-02
3.267500e+00	1.249184e-02
3.270000e+00	1.310605e-02
3.272500e+00	1.445484e-02
3.275000e+00	1.650995e-02
3.277500e+00	1.895947e-02
3.280000e+00	2.097627e-02
3.282500e+00	2.146917e-02
3.285000e+00	2.010755e-02
3.287500e+00	1.772082e-02
3.290000e+00	1.535449e-02
3.292500e+00	1.356057e-02
3.295000e+00	1.247842e-02
3.297500e+00	1.209280e-02
3.300000e+00	1.236829e-02
3.302500e+00	1.326102e-02
3.305000e+00	1.462696e-02
3.307500e+00	1.605462e-02
3.310000e+00	1.685982e-02
3.312500e+00	1.660446e-02
3.315000e+00	1.562329e-02
3.317500e+00	1.464980e-02
3.320000e+00	1.419264e-02
3.322500e+00	1.439802e-02
3.325000e+00	1.509741e-02
3.327500e+00	1.579144e-02
3.330000e+00	1.583310e-02
3.332500e+00	1.501157e-02
3.335000e+00	1.378438e-02
3.337500e+00	1.275127e-02
3.340000e+00	1.224419e-02
3.342500e+00	1.233816e-02
3.345000e+00	1.291314e-02
3.347500e+00	1.360292e-02
3.350000e+00	1.382700e-02
3.352500e+00	1.321307e-02
3.355000e+00	1.199740e-02
3.357500e+00	1.071483e-02
3.360000e+00	9.725459e-03
3.362500e+00	9.153536e-03
3.365000e+00	9.015662e-03
3.367500e+00	9.308573e-03
3.370000e+00	1.002437e-02
3.372500e+00	1.109701e-02
3.375000e+00	1.228212e-02
3.377500e+00	1.309369e-02
3.380000e+00	1.309861e-02
3.382500e+00	1.240079e-02
3.385000e+00	1.152932e-02
3.387500e+00	1.093567e-02
3.390000e+00	1.083096e-02
3.392500e+00	1.129018e-02
3.395000e+00	1.233558e-02
3.397500e+00	1.390732e-02
3.400000e+00	1.571467e-02
3.402500e+00	1.710850e-02
3.405000e+00	1.740366e-02
3.407500e+00	1.661141e-02
3.410000e+00	1.545865e-02
3.412500e+00	1.466017e-02
3.415000e+00	1.456554e-02
3.417500e+00	1.523426e-02
3.420000e+00	1.647270e-02
3.422500e+00	1.772564e-02
3.425000e+00	1.816499e-02
3.427500e+00	1.735922e-02
3.430000e+00	1.576270e-02
3.432500e+00	1.416811e-02
3.435000e+00	1.307562e-02
3.437500e+00	1.266236e-02
3.440000e+00	1.296094e-02
3.442500e+00	1.393717e-02
3.445000e+00	1.541303e-02
3.447500e+00	1.688151e-02
3.450000e+00	1.751532e-02
3.452500e+00	1.679102e-02
3.455000e+00	1.508619e-02
3.457500e+00	1.321452e-02
3.460000e+00	1.171870e-02
3.462500e+00	1.077616e-02
3.465000e+00	1.037637e-02
3.467500e+00	1.041693e-02
3.470000e+00	1.068260e-02
3.472500e+00	1.083390e-02
3.475000e+00	1.060701e-02
3.477500e+00	1.008273e-02
3.480000e+00	9.575993e-03
3.482500e+00	9.343813e-03
3.485000e+00	9.513941e-03
3.487500e+00	1.015415e-02
3.490000e+00	1.132142e-02
3.492500e+00	1.303976e-02
3.495000e+00	1.517378e-02
3.497500e+00	1.720898e-02
3.500000e+00	1.824317e-02
3.502500e+00	1.767321e-02
3.505000e+00	1.590467e-02
3.507500e+00	1.386683e-02
3.510000e+00	1.219607e-02
3.512500e+00	1.111178e-02
3.515000e+00	1.063196e-02
3.517500e+00	1.072647e-02
3.520000e+00	1.135064e-02
3.522500e+00	1.237834e-02
3.525000e+00	1.346269e-02
3.527500e+00	1.401662e-02
3.530000e+00	1.362889e-02
3.532500e+00	1.252730e-02
3.535000e+00	1.129647e-02
3.537500e+00	1.035246e-02
3.540000e+00	9.850766e-03
3.542500e+00	9.823543e-03
3.545000e+00	1.028544e-02
3.547500e+00	1.127100e-02
3.550000e+00	1.281703e-02
3.552500e+00	1.487141e-02
3.555000e+00	1.710651e-02
3.557500e+00	1.880614e-02
3.560000e+00	1.929771e-02
3.562500e+00	1.873401e-02
3.565000e+00	1.796398e-02
3.567500e+00	1.767376e-02
3.570000e+00	1.795466e-02
3.572500e+00	1.830025e-02
3.575000e+00	1.792939e-02
3.577500e+00	1.653753e-02
3.580000e+00	1.461139e-02
3.582500e+00	1.281868e-02
3.585000e+00	1.151892e-02
3.587500e+00	1.080217e-02
3.590000e+00	1.064802e-02
3.592500e+00	1.098337e-02
3.595000e+00	1.162652e-02
3.597500e+00	1.219364e-02
3.600000e+00	1.221087e-02
3.602500e+00	1.154279e-02
3.605000e+00	1.054065e-02
3.607500e+00	9.640813e-03
3.610000e+00	9.079491e-03
3.612500e+00	8.933118e-03
3.615000e+00	9.225379e-03
3.617500e+00	9.975821e-03
3.620000e+00	1.117885e-02
3.622500e+00	1.269939e-02
3.625000e+00	1.411070e-02
3.627500e+00	1.473688e-02
3.630000e+00	1.421279e-02
3.632500e+00	1.292479e-02
3.635000e+00	1.156028e-02
3.637500e+00	1.055463e-02
3.640000e+00	1.005251e-02
3.642500e+00	1.005811e-02
3.645000e+00	1.050288e-02
3.647500e+00	1.120147e-02
3.650000e+00	1.179250e-02
3.652500e+00	1.190198e-02
3.655000e+00	1.152163e-02
3.657500e+00	1.102476e-02
3.660000e+00	1.079274e-02
3.662500e+00	1.103838e-02
3.665000e+00	1.187075e-02
3.667500e+00	1.336940e-02
3.670000e+00	1.556723e-02
3.672500e+00	1.829601e-02
3.675000e+00	2.090952e-02
3.677500e+00	2.226846e-02
3.680000e+00	2.160439e-02
3.682500e+00	1.942748e-02
3.685000e+00	1.692345e-02
3.687500e+00	1.491385e-02
3.690000e+00	1.368771e-02
3.692500e+00	1.325703e-02
3.695000e+00	1.350444e-02
3.697500e+00	1.414160e-02
3.700000e+00	1.461875e-02
3.702500e+00	1.433899e-02
3.705000e+00	1.321508e-02
3.707500e+00	1.173398e-02
3.710000e+00	1.040605e-02
3.712500e+00	9.471172e-03
3.715000e+00	8.982086e-03
3.717500e+00	8.935054e-03
3.720000e+00	9.330606e-03
3.722500e+00	1.017269e-02
3.725000e+00	1.140411e-02
3.727500e+00	1.276454e-02
3.730000e+00	1.368561e-02
3.732500e+00	1.358364e-02
3.735000e+00	1.247300e-02
3.737500e+00	1.094147e-02
3.740000e+00	9.530942e-03
3.742500e+00	8.470743e-03
3.745000e+00	7.790123e-03
3.747500e+00	7.456479e-03
3.750000e+00	7.440716e-03
3.752500e+00	7.736712e-03
3.755000e+00	8.358640e-03
3.757500e+00	9.315418e-03
3.760000e+00	1.054267e-02
3.762500e+00	1.179712e-02
3.765000e+00	1.266898e-02
3.767500e+00	1.293141e-02
3.770000e+00	1.286023e-02
3.772500e+00	1.297341e-02
3.775000e+00	1.364388e-02
3.777500e+00	1.500881e-02
3.780000e+00	1.693773e-02
3.782500e+00	1.888590e-02
3.785000e+00	1.993553e-02
3.787500e+00	1.951801e-02
3.790000e+00	1.809706e-02
3.792500e+00	1.663697e-02
3.795000e+00	1.577755e-02
3.797500e+00	1.566231e-02
3.800000e+00	1.601509e-02
3.802500e+00	1.619527e-02
3.805000e+00	1.555660e-02
3.807500e+00	1.407052e-02
3.810000e+00	1.228965e-02
3.812500e+00	1.072833e-02
3.815000e+00	9.601525e-03
3.817500e+00	8.937380e-03
3.820000e+00	8.712219e-03
3.822500e+00	8.909566e-03
3.825000e+00	9.520705e-03
3.827500e+00	1.049035e-02
3.830000e+00	1.159762e-02
3.832500e+00	1.236824e-02
3.835000e+00	1.231790e-02
3.837500e+00	1.146301e-02
3.840000e+00	1.030105e-02
3.842500e+00	9.296352e-03
3.845000e+00	8.659022e-03
3.847500e+00	8.438136e-03
3.850000e+00	8.629382e-03
3.852500e+00	9.201588e-03
3.855000e+00	1.004290e-02
3.857500e+00	1.086442e-02
3.860000e+00	1.124223e-02
3.862500e+00	1.097639e-02
3.865000e+00	1.033525e-02
3.867500e+00	9.754262e-03
3.870000e+00	9.513378e-03
3.872500e+00	9.732033e-03
3.875000e+00	1.046712e-02
3.877500e+00	1.175356e-02
3.880000e+00	1.354853e-02
3.882500e+00	1.556306e-02
3.885000e+00	1.710694e-02
3.887500e+00	1.740288e-02
3.890000e+00	1.639459e-02
3.892500e+00	1.483813e-02
3.895000e+00	1.351427e-02
3.897500e+00	1.281375e-02
3.900000e+00	1.285214e-02
3.902500e+00	1.362146e-02
3.905000e+00	1.497720e-02
3.907500e+00	1.647261e-02
3.910000e+00	1.728893e-02
3.912500e+00	1.674824e-02
3.915000e+00	1.504617e-02
3.917500e+00	1.298787e-02
3.920000e+00	1.119910e-02
3.922500e+00	9.912037e-03
3.925000e+00	9.143889e-03
3.927500e+00	8.854379e-03
3.930000e+00	9.000398e-03
3.932500e+00	9.512681e-03
3.935000e+00	1.020842e-02
3.937500e+00	1.071461e-02
3.940000e+00	1.063332e-02
3.942500e+00	9.939123e-03
3.945000e+00	9.000106e-03
3.947500e+00	8.182451e-03
3.950000e+00	7.657669e-03
3.952500e+00	7.468996e-03
3.955000e+00	7.623383e-03
3.957500e+00	8.131902e-03
3.960000e+00	9.003030e-03
3.962500e+00	1.018261e-02
3.965000e+00	1.143564e-02
3.967500e+00	1.229524e-02
3.970000e+00	1.236720e-02
3.972500e+00	1.178827e-02
3.975000e+00	1.108728e-02
3.977500e+00	1.070432e-02
3.980000e+00	1.085151e-02
3.982500e+00	1.161218e-02
3.985000e+00	1.299797e-02
3.987500e+00	1.486862e-02
3.990000e+00	1.673200e-02
3.992500e+00	1.771311e-02
3.995000e+00	1.718226e-02
3.997500e+00	1.547708e-02
