#omega	spectral weight
-3.000000e+00	8.167547e-05
-2.997500e+00	8.273802e-05
-2.995000e+00	8.384493e-05
-2.992500e+00	8.499917e-05
-2.990000e+00	8.620400e-05
-2.987500e+00	8.746299e-05
-2.985000e+00	8.878003e-05
-2.982500e+00	9.015944e-05
-2.980000e+00	9.160595e-05
-2.977500e+00	9.312481e-05
-2.975000e+00	9.472183e-05
-2.972500e+00	9.640349e-05
-2.970000e+00	9.817697e-05
-2.967500e+00	1.000503e-04
-2.965000e+00	1.020327e-04
-2.962500e+00	1.041341e-04
-2.960000e+00	1.063661e-04
-2.957500e+00	1.087419e-04
-2.955000e+00	1.112762e-04
-2.952500e+00	1.139861e-04
-2.950000e+00	1.168912e-04
-2.947500e+00	1.200141e-04
-2.945000e+00	1.233812e-04
-2.942500e+00	1.270232e-04
-2.940000e+00	1.309763e-04
-2.937500e+00	1.352834e-04
-2.935000e+00	1.399956e-04
-2.932500e+00	1.451745e-04
-2.930000e+00	1.508946e-04
-2.927500e+00	1.572474e-04
-2.925000e+00	1.643459e-04
-2.922500e+00	1.723313e-04
-2.920000e+00	1.813824e-04
-2.917500e+00	1.917284e-04
-2.915000e+00	2.036668e-04
-2.912500e+00	2.175901e-04
-2.910000e+00	2.340232e-04
-2.907500e+00	2.536794e-04
-2.905000e+00	2.775407e-04
-2.902500e+00	3.069721e-04
-2.900000e+00	3.438729e-04
-2.897500e+00	3.908322e-04
-2.895000e+00	4.511446e-04
-2.892500e+00	5.282036e-04
-2.890000e+00	6.231009e-04
-2.887500e+00	7.290124e-04
-2.885000e+00	8.255552e-04
-2.882500e+00	8.880825e-04
-2.880000e+00	9.157400e-04
-2.877500e+00	9.380534e-04
-2.875000e+00	9.881888e-04
-2.872500e+00	1.084512e-03
-2.870000e+00	1.226652e-03
-2.867500e+00	1.387294e-03
-2.865000e+00	1.506500e-03
-2.862500e+00	1.527276e-03
-2.860000e+00	1.458703e-03
-2.857500e+00	1.366745e-03
-2.855000e+00	1.307957e-03
-2.852500e+00	1.300272e-03
-2.850000e+00	1.327031e-03
-2.847500e+00	1.349610e-03
-2.845000e+00	1.339872e-03
-2.842500e+00	1.312066e-03
-2.840000e+00	1.306024e-03
-2.837500e+00	1.352315e-03
-2.835000e+00	1.460815e-03
-2.832500e+00	1.616687e-03
-2.830000e+00	1.770815e-03
-2.827500e+00	1.853762e-03
-2.825000e+00	1.840319e-03
-2.822500e+00	1.784449e-03
-2.820000e+00	1.762204e-03
-2.817500e+00	1.815465e-03
-2.815000e+00	1.939474e-03
-2.812500e+00	2.076667e-03
-2.810000e+00	2.126818e-03
-2.807500e+00	2.023217e-03
-2.805000e+00	1.805429e-03
-2.802500e+00	1.566369e-03
-2.800000e+00	1.367963e-03
-2.797500e+00	1.229192e-03
-2.795000e+00	1.148538e-03
-2.792500e+00	1.120455e-03
-2.790000e+00	1.142000e-03
-2.787500e+00	1.214682e-03
-2.785000e+00	1.344232e-03
-2.782500e+00	1.537713e-03
-2.780000e+00	1.794111e-03
-2.777500e+00	2.083768e-03
-2.775000e+00	2.329235e-03
-2.772500e+00	2.440691e-03
-2.770000e+00	2.413760e-03
-2.767500e+00	2.345476e-03
-2.765000e+00	2.335727e-03
-2.762500e+00	2.420235e-03
-2.760000e+00	2.557434e-03
-2.757500e+00	2.635157e-03
-2.755000e+00	2.542890e-03
-2.752500e+00	2.286113e-03
-2.750000e+00	1.970797e-03
-2.747500e+00	1.689327e-03
-2.745000e+00	1.477789e-03
-2.742500e+00	1.338260e-03
-2.740000e+00	1.263072e-03
-2.737500e+00	1.245814e-03
-2.735000e+00	1.284297e-03
-2.732500e+00	1.379478e-03
-2.730000e+00	1.529786e-03
-2.727500e+00	1.717562e-03
-2.725000e+00	1.892106e-03
-2.722500e+00	1.982772e-03
-2.720000e+00	1.966417e-03
-2.717500e+00	1.901325e-03
-2.715000e+00	1.866673e-03
-2.712500e+00	1.907415e-03
-2.710000e+00	2.027041e-03
-2.707500e+00	2.186504e-03
-2.705000e+00	2.308027e-03
-2.702500e+00	2.329955e-03
-2.700000e+00	2.278705e-03
-2.697500e+00	2.240767e-03
-2.695000e+00	2.280680e-03
-2.692500e+00	2.405695e-03
-2.690000e+00	2.559476e-03
-2.687500e+00	2.640503e-03
-2.685000e+00	2.587259e-03
-2.682500e+00	2.449595e-03
-2.680000e+00	2.324170e-03
-2.677500e+00	2.258324e-03
-2.675000e+00	2.228575e-03
-2.672500e+00	2.178799e-03
-2.670000e+00	2.090480e-03
-2.667500e+00	2.007148e-03
-2.665000e+00	1.985039e-03
-2.662500e+00	2.053388e-03
-2.660000e+00	2.205399e-03
-2.657500e+00	2.385283e-03
-2.655000e+00	2.483517e-03
-2.652500e+00	2.404847e-03
-2.650000e+00	2.169343e-03
-2.647500e+00	1.882585e-03
-2.645000e+00	1.628803e-03
-2.642500e+00	1.438767e-03
-2.640000e+00	1.313004e-03
-2.637500e+00	1.243707e-03
-2.635000e+00	1.224257e-03
-2.632500e+00	1.251888e-03
-2.630000e+00	1.327529e-03
-2.627500e+00	1.453369e-03
-2.625000e+00	1.626101e-03
-2.622500e+00	1.825016e-03
-2.620000e+00	2.008678e-03
-2.617500e+00	2.148817e-03
-2.615000e+00	2.275183e-03
-2.612500e+00	2.455593e-03
-2.610000e+00	2.741655e-03
-2.607500e+00	3.142541e-03
-2.605000e+00	3.607565e-03
-2.602500e+00	3.994317e-03
-2.600000e+00	4.097839e-03
-2.597500e+00	3.833434e-03
-2.595000e+00	3.344834e-03
-2.592500e+00	2.839915e-03
-2.590000e+00	2.435442e-03
-2.587500e+00	2.161368e-03
-2.585000e+00	2.012295e-03
-2.582500e+00	1.977570e-03
-2.580000e+00	2.048876e-03
-2.577500e+00	2.211779e-03
-2.575000e+00	2.421534e-03
-2.572500e+00	2.578999e-03
-2.570000e+00	2.568585e-03
-2.567500e+00	2.370255e-03
-2.565000e+00	2.080748e-03
-2.562500e+00	1.804967e-03
-2.560000e+00	1.592418e-03
-2.557500e+00	1.451871e-03
-2.555000e+00	1.377697e-03
-2.552500e+00	1.362435e-03
-2.550000e+00	1.397951e-03
-2.547500e+00	1.469056e-03
-2.545000e+00	1.545863e-03
-2.542500e+00	1.594156e-03
-2.540000e+00	1.609773e-03
-2.537500e+00	1.627704e-03
-2.535000e+00	1.689125e-03
-2.532500e+00	1.818431e-03
-2.530000e+00	2.021290e-03
-2.527500e+00	2.284602e-03
-2.525000e+00	2.580558e-03
-2.522500e+00	2.874493e-03
-2.520000e+00	3.109591e-03
-2.517500e+00	3.214058e-03
-2.515000e+00	3.191101e-03
-2.512500e+00	3.146381e-03
-2.510000e+00	3.181999e-03
-2.507500e+00	3.308404e-03
-2.505000e+00	3.425465e-03
-2.502500e+00	3.380575e-03
-2.500000e+00	3.118277e-03
-2.497500e+00	2.739799e-03
-2.495000e+00	2.378711e-03
-2.492500e+00	2.104767e-03
-2.490000e+00	1.933519e-03
-2.487500e+00	1.860538e-03
-2.485000e+00	1.879814e-03
-2.482500e+00	1.987161e-03
-2.480000e+00	2.172770e-03
-2.477500e+00	2.406421e-03
-2.475000e+00	2.636431e-03
-2.472500e+00	2.833322e-03
-2.470000e+00	3.026945e-03
-2.467500e+00	3.245826e-03
-2.465000e+00	3.425074e-03
-2.462500e+00	3.420983e-03
-2.460000e+00	3.166132e-03
-2.457500e+00	2.760050e-03
-2.455000e+00	2.350533e-03
-2.452500e+00	2.019406e-03
-2.450000e+00	1.785281e-03
-2.447500e+00	1.641064e-03
-2.445000e+00	1.576358e-03
-2.442500e+00	1.585003e-03
-2.440000e+00	1.664789e-03
-2.437500e+00	1.810443e-03
-2.435000e+00	1.996803e-03
-2.432500e+00	2.158618e-03
-2.430000e+00	2.208286e-03
-2.427500e+00	2.117140e-03
-2.425000e+00	1.951250e-03
-2.422500e+00	1.797615e-03
-2.420000e+00	1.705130e-03
-2.417500e+00	1.689253e-03
-2.415000e+00	1.750405e-03
-2.412500e+00	1.878304e-03
-2.410000e+00	2.042294e-03
-2.407500e+00	2.187664e-03
-2.405000e+00	2.273738e-03
-2.402500e+00	2.325819e-03
-2.400000e+00	2.412290e-03
-2.397500e+00	2.579332e-03
-2.395000e+00	2.817846e-03
-2.392500e+00	3.056551e-03
-2.390000e+00	3.187461e-03
-2.387500e+00	3.155432e-03
-2.385000e+00	3.029629e-03
-2.382500e+00	2.934633e-03
-2.380000e+00	2.950253e-03
-2.377500e+00	3.089322e-03
-2.375000e+00	3.315132e-03
-2.372500e+00	3.582352e-03
-2.370000e+00	3.885841e-03
-2.367500e+00	4.224048e-03
-2.365000e+00	4.491239e-03
-2.362500e+00	4.485896e-03
-2.360000e+00	4.119023e-03
-2.357500e+00	3.534303e-03
-2.355000e+00	2.938281e-03
-2.352500e+00	2.442574e-03
-2.350000e+00	2.069536e-03
-2.347500e+00	1.804592e-03
-2.345000e+00	1.627000e-03
-2.342500e+00	1.520518e-03
-2.340000e+00	1.475569e-03
-2.337500e+00	1.488771e-03
-2.335000e+00	1.561211e-03
-2.332500e+00	1.693869e-03
-2.330000e+00	1.875974e-03
-2.327500e+00	2.065168e-03
-2.325000e+00	2.183233e-03
-2.322500e+00	2.172734e-03
-2.320000e+00	2.066173e-03
-2.317500e+00	1.951221e-03
-2.315000e+00	1.894077e-03
-2.312500e+00	1.920395e-03
-2.310000e+00	2.024651e-03
-2.307500e+00	2.166801e-03
-2.305000e+00	2.267776e-03
-2.302500e+00	2.254774e-03
-2.300000e+00	2.138022e-03
-2.297500e+00	1.997279e-03
-2.295000e+00	1.902562e-03
-2.292500e+00	1.884991e-03
-2.290000e+00	1.949205e-03
-2.287500e+00	2.081695e-03
-2.285000e+00	2.249528e-03
-2.282500e+00	2.416197e-03
-2.280000e+00	2.585198e-03
-2.277500e+00	2.809446e-03
-2.275000e+00	3.140996e-03
-2.272500e+00	3.579578e-03
-2.270000e+00	4.031832e-03
-2.267500e+00	4.302859e-03
-2.265000e+00	4.228761e-03
-2.262500e+00	3.865270e-03
-2.260000e+00	3.423911e-03
-2.257500e+00	3.071880e-03
-2.255000e+00	2.875920e-03
-2.252500e+00	2.842697e-03
-2.250000e+00	2.944198e-03
-2.247500e+00	3.105580e-03
-2.245000e+00	3.196175e-03
-2.242500e+00	3.104134e-03
-2.240000e+00	2.851128e-03
-2.237500e+00	2.559067e-03
-2.235000e+00	2.327248e-03
-2.232500e+00	2.192521e-03
-2.230000e+00	2.149217e-03
-2.227500e+00	2.164729e-03
-2.225000e+00	2.193045e-03
-2.222500e+00	2.211393e-03
-2.220000e+00	2.247782e-03
-2.217500e+00	2.354908e-03
-2.215000e+00	2.575889e-03
-2.212500e+00	2.934712e-03
-2.210000e+00	3.422323e-03
-2.207500e+00	3.952508e-03
-2.205000e+00	4.321910e-03
-2.202500e+00	4.307318e-03
-2.200000e+00	3.896100e-03
-2.197500e+00	3.299043e-03
-2.195000e+00	2.721942e-03
-2.192500e+00	2.253423e-03
-2.190000e+00	1.902052e-03
-2.187500e+00	1.648563e-03
-2.185000e+00	1.470939e-03
-2.182500e+00	1.351924e-03
-2.180000e+00	1.279967e-03
-2.177500e+00	1.248505e-03
-2.175000e+00	1.255109e-03
-2.172500e+00	1.300655e-03
-2.170000e+00	1.387758e-03
-2.167500e+00	1.516586e-03
-2.165000e+00	1.676051e-03
-2.162500e+00	1.836193e-03
-2.160000e+00	1.964236e-03
-2.157500e+00	2.062977e-03
-2.155000e+00	2.166927e-03
-2.152500e+00	2.290060e-03
-2.150000e+00	2.406363e-03
-2.147500e+00	2.496311e-03
-2.145000e+00	2.592673e-03
-2.142500e+00	2.749620e-03
-2.140000e+00	2.990919e-03
-2.137500e+00	3.297904e-03
-2.135000e+00	3.604238e-03
-2.132500e+00	3.788270e-03
-2.130000e+00	3.756993e-03
-2.127500e+00	3.569614e-03
-2.125000e+00	3.382383e-03
-2.122500e+00	3.306013e-03
-2.120000e+00	3.357121e-03
-2.117500e+00	3.469243e-03
-2.115000e+00	3.538607e-03
-2.112500e+00	3.526594e-03
-2.110000e+00	3.504006e-03
-2.107500e+00	3.553322e-03
-2.105000e+00	3.666406e-03
-2.102500e+00	3.732701e-03
-2.100000e+00	3.639626e-03
-2.097500e+00	3.409634e-03
-2.095000e+00	3.174441e-03
-2.092500e+00	3.045505e-03
-2.090000e+00	3.064874e-03
-2.087500e+00	3.210415e-03
-2.085000e+00	3.386213e-03
-2.082500e+00	3.432553e-03
-2.080000e+00	3.240583e-03
-2.077500e+00	2.867732e-03
-2.075000e+00	2.458045e-03
-2.072500e+00	2.108550e-03
-2.070000e+00	1.848318e-03
-2.067500e+00	1.673143e-03
-2.065000e+00	1.571186e-03
-2.062500e+00	1.532526e-03
-2.060000e+00	1.549839e-03
-2.057500e+00	1.614084e-03
-2.055000e+00	1.708833e-03
-2.052500e+00	1.814999e-03
-2.050000e+00	1.932181e-03
-2.047500e+00	2.084777e-03
-2.045000e+00	2.294506e-03
-2.042500e+00	2.558427e-03
-2.040000e+00	2.849732e-03
-2.037500e+00	3.106092e-03
-2.035000e+00	3.212846e-03
-2.032500e+00	3.084114e-03
-2.030000e+00	2.776915e-03
-2.027500e+00	2.432140e-03
-2.025000e+00	2.148961e-03
-2.022500e+00	1.961167e-03
-2.020000e+00	1.869649e-03
-2.017500e+00	1.866351e-03
-2.015000e+00	1.939506e-03
-2.012500e+00	2.066476e-03
-2.010000e+00	2.208719e-03
-2.007500e+00	2.334160e-03
-2.005000e+00	2.450380e-03
-2.002500e+00	2.583093e-03
-2.000000e+00	2.729323e-03
-1.997500e+00	2.870002e-03
-1.995000e+00	3.010179e-03
-1.992500e+00	3.154847e-03
-1.990000e+00	3.273320e-03
-1.987500e+00	3.348964e-03
-1.985000e+00	3.421272e-03
-1.982500e+00	3.513561e-03
-1.980000e+00	3.562199e-03
-1.977500e+00	3.479491e-03
-1.975000e+00	3.282780e-03
-1.972500e+00	3.085716e-03
-1.970000e+00	2.984896e-03
-1.967500e+00	3.010609e-03
-1.965000e+00	3.133315e-03
-1.962500e+00	3.285189e-03
-1.960000e+00	3.418491e-03
-1.957500e+00	3.553643e-03
-1.955000e+00	3.716964e-03
-1.952500e+00	3.844602e-03
-1.950000e+00	3.810033e-03
-1.947500e+00	3.580062e-03
-1.945000e+00	3.270927e-03
-1.942500e+00	3.021411e-03
-1.940000e+00	2.900536e-03
-1.937500e+00	2.909096e-03
-1.935000e+00	2.991693e-03
-1.932500e+00	3.049836e-03
-1.930000e+00	3.011140e-03
-1.927500e+00	2.908603e-03
-1.925000e+00	2.839979e-03
-1.922500e+00	2.872685e-03
-1.920000e+00	3.002525e-03
-1.917500e+00	3.141957e-03
-1.915000e+00	3.146757e-03
-1.912500e+00	2.935836e-03
-1.910000e+00	2.579006e-03
-1.907500e+00	2.204873e-03
-1.905000e+00	1.890727e-03
-1.902500e+00	1.655758e-03
-1.900000e+00	1.493110e-03
-1.897500e+00	1.390764e-03
-1.895000e+00	1.339006e-03
-1.892500e+00	1.331381e-03
-1.890000e+00	1.362443e-03
-1.887500e+00	1.423458e-03
-1.885000e+00	1.500679e-03
-1.882500e+00	1.585057e-03
-1.880000e+00	1.684340e-03
-1.877500e+00	1.812920e-03
-1.875000e+00	1.973482e-03
-1.872500e+00	2.158984e-03
-1.870000e+00	2.362640e-03
-1.867500e+00	2.577862e-03
-1.865000e+00	2.799198e-03
-1.862500e+00	3.016484e-03
-1.860000e+00	3.219336e-03
-1.857500e+00	3.411962e-03
-1.855000e+00	3.570325e-03
-1.852500e+00	3.615598e-03
-1.850000e+00	3.513777e-03
-1.847500e+00	3.351401e-03
-1.845000e+00	3.244321e-03
-1.842500e+00	3.232711e-03
-1.840000e+00	3.263177e-03
-1.837500e+00	3.241743e-03
-1.835000e+00	3.139117e-03
-1.832500e+00	3.025227e-03
-1.830000e+00	2.982604e-03
-1.827500e+00	3.036222e-03
-1.825000e+00	3.154710e-03
-1.822500e+00	3.295415e-03
-1.820000e+00	3.440400e-03
-1.817500e+00	3.556230e-03
-1.815000e+00	3.561340e-03
-1.812500e+00	3.417400e-03
-1.810000e+00	3.205941e-03
-1.807500e+00	3.046880e-03
-1.805000e+00	3.004707e-03
-1.802500e+00	3.072828e-03
-1.800000e+00	3.186545e-03
-1.797500e+00	3.267455e-03
-1.795000e+00	3.304249e-03
-1.792500e+00	3.356091e-03
-1.790000e+00	3.451204e-03
-1.787500e+00	3.521490e-03
-1.785000e+00	3.462168e-03
-1.782500e+00	3.267415e-03
-1.780000e+00	3.045189e-03
-1.777500e+00	2.898844e-03
-1.775000e+00	2.856885e-03
-1.772500e+00	2.871256e-03
-1.770000e+00	2.848560e-03
-1.767500e+00	2.733281e-03
-1.765000e+00	2.569203e-03
-1.762500e+00	2.443171e-03
-1.760000e+00	2.408923e-03
-1.757500e+00	2.467898e-03
-1.755000e+00	2.565790e-03
-1.752500e+00	2.598674e-03
-1.750000e+00	2.482663e-03
-1.747500e+00	2.241255e-03
-1.745000e+00	1.968831e-03
-1.742500e+00	1.736529e-03
-1.740000e+00	1.568809e-03
-1.737500e+00	1.464807e-03
-1.735000e+00	1.415720e-03
-1.732500e+00	1.409600e-03
-1.730000e+00	1.430170e-03
-1.727500e+00	1.461009e-03
-1.725000e+00	1.499960e-03
-1.722500e+00	1.563867e-03
-1.720000e+00	1.674552e-03
-1.717500e+00	1.847106e-03
-1.715000e+00	2.085720e-03
-1.712500e+00	2.380759e-03
-1.710000e+00	2.711218e-03
-1.707500e+00	3.044352e-03
-1.705000e+00	3.321806e-03
-1.702500e+00	3.493440e-03
-1.700000e+00	3.589481e-03
-1.697500e+00	3.675394e-03
-1.695000e+00	3.736367e-03
-1.692500e+00	3.686125e-03
-1.690000e+00	3.501758e-03
-1.687500e+00	3.269108e-03
-1.685000e+00	3.083941e-03
-1.682500e+00	2.995913e-03
-1.680000e+00	3.017245e-03
-1.677500e+00	3.119013e-03
-1.675000e+00	3.232001e-03
-1.672500e+00	3.295023e-03
-1.670000e+00	3.295517e-03
-1.667500e+00	3.238091e-03
-1.665000e+00	3.140272e-03
-1.662500e+00	3.065071e-03
-1.660000e+00	3.089384e-03
-1.657500e+00	3.253864e-03
-1.655000e+00	3.539222e-03
-1.652500e+00	3.841596e-03
-1.650000e+00	3.984840e-03
-1.647500e+00	3.857682e-03
-1.645000e+00	3.542241e-03
-1.642500e+00	3.214827e-03
-1.640000e+00	2.993223e-03
-1.637500e+00	2.911673e-03
-1.635000e+00	2.954018e-03
-1.632500e+00	3.083858e-03
-1.630000e+00	3.263408e-03
-1.627500e+00	3.430868e-03
-1.625000e+00	3.471012e-03
-1.622500e+00	3.298019e-03
-1.620000e+00	2.968576e-03
-1.617500e+00	2.620175e-03
-1.615000e+00	2.348750e-03
-1.612500e+00	2.186527e-03
-1.610000e+00	2.130259e-03
-1.607500e+00	2.156121e-03
-1.605000e+00	2.218167e-03
-1.602500e+00	2.260523e-03
-1.600000e+00	2.254825e-03
-1.597500e+00	2.203308e-03
-1.595000e+00	2.105468e-03
-1.592500e+00	1.970622e-03
-1.590000e+00	1.837854e-03
-1.587500e+00	1.746743e-03
-1.585000e+00	1.710169e-03
-1.582500e+00	1.713785e-03
-1.580000e+00	1.730845e-03
-1.577500e+00	1.750043e-03
-1.575000e+00	1.786203e-03
-1.572500e+00	1.851983e-03
-1.570000e+00	1.930580e-03
-1.567500e+00	1.988173e-03
-1.565000e+00	2.020398e-03
-1.562500e+00	2.066605e-03
-1.560000e+00	2.166925e-03
-1.557500e+00	2.322172e-03
-1.555000e+00	2.481181e-03
-1.552500e+00	2.569895e-03
-1.550000e+00	2.570501e-03
-1.547500e+00	2.548611e-03
-1.545000e+00	2.579129e-03
-1.542500e+00	2.682348e-03
-1.540000e+00	2.816364e-03
-1.537500e+00	2.918833e-03
-1.535000e+00	2.985287e-03
-1.532500e+00	3.083383e-03
-1.530000e+00	3.274558e-03
-1.527500e+00	3.544241e-03
-1.525000e+00	3.780932e-03
-1.522500e+00	3.842714e-03
-1.520000e+00	3.710168e-03
-1.517500e+00	3.514905e-03
-1.515000e+00	3.394741e-03
-1.512500e+00	3.397059e-03
-1.510000e+00	3.477615e-03
-1.507500e+00	3.547831e-03
-1.505000e+00	3.565023e-03
-1.502500e+00	3.562158e-03
-1.500000e+00	3.554725e-03
-1.497500e+00	3.488663e-03
-1.495000e+00	3.328541e-03
-1.492500e+00	3.134965e-03
-1.490000e+00	2.998380e-03
-1.487500e+00	2.951780e-03
-1.485000e+00	2.956708e-03
-1.482500e+00	2.949999e-03
-1.480000e+00	2.921913e-03
-1.477500e+00	2.927103e-03
-1.475000e+00	3.007454e-03
-1.472500e+00	3.127976e-03
-1.470000e+00	3.177616e-03
-1.467500e+00	3.063723e-03
-1.465000e+00	2.821426e-03
-1.462500e+00	2.568733e-03
-1.460000e+00	2.393007e-03
-1.457500e+00	2.317549e-03
-1.455000e+00	2.312454e-03
-1.452500e+00	2.305285e-03
-1.450000e+00	2.222520e-03
-1.447500e+00	2.059600e-03
-1.445000e+00	1.878364e-03
-1.442500e+00	1.738174e-03
-1.440000e+00	1.664765e-03
-1.437500e+00	1.657798e-03
-1.435000e+00	1.695622e-03
-1.432500e+00	1.731875e-03
-1.430000e+00	1.713040e-03
-1.427500e+00	1.627064e-03
-1.425000e+00	1.514442e-03
-1.422500e+00	1.421681e-03
-1.420000e+00	1.372100e-03
-1.417500e+00	1.369873e-03
-1.415000e+00	1.407939e-03
-1.412500e+00	1.471102e-03
-1.410000e+00	1.545418e-03
-1.407500e+00	1.634787e-03
-1.405000e+00	1.757810e-03
-1.402500e+00	1.921023e-03
-1.400000e+00	2.097500e-03
-1.397500e+00	2.237596e-03
-1.395000e+00	2.324405e-03
-1.392500e+00	2.405884e-03
-1.390000e+00	2.544562e-03
-1.387500e+00	2.755711e-03
-1.385000e+00	2.981353e-03
-1.382500e+00	3.114219e-03
-1.380000e+00	3.101121e-03
-1.377500e+00	3.014117e-03
-1.375000e+00	2.969408e-03
-1.372500e+00	3.026364e-03
-1.370000e+00	3.160729e-03
-1.367500e+00	3.281940e-03
-1.365000e+00	3.310374e-03
-1.362500e+00	3.270879e-03
-1.360000e+00	3.257543e-03
-1.357500e+00	3.319228e-03
-1.355000e+00	3.409174e-03
-1.352500e+00	3.429948e-03
-1.350000e+00	3.350703e-03
-1.347500e+00	3.251449e-03
-1.345000e+00	3.225209e-03
-1.342500e+00	3.287646e-03
-1.340000e+00	3.362084e-03
-1.337500e+00	3.339451e-03
-1.335000e+00	3.198051e-03
-1.332500e+00	3.028790e-03
-1.330000e+00	2.925892e-03
-1.327500e+00	2.906643e-03
-1.325000e+00	2.904668e-03
-1.322500e+00	2.821126e-03
-1.320000e+00	2.626485e-03
-1.317500e+00	2.389914e-03
-1.315000e+00	2.195003e-03
-1.312500e+00	2.080578e-03
-1.310000e+00	2.041461e-03
-1.307500e+00	2.038794e-03
-1.305000e+00	2.018170e-03
-1.302500e+00	1.955399e-03
-1.300000e+00	1.881029e-03
-1.297500e+00	1.842031e-03
-1.295000e+00	1.862202e-03
-1.292500e+00	1.932162e-03
-1.290000e+00	2.009638e-03
-1.287500e+00	2.042270e-03
-1.285000e+00	2.020824e-03
-1.282500e+00	1.990814e-03
-1.280000e+00	1.998252e-03
-1.277500e+00	2.046708e-03
-1.275000e+00	2.092645e-03
-1.272500e+00	2.080142e-03
-1.270000e+00	2.003054e-03
-1.267500e+00	1.912074e-03
-1.265000e+00	1.860513e-03
-1.262500e+00	1.875901e-03
-1.260000e+00	1.966136e-03
-1.257500e+00	2.124934e-03
-1.255000e+00	2.325071e-03
-1.252500e+00	2.517348e-03
-1.250000e+00	2.669230e-03
-1.247500e+00	2.812648e-03
-1.245000e+00	3.017497e-03
-1.242500e+00	3.324400e-03
-1.240000e+00	3.702417e-03
-1.237500e+00	4.040318e-03
-1.235000e+00	4.222826e-03
-1.232500e+00	4.267449e-03
-1.230000e+00	4.310136e-03
-1.227500e+00	4.446760e-03
-1.225000e+00	4.644081e-03
-1.222500e+00	4.783669e-03
-1.220000e+00	4.813956e-03
-1.217500e+00	4.833425e-03
-1.215000e+00	4.971130e-03
-1.212500e+00	5.240243e-03
-1.210000e+00	5.487416e-03
-1.207500e+00	5.477905e-03
-1.205000e+00	5.132394e-03
-1.202500e+00	4.620291e-03
-1.200000e+00	4.161792e-03
-1.197500e+00	3.874378e-03
-1.195000e+00	3.780845e-03
-1.192500e+00	3.844824e-03
-1.190000e+00	3.979021e-03
-1.187500e+00	4.078776e-03
-1.185000e+00	4.117285e-03
-1.182500e+00	4.174671e-03
-1.180000e+00	4.328037e-03
-1.177500e+00	4.544159e-03
-1.175000e+00	4.668883e-03
-1.172500e+00	4.557589e-03
-1.170000e+00	4.247888e-03
-1.167500e+00	3.911071e-03
-1.165000e+00	3.673278e-03
-1.162500e+00	3.545973e-03
-1.160000e+00	3.449241e-03
-1.157500e+00	3.288535e-03
-1.155000e+00	3.054883e-03
-1.152500e+00	2.823700e-03
-1.150000e+00	2.668853e-03
-1.147500e+00	2.625376e-03
-1.145000e+00	2.701104e-03
-1.142500e+00	2.883274e-03
-1.140000e+00	3.123117e-03
-1.137500e+00	3.323841e-03
-1.135000e+00	3.395822e-03
-1.132500e+00	3.352449e-03
-1.130000e+00	3.282189e-03
-1.127500e+00	3.226343e-03
-1.125000e+00	3.143153e-03
-1.122500e+00	2.989636e-03
-1.120000e+00	2.799386e-03
-1.117500e+00	2.646460e-03
-1.115000e+00	2.582046e-03
-1.112500e+00	2.626864e-03
-1.110000e+00	2.785841e-03
-1.107500e+00	3.049574e-03
-1.105000e+00	3.377458e-03
-1.102500e+00	3.688634e-03
-1.100000e+00	3.918339e-03
-1.097500e+00	4.107000e-03
-1.095000e+00	4.373727e-03
-1.092500e+00	4.804793e-03
-1.090000e+00	5.377293e-03
-1.087500e+00	5.917060e-03
-1.085000e+00	6.157660e-03
-1.082500e+00	5.990066e-03
-1.080000e+00	5.604094e-03
-1.077500e+00	5.277121e-03
-1.075000e+00	5.165307e-03
-1.072500e+00	5.280033e-03
-1.070000e+00	5.511126e-03
-1.067500e+00	5.675676e-03
-1.065000e+00	5.669165e-03
-1.062500e+00	5.561682e-03
-1.060000e+00	5.445420e-03
-1.057500e+00	5.275740e-03
-1.055000e+00	4.953066e-03
-1.052500e+00	4.505006e-03
-1.050000e+00	4.072599e-03
-1.047500e+00	3.771215e-03
-1.045000e+00	3.646117e-03
-1.042500e+00	3.697071e-03
-1.040000e+00	3.888183e-03
-1.037500e+00	4.132350e-03
-1.035000e+00	4.308390e-03
-1.032500e+00	4.365506e-03
-1.030000e+00	4.384996e-03
-1.027500e+00	4.468958e-03
-1.025000e+00	4.607915e-03
-1.022500e+00	4.666922e-03
-1.020000e+00	4.519831e-03
-1.017500e+00	4.209793e-03
-1.015000e+00	3.898545e-03
-1.012500e+00	3.713438e-03
-1.010000e+00	3.703321e-03
-1.007500e+00	3.856751e-03
-1.005000e+00	4.098573e-03
-1.002500e+00	4.283200e-03
-1.000000e+00	4.278856e-03
-9.975000e-01	4.108359e-03
-9.950000e-01	3.920207e-03
-9.925000e-01	3.831513e-03
-9.900000e-01	3.851818e-03
-9.875000e-01	3.888816e-03
-9.850000e-01	3.818705e-03
-9.825000e-01	3.615251e-03
-9.800000e-01	3.376274e-03
-9.775000e-01	3.212453e-03
-9.750000e-01	3.177442e-03
-9.725000e-01	3.269012e-03
-9.700000e-01	3.429502e-03
-9.675000e-01	3.543905e-03
-9.650000e-01	3.505588e-03
-9.625000e-01	3.326105e-03
-9.600000e-01	3.116983e-03
-9.575000e-01	2.977314e-03
-9.550000e-01	2.953260e-03
-9.525000e-01	3.059755e-03
-9.500000e-01	3.299915e-03
-9.475000e-01	3.663677e-03
-9.450000e-01	4.115216e-03
-9.425000e-01	4.606894e-03
-9.400000e-01	5.144746e-03
-9.375000e-01	5.808395e-03
-9.350000e-01	6.640740e-03
-9.325000e-01	7.501655e-03
-9.300000e-01	8.037339e-03
-9.275000e-01	7.947756e-03
-9.250000e-01	7.346418e-03
-9.225000e-01	6.632144e-03
-9.200000e-01	6.104689e-03
-9.175000e-01	5.836808e-03
-9.150000e-01	5.716012e-03
-9.125000e-01	5.528233e-03
-9.100000e-01	5.136757e-03
-9.075000e-01	4.615275e-03
-9.050000e-01	4.132771e-03
-9.025000e-01	3.797888e-03
-9.000000e-01	3.638017e-03
-8.975000e-01	3.626460e-03
-8.950000e-01	3.688859e-03
-8.925000e-01	3.720745e-03
-8.900000e-01	3.667825e-03
-8.875000e-01	3.581730e-03
-8.850000e-01	3.543227e-03
-8.825000e-01	3.562719e-03
-8.800000e-01	3.565332e-03
-8.775000e-01	3.470951e-03
-8.750000e-01	3.297733e-03
-8.725000e-01	3.142466e-03
-8.700000e-01	3.087998e-03
-8.675000e-01	3.171149e-03
-8.650000e-01	3.389232e-03
-8.625000e-01	3.688323e-03
-8.600000e-01	3.941233e-03
-8.575000e-01	4.000003e-03
-8.550000e-01	3.843142e-03
-8.525000e-01	3.604387e-03
-8.500000e-01	3.429517e-03
-8.475000e-01	3.385921e-03
-8.450000e-01	3.464211e-03
-8.425000e-01	3.590864e-03
-8.400000e-01	3.663181e-03
-8.375000e-01	3.644249e-03
-8.350000e-01	3.609549e-03
-8.325000e-01	3.665517e-03
-8.300000e-01	3.870192e-03
-8.275000e-01	4.210495e-03
-8.250000e-01	4.589246e-03
-8.225000e-01	4.857166e-03
-8.200000e-01	4.953733e-03
-8.175000e-01	4.992769e-03
-8.150000e-01	5.128851e-03
-8.125000e-01	5.393201e-03
-8.100000e-01	5.640698e-03
-8.075000e-01	5.639262e-03
-8.050000e-01	5.310245e-03
-8.025000e-01	4.824380e-03
-8.000000e-01	4.403557e-03
-7.975000e-01	4.162655e-03
-7.950000e-01	4.107904e-03
-7.925000e-01	4.161321e-03
-7.900000e-01	4.184149e-03
-7.875000e-01	4.072773e-03
-7.850000e-01	3.866554e-03
-7.825000e-01	3.695319e-03
-7.800000e-01	3.660744e-03
-7.775000e-01	3.802580e-03
-7.750000e-01	4.102308e-03
-7.725000e-01	4.460043e-03
-7.700000e-01	4.683410e-03
-7.675000e-01	4.607698e-03
-7.650000e-01	4.275072e-03
-7.625000e-01	3.878576e-03
-7.600000e-01	3.564919e-03
-7.575000e-01	3.365914e-03
-7.550000e-01	3.238503e-03
-7.525000e-01	3.139436e-03
-7.500000e-01	3.082744e-03
-7.475000e-01	3.119506e-03
-7.450000e-01	3.284214e-03
-7.425000e-01	3.561401e-03
-7.400000e-01	3.856572e-03
-7.375000e-01	4.002843e-03
-7.350000e-01	3.887852e-03
-7.325000e-01	3.583468e-03
-7.300000e-01	3.258092e-03
-7.275000e-01	3.024365e-03
-7.250000e-01	2.905888e-03
-7.225000e-01	2.862925e-03
-7.200000e-01	2.829395e-03
-7.175000e-01	2.774751e-03
-7.150000e-01	2.736146e-03
-7.125000e-01	2.772095e-03
-7.100000e-01	2.910061e-03
-7.075000e-01	3.123969e-03
-7.050000e-01	3.324531e-03
-7.025000e-01	3.402935e-03
-7.000000e-01	3.343661e-03
-6.975000e-01	3.250636e-03
-6.950000e-01	3.239854e-03
-6.925000e-01	3.363485e-03
-6.900000e-01	3.595449e-03
-6.875000e-01	3.823640e-03
-6.850000e-01	3.893357e-03
-6.825000e-01	3.750889e-03
-6.800000e-01	3.506050e-03
-6.775000e-01	3.298668e-03
-6.750000e-01	3.179033e-03
-6.725000e-01	3.100334e-03
-6.700000e-01	2.981327e-03
-6.675000e-01	2.801901e-03
-6.650000e-01	2.622817e-03
-6.625000e-01	2.514596e-03
-6.600000e-01	2.515099e-03
-6.575000e-01	2.634067e-03
-6.550000e-01	2.854412e-03
-6.525000e-01	3.110898e-03
-6.500000e-01	3.279904e-03
-6.475000e-01	3.257240e-03
-6.450000e-01	3.074665e-03
-6.425000e-01	2.864067e-03
-6.400000e-01	2.732684e-03
-6.375000e-01	2.721303e-03
-6.350000e-01	2.816350e-03
-6.325000e-01	2.951514e-03
-6.300000e-01	3.021719e-03
-6.275000e-01	2.964869e-03
-6.250000e-01	2.831909e-03
-6.225000e-01	2.723131e-03
-6.200000e-01	2.693686e-03
-6.175000e-01	2.727793e-03
-6.150000e-01	2.758854e-03
-6.125000e-01	2.733809e-03
-6.100000e-01	2.676432e-03
-6.075000e-01	2.653767e-03
-6.050000e-01	2.697837e-03
-6.025000e-01	2.771457e-03
-6.000000e-01	2.789788e-03
-5.975000e-01	2.704092e-03
-5.950000e-01	2.562017e-03
-5.925000e-01	2.451824e-03
-5.900000e-01	2.432568e-03
-5.875000e-01	2.525814e-03
-5.850000e-01	2.723462e-03
-5.825000e-01	2.975559e-03
-5.800000e-01	3.177895e-03
-5.775000e-01	3.229312e-03
-5.750000e-01	3.141934e-03
-5.725000e-01	3.029611e-03
-5.700000e-01	2.987264e-03
-5.675000e-01	3.026618e-03
-5.650000e-01	3.079747e-03
-5.625000e-01	3.055233e-03
-5.600000e-01	2.937340e-03
-5.575000e-01	2.804329e-03
-5.550000e-01	2.744809e-03
-5.525000e-01	2.809387e-03
-5.500000e-01	3.018501e-03
-5.475000e-01	3.368101e-03
-5.450000e-01	3.805378e-03
-5.425000e-01	4.194226e-03
-5.400000e-01	4.363570e-03
-5.375000e-01	4.273208e-03
-5.350000e-01	4.054034e-03
-5.325000e-01	3.830384e-03
-5.300000e-01	3.614120e-03
-5.275000e-01	3.380536e-03
-5.250000e-01	3.163076e-03
-5.225000e-01	3.030722e-03
-5.200000e-01	3.028426e-03
-5.175000e-01	3.159540e-03
-5.150000e-01	3.377328e-03
-5.125000e-01	3.574963e-03
-5.100000e-01	3.638785e-03
-5.075000e-01	3.566677e-03
-5.050000e-01	3.472098e-03
-5.025000e-01	3.454191e-03
-5.000000e-01	3.512999e-03
-4.975000e-01	3.550721e-03
-4.950000e-01	3.457105e-03
-4.925000e-01	3.235010e-03
-4.900000e-01	2.992132e-03
-4.875000e-01	2.822846e-03
-4.850000e-01	2.751586e-03
-4.825000e-01	2.737547e-03
-4.800000e-01	2.701722e-03
-4.775000e-01	2.593752e-03
-4.750000e-01	2.443804e-03
-4.725000e-01	2.320004e-03
-4.700000e-01	2.269102e-03
-4.675000e-01	2.309203e-03
-4.650000e-01	2.442576e-03
-4.625000e-01	2.661108e-03
-4.600000e-01	2.951851e-03
-4.575000e-01	3.318222e-03
-4.550000e-01	3.788702e-03
-4.525000e-01	4.364749e-03
-4.500000e-01	4.933662e-03
-4.475000e-01	5.249536e-03
-4.450000e-01	5.117317e-03
-4.425000e-01	4.622951e-03
-4.400000e-01	4.030460e-03
-4.375000e-01	3.535927e-03
-4.350000e-01	3.211447e-03
-4.325000e-01	3.063117e-03
-4.300000e-01	3.074852e-03
-4.275000e-01	3.214220e-03
-4.250000e-01	3.416587e-03
-4.225000e-01	3.592502e-03
-4.200000e-01	3.701052e-03
-4.175000e-01	3.797445e-03
-4.150000e-01	3.946924e-03
-4.125000e-01	4.115866e-03
-4.100000e-01	4.174700e-03
-4.075000e-01	4.040194e-03
-4.050000e-01	3.789696e-03
-4.025000e-01	3.564274e-03
-4.000000e-01	3.427499e-03
-3.975000e-01	3.335516e-03
-3.950000e-01	3.195986e-03
-3.925000e-01	2.975391e-03
-3.900000e-01	2.733757e-03
-3.875000e-01	2.548323e-03
-3.850000e-01	2.459255e-03
-3.825000e-01	2.473779e-03
-3.800000e-01	2.577009e-03
-3.775000e-01	2.731666e-03
-3.750000e-01	2.892541e-03
-3.725000e-01	3.052556e-03
-3.700000e-01	3.253967e-03
-3.675000e-01	3.522184e-03
-3.650000e-01	3.799076e-03
-3.625000e-01	3.958802e-03
-3.600000e-01	3.938728e-03
-3.575000e-01	3.830892e-03
-3.550000e-01	3.780305e-03
-3.525000e-01	3.855638e-03
-3.500000e-01	4.009800e-03
-3.475000e-01	4.099626e-03
-3.450000e-01	3.998977e-03
-3.425000e-01	3.739699e-03
-3.400000e-01	3.467239e-03
-3.375000e-01	3.294088e-03
-3.350000e-01	3.248226e-03
-3.325000e-01	3.288898e-03
-3.300000e-01	3.344122e-03
-3.275000e-01	3.383055e-03
-3.250000e-01	3.454161e-03
-3.225000e-01	3.620893e-03
-3.200000e-01	3.878169e-03
-3.175000e-01	4.117508e-03
-3.150000e-01	4.183863e-03
-3.125000e-01	4.033585e-03
-3.100000e-01	3.779187e-03
-3.075000e-01	3.533723e-03
-3.050000e-01	3.307966e-03
-3.025000e-01	3.067403e-03
-3.000000e-01	2.824893e-03
-2.975000e-01	2.635935e-03
-2.950000e-01	2.544672e-03
-2.925000e-01	2.569549e-03
-2.900000e-01	2.711455e-03
-2.875000e-01	2.948723e-03
-2.850000e-01	3.215107e-03
-2.825000e-01	3.402473e-03
-2.800000e-01	3.446607e-03
-2.775000e-01	3.405307e-03
-2.750000e-01	3.382109e-03
-2.725000e-01	3.408664e-03
-2.700000e-01	3.429862e-03
-2.675000e-01	3.391868e-03
-2.650000e-01	3.329810e-03
-2.625000e-01	3.329002e-03
-2.600000e-01	3.431940e-03
-2.575000e-01	3.596955e-03
-2.550000e-01	3.718021e-03
-2.525000e-01	3.724615e-03
-2.500000e-01	3.668952e-03
-2.475000e-01	3.653160e-03
-2.450000e-01	3.704578e-03
-2.425000e-01	3.745810e-03
-2.400000e-01	3.680237e-03
-2.375000e-01	3.517353e-03
-2.350000e-01	3.357915e-03
-2.325000e-01	3.269727e-03
-2.300000e-01	3.227767e-03
-2.275000e-01	3.151456e-03
-2.250000e-01	3.004212e-03
-2.225000e-01	2.838735e-03
-2.200000e-01	2.726057e-03
-2.175000e-01	2.689256e-03
-2.150000e-01	2.705478e-03
-2.125000e-01	2.751477e-03
-2.100000e-01	2.842664e-03
-2.075000e-01	3.007611e-03
-2.050000e-01	3.227168e-03
-2.025000e-01	3.406110e-03
-2.000000e-01	3.434089e-03
-1.975000e-01	3.310329e-03
-1.950000e-01	3.144530e-03
-1.925000e-01	3.029330e-03
-1.900000e-01	2.977339e-03
-1.875000e-01	2.960993e-03
-1.850000e-01	2.982129e-03
-1.825000e-01	3.078304e-03
-1.800000e-01	3.262409e-03
-1.775000e-01	3.472077e-03
-1.750000e-01	3.583924e-03
-1.725000e-01	3.527054e-03
-1.700000e-01	3.368525e-03
-1.675000e-01	3.219475e-03
-1.650000e-01	3.113009e-03
-1.625000e-01	3.004326e-03
-1.600000e-01	2.861125e-03
-1.575000e-01	2.719409e-03
-1.550000e-01	2.632535e-03
-1.525000e-01	2.610520e-03
-1.500000e-01	2.621891e-03
-1.475000e-01	2.642578e-03
-1.450000e-01	2.685901e-03
-1.425000e-01	2.761361e-03
-1.400000e-01	2.831036e-03
-1.375000e-01	2.846310e-03
-1.350000e-01	2.821895e-03
-1.325000e-01	2.818615e-03
-1.300000e-01	2.857899e-03
-1.275000e-01	2.890006e-03
-1.250000e-01	2.853631e-03
-1.225000e-01	2.760468e-03
-1.200000e-01	2.676961e-03
-1.175000e-01	2.646323e-03
-1.150000e-01	2.675585e-03
-1.125000e-01	2.762723e-03
-1.100000e-01	2.882979e-03
-1.075000e-01	2.959641e-03
-1.050000e-01	2.913762e-03
-1.025000e-01	2.758209e-03
-1.000000e-01	2.575209e-03
-9.750000e-02	2.422498e-03
-9.500000e-02	2.318978e-03
-9.250000e-02	2.275931e-03
-9.000000e-02	2.291747e-03
-8.750000e-02	2.330613e-03
-8.500000e-02	2.342154e-03
-8.250000e-02	2.318278e-03
-8.000000e-02	2.297816e-03
-7.750000e-02	2.306443e-03
-7.500000e-02	2.332042e-03
-7.250000e-02	2.357373e-03
-7.000000e-02	2.376625e-03
-6.750000e-02	2.378386e-03
-6.500000e-02	2.360205e-03
-6.250000e-02	2.339662e-03
-6.000000e-02	2.314136e-03
-5.750000e-02	2.251969e-03
-5.500000e-02	2.143619e-03
-5.250000e-02	2.015996e-03
-5.000000e-02	1.899102e-03
-4.750000e-02	1.815934e-03
-4.500000e-02	1.779825e-03
-4.250000e-02	1.787590e-03
-4.000000e-02	1.824088e-03
-3.750000e-02	1.863774e-03
-3.500000e-02	1.876538e-03
-3.250000e-02	1.851650e-03
-3.000000e-02	1.796650e-03
-2.750000e-02	1.715366e-03
-2.500000e-02	1.611491e-03
-2.250000e-02	1.503541e-03
-2.000000e-02	1.412971e-03
-1.750000e-02	1.345504e-03
-1.500000e-02	1.295178e-03
-1.250000e-02	1.248802e-03
-1.000000e-02	1.185986e-03
-7.500000e-03	1.095229e-03
-5.000000e-03	9.851450e-04
-2.500000e-03	8.719457e-04
-6.394885e-14	7.662440e-04
2.500000e-03	6.726373e-04
5.000000e-03	5.933664e-04
7.500000e-03	5.287656e-04
1.000000e-02	4.771834e-04
1.250000e-02	4.360854e-04
1.500000e-02	4.030462e-04
1.750000e-02	3.761187e-04
2.000000e-02	3.538440e-04
2.250000e-02	3.351531e-04
2.500000e-02	3.192633e-04
2.750000e-02	3.055960e-04
3.000000e-02	2.937180e-04
3.250000e-02	2.833000e-04
3.500000e-02	2.740883e-04
3.750000e-02	2.658845e-04
4.000000e-02	2.585314e-04
4.250000e-02	2.519033e-04
4.500000e-02	2.458978e-04
4.750000e-02	2.404315e-04
5.000000e-02	2.354353e-04
5.250000e-02	2.308514e-04
5.500000e-02	2.266314e-04
5.750000e-02	2.227344e-04
6.000000e-02	2.191252e-04
6.250000e-02	2.157740e-04
6.500000e-02	2.126548e-04
6.750000e-02	2.097451e-04
7.000000e-02	2.070254e-04
7.250000e-02	2.044784e-04
7.500000e-02	2.020891e-04
7.750000e-02	1.998440e-04
8.000000e-02	1.977314e-04
8.250000e-02	1.957406e-04
8.500000e-02	1.938623e-04
8.750000e-02	1.920880e-04
9.000000e-02	1.904101e-04
9.250000e-02	1.888216e-04
9.500000e-02	1.873165e-04
9.750000e-02	1.858891e-04
1.000000e-01	1.845343e-04
1.025000e-01	1.832474e-04
1.050000e-01	1.820242e-04
1.075000e-01	1.808608e-04
1.100000e-01	1.797536e-04
1.125000e-01	1.786993e-04
1.150000e-01	1.776950e-04
1.175000e-01	1.767378e-04
1.200000e-01	1.758252e-04
1.225000e-01	1.749548e-04
1.250000e-01	1.741244e-04
1.275000e-01	1.733319e-04
1.300000e-01	1.725755e-04
1.325000e-01	1.718533e-04
1.350000e-01	1.711639e-04
1.375000e-01	1.705055e-04
1.400000e-01	1.698767e-04
1.425000e-01	1.692763e-04
1.450000e-01	1.687030e-04
1.475000e-01	1.681556e-04
1.500000e-01	1.676329e-04
1.525000e-01	1.671340e-04
1.550000e-01	1.666578e-04
1.575000e-01	1.662035e-04
1.600000e-01	1.657702e-04
1.625000e-01	1.653571e-04
1.650000e-01	1.649633e-04
1.675000e-01	1.645882e-04
1.700000e-01	1.642311e-04
1.725000e-01	1.638914e-04
1.750000e-01	1.635683e-04
1.775000e-01	1.632614e-04
1.800000e-01	1.629701e-04
1.825000e-01	1.626938e-04
1.850000e-01	1.624321e-04
1.875000e-01	1.621844e-04
1.900000e-01	1.619505e-04
1.925000e-01	1.617297e-04
1.950000e-01	1.615217e-04
1.975000e-01	1.613261e-04
2.000000e-01	1.611426e-04
2.025000e-01	1.609708e-04
2.050000e-01	1.608103e-04
2.075000e-01	1.606609e-04
2.100000e-01	1.605222e-04
2.125000e-01	1.603940e-04
2.150000e-01	1.602759e-04
2.175000e-01	1.601678e-04
2.200000e-01	1.600692e-04
2.225000e-01	1.599801e-04
2.250000e-01	1.599002e-04
2.275000e-01	1.598292e-04
2.300000e-01	1.597669e-04
2.325000e-01	1.597131e-04
2.350000e-01	1.596677e-04
2.375000e-01	1.596304e-04
2.400000e-01	1.596011e-04
2.425000e-01	1.595796e-04
2.450000e-01	1.595657e-04
2.475000e-01	1.595593e-04
2.500000e-01	1.595602e-04
2.525000e-01	1.595683e-04
2.550000e-01	1.595833e-04
2.575000e-01	1.596053e-04
2.600000e-01	1.596340e-04
2.625000e-01	1.596694e-04
2.650000e-01	1.597113e-04
2.675000e-01	1.597596e-04
2.700000e-01	1.598142e-04
2.725000e-01	1.598749e-04
2.750000e-01	1.599418e-04
2.775000e-01	1.600146e-04
2.800000e-01	1.600933e-04
2.825000e-01	1.601778e-04
2.850000e-01	1.602680e-04
2.875000e-01	1.603638e-04
2.900000e-01	1.604652e-04
2.925000e-01	1.605721e-04
2.950000e-01	1.606843e-04
2.975000e-01	1.608018e-04
3.000000e-01	1.609246e-04
3.025000e-01	1.610526e-04
3.050000e-01	1.611857e-04
3.075000e-01	1.613238e-04
3.100000e-01	1.614670e-04
3.125000e-01	1.616150e-04
3.150000e-01	1.617680e-04
3.175000e-01	1.619258e-04
3.200000e-01	1.620883e-04
3.225000e-01	1.622556e-04
3.250000e-01	1.624276e-04
3.275000e-01	1.626042e-04
3.300000e-01	1.627854e-04
3.325000e-01	1.629712e-04
3.350000e-01	1.631614e-04
3.375000e-01	1.633562e-04
3.400000e-01	1.635553e-04
3.425000e-01	1.637589e-04
3.450000e-01	1.639668e-04
3.475000e-01	1.641791e-04
3.500000e-01	1.643957e-04
3.525000e-01	1.646166e-04
3.550000e-01	1.648417e-04
3.575000e-01	1.650710e-04
3.600000e-01	1.653045e-04
3.625000e-01	1.655422e-04
3.650000e-01	1.657841e-04
3.675000e-01	1.660300e-04
3.700000e-01	1.662801e-04
3.725000e-01	1.665343e-04
3.750000e-01	1.667925e-04
3.775000e-01	1.670547e-04
3.800000e-01	1.673210e-04
3.825000e-01	1.675914e-04
3.850000e-01	1.678657e-04
3.875000e-01	1.681440e-04
3.900000e-01	1.684263e-04
3.925000e-01	1.687125e-04
3.950000e-01	1.690027e-04
3.975000e-01	1.692968e-04
4.000000e-01	1.695949e-04
4.025000e-01	1.698969e-04
4.050000e-01	1.702028e-04
4.075000e-01	1.705126e-04
4.100000e-01	1.708263e-04
4.125000e-01	1.711440e-04
4.150000e-01	1.714655e-04
4.175000e-01	1.717909e-04
4.200000e-01	1.721201e-04
4.225000e-01	1.724533e-04
4.250000e-01	1.727904e-04
4.275000e-01	1.731313e-04
4.300000e-01	1.734761e-04
4.325000e-01	1.738248e-04
4.350000e-01	1.741774e-04
4.375000e-01	1.745338e-04
4.400000e-01	1.748942e-04
4.425000e-01	1.752584e-04
4.450000e-01	1.756265e-04
4.475000e-01	1.759985e-04
4.500000e-01	1.763744e-04
4.525000e-01	1.767543e-04
4.550000e-01	1.771380e-04
4.575000e-01	1.775257e-04
4.600000e-01	1.779172e-04
4.625000e-01	1.783127e-04
4.650000e-01	1.787122e-04
4.675000e-01	1.791156e-04
4.700000e-01	1.795230e-04
4.725000e-01	1.799343e-04
4.750000e-01	1.803496e-04
4.775000e-01	1.807689e-04
4.800000e-01	1.811923e-04
4.825000e-01	1.816196e-04
4.850000e-01	1.820509e-04
4.875000e-01	1.824863e-04
4.900000e-01	1.829258e-04
4.925000e-01	1.833693e-04
4.950000e-01	1.838169e-04
4.975000e-01	1.842686e-04
5.000000e-01	1.847245e-04
5.025000e-01	1.851844e-04
5.050000e-01	1.856485e-04
5.075000e-01	1.861168e-04
5.100000e-01	1.865893e-04
5.125000e-01	1.870659e-04
5.150000e-01	1.875468e-04
5.175000e-01	1.880320e-04
5.200000e-01	1.885213e-04
5.225000e-01	1.890150e-04
5.250000e-01	1.895130e-04
5.275000e-01	1.900153e-04
5.300000e-01	1.905220e-04
5.325000e-01	1.910330e-04
5.350000e-01	1.915484e-04
5.375000e-01	1.920682e-04
5.400000e-01	1.925925e-04
5.425000e-01	1.931212e-04
5.450000e-01	1.936545e-04
5.475000e-01	1.941922e-04
5.500000e-01	1.947345e-04
5.525000e-01	1.952814e-04
5.550000e-01	1.958329e-04
5.575000e-01	1.963890e-04
5.600000e-01	1.969497e-04
5.625000e-01	1.975152e-04
5.650000e-01	1.980853e-04
5.675000e-01	1.986602e-04
5.700000e-01	1.992399e-04
5.725000e-01	1.998244e-04
5.750000e-01	2.004137e-04
5.775000e-01	2.010079e-04
5.800000e-01	2.016069e-04
5.825000e-01	2.022110e-04
5.850000e-01	2.028200e-04
5.875000e-01	2.034340e-04
5.900000e-01	2.040530e-04
5.925000e-01	2.046772e-04
5.950000e-01	2.053064e-04
5.975000e-01	2.059408e-04
6.000000e-01	2.065804e-04
6.025000e-01	2.072252e-04
6.050000e-01	2.078753e-04
6.075000e-01	2.085307e-04
6.100000e-01	2.091914e-04
6.125000e-01	2.098576e-04
6.150000e-01	2.105291e-04
6.175000e-01	2.112061e-04
6.200000e-01	2.118887e-04
6.225000e-01	2.125768e-04
6.250000e-01	2.132705e-04
6.275000e-01	2.139699e-04
6.300000e-01	2.146749e-04
6.325000e-01	2.153857e-04
6.350000e-01	2.161023e-04
6.375000e-01	2.168247e-04
6.400000e-01	2.175530e-04
6.425000e-01	2.182872e-04
6.450000e-01	2.190274e-04
6.475000e-01	2.197736e-04
6.500000e-01	2.205260e-04
6.525000e-01	2.212844e-04
6.550000e-01	2.220491e-04
6.575000e-01	2.228200e-04
6.600000e-01	2.235971e-04
6.625000e-01	2.243807e-04
6.650000e-01	2.251706e-04
6.675000e-01	2.259671e-04
6.700000e-01	2.267700e-04
6.725000e-01	2.275795e-04
6.750000e-01	2.283957e-04
6.775000e-01	2.292186e-04
6.800000e-01	2.300482e-04
6.825000e-01	2.308846e-04
6.850000e-01	2.317280e-04
6.875000e-01	2.325783e-04
6.900000e-01	2.334356e-04
6.925000e-01	2.343000e-04
6.950000e-01	2.351715e-04
6.975000e-01	2.360503e-04
7.000000e-01	2.369364e-04
7.025000e-01	2.378298e-04
7.050000e-01	2.387306e-04
7.075000e-01	2.396389e-04
7.100000e-01	2.405548e-04
7.125000e-01	2.414784e-04
7.150000e-01	2.424097e-04
7.175000e-01	2.433487e-04
7.200000e-01	2.442957e-04
7.225000e-01	2.452506e-04
7.250000e-01	2.462135e-04
7.275000e-01	2.471845e-04
7.300000e-01	2.481638e-04
7.325000e-01	2.491513e-04
7.350000e-01	2.501471e-04
7.375000e-01	2.511514e-04
7.400000e-01	2.521643e-04
7.425000e-01	2.531858e-04
7.450000e-01	2.542159e-04
7.475000e-01	2.552549e-04
7.500000e-01	2.563028e-04
7.525000e-01	2.573596e-04
7.550000e-01	2.584256e-04
7.575000e-01	2.595007e-04
7.600000e-01	2.605850e-04
7.625000e-01	2.616788e-04
7.650000e-01	2.627820e-04
7.675000e-01	2.638948e-04
7.700000e-01	2.650173e-04
7.725000e-01	2.661495e-04
7.750000e-01	2.672917e-04
7.775000e-01	2.684438e-04
7.800000e-01	2.696060e-04
7.825000e-01	2.707785e-04
7.850000e-01	2.719613e-04
7.875000e-01	2.731545e-04
7.900000e-01	2.743583e-04
7.925000e-01	2.755728e-04
7.950000e-01	2.767980e-04
7.975000e-01	2.780342e-04
8.000000e-01	2.792815e-04
8.025000e-01	2.805399e-04
8.050000e-01	2.818095e-04
8.075000e-01	2.830907e-04
8.100000e-01	2.843833e-04
8.125000e-01	2.856877e-04
8.150000e-01	2.870039e-04
8.175000e-01	2.883320e-04
8.200000e-01	2.896723e-04
8.225000e-01	2.910248e-04
8.250000e-01	2.923897e-04
8.275000e-01	2.937671e-04
8.300000e-01	2.951572e-04
8.325000e-01	2.965601e-04
8.350000e-01	2.979760e-04
8.375000e-01	2.994051e-04
8.400000e-01	3.008474e-04
8.425000e-01	3.023032e-04
8.450000e-01	3.037727e-04
8.475000e-01	3.052559e-04
8.500000e-01	3.067531e-04
8.525000e-01	3.082644e-04
8.550000e-01	3.097900e-04
8.575000e-01	3.113301e-04
8.600000e-01	3.128848e-04
8.625000e-01	3.144544e-04
8.650000e-01	3.160390e-04
8.675000e-01	3.176388e-04
8.700000e-01	3.192540e-04
8.725000e-01	3.208848e-04
8.750000e-01	3.225314e-04
8.775000e-01	3.241941e-04
8.800000e-01	3.258729e-04
8.825000e-01	3.275681e-04
8.850000e-01	3.292799e-04
8.875000e-01	3.310086e-04
8.900000e-01	3.327543e-04
8.925000e-01	3.345173e-04
8.950000e-01	3.362978e-04
8.975000e-01	3.380961e-04
9.000000e-01	3.399123e-04
9.025000e-01	3.417467e-04
9.050000e-01	3.435995e-04
9.075000e-01	3.454710e-04
9.100000e-01	3.473615e-04
9.125000e-01	3.492711e-04
9.150000e-01	3.512002e-04
9.175000e-01	3.531490e-04
9.200000e-01	3.551178e-04
9.225000e-01	3.571068e-04
9.250000e-01	3.591164e-04
9.275000e-01	3.611467e-04
9.300000e-01	3.631982e-04
9.325000e-01	3.652710e-04
9.350000e-01	3.673656e-04
9.375000e-01	3.694821e-04
9.400000e-01	3.716209e-04
9.425000e-01	3.737823e-04
9.450000e-01	3.759667e-04
9.475000e-01	3.781742e-04
9.500000e-01	3.804054e-04
9.525000e-01	3.826605e-04
9.550000e-01	3.849398e-04
9.575000e-01	3.872438e-04
9.600000e-01	3.895727e-04
9.625000e-01	3.919269e-04
9.650000e-01	3.943068e-04
9.675000e-01	3.967128e-04
9.700000e-01	3.991452e-04
9.725000e-01	4.016044e-04
9.750000e-01	4.040909e-04
9.775000e-01	4.066051e-04
9.800000e-01	4.091472e-04
9.825000e-01	4.117179e-04
9.850000e-01	4.143174e-04
9.875000e-01	4.169463e-04
9.900000e-01	4.196049e-04
9.925000e-01	4.222938e-04
9.950000e-01	4.250133e-04
9.975000e-01	4.277640e-04
1.000000e+00	4.305464e-04
1.002500e+00	4.333609e-04
1.005000e+00	4.362079e-04
1.007500e+00	4.390882e-04
1.010000e+00	4.420020e-04
1.012500e+00	4.449501e-04
1.015000e+00	4.479328e-04
1.017500e+00	4.509508e-04
1.020000e+00	4.540047e-04
1.022500e+00	4.570949e-04
1.025000e+00	4.602222e-04
1.027500e+00	4.633870e-04
1.030000e+00	4.665899e-04
1.032500e+00	4.698317e-04
1.035000e+00	4.731129e-04
1.037500e+00	4.764342e-04
1.040000e+00	4.797963e-04
1.042500e+00	4.831997e-04
1.045000e+00	4.866453e-04
1.047500e+00	4.901336e-04
1.050000e+00	4.936655e-04
1.052500e+00	4.972416e-04
1.055000e+00	5.008627e-04
1.057500e+00	5.045296e-04
1.060000e+00	5.082430e-04
1.062500e+00	5.120038e-04
1.065000e+00	5.158127e-04
1.067500e+00	5.196705e-04
1.070000e+00	5.235782e-04
1.072500e+00	5.275366e-04
1.075000e+00	5.315466e-04
1.077500e+00	5.356090e-04
1.080000e+00	5.397249e-04
1.082500e+00	5.438951e-04
1.085000e+00	5.481207e-04
1.087500e+00	5.524025e-04
1.090000e+00	5.567417e-04
1.092500e+00	5.611393e-04
1.095000e+00	5.655963e-04
1.097500e+00	5.701138e-04
1.100000e+00	5.746929e-04
1.102500e+00	5.793348e-04
1.105000e+00	5.840406e-04
1.107500e+00	5.888115e-04
1.110000e+00	5.936487e-04
1.112500e+00	5.985534e-04
1.115000e+00	6.035270e-04
1.117500e+00	6.085707e-04
1.120000e+00	6.136859e-04
1.122500e+00	6.188739e-04
1.125000e+00	6.241362e-04
1.127500e+00	6.294742e-04
1.130000e+00	6.348892e-04
1.132500e+00	6.403830e-04
1.135000e+00	6.459569e-04
1.137500e+00	6.516126e-04
1.140000e+00	6.573516e-04
1.142500e+00	6.631757e-04
1.145000e+00	6.690866e-04
1.147500e+00	6.750860e-04
1.150000e+00	6.811756e-04
1.152500e+00	6.873573e-04
1.155000e+00	6.936331e-04
1.157500e+00	7.000048e-04
1.160000e+00	7.064744e-04
1.162500e+00	7.130439e-04
1.165000e+00	7.197154e-04
1.167500e+00	7.264911e-04
1.170000e+00	7.333732e-04
1.172500e+00	7.403639e-04
1.175000e+00	7.474655e-04
1.177500e+00	7.546804e-04
1.180000e+00	7.620110e-04
1.182500e+00	7.694599e-04
1.185000e+00	7.770297e-04
1.187500e+00	7.847229e-04
1.190000e+00	7.925423e-04
1.192500e+00	8.004906e-04
1.195000e+00	8.085709e-04
1.197500e+00	8.167859e-04
1.200000e+00	8.251389e-04
1.202500e+00	8.336327e-04
1.205000e+00	8.422708e-04
1.207500e+00	8.510564e-04
1.210000e+00	8.599928e-04
1.212500e+00	8.690837e-04
1.215000e+00	8.783326e-04
1.217500e+00	8.877431e-04
1.220000e+00	8.973192e-04
1.222500e+00	9.070647e-04
1.225000e+00	9.169837e-04
1.227500e+00	9.270804e-04
1.230000e+00	9.373590e-04
1.232500e+00	9.478241e-04
1.235000e+00	9.584801e-04
1.237500e+00	9.693317e-04
1.240000e+00	9.803839e-04
1.242500e+00	9.916416e-04
1.245000e+00	1.003110e-03
1.247500e+00	1.014794e-03
1.250000e+00	1.026700e-03
1.252500e+00	1.038833e-03
1.255000e+00	1.051199e-03
1.257500e+00	1.063804e-03
1.260000e+00	1.076654e-03
1.262500e+00	1.089756e-03
1.265000e+00	1.103117e-03
1.267500e+00	1.116742e-03
1.270000e+00	1.130640e-03
1.272500e+00	1.144818e-03
1.275000e+00	1.159283e-03
1.277500e+00	1.174043e-03
1.280000e+00	1.189107e-03
1.282500e+00	1.204482e-03
1.285000e+00	1.220178e-03
1.287500e+00	1.236203e-03
1.290000e+00	1.252566e-03
1.292500e+00	1.269279e-03
1.295000e+00	1.286349e-03
1.297500e+00	1.303789e-03
1.300000e+00	1.321608e-03
1.302500e+00	1.339818e-03
1.305000e+00	1.358430e-03
1.307500e+00	1.377456e-03
1.310000e+00	1.396909e-03
1.312500e+00	1.416802e-03
1.315000e+00	1.437147e-03
1.317500e+00	1.457960e-03
1.320000e+00	1.479254e-03
1.322500e+00	1.501044e-03
1.325000e+00	1.523347e-03
1.327500e+00	1.546178e-03
1.330000e+00	1.569554e-03
1.332500e+00	1.593493e-03
1.335000e+00	1.618013e-03
1.337500e+00	1.643133e-03
1.340000e+00	1.668873e-03
1.342500e+00	1.695253e-03
1.345000e+00	1.722296e-03
1.347500e+00	1.750023e-03
1.350000e+00	1.778458e-03
1.352500e+00	1.807625e-03
1.355000e+00	1.837550e-03
1.357500e+00	1.868259e-03
1.360000e+00	1.899780e-03
1.362500e+00	1.932142e-03
1.365000e+00	1.965375e-03
1.367500e+00	1.999512e-03
1.370000e+00	2.034584e-03
1.372500e+00	2.070627e-03
1.375000e+00	2.107677e-03
1.377500e+00	2.145772e-03
1.380000e+00	2.184951e-03
1.382500e+00	2.225257e-03
1.385000e+00	2.266733e-03
1.387500e+00	2.309424e-03
1.390000e+00	2.353380e-03
1.392500e+00	2.398650e-03
1.395000e+00	2.445288e-03
1.397500e+00	2.493350e-03
1.400000e+00	2.542893e-03
1.402500e+00	2.593980e-03
1.405000e+00	2.646676e-03
1.407500e+00	2.701049e-03
1.410000e+00	2.757171e-03
1.412500e+00	2.815118e-03
1.415000e+00	2.874971e-03
1.417500e+00	2.936813e-03
1.420000e+00	3.000735e-03
1.422500e+00	3.066831e-03
1.425000e+00	3.135199e-03
1.427500e+00	3.205948e-03
1.430000e+00	3.279187e-03
1.432500e+00	3.355035e-03
1.435000e+00	3.433619e-03
1.437500e+00	3.515071e-03
1.440000e+00	3.599533e-03
1.442500e+00	3.687155e-03
1.445000e+00	3.778097e-03
1.447500e+00	3.872529e-03
1.450000e+00	3.970632e-03
1.452500e+00	4.072600e-03
1.455000e+00	4.178636e-03
1.457500e+00	4.288963e-03
1.460000e+00	4.403813e-03
1.462500e+00	4.523438e-03
1.465000e+00	4.648107e-03
1.467500e+00	4.778107e-03
1.470000e+00	4.913746e-03
1.472500e+00	5.055356e-03
1.475000e+00	5.203293e-03
1.477500e+00	5.357938e-03
1.480000e+00	5.519704e-03
1.482500e+00	5.689035e-03
1.485000e+00	5.866409e-03
1.487500e+00	6.052344e-03
1.490000e+00	6.247401e-03
1.492500e+00	6.452184e-03
1.495000e+00	6.667352e-03
1.497500e+00	6.893618e-03
1.500000e+00	7.131759e-03
1.502500e+00	7.382618e-03
1.505000e+00	7.647118e-03
1.507500e+00	7.926265e-03
1.510000e+00	8.221158e-03
1.512500e+00	8.533005e-03
1.515000e+00	8.863127e-03
1.517500e+00	9.212979e-03
1.520000e+00	9.584163e-03
1.522500e+00	9.978445e-03
1.525000e+00	1.039778e-02
1.527500e+00	1.084433e-02
1.530000e+00	1.132050e-02
1.532500e+00	1.182896e-02
1.535000e+00	1.237269e-02
1.537500e+00	1.295502e-02
1.540000e+00	1.357969e-02
1.542500e+00	1.425088e-02
1.545000e+00	1.497331e-02
1.547500e+00	1.575233e-02
1.550000e+00	1.659398e-02
1.552500e+00	1.750513e-02
1.555000e+00	1.849361e-02
1.557500e+00	1.956839e-02
1.560000e+00	2.073977e-02
1.562500e+00	2.201962e-02
1.565000e+00	2.342167e-02
1.567500e+00	2.496192e-02
1.570000e+00	2.665900e-02
1.572500e+00	2.853482e-02
1.575000e+00	3.061519e-02
1.577500e+00	3.293071e-02
1.580000e+00	3.551790e-02
1.582500e+00	3.842056e-02
1.585000e+00	4.169158e-02
1.587500e+00	4.539530e-02
1.590000e+00	4.961054e-02
1.592500e+00	5.443464e-02
1.595000e+00	5.998889e-02
1.597500e+00	6.642574e-02
1.600000e+00	7.393875e-02
1.602500e+00	8.277629e-02
1.605000e+00	9.326071e-02
1.607500e+00	1.058155e-01
1.610000e+00	1.210040e-01
1.612500e+00	1.395863e-01
1.615000e+00	1.626017e-01
1.617500e+00	1.914916e-01
1.620000e+00	2.282803e-01
1.622500e+00	2.758391e-01
1.625000e+00	3.382514e-01
1.627500e+00	4.212553e-01
1.630000e+00	5.325467e-01
1.632500e+00	6.811291e-01
1.635000e+00	8.733419e-01
1.637500e+00	1.100812e+00
1.640000e+00	1.318659e+00
1.642500e+00	1.439232e+00
1.645000e+00	1.393086e+00
1.647500e+00	1.208618e+00
1.650000e+00	9.770494e-01
1.652500e+00	7.656316e-01
1.655000e+00	5.969308e-01
1.657500e+00	4.692991e-01
1.660000e+00	3.741280e-01
1.662500e+00	3.029081e-01
1.665000e+00	2.489955e-01
1.667500e+00	2.075874e-01
1.670000e+00	1.752970e-01
1.672500e+00	1.497424e-01
1.675000e+00	1.292362e-01
1.677500e+00	1.125691e-01
1.680000e+00	9.886288e-02
1.682500e+00	8.747035e-02
1.685000e+00	7.790829e-02
1.687500e+00	6.981104e-02
1.690000e+00	6.289838e-02
1.692500e+00	5.695309e-02
1.695000e+00	5.180489e-02
1.697500e+00	4.731897e-02
1.700000e+00	4.338755e-02
1.702500e+00	3.992370e-02
1.705000e+00	3.685675e-02
1.707500e+00	3.412877e-02
1.710000e+00	3.169195e-02
1.712500e+00	2.950658e-02
1.715000e+00	2.753943e-02
1.717500e+00	2.576256e-02
1.720000e+00	2.415235e-02
1.722500e+00	2.268869e-02
1.725000e+00	2.135443e-02
1.727500e+00	2.013482e-02
1.730000e+00	1.901716e-02
1.732500e+00	1.799044e-02
1.735000e+00	1.704511e-02
1.737500e+00	1.617281e-02
1.740000e+00	1.536626e-02
1.742500e+00	1.461904e-02
1.745000e+00	1.392548e-02
1.747500e+00	1.328059e-02
1.750000e+00	1.267994e-02
1.752500e+00	1.211960e-02
1.755000e+00	1.159604e-02
1.757500e+00	1.110614e-02
1.760000e+00	1.064707e-02
1.762500e+00	1.021633e-02
1.765000e+00	9.811626e-03
1.767500e+00	9.430921e-03
1.770000e+00	9.072361e-03
1.772500e+00	8.734269e-03
1.775000e+00	8.415126e-03
1.777500e+00	8.113547e-03
1.780000e+00	7.828276e-03
1.782500e+00	7.558163e-03
1.785000e+00	7.302160e-03
1.787500e+00	7.059308e-03
1.790000e+00	6.828726e-03
1.792500e+00	6.609608e-03
1.795000e+00	6.401212e-03
1.797500e+00	6.202856e-03
1.800000e+00	6.013909e-03
1.802500e+00	5.833792e-03
1.805000e+00	5.661967e-03
1.807500e+00	5.497940e-03
1.810000e+00	5.341249e-03
1.812500e+00	5.191470e-03
1.815000e+00	5.048206e-03
1.817500e+00	4.911090e-03
1.820000e+00	4.779779e-03
1.822500e+00	4.653957e-03
1.825000e+00	4.533325e-03
1.827500e+00	4.417607e-03
1.830000e+00	4.306544e-03
1.832500e+00	4.199895e-03
1.835000e+00	4.097434e-03
1.837500e+00	3.998949e-03
1.840000e+00	3.904242e-03
1.842500e+00	3.813127e-03
1.845000e+00	3.725430e-03
1.847500e+00	3.640986e-03
1.850000e+00	3.559641e-03
1.852500e+00	3.481250e-03
1.855000e+00	3.405678e-03
1.857500e+00	3.332796e-03
1.860000e+00	3.262482e-03
1.862500e+00	3.194622e-03
1.865000e+00	3.129109e-03
1.867500e+00	3.065841e-03
1.870000e+00	3.004722e-03
1.872500e+00	2.945661e-03
1.875000e+00	2.888572e-03
1.877500e+00	2.833373e-03
1.880000e+00	2.779989e-03
1.882500e+00	2.728345e-03
1.885000e+00	2.678373e-03
1.887500e+00	2.630008e-03
1.890000e+00	2.583187e-03
1.892500e+00	2.537851e-03
1.895000e+00	2.493945e-03
1.897500e+00	2.451416e-03
1.900000e+00	2.410212e-03
1.902500e+00	2.370287e-03
1.905000e+00	2.331595e-03
1.907500e+00	2.294093e-03
1.910000e+00	2.257739e-03
1.912500e+00	2.222495e-03
1.915000e+00	2.188324e-03
1.917500e+00	2.155190e-03
1.920000e+00	2.123061e-03
1.922500e+00	2.091904e-03
1.925000e+00	2.061689e-03
1.927500e+00	2.032387e-03
1.930000e+00	2.003972e-03
1.932500e+00	1.976418e-03
1.935000e+00	1.949699e-03
1.937500e+00	1.923794e-03
1.940000e+00	1.898680e-03
1.942500e+00	1.874336e-03
1.945000e+00	1.850743e-03
1.947500e+00	1.827883e-03
1.950000e+00	1.805738e-03
1.952500e+00	1.784292e-03
1.955000e+00	1.763530e-03
1.957500e+00	1.743438e-03
1.960000e+00	1.724003e-03
1.962500e+00	1.705212e-03
1.965000e+00	1.687055e-03
1.967500e+00	1.669522e-03
1.970000e+00	1.652603e-03
1.972500e+00	1.636291e-03
1.975000e+00	1.620579e-03
1.977500e+00	1.605460e-03
1.980000e+00	1.590930e-03
1.982500e+00	1.576986e-03
1.985000e+00	1.563625e-03
1.987500e+00	1.550846e-03
1.990000e+00	1.538648e-03
1.992500e+00	1.527034e-03
1.995000e+00	1.516006e-03
1.997500e+00	1.505568e-03
2.000000e+00	1.495727e-03
2.002500e+00	1.486491e-03
2.005000e+00	1.477869e-03
2.007500e+00	1.469874e-03
2.010000e+00	1.462521e-03
2.012500e+00	1.455826e-03
2.015000e+00	1.449810e-03
2.017500e+00	1.444496e-03
2.020000e+00	1.439912e-03
2.022500e+00	1.436089e-03
2.025000e+00	1.433065e-03
2.027500e+00	1.430880e-03
2.030000e+00	1.429584e-03
2.032500e+00	1.429232e-03
2.035000e+00	1.429890e-03
2.037500e+00	1.431632e-03
2.040000e+00	1.434546e-03
2.042500e+00	1.438733e-03
2.045000e+00	1.444312e-03
2.047500e+00	1.451423e-03
2.050000e+00	1.460230e-03
2.052500e+00	1.470930e-03
2.055000e+00	1.483757e-03
2.057500e+00	1.498993e-03
2.060000e+00	1.516980e-03
2.062500e+00	1.538139e-03
2.065000e+00	1.562990e-03
2.067500e+00	1.592180e-03
2.070000e+00	1.626532e-03
2.072500e+00	1.667098e-03
2.075000e+00	1.715245e-03
2.077500e+00	1.772774e-03
2.080000e+00	1.842095e-03
2.082500e+00	1.926478e-03
2.085000e+00	2.030413e-03
2.087500e+00	2.160104e-03
2.090000e+00	2.324051e-03
2.092500e+00	2.533427e-03
2.095000e+00	2.801207e-03
2.097500e+00	3.137179e-03
2.100000e+00	3.534280e-03
2.102500e+00	3.949698e-03
2.105000e+00	4.316581e-03
2.107500e+00	4.619375e-03
2.110000e+00	4.937351e-03
2.112500e+00	5.364996e-03
2.115000e+00	5.909350e-03
2.117500e+00	6.446477e-03
2.120000e+00	6.791319e-03
2.122500e+00	6.895295e-03
2.125000e+00	6.898442e-03
2.127500e+00	6.921124e-03
2.130000e+00	6.942259e-03
2.132500e+00	6.923247e-03
2.135000e+00	6.944310e-03
2.137500e+00	7.131485e-03
2.140000e+00	7.514518e-03
2.142500e+00	7.976688e-03
2.145000e+00	8.342971e-03
2.147500e+00	8.590754e-03
2.150000e+00	8.899717e-03
2.152500e+00	9.424887e-03
2.155000e+00	1.007949e-02
2.157500e+00	1.049738e-02
2.160000e+00	1.030362e-02
2.162500e+00	9.538713e-03
2.165000e+00	8.602057e-03
2.167500e+00	7.842593e-03
2.170000e+00	7.409715e-03
2.172500e+00	7.332895e-03
2.175000e+00	7.597032e-03
2.177500e+00	8.148418e-03
2.180000e+00	8.854430e-03
2.182500e+00	9.514696e-03
2.185000e+00	1.003731e-02
2.187500e+00	1.058142e-02
2.190000e+00	1.137327e-02
2.192500e+00	1.240595e-02
2.195000e+00	1.328844e-02
2.197500e+00	1.343055e-02
2.200000e+00	1.263705e-02
2.202500e+00	1.134910e-02
2.205000e+00	1.013720e-02
2.207500e+00	9.306216e-03
2.210000e+00	8.923576e-03
2.212500e+00	8.928337e-03
2.215000e+00	9.159757e-03
2.217500e+00	9.388011e-03
2.220000e+00	9.479614e-03
2.222500e+00	9.535353e-03
2.225000e+00	9.732212e-03
2.227500e+00	1.008577e-02
2.230000e+00	1.042366e-02
2.232500e+00	1.060910e-02
2.235000e+00	1.075781e-02
2.237500e+00	1.109772e-02
2.240000e+00	1.168148e-02
2.242500e+00	1.229274e-02
2.245000e+00	1.264457e-02
2.247500e+00	1.271179e-02
2.250000e+00	1.267502e-02
2.252500e+00	1.257691e-02
2.255000e+00	1.235095e-02
2.257500e+00	1.212032e-02
2.260000e+00	1.217003e-02
2.262500e+00	1.266717e-02
2.265000e+00	1.347819e-02
2.267500e+00	1.411202e-02
2.270000e+00	1.397318e-02
2.272500e+00	1.295516e-02
2.275000e+00	1.154721e-02
2.277500e+00	1.028040e-02
2.280000e+00	9.403597e-03
2.282500e+00	8.943461e-03
2.285000e+00	8.805211e-03
2.287500e+00	8.814487e-03
2.290000e+00	8.805102e-03
2.292500e+00	8.771521e-03
2.295000e+00	8.872295e-03
2.297500e+00	9.282303e-03
2.300000e+00	1.011557e-02
2.302500e+00	1.141390e-02
2.305000e+00	1.307986e-02
2.307500e+00	1.473286e-02
2.310000e+00	1.572702e-02
2.312500e+00	1.567668e-02
2.315000e+00	1.494996e-02
2.317500e+00	1.427874e-02
2.320000e+00	1.416232e-02
2.322500e+00	1.473811e-02
2.325000e+00	1.579974e-02
2.327500e+00	1.674227e-02
2.330000e+00	1.677056e-02
2.332500e+00	1.561397e-02
2.335000e+00	1.381505e-02
2.337500e+00	1.207790e-02
2.340000e+00	1.075529e-02
2.342500e+00	9.872432e-03
2.345000e+00	9.287829e-03
2.347500e+00	8.844958e-03
2.350000e+00	8.508572e-03
2.352500e+00	8.359571e-03
2.355000e+00	8.479463e-03
2.357500e+00	8.879921e-03
2.360000e+00	9.478186e-03
2.362500e+00	1.011910e-02
2.365000e+00	1.072427e-02
2.367500e+00	1.143436e-02
2.370000e+00	1.248547e-02
2.372500e+00	1.395636e-02
2.375000e+00	1.557165e-02
2.377500e+00	1.665707e-02
2.380000e+00	1.659275e-02
2.382500e+00	1.551778e-02
2.385000e+00	1.417302e-02
2.387500e+00	1.316943e-02
2.390000e+00	1.271734e-02
2.392500e+00	1.271627e-02
2.395000e+00	1.288581e-02
2.397500e+00	1.300416e-02
2.400000e+00	1.315954e-02
2.402500e+00	1.363738e-02
2.405000e+00	1.458722e-02
2.407500e+00	1.579638e-02
2.410000e+00	1.663553e-02
2.412500e+00	1.644791e-02
2.415000e+00	1.525675e-02
2.417500e+00	1.372648e-02
2.420000e+00	1.245933e-02
2.422500e+00	1.167908e-02
2.425000e+00	1.132337e-02
2.427500e+00	1.120831e-02
2.430000e+00	1.119975e-02
2.432500e+00	1.125467e-02
2.435000e+00	1.129577e-02
2.437500e+00	1.124405e-02
2.440000e+00	1.119342e-02
2.442500e+00	1.132585e-02
2.445000e+00	1.166124e-02
2.447500e+00	1.199475e-02
2.450000e+00	1.212702e-02
2.452500e+00	1.212464e-02
2.455000e+00	1.216423e-02
2.457500e+00	1.219381e-02
2.460000e+00	1.195123e-02
2.462500e+00	1.134619e-02
2.465000e+00	1.062916e-02
2.467500e+00	1.012022e-02
2.470000e+00	1.000437e-02
2.472500e+00	1.036384e-02
2.475000e+00	1.125967e-02
2.477500e+00	1.276690e-02
2.480000e+00	1.494363e-02
2.482500e+00	1.769328e-02
2.485000e+00	2.049567e-02
2.487500e+00	2.228205e-02
2.490000e+00	2.211776e-02
2.492500e+00	2.026315e-02
2.495000e+00	1.787589e-02
2.497500e+00	1.588426e-02
2.500000e+00	1.462086e-02
2.502500e+00	1.402873e-02
2.505000e+00	1.388326e-02
2.507500e+00	1.390898e-02
2.510000e+00	1.376198e-02
2.512500e+00	1.311038e-02
2.515000e+00	1.196846e-02
2.517500e+00	1.070614e-02
2.520000e+00	9.669699e-03
2.522500e+00	9.009823e-03
2.525000e+00	8.752623e-03
2.527500e+00	8.879156e-03
2.530000e+00	9.333267e-03
2.532500e+00	9.966101e-03
2.535000e+00	1.049895e-02
2.537500e+00	1.068370e-02
2.540000e+00	1.058193e-02
2.542500e+00	1.050548e-02
2.545000e+00	1.069637e-02
2.547500e+00	1.116015e-02
2.550000e+00	1.166818e-02
2.552500e+00	1.193544e-02
2.555000e+00	1.195109e-02
2.557500e+00	1.202917e-02
2.560000e+00	1.252162e-02
2.562500e+00	1.365478e-02
2.565000e+00	1.553130e-02
2.567500e+00	1.806581e-02
2.570000e+00	2.075100e-02
2.572500e+00	2.250347e-02
2.575000e+00	2.228237e-02
2.577500e+00	2.021473e-02
2.580000e+00	1.743329e-02
2.582500e+00	1.492042e-02
2.585000e+00	1.307757e-02
2.587500e+00	1.195188e-02
2.590000e+00	1.147338e-02
2.592500e+00	1.153474e-02
2.595000e+00	1.196110e-02
2.597500e+00	1.247955e-02
2.600000e+00	1.286660e-02
2.602500e+00	1.319695e-02
2.605000e+00	1.375606e-02
2.607500e+00	1.466936e-02
2.610000e+00	1.564258e-02
2.612500e+00	1.600860e-02
2.615000e+00	1.529306e-02
2.617500e+00	1.377009e-02
2.620000e+00	1.211218e-02
2.622500e+00	1.078152e-02
2.625000e+00	9.933244e-03
2.627500e+00	9.570306e-03
2.630000e+00	9.645751e-03
2.632500e+00	1.006753e-02
2.635000e+00	1.065326e-02
2.637500e+00	1.116314e-02
2.640000e+00	1.151539e-02
2.642500e+00	1.190751e-02
2.645000e+00	1.258184e-02
2.647500e+00	1.352956e-02
2.650000e+00	1.437081e-02
2.652500e+00	1.455978e-02
2.655000e+00	1.395380e-02
2.657500e+00	1.300503e-02
2.660000e+00	1.226971e-02
2.662500e+00	1.205889e-02
2.665000e+00	1.246867e-02
2.667500e+00	1.344568e-02
2.670000e+00	1.471594e-02
2.672500e+00	1.568525e-02
2.675000e+00	1.570440e-02
2.677500e+00	1.471715e-02
2.680000e+00	1.331636e-02
2.682500e+00	1.210623e-02
2.685000e+00	1.137791e-02
2.687500e+00	1.121392e-02
2.690000e+00	1.164195e-02
2.692500e+00	1.271051e-02
2.695000e+00	1.449917e-02
2.697500e+00	1.705820e-02
2.700000e+00	2.021938e-02
2.702500e+00	2.326578e-02
2.705000e+00	2.486436e-02
2.707500e+00	2.401887e-02
2.710000e+00	2.121532e-02
2.712500e+00	1.782234e-02
2.715000e+00	1.481886e-02
2.717500e+00	1.253026e-02
2.720000e+00	1.093973e-02
2.722500e+00	9.933650e-03
2.725000e+00	9.386091e-03
2.727500e+00	9.150954e-03
2.730000e+00	9.041418e-03
2.732500e+00	8.900541e-03
2.735000e+00	8.737020e-03
2.737500e+00	8.701551e-03
2.740000e+00	8.928627e-03
2.742500e+00	9.442396e-03
2.745000e+00	1.010972e-02
2.747500e+00	1.063098e-02
2.750000e+00	1.073532e-02
2.752500e+00	1.049098e-02
2.755000e+00	1.024555e-02
2.757500e+00	1.031145e-02
2.760000e+00	1.085326e-02
2.762500e+00	1.192358e-02
2.765000e+00	1.343957e-02
2.767500e+00	1.504650e-02
2.770000e+00	1.606674e-02
2.772500e+00	1.594886e-02
2.775000e+00	1.489450e-02
2.777500e+00	1.362598e-02
2.780000e+00	1.271537e-02
2.782500e+00	1.240671e-02
2.785000e+00	1.276052e-02
2.787500e+00	1.375053e-02
2.790000e+00	1.522388e-02
2.792500e+00	1.680437e-02
2.795000e+00	1.802110e-02
2.797500e+00	1.879255e-02
2.800000e+00	1.955047e-02
2.802500e+00	2.061667e-02
2.805000e+00	2.162823e-02
2.807500e+00	2.165548e-02
2.810000e+00	2.015332e-02
2.812500e+00	1.764548e-02
2.815000e+00	1.507002e-02
2.817500e+00	1.299338e-02
2.820000e+00	1.156863e-02
2.822500e+00	1.076502e-02
2.825000e+00	1.050264e-02
2.827500e+00	1.066104e-02
2.830000e+00	1.100811e-02
2.832500e+00	1.117278e-02
2.835000e+00	1.086709e-02
2.837500e+00	1.018449e-02
2.840000e+00	9.471615e-03
2.842500e+00	9.001851e-03
2.845000e+00	8.896782e-03
2.847500e+00	9.203830e-03
2.850000e+00	9.955359e-03
2.852500e+00	1.116353e-02
2.855000e+00	1.273332e-02
2.857500e+00	1.430014e-02
2.860000e+00	1.520243e-02
2.862500e+00	1.496366e-02
2.865000e+00	1.385376e-02
2.867500e+00	1.257898e-02
2.870000e+00	1.165762e-02
2.872500e+00	1.129925e-02
2.875000e+00	1.155556e-02
2.877500e+00	1.241254e-02
2.880000e+00	1.374685e-02
2.882500e+00	1.517016e-02
2.885000e+00	1.598056e-02
2.887500e+00	1.562875e-02
2.890000e+00	1.432971e-02
2.892500e+00	1.279388e-02
2.895000e+00	1.155994e-02
2.897500e+00	1.083711e-02
2.900000e+00	1.066554e-02
2.902500e+00	1.104917e-02
2.905000e+00	1.199623e-02
2.907500e+00	1.347782e-02
2.910000e+00	1.529703e-02
2.912500e+00	1.694598e-02
2.915000e+00	1.779846e-02
2.917500e+00	1.775508e-02
2.920000e+00	1.739906e-02
2.922500e+00	1.729823e-02
2.925000e+00	1.745639e-02
2.927500e+00	1.735395e-02
2.930000e+00	1.652339e-02
2.932500e+00	1.513803e-02
2.935000e+00	1.378153e-02
2.937500e+00	1.289668e-02
2.940000e+00	1.266514e-02
2.942500e+00	1.312347e-02
2.945000e+00	1.420516e-02
2.947500e+00	1.563132e-02
2.950000e+00	1.676312e-02
2.952500e+00	1.683336e-02
2.955000e+00	1.568207e-02
2.957500e+00	1.393894e-02
2.960000e+00	1.232084e-02
2.962500e+00	1.118845e-02
2.965000e+00	1.062585e-02
2.967500e+00	1.059368e-02
2.970000e+00	1.095817e-02
2.972500e+00	1.142275e-02
2.975000e+00	1.154573e-02
2.977500e+00	1.106129e-02
2.980000e+00	1.016266e-02
2.982500e+00	9.252277e-03
2.985000e+00	8.596272e-03
2.987500e+00	8.289363e-03
2.990000e+00	8.351477e-03
2.992500e+00	8.789381e-03
2.995000e+00	9.598538e-03
2.997500e+00	1.070244e-02
3.000000e+00	1.184089e-02
3.002500e+00	1.256127e-02
3.005000e+00	1.256306e-02
3.007500e+00	1.206740e-02
3.010000e+00	1.158269e-02
3.012500e+00	1.148884e-02
3.015000e+00	1.197020e-02
3.017500e+00	1.311560e-02
3.020000e+00	1.495219e-02
3.022500e+00	1.733554e-02
3.025000e+00	1.970856e-02
3.027500e+00	2.105382e-02
3.030000e+00	2.062096e-02
3.032500e+00	1.879745e-02
3.035000e+00	1.665092e-02
3.037500e+00	1.496502e-02
3.040000e+00	1.404377e-02
3.042500e+00	1.394872e-02
3.045000e+00	1.466909e-02
3.047500e+00	1.612151e-02
3.050000e+00	1.798582e-02
3.052500e+00	1.949965e-02
3.055000e+00	1.969983e-02
3.057500e+00	1.832587e-02
3.060000e+00	1.612256e-02
3.062500e+00	1.399337e-02
3.065000e+00	1.240526e-02
3.067500e+00	1.146983e-02
3.070000e+00	1.115261e-02
3.072500e+00	1.134836e-02
3.075000e+00	1.182482e-02
3.077500e+00	1.215159e-02
3.080000e+00	1.188264e-02
3.082500e+00	1.098126e-02
3.085000e+00	9.832770e-03
3.087500e+00	8.816734e-03
3.090000e+00	8.102759e-03
3.092500e+00	7.722166e-03
3.095000e+00	7.666013e-03
3.097500e+00	7.931118e-03
3.100000e+00	8.526228e-03
3.102500e+00	9.443525e-03
3.105000e+00	1.058347e-02
3.107500e+00	1.166692e-02
3.110000e+00	1.232810e-02
3.112500e+00	1.249282e-02
3.115000e+00	1.252802e-02
3.117500e+00	1.288880e-02
3.120000e+00	1.381817e-02
3.122500e+00	1.526256e-02
3.125000e+00	1.677474e-02
3.127500e+00	1.754824e-02
3.130000e+00	1.701939e-02
3.132500e+00	1.550942e-02
3.135000e+00	1.382834e-02
3.137500e+00	1.255148e-02
3.140000e+00	1.189241e-02
3.142500e+00	1.187697e-02
3.145000e+00	1.244218e-02
3.147500e+00	1.338879e-02
3.150000e+00	1.426918e-02
3.152500e+00	1.450192e-02
3.155000e+00	1.388939e-02
3.157500e+00	1.284718e-02
3.160000e+00	1.193294e-02
3.162500e+00	1.146978e-02
3.165000e+00	1.158214e-02
3.167500e+00	1.233176e-02
3.170000e+00	1.378383e-02
3.172500e+00	1.598048e-02
3.175000e+00	1.878671e-02
3.177500e+00	2.159325e-02
3.180000e+00	2.320115e-02
3.182500e+00	2.260635e-02
3.185000e+00	2.012495e-02
3.187500e+00	1.699503e-02
3.190000e+00	1.417091e-02
3.192500e+00	1.199351e-02
3.195000e+00	1.046325e-02
3.197500e+00	9.485152e-03
3.200000e+00	8.973162e-03
3.202500e+00	8.878142e-03
3.205000e+00	9.185053e-03
3.207500e+00	9.886772e-03
3.210000e+00	1.091517e-02
3.212500e+00	1.202001e-02
3.215000e+00	1.272672e-02
3.217500e+00	1.265597e-02
3.220000e+00	1.196580e-02
3.222500e+00	1.118224e-02
3.225000e+00	1.072305e-02
3.227500e+00	1.076312e-02
3.230000e+00	1.130084e-02
3.232500e+00	1.215190e-02
3.235000e+00	1.287560e-02
3.237500e+00	1.292356e-02
3.240000e+00	1.214383e-02
3.242500e+00	1.094469e-02
3.245000e+00	9.823257e-03
3.247500e+00	9.037853e-03
3.250000e+00	8.656832e-03
3.252500e+00	8.683217e-03
3.255000e+00	9.118104e-03
3.257500e+00	9.963684e-03
3.260000e+00	1.116711e-02
3.262500e+00	1.249983e-02
3.265000e+00	1.348593e-02
3.267500e+00	1.368307e-02
3.270000e+00	1.318204e-02
3.272500e+00	1.252647e-02
3.275000e+00	1.220370e-02
3.277500e+00	1.246525e-02
3.280000e+00	1.343192e-02
3.282500e+00	1.518442e-02
3.285000e+00	1.773038e-02
3.287500e+00	2.080137e-02
3.290000e+00	2.354132e-02
3.292500e+00	2.462629e-02
3.295000e+00	2.339156e-02
3.297500e+00	2.063358e-02
3.300000e+00	1.767361e-02
3.302500e+00	1.531028e-02
3.305000e+00	1.377860e-02
3.307500e+00	1.305484e-02
3.310000e+00	1.301562e-02
3.312500e+00	1.341115e-02
3.315000e+00	1.377161e-02
3.317500e+00	1.354254e-02
3.320000e+00	1.256599e-02
3.322500e+00	1.122676e-02
3.325000e+00	9.992722e-03
3.327500e+00	9.102798e-03
3.330000e+00	8.616028e-03
3.332500e+00	8.531460e-03
3.335000e+00	8.849869e-03
3.337500e+00	9.580248e-03
3.340000e+00	1.069261e-02
3.342500e+00	1.199915e-02
3.345000e+00	1.302802e-02
3.347500e+00	1.319462e-02
3.350000e+00	1.237160e-02
3.352500e+00	1.104310e-02
3.355000e+00	9.764216e-03
3.357500e+00	8.811260e-03
3.360000e+00	8.246161e-03
3.362500e+00	8.056379e-03
3.365000e+00	8.230084e-03
3.367500e+00	8.781632e-03
3.370000e+00	9.750914e-03
3.372500e+00	1.117304e-02
3.375000e+00	1.298619e-02
3.377500e+00	1.485875e-02
3.380000e+00	1.611281e-02
3.382500e+00	1.616653e-02
3.385000e+00	1.520923e-02
3.387500e+00	1.400457e-02
3.390000e+00	1.317883e-02
3.392500e+00	1.299754e-02
3.395000e+00	1.347661e-02
3.397500e+00	1.441693e-02
3.400000e+00	1.532710e-02
3.402500e+00	1.555601e-02
3.405000e+00	1.486258e-02
3.407500e+00	1.368880e-02
3.410000e+00	1.265072e-02
3.412500e+00	1.211046e-02
3.415000e+00	1.220461e-02
3.417500e+00	1.298271e-02
3.420000e+00	1.444891e-02
3.422500e+00	1.646408e-02
3.425000e+00	1.852544e-02
3.427500e+00	1.970715e-02
3.430000e+00	1.929959e-02
3.432500e+00	1.762307e-02
3.435000e+00	1.564919e-02
3.437500e+00	1.410911e-02
3.440000e+00	1.328494e-02
3.442500e+00	1.319693e-02
3.445000e+00	1.370235e-02
3.447500e+00	1.442555e-02
3.450000e+00	1.473161e-02
3.452500e+00	1.411717e-02
3.455000e+00	1.273002e-02
3.457500e+00	1.114787e-02
3.460000e+00	9.808735e-03
3.462500e+00	8.869766e-03
3.465000e+00	8.340430e-03
3.467500e+00	8.197552e-03
3.470000e+00	8.432477e-03
3.472500e+00	9.055353e-03
3.475000e+00	1.006138e-02
3.477500e+00	1.133697e-02
3.480000e+00	1.252067e-02
3.482500e+00	1.303886e-02
3.485000e+00	1.258095e-02
3.487500e+00	1.147347e-02
3.490000e+00	1.029808e-02
3.492500e+00	9.422786e-03
3.495000e+00	8.972386e-03
3.497500e+00	8.966463e-03
3.500000e+00	9.403615e-03
3.502500e+00	1.026545e-02
3.505000e+00	1.144264e-02
3.507500e+00	1.260646e-02
3.510000e+00	1.322312e-02
3.512500e+00	1.297682e-02
3.515000e+00	1.214947e-02
3.517500e+00	1.129825e-02
3.520000e+00	1.080244e-02
3.522500e+00	1.081906e-02
3.525000e+00	1.141376e-02
3.527500e+00	1.264509e-02
3.530000e+00	1.456340e-02
3.532500e+00	1.710205e-02
3.535000e+00	1.983120e-02
3.537500e+00	2.177237e-02
3.540000e+00	2.190982e-02
3.542500e+00	2.028042e-02
3.545000e+00	1.794945e-02
3.547500e+00	1.591927e-02
3.550000e+00	1.464851e-02
3.552500e+00	1.423754e-02
3.555000e+00	1.462950e-02
3.557500e+00	1.560796e-02
3.560000e+00	1.664825e-02
3.562500e+00	1.694305e-02
3.565000e+00	1.599883e-02
3.567500e+00	1.416940e-02
3.570000e+00	1.219352e-02
3.572500e+00	1.054557e-02
3.575000e+00	9.365003e-03
3.577500e+00	8.636529e-03
3.580000e+00	8.316064e-03
3.582500e+00	8.378474e-03
3.585000e+00	8.823244e-03
3.587500e+00	9.648480e-03
3.590000e+00	1.077428e-02
3.592500e+00	1.191138e-02
3.595000e+00	1.253340e-02
3.597500e+00	1.224970e-02
3.600000e+00	1.125489e-02
3.602500e+00	1.009498e-02
3.605000e+00	9.169620e-03
3.607500e+00	8.630504e-03
3.610000e+00	8.506252e-03
3.612500e+00	8.801020e-03
3.615000e+00	9.523865e-03
3.617500e+00	1.065644e-02
3.620000e+00	1.204639e-02
3.622500e+00	1.326728e-02
3.625000e+00	1.371745e-02
3.627500e+00	1.316582e-02
3.630000e+00	1.203937e-02
3.632500e+00	1.094014e-02
3.635000e+00	1.021654e-02
3.637500e+00	9.984456e-03
3.640000e+00	1.027148e-02
3.642500e+00	1.109000e-02
3.645000e+00	1.242018e-02
3.647500e+00	1.409731e-02
3.650000e+00	1.565332e-02
3.652500e+00	1.641711e-02
3.655000e+00	1.612849e-02
3.657500e+00	1.529087e-02
3.660000e+00	1.463999e-02
3.662500e+00	1.464051e-02
3.665000e+00	1.547835e-02
3.667500e+00	1.714744e-02
3.670000e+00	1.935100e-02
3.672500e+00	2.127339e-02
3.675000e+00	2.175113e-02
3.677500e+00	2.028129e-02
3.680000e+00	1.759866e-02
3.682500e+00	1.479200e-02
3.685000e+00	1.246953e-02
3.687500e+00	1.077529e-02
3.690000e+00	9.659664e-03
3.692500e+00	9.041754e-03
3.695000e+00	8.865136e-03
3.697500e+00	9.100750e-03
3.700000e+00	9.712430e-03
3.702500e+00	1.057126e-02
3.705000e+00	1.134382e-02
3.707500e+00	1.155665e-02
3.710000e+00	1.100873e-02
3.712500e+00	1.000885e-02
3.715000e+00	9.014289e-03
3.717500e+00	8.290031e-03
3.720000e+00	7.917501e-03
3.722500e+00	7.907847e-03
3.725000e+00	8.269540e-03
3.727500e+00	9.025409e-03
3.730000e+00	1.018594e-02
3.732500e+00	1.165833e-02
3.735000e+00	1.309356e-02
3.737500e+00	1.387502e-02
3.740000e+00	1.358419e-02
3.742500e+00	1.249748e-02
3.745000e+00	1.126486e-02
3.747500e+00	1.034404e-02
3.750000e+00	9.906727e-03
3.752500e+00	9.976989e-03
3.755000e+00	1.050825e-02
3.757500e+00	1.134510e-02
3.760000e+00	1.213727e-02
3.762500e+00	1.243830e-02
3.765000e+00	1.211562e-02
3.767500e+00	1.151688e-02
3.770000e+00	1.109553e-02
3.772500e+00	1.112659e-02
3.775000e+00	1.174156e-02
3.777500e+00	1.303162e-02
3.780000e+00	1.507904e-02
3.782500e+00	1.787399e-02
3.785000e+00	2.106628e-02
3.787500e+00	2.365934e-02
3.790000e+00	2.429398e-02
3.792500e+00	2.251690e-02
3.795000e+00	1.932930e-02
3.797500e+00	1.603019e-02
3.800000e+00	1.329864e-02
3.802500e+00	1.127470e-02
3.805000e+00	9.883000e-03
3.807500e+00	9.014795e-03
3.810000e+00	8.589270e-03
3.812500e+00	8.560866e-03
3.815000e+00	8.898148e-03
3.817500e+00	9.526080e-03
3.820000e+00	1.022713e-02
3.822500e+00	1.060841e-02
3.825000e+00	1.035826e-02
3.827500e+00	9.591620e-03
3.830000e+00	8.705914e-03
3.832500e+00	8.006202e-03
3.835000e+00	7.613886e-03
3.837500e+00	7.556796e-03
3.840000e+00	7.846152e-03
3.842500e+00	8.504027e-03
3.845000e+00	9.547979e-03
3.847500e+00	1.091783e-02
3.850000e+00	1.233324e-02
3.852500e+00	1.322642e-02
3.855000e+00	1.309846e-02
3.857500e+00	1.207682e-02
3.860000e+00	1.076208e-02
3.862500e+00	9.641459e-03
3.865000e+00	8.909781e-03
3.867500e+00	8.598676e-03
3.870000e+00	8.700026e-03
3.872500e+00	9.217690e-03
3.875000e+00	1.016905e-02
3.877500e+00	1.153802e-02
3.880000e+00	1.316108e-02
3.882500e+00	1.461035e-02
3.885000e+00	1.536891e-02
3.887500e+00	1.538393e-02
3.890000e+00	1.520638e-02
3.892500e+00	1.546641e-02
3.895000e+00	1.651646e-02
3.897500e+00	1.839127e-02
3.900000e+00	2.070010e-02
3.902500e+00	2.245211e-02
3.905000e+00	2.245281e-02
3.907500e+00	2.045868e-02
3.910000e+00	1.743709e-02
3.912500e+00	1.446265e-02
3.915000e+00	1.203998e-02
3.917500e+00	1.024188e-02
3.920000e+00	8.982302e-03
3.922500e+00	8.157003e-03
3.925000e+00	7.688797e-03
3.927500e+00	7.535366e-03
3.930000e+00	7.685581e-03
3.932500e+00	8.148171e-03
3.935000e+00	8.920750e-03
3.937500e+00	9.914935e-03
3.940000e+00	1.084727e-02
3.942500e+00	1.126913e-02
3.945000e+00	1.094164e-02
3.947500e+00	1.012723e-02
3.950000e+00	9.287750e-03
3.952500e+00	8.718813e-03
3.955000e+00	8.529119e-03
3.957500e+00	8.750080e-03
3.960000e+00	9.402085e-03
3.962500e+00	1.049378e-02
3.965000e+00	1.194614e-02
3.967500e+00	1.344120e-02
3.970000e+00	1.436770e-02
3.972500e+00	1.422823e-02
3.975000e+00	1.320573e-02
3.977500e+00	1.194825e-02
3.980000e+00	1.096100e-02
3.982500e+00	1.045023e-02
3.985000e+00	1.046778e-02
3.987500e+00	1.103865e-02
3.990000e+00	1.221152e-02
3.992500e+00	1.404741e-02
3.995000e+00	1.652643e-02
3.997500e+00	1.932432e-02
