#omega	spectral weight
-3.000000e+00	3.798832e-03
-2.997500e+00	3.904804e-03
-2.995000e+00	4.067810e-03
-2.992500e+00	4.296967e-03
-2.990000e+00	4.605892e-03
-2.987500e+00	5.014308e-03
-2.985000e+00	5.550447e-03
-2.982500e+00	6.254494e-03
-2.980000e+00	7.183078e-03
-2.977500e+00	8.413738e-03
-2.975000e+00	1.004483e-02
-2.972500e+00	1.217822e-02
-2.970000e+00	1.486463e-02
-2.967500e+00	1.802196e-02
-2.965000e+00	2.142830e-02
-2.962500e+00	2.476722e-02
-2.960000e+00	2.736477e-02
-2.957500e+00	2.804313e-02
-2.955000e+00	2.618144e-02
-2.952500e+00	2.266213e-02
-2.950000e+00	1.892244e-02
-2.947500e+00	1.581148e-02
-2.945000e+00	1.354463e-02
-2.942500e+00	1.205864e-02
-2.940000e+00	1.124012e-02
-2.937500e+00	1.101065e-02
-2.935000e+00	1.134729e-02
-2.932500e+00	1.227858e-02
-2.930000e+00	1.385582e-02
-2.927500e+00	1.606387e-02
-2.925000e+00	1.862217e-02
-2.922500e+00	2.077908e-02
-2.920000e+00	2.160918e-02
-2.917500e+00	2.096373e-02
-2.915000e+00	1.968715e-02
-2.912500e+00	1.862703e-02
-2.910000e+00	1.791432e-02
-2.907500e+00	1.704198e-02
-2.905000e+00	1.550346e-02
-2.902500e+00	1.340917e-02
-2.900000e+00	1.126916e-02
-2.897500e+00	9.447279e-03
-2.895000e+00	8.041014e-03
-2.892500e+00	7.011690e-03
-2.890000e+00	6.289772e-03
-2.887500e+00	5.816731e-03
-2.885000e+00	5.555289e-03
-2.882500e+00	5.489776e-03
-2.880000e+00	5.624631e-03
-2.877500e+00	5.981599e-03
-2.875000e+00	6.589748e-03
-2.872500e+00	7.451873e-03
-2.870000e+00	8.462443e-03
-2.867500e+00	9.302176e-03
-2.865000e+00	9.514148e-03
-2.862500e+00	8.918413e-03
-2.860000e+00	7.828995e-03
-2.857500e+00	6.685723e-03
-2.855000e+00	5.727287e-03
-2.852500e+00	5.005260e-03
-2.850000e+00	4.492899e-03
-2.847500e+00	4.148709e-03
-2.845000e+00	3.938359e-03
-2.842500e+00	3.839045e-03
-2.840000e+00	3.838838e-03
-2.837500e+00	3.935551e-03
-2.835000e+00	4.136460e-03
-2.832500e+00	4.459248e-03
-2.830000e+00	4.934274e-03
-2.827500e+00	5.607857e-03
-2.825000e+00	6.544779e-03
-2.822500e+00	7.823282e-03
-2.820000e+00	9.502890e-03
-2.817500e+00	1.152446e-02
-2.815000e+00	1.352274e-02
-2.812500e+00	1.475291e-02
-2.810000e+00	1.458844e-02
-2.807500e+00	1.324277e-02
-2.805000e+00	1.152319e-02
-2.802500e+00	1.005733e-02
-2.800000e+00	9.062617e-03
-2.797500e+00	8.480196e-03
-2.795000e+00	8.087288e-03
-2.792500e+00	7.614081e-03
-2.790000e+00	6.952147e-03
-2.787500e+00	6.220177e-03
-2.785000e+00	5.582559e-03
-2.782500e+00	5.120269e-03
-2.780000e+00	4.846476e-03
-2.777500e+00	4.753068e-03
-2.775000e+00	4.836217e-03
-2.772500e+00	5.104228e-03
-2.770000e+00	5.573542e-03
-2.767500e+00	6.246809e-03
-2.765000e+00	7.057046e-03
-2.762500e+00	7.791057e-03
-2.760000e+00	8.128575e-03
-2.757500e+00	7.926903e-03
-2.755000e+00	7.401832e-03
-2.752500e+00	6.885684e-03
-2.750000e+00	6.581746e-03
-2.747500e+00	6.564714e-03
-2.745000e+00	6.858555e-03
-2.742500e+00	7.476428e-03
-2.740000e+00	8.405731e-03
-2.737500e+00	9.532003e-03
-2.735000e+00	1.053880e-02
-2.732500e+00	1.099025e-02
-2.730000e+00	1.073694e-02
-2.727500e+00	1.011015e-02
-2.725000e+00	9.558782e-03
-2.722500e+00	9.346609e-03
-2.720000e+00	9.577442e-03
-2.717500e+00	1.030652e-02
-2.715000e+00	1.160661e-02
-2.712500e+00	1.358528e-02
-2.710000e+00	1.634809e-02
-2.707500e+00	1.985423e-02
-2.705000e+00	2.359928e-02
-2.702500e+00	2.633901e-02
-2.700000e+00	2.667478e-02
-2.697500e+00	2.451255e-02
-2.695000e+00	2.119548e-02
-2.692500e+00	1.807248e-02
-2.690000e+00	1.576596e-02
-2.687500e+00	1.439966e-02
-2.685000e+00	1.393111e-02
-2.682500e+00	1.429490e-02
-2.680000e+00	1.538084e-02
-2.677500e+00	1.687262e-02
-2.675000e+00	1.805921e-02
-2.672500e+00	1.806132e-02
-2.670000e+00	1.664792e-02
-2.667500e+00	1.448680e-02
-2.665000e+00	1.237086e-02
-2.662500e+00	1.069211e-02
-2.660000e+00	9.523403e-03
-2.657500e+00	8.819684e-03
-2.655000e+00	8.526530e-03
-2.652500e+00	8.617964e-03
-2.650000e+00	9.105991e-03
-2.647500e+00	1.003951e-02
-2.645000e+00	1.148829e-02
-2.642500e+00	1.348327e-02
-2.640000e+00	1.586109e-02
-2.637500e+00	1.803485e-02
-2.635000e+00	1.906281e-02
-2.632500e+00	1.845329e-02
-2.630000e+00	1.678466e-02
-2.627500e+00	1.505420e-02
-2.625000e+00	1.388564e-02
-2.622500e+00	1.344383e-02
-2.620000e+00	1.356902e-02
-2.617500e+00	1.379988e-02
-2.615000e+00	1.350876e-02
-2.612500e+00	1.240413e-02
-2.610000e+00	1.080911e-02
-2.607500e+00	9.228248e-03
-2.605000e+00	7.940121e-03
-2.602500e+00	7.003696e-03
-2.600000e+00	6.388393e-03
-2.597500e+00	6.052395e-03
-2.595000e+00	5.970728e-03
-2.592500e+00	6.140875e-03
-2.590000e+00	6.576927e-03
-2.587500e+00	7.285572e-03
-2.585000e+00	8.202403e-03
-2.582500e+00	9.086798e-03
-2.580000e+00	9.512520e-03
-2.577500e+00	9.184377e-03
-2.575000e+00	8.279487e-03
-2.572500e+00	7.228996e-03
-2.570000e+00	6.328483e-03
-2.567500e+00	5.672380e-03
-2.565000e+00	5.254710e-03
-2.562500e+00	5.045664e-03
-2.560000e+00	5.022591e-03
-2.557500e+00	5.179089e-03
-2.555000e+00	5.527695e-03
-2.552500e+00	6.102111e-03
-2.550000e+00	6.959989e-03
-2.547500e+00	8.182818e-03
-2.545000e+00	9.859892e-03
-2.542500e+00	1.202214e-02
-2.540000e+00	1.447174e-02
-2.537500e+00	1.655023e-02
-2.535000e+00	1.726979e-02
-2.532500e+00	1.619280e-02
-2.530000e+00	1.396547e-02
-2.527500e+00	1.155874e-02
-2.525000e+00	9.521359e-03
-2.522500e+00	7.984264e-03
-2.520000e+00	6.898640e-03
-2.517500e+00	6.180165e-03
-2.515000e+00	5.758457e-03
-2.512500e+00	5.581415e-03
-2.510000e+00	5.596204e-03
-2.507500e+00	5.713818e-03
-2.505000e+00	5.793363e-03
-2.502500e+00	5.721879e-03
-2.500000e+00	5.531778e-03
-2.497500e+00	5.359755e-03
-2.495000e+00	5.321071e-03
-2.492500e+00	5.476624e-03
-2.490000e+00	5.864692e-03
-2.487500e+00	6.530299e-03
-2.485000e+00	7.536784e-03
-2.482500e+00	8.955041e-03
-2.480000e+00	1.080575e-02
-2.477500e+00	1.291005e-02
-2.475000e+00	1.468940e-02
-2.472500e+00	1.528786e-02
-2.470000e+00	1.433953e-02
-2.467500e+00	1.241479e-02
-2.465000e+00	1.035221e-02
-2.462500e+00	8.621331e-03
-2.460000e+00	7.333636e-03
-2.457500e+00	6.448771e-03
-2.455000e+00	5.898546e-03
-2.452500e+00	5.630228e-03
-2.450000e+00	5.612515e-03
-2.447500e+00	5.822033e-03
-2.445000e+00	6.206737e-03
-2.442500e+00	6.627328e-03
-2.440000e+00	6.849880e-03
-2.437500e+00	6.713330e-03
-2.435000e+00	6.312752e-03
-2.432500e+00	5.884438e-03
-2.430000e+00	5.597690e-03
-2.427500e+00	5.520296e-03
-2.425000e+00	5.674648e-03
-2.422500e+00	6.082065e-03
-2.420000e+00	6.782693e-03
-2.417500e+00	7.839892e-03
-2.415000e+00	9.324921e-03
-2.412500e+00	1.125324e-02
-2.410000e+00	1.342588e-02
-2.407500e+00	1.522754e-02
-2.405000e+00	1.578216e-02
-2.402500e+00	1.475878e-02
-2.400000e+00	1.277724e-02
-2.397500e+00	1.068885e-02
-2.395000e+00	8.953427e-03
-2.392500e+00	7.672437e-03
-2.390000e+00	6.799478e-03
-2.387500e+00	6.262621e-03
-2.385000e+00	6.007295e-03
-2.382500e+00	6.006077e-03
-2.380000e+00	6.259076e-03
-2.377500e+00	6.791823e-03
-2.375000e+00	7.647358e-03
-2.372500e+00	8.856699e-03
-2.370000e+00	1.035521e-02
-2.367500e+00	1.183345e-02
-2.365000e+00	1.269473e-02
-2.362500e+00	1.247032e-02
-2.360000e+00	1.136002e-02
-2.357500e+00	9.993225e-03
-2.355000e+00	8.840680e-03
-2.352500e+00	8.076639e-03
-2.350000e+00	7.720904e-03
-2.347500e+00	7.759604e-03
-2.345000e+00	8.196725e-03
-2.342500e+00	9.065441e-03
-2.340000e+00	1.040933e-02
-2.337500e+00	1.220981e-02
-2.335000e+00	1.422302e-02
-2.332500e+00	1.581828e-02
-2.330000e+00	1.623740e-02
-2.327500e+00	1.536929e-02
-2.325000e+00	1.391435e-02
-2.322500e+00	1.264570e-02
-2.320000e+00	1.196641e-02
-2.317500e+00	1.200027e-02
-2.315000e+00	1.273831e-02
-2.312500e+00	1.402481e-02
-2.310000e+00	1.539611e-02
-2.307500e+00	1.603939e-02
-2.305000e+00	1.533411e-02
-2.302500e+00	1.352633e-02
-2.300000e+00	1.139609e-02
-2.297500e+00	9.508938e-03
-2.295000e+00	8.049955e-03
-2.292500e+00	7.003413e-03
-2.290000e+00	6.300431e-03
-2.287500e+00	5.879425e-03
-2.285000e+00	5.701997e-03
-2.282500e+00	5.753199e-03
-2.280000e+00	6.034621e-03
-2.277500e+00	6.544862e-03
-2.275000e+00	7.231883e-03
-2.272500e+00	7.919695e-03
-2.270000e+00	8.315008e-03
-2.267500e+00	8.244037e-03
-2.265000e+00	7.870571e-03
-2.262500e+00	7.519642e-03
-2.260000e+00	7.422067e-03
-2.257500e+00	7.688541e-03
-2.255000e+00	8.382558e-03
-2.252500e+00	9.560068e-03
-2.250000e+00	1.123922e-02
-2.247500e+00	1.326869e-02
-2.245000e+00	1.511551e-02
-2.242500e+00	1.589672e-02
-2.240000e+00	1.508778e-02
-2.237500e+00	1.313997e-02
-2.235000e+00	1.093113e-02
-2.232500e+00	9.015150e-03
-2.230000e+00	7.547372e-03
-2.227500e+00	6.495086e-03
-2.225000e+00	5.782136e-03
-2.222500e+00	5.343687e-03
-2.220000e+00	5.139076e-03
-2.217500e+00	5.150210e-03
-2.215000e+00	5.372116e-03
-2.212500e+00	5.788455e-03
-2.210000e+00	6.318537e-03
-2.207500e+00	6.757240e-03
-2.205000e+00	6.837375e-03
-2.202500e+00	6.480517e-03
-2.200000e+00	5.890748e-03
-2.197500e+00	5.322253e-03
-2.195000e+00	4.908206e-03
-2.192500e+00	4.681998e-03
-2.190000e+00	4.641171e-03
-2.187500e+00	4.783662e-03
-2.185000e+00	5.121739e-03
-2.182500e+00	5.686433e-03
-2.180000e+00	6.525595e-03
-2.177500e+00	7.686690e-03
-2.175000e+00	9.158798e-03
-2.172500e+00	1.074681e-02
-2.170000e+00	1.196414e-02
-2.167500e+00	1.227084e-02
-2.165000e+00	1.165426e-02
-2.162500e+00	1.067599e-02
-2.160000e+00	9.904017e-03
-2.157500e+00	9.623947e-03
-2.155000e+00	9.912930e-03
-2.152500e+00	1.071201e-02
-2.150000e+00	1.175891e-02
-2.147500e+00	1.249199e-02
-2.145000e+00	1.229295e-02
-2.142500e+00	1.109051e-02
-2.140000e+00	9.416651e-03
-2.137500e+00	7.809493e-03
-2.135000e+00	6.503531e-03
-2.132500e+00	5.520753e-03
-2.130000e+00	4.808653e-03
-2.127500e+00	4.307491e-03
-2.125000e+00	3.970612e-03
-2.122500e+00	3.767124e-03
-2.120000e+00	3.680183e-03
-2.117500e+00	3.705245e-03
-2.115000e+00	3.849276e-03
-2.112500e+00	4.130335e-03
-2.110000e+00	4.574833e-03
-2.107500e+00	5.204682e-03
-2.105000e+00	5.997834e-03
-2.102500e+00	6.811507e-03
-2.100000e+00	7.341676e-03
-2.097500e+00	7.310431e-03
-2.095000e+00	6.777617e-03
-2.092500e+00	6.072699e-03
-2.090000e+00	5.471233e-03
-2.087500e+00	5.087945e-03
-2.085000e+00	4.946075e-03
-2.082500e+00	5.046687e-03
-2.080000e+00	5.397524e-03
-2.077500e+00	6.010791e-03
-2.075000e+00	6.866519e-03
-2.072500e+00	7.827800e-03
-2.070000e+00	8.561315e-03
-2.067500e+00	8.680981e-03
-2.065000e+00	8.141753e-03
-2.062500e+00	7.299817e-03
-2.060000e+00	6.530963e-03
-2.057500e+00	6.019186e-03
-2.055000e+00	5.813156e-03
-2.052500e+00	5.917007e-03
-2.050000e+00	6.326240e-03
-2.047500e+00	7.006676e-03
-2.045000e+00	7.816660e-03
-2.042500e+00	8.427995e-03
-2.040000e+00	8.455554e-03
-2.037500e+00	7.835232e-03
-2.035000e+00	6.894420e-03
-2.032500e+00	5.985701e-03
-2.030000e+00	5.273270e-03
-2.027500e+00	4.782586e-03
-2.025000e+00	4.489704e-03
-2.022500e+00	4.366985e-03
-2.020000e+00	4.398295e-03
-2.017500e+00	4.582747e-03
-2.015000e+00	4.935711e-03
-2.012500e+00	5.489031e-03
-2.010000e+00	6.287334e-03
-2.007500e+00	7.368852e-03
-2.005000e+00	8.705277e-03
-2.002500e+00	1.008216e-02
-2.000000e+00	1.102837e-02
-1.997500e+00	1.109646e-02
-1.995000e+00	1.036105e-02
-1.992500e+00	9.337488e-03
-1.990000e+00	8.469892e-03
-1.987500e+00	7.947522e-03
-1.985000e+00	7.810724e-03
-1.982500e+00	8.064122e-03
-1.980000e+00	8.730867e-03
-1.977500e+00	9.871942e-03
-1.975000e+00	1.158598e-02
-1.972500e+00	1.397644e-02
-1.970000e+00	1.703384e-02
-1.967500e+00	2.036511e-02
-1.965000e+00	2.291151e-02
-1.962500e+00	2.335449e-02
-1.960000e+00	2.142368e-02
-1.957500e+00	1.823208e-02
-1.955000e+00	1.503304e-02
-1.952500e+00	1.242965e-02
-1.950000e+00	1.052425e-02
-1.947500e+00	9.232895e-03
-1.945000e+00	8.449884e-03
-1.942500e+00	8.100665e-03
-1.940000e+00	8.147194e-03
-1.937500e+00	8.567724e-03
-1.935000e+00	9.300382e-03
-1.932500e+00	1.013757e-02
-1.930000e+00	1.066230e-02
-1.927500e+00	1.048051e-02
-1.925000e+00	9.639898e-03
-1.922500e+00	8.562356e-03
-1.920000e+00	7.610959e-03
-1.917500e+00	6.932340e-03
-1.915000e+00	6.543938e-03
-1.912500e+00	6.427521e-03
-1.910000e+00	6.572747e-03
-1.907500e+00	6.992150e-03
-1.905000e+00	7.725411e-03
-1.902500e+00	8.836040e-03
-1.900000e+00	1.038767e-02
-1.897500e+00	1.236443e-02
-1.895000e+00	1.449606e-02
-1.892500e+00	1.610029e-02
-1.890000e+00	1.639577e-02
-1.887500e+00	1.531667e-02
-1.885000e+00	1.361217e-02
-1.882500e+00	1.205380e-02
-1.880000e+00	1.101372e-02
-1.877500e+00	1.058564e-02
-1.875000e+00	1.076496e-02
-1.872500e+00	1.150652e-02
-1.870000e+00	1.265659e-02
-1.867500e+00	1.380548e-02
-1.865000e+00	1.430374e-02
-1.862500e+00	1.375994e-02
-1.860000e+00	1.248673e-02
-1.857500e+00	1.111733e-02
-1.855000e+00	1.006702e-02
-1.852500e+00	9.477209e-03
-1.850000e+00	9.368489e-03
-1.847500e+00	9.747836e-03
-1.845000e+00	1.064634e-02
-1.842500e+00	1.210584e-02
-1.840000e+00	1.409684e-02
-1.837500e+00	1.632926e-02
-1.835000e+00	1.806338e-02
-1.832500e+00	1.840709e-02
-1.830000e+00	1.721297e-02
-1.827500e+00	1.527143e-02
-1.825000e+00	1.345274e-02
-1.822500e+00	1.219165e-02
-1.820000e+00	1.160330e-02
-1.817500e+00	1.169860e-02
-1.815000e+00	1.248633e-02
-1.812500e+00	1.396706e-02
-1.810000e+00	1.601266e-02
-1.807500e+00	1.812451e-02
-1.805000e+00	1.932316e-02
-1.802500e+00	1.875770e-02
-1.800000e+00	1.663797e-02
-1.797500e+00	1.395603e-02
-1.795000e+00	1.149625e-02
-1.792500e+00	9.539413e-03
-1.790000e+00	8.077904e-03
-1.787500e+00	7.017532e-03
-1.785000e+00	6.263437e-03
-1.782500e+00	5.742810e-03
-1.780000e+00	5.405780e-03
-1.777500e+00	5.221366e-03
-1.775000e+00	5.173781e-03
-1.772500e+00	5.260328e-03
-1.770000e+00	5.491034e-03
-1.767500e+00	5.889869e-03
-1.765000e+00	6.496926e-03
-1.762500e+00	7.369232e-03
-1.760000e+00	8.572313e-03
-1.757500e+00	1.014156e-02
-1.755000e+00	1.197780e-02
-1.752500e+00	1.369310e-02
-1.750000e+00	1.466206e-02
-1.747500e+00	1.457438e-02
-1.745000e+00	1.385508e-02
-1.742500e+00	1.322004e-02
-1.740000e+00	1.314199e-02
-1.737500e+00	1.379143e-02
-1.735000e+00	1.509746e-02
-1.732500e+00	1.665431e-02
-1.730000e+00	1.763274e-02
-1.727500e+00	1.722866e-02
-1.725000e+00	1.549282e-02
-1.722500e+00	1.323003e-02
-1.720000e+00	1.114755e-02
-1.717500e+00	9.525051e-03
-1.715000e+00	8.377905e-03
-1.712500e+00	7.639779e-03
-1.710000e+00	7.245945e-03
-1.707500e+00	7.158157e-03
-1.705000e+00	7.367858e-03
-1.702500e+00	7.889952e-03
-1.700000e+00	8.740963e-03
-1.697500e+00	9.878813e-03
-1.695000e+00	1.108943e-02
-1.692500e+00	1.192978e-02
-1.690000e+00	1.200582e-02
-1.687500e+00	1.142364e-02
-1.685000e+00	1.068270e-02
-1.682500e+00	1.020879e-02
-1.680000e+00	1.020627e-02
-1.677500e+00	1.075983e-02
-1.675000e+00	1.192153e-02
-1.672500e+00	1.370071e-02
-1.670000e+00	1.592819e-02
-1.667500e+00	1.802107e-02
-1.665000e+00	1.899842e-02
-1.662500e+00	1.824771e-02
-1.660000e+00	1.624390e-02
-1.657500e+00	1.397558e-02
-1.655000e+00	1.209245e-02
-1.652500e+00	1.080277e-02
-1.650000e+00	1.010854e-02
-1.647500e+00	9.971503e-03
-1.645000e+00	1.036962e-02
-1.642500e+00	1.127930e-02
-1.640000e+00	1.258022e-02
-1.637500e+00	1.388756e-02
-1.635000e+00	1.451842e-02
-1.632500e+00	1.396875e-02
-1.630000e+00	1.247731e-02
-1.627500e+00	1.071791e-02
-1.625000e+00	9.167238e-03
-1.622500e+00	7.977292e-03
-1.620000e+00	7.131130e-03
-1.617500e+00	6.566576e-03
-1.615000e+00	6.225801e-03
-1.612500e+00	6.067703e-03
-1.610000e+00	6.068168e-03
-1.607500e+00	6.218034e-03
-1.605000e+00	6.521850e-03
-1.602500e+00	6.998212e-03
-1.600000e+00	7.681825e-03
-1.597500e+00	8.626967e-03
-1.595000e+00	9.910488e-03
-1.592500e+00	1.162746e-02
-1.590000e+00	1.385960e-02
-1.587500e+00	1.657653e-02
-1.585000e+00	1.945686e-02
-1.582500e+00	2.184520e-02
-1.580000e+00	2.328120e-02
-1.577500e+00	2.418087e-02
-1.575000e+00	2.553721e-02
-1.572500e+00	2.814753e-02
-1.570000e+00	3.227054e-02
-1.567500e+00	3.736632e-02
-1.565000e+00	4.168269e-02
-1.562500e+00	4.272948e-02
-1.560000e+00	3.951560e-02
-1.557500e+00	3.370244e-02
-1.555000e+00	2.762784e-02
-1.552500e+00	2.256134e-02
-1.550000e+00	1.878203e-02
-1.547500e+00	1.616078e-02
-1.545000e+00	1.449984e-02
-1.542500e+00	1.364646e-02
-1.540000e+00	1.349793e-02
-1.537500e+00	1.393837e-02
-1.535000e+00	1.469993e-02
-1.532500e+00	1.522879e-02
-1.530000e+00	1.488699e-02
-1.527500e+00	1.355334e-02
-1.525000e+00	1.173572e-02
-1.522500e+00	9.985135e-03
-1.520000e+00	8.552443e-03
-1.517500e+00	7.466191e-03
-1.515000e+00	6.674115e-03
-1.512500e+00	6.114720e-03
-1.510000e+00	5.739522e-03
-1.507500e+00	5.516304e-03
-1.505000e+00	5.427499e-03
-1.502500e+00	5.468461e-03
-1.500000e+00	5.646863e-03
-1.497500e+00	5.983134e-03
-1.495000e+00	6.510527e-03
-1.492500e+00	7.270146e-03
-1.490000e+00	8.288214e-03
-1.487500e+00	9.512786e-03
-1.485000e+00	1.071328e-02
-1.482500e+00	1.149164e-02
-1.480000e+00	1.161725e-02
-1.477500e+00	1.133646e-02
-1.475000e+00	1.112673e-02
-1.472500e+00	1.133714e-02
-1.470000e+00	1.214790e-02
-1.467500e+00	1.365468e-02
-1.465000e+00	1.586753e-02
-1.462500e+00	1.854754e-02
-1.460000e+00	2.093947e-02
-1.457500e+00	2.188024e-02
-1.455000e+00	2.078776e-02
-1.452500e+00	1.835826e-02
-1.450000e+00	1.574219e-02
-1.447500e+00	1.363002e-02
-1.445000e+00	1.222170e-02
-1.442500e+00	1.150590e-02
-1.440000e+00	1.143396e-02
-1.437500e+00	1.196495e-02
-1.435000e+00	1.301572e-02
-1.432500e+00	1.431998e-02
-1.430000e+00	1.530241e-02
-1.427500e+00	1.533108e-02
-1.425000e+00	1.435599e-02
-1.422500e+00	1.296786e-02
-1.420000e+00	1.177011e-02
-1.417500e+00	1.105783e-02
-1.415000e+00	1.091953e-02
-1.412500e+00	1.138390e-02
-1.410000e+00	1.247514e-02
-1.407500e+00	1.416846e-02
-1.405000e+00	1.622514e-02
-1.402500e+00	1.796981e-02
-1.400000e+00	1.843648e-02
-1.397500e+00	1.722646e-02
-1.395000e+00	1.497948e-02
-1.392500e+00	1.261603e-02
-1.390000e+00	1.064271e-02
-1.387500e+00	9.173642e-03
-1.385000e+00	8.158465e-03
-1.382500e+00	7.517688e-03
-1.380000e+00	7.190629e-03
-1.377500e+00	7.146482e-03
-1.375000e+00	7.384630e-03
-1.372500e+00	7.931458e-03
-1.370000e+00	8.828763e-03
-1.367500e+00	1.009384e-02
-1.365000e+00	1.161549e-02
-1.362500e+00	1.299591e-02
-1.360000e+00	1.358150e-02
-1.357500e+00	1.299575e-02
-1.355000e+00	1.158558e-02
-1.352500e+00	1.000158e-02
-1.350000e+00	8.648490e-03
-1.347500e+00	7.637385e-03
-1.345000e+00	6.941920e-03
-1.342500e+00	6.503766e-03
-1.340000e+00	6.271913e-03
-1.337500e+00	6.211574e-03
-1.335000e+00	6.303744e-03
-1.332500e+00	6.543279e-03
-1.330000e+00	6.937905e-03
-1.327500e+00	7.508793e-03
-1.325000e+00	8.293006e-03
-1.322500e+00	9.348166e-03
-1.320000e+00	1.075965e-02
-1.317500e+00	1.264986e-02
-1.315000e+00	1.518559e-02
-1.312500e+00	1.856811e-02
-1.310000e+00	2.296073e-02
-1.307500e+00	2.826103e-02
-1.305000e+00	3.367804e-02
-1.302500e+00	3.758889e-02
-1.300000e+00	3.870624e-02
-1.297500e+00	3.768319e-02
-1.295000e+00	3.643378e-02
-1.292500e+00	3.619412e-02
-1.290000e+00	3.669449e-02
-1.287500e+00	3.642282e-02
-1.285000e+00	3.397753e-02
-1.282500e+00	2.962061e-02
-1.280000e+00	2.479236e-02
-1.277500e+00	2.060081e-02
-1.275000e+00	1.741356e-02
-1.272500e+00	1.519654e-02
-1.270000e+00	1.381427e-02
-1.267500e+00	1.315015e-02
-1.265000e+00	1.311788e-02
-1.262500e+00	1.359925e-02
-1.260000e+00	1.431105e-02
-1.257500e+00	1.471364e-02
-1.255000e+00	1.428082e-02
-1.252500e+00	1.303190e-02
-1.250000e+00	1.147921e-02
-1.247500e+00	1.008131e-02
-1.245000e+00	9.024114e-03
-1.242500e+00	8.324279e-03
-1.240000e+00	7.948365e-03
-1.237500e+00	7.868677e-03
-1.235000e+00	8.081788e-03
-1.232500e+00	8.613761e-03
-1.230000e+00	9.519785e-03
-1.227500e+00	1.087168e-02
-1.225000e+00	1.270681e-02
-1.222500e+00	1.488946e-02
-1.220000e+00	1.689267e-02
-1.217500e+00	1.782151e-02
-1.215000e+00	1.712952e-02
-1.212500e+00	1.526961e-02
-1.210000e+00	1.315053e-02
-1.207500e+00	1.135821e-02
-1.205000e+00	1.006922e-02
-1.202500e+00	9.267313e-03
-1.200000e+00	8.895840e-03
-1.197500e+00	8.917805e-03
-1.195000e+00	9.332545e-03
-1.192500e+00	1.017592e-02
-1.190000e+00	1.150460e-02
-1.187500e+00	1.333911e-02
-1.185000e+00	1.551830e-02
-1.182500e+00	1.748849e-02
-1.180000e+00	1.837570e-02
-1.177500e+00	1.773204e-02
-1.175000e+00	1.608575e-02
-1.172500e+00	1.432932e-02
-1.170000e+00	1.301398e-02
-1.167500e+00	1.231990e-02
-1.165000e+00	1.227314e-02
-1.162500e+00	1.288800e-02
-1.160000e+00	1.421809e-02
-1.157500e+00	1.634558e-02
-1.155000e+00	1.928692e-02
-1.152500e+00	2.274728e-02
-1.150000e+00	2.578333e-02
-1.147500e+00	2.697714e-02
-1.145000e+00	2.569165e-02
-1.142500e+00	2.286452e-02
-1.140000e+00	1.993630e-02
-1.137500e+00	1.776200e-02
-1.135000e+00	1.659563e-02
-1.132500e+00	1.638830e-02
-1.130000e+00	1.687948e-02
-1.127500e+00	1.749384e-02
-1.125000e+00	1.740414e-02
-1.122500e+00	1.614280e-02
-1.120000e+00	1.407756e-02
-1.117500e+00	1.191000e-02
-1.115000e+00	1.006376e-02
-1.112500e+00	8.641074e-03
-1.110000e+00	7.597835e-03
-1.107500e+00	6.858982e-03
-1.105000e+00	6.360705e-03
-1.102500e+00	6.059628e-03
-1.100000e+00	5.931934e-03
-1.097500e+00	5.970291e-03
-1.095000e+00	6.178900e-03
-1.092500e+00	6.561103e-03
-1.090000e+00	7.087818e-03
-1.087500e+00	7.643665e-03
-1.085000e+00	8.015436e-03
-1.082500e+00	8.045866e-03
-1.080000e+00	7.820665e-03
-1.077500e+00	7.573751e-03
-1.075000e+00	7.481993e-03
-1.072500e+00	7.623768e-03
-1.070000e+00	8.032850e-03
-1.067500e+00	8.744158e-03
-1.065000e+00	9.817106e-03
-1.062500e+00	1.134784e-02
-1.060000e+00	1.347377e-02
-1.057500e+00	1.635633e-02
-1.055000e+00	2.009385e-02
-1.052500e+00	2.447465e-02
-1.050000e+00	2.857245e-02
-1.047500e+00	3.074939e-02
-1.045000e+00	2.994345e-02
-1.042500e+00	2.695416e-02
-1.040000e+00	2.351879e-02
-1.037500e+00	2.082345e-02
-1.035000e+00	1.928784e-02
-1.032500e+00	1.893738e-02
-1.030000e+00	1.960388e-02
-1.027500e+00	2.083905e-02
-1.025000e+00	2.175390e-02
-1.022500e+00	2.135576e-02
-1.020000e+00	1.947314e-02
-1.017500e+00	1.689524e-02
-1.015000e+00	1.446251e-02
-1.012500e+00	1.255682e-02
-1.010000e+00	1.122928e-02
-1.007500e+00	1.041714e-02
-1.005000e+00	1.005372e-02
-1.002500e+00	1.010499e-02
-1.000000e+00	1.057850e-02
-9.975000e-01	1.152360e-02
-9.950000e-01	1.302137e-02
-9.925000e-01	1.514019e-02
-9.900000e-01	1.780212e-02
-9.875000e-01	2.052384e-02
-9.850000e-01	2.227902e-02
-9.825000e-01	2.212699e-02
-9.800000e-01	2.026158e-02
-9.775000e-01	1.778335e-02
-9.750000e-01	1.560930e-02
-9.725000e-01	1.411015e-02
-9.700000e-01	1.334205e-02
-9.675000e-01	1.328042e-02
-9.650000e-01	1.392564e-02
-9.625000e-01	1.532952e-02
-9.600000e-01	1.756643e-02
-9.575000e-01	2.061157e-02
-9.550000e-01	2.405787e-02
-9.525000e-01	2.680466e-02
-9.500000e-01	2.744005e-02
-9.475000e-01	2.561707e-02
-9.450000e-01	2.249424e-02
-9.425000e-01	1.944863e-02
-9.400000e-01	1.719011e-02
-9.375000e-01	1.589420e-02
-9.350000e-01	1.552441e-02
-9.325000e-01	1.595682e-02
-9.300000e-01	1.690321e-02
-9.275000e-01	1.775528e-02
-9.250000e-01	1.772971e-02
-9.225000e-01	1.654358e-02
-9.200000e-01	1.471234e-02
-9.175000e-01	1.292833e-02
-9.150000e-01	1.156135e-02
-9.125000e-01	1.069998e-02
-9.100000e-01	1.032772e-02
-9.075000e-01	1.042497e-02
-9.050000e-01	1.100695e-02
-9.025000e-01	1.213184e-02
-9.000000e-01	1.388482e-02
-8.975000e-01	1.630775e-02
-8.950000e-01	1.920973e-02
-8.925000e-01	2.186985e-02
-8.900000e-01	2.306876e-02
-8.875000e-01	2.206196e-02
-8.850000e-01	1.946290e-02
-8.825000e-01	1.650351e-02
-8.800000e-01	1.397671e-02
-8.775000e-01	1.211925e-02
-8.750000e-01	1.090573e-02
-8.725000e-01	1.025498e-02
-8.700000e-01	1.011015e-02
-8.675000e-01	1.045698e-02
-8.650000e-01	1.131128e-02
-8.625000e-01	1.266537e-02
-8.600000e-01	1.435487e-02
-8.575000e-01	1.586869e-02
-8.550000e-01	1.641411e-02
-8.525000e-01	1.558268e-02
-8.500000e-01	1.383410e-02
-8.475000e-01	1.194506e-02
-8.450000e-01	1.038113e-02
-8.425000e-01	9.269694e-03
-8.400000e-01	8.589633e-03
-8.375000e-01	8.294067e-03
-8.350000e-01	8.356609e-03
-8.325000e-01	8.781425e-03
-8.300000e-01	9.593612e-03
-8.275000e-01	1.079853e-02
-8.250000e-01	1.227781e-02
-8.225000e-01	1.363499e-02
-8.200000e-01	1.423263e-02
-8.175000e-01	1.371814e-02
-8.150000e-01	1.244446e-02
-8.125000e-01	1.104875e-02
-8.100000e-01	9.926511e-03
-8.075000e-01	9.194123e-03
-8.050000e-01	8.842668e-03
-8.025000e-01	8.841280e-03
-8.000000e-01	9.177997e-03
-7.975000e-01	9.873185e-03
-7.950000e-01	1.098564e-02
-7.925000e-01	1.261695e-02
-7.900000e-01	1.490802e-02
-7.875000e-01	1.800138e-02
-7.850000e-01	2.190477e-02
-7.825000e-01	2.617711e-02
-7.800000e-01	2.961108e-02
-7.775000e-01	3.073235e-02
-7.750000e-01	2.932523e-02
-7.725000e-01	2.678241e-02
-7.700000e-01	2.464783e-02
-7.675000e-01	2.369250e-02
-7.650000e-01	2.398549e-02
-7.625000e-01	2.501243e-02
-7.600000e-01	2.566862e-02
-7.575000e-01	2.480176e-02
-7.550000e-01	2.231015e-02
-7.525000e-01	1.915636e-02
-7.500000e-01	1.627480e-02
-7.475000e-01	1.406166e-02
-7.450000e-01	1.255793e-02
-7.425000e-01	1.169415e-02
-7.400000e-01	1.140595e-02
-7.375000e-01	1.166105e-02
-7.350000e-01	1.243138e-02
-7.325000e-01	1.359844e-02
-7.300000e-01	1.479271e-02
-7.275000e-01	1.536455e-02
-7.250000e-01	1.484133e-02
-7.225000e-01	1.345875e-02
-7.200000e-01	1.186142e-02
-7.175000e-01	1.050587e-02
-7.150000e-01	9.544761e-03
-7.125000e-01	8.976726e-03
-7.100000e-01	8.765268e-03
-7.075000e-01	8.888179e-03
-7.050000e-01	9.352179e-03
-7.025000e-01	1.019368e-02
-7.000000e-01	1.146569e-02
-6.975000e-01	1.318972e-02
-6.950000e-01	1.523586e-02
-6.925000e-01	1.716355e-02
-6.900000e-01	1.832311e-02
-6.875000e-01	1.847743e-02
-6.850000e-01	1.816773e-02
-6.825000e-01	1.818560e-02
-6.800000e-01	1.906712e-02
-6.775000e-01	2.108743e-02
-6.750000e-01	2.434123e-02
-6.725000e-01	2.858516e-02
-6.700000e-01	3.280752e-02
-6.675000e-01	3.509884e-02
-6.650000e-01	3.394634e-02
-6.625000e-01	2.993298e-02
-6.600000e-01	2.499565e-02
-6.575000e-01	2.057116e-02
-6.550000e-01	1.715034e-02
-6.525000e-01	1.471498e-02
-6.500000e-01	1.310858e-02
-6.475000e-01	1.219055e-02
-6.450000e-01	1.187680e-02
-6.425000e-01	1.213681e-02
-6.400000e-01	1.296106e-02
-6.375000e-01	1.427327e-02
-6.350000e-01	1.575901e-02
-6.325000e-01	1.674434e-02
-6.300000e-01	1.654788e-02
-6.275000e-01	1.520043e-02
-6.250000e-01	1.340274e-02
-6.225000e-01	1.179770e-02
-6.200000e-01	1.066523e-02
-6.175000e-01	1.005503e-02
-6.150000e-01	9.936480e-03
-6.125000e-01	1.023722e-02
-6.100000e-01	1.078368e-02
-6.075000e-01	1.122008e-02
-6.050000e-01	1.112866e-02
-6.025000e-01	1.041537e-02
-6.000000e-01	9.402108e-03
-5.975000e-01	8.454744e-03
-5.950000e-01	7.750561e-03
-5.925000e-01	7.323945e-03
-5.900000e-01	7.160176e-03
-5.875000e-01	7.245392e-03
-5.850000e-01	7.584773e-03
-5.825000e-01	8.208324e-03
-5.800000e-01	9.170914e-03
-5.775000e-01	1.054025e-02
-5.750000e-01	1.234807e-02
-5.725000e-01	1.446168e-02
-5.700000e-01	1.639612e-02
-5.675000e-01	1.737806e-02
-5.650000e-01	1.701464e-02
-5.625000e-01	1.579186e-02
-5.600000e-01	1.453099e-02
-5.575000e-01	1.375657e-02
-5.550000e-01	1.367060e-02
-5.525000e-01	1.434860e-02
-5.500000e-01	1.586042e-02
-5.475000e-01	1.827923e-02
-5.450000e-01	2.155835e-02
-5.425000e-01	2.522205e-02
-5.400000e-01	2.804350e-02
-5.375000e-01	2.851302e-02
-5.350000e-01	2.632963e-02
-5.325000e-01	2.276966e-02
-5.300000e-01	1.926529e-02
-5.275000e-01	1.651151e-02
-5.250000e-01	1.464160e-02
-5.225000e-01	1.358655e-02
-5.200000e-01	1.326125e-02
-5.175000e-01	1.361570e-02
-5.150000e-01	1.460723e-02
-5.125000e-01	1.609261e-02
-5.100000e-01	1.765742e-02
-5.075000e-01	1.862702e-02
-5.050000e-01	1.860846e-02
-5.025000e-01	1.799698e-02
-5.000000e-01	1.757028e-02
-4.975000e-01	1.787350e-02
-4.950000e-01	1.907752e-02
-4.925000e-01	2.095705e-02
-4.900000e-01	2.273369e-02
-4.875000e-01	2.320918e-02
-4.850000e-01	2.173878e-02
-4.825000e-01	1.895029e-02
-4.800000e-01	1.595206e-02
-4.775000e-01	1.340704e-02
-4.750000e-01	1.148238e-02
-4.725000e-01	1.012215e-02
-4.700000e-01	9.224144e-03
-4.675000e-01	8.704663e-03
-4.650000e-01	8.512278e-03
-4.625000e-01	8.623326e-03
-4.600000e-01	9.024725e-03
-4.575000e-01	9.673657e-03
-4.550000e-01	1.043076e-02
-4.525000e-01	1.104416e-02
-4.500000e-01	1.133500e-02
-4.475000e-01	1.143008e-02
-4.450000e-01	1.165495e-02
-4.425000e-01	1.228808e-02
-4.400000e-01	1.351382e-02
-4.375000e-01	1.548883e-02
-4.350000e-01	1.837481e-02
-4.325000e-01	2.226551e-02
-4.300000e-01	2.692062e-02
-4.275000e-01	3.130664e-02
-4.250000e-01	3.355456e-02
-4.225000e-01	3.236317e-02
-4.200000e-01	2.852535e-02
-4.175000e-01	2.397133e-02
-4.150000e-01	2.003426e-02
-4.125000e-01	1.715067e-02
-4.100000e-01	1.529722e-02
-4.075000e-01	1.429792e-02
-4.050000e-01	1.388379e-02
-4.025000e-01	1.364103e-02
-4.000000e-01	1.310327e-02
-3.975000e-01	1.210513e-02
-3.950000e-01	1.090521e-02
-3.925000e-01	9.845522e-03
-3.900000e-01	9.105274e-03
-3.875000e-01	8.729366e-03
-3.850000e-01	8.712034e-03
-3.825000e-01	9.025168e-03
-3.800000e-01	9.581620e-03
-3.775000e-01	1.015987e-02
-3.750000e-01	1.042470e-02
-3.725000e-01	1.019684e-02
-3.700000e-01	9.664155e-03
-3.675000e-01	9.163763e-03
-3.650000e-01	8.917190e-03
-3.625000e-01	9.016365e-03
-3.600000e-01	9.506606e-03
-3.575000e-01	1.044374e-02
-3.550000e-01	1.191521e-02
-3.525000e-01	1.402718e-02
-3.500000e-01	1.682564e-02
-3.475000e-01	2.008278e-02
-3.450000e-01	2.297928e-02
-3.425000e-01	2.419491e-02
-3.400000e-01	2.301580e-02
-3.375000e-01	2.019333e-02
-3.350000e-01	1.704867e-02
-3.325000e-01	1.438755e-02
-3.300000e-01	1.243222e-02
-3.275000e-01	1.114074e-02
-3.250000e-01	1.041703e-02
-3.225000e-01	1.018823e-02
-3.200000e-01	1.041712e-02
-3.175000e-01	1.107884e-02
-3.150000e-01	1.209488e-02
-3.125000e-01	1.322948e-02
-3.100000e-01	1.409029e-02
-3.075000e-01	1.445011e-02
-3.050000e-01	1.456624e-02
-3.025000e-01	1.494490e-02
-3.000000e-01	1.594216e-02
-2.975000e-01	1.761379e-02
-2.950000e-01	1.960717e-02
-2.925000e-01	2.107943e-02
-2.900000e-01	2.115892e-02
-2.875000e-01	1.987207e-02
-2.850000e-01	1.812368e-02
-2.825000e-01	1.677700e-02
-2.800000e-01	1.624348e-02
-2.775000e-01	1.661599e-02
-2.750000e-01	1.777452e-02
-2.725000e-01	1.927978e-02
-2.700000e-01	2.026512e-02
-2.675000e-01	1.988402e-02
-2.650000e-01	1.817309e-02
-2.625000e-01	1.596981e-02
-2.600000e-01	1.403002e-02
-2.575000e-01	1.267491e-02
-2.550000e-01	1.195989e-02
-2.525000e-01	1.186905e-02
-2.500000e-01	1.240334e-02
-2.475000e-01	1.359240e-02
-2.450000e-01	1.543736e-02
-2.425000e-01	1.774505e-02
-2.400000e-01	1.987554e-02
-2.375000e-01	2.078999e-02
-2.350000e-01	1.989616e-02
-2.325000e-01	1.775638e-02
-2.300000e-01	1.542200e-02
-2.275000e-01	1.356127e-02
-2.250000e-01	1.237629e-02
-2.225000e-01	1.182313e-02
-2.200000e-01	1.171442e-02
-2.175000e-01	1.171297e-02
-2.150000e-01	1.144126e-02
-2.125000e-01	1.079659e-02
-2.100000e-01	1.003340e-02
-2.075000e-01	9.456341e-03
-2.050000e-01	9.206420e-03
-2.025000e-01	9.251443e-03
-2.000000e-01	9.401908e-03
-1.975000e-01	9.377743e-03
-1.950000e-01	9.038940e-03
-1.925000e-01	8.533060e-03
-1.900000e-01	8.111385e-03
-1.875000e-01	7.934432e-03
-1.850000e-01	8.067391e-03
-1.825000e-01	8.533523e-03
-1.800000e-01	9.325940e-03
-1.775000e-01	1.035757e-02
-1.750000e-01	1.138651e-02
-1.725000e-01	1.208927e-02
-1.700000e-01	1.239105e-02
-1.675000e-01	1.261707e-02
-1.650000e-01	1.319435e-02
-1.625000e-01	1.438646e-02
-1.600000e-01	1.622675e-02
-1.575000e-01	1.841773e-02
-1.550000e-01	2.023210e-02
-1.525000e-01	2.089913e-02
-1.500000e-01	2.042804e-02
-1.475000e-01	1.956003e-02
-1.450000e-01	1.881042e-02
-1.425000e-01	1.802153e-02
-1.400000e-01	1.680856e-02
-1.375000e-01	1.522487e-02
-1.350000e-01	1.372467e-02
-1.325000e-01	1.269093e-02
-1.300000e-01	1.228047e-02
-1.275000e-01	1.250860e-02
-1.250000e-01	1.328554e-02
-1.225000e-01	1.433988e-02
-1.200000e-01	1.518252e-02
-1.175000e-01	1.541440e-02
-1.150000e-01	1.514023e-02
-1.125000e-01	1.471765e-02
-1.100000e-01	1.418394e-02
-1.075000e-01	1.326069e-02
-1.050000e-01	1.187183e-02
-1.025000e-01	1.032470e-02
-1.000000e-01	8.958259e-03
-9.750000e-02	7.920477e-03
-9.500000e-02	7.221221e-03
-9.250000e-02	6.827588e-03
-9.000000e-02	6.711644e-03
-8.750000e-02	6.862350e-03
-8.500000e-02	7.275185e-03
-8.250000e-02	7.915091e-03
-8.000000e-02	8.651355e-03
-7.750000e-02	9.233625e-03
-7.500000e-02	9.433011e-03
-7.250000e-02	9.225014e-03
-7.000000e-02	8.771044e-03
-6.750000e-02	8.311946e-03
-6.500000e-02	8.062903e-03
-6.250000e-02	8.152305e-03
-6.000000e-02	8.644408e-03
-5.750000e-02	9.572316e-03
-5.500000e-02	1.092326e-02
-5.250000e-02	1.257315e-02
-5.000000e-02	1.419034e-02
-4.750000e-02	1.517852e-02
-4.500000e-02	1.497450e-02
-4.250000e-02	1.367433e-02
-4.000000e-02	1.197551e-02
-3.750000e-02	1.048375e-02
-3.500000e-02	9.409405e-03
-3.250000e-02	8.664902e-03
-3.000000e-02	8.031022e-03
-2.750000e-02	7.354874e-03
-2.500000e-02	6.660859e-03
-2.250000e-02	6.051219e-03
-2.000000e-02	5.590250e-03
-1.750000e-02	5.281257e-03
-1.500000e-02	5.080913e-03
-1.250000e-02	4.930027e-03
-1.000000e-02	4.794278e-03
-7.500000e-03	4.679197e-03
-5.000000e-03	4.577182e-03
-2.500000e-03	4.422042e-03
-6.394885e-14	4.146081e-03
2.500000e-03	3.767799e-03
5.000000e-03	3.370536e-03
7.500000e-03	3.019520e-03
1.000000e-02	2.735347e-03
1.250000e-02	2.512775e-03
1.500000e-02	2.339242e-03
1.750000e-02	2.202815e-03
2.000000e-02	2.094156e-03
2.250000e-02	2.006413e-03
2.500000e-02	1.934646e-03
2.750000e-02	1.875285e-03
3.000000e-02	1.825726e-03
3.250000e-02	1.784040e-03
3.500000e-02	1.748777e-03
3.750000e-02	1.718829e-03
4.000000e-02	1.693339e-03
4.250000e-02	1.671632e-03
4.500000e-02	1.653172e-03
4.750000e-02	1.637526e-03
5.000000e-02	1.624343e-03
5.250000e-02	1.613334e-03
5.500000e-02	1.604260e-03
5.750000e-02	1.596921e-03
6.000000e-02	1.591149e-03
6.250000e-02	1.586801e-03
6.500000e-02	1.583755e-03
6.750000e-02	1.581909e-03
7.000000e-02	1.581172e-03
7.250000e-02	1.581468e-03
7.500000e-02	1.582730e-03
7.750000e-02	1.584899e-03
8.000000e-02	1.587926e-03
8.250000e-02	1.591767e-03
8.500000e-02	1.596383e-03
8.750000e-02	1.601741e-03
9.000000e-02	1.607811e-03
9.250000e-02	1.614569e-03
9.500000e-02	1.621992e-03
9.750000e-02	1.630062e-03
1.000000e-01	1.638761e-03
1.025000e-01	1.648077e-03
1.050000e-01	1.657997e-03
1.075000e-01	1.668511e-03
1.100000e-01	1.679612e-03
1.125000e-01	1.691292e-03
1.150000e-01	1.703547e-03
1.175000e-01	1.716374e-03
1.200000e-01	1.729770e-03
1.225000e-01	1.743734e-03
1.250000e-01	1.758267e-03
1.275000e-01	1.773369e-03
1.300000e-01	1.789044e-03
1.325000e-01	1.805294e-03
1.350000e-01	1.822124e-03
1.375000e-01	1.839539e-03
1.400000e-01	1.857545e-03
1.425000e-01	1.876149e-03
1.450000e-01	1.895359e-03
1.475000e-01	1.915184e-03
1.500000e-01	1.935634e-03
1.525000e-01	1.956719e-03
1.550000e-01	1.978449e-03
1.575000e-01	2.000839e-03
1.600000e-01	2.023900e-03
1.625000e-01	2.047646e-03
1.650000e-01	2.072093e-03
1.675000e-01	2.097255e-03
1.700000e-01	2.123151e-03
1.725000e-01	2.149797e-03
1.750000e-01	2.177212e-03
1.775000e-01	2.205416e-03
1.800000e-01	2.234429e-03
1.825000e-01	2.264272e-03
1.850000e-01	2.294970e-03
1.875000e-01	2.326546e-03
1.900000e-01	2.359024e-03
1.925000e-01	2.392432e-03
1.950000e-01	2.426797e-03
1.975000e-01	2.462148e-03
2.000000e-01	2.498516e-03
2.025000e-01	2.535932e-03
2.050000e-01	2.574431e-03
2.075000e-01	2.614047e-03
2.100000e-01	2.654816e-03
2.125000e-01	2.696779e-03
2.150000e-01	2.739974e-03
2.175000e-01	2.784446e-03
2.200000e-01	2.830237e-03
2.225000e-01	2.877395e-03
2.250000e-01	2.925968e-03
2.275000e-01	2.976009e-03
2.300000e-01	3.027571e-03
2.325000e-01	3.080710e-03
2.350000e-01	3.135487e-03
2.375000e-01	3.191964e-03
2.400000e-01	3.250206e-03
2.425000e-01	3.310283e-03
2.450000e-01	3.372267e-03
2.475000e-01	3.436236e-03
2.500000e-01	3.502268e-03
2.525000e-01	3.570450e-03
2.550000e-01	3.640871e-03
2.575000e-01	3.713625e-03
2.600000e-01	3.788811e-03
2.625000e-01	3.866535e-03
2.650000e-01	3.946907e-03
2.675000e-01	4.030044e-03
2.700000e-01	4.116070e-03
2.725000e-01	4.205116e-03
2.750000e-01	4.297320e-03
2.775000e-01	4.392828e-03
2.800000e-01	4.491798e-03
2.825000e-01	4.594392e-03
2.850000e-01	4.700786e-03
2.875000e-01	4.811165e-03
2.900000e-01	4.925727e-03
2.925000e-01	5.044681e-03
2.950000e-01	5.168250e-03
2.975000e-01	5.296671e-03
3.000000e-01	5.430198e-03
3.025000e-01	5.569100e-03
3.050000e-01	5.713665e-03
3.075000e-01	5.864202e-03
3.100000e-01	6.021038e-03
3.125000e-01	6.184526e-03
3.150000e-01	6.355043e-03
3.175000e-01	6.532992e-03
3.200000e-01	6.718808e-03
3.225000e-01	6.912956e-03
3.250000e-01	7.115937e-03
3.275000e-01	7.328291e-03
3.300000e-01	7.550598e-03
3.325000e-01	7.783486e-03
3.350000e-01	8.027630e-03
3.375000e-01	8.283763e-03
3.400000e-01	8.552678e-03
3.425000e-01	8.835234e-03
3.450000e-01	9.132362e-03
3.475000e-01	9.445077e-03
3.500000e-01	9.774482e-03
3.525000e-01	1.012178e-02
3.550000e-01	1.048828e-02
3.575000e-01	1.087542e-02
3.600000e-01	1.128478e-02
3.625000e-01	1.171806e-02
3.650000e-01	1.217718e-02
3.675000e-01	1.266421e-02
3.700000e-01	1.318146e-02
3.725000e-01	1.373145e-02
3.750000e-01	1.431702e-02
3.775000e-01	1.494127e-02
3.800000e-01	1.560768e-02
3.825000e-01	1.632010e-02
3.850000e-01	1.708287e-02
3.875000e-01	1.790081e-02
3.900000e-01	1.877936e-02
3.925000e-01	1.972462e-02
3.950000e-01	2.074350e-02
3.975000e-01	2.184379e-02
4.000000e-01	2.303438e-02
4.025000e-01	2.432536e-02
4.050000e-01	2.572829e-02
4.075000e-01	2.725642e-02
4.100000e-01	2.892501e-02
4.125000e-01	3.075172e-02
4.150000e-01	3.275704e-02
4.175000e-01	3.496488e-02
4.200000e-01	3.740324e-02
4.225000e-01	4.010512e-02
4.250000e-01	4.310958e-02
4.275000e-01	4.646314e-02
4.300000e-01	5.022149e-02
4.325000e-01	5.445182e-02
4.350000e-01	5.923564e-02
4.375000e-01	6.467264e-02
4.400000e-01	7.088569e-02
4.425000e-01	7.802745e-02
4.450000e-01	8.628939e-02
4.475000e-01	9.591396e-02
4.500000e-01	1.072113e-01
4.525000e-01	1.205828e-01
4.550000e-01	1.365539e-01
4.575000e-01	1.558214e-01
4.600000e-01	1.793216e-01
4.625000e-01	2.083303e-01
4.650000e-01	2.446106e-01
4.675000e-01	2.906303e-01
4.700000e-01	3.498825e-01
4.725000e-01	4.273364e-01
4.750000e-01	5.300130e-01
4.775000e-01	6.674966e-01
4.800000e-01	8.515983e-01
4.825000e-01	1.092723e+00
4.850000e-01	1.387354e+00
4.875000e-01	1.691402e+00
4.900000e-01	1.899555e+00
4.925000e-01	1.899549e+00
4.950000e-01	1.691389e+00
4.975000e-01	1.387340e+00
5.000000e-01	1.092709e+00
5.025000e-01	8.515864e-01
5.050000e-01	6.674861e-01
5.075000e-01	5.300034e-01
5.100000e-01	4.273274e-01
5.125000e-01	3.498736e-01
5.150000e-01	2.906214e-01
5.175000e-01	2.446014e-01
5.200000e-01	2.083208e-01
5.225000e-01	1.793116e-01
5.250000e-01	1.558109e-01
5.275000e-01	1.365429e-01
5.300000e-01	1.205712e-01
5.325000e-01	1.071990e-01
5.350000e-01	9.590101e-02
5.375000e-01	8.627579e-02
5.400000e-01	7.801316e-02
5.425000e-01	7.087071e-02
5.450000e-01	6.465697e-02
5.475000e-01	5.921926e-02
5.500000e-01	5.443472e-02
5.525000e-01	5.020368e-02
5.550000e-01	4.644459e-02
5.575000e-01	4.309031e-02
5.600000e-01	4.008511e-02
5.625000e-01	3.738248e-02
5.650000e-01	3.494337e-02
5.675000e-01	3.273479e-02
5.700000e-01	3.072871e-02
5.725000e-01	2.890124e-02
5.750000e-01	2.723188e-02
5.775000e-01	2.570298e-02
5.800000e-01	2.429928e-02
5.825000e-01	2.300752e-02
5.850000e-01	2.181615e-02
5.875000e-01	2.071506e-02
5.900000e-01	1.969539e-02
5.925000e-01	1.874933e-02
5.950000e-01	1.786997e-02
5.975000e-01	1.705122e-02
6.000000e-01	1.628763e-02
6.025000e-01	1.557438e-02
6.050000e-01	1.490715e-02
6.075000e-01	1.428206e-02
6.100000e-01	1.369566e-02
6.125000e-01	1.314481e-02
6.150000e-01	1.262671e-02
6.175000e-01	1.213882e-02
6.200000e-01	1.167883e-02
6.225000e-01	1.124467e-02
6.250000e-01	1.083443e-02
6.275000e-01	1.044640e-02
6.300000e-01	1.007900e-02
6.325000e-01	9.730800e-03
6.350000e-01	9.400481e-03
6.375000e-01	9.086844e-03
6.400000e-01	8.788784e-03
6.425000e-01	8.505289e-03
6.450000e-01	8.235425e-03
6.475000e-01	7.978334e-03
6.500000e-01	7.733222e-03
6.525000e-01	7.499357e-03
6.550000e-01	7.276062e-03
6.575000e-01	7.062711e-03
6.600000e-01	6.858721e-03
6.625000e-01	6.663553e-03
6.650000e-01	6.476707e-03
6.675000e-01	6.297715e-03
6.700000e-01	6.126145e-03
6.725000e-01	5.961591e-03
6.750000e-01	5.803676e-03
6.775000e-01	5.652049e-03
6.800000e-01	5.506379e-03
6.825000e-01	5.366359e-03
6.850000e-01	5.231701e-03
6.875000e-01	5.102134e-03
6.900000e-01	4.977404e-03
6.925000e-01	4.857275e-03
6.950000e-01	4.741523e-03
6.975000e-01	4.629937e-03
7.000000e-01	4.522320e-03
7.025000e-01	4.418486e-03
7.050000e-01	4.318260e-03
7.075000e-01	4.221477e-03
7.100000e-01	4.127980e-03
7.125000e-01	4.037623e-03
7.150000e-01	3.950267e-03
7.175000e-01	3.865780e-03
7.200000e-01	3.784037e-03
7.225000e-01	3.704922e-03
7.250000e-01	3.628323e-03
7.275000e-01	3.554134e-03
7.300000e-01	3.482256e-03
7.325000e-01	3.412592e-03
7.350000e-01	3.345054e-03
7.375000e-01	3.279556e-03
7.400000e-01	3.216015e-03
7.425000e-01	3.154356e-03
7.450000e-01	3.094504e-03
7.475000e-01	3.036390e-03
7.500000e-01	2.979946e-03
7.525000e-01	2.925110e-03
7.550000e-01	2.871821e-03
7.575000e-01	2.820021e-03
7.600000e-01	2.769655e-03
7.625000e-01	2.720672e-03
7.650000e-01	2.673020e-03
7.675000e-01	2.626651e-03
7.700000e-01	2.581521e-03
7.725000e-01	2.537586e-03
7.750000e-01	2.494803e-03
7.775000e-01	2.453133e-03
7.800000e-01	2.412537e-03
7.825000e-01	2.372979e-03
7.850000e-01	2.334424e-03
7.875000e-01	2.296838e-03
7.900000e-01	2.260189e-03
7.925000e-01	2.224446e-03
7.950000e-01	2.189579e-03
7.975000e-01	2.155560e-03
8.000000e-01	2.122362e-03
8.025000e-01	2.089959e-03
8.050000e-01	2.058325e-03
8.075000e-01	2.027436e-03
8.100000e-01	1.997269e-03
8.125000e-01	1.967802e-03
8.150000e-01	1.939013e-03
8.175000e-01	1.910881e-03
8.200000e-01	1.883387e-03
8.225000e-01	1.856512e-03
8.250000e-01	1.830237e-03
8.275000e-01	1.804544e-03
8.300000e-01	1.779417e-03
8.325000e-01	1.754838e-03
8.350000e-01	1.730793e-03
8.375000e-01	1.707265e-03
8.400000e-01	1.684240e-03
8.425000e-01	1.661704e-03
8.450000e-01	1.639643e-03
8.475000e-01	1.618044e-03
8.500000e-01	1.596894e-03
8.525000e-01	1.576180e-03
8.550000e-01	1.555891e-03
8.575000e-01	1.536016e-03
8.600000e-01	1.516542e-03
8.625000e-01	1.497459e-03
8.650000e-01	1.478758e-03
8.675000e-01	1.460427e-03
8.700000e-01	1.442458e-03
8.725000e-01	1.424840e-03
8.750000e-01	1.407564e-03
8.775000e-01	1.390623e-03
8.800000e-01	1.374007e-03
8.825000e-01	1.357707e-03
8.850000e-01	1.341717e-03
8.875000e-01	1.326028e-03
8.900000e-01	1.310633e-03
8.925000e-01	1.295524e-03
8.950000e-01	1.280695e-03
8.975000e-01	1.266138e-03
9.000000e-01	1.251847e-03
9.025000e-01	1.237816e-03
9.050000e-01	1.224038e-03
9.075000e-01	1.210507e-03
9.100000e-01	1.197217e-03
9.125000e-01	1.184164e-03
9.150000e-01	1.171340e-03
9.175000e-01	1.158742e-03
9.200000e-01	1.146363e-03
9.225000e-01	1.134198e-03
9.250000e-01	1.122243e-03
9.275000e-01	1.110493e-03
9.300000e-01	1.098943e-03
9.325000e-01	1.087589e-03
9.350000e-01	1.076427e-03
9.375000e-01	1.065451e-03
9.400000e-01	1.054658e-03
9.425000e-01	1.044045e-03
9.450000e-01	1.033606e-03
9.475000e-01	1.023338e-03
9.500000e-01	1.013238e-03
9.525000e-01	1.003302e-03
9.550000e-01	9.935265e-04
9.575000e-01	9.839077e-04
9.600000e-01	9.744426e-04
9.625000e-01	9.651278e-04
9.650000e-01	9.559603e-04
9.675000e-01	9.469371e-04
9.700000e-01	9.380550e-04
9.725000e-01	9.293112e-04
9.750000e-01	9.207028e-04
9.775000e-01	9.122272e-04
9.800000e-01	9.038816e-04
9.825000e-01	8.956633e-04
9.850000e-01	8.875698e-04
9.875000e-01	8.795987e-04
9.900000e-01	8.717474e-04
9.925000e-01	8.640137e-04
9.950000e-01	8.563952e-04
9.975000e-01	8.488896e-04
1.000000e+00	8.414948e-04
1.002500e+00	8.342085e-04
1.005000e+00	8.270288e-04
1.007500e+00	8.199535e-04
1.010000e+00	8.129807e-04
1.012500e+00	8.061084e-04
1.015000e+00	7.993347e-04
1.017500e+00	7.926578e-04
1.020000e+00	7.860758e-04
1.022500e+00	7.795870e-04
1.025000e+00	7.731897e-04
1.027500e+00	7.668821e-04
1.030000e+00	7.606626e-04
1.032500e+00	7.545296e-04
1.035000e+00	7.484815e-04
1.037500e+00	7.425168e-04
1.040000e+00	7.366340e-04
1.042500e+00	7.308315e-04
1.045000e+00	7.251081e-04
1.047500e+00	7.194622e-04
1.050000e+00	7.138926e-04
1.052500e+00	7.083977e-04
1.055000e+00	7.029764e-04
1.057500e+00	6.976274e-04
1.060000e+00	6.923493e-04
1.062500e+00	6.871411e-04
1.065000e+00	6.820014e-04
1.067500e+00	6.769290e-04
1.070000e+00	6.719230e-04
1.072500e+00	6.669820e-04
1.075000e+00	6.621050e-04
1.077500e+00	6.572910e-04
1.080000e+00	6.525389e-04
1.082500e+00	6.478476e-04
1.085000e+00	6.432161e-04
1.087500e+00	6.386435e-04
1.090000e+00	6.341288e-04
1.092500e+00	6.296709e-04
1.095000e+00	6.252691e-04
1.097500e+00	6.209224e-04
1.100000e+00	6.166298e-04
1.102500e+00	6.123906e-04
1.105000e+00	6.082038e-04
1.107500e+00	6.040686e-04
1.110000e+00	5.999843e-04
1.112500e+00	5.959499e-04
1.115000e+00	5.919648e-04
1.117500e+00	5.880281e-04
1.120000e+00	5.841390e-04
1.122500e+00	5.802969e-04
1.125000e+00	5.765010e-04
1.127500e+00	5.727506e-04
1.130000e+00	5.690449e-04
1.132500e+00	5.653834e-04
1.135000e+00	5.617653e-04
1.137500e+00	5.581899e-04
1.140000e+00	5.546567e-04
1.142500e+00	5.511650e-04
1.145000e+00	5.477141e-04
1.147500e+00	5.443035e-04
1.150000e+00	5.409325e-04
1.152500e+00	5.376006e-04
1.155000e+00	5.343072e-04
1.157500e+00	5.310517e-04
1.160000e+00	5.278335e-04
1.162500e+00	5.246522e-04
1.165000e+00	5.215072e-04
1.167500e+00	5.183979e-04
1.170000e+00	5.153239e-04
1.172500e+00	5.122846e-04
1.175000e+00	5.092795e-04
1.177500e+00	5.063082e-04
1.180000e+00	5.033702e-04
1.182500e+00	5.004650e-04
1.185000e+00	4.975921e-04
1.187500e+00	4.947511e-04
1.190000e+00	4.919416e-04
1.192500e+00	4.891631e-04
1.195000e+00	4.864151e-04
1.197500e+00	4.836973e-04
1.200000e+00	4.810093e-04
1.202500e+00	4.783505e-04
1.205000e+00	4.757208e-04
1.207500e+00	4.731195e-04
1.210000e+00	4.705464e-04
1.212500e+00	4.680011e-04
1.215000e+00	4.654832e-04
1.217500e+00	4.629924e-04
1.220000e+00	4.605282e-04
1.222500e+00	4.580903e-04
1.225000e+00	4.556784e-04
1.227500e+00	4.532922e-04
1.230000e+00	4.509312e-04
1.232500e+00	4.485953e-04
1.235000e+00	4.462839e-04
1.237500e+00	4.439969e-04
1.240000e+00	4.417339e-04
1.242500e+00	4.394947e-04
1.245000e+00	4.372788e-04
1.247500e+00	4.350860e-04
1.250000e+00	4.329160e-04
1.252500e+00	4.307686e-04
1.255000e+00	4.286434e-04
1.257500e+00	4.265402e-04
1.260000e+00	4.244586e-04
1.262500e+00	4.223985e-04
1.265000e+00	4.203595e-04
1.267500e+00	4.183414e-04
1.270000e+00	4.163439e-04
1.272500e+00	4.143669e-04
1.275000e+00	4.124099e-04
1.277500e+00	4.104729e-04
1.280000e+00	4.085554e-04
1.282500e+00	4.066575e-04
1.285000e+00	4.047786e-04
1.287500e+00	4.029188e-04
1.290000e+00	4.010776e-04
1.292500e+00	3.992550e-04
1.295000e+00	3.974506e-04
1.297500e+00	3.956644e-04
1.300000e+00	3.938959e-04
1.302500e+00	3.921452e-04
1.305000e+00	3.904119e-04
1.307500e+00	3.886958e-04
1.310000e+00	3.869968e-04
1.312500e+00	3.853146e-04
1.315000e+00	3.836491e-04
1.317500e+00	3.820000e-04
1.320000e+00	3.803672e-04
1.322500e+00	3.787506e-04
1.325000e+00	3.771498e-04
1.327500e+00	3.755648e-04
1.330000e+00	3.739954e-04
1.332500e+00	3.724414e-04
1.335000e+00	3.709026e-04
1.337500e+00	3.693788e-04
1.340000e+00	3.678700e-04
1.342500e+00	3.663759e-04
1.345000e+00	3.648963e-04
1.347500e+00	3.634312e-04
1.350000e+00	3.619803e-04
1.352500e+00	3.605436e-04
1.355000e+00	3.591208e-04
1.357500e+00	3.577118e-04
1.360000e+00	3.563165e-04
1.362500e+00	3.549347e-04
1.365000e+00	3.535663e-04
1.367500e+00	3.522111e-04
1.370000e+00	3.508691e-04
1.372500e+00	3.495400e-04
1.375000e+00	3.482238e-04
1.377500e+00	3.469202e-04
1.380000e+00	3.456293e-04
1.382500e+00	3.443508e-04
1.385000e+00	3.430847e-04
1.387500e+00	3.418307e-04
1.390000e+00	3.405888e-04
1.392500e+00	3.393590e-04
1.395000e+00	3.381409e-04
1.397500e+00	3.369346e-04
1.400000e+00	3.357399e-04
1.402500e+00	3.345567e-04
1.405000e+00	3.333850e-04
1.407500e+00	3.322245e-04
1.410000e+00	3.310752e-04
1.412500e+00	3.299369e-04
1.415000e+00	3.288097e-04
1.417500e+00	3.276933e-04
1.420000e+00	3.265877e-04
1.422500e+00	3.254928e-04
1.425000e+00	3.244084e-04
1.427500e+00	3.233345e-04
1.430000e+00	3.222710e-04
1.432500e+00	3.212178e-04
1.435000e+00	3.201747e-04
1.437500e+00	3.191418e-04
1.440000e+00	3.181189e-04
1.442500e+00	3.171060e-04
1.445000e+00	3.161028e-04
1.447500e+00	3.151095e-04
1.450000e+00	3.141258e-04
1.452500e+00	3.131517e-04
1.455000e+00	3.121871e-04
1.457500e+00	3.112319e-04
1.460000e+00	3.102861e-04
1.462500e+00	3.093496e-04
1.465000e+00	3.084223e-04
1.467500e+00	3.075041e-04
1.470000e+00	3.065949e-04
1.472500e+00	3.056948e-04
1.475000e+00	3.048035e-04
1.477500e+00	3.039211e-04
1.480000e+00	3.030474e-04
1.482500e+00	3.021824e-04
1.485000e+00	3.013261e-04
1.487500e+00	3.004783e-04
1.490000e+00	2.996391e-04
1.492500e+00	2.988082e-04
1.495000e+00	2.979858e-04
1.497500e+00	2.971717e-04
1.500000e+00	2.963658e-04
1.502500e+00	2.955681e-04
1.505000e+00	2.947786e-04
1.507500e+00	2.939971e-04
1.510000e+00	2.932237e-04
1.512500e+00	2.924582e-04
1.515000e+00	2.917006e-04
1.517500e+00	2.909509e-04
1.520000e+00	2.902091e-04
1.522500e+00	2.894749e-04
1.525000e+00	2.887485e-04
1.527500e+00	2.880297e-04
1.530000e+00	2.873186e-04
1.532500e+00	2.866150e-04
1.535000e+00	2.859189e-04
1.537500e+00	2.852303e-04
1.540000e+00	2.845491e-04
1.542500e+00	2.838753e-04
1.545000e+00	2.832089e-04
1.547500e+00	2.825497e-04
1.550000e+00	2.818978e-04
1.552500e+00	2.812531e-04
1.555000e+00	2.806156e-04
1.557500e+00	2.799852e-04
1.560000e+00	2.793620e-04
1.562500e+00	2.787458e-04
1.565000e+00	2.781366e-04
1.567500e+00	2.775344e-04
1.570000e+00	2.769392e-04
1.572500e+00	2.763509e-04
1.575000e+00	2.757695e-04
1.577500e+00	2.751950e-04
1.580000e+00	2.746273e-04
1.582500e+00	2.740664e-04
1.585000e+00	2.735123e-04
1.587500e+00	2.729649e-04
1.590000e+00	2.724243e-04
1.592500e+00	2.718903e-04
1.595000e+00	2.713630e-04
1.597500e+00	2.708424e-04
1.600000e+00	2.703284e-04
1.602500e+00	2.698210e-04
1.605000e+00	2.693202e-04
1.607500e+00	2.688260e-04
1.610000e+00	2.683382e-04
1.612500e+00	2.678571e-04
1.615000e+00	2.673824e-04
1.617500e+00	2.669142e-04
1.620000e+00	2.664525e-04
1.622500e+00	2.659972e-04
1.625000e+00	2.655484e-04
1.627500e+00	2.651060e-04
1.630000e+00	2.646700e-04
1.632500e+00	2.642404e-04
1.635000e+00	2.638173e-04
1.637500e+00	2.634005e-04
1.640000e+00	2.629901e-04
1.642500e+00	2.625861e-04
1.645000e+00	2.621884e-04
1.647500e+00	2.617971e-04
1.650000e+00	2.614121e-04
1.652500e+00	2.610335e-04
1.655000e+00	2.606613e-04
1.657500e+00	2.602954e-04
1.660000e+00	2.599359e-04
1.662500e+00	2.595827e-04
1.665000e+00	2.592358e-04
1.667500e+00	2.588953e-04
1.670000e+00	2.585612e-04
1.672500e+00	2.582334e-04
1.675000e+00	2.579121e-04
1.677500e+00	2.575971e-04
1.680000e+00	2.572884e-04
1.682500e+00	2.569862e-04
1.685000e+00	2.566904e-04
1.687500e+00	2.564010e-04
1.690000e+00	2.561181e-04
1.692500e+00	2.558416e-04
1.695000e+00	2.555716e-04
1.697500e+00	2.553081e-04
1.700000e+00	2.550511e-04
1.702500e+00	2.548006e-04
1.705000e+00	2.545566e-04
1.707500e+00	2.543193e-04
1.710000e+00	2.540885e-04
1.712500e+00	2.538644e-04
1.715000e+00	2.536469e-04
1.717500e+00	2.534362e-04
1.720000e+00	2.532321e-04
1.722500e+00	2.530348e-04
1.725000e+00	2.528443e-04
1.727500e+00	2.526606e-04
1.730000e+00	2.524838e-04
1.732500e+00	2.523139e-04
1.735000e+00	2.521509e-04
1.737500e+00	2.519950e-04
1.740000e+00	2.518460e-04
1.742500e+00	2.517042e-04
1.745000e+00	2.515695e-04
1.747500e+00	2.514420e-04
1.750000e+00	2.513218e-04
1.752500e+00	2.512089e-04
1.755000e+00	2.511033e-04
1.757500e+00	2.510052e-04
1.760000e+00	2.509146e-04
1.762500e+00	2.508315e-04
1.765000e+00	2.507561e-04
1.767500e+00	2.506884e-04
1.770000e+00	2.506285e-04
1.772500e+00	2.505765e-04
1.775000e+00	2.505324e-04
1.777500e+00	2.504964e-04
1.780000e+00	2.504685e-04
1.782500e+00	2.504488e-04
1.785000e+00	2.504374e-04
1.787500e+00	2.504345e-04
1.790000e+00	2.504401e-04
1.792500e+00	2.504543e-04
1.795000e+00	2.504773e-04
1.797500e+00	2.505091e-04
1.800000e+00	2.505499e-04
1.802500e+00	2.505999e-04
1.805000e+00	2.506590e-04
1.807500e+00	2.507276e-04
1.810000e+00	2.508056e-04
1.812500e+00	2.508933e-04
1.815000e+00	2.509909e-04
1.817500e+00	2.510984e-04
1.820000e+00	2.512160e-04
1.822500e+00	2.513439e-04
1.825000e+00	2.514824e-04
1.827500e+00	2.516315e-04
1.830000e+00	2.517914e-04
1.832500e+00	2.519624e-04
1.835000e+00	2.521446e-04
1.837500e+00	2.523383e-04
1.840000e+00	2.525437e-04
1.842500e+00	2.527611e-04
1.845000e+00	2.529905e-04
1.847500e+00	2.532324e-04
1.850000e+00	2.534870e-04
1.852500e+00	2.537545e-04
1.855000e+00	2.540352e-04
1.857500e+00	2.543294e-04
1.860000e+00	2.546375e-04
1.862500e+00	2.549597e-04
1.865000e+00	2.552963e-04
1.867500e+00	2.556477e-04
1.870000e+00	2.560144e-04
1.872500e+00	2.563965e-04
1.875000e+00	2.567946e-04
1.877500e+00	2.572091e-04
1.880000e+00	2.576403e-04
1.882500e+00	2.580887e-04
1.885000e+00	2.585548e-04
1.887500e+00	2.590390e-04
1.890000e+00	2.595420e-04
1.892500e+00	2.600641e-04
1.895000e+00	2.606060e-04
1.897500e+00	2.611683e-04
1.900000e+00	2.617515e-04
1.902500e+00	2.623563e-04
1.905000e+00	2.629834e-04
1.907500e+00	2.636334e-04
1.910000e+00	2.643072e-04
1.912500e+00	2.650055e-04
1.915000e+00	2.657291e-04
1.917500e+00	2.664789e-04
1.920000e+00	2.672558e-04
1.922500e+00	2.680607e-04
1.925000e+00	2.688947e-04
1.927500e+00	2.697587e-04
1.930000e+00	2.706540e-04
1.932500e+00	2.715818e-04
1.935000e+00	2.725431e-04
1.937500e+00	2.735395e-04
1.940000e+00	2.745723e-04
1.942500e+00	2.756429e-04
1.945000e+00	2.767530e-04
1.947500e+00	2.779042e-04
1.950000e+00	2.790982e-04
1.952500e+00	2.803371e-04
1.955000e+00	2.816227e-04
1.957500e+00	2.829573e-04
1.960000e+00	2.843430e-04
1.962500e+00	2.857824e-04
1.965000e+00	2.872781e-04
1.967500e+00	2.888327e-04
1.970000e+00	2.904494e-04
1.972500e+00	2.921313e-04
1.975000e+00	2.938819e-04
1.977500e+00	2.957048e-04
1.980000e+00	2.976041e-04
1.982500e+00	2.995840e-04
1.985000e+00	3.016491e-04
1.987500e+00	3.038046e-04
1.990000e+00	3.060559e-04
1.992500e+00	3.084089e-04
1.995000e+00	3.108699e-04
1.997500e+00	3.134461e-04
2.000000e+00	3.161451e-04
2.002500e+00	3.189752e-04
2.005000e+00	3.219456e-04
2.007500e+00	3.250666e-04
2.010000e+00	3.283490e-04
2.012500e+00	3.318054e-04
2.015000e+00	3.354492e-04
2.017500e+00	3.392956e-04
2.020000e+00	3.433613e-04
2.022500e+00	3.476653e-04
2.025000e+00	3.522286e-04
2.027500e+00	3.570749e-04
2.030000e+00	3.622309e-04
2.032500e+00	3.677271e-04
2.035000e+00	3.735979e-04
2.037500e+00	3.798829e-04
2.040000e+00	3.866274e-04
2.042500e+00	3.938839e-04
2.045000e+00	4.017133e-04
2.047500e+00	4.101865e-04
2.050000e+00	4.193873e-04
2.052500e+00	4.294144e-04
2.055000e+00	4.403861e-04
2.057500e+00	4.524441e-04
2.060000e+00	4.657604e-04
2.062500e+00	4.805458e-04
2.065000e+00	4.970609e-04
2.067500e+00	5.156318e-04
2.070000e+00	5.366715e-04
2.072500e+00	5.607100e-04
2.075000e+00	5.884369e-04
2.077500e+00	6.207629e-04
2.080000e+00	6.589092e-04
2.082500e+00	7.045358e-04
2.085000e+00	7.599261e-04
2.087500e+00	8.282332e-04
2.090000e+00	9.137601e-04
2.092500e+00	1.022094e-03
2.095000e+00	1.159485e-03
2.097500e+00	1.329937e-03
2.100000e+00	1.528003e-03
2.102500e+00	1.730952e-03
2.105000e+00	1.909917e-03
2.107500e+00	2.067059e-03
2.110000e+00	2.243292e-03
2.112500e+00	2.470769e-03
2.115000e+00	2.726857e-03
2.117500e+00	2.932180e-03
2.120000e+00	3.022000e-03
2.122500e+00	3.026820e-03
2.125000e+00	3.025109e-03
2.127500e+00	3.044810e-03
2.130000e+00	3.063976e-03
2.132500e+00	3.086543e-03
2.135000e+00	3.163261e-03
2.137500e+00	3.331090e-03
2.140000e+00	3.562780e-03
2.142500e+00	3.776525e-03
2.145000e+00	3.921760e-03
2.147500e+00	4.047773e-03
2.150000e+00	4.225438e-03
2.152500e+00	4.422744e-03
2.155000e+00	4.491775e-03
2.157500e+00	4.317536e-03
2.160000e+00	3.967232e-03
2.162500e+00	3.608917e-03
2.165000e+00	3.361110e-03
2.167500e+00	3.268328e-03
2.170000e+00	3.338634e-03
2.172500e+00	3.565527e-03
2.175000e+00	3.920837e-03
2.177500e+00	4.332206e-03
2.180000e+00	4.693408e-03
2.182500e+00	4.957252e-03
2.185000e+00	5.194101e-03
2.187500e+00	5.468966e-03
2.190000e+00	5.692510e-03
2.192500e+00	5.665081e-03
2.195000e+00	5.317450e-03
2.197500e+00	4.815375e-03
2.200000e+00	4.373144e-03
2.202500e+00	4.105852e-03
2.205000e+00	4.038222e-03
2.207500e+00	4.138815e-03
2.210000e+00	4.318881e-03
2.212500e+00	4.442412e-03
2.215000e+00	4.424660e-03
2.217500e+00	4.327359e-03
2.220000e+00	4.284019e-03
2.222500e+00	4.373775e-03
2.225000e+00	4.579548e-03
2.227500e+00	4.807319e-03
2.230000e+00	4.975546e-03
2.232500e+00	5.121274e-03
2.235000e+00	5.354532e-03
2.237500e+00	5.710382e-03
2.240000e+00	6.067381e-03
2.242500e+00	6.215168e-03
2.245000e+00	6.082783e-03
2.247500e+00	5.842827e-03
2.250000e+00	5.721233e-03
2.252500e+00	5.819484e-03
2.255000e+00	6.071730e-03
2.257500e+00	6.251676e-03
2.260000e+00	6.103041e-03
2.262500e+00	5.594235e-03
2.265000e+00	4.937914e-03
2.267500e+00	4.349221e-03
2.270000e+00	3.924103e-03
2.272500e+00	3.677175e-03
2.275000e+00	3.595679e-03
2.277500e+00	3.661567e-03
2.280000e+00	3.850365e-03
2.282500e+00	4.128721e-03
2.285000e+00	4.480165e-03
2.287500e+00	4.940812e-03
2.290000e+00	5.568750e-03
2.292500e+00	6.349193e-03
2.295000e+00	7.100997e-03
2.297500e+00	7.499803e-03
2.300000e+00	7.358312e-03
2.302500e+00	6.864923e-03
2.305000e+00	6.375008e-03
2.307500e+00	6.122193e-03
2.310000e+00	6.172315e-03
2.312500e+00	6.456109e-03
2.315000e+00	6.761318e-03
2.317500e+00	6.794180e-03
2.320000e+00	6.427449e-03
2.322500e+00	5.837268e-03
2.325000e+00	5.289505e-03
2.327500e+00	4.939711e-03
2.330000e+00	4.832323e-03
2.332500e+00	4.947280e-03
2.335000e+00	5.198960e-03
2.337500e+00	5.412496e-03
2.340000e+00	5.393606e-03
2.342500e+00	5.113159e-03
2.345000e+00	4.735800e-03
2.347500e+00	4.440562e-03
2.350000e+00	4.320061e-03
2.352500e+00	4.403108e-03
2.355000e+00	4.685713e-03
2.357500e+00	5.120518e-03
2.360000e+00	5.575726e-03
2.362500e+00	5.850337e-03
2.365000e+00	5.842896e-03
2.367500e+00	5.683803e-03
2.370000e+00	5.601040e-03
2.372500e+00	5.754399e-03
2.375000e+00	6.216216e-03
2.377500e+00	6.986674e-03
2.380000e+00	7.944186e-03
2.382500e+00	8.757423e-03
2.385000e+00	8.978239e-03
2.387500e+00	8.454210e-03
2.390000e+00	7.512919e-03
2.392500e+00	6.588301e-03
2.395000e+00	5.918575e-03
2.397500e+00	5.568348e-03
2.400000e+00	5.523229e-03
2.402500e+00	5.717872e-03
2.405000e+00	5.999692e-03
2.407500e+00	6.116639e-03
2.410000e+00	5.873256e-03
2.412500e+00	5.332584e-03
2.415000e+00	4.723485e-03
2.417500e+00	4.217359e-03
2.420000e+00	3.875645e-03
2.422500e+00	3.703036e-03
2.425000e+00	3.692686e-03
2.427500e+00	3.845190e-03
2.430000e+00	4.171856e-03
2.432500e+00	4.684910e-03
2.435000e+00	5.364303e-03
2.437500e+00	6.091374e-03
2.440000e+00	6.606774e-03
2.442500e+00	6.659474e-03
2.445000e+00	6.285567e-03
2.447500e+00	5.774638e-03
2.450000e+00	5.386562e-03
2.452500e+00	5.243996e-03
2.455000e+00	5.387167e-03
2.457500e+00	5.825817e-03
2.460000e+00	6.533262e-03
2.462500e+00	7.378052e-03
2.465000e+00	8.050718e-03
2.467500e+00	8.189966e-03
2.470000e+00	7.746777e-03
2.472500e+00	7.052728e-03
2.475000e+00	6.468948e-03
2.477500e+00	6.178838e-03
2.480000e+00	6.221824e-03
2.482500e+00	6.537575e-03
2.485000e+00	6.936545e-03
2.487500e+00	7.097017e-03
2.490000e+00	6.775624e-03
2.492500e+00	6.062835e-03
2.495000e+00	5.253349e-03
2.497500e+00	4.561588e-03
2.500000e+00	4.059959e-03
2.502500e+00	3.747773e-03
2.505000e+00	3.607606e-03
2.507500e+00	3.627824e-03
2.510000e+00	3.805039e-03
2.512500e+00	4.131086e-03
2.515000e+00	4.558268e-03
2.517500e+00	4.952265e-03
2.520000e+00	5.116210e-03
2.522500e+00	4.963481e-03
2.525000e+00	4.625501e-03
2.527500e+00	4.303878e-03
2.530000e+00	4.122734e-03
2.532500e+00	4.130039e-03
2.535000e+00	4.345165e-03
2.537500e+00	4.783065e-03
2.540000e+00	5.443722e-03
2.542500e+00	6.258581e-03
2.545000e+00	7.008288e-03
2.547500e+00	7.349041e-03
2.550000e+00	7.102949e-03
2.552500e+00	6.476153e-03
2.555000e+00	5.822202e-03
2.557500e+00	5.364681e-03
2.560000e+00	5.183738e-03
2.562500e+00	5.297968e-03
2.565000e+00	5.708214e-03
2.567500e+00	6.382157e-03
2.570000e+00	7.179774e-03
2.572500e+00	7.777807e-03
2.575000e+00	7.801866e-03
2.577500e+00	7.198047e-03
2.580000e+00	6.294588e-03
2.582500e+00	5.441035e-03
2.585000e+00	4.803900e-03
2.587500e+00	4.417565e-03
2.590000e+00	4.269401e-03
2.592500e+00	4.334441e-03
2.595000e+00	4.562647e-03
2.597500e+00	4.834132e-03
2.600000e+00	4.945968e-03
2.602500e+00	4.742392e-03
2.605000e+00	4.280152e-03
2.607500e+00	3.748766e-03
2.610000e+00	3.286901e-03
2.612500e+00	2.940709e-03
2.615000e+00	2.707673e-03
2.617500e+00	2.573056e-03
2.620000e+00	2.525107e-03
2.622500e+00	2.559402e-03
2.625000e+00	2.679355e-03
2.627500e+00	2.894489e-03
2.630000e+00	3.213491e-03
2.632500e+00	3.624035e-03
2.635000e+00	4.054057e-03
2.637500e+00	4.351505e-03
2.640000e+00	4.378525e-03
2.642500e+00	4.167487e-03
2.645000e+00	3.886440e-03
2.647500e+00	3.677439e-03
2.650000e+00	3.603867e-03
2.652500e+00	3.686137e-03
2.655000e+00	3.937861e-03
2.657500e+00	4.382858e-03
2.660000e+00	5.058554e-03
2.662500e+00	6.003615e-03
2.665000e+00	7.210883e-03
2.667500e+00	8.520813e-03
2.670000e+00	9.517175e-03
2.672500e+00	9.701031e-03
2.675000e+00	8.997505e-03
2.677500e+00	7.854461e-03
2.680000e+00	6.755610e-03
2.682500e+00	5.935087e-03
2.685000e+00	5.443777e-03
2.687500e+00	5.266539e-03
2.690000e+00	5.371752e-03
2.692500e+00	5.697059e-03
2.695000e+00	6.090422e-03
2.697500e+00	6.284558e-03
2.700000e+00	6.057879e-03
2.702500e+00	5.467024e-03
2.705000e+00	4.763293e-03
2.707500e+00	4.140980e-03
2.710000e+00	3.668008e-03
2.712500e+00	3.342218e-03
2.715000e+00	3.142116e-03
2.717500e+00	3.048471e-03
2.720000e+00	3.050481e-03
2.722500e+00	3.146862e-03
2.725000e+00	3.345848e-03
2.727500e+00	3.664474e-03
2.730000e+00	4.124275e-03
2.732500e+00	4.735102e-03
2.735000e+00	5.453600e-03
2.737500e+00	6.125678e-03
2.740000e+00	6.516045e-03
2.742500e+00	6.525108e-03
2.745000e+00	6.330188e-03
2.747500e+00	6.204683e-03
2.750000e+00	6.331483e-03
2.752500e+00	6.801423e-03
2.755000e+00	7.661963e-03
2.757500e+00	8.909659e-03
2.760000e+00	1.039082e-02
2.762500e+00	1.165630e-02
2.765000e+00	1.206078e-02
2.767500e+00	1.133921e-02
2.770000e+00	9.924449e-03
2.772500e+00	8.439225e-03
2.775000e+00	7.229716e-03
2.777500e+00	6.380247e-03
2.780000e+00	5.867401e-03
2.782500e+00	5.652273e-03
2.785000e+00	5.714156e-03
2.787500e+00	6.058576e-03
2.790000e+00	6.713476e-03
2.792500e+00	7.707572e-03
2.795000e+00	9.005149e-03
2.797500e+00	1.037392e-02
2.800000e+00	1.129224e-02
2.802500e+00	1.122999e-02
2.805000e+00	1.021602e-02
2.807500e+00	8.801385e-03
2.810000e+00	7.484845e-03
2.812500e+00	6.474105e-03
2.815000e+00	5.792689e-03
2.817500e+00	5.406760e-03
2.820000e+00	5.283896e-03
2.822500e+00	5.408583e-03
2.825000e+00	5.774444e-03
2.827500e+00	6.350552e-03
2.830000e+00	7.012517e-03
2.832500e+00	7.490058e-03
2.835000e+00	7.502378e-03
2.837500e+00	7.053014e-03
2.840000e+00	6.426562e-03
2.842500e+00	5.893442e-03
2.845000e+00	5.578677e-03
2.847500e+00	5.515884e-03
2.850000e+00	5.715668e-03
2.852500e+00	6.197453e-03
2.855000e+00	6.991415e-03
2.857500e+00	8.106674e-03
2.860000e+00	9.441566e-03
2.862500e+00	1.065010e-02
2.865000e+00	1.117868e-02
2.867500e+00	1.072799e-02
2.870000e+00	9.612498e-03
2.872500e+00	8.387185e-03
2.875000e+00	7.393961e-03
2.877500e+00	6.733351e-03
2.880000e+00	6.398871e-03
2.882500e+00	6.366631e-03
2.885000e+00	6.630774e-03
2.887500e+00	7.214457e-03
2.890000e+00	8.170968e-03
2.892500e+00	9.571604e-03
2.895000e+00	1.145513e-02
2.897500e+00	1.369017e-02
2.900000e+00	1.575646e-02
2.902500e+00	1.676142e-02
2.905000e+00	1.615066e-02
2.907500e+00	1.437257e-02
2.910000e+00	1.234806e-02
2.912500e+00	1.068466e-02
2.915000e+00	9.582736e-03
2.917500e+00	9.050632e-03
2.920000e+00	9.048304e-03
2.922500e+00	9.510945e-03
2.925000e+00	1.027510e-02
2.927500e+00	1.096092e-02
2.930000e+00	1.103964e-02
2.932500e+00	1.027704e-02
2.935000e+00	8.990321e-03
2.937500e+00	7.656536e-03
2.940000e+00	6.540008e-03
2.942500e+00	5.697764e-03
2.945000e+00	5.098730e-03
2.947500e+00	4.695148e-03
2.950000e+00	4.447495e-03
2.952500e+00	4.329508e-03
2.955000e+00	4.327535e-03
2.957500e+00	4.439337e-03
2.960000e+00	4.673870e-03
2.962500e+00	5.052440e-03
2.965000e+00	5.611048e-03
2.967500e+00	6.402717e-03
2.970000e+00	7.495022e-03
2.972500e+00	8.948353e-03
2.975000e+00	1.074211e-02
2.977500e+00	1.261883e-02
2.980000e+00	1.396714e-02
2.982500e+00	1.414620e-02
2.985000e+00	1.317903e-02
2.987500e+00	1.174004e-02
2.990000e+00	1.046214e-02
2.992500e+00	9.632102e-03
2.995000e+00	9.317499e-03
2.997500e+00	9.525360e-03
3.000000e+00	1.027461e-02
3.002500e+00	1.159999e-02
3.005000e+00	1.348500e-02
3.007500e+00	1.568782e-02
3.010000e+00	1.752769e-02
3.012500e+00	1.807151e-02
3.015000e+00	1.700268e-02
3.017500e+00	1.501356e-02
3.020000e+00	1.301911e-02
3.022500e+00	1.151949e-02
3.025000e+00	1.065213e-02
3.027500e+00	1.041164e-02
3.030000e+00	1.075650e-02
3.032500e+00	1.158785e-02
3.035000e+00	1.262386e-02
3.037500e+00	1.329863e-02
3.040000e+00	1.303603e-02
3.042500e+00	1.183220e-02
3.045000e+00	1.023462e-02
3.047500e+00	8.751000e-03
3.050000e+00	7.591318e-03
3.052500e+00	6.773003e-03
3.055000e+00	6.251631e-03
3.057500e+00	5.982467e-03
3.060000e+00	5.939637e-03
3.062500e+00	6.119982e-03
3.065000e+00	6.542264e-03
3.067500e+00	7.241154e-03
3.070000e+00	8.244109e-03
3.072500e+00	9.504699e-03
3.075000e+00	1.077945e-02
3.077500e+00	1.157926e-02
3.080000e+00	1.149318e-02
3.082500e+00	1.065802e-02
3.085000e+00	9.598846e-03
3.087500e+00	8.729465e-03
3.090000e+00	8.215224e-03
3.092500e+00	8.088648e-03
3.095000e+00	8.355332e-03
3.097500e+00	9.041146e-03
3.100000e+00	1.020311e-02
3.102500e+00	1.190862e-02
3.105000e+00	1.415152e-02
3.107500e+00	1.665463e-02
3.110000e+00	1.864920e-02
3.112500e+00	1.913665e-02
3.115000e+00	1.785679e-02
3.117500e+00	1.561241e-02
3.120000e+00	1.336595e-02
3.122500e+00	1.160552e-02
3.125000e+00	1.043620e-02
3.127500e+00	9.820875e-03
3.130000e+00	9.712357e-03
3.132500e+00	1.009984e-02
3.135000e+00	1.101801e-02
3.137500e+00	1.253172e-02
3.140000e+00	1.467177e-02
3.142500e+00	1.726351e-02
3.145000e+00	1.965605e-02
3.147500e+00	2.074091e-02
3.150000e+00	1.982442e-02
3.152500e+00	1.744423e-02
3.155000e+00	1.471569e-02
3.157500e+00	1.236250e-02
3.160000e+00	1.059903e-02
3.162500e+00	9.395571e-03
3.165000e+00	8.666811e-03
3.167500e+00	8.345253e-03
3.170000e+00	8.400660e-03
3.172500e+00	8.841204e-03
3.175000e+00	9.704475e-03
3.177500e+00	1.102461e-02
3.180000e+00	1.273805e-02
3.182500e+00	1.450206e-02
3.185000e+00	1.559524e-02
3.187500e+00	1.534930e-02
3.190000e+00	1.388183e-02
3.192500e+00	1.194578e-02
3.195000e+00	1.016713e-02
3.197500e+00	8.784470e-03
3.200000e+00	7.806050e-03
3.202500e+00	7.169676e-03
3.205000e+00	6.813342e-03
3.207500e+00	6.695595e-03
3.210000e+00	6.798636e-03
3.212500e+00	7.128049e-03
3.215000e+00	7.713494e-03
3.217500e+00	8.610461e-03
3.220000e+00	9.898922e-03
3.222500e+00	1.166474e-02
3.225000e+00	1.392837e-02
3.227500e+00	1.647074e-02
3.230000e+00	1.862491e-02
3.232500e+00	1.948134e-02
3.235000e+00	1.876990e-02
3.237500e+00	1.723149e-02
3.240000e+00	1.581945e-02
3.242500e+00	1.507792e-02
3.245000e+00	1.520154e-02
3.247500e+00	1.623493e-02
3.250000e+00	1.810705e-02
3.252500e+00	2.045534e-02
3.255000e+00	2.237870e-02
3.257500e+00	2.270317e-02
3.260000e+00	2.106565e-02
3.262500e+00	1.833113e-02
3.265000e+00	1.558845e-02
3.267500e+00	1.339872e-02
3.270000e+00	1.188029e-02
3.272500e+00	1.098266e-02
3.275000e+00	1.063930e-02
3.277500e+00	1.082077e-02
3.280000e+00	1.154373e-02
3.282500e+00	1.285177e-02
3.285000e+00	1.474388e-02
3.287500e+00	1.699876e-02
3.290000e+00	1.893791e-02
3.292500e+00	1.955481e-02
3.295000e+00	1.839930e-02
3.297500e+00	1.611670e-02
3.300000e+00	1.368342e-02
3.302500e+00	1.165261e-02
3.305000e+00	1.015756e-02
3.307500e+00	9.151998e-03
3.310000e+00	8.556744e-03
3.312500e+00	8.312784e-03
3.315000e+00	8.394326e-03
3.317500e+00	8.810087e-03
3.320000e+00	9.600643e-03
3.322500e+00	1.082582e-02
3.325000e+00	1.251807e-02
3.327500e+00	1.455697e-02
3.330000e+00	1.646905e-02
3.332500e+00	1.743926e-02
3.335000e+00	1.695590e-02
3.337500e+00	1.542342e-02
3.340000e+00	1.368486e-02
3.342500e+00	1.230060e-02
3.345000e+00	1.145972e-02
3.347500e+00	1.118034e-02
3.350000e+00	1.145483e-02
3.352500e+00	1.230856e-02
3.355000e+00	1.381080e-02
3.357500e+00	1.604306e-02
3.360000e+00	1.898105e-02
3.362500e+00	2.222635e-02
3.365000e+00	2.473115e-02
3.367500e+00	2.520574e-02
3.370000e+00	2.340231e-02
3.372500e+00	2.042527e-02
3.375000e+00	1.750772e-02
3.377500e+00	1.524835e-02
3.380000e+00	1.376484e-02
3.382500e+00	1.300393e-02
3.385000e+00	1.290524e-02
3.387500e+00	1.345803e-02
3.390000e+00	1.471228e-02
3.392500e+00	1.675996e-02
3.395000e+00	1.965434e-02
3.397500e+00	2.318957e-02
3.400000e+00	2.653616e-02
3.402500e+00	2.821703e-02
3.405000e+00	2.722415e-02
3.407500e+00	2.420074e-02
3.410000e+00	2.066498e-02
3.412500e+00	1.765772e-02
3.415000e+00	1.552470e-02
3.417500e+00	1.427075e-02
3.420000e+00	1.382243e-02
3.422500e+00	1.411529e-02
3.425000e+00	1.505856e-02
3.427500e+00	1.638815e-02
3.430000e+00	1.748572e-02
3.432500e+00	1.754233e-02
3.435000e+00	1.628539e-02
3.437500e+00	1.427989e-02
3.440000e+00	1.225704e-02
3.442500e+00	1.059230e-02
3.445000e+00	9.354425e-03
3.447500e+00	8.489580e-03
3.450000e+00	7.923782e-03
3.452500e+00	7.596994e-03
3.455000e+00	7.469203e-03
3.457500e+00	7.518698e-03
3.460000e+00	7.739663e-03
3.462500e+00	8.141114e-03
3.465000e+00	8.747731e-03
3.467500e+00	9.602926e-03
3.470000e+00	1.077459e-02
3.472500e+00	1.236402e-02
3.475000e+00	1.451791e-02
3.477500e+00	1.743969e-02
3.480000e+00	2.138444e-02
3.482500e+00	2.658782e-02
3.485000e+00	3.301191e-02
3.487500e+00	3.978226e-02
3.490000e+00	4.468540e-02
3.492500e+00	4.519217e-02
3.495000e+00	4.107889e-02
3.497500e+00	3.471460e-02
3.500000e+00	2.849516e-02
3.502500e+00	2.349343e-02
3.505000e+00	1.985250e-02
3.507500e+00	1.738995e-02
3.510000e+00	1.589625e-02
3.512500e+00	1.522841e-02
3.515000e+00	1.532299e-02
3.517500e+00	1.617437e-02
3.520000e+00	1.776586e-02
3.522500e+00	1.990018e-02
3.525000e+00	2.193431e-02
3.527500e+00	2.278622e-02
3.530000e+00	2.176320e-02
3.532500e+00	1.936003e-02
3.535000e+00	1.664524e-02
3.537500e+00	1.431954e-02
3.540000e+00	1.259255e-02
3.542500e+00	1.143743e-02
3.545000e+00	1.077409e-02
3.547500e+00	1.054113e-02
3.550000e+00	1.071460e-02
3.552500e+00	1.130687e-02
3.555000e+00	1.234944e-02
3.557500e+00	1.383830e-02
3.560000e+00	1.560556e-02
3.562500e+00	1.716181e-02
3.565000e+00	1.782943e-02
3.567500e+00	1.738111e-02
3.570000e+00	1.633933e-02
3.572500e+00	1.540418e-02
3.575000e+00	1.498183e-02
3.577500e+00	1.522569e-02
3.580000e+00	1.621090e-02
3.582500e+00	1.804027e-02
3.585000e+00	2.088366e-02
3.587500e+00	2.496128e-02
3.590000e+00	3.041619e-02
3.592500e+00	3.694051e-02
3.595000e+00	4.312864e-02
3.597500e+00	4.636667e-02
3.600000e+00	4.473471e-02
3.602500e+00	3.923005e-02
3.605000e+00	3.254047e-02
3.607500e+00	2.655919e-02
3.610000e+00	2.189371e-02
3.612500e+00	1.848309e-02
3.615000e+00	1.608554e-02
3.617500e+00	1.447361e-02
3.620000e+00	1.348321e-02
3.622500e+00	1.301494e-02
3.625000e+00	1.302647e-02
3.627500e+00	1.352770e-02
3.630000e+00	1.458069e-02
3.632500e+00	1.630076e-02
3.635000e+00	1.884458e-02
3.637500e+00	2.234390e-02
3.640000e+00	2.669523e-02
3.642500e+00	3.113868e-02
3.645000e+00	3.400264e-02
3.647500e+00	3.367842e-02
3.650000e+00	3.038305e-02
3.652500e+00	2.589310e-02
3.655000e+00	2.173229e-02
3.657500e+00	1.850354e-02
3.660000e+00	1.624995e-02
3.662500e+00	1.484285e-02
3.665000e+00	1.415784e-02
3.667500e+00	1.412813e-02
3.670000e+00	1.475282e-02
3.672500e+00	1.608564e-02
3.675000e+00	1.818952e-02
3.677500e+00	2.100216e-02
3.680000e+00	2.405870e-02
3.682500e+00	2.627920e-02
3.685000e+00	2.652838e-02
3.687500e+00	2.484153e-02
3.690000e+00	2.242452e-02
3.692500e+00	2.043128e-02
3.695000e+00	1.939929e-02
3.697500e+00	1.941476e-02
3.700000e+00	2.025094e-02
3.702500e+00	2.127369e-02
3.705000e+00	2.147544e-02
3.707500e+00	2.017978e-02
3.710000e+00	1.774701e-02
3.712500e+00	1.506680e-02
3.715000e+00	1.272962e-02
3.717500e+00	1.090096e-02
3.720000e+00	9.536400e-03
3.722500e+00	8.539325e-03
3.725000e+00	7.821388e-03
3.727500e+00	7.316036e-03
3.730000e+00	6.977039e-03
3.732500e+00	6.774086e-03
3.735000e+00	6.688985e-03
3.737500e+00	6.713162e-03
3.740000e+00	6.846417e-03
3.742500e+00	7.096833e-03
3.745000e+00	7.481831e-03
3.747500e+00	8.030519e-03
3.750000e+00	8.787599e-03
3.752500e+00	9.818917e-03
3.755000e+00	1.121766e-02
3.757500e+00	1.310613e-02
3.760000e+00	1.561542e-02
3.762500e+00	1.879729e-02
3.765000e+00	2.239584e-02
3.767500e+00	2.553953e-02
3.770000e+00	2.692735e-02
3.772500e+00	2.601465e-02
3.775000e+00	2.371609e-02
3.777500e+00	2.138390e-02
3.780000e+00	1.982327e-02
3.782500e+00	1.930978e-02
3.785000e+00	1.990142e-02
3.787500e+00	2.158264e-02
3.790000e+00	2.417609e-02
3.792500e+00	2.704163e-02
3.795000e+00	2.887685e-02
3.797500e+00	2.842938e-02
3.800000e+00	2.581746e-02
3.802500e+00	2.234786e-02
3.805000e+00	1.915412e-02
3.807500e+00	1.668167e-02
3.810000e+00	1.495319e-02
3.812500e+00	1.385924e-02
3.815000e+00	1.328969e-02
3.817500e+00	1.317257e-02
3.820000e+00	1.348061e-02
3.822500e+00	1.423108e-02
3.825000e+00	1.548562e-02
3.827500e+00	1.734622e-02
3.830000e+00	1.992803e-02
3.832500e+00	2.325982e-02
3.835000e+00	2.704214e-02
3.837500e+00	3.035674e-02
3.840000e+00	3.194731e-02
3.842500e+00	3.144427e-02
3.845000e+00	2.989144e-02
3.847500e+00	2.864264e-02
3.850000e+00	2.849943e-02
3.852500e+00	2.981033e-02
3.855000e+00	3.280152e-02
3.857500e+00	3.775677e-02
3.860000e+00	4.501028e-02
3.862500e+00	5.466675e-02
3.865000e+00	6.583110e-02
3.867500e+00	7.551311e-02
3.870000e+00	7.909808e-02
3.872500e+00	7.433013e-02
3.875000e+00	6.402485e-02
3.877500e+00	5.271737e-02
3.880000e+00	4.304910e-02
3.882500e+00	3.567346e-02
3.885000e+00	3.036240e-02
3.887500e+00	2.670160e-02
3.890000e+00	2.434106e-02
3.892500e+00	2.304929e-02
3.895000e+00	2.270583e-02
3.897500e+00	2.327202e-02
3.900000e+00	2.472562e-02
3.902500e+00	2.690424e-02
3.905000e+00	2.923188e-02
3.907500e+00	3.062004e-02
3.910000e+00	3.017911e-02
3.912500e+00	2.821042e-02
3.915000e+00	2.582728e-02
3.917500e+00	2.388546e-02
3.920000e+00	2.270416e-02
3.922500e+00	2.231387e-02
3.925000e+00	2.267632e-02
3.927500e+00	2.378156e-02
3.930000e+00	2.568261e-02
3.932500e+00	2.851299e-02
3.935000e+00	3.250606e-02
3.937500e+00	3.802032e-02
3.940000e+00	4.555929e-02
3.942500e+00	5.573635e-02
3.945000e+00	6.903768e-02
3.947500e+00	8.507551e-02
3.950000e+00	1.011646e-01
3.952500e+00	1.117008e-01
3.955000e+00	1.118590e-01
3.957500e+00	1.032036e-01
3.960000e+00	9.199622e-02
3.962500e+00	8.316238e-02
3.965000e+00	7.820420e-02
3.967500e+00	7.588989e-02
3.970000e+00	7.323058e-02
3.972500e+00	6.760841e-02
3.975000e+00	5.922947e-02
3.977500e+00	5.031614e-02
3.980000e+00	4.260083e-02
3.982500e+00	3.661666e-02
3.985000e+00	3.223465e-02
3.987500e+00	2.915028e-02
3.990000e+00	2.708430e-02
3.992500e+00	2.583158e-02
3.995000e+00	2.525933e-02
3.997500e+00	2.529532e-02
