#omega	spectral weight
-3.000000e+00	1.498304e-03
-2.997500e+00	1.445377e-03
-2.995000e+00	1.422438e-03
-2.992500e+00	1.426904e-03
-2.990000e+00	1.458547e-03
-2.987500e+00	1.519306e-03
-2.985000e+00	1.613115e-03
-2.982500e+00	1.745276e-03
-2.980000e+00	1.920827e-03
-2.977500e+00	2.143070e-03
-2.975000e+00	2.417446e-03
-2.972500e+00	2.759552e-03
-2.970000e+00	3.186080e-03
-2.967500e+00	3.678728e-03
-2.965000e+00	4.153376e-03
-2.962500e+00	4.506317e-03
-2.960000e+00	4.741148e-03
-2.957500e+00	4.980336e-03
-2.955000e+00	5.308090e-03
-2.952500e+00	5.651035e-03
-2.950000e+00	5.821303e-03
-2.947500e+00	5.730014e-03
-2.945000e+00	5.515718e-03
-2.942500e+00	5.381509e-03
-2.940000e+00	5.409881e-03
-2.937500e+00	5.529326e-03
-2.935000e+00	5.595773e-03
-2.932500e+00	5.560972e-03
-2.930000e+00	5.539505e-03
-2.927500e+00	5.670228e-03
-2.925000e+00	5.976451e-03
-2.922500e+00	6.320026e-03
-2.920000e+00	6.467573e-03
-2.917500e+00	6.316986e-03
-2.915000e+00	6.028605e-03
-2.912500e+00	5.844266e-03
-2.910000e+00	5.895982e-03
-2.907500e+00	6.164467e-03
-2.905000e+00	6.475486e-03
-2.902500e+00	6.561649e-03
-2.900000e+00	6.293210e-03
-2.897500e+00	5.825255e-03
-2.895000e+00	5.412798e-03
-2.892500e+00	5.214271e-03
-2.890000e+00	5.278996e-03
-2.887500e+00	5.580109e-03
-2.885000e+00	6.000281e-03
-2.882500e+00	6.321399e-03
-2.880000e+00	6.359938e-03
-2.877500e+00	6.173424e-03
-2.875000e+00	6.003630e-03
-2.872500e+00	6.054761e-03
-2.870000e+00	6.405033e-03
-2.867500e+00	6.995282e-03
-2.865000e+00	7.584797e-03
-2.862500e+00	7.788145e-03
-2.860000e+00	7.381203e-03
-2.857500e+00	6.553587e-03
-2.855000e+00	5.671574e-03
-2.852500e+00	4.967204e-03
-2.850000e+00	4.508476e-03
-2.847500e+00	4.279253e-03
-2.845000e+00	4.221803e-03
-2.842500e+00	4.246481e-03
-2.840000e+00	4.272650e-03
-2.837500e+00	4.303346e-03
-2.835000e+00	4.414782e-03
-2.832500e+00	4.654224e-03
-2.830000e+00	4.958234e-03
-2.827500e+00	5.142082e-03
-2.825000e+00	5.032486e-03
-2.822500e+00	4.663899e-03
-2.820000e+00	4.236229e-03
-2.817500e+00	3.919223e-03
-2.815000e+00	3.788409e-03
-2.812500e+00	3.862153e-03
-2.810000e+00	4.125693e-03
-2.807500e+00	4.507712e-03
-2.805000e+00	4.833846e-03
-2.802500e+00	4.869642e-03
-2.800000e+00	4.527670e-03
-2.797500e+00	3.965526e-03
-2.795000e+00	3.398240e-03
-2.792500e+00	2.941463e-03
-2.790000e+00	2.621583e-03
-2.787500e+00	2.428371e-03
-2.785000e+00	2.342174e-03
-2.782500e+00	2.335731e-03
-2.780000e+00	2.364872e-03
-2.777500e+00	2.375777e-03
-2.775000e+00	2.348177e-03
-2.772500e+00	2.317221e-03
-2.770000e+00	2.327433e-03
-2.767500e+00	2.381487e-03
-2.765000e+00	2.425218e-03
-2.762500e+00	2.381469e-03
-2.760000e+00	2.230003e-03
-2.757500e+00	2.029523e-03
-2.755000e+00	1.848951e-03
-2.752500e+00	1.722285e-03
-2.750000e+00	1.654968e-03
-2.747500e+00	1.637018e-03
-2.745000e+00	1.644755e-03
-2.742500e+00	1.642428e-03
-2.740000e+00	1.604150e-03
-2.737500e+00	1.538674e-03
-2.735000e+00	1.475153e-03
-2.732500e+00	1.434945e-03
-2.730000e+00	1.426107e-03
-2.727500e+00	1.450502e-03
-2.725000e+00	1.509595e-03
-2.722500e+00	1.607085e-03
-2.720000e+00	1.749830e-03
-2.717500e+00	1.947442e-03
-2.715000e+00	2.208825e-03
-2.712500e+00	2.531341e-03
-2.710000e+00	2.880677e-03
-2.707500e+00	3.184146e-03
-2.705000e+00	3.387347e-03
-2.702500e+00	3.533152e-03
-2.700000e+00	3.731142e-03
-2.697500e+00	4.063680e-03
-2.695000e+00	4.534350e-03
-2.692500e+00	5.037450e-03
-2.690000e+00	5.370378e-03
-2.687500e+00	5.394100e-03
-2.685000e+00	5.204269e-03
-2.682500e+00	5.029533e-03
-2.680000e+00	5.039603e-03
-2.677500e+00	5.301269e-03
-2.675000e+00	5.794689e-03
-2.672500e+00	6.388149e-03
-2.670000e+00	6.822088e-03
-2.667500e+00	6.869800e-03
-2.665000e+00	6.590407e-03
-2.662500e+00	6.267074e-03
-2.660000e+00	6.141987e-03
-2.657500e+00	6.322722e-03
-2.655000e+00	6.807779e-03
-2.652500e+00	7.476234e-03
-2.650000e+00	8.060348e-03
-2.647500e+00	8.284817e-03
-2.645000e+00	8.164727e-03
-2.642500e+00	8.008554e-03
-2.640000e+00	8.106890e-03
-2.637500e+00	8.544380e-03
-2.635000e+00	9.151428e-03
-2.632500e+00	9.514689e-03
-2.630000e+00	9.241403e-03
-2.627500e+00	8.373881e-03
-2.625000e+00	7.317208e-03
-2.622500e+00	6.420139e-03
-2.620000e+00	5.826410e-03
-2.617500e+00	5.555807e-03
-2.615000e+00	5.578538e-03
-2.612500e+00	5.817929e-03
-2.610000e+00	6.106156e-03
-2.607500e+00	6.196479e-03
-2.605000e+00	5.948880e-03
-2.602500e+00	5.484468e-03
-2.600000e+00	5.037479e-03
-2.597500e+00	4.762582e-03
-2.595000e+00	4.714255e-03
-2.592500e+00	4.885993e-03
-2.590000e+00	5.209384e-03
-2.587500e+00	5.521158e-03
-2.585000e+00	5.606701e-03
-2.582500e+00	5.391495e-03
-2.580000e+00	5.030065e-03
-2.577500e+00	4.733341e-03
-2.575000e+00	4.623887e-03
-2.572500e+00	4.736432e-03
-2.570000e+00	5.038770e-03
-2.567500e+00	5.408423e-03
-2.565000e+00	5.625632e-03
-2.562500e+00	5.516128e-03
-2.560000e+00	5.141566e-03
-2.557500e+00	4.722276e-03
-2.555000e+00	4.431640e-03
-2.552500e+00	4.344017e-03
-2.550000e+00	4.478651e-03
-2.547500e+00	4.825125e-03
-2.545000e+00	5.319843e-03
-2.542500e+00	5.795369e-03
-2.540000e+00	6.012855e-03
-2.537500e+00	5.872855e-03
-2.535000e+00	5.542816e-03
-2.532500e+00	5.273930e-03
-2.530000e+00	5.215804e-03
-2.527500e+00	5.394961e-03
-2.525000e+00	5.721458e-03
-2.522500e+00	5.976458e-03
-2.520000e+00	5.911350e-03
-2.517500e+00	5.486711e-03
-2.515000e+00	4.907480e-03
-2.512500e+00	4.392914e-03
-2.510000e+00	4.048907e-03
-2.507500e+00	3.899889e-03
-2.505000e+00	3.938198e-03
-2.502500e+00	4.134337e-03
-2.500000e+00	4.410494e-03
-2.497500e+00	4.617800e-03
-2.495000e+00	4.611839e-03
-2.492500e+00	4.403044e-03
-2.490000e+00	4.144964e-03
-2.487500e+00	3.980878e-03
-2.485000e+00	3.978396e-03
-2.482500e+00	4.147244e-03
-2.480000e+00	4.444410e-03
-2.477500e+00	4.748769e-03
-2.475000e+00	4.881018e-03
-2.472500e+00	4.750621e-03
-2.470000e+00	4.460433e-03
-2.467500e+00	4.185563e-03
-2.465000e+00	4.037185e-03
-2.462500e+00	4.056702e-03
-2.460000e+00	4.253130e-03
-2.457500e+00	4.615433e-03
-2.455000e+00	5.089263e-03
-2.452500e+00	5.543609e-03
-2.450000e+00	5.818531e-03
-2.447500e+00	5.888930e-03
-2.445000e+00	5.915161e-03
-2.442500e+00	6.092138e-03
-2.440000e+00	6.547389e-03
-2.437500e+00	7.351440e-03
-2.435000e+00	8.527066e-03
-2.432500e+00	9.987076e-03
-2.430000e+00	1.141636e-02
-2.427500e+00	1.231021e-02
-2.425000e+00	1.241746e-02
-2.422500e+00	1.208487e-02
-2.420000e+00	1.188523e-02
-2.417500e+00	1.212462e-02
-2.415000e+00	1.269098e-02
-2.412500e+00	1.308044e-02
-2.410000e+00	1.271740e-02
-2.407500e+00	1.153990e-02
-2.405000e+00	1.003274e-02
-2.402500e+00	8.677775e-03
-2.400000e+00	7.686429e-03
-2.397500e+00	7.089960e-03
-2.395000e+00	6.865770e-03
-2.392500e+00	6.998556e-03
-2.390000e+00	7.495835e-03
-2.387500e+00	8.372937e-03
-2.385000e+00	9.593884e-03
-2.382500e+00	1.094892e-02
-2.380000e+00	1.196357e-02
-2.377500e+00	1.214999e-02
-2.375000e+00	1.154147e-02
-2.372500e+00	1.067935e-02
-2.370000e+00	1.007171e-02
-2.367500e+00	9.933434e-03
-2.365000e+00	1.021554e-02
-2.362500e+00	1.062295e-02
-2.360000e+00	1.069089e-02
-2.357500e+00	1.014632e-02
-2.355000e+00	9.198967e-03
-2.352500e+00	8.269600e-03
-2.350000e+00	7.634138e-03
-2.347500e+00	7.388652e-03
-2.345000e+00	7.533975e-03
-2.342500e+00	7.996659e-03
-2.340000e+00	8.567333e-03
-2.337500e+00	8.872356e-03
-2.335000e+00	8.602117e-03
-2.332500e+00	7.839549e-03
-2.330000e+00	6.944493e-03
-2.327500e+00	6.200528e-03
-2.325000e+00	5.717966e-03
-2.322500e+00	5.514059e-03
-2.320000e+00	5.584070e-03
-2.317500e+00	5.924734e-03
-2.315000e+00	6.516957e-03
-2.312500e+00	7.265552e-03
-2.310000e+00	7.928825e-03
-2.307500e+00	8.197139e-03
-2.305000e+00	7.996731e-03
-2.302500e+00	7.599167e-03
-2.300000e+00	7.339256e-03
-2.297500e+00	7.403204e-03
-2.295000e+00	7.823484e-03
-2.292500e+00	8.479811e-03
-2.290000e+00	9.057551e-03
-2.287500e+00	9.163011e-03
-2.285000e+00	8.694827e-03
-2.282500e+00	7.964827e-03
-2.280000e+00	7.352332e-03
-2.277500e+00	7.056673e-03
-2.275000e+00	7.105634e-03
-2.272500e+00	7.385144e-03
-2.270000e+00	7.622131e-03
-2.267500e+00	7.484903e-03
-2.265000e+00	6.879556e-03
-2.262500e+00	6.036596e-03
-2.260000e+00	5.232558e-03
-2.257500e+00	4.603030e-03
-2.255000e+00	4.172212e-03
-2.252500e+00	3.924154e-03
-2.250000e+00	3.840078e-03
-2.247500e+00	3.907634e-03
-2.245000e+00	4.112210e-03
-2.242500e+00	4.410134e-03
-2.240000e+00	4.695840e-03
-2.237500e+00	4.829873e-03
-2.235000e+00	4.769935e-03
-2.232500e+00	4.630073e-03
-2.230000e+00	4.562482e-03
-2.227500e+00	4.660506e-03
-2.225000e+00	4.958965e-03
-2.222500e+00	5.442847e-03
-2.220000e+00	6.014503e-03
-2.217500e+00	6.463206e-03
-2.215000e+00	6.578006e-03
-2.212500e+00	6.375997e-03
-2.210000e+00	6.091556e-03
-2.207500e+00	5.948499e-03
-2.205000e+00	6.065017e-03
-2.202500e+00	6.496299e-03
-2.200000e+00	7.277256e-03
-2.197500e+00	8.411227e-03
-2.195000e+00	9.784814e-03
-2.192500e+00	1.103662e-02
-2.190000e+00	1.161040e-02
-2.187500e+00	1.123469e-02
-2.185000e+00	1.025959e-02
-2.182500e+00	9.258143e-03
-2.180000e+00	8.585326e-03
-2.177500e+00	8.360447e-03
-2.175000e+00	8.585734e-03
-2.172500e+00	9.184040e-03
-2.170000e+00	9.943465e-03
-2.167500e+00	1.049839e-02
-2.165000e+00	1.057099e-02
-2.162500e+00	1.029235e-02
-2.160000e+00	1.006972e-02
-2.157500e+00	1.023904e-02
-2.155000e+00	1.096824e-02
-2.152500e+00	1.229010e-02
-2.150000e+00	1.404035e-02
-2.147500e+00	1.568717e-02
-2.145000e+00	1.638494e-02
-2.142500e+00	1.565950e-02
-2.140000e+00	1.396585e-02
-2.137500e+00	1.214314e-02
-2.135000e+00	1.071708e-02
-2.132500e+00	9.830199e-03
-2.130000e+00	9.403719e-03
-2.127500e+00	9.222336e-03
-2.125000e+00	9.017495e-03
-2.122500e+00	8.669489e-03
-2.120000e+00	8.311862e-03
-2.117500e+00	8.163782e-03
-2.115000e+00	8.377768e-03
-2.112500e+00	9.041799e-03
-2.110000e+00	1.020964e-02
-2.107500e+00	1.186019e-02
-2.105000e+00	1.374411e-02
-2.102500e+00	1.520929e-02
-2.100000e+00	1.543355e-02
-2.097500e+00	1.422342e-02
-2.095000e+00	1.224812e-02
-2.092500e+00	1.028609e-02
-2.090000e+00	8.723032e-03
-2.087500e+00	7.635564e-03
-2.085000e+00	6.984227e-03
-2.082500e+00	6.709611e-03
-2.080000e+00	6.743321e-03
-2.077500e+00	6.963294e-03
-2.075000e+00	7.141350e-03
-2.072500e+00	7.018716e-03
-2.070000e+00	6.541398e-03
-2.067500e+00	5.909537e-03
-2.065000e+00	5.348326e-03
-2.062500e+00	4.970274e-03
-2.060000e+00	4.804825e-03
-2.057500e+00	4.852598e-03
-2.055000e+00	5.104224e-03
-2.052500e+00	5.520132e-03
-2.050000e+00	5.979719e-03
-2.047500e+00	6.267333e-03
-2.045000e+00	6.219901e-03
-2.042500e+00	5.915229e-03
-2.040000e+00	5.585032e-03
-2.037500e+00	5.410093e-03
-2.035000e+00	5.474540e-03
-2.032500e+00	5.813515e-03
-2.030000e+00	6.440795e-03
-2.027500e+00	7.321415e-03
-2.025000e+00	8.285873e-03
-2.022500e+00	8.971810e-03
-2.020000e+00	9.026823e-03
-2.017500e+00	8.494565e-03
-2.015000e+00	7.772956e-03
-2.012500e+00	7.221521e-03
-2.010000e+00	7.006621e-03
-2.007500e+00	7.167342e-03
-2.005000e+00	7.666294e-03
-2.002500e+00	8.353906e-03
-2.000000e+00	8.917224e-03
-1.997500e+00	9.024463e-03
-1.995000e+00	8.666406e-03
-1.992500e+00	8.176359e-03
-1.990000e+00	7.884552e-03
-1.987500e+00	7.923784e-03
-1.985000e+00	8.220583e-03
-1.982500e+00	8.500634e-03
-1.980000e+00	8.407280e-03
-1.977500e+00	7.825354e-03
-1.975000e+00	6.994647e-03
-1.972500e+00	6.218916e-03
-1.970000e+00	5.655125e-03
-1.967500e+00	5.339588e-03
-1.965000e+00	5.263661e-03
-1.962500e+00	5.409289e-03
-1.960000e+00	5.744281e-03
-1.957500e+00	6.192578e-03
-1.955000e+00	6.629088e-03
-1.952500e+00	6.978346e-03
-1.950000e+00	7.332458e-03
-1.947500e+00	7.892545e-03
-1.945000e+00	8.839517e-03
-1.942500e+00	1.028765e-02
-1.940000e+00	1.223912e-02
-1.937500e+00	1.442689e-02
-1.935000e+00	1.612560e-02
-1.932500e+00	1.640975e-02
-1.930000e+00	1.505036e-02
-1.927500e+00	1.278899e-02
-1.925000e+00	1.049457e-02
-1.922500e+00	8.591630e-03
-1.920000e+00	7.149767e-03
-1.917500e+00	6.101502e-03
-1.915000e+00	5.357874e-03
-1.912500e+00	4.845649e-03
-1.910000e+00	4.513228e-03
-1.907500e+00	4.327949e-03
-1.905000e+00	4.272555e-03
-1.902500e+00	4.342793e-03
-1.900000e+00	4.546173e-03
-1.897500e+00	4.900576e-03
-1.895000e+00	5.428801e-03
-1.892500e+00	6.139593e-03
-1.890000e+00	6.982254e-03
-1.887500e+00	7.794306e-03
-1.885000e+00	8.360989e-03
-1.882500e+00	8.648827e-03
-1.880000e+00	8.897118e-03
-1.877500e+00	9.406237e-03
-1.875000e+00	1.036805e-02
-1.872500e+00	1.183754e-02
-1.870000e+00	1.367871e-02
-1.867500e+00	1.547837e-02
-1.865000e+00	1.673002e-02
-1.862500e+00	1.738971e-02
-1.860000e+00	1.797664e-02
-1.857500e+00	1.889334e-02
-1.855000e+00	1.984659e-02
-1.852500e+00	1.992352e-02
-1.850000e+00	1.847916e-02
-1.847500e+00	1.591850e-02
-1.845000e+00	1.315931e-02
-1.842500e+00	1.079421e-02
-1.840000e+00	8.983300e-03
-1.837500e+00	7.680408e-03
-1.835000e+00	6.793669e-03
-1.832500e+00	6.246327e-03
-1.830000e+00	5.988780e-03
-1.827500e+00	5.989601e-03
-1.825000e+00	6.207313e-03
-1.822500e+00	6.537301e-03
-1.820000e+00	6.773659e-03
-1.817500e+00	6.711879e-03
-1.815000e+00	6.363280e-03
-1.812500e+00	5.944093e-03
-1.810000e+00	5.654768e-03
-1.807500e+00	5.574316e-03
-1.805000e+00	5.667909e-03
-1.802500e+00	5.794762e-03
-1.800000e+00	5.762638e-03
-1.797500e+00	5.495525e-03
-1.795000e+00	5.113279e-03
-1.792500e+00	4.787482e-03
-1.790000e+00	4.619425e-03
-1.787500e+00	4.648557e-03
-1.785000e+00	4.894569e-03
-1.782500e+00	5.377021e-03
-1.780000e+00	6.103057e-03
-1.777500e+00	7.011572e-03
-1.775000e+00	7.880151e-03
-1.772500e+00	8.328737e-03
-1.770000e+00	8.118286e-03
-1.767500e+00	7.438887e-03
-1.765000e+00	6.690723e-03
-1.762500e+00	6.146806e-03
-1.760000e+00	5.907654e-03
-1.757500e+00	5.983973e-03
-1.755000e+00	6.332688e-03
-1.752500e+00	6.818735e-03
-1.750000e+00	7.168729e-03
-1.747500e+00	7.093200e-03
-1.745000e+00	6.572297e-03
-1.742500e+00	5.868074e-03
-1.740000e+00	5.239370e-03
-1.737500e+00	4.804030e-03
-1.735000e+00	4.586248e-03
-1.732500e+00	4.581051e-03
-1.730000e+00	4.780475e-03
-1.727500e+00	5.164684e-03
-1.725000e+00	5.660148e-03
-1.722500e+00	6.091058e-03
-1.720000e+00	6.237044e-03
-1.717500e+00	6.044685e-03
-1.715000e+00	5.696239e-03
-1.712500e+00	5.412125e-03
-1.710000e+00	5.315174e-03
-1.707500e+00	5.453379e-03
-1.705000e+00	5.854661e-03
-1.702500e+00	6.555659e-03
-1.700000e+00	7.602109e-03
-1.697500e+00	9.011215e-03
-1.695000e+00	1.066746e-02
-1.692500e+00	1.217541e-02
-1.690000e+00	1.292699e-02
-1.687500e+00	1.264374e-02
-1.685000e+00	1.173807e-02
-1.682500e+00	1.084571e-02
-1.680000e+00	1.030685e-02
-1.677500e+00	1.009662e-02
-1.675000e+00	9.957530e-03
-1.672500e+00	9.659813e-03
-1.670000e+00	9.258181e-03
-1.667500e+00	9.010371e-03
-1.665000e+00	9.140355e-03
-1.662500e+00	9.775350e-03
-1.660000e+00	1.097810e-02
-1.657500e+00	1.271476e-02
-1.655000e+00	1.469377e-02
-1.652500e+00	1.618946e-02
-1.650000e+00	1.632758e-02
-1.647500e+00	1.494885e-02
-1.645000e+00	1.279673e-02
-1.642500e+00	1.068867e-02
-1.640000e+00	9.014234e-03
-1.637500e+00	7.841626e-03
-1.635000e+00	7.120045e-03
-1.632500e+00	6.774253e-03
-1.630000e+00	6.709063e-03
-1.627500e+00	6.766969e-03
-1.625000e+00	6.722691e-03
-1.622500e+00	6.424815e-03
-1.620000e+00	5.945381e-03
-1.617500e+00	5.476465e-03
-1.615000e+00	5.154821e-03
-1.612500e+00	5.034778e-03
-1.610000e+00	5.135616e-03
-1.607500e+00	5.477538e-03
-1.605000e+00	6.094055e-03
-1.602500e+00	7.021780e-03
-1.600000e+00	8.250982e-03
-1.597500e+00	9.610486e-03
-1.595000e+00	1.064851e-02
-1.592500e+00	1.080636e-02
-1.590000e+00	9.972155e-03
-1.587500e+00	8.618437e-03
-1.585000e+00	7.274931e-03
-1.582500e+00	6.196456e-03
-1.580000e+00	5.427418e-03
-1.577500e+00	4.934940e-03
-1.575000e+00	4.678647e-03
-1.572500e+00	4.634054e-03
-1.570000e+00	4.797477e-03
-1.567500e+00	5.183905e-03
-1.565000e+00	5.815776e-03
-1.562500e+00	6.687641e-03
-1.560000e+00	7.685701e-03
-1.557500e+00	8.500046e-03
-1.555000e+00	8.735041e-03
-1.552500e+00	8.301042e-03
-1.550000e+00	7.537523e-03
-1.547500e+00	6.845679e-03
-1.545000e+00	6.432050e-03
-1.542500e+00	6.327266e-03
-1.540000e+00	6.436572e-03
-1.537500e+00	6.546896e-03
-1.535000e+00	6.417503e-03
-1.532500e+00	5.997043e-03
-1.530000e+00	5.463450e-03
-1.527500e+00	5.016804e-03
-1.525000e+00	4.758761e-03
-1.522500e+00	4.721052e-03
-1.520000e+00	4.915465e-03
-1.517500e+00	5.353478e-03
-1.515000e+00	6.030640e-03
-1.512500e+00	6.867062e-03
-1.510000e+00	7.623948e-03
-1.507500e+00	7.949196e-03
-1.505000e+00	7.691647e-03
-1.502500e+00	7.094648e-03
-1.500000e+00	6.526178e-03
-1.497500e+00	6.208284e-03
-1.495000e+00	6.205997e-03
-1.492500e+00	6.476736e-03
-1.490000e+00	6.855521e-03
-1.487500e+00	7.047370e-03
-1.485000e+00	6.807395e-03
-1.482500e+00	6.194145e-03
-1.480000e+00	5.479877e-03
-1.477500e+00	4.878103e-03
-1.475000e+00	4.468462e-03
-1.472500e+00	4.258119e-03
-1.470000e+00	4.237075e-03
-1.467500e+00	4.400179e-03
-1.465000e+00	4.746217e-03
-1.462500e+00	5.256305e-03
-1.460000e+00	5.852391e-03
-1.457500e+00	6.383695e-03
-1.455000e+00	6.741620e-03
-1.452500e+00	7.017768e-03
-1.450000e+00	7.440829e-03
-1.447500e+00	8.188175e-03
-1.445000e+00	9.277272e-03
-1.442500e+00	1.047331e-02
-1.440000e+00	1.124090e-02
-1.437500e+00	1.105792e-02
-1.435000e+00	9.973400e-03
-1.432500e+00	8.534075e-03
-1.430000e+00	7.215982e-03
-1.427500e+00	6.209176e-03
-1.425000e+00	5.529014e-03
-1.422500e+00	5.138470e-03
-1.420000e+00	5.004164e-03
-1.417500e+00	5.113393e-03
-1.415000e+00	5.475306e-03
-1.412500e+00	6.110387e-03
-1.410000e+00	7.015131e-03
-1.407500e+00	8.078839e-03
-1.405000e+00	8.982428e-03
-1.402500e+00	9.287531e-03
-1.400000e+00	8.850128e-03
-1.397500e+00	8.008352e-03
-1.395000e+00	7.209150e-03
-1.392500e+00	6.702537e-03
-1.390000e+00	6.555240e-03
-1.387500e+00	6.723836e-03
-1.385000e+00	7.048992e-03
-1.382500e+00	7.235182e-03
-1.380000e+00	7.005089e-03
-1.377500e+00	6.374164e-03
-1.375000e+00	5.609736e-03
-1.372500e+00	4.946884e-03
-1.370000e+00	4.482257e-03
-1.367500e+00	4.229615e-03
-1.365000e+00	4.178905e-03
-1.362500e+00	4.317006e-03
-1.360000e+00	4.615524e-03
-1.357500e+00	4.991574e-03
-1.355000e+00	5.281988e-03
-1.352500e+00	5.334287e-03
-1.350000e+00	5.176197e-03
-1.347500e+00	4.994070e-03
-1.345000e+00	4.959290e-03
-1.342500e+00	5.157097e-03
-1.340000e+00	5.598686e-03
-1.337500e+00	6.203067e-03
-1.335000e+00	6.740810e-03
-1.332500e+00	6.886923e-03
-1.330000e+00	6.505031e-03
-1.327500e+00	5.805318e-03
-1.325000e+00	5.095451e-03
-1.322500e+00	4.550157e-03
-1.320000e+00	4.218200e-03
-1.317500e+00	4.098750e-03
-1.315000e+00	4.186443e-03
-1.312500e+00	4.483233e-03
-1.310000e+00	4.984596e-03
-1.307500e+00	5.632813e-03
-1.305000e+00	6.244654e-03
-1.302500e+00	6.523320e-03
-1.300000e+00	6.297941e-03
-1.297500e+00	5.728046e-03
-1.295000e+00	5.116675e-03
-1.292500e+00	4.661076e-03
-1.290000e+00	4.429517e-03
-1.287500e+00	4.427927e-03
-1.285000e+00	4.632259e-03
-1.282500e+00	4.968228e-03
-1.280000e+00	5.269460e-03
-1.277500e+00	5.321550e-03
-1.275000e+00	5.053459e-03
-1.272500e+00	4.617812e-03
-1.270000e+00	4.215151e-03
-1.267500e+00	3.956956e-03
-1.265000e+00	3.879096e-03
-1.262500e+00	3.989484e-03
-1.260000e+00	4.287846e-03
-1.257500e+00	4.750112e-03
-1.255000e+00	5.278067e-03
-1.252500e+00	5.659825e-03
-1.250000e+00	5.676853e-03
-1.247500e+00	5.333850e-03
-1.245000e+00	4.854100e-03
-1.242500e+00	4.448905e-03
-1.240000e+00	4.216156e-03
-1.237500e+00	4.181821e-03
-1.235000e+00	4.349487e-03
-1.232500e+00	4.714164e-03
-1.230000e+00	5.239154e-03
-1.227500e+00	5.804624e-03
-1.225000e+00	6.199365e-03
-1.222500e+00	6.277856e-03
-1.220000e+00	6.142499e-03
-1.217500e+00	6.043491e-03
-1.215000e+00	6.176476e-03
-1.212500e+00	6.636370e-03
-1.210000e+00	7.437667e-03
-1.207500e+00	8.473706e-03
-1.205000e+00	9.416375e-03
-1.202500e+00	9.765012e-03
-1.200000e+00	9.265261e-03
-1.197500e+00	8.206106e-03
-1.195000e+00	7.071536e-03
-1.192500e+00	6.151336e-03
-1.190000e+00	5.526817e-03
-1.187500e+00	5.189489e-03
-1.185000e+00	5.117469e-03
-1.182500e+00	5.303690e-03
-1.180000e+00	5.758894e-03
-1.177500e+00	6.493909e-03
-1.175000e+00	7.465004e-03
-1.172500e+00	8.471846e-03
-1.170000e+00	9.111272e-03
-1.167500e+00	9.034147e-03
-1.165000e+00	8.340143e-03
-1.162500e+00	7.463622e-03
-1.160000e+00	6.756832e-03
-1.157500e+00	6.361350e-03
-1.155000e+00	6.285466e-03
-1.152500e+00	6.454394e-03
-1.150000e+00	6.697023e-03
-1.147500e+00	6.778426e-03
-1.145000e+00	6.584545e-03
-1.142500e+00	6.245538e-03
-1.140000e+00	5.981362e-03
-1.137500e+00	5.937557e-03
-1.135000e+00	6.182914e-03
-1.132500e+00	6.758976e-03
-1.130000e+00	7.697466e-03
-1.127500e+00	8.980258e-03
-1.125000e+00	1.042654e-02
-1.122500e+00	1.158620e-02
-1.120000e+00	1.194314e-02
-1.117500e+00	1.145945e-02
-1.115000e+00	1.064477e-02
-1.112500e+00	9.999317e-03
-1.110000e+00	9.661431e-03
-1.107500e+00	9.420311e-03
-1.105000e+00	8.932007e-03
-1.102500e+00	8.079457e-03
-1.100000e+00	7.072865e-03
-1.097500e+00	6.170862e-03
-1.095000e+00	5.496068e-03
-1.092500e+00	5.066035e-03
-1.090000e+00	4.864254e-03
-1.087500e+00	4.878074e-03
-1.085000e+00	5.111300e-03
-1.082500e+00	5.583733e-03
-1.080000e+00	6.315818e-03
-1.077500e+00	7.280575e-03
-1.075000e+00	8.306630e-03
-1.072500e+00	9.012497e-03
-1.070000e+00	9.017183e-03
-1.067500e+00	8.353795e-03
-1.065000e+00	7.434372e-03
-1.062500e+00	6.630896e-03
-1.060000e+00	6.107240e-03
-1.057500e+00	5.900449e-03
-1.055000e+00	6.013892e-03
-1.052500e+00	6.457091e-03
-1.050000e+00	7.241435e-03
-1.047500e+00	8.326532e-03
-1.045000e+00	9.503392e-03
-1.042500e+00	1.030697e-02
-1.040000e+00	1.025521e-02
-1.037500e+00	9.357246e-03
-1.035000e+00	8.098978e-03
-1.032500e+00	6.931732e-03
-1.030000e+00	6.048584e-03
-1.027500e+00	5.476349e-03
-1.025000e+00	5.189413e-03
-1.022500e+00	5.160636e-03
-1.020000e+00	5.366556e-03
-1.017500e+00	5.759329e-03
-1.015000e+00	6.214507e-03
-1.012500e+00	6.524699e-03
-1.010000e+00	6.553423e-03
-1.007500e+00	6.401935e-03
-1.005000e+00	6.293999e-03
-1.002500e+00	6.354483e-03
-1.000000e+00	6.522120e-03
-9.975000e-01	6.576730e-03
-9.950000e-01	6.316436e-03
-9.925000e-01	5.777898e-03
-9.900000e-01	5.172198e-03
-9.875000e-01	4.665928e-03
-9.850000e-01	4.318392e-03
-9.825000e-01	4.129932e-03
-9.800000e-01	4.086485e-03
-9.775000e-01	4.179063e-03
-9.750000e-01	4.410100e-03
-9.725000e-01	4.795728e-03
-9.700000e-01	5.367252e-03
-9.675000e-01	6.170944e-03
-9.650000e-01	7.259642e-03
-9.625000e-01	8.659512e-03
-9.600000e-01	1.029071e-02
-9.575000e-01	1.188392e-02
-9.550000e-01	1.310602e-02
-9.525000e-01	1.396288e-02
-9.500000e-01	1.488783e-02
-9.475000e-01	1.627235e-02
-9.450000e-01	1.801240e-02
-9.425000e-01	1.933747e-02
-9.400000e-01	1.921416e-02
-9.375000e-01	1.739271e-02
-9.350000e-01	1.468405e-02
-9.325000e-01	1.201756e-02
-9.300000e-01	9.834056e-03
-9.275000e-01	8.195717e-03
-9.250000e-01	7.023495e-03
-9.225000e-01	6.220605e-03
-9.200000e-01	5.710698e-03
-9.175000e-01	5.439702e-03
-9.150000e-01	5.360616e-03
-9.125000e-01	5.405191e-03
-9.100000e-01	5.463837e-03
-9.075000e-01	5.434396e-03
-9.050000e-01	5.323601e-03
-9.025000e-01	5.240429e-03
-9.000000e-01	5.293893e-03
-8.975000e-01	5.552434e-03
-8.950000e-01	6.065405e-03
-8.925000e-01	6.883843e-03
-8.900000e-01	8.052304e-03
-8.875000e-01	9.547797e-03
-8.850000e-01	1.114267e-02
-8.825000e-01	1.229491e-02
-8.800000e-01	1.242287e-02
-8.775000e-01	1.152636e-02
-8.750000e-01	1.020078e-02
-8.725000e-01	9.020305e-03
-8.700000e-01	8.247823e-03
-8.675000e-01	7.931342e-03
-8.650000e-01	8.014362e-03
-8.625000e-01	8.340257e-03
-8.600000e-01	8.625572e-03
-8.575000e-01	8.592365e-03
-8.550000e-01	8.244370e-03
-8.525000e-01	7.860425e-03
-8.500000e-01	7.709983e-03
-8.475000e-01	7.906195e-03
-8.450000e-01	8.393454e-03
-8.425000e-01	8.913691e-03
-8.400000e-01	9.047131e-03
-8.375000e-01	8.535037e-03
-8.350000e-01	7.560778e-03
-8.325000e-01	6.507742e-03
-8.300000e-01	5.620389e-03
-8.275000e-01	4.967647e-03
-8.250000e-01	4.536547e-03
-8.225000e-01	4.297259e-03
-8.200000e-01	4.227296e-03
-8.175000e-01	4.314445e-03
-8.150000e-01	4.546190e-03
-8.125000e-01	4.882285e-03
-8.100000e-01	5.218135e-03
-8.075000e-01	5.403308e-03
-8.050000e-01	5.374242e-03
-8.025000e-01	5.236555e-03
-8.000000e-01	5.151754e-03
-7.975000e-01	5.225287e-03
-7.950000e-01	5.509552e-03
-7.925000e-01	6.043662e-03
-7.900000e-01	6.878547e-03
-7.875000e-01	8.081625e-03
-7.850000e-01	9.711812e-03
-7.825000e-01	1.173144e-02
-7.800000e-01	1.382817e-02
-7.775000e-01	1.530637e-02
-7.750000e-01	1.550053e-02
-7.725000e-01	1.452829e-02
-7.700000e-01	1.318373e-02
-7.675000e-01	1.216394e-02
-7.650000e-01	1.176366e-02
-7.625000e-01	1.196799e-02
-7.600000e-01	1.249666e-02
-7.575000e-01	1.280333e-02
-7.550000e-01	1.237244e-02
-7.525000e-01	1.122730e-02
-7.500000e-01	9.857157e-03
-7.475000e-01	8.695881e-03
-7.450000e-01	7.925719e-03
-7.425000e-01	7.576140e-03
-7.400000e-01	7.622417e-03
-7.375000e-01	7.998025e-03
-7.350000e-01	8.532551e-03
-7.325000e-01	8.899810e-03
-7.300000e-01	8.779399e-03
-7.275000e-01	8.183200e-03
-7.250000e-01	7.432147e-03
-7.225000e-01	6.823856e-03
-7.200000e-01	6.494908e-03
-7.175000e-01	6.479665e-03
-7.150000e-01	6.769525e-03
-7.125000e-01	7.306823e-03
-7.100000e-01	7.923853e-03
-7.075000e-01	8.325334e-03
-7.050000e-01	8.287915e-03
-7.025000e-01	7.916520e-03
-7.000000e-01	7.528361e-03
-6.975000e-01	7.375058e-03
-6.950000e-01	7.580320e-03
-6.925000e-01	8.205413e-03
-6.900000e-01	9.286947e-03
-6.875000e-01	1.079502e-02
-6.850000e-01	1.249346e-02
-6.825000e-01	1.380314e-02
-6.800000e-01	1.405270e-02
-6.775000e-01	1.316837e-02
-6.750000e-01	1.178099e-02
-6.725000e-01	1.055061e-02
-6.700000e-01	9.769178e-03
-6.675000e-01	9.401170e-03
-6.650000e-01	9.177840e-03
-6.625000e-01	8.739257e-03
-6.600000e-01	7.933470e-03
-6.575000e-01	6.937412e-03
-6.550000e-01	6.003881e-03
-6.525000e-01	5.260519e-03
-6.500000e-01	4.725177e-03
-6.475000e-01	4.374149e-03
-6.450000e-01	4.180522e-03
-6.425000e-01	4.127104e-03
-6.400000e-01	4.208550e-03
-6.375000e-01	4.428569e-03
-6.350000e-01	4.790259e-03
-6.325000e-01	5.272692e-03
-6.300000e-01	5.798332e-03
-6.275000e-01	6.248130e-03
-6.250000e-01	6.584405e-03
-6.225000e-01	6.937775e-03
-6.200000e-01	7.507119e-03
-6.175000e-01	8.437491e-03
-6.150000e-01	9.768903e-03
-6.125000e-01	1.134981e-02
-6.100000e-01	1.270395e-02
-6.075000e-01	1.315445e-02
-6.050000e-01	1.244191e-02
-6.025000e-01	1.104237e-02
-6.000000e-01	9.620499e-03
-5.975000e-01	8.549405e-03
-5.950000e-01	7.933750e-03
-5.925000e-01	7.766686e-03
-5.900000e-01	8.004261e-03
-5.875000e-01	8.544015e-03
-5.850000e-01	9.146429e-03
-5.825000e-01	9.442827e-03
-5.800000e-01	9.212776e-03
-5.775000e-01	8.637547e-03
-5.750000e-01	8.088650e-03
-5.725000e-01	7.823774e-03
-5.700000e-01	7.948308e-03
-5.675000e-01	8.479177e-03
-5.650000e-01	9.344326e-03
-5.625000e-01	1.030043e-02
-5.600000e-01	1.091508e-02
-5.575000e-01	1.087038e-02
-5.550000e-01	1.033654e-02
-5.525000e-01	9.785251e-03
-5.500000e-01	9.566721e-03
-5.475000e-01	9.782491e-03
-5.450000e-01	1.030076e-02
-5.425000e-01	1.075597e-02
-5.400000e-01	1.072250e-02
-5.375000e-01	1.012698e-02
-5.350000e-01	9.325353e-03
-5.325000e-01	8.714519e-03
-5.300000e-01	8.503107e-03
-5.275000e-01	8.748733e-03
-5.250000e-01	9.402507e-03
-5.225000e-01	1.025119e-02
-5.200000e-01	1.084806e-02
-5.175000e-01	1.072424e-02
-5.150000e-01	9.860627e-03
-5.125000e-01	8.696623e-03
-5.100000e-01	7.658716e-03
-5.075000e-01	6.940265e-03
-5.050000e-01	6.581033e-03
-5.025000e-01	6.568353e-03
-5.000000e-01	6.866679e-03
-4.975000e-01	7.378368e-03
-4.950000e-01	7.869193e-03
-4.925000e-01	8.001291e-03
-4.900000e-01	7.610846e-03
-4.875000e-01	6.893608e-03
-4.850000e-01	6.168189e-03
-4.825000e-01	5.625432e-03
-4.800000e-01	5.322992e-03
-4.775000e-01	5.260036e-03
-4.750000e-01	5.415120e-03
-4.725000e-01	5.736636e-03
-4.700000e-01	6.109487e-03
-4.675000e-01	6.374875e-03
-4.650000e-01	6.471224e-03
-4.625000e-01	6.525158e-03
-4.600000e-01	6.733962e-03
-4.575000e-01	7.244291e-03
-4.550000e-01	8.143906e-03
-4.525000e-01	9.463869e-03
-4.500000e-01	1.109972e-02
-4.475000e-01	1.265291e-02
-4.450000e-01	1.343616e-02
-4.425000e-01	1.300732e-02
-4.400000e-01	1.169459e-02
-4.375000e-01	1.020879e-02
-4.350000e-01	9.028944e-03
-4.325000e-01	8.310526e-03
-4.300000e-01	8.025956e-03
-4.275000e-01	8.031283e-03
-4.250000e-01	8.064373e-03
-4.225000e-01	7.847181e-03
-4.200000e-01	7.327668e-03
-4.175000e-01	6.709225e-03
-4.150000e-01	6.212786e-03
-4.125000e-01	5.948364e-03
-4.100000e-01	5.950040e-03
-4.075000e-01	6.229882e-03
-4.050000e-01	6.794439e-03
-4.025000e-01	7.618098e-03
-4.000000e-01	8.577376e-03
-3.975000e-01	9.423019e-03
-3.950000e-01	9.959114e-03
-3.925000e-01	1.030593e-02
-3.900000e-01	1.079039e-02
-3.875000e-01	1.158282e-02
-3.850000e-01	1.247277e-02
-3.825000e-01	1.289470e-02
-3.800000e-01	1.238533e-02
-3.775000e-01	1.111817e-02
-3.750000e-01	9.675960e-03
-3.725000e-01	8.494674e-03
-3.700000e-01	7.734499e-03
-3.675000e-01	7.407133e-03
-3.650000e-01	7.465689e-03
-3.625000e-01	7.796820e-03
-3.600000e-01	8.156447e-03
-3.575000e-01	8.199510e-03
-3.550000e-01	7.749406e-03
-3.525000e-01	6.987139e-03
-3.500000e-01	6.223447e-03
-3.475000e-01	5.647117e-03
-3.450000e-01	5.315973e-03
-3.425000e-01	5.231397e-03
-3.400000e-01	5.378917e-03
-3.375000e-01	5.721949e-03
-3.350000e-01	6.159744e-03
-3.325000e-01	6.504325e-03
-3.300000e-01	6.594586e-03
-3.275000e-01	6.482029e-03
-3.250000e-01	6.386756e-03
-3.225000e-01	6.502719e-03
-3.200000e-01	6.925289e-03
-3.175000e-01	7.656655e-03
-3.150000e-01	8.564258e-03
-3.125000e-01	9.315739e-03
-3.100000e-01	9.513991e-03
-3.075000e-01	9.094231e-03
-3.050000e-01	8.412960e-03
-3.025000e-01	7.866758e-03
-3.000000e-01	7.649016e-03
-2.975000e-01	7.764755e-03
-2.950000e-01	8.070442e-03
-2.925000e-01	8.325285e-03
-2.900000e-01	8.383725e-03
-2.875000e-01	8.365386e-03
-2.850000e-01	8.502805e-03
-2.825000e-01	8.878179e-03
-2.800000e-01	9.302177e-03
-2.775000e-01	9.382388e-03
-2.750000e-01	8.872286e-03
-2.725000e-01	7.954622e-03
-2.700000e-01	7.004374e-03
-2.675000e-01	6.262579e-03
-2.650000e-01	5.804497e-03
-2.625000e-01	5.630471e-03
-2.600000e-01	5.724149e-03
-2.575000e-01	6.061088e-03
-2.550000e-01	6.583528e-03
-2.525000e-01	7.181817e-03
-2.500000e-01	7.766874e-03
-2.475000e-01	8.395233e-03
-2.450000e-01	9.209285e-03
-2.425000e-01	1.019753e-02
-2.400000e-01	1.102060e-02
-2.375000e-01	1.114952e-02
-2.350000e-01	1.039732e-02
-2.325000e-01	9.154276e-03
-2.300000e-01	7.936071e-03
-2.275000e-01	7.015404e-03
-2.250000e-01	6.440445e-03
-2.225000e-01	6.136144e-03
-2.200000e-01	5.950531e-03
-2.175000e-01	5.721446e-03
-2.150000e-01	5.404790e-03
-2.125000e-01	5.097630e-03
-2.100000e-01	4.918123e-03
-2.075000e-01	4.934938e-03
-2.050000e-01	5.180490e-03
-2.025000e-01	5.667857e-03
-2.000000e-01	6.368127e-03
-1.975000e-01	7.140155e-03
-1.950000e-01	7.684609e-03
-1.925000e-01	7.715024e-03
-1.900000e-01	7.273641e-03
-1.875000e-01	6.687732e-03
-1.850000e-01	6.239519e-03
-1.825000e-01	6.027247e-03
-1.800000e-01	6.004639e-03
-1.775000e-01	6.059696e-03
-1.750000e-01	6.133298e-03
-1.725000e-01	6.284221e-03
-1.700000e-01	6.588778e-03
-1.675000e-01	7.003324e-03
-1.650000e-01	7.341377e-03
-1.625000e-01	7.441407e-03
-1.600000e-01	7.376016e-03
-1.575000e-01	7.359299e-03
-1.550000e-01	7.483650e-03
-1.525000e-01	7.615649e-03
-1.500000e-01	7.528294e-03
-1.475000e-01	7.182385e-03
-1.450000e-01	6.789441e-03
-1.425000e-01	6.584599e-03
-1.400000e-01	6.678261e-03
-1.375000e-01	7.042402e-03
-1.350000e-01	7.491362e-03
-1.325000e-01	7.703638e-03
-1.300000e-01	7.457755e-03
-1.275000e-01	6.876832e-03
-1.250000e-01	6.264502e-03
-1.225000e-01	5.806123e-03
-1.200000e-01	5.494388e-03
-1.175000e-01	5.210685e-03
-1.150000e-01	4.873835e-03
-1.125000e-01	4.528994e-03
-1.100000e-01	4.272271e-03
-1.075000e-01	4.154915e-03
-1.050000e-01	4.164509e-03
-1.025000e-01	4.244009e-03
-1.000000e-01	4.344097e-03
-9.750000e-02	4.484181e-03
-9.500000e-02	4.729081e-03
-9.250000e-02	5.104804e-03
-9.000000e-02	5.554344e-03
-8.750000e-02	5.979825e-03
-8.500000e-02	6.331616e-03
-8.250000e-02	6.577157e-03
-8.000000e-02	6.612239e-03
-7.750000e-02	6.384394e-03
-7.500000e-02	6.039128e-03
-7.250000e-02	5.784051e-03
-7.000000e-02	5.702969e-03
-6.750000e-02	5.727076e-03
-6.500000e-02	5.719754e-03
-6.250000e-02	5.584503e-03
-6.000000e-02	5.280160e-03
-5.750000e-02	4.825845e-03
-5.500000e-02	4.331524e-03
-5.250000e-02	3.924321e-03
-5.000000e-02	3.668775e-03
-4.750000e-02	3.564554e-03
-4.500000e-02	3.562009e-03
-4.250000e-02	3.577938e-03
-4.000000e-02	3.552429e-03
-3.750000e-02	3.508838e-03
-3.500000e-02	3.520217e-03
-3.250000e-02	3.639435e-03
-3.000000e-02	3.862920e-03
-2.750000e-02	4.103285e-03
-2.500000e-02	4.207315e-03
-2.250000e-02	4.082209e-03
-2.000000e-02	3.786388e-03
-1.750000e-02	3.430941e-03
-1.500000e-02	3.074619e-03
-1.250000e-02	2.743157e-03
-1.000000e-02	2.459123e-03
-7.500000e-03	2.228323e-03
-5.000000e-03	2.037199e-03
-2.500000e-03	1.865482e-03
-6.394885e-14	1.695075e-03
2.500000e-03	1.521837e-03
5.000000e-03	1.358031e-03
7.500000e-03	1.216437e-03
1.000000e-02	1.100669e-03
1.250000e-02	1.007918e-03
1.500000e-02	9.335357e-04
1.750000e-02	8.732414e-04
2.000000e-02	8.236771e-04
2.250000e-02	7.823464e-04
2.500000e-02	7.474189e-04
2.750000e-02	7.175469e-04
3.000000e-02	6.917275e-04
3.250000e-02	6.692032e-04
3.500000e-02	6.493936e-04
3.750000e-02	6.318473e-04
4.000000e-02	6.162086e-04
4.250000e-02	6.021933e-04
4.500000e-02	5.895719e-04
4.750000e-02	5.781568e-04
5.000000e-02	5.677935e-04
5.250000e-02	5.583533e-04
5.500000e-02	5.497283e-04
5.750000e-02	5.418270e-04
6.000000e-02	5.345718e-04
6.250000e-02	5.278961e-04
6.500000e-02	5.217423e-04
6.750000e-02	5.160608e-04
7.000000e-02	5.108080e-04
7.250000e-02	5.059460e-04
7.500000e-02	5.014414e-04
7.750000e-02	4.972646e-04
8.000000e-02	4.933896e-04
8.250000e-02	4.897929e-04
8.500000e-02	4.864539e-04
8.750000e-02	4.833538e-04
9.000000e-02	4.804760e-04
9.250000e-02	4.778054e-04
9.500000e-02	4.753284e-04
9.750000e-02	4.730326e-04
1.000000e-01	4.709068e-04
1.025000e-01	4.689409e-04
1.050000e-01	4.671254e-04
1.075000e-01	4.654521e-04
1.100000e-01	4.639129e-04
1.125000e-01	4.625009e-04
1.150000e-01	4.612095e-04
1.175000e-01	4.600326e-04
1.200000e-01	4.589646e-04
1.225000e-01	4.580005e-04
1.250000e-01	4.571355e-04
1.275000e-01	4.563651e-04
1.300000e-01	4.556854e-04
1.325000e-01	4.550925e-04
1.350000e-01	4.545830e-04
1.375000e-01	4.541535e-04
1.400000e-01	4.538010e-04
1.425000e-01	4.535227e-04
1.450000e-01	4.533159e-04
1.475000e-01	4.531783e-04
1.500000e-01	4.531074e-04
1.525000e-01	4.531011e-04
1.550000e-01	4.531575e-04
1.575000e-01	4.532746e-04
1.600000e-01	4.534507e-04
1.625000e-01	4.536842e-04
1.650000e-01	4.539734e-04
1.675000e-01	4.543169e-04
1.700000e-01	4.547134e-04
1.725000e-01	4.551617e-04
1.750000e-01	4.556604e-04
1.775000e-01	4.562085e-04
1.800000e-01	4.568050e-04
1.825000e-01	4.574489e-04
1.850000e-01	4.581391e-04
1.875000e-01	4.588750e-04
1.900000e-01	4.596556e-04
1.925000e-01	4.604803e-04
1.950000e-01	4.613482e-04
1.975000e-01	4.622588e-04
2.000000e-01	4.632114e-04
2.025000e-01	4.642055e-04
2.050000e-01	4.652404e-04
2.075000e-01	4.663158e-04
2.100000e-01	4.674311e-04
2.125000e-01	4.685859e-04
2.150000e-01	4.697799e-04
2.175000e-01	4.710125e-04
2.200000e-01	4.722836e-04
2.225000e-01	4.735928e-04
2.250000e-01	4.749399e-04
2.275000e-01	4.763244e-04
2.300000e-01	4.777463e-04
2.325000e-01	4.792054e-04
2.350000e-01	4.807013e-04
2.375000e-01	4.822341e-04
2.400000e-01	4.838034e-04
2.425000e-01	4.854093e-04
2.450000e-01	4.870516e-04
2.475000e-01	4.887302e-04
2.500000e-01	4.904451e-04
2.525000e-01	4.921962e-04
2.550000e-01	4.939835e-04
2.575000e-01	4.958070e-04
2.600000e-01	4.976667e-04
2.625000e-01	4.995626e-04
2.650000e-01	5.014948e-04
2.675000e-01	5.034633e-04
2.700000e-01	5.054682e-04
2.725000e-01	5.075095e-04
2.750000e-01	5.095874e-04
2.775000e-01	5.117020e-04
2.800000e-01	5.138534e-04
2.825000e-01	5.160418e-04
2.850000e-01	5.182672e-04
2.875000e-01	5.205300e-04
2.900000e-01	5.228303e-04
2.925000e-01	5.251682e-04
2.950000e-01	5.275439e-04
2.975000e-01	5.299578e-04
3.000000e-01	5.324101e-04
3.025000e-01	5.349009e-04
3.050000e-01	5.374306e-04
3.075000e-01	5.399994e-04
3.100000e-01	5.426076e-04
3.125000e-01	5.452555e-04
3.150000e-01	5.479435e-04
3.175000e-01	5.506719e-04
3.200000e-01	5.534409e-04
3.225000e-01	5.562510e-04
3.250000e-01	5.591026e-04
3.275000e-01	5.619959e-04
3.300000e-01	5.649314e-04
3.325000e-01	5.679095e-04
3.350000e-01	5.709307e-04
3.375000e-01	5.739953e-04
3.400000e-01	5.771038e-04
3.425000e-01	5.802566e-04
3.450000e-01	5.834543e-04
3.475000e-01	5.866973e-04
3.500000e-01	5.899861e-04
3.525000e-01	5.933212e-04
3.550000e-01	5.967032e-04
3.575000e-01	6.001326e-04
3.600000e-01	6.036099e-04
3.625000e-01	6.071358e-04
3.650000e-01	6.107108e-04
3.675000e-01	6.143355e-04
3.700000e-01	6.180106e-04
3.725000e-01	6.217366e-04
3.750000e-01	6.255142e-04
3.775000e-01	6.293442e-04
3.800000e-01	6.332271e-04
3.825000e-01	6.371637e-04
3.850000e-01	6.411546e-04
3.875000e-01	6.452007e-04
3.900000e-01	6.493027e-04
3.925000e-01	6.534614e-04
3.950000e-01	6.576774e-04
3.975000e-01	6.619517e-04
4.000000e-01	6.662851e-04
4.025000e-01	6.706784e-04
4.050000e-01	6.751325e-04
4.075000e-01	6.796483e-04
4.100000e-01	6.842266e-04
4.125000e-01	6.888685e-04
4.150000e-01	6.935748e-04
4.175000e-01	6.983465e-04
4.200000e-01	7.031847e-04
4.225000e-01	7.080904e-04
4.250000e-01	7.130645e-04
4.275000e-01	7.181082e-04
4.300000e-01	7.232225e-04
4.325000e-01	7.284087e-04
4.350000e-01	7.336677e-04
4.375000e-01	7.390008e-04
4.400000e-01	7.444093e-04
4.425000e-01	7.498942e-04
4.450000e-01	7.554569e-04
4.475000e-01	7.610987e-04
4.500000e-01	7.668208e-04
4.525000e-01	7.726247e-04
4.550000e-01	7.785117e-04
4.575000e-01	7.844831e-04
4.600000e-01	7.905406e-04
4.625000e-01	7.966854e-04
4.650000e-01	8.029192e-04
4.675000e-01	8.092435e-04
4.700000e-01	8.156599e-04
4.725000e-01	8.221700e-04
4.750000e-01	8.287755e-04
4.775000e-01	8.354780e-04
4.800000e-01	8.422794e-04
4.825000e-01	8.491813e-04
4.850000e-01	8.561857e-04
4.875000e-01	8.632945e-04
4.900000e-01	8.705095e-04
4.925000e-01	8.778327e-04
4.950000e-01	8.852661e-04
4.975000e-01	8.928118e-04
5.000000e-01	9.004720e-04
5.025000e-01	9.082487e-04
5.050000e-01	9.161443e-04
5.075000e-01	9.241610e-04
5.100000e-01	9.323011e-04
5.125000e-01	9.405671e-04
5.150000e-01	9.489614e-04
5.175000e-01	9.574865e-04
5.200000e-01	9.661451e-04
5.225000e-01	9.749397e-04
5.250000e-01	9.838732e-04
5.275000e-01	9.929483e-04
5.300000e-01	1.002168e-03
5.325000e-01	1.011535e-03
5.350000e-01	1.021052e-03
5.375000e-01	1.030723e-03
5.400000e-01	1.040551e-03
5.425000e-01	1.050539e-03
5.450000e-01	1.060690e-03
5.475000e-01	1.071008e-03
5.500000e-01	1.081496e-03
5.525000e-01	1.092159e-03
5.550000e-01	1.102999e-03
5.575000e-01	1.114021e-03
5.600000e-01	1.125228e-03
5.625000e-01	1.136625e-03
5.650000e-01	1.148216e-03
5.675000e-01	1.160005e-03
5.700000e-01	1.171996e-03
5.725000e-01	1.184194e-03
5.750000e-01	1.196605e-03
5.775000e-01	1.209231e-03
5.800000e-01	1.222080e-03
5.825000e-01	1.235154e-03
5.850000e-01	1.248461e-03
5.875000e-01	1.262005e-03
5.900000e-01	1.275791e-03
5.925000e-01	1.289826e-03
5.950000e-01	1.304116e-03
5.975000e-01	1.318666e-03
6.000000e-01	1.333482e-03
6.025000e-01	1.348572e-03
6.050000e-01	1.363941e-03
6.075000e-01	1.379598e-03
6.100000e-01	1.395547e-03
6.125000e-01	1.411798e-03
6.150000e-01	1.428357e-03
6.175000e-01	1.445233e-03
6.200000e-01	1.462432e-03
6.225000e-01	1.479965e-03
6.250000e-01	1.497838e-03
6.275000e-01	1.516060e-03
6.300000e-01	1.534642e-03
6.325000e-01	1.553592e-03
6.350000e-01	1.572920e-03
6.375000e-01	1.592635e-03
6.400000e-01	1.612749e-03
6.425000e-01	1.633272e-03
6.450000e-01	1.654215e-03
6.475000e-01	1.675589e-03
6.500000e-01	1.697406e-03
6.525000e-01	1.719679e-03
6.550000e-01	1.742420e-03
6.575000e-01	1.765642e-03
6.600000e-01	1.789359e-03
6.625000e-01	1.813585e-03
6.650000e-01	1.838334e-03
6.675000e-01	1.863621e-03
6.700000e-01	1.889463e-03
6.725000e-01	1.915875e-03
6.750000e-01	1.942874e-03
6.775000e-01	1.970478e-03
6.800000e-01	1.998704e-03
6.825000e-01	2.027572e-03
6.850000e-01	2.057100e-03
6.875000e-01	2.087309e-03
6.900000e-01	2.118221e-03
6.925000e-01	2.149856e-03
6.950000e-01	2.182238e-03
6.975000e-01	2.215390e-03
7.000000e-01	2.249337e-03
7.025000e-01	2.284103e-03
7.050000e-01	2.319717e-03
7.075000e-01	2.356204e-03
7.100000e-01	2.393595e-03
7.125000e-01	2.431918e-03
7.150000e-01	2.471206e-03
7.175000e-01	2.511490e-03
7.200000e-01	2.552804e-03
7.225000e-01	2.595185e-03
7.250000e-01	2.638668e-03
7.275000e-01	2.683292e-03
7.300000e-01	2.729097e-03
7.325000e-01	2.776126e-03
7.350000e-01	2.824422e-03
7.375000e-01	2.874031e-03
7.400000e-01	2.925001e-03
7.425000e-01	2.977381e-03
7.450000e-01	3.031225e-03
7.475000e-01	3.086588e-03
7.500000e-01	3.143526e-03
7.525000e-01	3.202100e-03
7.550000e-01	3.262373e-03
7.575000e-01	3.324412e-03
7.600000e-01	3.388286e-03
7.625000e-01	3.454068e-03
7.650000e-01	3.521834e-03
7.675000e-01	3.591665e-03
7.700000e-01	3.663646e-03
7.725000e-01	3.737865e-03
7.750000e-01	3.814417e-03
7.775000e-01	3.893400e-03
7.800000e-01	3.974917e-03
7.825000e-01	4.059079e-03
7.850000e-01	4.146000e-03
7.875000e-01	4.235802e-03
7.900000e-01	4.328615e-03
7.925000e-01	4.424574e-03
7.950000e-01	4.523822e-03
7.975000e-01	4.626512e-03
8.000000e-01	4.732804e-03
8.025000e-01	4.842868e-03
8.050000e-01	4.956885e-03
8.075000e-01	5.075047e-03
8.100000e-01	5.197556e-03
8.125000e-01	5.324627e-03
8.150000e-01	5.456491e-03
8.175000e-01	5.593390e-03
8.200000e-01	5.735585e-03
8.225000e-01	5.883351e-03
8.250000e-01	6.036983e-03
8.275000e-01	6.196795e-03
8.300000e-01	6.363123e-03
8.325000e-01	6.536326e-03
8.350000e-01	6.716787e-03
8.375000e-01	6.904916e-03
8.400000e-01	7.101155e-03
8.425000e-01	7.305975e-03
8.450000e-01	7.519883e-03
8.475000e-01	7.743424e-03
8.500000e-01	7.977185e-03
8.525000e-01	8.221798e-03
8.550000e-01	8.477943e-03
8.575000e-01	8.746356e-03
8.600000e-01	9.027832e-03
8.625000e-01	9.323232e-03
8.650000e-01	9.633486e-03
8.675000e-01	9.959608e-03
8.700000e-01	1.030269e-02
8.725000e-01	1.066394e-02
8.750000e-01	1.104465e-02
8.775000e-01	1.144625e-02
8.800000e-01	1.187028e-02
8.825000e-01	1.231845e-02
8.850000e-01	1.279262e-02
8.875000e-01	1.329484e-02
8.900000e-01	1.382736e-02
8.925000e-01	1.439265e-02
8.950000e-01	1.499347e-02
8.975000e-01	1.563283e-02
9.000000e-01	1.631411e-02
9.025000e-01	1.704104e-02
9.050000e-01	1.781777e-02
9.075000e-01	1.864895e-02
9.100000e-01	1.953977e-02
9.125000e-01	2.049606e-02
9.150000e-01	2.152438e-02
9.175000e-01	2.263211e-02
9.200000e-01	2.382761e-02
9.225000e-01	2.512037e-02
9.250000e-01	2.652119e-02
9.275000e-01	2.804239e-02
9.300000e-01	2.969811e-02
9.325000e-01	3.150461e-02
9.350000e-01	3.348065e-02
9.375000e-01	3.564802e-02
9.400000e-01	3.803206e-02
9.425000e-01	4.066246e-02
9.450000e-01	4.357411e-02
9.475000e-01	4.680826e-02
9.500000e-01	5.041393e-02
9.525000e-01	5.444976e-02
9.550000e-01	5.898627e-02
9.575000e-01	6.410891e-02
9.600000e-01	6.992190e-02
9.625000e-01	7.655340e-02
9.650000e-01	8.416225e-02
9.675000e-01	9.294710e-02
9.700000e-01	1.031587e-01
9.725000e-01	1.151170e-01
9.750000e-01	1.292343e-01
9.775000e-01	1.460487e-01
9.800000e-01	1.662707e-01
9.825000e-01	1.908516e-01
9.850000e-01	2.210817e-01
9.875000e-01	2.587370e-01
9.900000e-01	3.062941e-01
9.925000e-01	3.672483e-01
9.950000e-01	4.465687e-01
9.975000e-01	5.513040e-01
1.000000e+00	6.912199e-01
1.002500e+00	8.788756e-01
1.005000e+00	1.127155e+00
1.007500e+00	1.439178e+00
1.010000e+00	1.783237e+00
1.012500e+00	2.061840e+00
1.015000e+00	2.138942e+00
1.017500e+00	1.967227e+00
1.020000e+00	1.646282e+00
1.022500e+00	1.307503e+00
1.025000e+00	1.019902e+00
1.027500e+00	7.971726e-01
1.030000e+00	6.302591e-01
1.032500e+00	5.057853e-01
1.035000e+00	4.122275e-01
1.037500e+00	3.409710e-01
1.040000e+00	2.858797e-01
1.042500e+00	2.426389e-01
1.045000e+00	2.082070e-01
1.047500e+00	1.804196e-01
1.050000e+00	1.577163e-01
1.052500e+00	1.389568e-01
1.055000e+00	1.232961e-01
1.057500e+00	1.100995e-01
1.060000e+00	9.888391e-02
1.062500e+00	8.927736e-02
1.065000e+00	8.099003e-02
1.067500e+00	7.379373e-02
1.070000e+00	6.750701e-02
1.072500e+00	6.198426e-02
1.075000e+00	5.710760e-02
1.077500e+00	5.278087e-02
1.080000e+00	4.892499e-02
1.082500e+00	4.547451e-02
1.085000e+00	4.237490e-02
1.087500e+00	3.958044e-02
1.090000e+00	3.705257e-02
1.092500e+00	3.475862e-02
1.095000e+00	3.267071e-02
1.097500e+00	3.076503e-02
1.100000e+00	2.902104e-02
1.102500e+00	2.742105e-02
1.105000e+00	2.594969e-02
1.107500e+00	2.459357e-02
1.110000e+00	2.334103e-02
1.112500e+00	2.218180e-02
1.115000e+00	2.110687e-02
1.117500e+00	2.010829e-02
1.120000e+00	1.917901e-02
1.122500e+00	1.831280e-02
1.125000e+00	1.750407e-02
1.127500e+00	1.674787e-02
1.130000e+00	1.603976e-02
1.132500e+00	1.537576e-02
1.135000e+00	1.475228e-02
1.137500e+00	1.416610e-02
1.140000e+00	1.361431e-02
1.142500e+00	1.309428e-02
1.145000e+00	1.260362e-02
1.147500e+00	1.214017e-02
1.150000e+00	1.170195e-02
1.152500e+00	1.128717e-02
1.155000e+00	1.089418e-02
1.157500e+00	1.052150e-02
1.160000e+00	1.016774e-02
1.162500e+00	9.831661e-03
1.165000e+00	9.512092e-03
1.167500e+00	9.207975e-03
1.170000e+00	8.918331e-03
1.172500e+00	8.642258e-03
1.175000e+00	8.378922e-03
1.177500e+00	8.127553e-03
1.180000e+00	7.887437e-03
1.182500e+00	7.657915e-03
1.185000e+00	7.438373e-03
1.187500e+00	7.228240e-03
1.190000e+00	7.026989e-03
1.192500e+00	6.834126e-03
1.195000e+00	6.649193e-03
1.197500e+00	6.471760e-03
1.200000e+00	6.301429e-03
1.202500e+00	6.137826e-03
1.205000e+00	5.980602e-03
1.207500e+00	5.829429e-03
1.210000e+00	5.684003e-03
1.212500e+00	5.544035e-03
1.215000e+00	5.409257e-03
1.217500e+00	5.279415e-03
1.220000e+00	5.154272e-03
1.222500e+00	5.033604e-03
1.225000e+00	4.917200e-03
1.227500e+00	4.804863e-03
1.230000e+00	4.696405e-03
1.232500e+00	4.591650e-03
1.235000e+00	4.490431e-03
1.237500e+00	4.392593e-03
1.240000e+00	4.297985e-03
1.242500e+00	4.206469e-03
1.245000e+00	4.117909e-03
1.247500e+00	4.032182e-03
1.250000e+00	3.949168e-03
1.252500e+00	3.868753e-03
1.255000e+00	3.790830e-03
1.257500e+00	3.715299e-03
1.260000e+00	3.642061e-03
1.262500e+00	3.571027e-03
1.265000e+00	3.502107e-03
1.267500e+00	3.435219e-03
1.270000e+00	3.370285e-03
1.272500e+00	3.307229e-03
1.275000e+00	3.245980e-03
1.277500e+00	3.186470e-03
1.280000e+00	3.128632e-03
1.282500e+00	3.072407e-03
1.285000e+00	3.017734e-03
1.287500e+00	2.964557e-03
1.290000e+00	2.912821e-03
1.292500e+00	2.862477e-03
1.295000e+00	2.813474e-03
1.297500e+00	2.765765e-03
1.300000e+00	2.719305e-03
1.302500e+00	2.674052e-03
1.305000e+00	2.629964e-03
1.307500e+00	2.587001e-03
1.310000e+00	2.545126e-03
1.312500e+00	2.504302e-03
1.315000e+00	2.464495e-03
1.317500e+00	2.425671e-03
1.320000e+00	2.387799e-03
1.322500e+00	2.350848e-03
1.325000e+00	2.314787e-03
1.327500e+00	2.279590e-03
1.330000e+00	2.245229e-03
1.332500e+00	2.211677e-03
1.335000e+00	2.178910e-03
1.337500e+00	2.146903e-03
1.340000e+00	2.115634e-03
1.342500e+00	2.085079e-03
1.345000e+00	2.055218e-03
1.347500e+00	2.026030e-03
1.350000e+00	1.997495e-03
1.352500e+00	1.969593e-03
1.355000e+00	1.942307e-03
1.357500e+00	1.915618e-03
1.360000e+00	1.889509e-03
1.362500e+00	1.863964e-03
1.365000e+00	1.838967e-03
1.367500e+00	1.814502e-03
1.370000e+00	1.790554e-03
1.372500e+00	1.767109e-03
1.375000e+00	1.744154e-03
1.377500e+00	1.721674e-03
1.380000e+00	1.699658e-03
1.382500e+00	1.678091e-03
1.385000e+00	1.656963e-03
1.387500e+00	1.636262e-03
1.390000e+00	1.615976e-03
1.392500e+00	1.596095e-03
1.395000e+00	1.576607e-03
1.397500e+00	1.557503e-03
1.400000e+00	1.538774e-03
1.402500e+00	1.520408e-03
1.405000e+00	1.502397e-03
1.407500e+00	1.484733e-03
1.410000e+00	1.467406e-03
1.412500e+00	1.450408e-03
1.415000e+00	1.433731e-03
1.417500e+00	1.417366e-03
1.420000e+00	1.401307e-03
1.422500e+00	1.385546e-03
1.425000e+00	1.370076e-03
1.427500e+00	1.354889e-03
1.430000e+00	1.339980e-03
1.432500e+00	1.325340e-03
1.435000e+00	1.310965e-03
1.437500e+00	1.296847e-03
1.440000e+00	1.282982e-03
1.442500e+00	1.269362e-03
1.445000e+00	1.255983e-03
1.447500e+00	1.242839e-03
1.450000e+00	1.229924e-03
1.452500e+00	1.217233e-03
1.455000e+00	1.204762e-03
1.457500e+00	1.192505e-03
1.460000e+00	1.180458e-03
1.462500e+00	1.168616e-03
1.465000e+00	1.156974e-03
1.467500e+00	1.145529e-03
1.470000e+00	1.134275e-03
1.472500e+00	1.123210e-03
1.475000e+00	1.112328e-03
1.477500e+00	1.101626e-03
1.480000e+00	1.091100e-03
1.482500e+00	1.080746e-03
1.485000e+00	1.070561e-03
1.487500e+00	1.060541e-03
1.490000e+00	1.050683e-03
1.492500e+00	1.040983e-03
1.495000e+00	1.031439e-03
1.497500e+00	1.022047e-03
1.500000e+00	1.012803e-03
1.502500e+00	1.003706e-03
1.505000e+00	9.947516e-04
1.507500e+00	9.859375e-04
1.510000e+00	9.772608e-04
1.512500e+00	9.687188e-04
1.515000e+00	9.603089e-04
1.517500e+00	9.520285e-04
1.520000e+00	9.438751e-04
1.522500e+00	9.358462e-04
1.525000e+00	9.279396e-04
1.527500e+00	9.201528e-04
1.530000e+00	9.124836e-04
1.532500e+00	9.049297e-04
1.535000e+00	8.974891e-04
1.537500e+00	8.901595e-04
1.540000e+00	8.829390e-04
1.542500e+00	8.758255e-04
1.545000e+00	8.688171e-04
1.547500e+00	8.619119e-04
1.550000e+00	8.551079e-04
1.552500e+00	8.484034e-04
1.555000e+00	8.417966e-04
1.557500e+00	8.352858e-04
1.560000e+00	8.288692e-04
1.562500e+00	8.225452e-04
1.565000e+00	8.163122e-04
1.567500e+00	8.101685e-04
1.570000e+00	8.041127e-04
1.572500e+00	7.981432e-04
1.575000e+00	7.922586e-04
1.577500e+00	7.864574e-04
1.580000e+00	7.807382e-04
1.582500e+00	7.750996e-04
1.585000e+00	7.695402e-04
1.587500e+00	7.640588e-04
1.590000e+00	7.586541e-04
1.592500e+00	7.533248e-04
1.595000e+00	7.480697e-04
1.597500e+00	7.428876e-04
1.600000e+00	7.377772e-04
1.602500e+00	7.327375e-04
1.605000e+00	7.277674e-04
1.607500e+00	7.228656e-04
1.610000e+00	7.180312e-04
1.612500e+00	7.132632e-04
1.615000e+00	7.085603e-04
1.617500e+00	7.039218e-04
1.620000e+00	6.993465e-04
1.622500e+00	6.948335e-04
1.625000e+00	6.903819e-04
1.627500e+00	6.859908e-04
1.630000e+00	6.816592e-04
1.632500e+00	6.773863e-04
1.635000e+00	6.731712e-04
1.637500e+00	6.690131e-04
1.640000e+00	6.649111e-04
1.642500e+00	6.608644e-04
1.645000e+00	6.568723e-04
1.647500e+00	6.529340e-04
1.650000e+00	6.490486e-04
1.652500e+00	6.452156e-04
1.655000e+00	6.414341e-04
1.657500e+00	6.377035e-04
1.660000e+00	6.340230e-04
1.662500e+00	6.303920e-04
1.665000e+00	6.268098e-04
1.667500e+00	6.232758e-04
1.670000e+00	6.197893e-04
1.672500e+00	6.163498e-04
1.675000e+00	6.129566e-04
1.677500e+00	6.096091e-04
1.680000e+00	6.063067e-04
1.682500e+00	6.030490e-04
1.685000e+00	5.998352e-04
1.687500e+00	5.966650e-04
1.690000e+00	5.935378e-04
1.692500e+00	5.904529e-04
1.695000e+00	5.874101e-04
1.697500e+00	5.844087e-04
1.700000e+00	5.814483e-04
1.702500e+00	5.785284e-04
1.705000e+00	5.756485e-04
1.707500e+00	5.728083e-04
1.710000e+00	5.700072e-04
1.712500e+00	5.672449e-04
1.715000e+00	5.645210e-04
1.717500e+00	5.618349e-04
1.720000e+00	5.591865e-04
1.722500e+00	5.565751e-04
1.725000e+00	5.540006e-04
1.727500e+00	5.514625e-04
1.730000e+00	5.489605e-04
1.732500e+00	5.464943e-04
1.735000e+00	5.440634e-04
1.737500e+00	5.416676e-04
1.740000e+00	5.393066e-04
1.742500e+00	5.369801e-04
1.745000e+00	5.346877e-04
1.747500e+00	5.324293e-04
1.750000e+00	5.302044e-04
1.752500e+00	5.280129e-04
1.755000e+00	5.258545e-04
1.757500e+00	5.237290e-04
1.760000e+00	5.216361e-04
1.762500e+00	5.195755e-04
1.765000e+00	5.175471e-04
1.767500e+00	5.155507e-04
1.770000e+00	5.135861e-04
1.772500e+00	5.116530e-04
1.775000e+00	5.097513e-04
1.777500e+00	5.078808e-04
1.780000e+00	5.060414e-04
1.782500e+00	5.042329e-04
1.785000e+00	5.024551e-04
1.787500e+00	5.007080e-04
1.790000e+00	4.989914e-04
1.792500e+00	4.973051e-04
1.795000e+00	4.956492e-04
1.797500e+00	4.940234e-04
1.800000e+00	4.924277e-04
1.802500e+00	4.908621e-04
1.805000e+00	4.893264e-04
1.807500e+00	4.878207e-04
1.810000e+00	4.863448e-04
1.812500e+00	4.848988e-04
1.815000e+00	4.834826e-04
1.817500e+00	4.820962e-04
1.820000e+00	4.807396e-04
1.822500e+00	4.794129e-04
1.825000e+00	4.781161e-04
1.827500e+00	4.768491e-04
1.830000e+00	4.756121e-04
1.832500e+00	4.744052e-04
1.835000e+00	4.732283e-04
1.837500e+00	4.720817e-04
1.840000e+00	4.709654e-04
1.842500e+00	4.698795e-04
1.845000e+00	4.688242e-04
1.847500e+00	4.677996e-04
1.850000e+00	4.668060e-04
1.852500e+00	4.658434e-04
1.855000e+00	4.649121e-04
1.857500e+00	4.640124e-04
1.860000e+00	4.631444e-04
1.862500e+00	4.623084e-04
1.865000e+00	4.615048e-04
1.867500e+00	4.607338e-04
1.870000e+00	4.599957e-04
1.872500e+00	4.592909e-04
1.875000e+00	4.586198e-04
1.877500e+00	4.579828e-04
1.880000e+00	4.573802e-04
1.882500e+00	4.568127e-04
1.885000e+00	4.562805e-04
1.887500e+00	4.557843e-04
1.890000e+00	4.553246e-04
1.892500e+00	4.549020e-04
1.895000e+00	4.545171e-04
1.897500e+00	4.541705e-04
1.900000e+00	4.538629e-04
1.902500e+00	4.535951e-04
1.905000e+00	4.533679e-04
1.907500e+00	4.531820e-04
1.910000e+00	4.530384e-04
1.912500e+00	4.529379e-04
1.915000e+00	4.528816e-04
1.917500e+00	4.528704e-04
1.920000e+00	4.529056e-04
1.922500e+00	4.529882e-04
1.925000e+00	4.531194e-04
1.927500e+00	4.533007e-04
1.930000e+00	4.535334e-04
1.932500e+00	4.538189e-04
1.935000e+00	4.541588e-04
1.937500e+00	4.545549e-04
1.940000e+00	4.550088e-04
1.942500e+00	4.555225e-04
1.945000e+00	4.560979e-04
1.947500e+00	4.567372e-04
1.950000e+00	4.574426e-04
1.952500e+00	4.582166e-04
1.955000e+00	4.590617e-04
1.957500e+00	4.599808e-04
1.960000e+00	4.609767e-04
1.962500e+00	4.620527e-04
1.965000e+00	4.632120e-04
1.967500e+00	4.644583e-04
1.970000e+00	4.657955e-04
1.972500e+00	4.672278e-04
1.975000e+00	4.687596e-04
1.977500e+00	4.703957e-04
1.980000e+00	4.721415e-04
1.982500e+00	4.740024e-04
1.985000e+00	4.759846e-04
1.987500e+00	4.780947e-04
1.990000e+00	4.803397e-04
1.992500e+00	4.827275e-04
1.995000e+00	4.852664e-04
1.997500e+00	4.879657e-04
2.000000e+00	4.908353e-04
2.002500e+00	4.938863e-04
2.005000e+00	4.971308e-04
2.007500e+00	5.005818e-04
2.010000e+00	5.042541e-04
2.012500e+00	5.081637e-04
2.015000e+00	5.123284e-04
2.017500e+00	5.167680e-04
2.020000e+00	5.215046e-04
2.022500e+00	5.265627e-04
2.025000e+00	5.319700e-04
2.027500e+00	5.377573e-04
2.030000e+00	5.439597e-04
2.032500e+00	5.506168e-04
2.035000e+00	5.577737e-04
2.037500e+00	5.654818e-04
2.040000e+00	5.738002e-04
2.042500e+00	5.827973e-04
2.045000e+00	5.925520e-04
2.047500e+00	6.031569e-04
2.050000e+00	6.147203e-04
2.052500e+00	6.273706e-04
2.055000e+00	6.412607e-04
2.057500e+00	6.565741e-04
2.060000e+00	6.735333e-04
2.062500e+00	6.924101e-04
2.065000e+00	7.135408e-04
2.067500e+00	7.373453e-04
2.070000e+00	7.643547e-04
2.072500e+00	7.952497e-04
2.075000e+00	8.309149e-04
2.077500e+00	8.725167e-04
2.080000e+00	9.216171e-04
2.082500e+00	9.803370e-04
2.085000e+00	1.051591e-03
2.087500e+00	1.139403e-03
2.090000e+00	1.249270e-03
2.092500e+00	1.388363e-03
2.095000e+00	1.564817e-03
2.097500e+00	1.784195e-03
2.100000e+00	2.040422e-03
2.102500e+00	2.304989e-03
2.105000e+00	2.538943e-03
2.107500e+00	2.741065e-03
2.110000e+00	2.963957e-03
2.112500e+00	3.256118e-03
2.115000e+00	3.599924e-03
2.117500e+00	3.898305e-03
2.120000e+00	4.051434e-03
2.122500e+00	4.075935e-03
2.125000e+00	4.074841e-03
2.127500e+00	4.100144e-03
2.130000e+00	4.126072e-03
2.132500e+00	4.145471e-03
2.135000e+00	4.220746e-03
2.137500e+00	4.413590e-03
2.140000e+00	4.707895e-03
2.142500e+00	5.003324e-03
2.145000e+00	5.210208e-03
2.147500e+00	5.369401e-03
2.150000e+00	5.597645e-03
2.152500e+00	5.915823e-03
2.155000e+00	6.165396e-03
2.157500e+00	6.117194e-03
2.160000e+00	5.729879e-03
2.162500e+00	5.203128e-03
2.165000e+00	4.756004e-03
2.167500e+00	4.497833e-03
2.170000e+00	4.458410e-03
2.172500e+00	4.637516e-03
2.175000e+00	5.015901e-03
2.177500e+00	5.529916e-03
2.180000e+00	6.050468e-03
2.182500e+00	6.459173e-03
2.185000e+00	6.790335e-03
2.187500e+00	7.185555e-03
2.190000e+00	7.669130e-03
2.192500e+00	8.022182e-03
2.195000e+00	7.935657e-03
2.197500e+00	7.369539e-03
2.200000e+00	6.610119e-03
2.202500e+00	5.957502e-03
2.205000e+00	5.553908e-03
2.207500e+00	5.423538e-03
2.210000e+00	5.526553e-03
2.212500e+00	5.760575e-03
2.215000e+00	5.967863e-03
2.217500e+00	6.043921e-03
2.220000e+00	6.052690e-03
2.222500e+00	6.137997e-03
2.225000e+00	6.353848e-03
2.227500e+00	6.617219e-03
2.230000e+00	6.815133e-03
2.232500e+00	6.967568e-03
2.235000e+00	7.201164e-03
2.237500e+00	7.559370e-03
2.240000e+00	7.920001e-03
2.242500e+00	8.129605e-03
2.245000e+00	8.187319e-03
2.247500e+00	8.167284e-03
2.250000e+00	8.062531e-03
2.252500e+00	7.887970e-03
2.255000e+00	7.793744e-03
2.257500e+00	7.933590e-03
2.260000e+00	8.294347e-03
2.262500e+00	8.629553e-03
2.265000e+00	8.573998e-03
2.267500e+00	7.991747e-03
2.270000e+00	7.124920e-03
2.272500e+00	6.299375e-03
2.275000e+00	5.688777e-03
2.277500e+00	5.333002e-03
2.280000e+00	5.215191e-03
2.282500e+00	5.295126e-03
2.285000e+00	5.508678e-03
2.287500e+00	5.785384e-03
2.290000e+00	6.118093e-03
2.292500e+00	6.595937e-03
2.295000e+00	7.329988e-03
2.297500e+00	8.355315e-03
2.300000e+00	9.535650e-03
2.302500e+00	1.049194e-02
2.305000e+00	1.078718e-02
2.307500e+00	1.039154e-02
2.310000e+00	9.743722e-03
2.312500e+00	9.292001e-03
2.315000e+00	9.217448e-03
2.317500e+00	9.440144e-03
2.320000e+00	9.700909e-03
2.322500e+00	9.736406e-03
2.325000e+00	9.436011e-03
2.327500e+00	8.805145e-03
2.330000e+00	7.961662e-03
2.332500e+00	7.131648e-03
2.335000e+00	6.502494e-03
2.337500e+00	6.145419e-03
2.340000e+00	6.043178e-03
2.342500e+00	6.112923e-03
2.345000e+00	6.220729e-03
2.347500e+00	6.266824e-03
2.350000e+00	6.294167e-03
2.352500e+00	6.445041e-03
2.355000e+00	6.835532e-03
2.357500e+00	7.493993e-03
2.360000e+00	8.322265e-03
2.362500e+00	9.072180e-03
2.365000e+00	9.493358e-03
2.367500e+00	9.608258e-03
2.370000e+00	9.651846e-03
2.372500e+00	9.709656e-03
2.375000e+00	9.601802e-03
2.377500e+00	9.168305e-03
2.380000e+00	8.547956e-03
2.382500e+00	8.036171e-03
2.385000e+00	7.841724e-03
2.387500e+00	8.056978e-03
2.390000e+00	8.712748e-03
2.392500e+00	9.775381e-03
2.395000e+00	1.104748e-02
2.397500e+00	1.205242e-02
2.400000e+00	1.221679e-02
2.402500e+00	1.143522e-02
2.405000e+00	1.020175e-02
2.407500e+00	9.069822e-03
2.410000e+00	8.316780e-03
2.412500e+00	8.000612e-03
2.415000e+00	8.060154e-03
2.417500e+00	8.317081e-03
2.420000e+00	8.460317e-03
2.422500e+00	8.210196e-03
2.425000e+00	7.592621e-03
2.427500e+00	6.883422e-03
2.430000e+00	6.321390e-03
2.432500e+00	6.008783e-03
2.435000e+00	5.968357e-03
2.437500e+00	6.195940e-03
2.440000e+00	6.662197e-03
2.442500e+00	7.266263e-03
2.445000e+00	7.790105e-03
2.447500e+00	7.998912e-03
2.450000e+00	7.890566e-03
2.452500e+00	7.719066e-03
2.455000e+00	7.752487e-03
2.457500e+00	8.149134e-03
2.460000e+00	8.987856e-03
2.462500e+00	1.028619e-02
2.465000e+00	1.192188e-02
2.467500e+00	1.347986e-02
2.470000e+00	1.429173e-02
2.472500e+00	1.399277e-02
2.475000e+00	1.297212e-02
2.477500e+00	1.191054e-02
2.480000e+00	1.116725e-02
2.482500e+00	1.067325e-02
2.485000e+00	1.013813e-02
2.487500e+00	9.404065e-03
2.490000e+00	8.617710e-03
2.492500e+00	8.024133e-03
2.495000e+00	7.770409e-03
2.497500e+00	7.899762e-03
2.500000e+00	8.376565e-03
2.502500e+00	9.040208e-03
2.505000e+00	9.540814e-03
2.507500e+00	9.483850e-03
2.510000e+00	8.813960e-03
2.512500e+00	7.868744e-03
2.515000e+00	7.003781e-03
2.517500e+00	6.386991e-03
2.520000e+00	6.054202e-03
2.522500e+00	5.999816e-03
2.525000e+00	6.221831e-03
2.527500e+00	6.730974e-03
2.530000e+00	7.530678e-03
2.532500e+00	8.554696e-03
2.535000e+00	9.569221e-03
2.537500e+00	1.018467e-02
2.540000e+00	1.017812e-02
2.542500e+00	9.783764e-03
2.545000e+00	9.446848e-03
2.547500e+00	9.464500e-03
2.550000e+00	9.905665e-03
2.552500e+00	1.061317e-02
2.555000e+00	1.118372e-02
2.557500e+00	1.115870e-02
2.560000e+00	1.047337e-02
2.562500e+00	9.519744e-03
2.565000e+00	8.716122e-03
2.567500e+00	8.272531e-03
2.570000e+00	8.256400e-03
2.572500e+00	8.696849e-03
2.575000e+00	9.629130e-03
2.577500e+00	1.107429e-02
2.580000e+00	1.293268e-02
2.582500e+00	1.478432e-02
2.585000e+00	1.582393e-02
2.587500e+00	1.540441e-02
2.590000e+00	1.376968e-02
2.592500e+00	1.175341e-02
2.595000e+00	9.984778e-03
2.597500e+00	8.689627e-03
2.600000e+00	7.871419e-03
2.602500e+00	7.456049e-03
2.605000e+00	7.323561e-03
2.607500e+00	7.285168e-03
2.610000e+00	7.124936e-03
2.612500e+00	6.766352e-03
2.615000e+00	6.336361e-03
2.617500e+00	6.007944e-03
2.620000e+00	5.882019e-03
2.622500e+00	6.000176e-03
2.625000e+00	6.383610e-03
2.627500e+00	7.039522e-03
2.630000e+00	7.918899e-03
2.632500e+00	8.829247e-03
2.635000e+00	9.413325e-03
2.637500e+00	9.403528e-03
2.640000e+00	8.940318e-03
2.642500e+00	8.420753e-03
2.645000e+00	8.151984e-03
2.647500e+00	8.275777e-03
2.650000e+00	8.848499e-03
2.652500e+00	9.883891e-03
2.655000e+00	1.130050e-02
2.657500e+00	1.278138e-02
2.660000e+00	1.372844e-02
2.662500e+00	1.367111e-02
2.665000e+00	1.281585e-02
2.667500e+00	1.181944e-02
2.670000e+00	1.118729e-02
2.672500e+00	1.109621e-02
2.675000e+00	1.145655e-02
2.677500e+00	1.192127e-02
2.680000e+00	1.197845e-02
2.682500e+00	1.136143e-02
2.685000e+00	1.033157e-02
2.687500e+00	9.347638e-03
2.690000e+00	8.697692e-03
2.692500e+00	8.485764e-03
2.695000e+00	8.740059e-03
2.697500e+00	9.464877e-03
2.700000e+00	1.060334e-02
2.702500e+00	1.190715e-02
2.705000e+00	1.282152e-02
2.707500e+00	1.274057e-02
2.710000e+00	1.162325e-02
2.712500e+00	1.003102e-02
2.715000e+00	8.516692e-03
2.717500e+00	7.321743e-03
2.720000e+00	6.475212e-03
2.722500e+00	5.934530e-03
2.725000e+00	5.654145e-03
2.727500e+00	5.607224e-03
2.730000e+00	5.789141e-03
2.732500e+00	6.212847e-03
2.735000e+00	6.891322e-03
2.737500e+00	7.789097e-03
2.740000e+00	8.732496e-03
2.742500e+00	9.369744e-03
2.745000e+00	9.398935e-03
2.747500e+00	8.916519e-03
2.750000e+00	8.316454e-03
2.752500e+00	7.925167e-03
2.755000e+00	7.893889e-03
2.757500e+00	8.276853e-03
2.760000e+00	9.088432e-03
2.762500e+00	1.027493e-02
2.765000e+00	1.159955e-02
2.767500e+00	1.256230e-02
2.770000e+00	1.267788e-02
2.772500e+00	1.200762e-02
2.775000e+00	1.110450e-02
2.777500e+00	1.047407e-02
2.780000e+00	1.036274e-02
2.782500e+00	1.085246e-02
2.785000e+00	1.193492e-02
2.787500e+00	1.344644e-02
2.790000e+00	1.489743e-02
2.792500e+00	1.549735e-02
2.795000e+00	1.476786e-02
2.797500e+00	1.309079e-02
2.800000e+00	1.123670e-02
2.802500e+00	9.703172e-03
2.805000e+00	8.644795e-03
2.807500e+00	8.058280e-03
2.810000e+00	7.909936e-03
2.812500e+00	8.176639e-03
2.815000e+00	8.826681e-03
2.817500e+00	9.739246e-03
2.820000e+00	1.058485e-02
2.822500e+00	1.086213e-02
2.825000e+00	1.030863e-02
2.827500e+00	9.204228e-03
2.830000e+00	8.031508e-03
2.832500e+00	7.083225e-03
2.835000e+00	6.443797e-03
2.837500e+00	6.107429e-03
2.840000e+00	6.054427e-03
2.842500e+00	6.276703e-03
2.845000e+00	6.771014e-03
2.847500e+00	7.497867e-03
2.850000e+00	8.299543e-03
2.852500e+00	8.852769e-03
2.855000e+00	8.857865e-03
2.857500e+00	8.369655e-03
2.860000e+00	7.738191e-03
2.862500e+00	7.268178e-03
2.865000e+00	7.100463e-03
2.867500e+00	7.283403e-03
2.870000e+00	7.842349e-03
2.872500e+00	8.791584e-03
2.875000e+00	1.007845e-02
2.877500e+00	1.145525e-02
2.880000e+00	1.240492e-02
2.882500e+00	1.244759e-02
2.885000e+00	1.167492e-02
2.887500e+00	1.065377e-02
2.890000e+00	9.876648e-03
2.892500e+00	9.570324e-03
2.895000e+00	9.808564e-03
2.897500e+00	1.061597e-02
2.900000e+00	1.196660e-02
2.902500e+00	1.366235e-02
2.905000e+00	1.515131e-02
2.907500e+00	1.563632e-02
2.910000e+00	1.477414e-02
2.912500e+00	1.308574e-02
2.915000e+00	1.134743e-02
2.917500e+00	1.000734e-02
2.920000e+00	9.195630e-03
2.922500e+00	8.912772e-03
2.925000e+00	9.134082e-03
2.927500e+00	9.813419e-03
2.930000e+00	1.079739e-02
2.932500e+00	1.169140e-02
2.935000e+00	1.191512e-02
2.937500e+00	1.118334e-02
2.940000e+00	9.829702e-03
2.942500e+00	8.397404e-03
2.945000e+00	7.202774e-03
2.947500e+00	6.325048e-03
2.950000e+00	5.740585e-03
2.952500e+00	5.407364e-03
2.955000e+00	5.296056e-03
2.957500e+00	5.397069e-03
2.960000e+00	5.717560e-03
2.962500e+00	6.266737e-03
2.965000e+00	7.014694e-03
2.967500e+00	7.814063e-03
2.970000e+00	8.357388e-03
2.972500e+00	8.363165e-03
2.975000e+00	7.890974e-03
2.977500e+00	7.277321e-03
2.980000e+00	6.810121e-03
2.982500e+00	6.619631e-03
2.985000e+00	6.748486e-03
2.987500e+00	7.220281e-03
2.990000e+00	8.058889e-03
2.992500e+00	9.253637e-03
2.995000e+00	1.065377e-02
2.997500e+00	1.183873e-02
3.000000e+00	1.223862e-02
3.002500e+00	1.167075e-02
3.005000e+00	1.057144e-02
3.007500e+00	9.508536e-03
3.010000e+00	8.796659e-03
3.012500e+00	8.534931e-03
3.015000e+00	8.746236e-03
3.017500e+00	9.451165e-03
3.020000e+00	1.067013e-02
3.022500e+00	1.234799e-02
3.025000e+00	1.418364e-02
3.027500e+00	1.550129e-02
3.030000e+00	1.560095e-02
3.032500e+00	1.450896e-02
3.035000e+00	1.296336e-02
3.037500e+00	1.166226e-02
3.040000e+00	1.092869e-02
3.042500e+00	1.082659e-02
3.045000e+00	1.127000e-02
3.047500e+00	1.197957e-02
3.050000e+00	1.241558e-02
3.052500e+00	1.203449e-02
3.055000e+00	1.082047e-02
3.057500e+00	9.263849e-03
3.060000e+00	7.820403e-03
3.062500e+00	6.675651e-03
3.065000e+00	5.840310e-03
3.067500e+00	5.268847e-03
3.070000e+00	4.914914e-03
3.072500e+00	4.748023e-03
3.075000e+00	4.755816e-03
3.077500e+00	4.941114e-03
3.080000e+00	5.312132e-03
3.082500e+00	5.854868e-03
3.085000e+00	6.474730e-03
3.087500e+00	6.943934e-03
3.090000e+00	7.002914e-03
3.092500e+00	6.626853e-03
3.095000e+00	6.059048e-03
3.097500e+00	5.551208e-03
3.100000e+00	5.224804e-03
3.102500e+00	5.111554e-03
3.105000e+00	5.216604e-03
3.107500e+00	5.549350e-03
3.110000e+00	6.127076e-03
3.112500e+00	6.951436e-03
3.115000e+00	7.942711e-03
3.117500e+00	8.848409e-03
3.120000e+00	9.287879e-03
3.122500e+00	9.089617e-03
3.125000e+00	8.509693e-03
3.127500e+00	7.946291e-03
3.130000e+00	7.646068e-03
3.132500e+00	7.704714e-03
3.135000e+00	8.164314e-03
3.137500e+00	9.074714e-03
3.140000e+00	1.051016e-02
3.142500e+00	1.253944e-02
3.145000e+00	1.511082e-02
3.147500e+00	1.781385e-02
3.150000e+00	1.971684e-02
3.152500e+00	1.988816e-02
3.155000e+00	1.842294e-02
3.157500e+00	1.635160e-02
3.160000e+00	1.456893e-02
3.162500e+00	1.334310e-02
3.165000e+00	1.243407e-02
3.167500e+00	1.140355e-02
3.170000e+00	1.004890e-02
3.172500e+00	8.555437e-03
3.175000e+00	7.192757e-03
3.177500e+00	6.084795e-03
3.180000e+00	5.231731e-03
3.182500e+00	4.588306e-03
3.185000e+00	4.105925e-03
3.187500e+00	3.745481e-03
3.190000e+00	3.478482e-03
3.192500e+00	3.285106e-03
3.195000e+00	3.152079e-03
3.197500e+00	3.071076e-03
3.200000e+00	3.037723e-03
3.202500e+00	3.051115e-03
3.205000e+00	3.113787e-03
3.207500e+00	3.232113e-03
3.210000e+00	3.417024e-03
3.212500e+00	3.684684e-03
3.215000e+00	4.055661e-03
3.217500e+00	4.548308e-03
3.220000e+00	5.157158e-03
3.222500e+00	5.810366e-03
3.225000e+00	6.347790e-03
3.227500e+00	6.627951e-03
3.230000e+00	6.705865e-03
3.232500e+00	6.797497e-03
3.235000e+00	7.100611e-03
3.237500e+00	7.737253e-03
3.240000e+00	8.790354e-03
3.242500e+00	1.031975e-02
3.245000e+00	1.229973e-02
3.247500e+00	1.444948e-02
3.250000e+00	1.608259e-02
3.252500e+00	1.643338e-02
3.255000e+00	1.546509e-02
3.257500e+00	1.394194e-02
3.260000e+00	1.263887e-02
3.262500e+00	1.193941e-02
3.265000e+00	1.195824e-02
3.267500e+00	1.270129e-02
3.270000e+00	1.407158e-02
3.272500e+00	1.571494e-02
3.275000e+00	1.687282e-02
3.277500e+00	1.672941e-02
3.280000e+00	1.523415e-02
3.282500e+00	1.314247e-02
3.285000e+00	1.119727e-02
3.287500e+00	9.730067e-03
3.290000e+00	8.795114e-03
3.292500e+00	8.352987e-03
3.295000e+00	8.344265e-03
3.297500e+00	8.668987e-03
3.300000e+00	9.103558e-03
3.302500e+00	9.268747e-03
3.305000e+00	8.859873e-03
3.307500e+00	7.962987e-03
3.310000e+00	6.925360e-03
3.312500e+00	6.008990e-03
3.315000e+00	5.301764e-03
3.317500e+00	4.796684e-03
3.320000e+00	4.460773e-03
3.322500e+00	4.263803e-03
3.325000e+00	4.186060e-03
3.327500e+00	4.219248e-03
3.330000e+00	4.366253e-03
3.332500e+00	4.641375e-03
3.335000e+00	5.070759e-03
3.337500e+00	5.690254e-03
3.340000e+00	6.532288e-03
3.342500e+00	7.583061e-03
3.345000e+00	8.694397e-03
3.347500e+00	9.523661e-03
3.350000e+00	9.728025e-03
3.352500e+00	9.348125e-03
3.355000e+00	8.779395e-03
3.357500e+00	8.386998e-03
3.360000e+00	8.351602e-03
3.362500e+00	8.746170e-03
3.365000e+00	9.620995e-03
3.367500e+00	1.102661e-02
3.370000e+00	1.295987e-02
3.372500e+00	1.520216e-02
3.375000e+00	1.711264e-02
3.377500e+00	1.779439e-02
3.380000e+00	1.692627e-02
3.382500e+00	1.516885e-02
3.385000e+00	1.342067e-02
3.387500e+00	1.218874e-02
3.390000e+00	1.163082e-02
3.392500e+00	1.177144e-02
3.395000e+00	1.261056e-02
3.397500e+00	1.410271e-02
3.400000e+00	1.600365e-02
3.402500e+00	1.765353e-02
3.405000e+00	1.810918e-02
3.407500e+00	1.696976e-02
3.410000e+00	1.484812e-02
3.412500e+00	1.264617e-02
3.415000e+00	1.087357e-02
3.417500e+00	9.662930e-03
3.420000e+00	8.990064e-03
3.422500e+00	8.797469e-03
3.425000e+00	9.009438e-03
3.427500e+00	9.467968e-03
3.430000e+00	9.847761e-03
3.432500e+00	9.746660e-03
3.435000e+00	9.042261e-03
3.437500e+00	8.015837e-03
3.440000e+00	7.015645e-03
3.442500e+00	6.215582e-03
3.445000e+00	5.646227e-03
3.447500e+00	5.283721e-03
3.450000e+00	5.098286e-03
3.452500e+00	5.070837e-03
3.455000e+00	5.197081e-03
3.457500e+00	5.488558e-03
3.460000e+00	5.973326e-03
3.462500e+00	6.694686e-03
3.465000e+00	7.699941e-03
3.467500e+00	8.998572e-03
3.470000e+00	1.046089e-02
3.472500e+00	1.169746e-02
3.475000e+00	1.217944e-02
3.477500e+00	1.174918e-02
3.480000e+00	1.083131e-02
3.482500e+00	9.968280e-03
3.485000e+00	9.463096e-03
3.487500e+00	9.419452e-03
3.490000e+00	9.875050e-03
3.492500e+00	1.087393e-02
3.495000e+00	1.247297e-02
3.497500e+00	1.467351e-02
3.500000e+00	1.723519e-02
3.502500e+00	1.943234e-02
3.505000e+00	2.022089e-02
3.507500e+00	1.918704e-02
3.510000e+00	1.706074e-02
3.512500e+00	1.488015e-02
3.515000e+00	1.323524e-02
3.517500e+00	1.229872e-02
3.520000e+00	1.208072e-02
3.522500e+00	1.257560e-02
3.525000e+00	1.379084e-02
3.527500e+00	1.567282e-02
3.530000e+00	1.790321e-02
3.532500e+00	1.966627e-02
3.535000e+00	1.990813e-02
3.537500e+00	1.833157e-02
3.540000e+00	1.574308e-02
3.542500e+00	1.312379e-02
3.545000e+00	1.096455e-02
3.547500e+00	9.353520e-03
3.550000e+00	8.222640e-03
3.552500e+00	7.481483e-03
3.555000e+00	7.061870e-03
3.557500e+00	6.926206e-03
3.560000e+00	7.063807e-03
3.562500e+00	7.478162e-03
3.565000e+00	8.152635e-03
3.567500e+00	8.974849e-03
3.570000e+00	9.651797e-03
3.572500e+00	9.803440e-03
3.575000e+00	9.324540e-03
3.577500e+00	8.513299e-03
3.580000e+00	7.735147e-03
3.582500e+00	7.180921e-03
3.585000e+00	6.899659e-03
3.587500e+00	6.890427e-03
3.590000e+00	7.154023e-03
3.592500e+00	7.712356e-03
3.595000e+00	8.612188e-03
3.597500e+00	9.913171e-03
3.600000e+00	1.163803e-02
3.602500e+00	1.364459e-02
3.605000e+00	1.544778e-02
3.607500e+00	1.630641e-02
3.610000e+00	1.588423e-02
3.612500e+00	1.468270e-02
3.615000e+00	1.348420e-02
3.617500e+00	1.277352e-02
3.620000e+00	1.273456e-02
3.622500e+00	1.343102e-02
3.625000e+00	1.489491e-02
3.627500e+00	1.707542e-02
3.630000e+00	1.963117e-02
3.632500e+00	2.169205e-02
3.635000e+00	2.215836e-02
3.637500e+00	2.076414e-02
3.640000e+00	1.840763e-02
3.642500e+00	1.615347e-02
3.645000e+00	1.455501e-02
3.647500e+00	1.376337e-02
3.650000e+00	1.378609e-02
3.652500e+00	1.460428e-02
3.655000e+00	1.613777e-02
3.657500e+00	1.806230e-02
3.660000e+00	1.959009e-02
3.662500e+00	1.971247e-02
3.665000e+00	1.813801e-02
3.667500e+00	1.562105e-02
3.670000e+00	1.308355e-02
3.672500e+00	1.098500e-02
3.675000e+00	9.403928e-03
3.677500e+00	8.270111e-03
3.680000e+00	7.490387e-03
3.682500e+00	6.989944e-03
3.685000e+00	6.719685e-03
3.687500e+00	6.654453e-03
3.690000e+00	6.790692e-03
3.692500e+00	7.145697e-03
3.695000e+00	7.757669e-03
3.697500e+00	8.682125e-03
3.700000e+00	9.971077e-03
3.702500e+00	1.160422e-02
3.705000e+00	1.334226e-02
3.707500e+00	1.460989e-02
3.710000e+00	1.478704e-02
3.712500e+00	1.386957e-02
3.715000e+00	1.248546e-02
3.717500e+00	1.123900e-02
3.720000e+00	1.040442e-02
3.722500e+00	1.004026e-02
3.725000e+00	1.014242e-02
3.727500e+00	1.072051e-02
3.730000e+00	1.182406e-02
3.732500e+00	1.354191e-02
3.735000e+00	1.596369e-02
3.737500e+00	1.905046e-02
3.740000e+00	2.235694e-02
3.742500e+00	2.479874e-02
3.745000e+00	2.518088e-02
3.747500e+00	2.346219e-02
3.750000e+00	2.083544e-02
3.752500e+00	1.848319e-02
3.755000e+00	1.696644e-02
3.757500e+00	1.643050e-02
3.760000e+00	1.688315e-02
3.762500e+00	1.828249e-02
3.765000e+00	2.042623e-02
3.767500e+00	2.267932e-02
3.770000e+00	2.388139e-02
3.772500e+00	2.310455e-02
3.775000e+00	2.067498e-02
3.777500e+00	1.774757e-02
3.780000e+00	1.519408e-02
3.782500e+00	1.332700e-02
3.785000e+00	1.215939e-02
3.787500e+00	1.162614e-02
3.790000e+00	1.166448e-02
3.792500e+00	1.219547e-02
3.795000e+00	1.302386e-02
3.797500e+00	1.371740e-02
3.800000e+00	1.372866e-02
3.802500e+00	1.289004e-02
3.805000e+00	1.159554e-02
3.807500e+00	1.033772e-02
3.810000e+00	9.368212e-03
3.812500e+00	8.738905e-03
3.815000e+00	8.426628e-03
3.817500e+00	8.402433e-03
3.820000e+00	8.656600e-03
3.822500e+00	9.206630e-03
3.825000e+00	1.010151e-02
3.827500e+00	1.142533e-02
3.830000e+00	1.329488e-02
3.832500e+00	1.582948e-02
3.835000e+00	1.903925e-02
3.837500e+00	2.256132e-02
3.840000e+00	2.537004e-02
3.842500e+00	2.614419e-02
3.845000e+00	2.456771e-02
3.847500e+00	2.173736e-02
3.850000e+00	1.894530e-02
3.852500e+00	1.684867e-02
3.855000e+00	1.560212e-02
3.857500e+00	1.518104e-02
3.860000e+00	1.555839e-02
3.862500e+00	1.676622e-02
3.865000e+00	1.889846e-02
3.867500e+00	2.205118e-02
3.870000e+00	2.612834e-02
3.872500e+00	3.044104e-02
3.875000e+00	3.341180e-02
3.877500e+00	3.340378e-02
3.880000e+00	3.046950e-02
3.882500e+00	2.629602e-02
3.885000e+00	2.244791e-02
3.887500e+00	1.960282e-02
3.890000e+00	1.786402e-02
3.892500e+00	1.713059e-02
3.895000e+00	1.721406e-02
3.897500e+00	1.775302e-02
3.900000e+00	1.810540e-02
3.902500e+00	1.760987e-02
3.905000e+00	1.620072e-02
3.907500e+00	1.442600e-02
3.910000e+00	1.282501e-02
3.912500e+00	1.162938e-02
3.915000e+00	1.086504e-02
3.917500e+00	1.049333e-02
3.920000e+00	1.048003e-02
3.922500e+00	1.081878e-02
3.925000e+00	1.153823e-02
3.927500e+00	1.270464e-02
3.930000e+00	1.441710e-02
3.932500e+00	1.677472e-02
3.935000e+00	1.976433e-02
3.937500e+00	2.300993e-02
3.940000e+00	2.553852e-02
3.942500e+00	2.621301e-02
3.945000e+00	2.491392e-02
3.947500e+00	2.272212e-02
3.950000e+00	2.077772e-02
3.952500e+00	1.964892e-02
3.955000e+00	1.950605e-02
3.957500e+00	2.040742e-02
3.960000e+00	2.244494e-02
3.962500e+00	2.577251e-02
3.965000e+00	3.051550e-02
3.967500e+00	3.646168e-02
3.970000e+00	4.246591e-02
3.972500e+00	4.615714e-02
3.975000e+00	4.541340e-02
3.977500e+00	4.071954e-02
3.980000e+00	3.456355e-02
3.982500e+00	2.896152e-02
3.985000e+00	2.467434e-02
3.987500e+00	2.173799e-02
3.990000e+00	1.997924e-02
3.992500e+00	1.924186e-02
3.995000e+00	1.944949e-02
3.997500e+00	2.059760e-02
