#omega	spectral weight
-3.000000e+00	1.689478e-02
-2.997500e+00	1.729866e-02
-2.995000e+00	1.602711e-02
-2.992500e+00	1.378584e-02
-2.990000e+00	1.147740e-02
-2.987500e+00	9.569826e-03
-2.985000e+00	8.157903e-03
-2.982500e+00	7.188176e-03
-2.980000e+00	6.584760e-03
-2.977500e+00	6.291789e-03
-2.975000e+00	6.279621e-03
-2.972500e+00	6.533624e-03
-2.970000e+00	7.020908e-03
-2.967500e+00	7.623905e-03
-2.965000e+00	8.085329e-03
-2.962500e+00	8.127738e-03
-2.960000e+00	7.740946e-03
-2.957500e+00	7.199426e-03
-2.955000e+00	6.779143e-03
-2.952500e+00	6.619667e-03
-2.950000e+00	6.772853e-03
-2.947500e+00	7.268088e-03
-2.945000e+00	8.132630e-03
-2.942500e+00	9.357432e-03
-2.940000e+00	1.079329e-02
-2.937500e+00	1.203112e-02
-2.935000e+00	1.254214e-02
-2.932500e+00	1.220581e-02
-2.930000e+00	1.149499e-02
-2.927500e+00	1.098506e-02
-2.925000e+00	1.098848e-02
-2.922500e+00	1.154535e-02
-2.920000e+00	1.242644e-02
-2.917500e+00	1.308069e-02
-2.915000e+00	1.286942e-02
-2.912500e+00	1.167239e-02
-2.910000e+00	9.994539e-03
-2.907500e+00	8.381670e-03
-2.905000e+00	7.082690e-03
-2.902500e+00	6.128376e-03
-2.900000e+00	5.471842e-03
-2.897500e+00	5.059700e-03
-2.895000e+00	4.854796e-03
-2.892500e+00	4.840333e-03
-2.890000e+00	5.018313e-03
-2.887500e+00	5.403534e-03
-2.885000e+00	6.004854e-03
-2.882500e+00	6.775886e-03
-2.880000e+00	7.533121e-03
-2.877500e+00	7.947957e-03
-2.875000e+00	7.793941e-03
-2.872500e+00	7.216816e-03
-2.870000e+00	6.566850e-03
-2.867500e+00	6.091926e-03
-2.865000e+00	5.879253e-03
-2.862500e+00	5.916274e-03
-2.860000e+00	6.113737e-03
-2.857500e+00	6.303264e-03
-2.855000e+00	6.323028e-03
-2.852500e+00	6.180965e-03
-2.850000e+00	6.046631e-03
-2.847500e+00	6.087283e-03
-2.845000e+00	6.393933e-03
-2.842500e+00	6.991289e-03
-2.840000e+00	7.817751e-03
-2.837500e+00	8.648776e-03
-2.835000e+00	9.096029e-03
-2.832500e+00	8.895838e-03
-2.830000e+00	8.213507e-03
-2.827500e+00	7.443314e-03
-2.825000e+00	6.860585e-03
-2.822500e+00	6.566548e-03
-2.820000e+00	6.581345e-03
-2.817500e+00	6.914847e-03
-2.815000e+00	7.594423e-03
-2.812500e+00	8.662804e-03
-2.810000e+00	1.013795e-02
-2.807500e+00	1.190239e-02
-2.805000e+00	1.353643e-02
-2.802500e+00	1.435708e-02
-2.800000e+00	1.398919e-02
-2.797500e+00	1.282999e-02
-2.795000e+00	1.159747e-02
-2.792500e+00	1.075805e-02
-2.790000e+00	1.048585e-02
-2.787500e+00	1.082859e-02
-2.785000e+00	1.180183e-02
-2.782500e+00	1.336484e-02
-2.780000e+00	1.526907e-02
-2.777500e+00	1.686125e-02
-2.775000e+00	1.725938e-02
-2.772500e+00	1.616172e-02
-2.770000e+00	1.420422e-02
-2.767500e+00	1.222325e-02
-2.765000e+00	1.066384e-02
-2.762500e+00	9.629664e-03
-2.760000e+00	9.091230e-03
-2.757500e+00	9.002946e-03
-2.755000e+00	9.337905e-03
-2.752500e+00	1.007573e-02
-2.750000e+00	1.115521e-02
-2.747500e+00	1.243056e-02
-2.745000e+00	1.376019e-02
-2.742500e+00	1.523462e-02
-2.740000e+00	1.717311e-02
-2.737500e+00	1.976920e-02
-2.735000e+00	2.267983e-02
-2.732500e+00	2.479149e-02
-2.730000e+00	2.477023e-02
-2.727500e+00	2.243377e-02
-2.725000e+00	1.895767e-02
-2.722500e+00	1.556840e-02
-2.720000e+00	1.281918e-02
-2.717500e+00	1.077831e-02
-2.715000e+00	9.340701e-03
-2.712500e+00	8.383255e-03
-2.710000e+00	7.813409e-03
-2.707500e+00	7.577150e-03
-2.705000e+00	7.656627e-03
-2.702500e+00	8.065971e-03
-2.700000e+00	8.842627e-03
-2.697500e+00	1.001908e-02
-2.695000e+00	1.154286e-02
-2.692500e+00	1.312832e-02
-2.690000e+00	1.419612e-02
-2.687500e+00	1.426159e-02
-2.685000e+00	1.350911e-02
-2.682500e+00	1.260981e-02
-2.680000e+00	1.211261e-02
-2.677500e+00	1.225277e-02
-2.675000e+00	1.302287e-02
-2.672500e+00	1.414946e-02
-2.670000e+00	1.499770e-02
-2.667500e+00	1.481863e-02
-2.665000e+00	1.345579e-02
-2.662500e+00	1.149619e-02
-2.660000e+00	9.590934e-03
-2.657500e+00	8.043394e-03
-2.655000e+00	6.895373e-03
-2.652500e+00	6.093699e-03
-2.650000e+00	5.575470e-03
-2.647500e+00	5.293766e-03
-2.645000e+00	5.216450e-03
-2.642500e+00	5.307845e-03
-2.640000e+00	5.492516e-03
-2.637500e+00	5.627864e-03
-2.635000e+00	5.570213e-03
-2.632500e+00	5.319384e-03
-2.630000e+00	5.015899e-03
-2.627500e+00	4.795437e-03
-2.625000e+00	4.725084e-03
-2.622500e+00	4.830850e-03
-2.620000e+00	5.132169e-03
-2.617500e+00	5.657524e-03
-2.615000e+00	6.441484e-03
-2.612500e+00	7.493588e-03
-2.610000e+00	8.716900e-03
-2.607500e+00	9.800654e-03
-2.605000e+00	1.029212e-02
-2.602500e+00	1.001619e-02
-2.600000e+00	9.310043e-03
-2.597500e+00	8.658105e-03
-2.595000e+00	8.352992e-03
-2.592500e+00	8.497577e-03
-2.590000e+00	9.083710e-03
-2.587500e+00	9.973470e-03
-2.585000e+00	1.080415e-02
-2.582500e+00	1.105123e-02
-2.580000e+00	1.046608e-02
-2.577500e+00	9.357673e-03
-2.575000e+00	8.218215e-03
-2.572500e+00	7.337606e-03
-2.570000e+00	6.799996e-03
-2.567500e+00	6.605587e-03
-2.565000e+00	6.745738e-03
-2.562500e+00	7.224728e-03
-2.560000e+00	8.041729e-03
-2.557500e+00	9.122021e-03
-2.555000e+00	1.019933e-02
-2.552500e+00	1.080075e-02
-2.550000e+00	1.059568e-02
-2.547500e+00	9.785672e-03
-2.545000e+00	8.871586e-03
-2.542500e+00	8.214213e-03
-2.540000e+00	7.952233e-03
-2.537500e+00	8.099448e-03
-2.535000e+00	8.585857e-03
-2.532500e+00	9.206021e-03
-2.530000e+00	9.588539e-03
-2.527500e+00	9.414936e-03
-2.525000e+00	8.754896e-03
-2.522500e+00	7.968092e-03
-2.520000e+00	7.348296e-03
-2.517500e+00	7.016764e-03
-2.515000e+00	7.001070e-03
-2.512500e+00	7.308770e-03
-2.510000e+00	7.953685e-03
-2.507500e+00	8.940649e-03
-2.505000e+00	1.020146e-02
-2.502500e+00	1.149848e-02
-2.500000e+00	1.245809e-02
-2.497500e+00	1.291912e-02
-2.495000e+00	1.319842e-02
-2.492500e+00	1.381491e-02
-2.490000e+00	1.515086e-02
-2.487500e+00	1.738133e-02
-2.485000e+00	2.040346e-02
-2.482500e+00	2.356552e-02
-2.480000e+00	2.550150e-02
-2.477500e+00	2.493470e-02
-2.475000e+00	2.205566e-02
-2.472500e+00	1.825865e-02
-2.470000e+00	1.471135e-02
-2.467500e+00	1.185447e-02
-2.465000e+00	9.691662e-03
-2.462500e+00	8.088750e-03
-2.460000e+00	6.905230e-03
-2.457500e+00	6.029988e-03
-2.455000e+00	5.383026e-03
-2.452500e+00	4.908940e-03
-2.450000e+00	4.570016e-03
-2.447500e+00	4.340309e-03
-2.445000e+00	4.199873e-03
-2.442500e+00	4.128741e-03
-2.440000e+00	4.105311e-03
-2.437500e+00	4.117033e-03
-2.435000e+00	4.172135e-03
-2.432500e+00	4.291817e-03
-2.430000e+00	4.497248e-03
-2.427500e+00	4.808789e-03
-2.425000e+00	5.251856e-03
-2.422500e+00	5.862953e-03
-2.420000e+00	6.695124e-03
-2.417500e+00	7.822478e-03
-2.415000e+00	9.338928e-03
-2.412500e+00	1.133436e-02
-2.410000e+00	1.380833e-02
-2.407500e+00	1.647909e-02
-2.405000e+00	1.861725e-02
-2.402500e+00	1.940574e-02
-2.400000e+00	1.883720e-02
-2.397500e+00	1.780191e-02
-2.395000e+00	1.720593e-02
-2.392500e+00	1.748247e-02
-2.390000e+00	1.861357e-02
-2.387500e+00	2.011487e-02
-2.385000e+00	2.103758e-02
-2.382500e+00	2.056625e-02
-2.380000e+00	1.889195e-02
-2.377500e+00	1.695804e-02
-2.375000e+00	1.553617e-02
-2.372500e+00	1.492164e-02
-2.370000e+00	1.504916e-02
-2.367500e+00	1.552457e-02
-2.365000e+00	1.563751e-02
-2.362500e+00	1.478165e-02
-2.360000e+00	1.305475e-02
-2.357500e+00	1.106799e-02
-2.355000e+00	9.305260e-03
-2.352500e+00	7.934224e-03
-2.350000e+00	6.944659e-03
-2.347500e+00	6.277504e-03
-2.345000e+00	5.880194e-03
-2.342500e+00	5.722202e-03
-2.340000e+00	5.796527e-03
-2.337500e+00	6.115116e-03
-2.335000e+00	6.693105e-03
-2.332500e+00	7.503552e-03
-2.330000e+00	8.385304e-03
-2.327500e+00	8.974185e-03
-2.325000e+00	8.890606e-03
-2.322500e+00	8.139918e-03
-2.320000e+00	7.102724e-03
-2.317500e+00	6.132350e-03
-2.315000e+00	5.377661e-03
-2.312500e+00	4.854912e-03
-2.310000e+00	4.537688e-03
-2.307500e+00	4.399367e-03
-2.305000e+00	4.425793e-03
-2.302500e+00	4.615120e-03
-2.300000e+00	4.968128e-03
-2.297500e+00	5.462469e-03
-2.295000e+00	6.010811e-03
-2.292500e+00	6.458345e-03
-2.290000e+00	6.712390e-03
-2.287500e+00	6.882286e-03
-2.285000e+00	7.192733e-03
-2.282500e+00	7.820318e-03
-2.280000e+00	8.834129e-03
-2.277500e+00	1.014369e-02
-2.275000e+00	1.138178e-02
-2.272500e+00	1.192827e-02
-2.270000e+00	1.139507e-02
-2.267500e+00	1.007534e-02
-2.265000e+00	8.581940e-03
-2.262500e+00	7.313915e-03
-2.260000e+00	6.392400e-03
-2.257500e+00	5.806986e-03
-2.255000e+00	5.518874e-03
-2.252500e+00	5.497773e-03
-2.250000e+00	5.719592e-03
-2.247500e+00	6.132363e-03
-2.245000e+00	6.593400e-03
-2.242500e+00	6.849285e-03
-2.240000e+00	6.701671e-03
-2.237500e+00	6.226244e-03
-2.235000e+00	5.676959e-03
-2.232500e+00	5.247079e-03
-2.230000e+00	5.012546e-03
-2.227500e+00	4.989492e-03
-2.225000e+00	5.182031e-03
-2.222500e+00	5.596711e-03
-2.220000e+00	6.226225e-03
-2.217500e+00	6.995562e-03
-2.215000e+00	7.690925e-03
-2.212500e+00	8.009169e-03
-2.210000e+00	7.834625e-03
-2.207500e+00	7.386907e-03
-2.205000e+00	6.977001e-03
-2.202500e+00	6.789275e-03
-2.200000e+00	6.893115e-03
-2.197500e+00	7.320137e-03
-2.195000e+00	8.112199e-03
-2.192500e+00	9.339683e-03
-2.190000e+00	1.109599e-02
-2.187500e+00	1.344737e-02
-2.185000e+00	1.628293e-02
-2.182500e+00	1.904846e-02
-2.180000e+00	2.068182e-02
-2.177500e+00	2.037334e-02
-2.175000e+00	1.851920e-02
-2.172500e+00	1.626689e-02
-2.170000e+00	1.446917e-02
-2.167500e+00	1.344156e-02
-2.165000e+00	1.317714e-02
-2.162500e+00	1.346075e-02
-2.160000e+00	1.383564e-02
-2.157500e+00	1.371859e-02
-2.155000e+00	1.287427e-02
-2.152500e+00	1.164520e-02
-2.150000e+00	1.052499e-02
-2.147500e+00	9.795196e-03
-2.145000e+00	9.548089e-03
-2.142500e+00	9.812910e-03
-2.140000e+00	1.062775e-02
-2.137500e+00	1.205005e-02
-2.135000e+00	1.409891e-02
-2.132500e+00	1.658366e-02
-2.130000e+00	1.883899e-02
-2.127500e+00	1.976983e-02
-2.125000e+00	1.873603e-02
-2.122500e+00	1.630777e-02
-2.120000e+00	1.357397e-02
-2.117500e+00	1.121812e-02
-2.115000e+00	9.432826e-03
-2.112500e+00	8.181507e-03
-2.110000e+00	7.376852e-03
-2.107500e+00	6.947580e-03
-2.105000e+00	6.850514e-03
-2.102500e+00	7.055356e-03
-2.100000e+00	7.499077e-03
-2.097500e+00	8.006921e-03
-2.095000e+00	8.263849e-03
-2.092500e+00	8.015232e-03
-2.090000e+00	7.344215e-03
-2.087500e+00	6.562055e-03
-2.085000e+00	5.907558e-03
-2.082500e+00	5.470190e-03
-2.080000e+00	5.260355e-03
-2.077500e+00	5.270982e-03
-2.075000e+00	5.502844e-03
-2.072500e+00	5.966200e-03
-2.070000e+00	6.661147e-03
-2.067500e+00	7.529631e-03
-2.065000e+00	8.407941e-03
-2.062500e+00	9.106194e-03
-2.060000e+00	9.640943e-03
-2.057500e+00	1.026688e-02
-2.055000e+00	1.118638e-02
-2.052500e+00	1.227378e-02
-2.050000e+00	1.299339e-02
-2.047500e+00	1.273281e-02
-2.045000e+00	1.145868e-02
-2.042500e+00	9.738238e-03
-2.040000e+00	8.115499e-03
-2.037500e+00	6.818145e-03
-2.035000e+00	5.862559e-03
-2.032500e+00	5.194124e-03
-2.030000e+00	4.753704e-03
-2.027500e+00	4.497437e-03
-2.025000e+00	4.399479e-03
-2.022500e+00	4.450810e-03
-2.020000e+00	4.658444e-03
-2.017500e+00	5.045901e-03
-2.015000e+00	5.653858e-03
-2.012500e+00	6.536181e-03
-2.010000e+00	7.737347e-03
-2.007500e+00	9.221262e-03
-2.005000e+00	1.073121e-02
-2.002500e+00	1.171301e-02
-2.000000e+00	1.165297e-02
-1.997500e+00	1.065288e-02
-1.995000e+00	9.315437e-03
-1.992500e+00	8.149153e-03
-1.990000e+00	7.364086e-03
-1.987500e+00	6.990405e-03
-1.985000e+00	6.985765e-03
-1.982500e+00	7.243693e-03
-1.980000e+00	7.541770e-03
-1.977500e+00	7.568845e-03
-1.975000e+00	7.163969e-03
-1.972500e+00	6.484529e-03
-1.970000e+00	5.803811e-03
-1.967500e+00	5.286777e-03
-1.965000e+00	4.982098e-03
-1.962500e+00	4.890803e-03
-1.960000e+00	5.011081e-03
-1.957500e+00	5.355987e-03
-1.955000e+00	5.957048e-03
-1.952500e+00	6.854776e-03
-1.950000e+00	8.059624e-03
-1.947500e+00	9.453873e-03
-1.945000e+00	1.066120e-02
-1.942500e+00	1.112803e-02
-1.940000e+00	1.062520e-02
-1.937500e+00	9.537525e-03
-1.935000e+00	8.427866e-03
-1.932500e+00	7.623926e-03
-1.930000e+00	7.223887e-03
-1.927500e+00	7.216960e-03
-1.925000e+00	7.522852e-03
-1.922500e+00	7.945422e-03
-1.920000e+00	8.154014e-03
-1.917500e+00	7.885702e-03
-1.915000e+00	7.218326e-03
-1.912500e+00	6.457022e-03
-1.910000e+00	5.835511e-03
-1.907500e+00	5.441204e-03
-1.905000e+00	5.285322e-03
-1.902500e+00	5.364186e-03
-1.900000e+00	5.685326e-03
-1.897500e+00	6.271609e-03
-1.895000e+00	7.145311e-03
-1.892500e+00	8.275071e-03
-1.890000e+00	9.472436e-03
-1.887500e+00	1.033544e-02
-1.885000e+00	1.049736e-02
-1.882500e+00	1.004992e-02
-1.880000e+00	9.460977e-03
-1.877500e+00	9.140849e-03
-1.875000e+00	9.295091e-03
-1.872500e+00	1.000898e-02
-1.870000e+00	1.130424e-02
-1.867500e+00	1.307134e-02
-1.865000e+00	1.487876e-02
-1.862500e+00	1.589549e-02
-1.860000e+00	1.542464e-02
-1.857500e+00	1.367261e-02
-1.855000e+00	1.147927e-02
-1.852500e+00	9.492805e-03
-1.850000e+00	7.941935e-03
-1.847500e+00	6.821206e-03
-1.845000e+00	6.057999e-03
-1.842500e+00	5.583238e-03
-1.840000e+00	5.350702e-03
-1.837500e+00	5.338520e-03
-1.835000e+00	5.544938e-03
-1.832500e+00	5.977391e-03
-1.830000e+00	6.623932e-03
-1.827500e+00	7.395533e-03
-1.825000e+00	8.081137e-03
-1.822500e+00	8.463081e-03
-1.820000e+00	8.576849e-03
-1.817500e+00	8.717093e-03
-1.815000e+00	9.170491e-03
-1.812500e+00	1.005090e-02
-1.810000e+00	1.122993e-02
-1.807500e+00	1.224828e-02
-1.805000e+00	1.244798e-02
-1.802500e+00	1.155866e-02
-1.800000e+00	1.000561e-02
-1.797500e+00	8.397421e-03
-1.795000e+00	7.066334e-03
-1.792500e+00	6.085966e-03
-1.790000e+00	5.423426e-03
-1.787500e+00	5.028991e-03
-1.785000e+00	4.867488e-03
-1.782500e+00	4.923682e-03
-1.780000e+00	5.194892e-03
-1.777500e+00	5.666264e-03
-1.775000e+00	6.255340e-03
-1.772500e+00	6.747686e-03
-1.770000e+00	6.859569e-03
-1.767500e+00	6.503285e-03
-1.765000e+00	5.893564e-03
-1.762500e+00	5.303692e-03
-1.760000e+00	4.879917e-03
-1.757500e+00	4.662119e-03
-1.755000e+00	4.652470e-03
-1.752500e+00	4.854889e-03
-1.750000e+00	5.289812e-03
-1.747500e+00	5.995693e-03
-1.745000e+00	7.014502e-03
-1.742500e+00	8.339350e-03
-1.740000e+00	9.795014e-03
-1.737500e+00	1.091541e-02
-1.735000e+00	1.112646e-02
-1.732500e+00	1.032046e-02
-1.730000e+00	8.994965e-03
-1.727500e+00	7.705995e-03
-1.725000e+00	6.727089e-03
-1.722500e+00	6.115907e-03
-1.720000e+00	5.844190e-03
-1.717500e+00	5.845975e-03
-1.715000e+00	5.994129e-03
-1.712500e+00	6.073655e-03
-1.710000e+00	5.882088e-03
-1.707500e+00	5.422178e-03
-1.705000e+00	4.878786e-03
-1.702500e+00	4.418600e-03
-1.700000e+00	4.111792e-03
-1.697500e+00	3.970655e-03
-1.695000e+00	3.993698e-03
-1.692500e+00	4.186730e-03
-1.690000e+00	4.569276e-03
-1.687500e+00	5.170924e-03
-1.685000e+00	6.009328e-03
-1.682500e+00	7.028239e-03
-1.680000e+00	7.994009e-03
-1.677500e+00	8.487406e-03
-1.675000e+00	8.219449e-03
-1.672500e+00	7.370340e-03
-1.670000e+00	6.371933e-03
-1.667500e+00	5.521405e-03
-1.665000e+00	4.917225e-03
-1.662500e+00	4.560019e-03
-1.660000e+00	4.429039e-03
-1.657500e+00	4.512016e-03
-1.655000e+00	4.808092e-03
-1.652500e+00	5.309327e-03
-1.650000e+00	5.950348e-03
-1.647500e+00	6.536066e-03
-1.645000e+00	6.765943e-03
-1.642500e+00	6.485704e-03
-1.640000e+00	5.870682e-03
-1.637500e+00	5.217598e-03
-1.635000e+00	4.707129e-03
-1.632500e+00	4.394076e-03
-1.630000e+00	4.279696e-03
-1.627500e+00	4.358168e-03
-1.625000e+00	4.631352e-03
-1.622500e+00	5.101226e-03
-1.620000e+00	5.735195e-03
-1.617500e+00	6.400791e-03
-1.615000e+00	6.839290e-03
-1.612500e+00	6.834642e-03
-1.610000e+00	6.459849e-03
-1.607500e+00	5.994199e-03
-1.605000e+00	5.661815e-03
-1.602500e+00	5.560215e-03
-1.600000e+00	5.721963e-03
-1.597500e+00	6.170789e-03
-1.595000e+00	6.943672e-03
-1.592500e+00	8.082480e-03
-1.590000e+00	9.579960e-03
-1.587500e+00	1.125164e-02
-1.585000e+00	1.260085e-02
-1.582500e+00	1.300829e-02
-1.580000e+00	1.235473e-02
-1.577500e+00	1.118956e-02
-1.575000e+00	1.014432e-02
-1.572500e+00	9.553890e-03
-1.570000e+00	9.521101e-03
-1.567500e+00	1.004103e-02
-1.565000e+00	1.100207e-02
-1.562500e+00	1.206827e-02
-1.560000e+00	1.263144e-02
-1.557500e+00	1.219235e-02
-1.555000e+00	1.089595e-02
-1.552500e+00	9.329225e-03
-1.550000e+00	7.941710e-03
-1.547500e+00	6.891031e-03
-1.545000e+00	6.174549e-03
-1.542500e+00	5.746293e-03
-1.540000e+00	5.566755e-03
-1.537500e+00	5.617338e-03
-1.535000e+00	5.902632e-03
-1.532500e+00	6.447759e-03
-1.530000e+00	7.286134e-03
-1.527500e+00	8.419595e-03
-1.525000e+00	9.726164e-03
-1.522500e+00	1.085825e-02
-1.520000e+00	1.136913e-02
-1.517500e+00	1.116974e-02
-1.515000e+00	1.067833e-02
-1.512500e+00	1.038870e-02
-1.510000e+00	1.054393e-02
-1.507500e+00	1.109805e-02
-1.505000e+00	1.170706e-02
-1.502500e+00	1.182545e-02
-1.500000e+00	1.114943e-02
-1.497500e+00	9.944013e-03
-1.495000e+00	8.697643e-03
-1.492500e+00	7.709396e-03
-1.490000e+00	7.064246e-03
-1.487500e+00	6.754877e-03
-1.485000e+00	6.762467e-03
-1.482500e+00	7.087813e-03
-1.480000e+00	7.757295e-03
-1.477500e+00	8.809717e-03
-1.475000e+00	1.024562e-02
-1.472500e+00	1.190688e-02
-1.470000e+00	1.333471e-02
-1.467500e+00	1.391248e-02
-1.465000e+00	1.346674e-02
-1.462500e+00	1.251378e-02
-1.460000e+00	1.171387e-02
-1.457500e+00	1.144922e-02
-1.455000e+00	1.185220e-02
-1.452500e+00	1.289720e-02
-1.450000e+00	1.433770e-02
-1.447500e+00	1.555220e-02
-1.445000e+00	1.570469e-02
-1.442500e+00	1.448586e-02
-1.440000e+00	1.245629e-02
-1.437500e+00	1.037366e-02
-1.435000e+00	8.636385e-03
-1.432500e+00	7.321735e-03
-1.430000e+00	6.376006e-03
-1.427500e+00	5.722768e-03
-1.425000e+00	5.299469e-03
-1.422500e+00	5.064367e-03
-1.420000e+00	4.995190e-03
-1.417500e+00	5.087136e-03
-1.415000e+00	5.352268e-03
-1.412500e+00	5.820331e-03
-1.410000e+00	6.539047e-03
-1.407500e+00	7.567210e-03
-1.405000e+00	8.942074e-03
-1.402500e+00	1.058621e-02
-1.400000e+00	1.215100e-02
-1.397500e+00	1.300517e-02
-1.395000e+00	1.271667e-02
-1.392500e+00	1.156998e-02
-1.390000e+00	1.023623e-02
-1.387500e+00	9.186245e-03
-1.385000e+00	8.593828e-03
-1.382500e+00	8.486270e-03
-1.380000e+00	8.844804e-03
-1.377500e+00	9.600830e-03
-1.375000e+00	1.054285e-02
-1.372500e+00	1.123526e-02
-1.370000e+00	1.122671e-02
-1.367500e+00	1.051472e-02
-1.365000e+00	9.548159e-03
-1.362500e+00	8.762603e-03
-1.360000e+00	8.366887e-03
-1.357500e+00	8.417391e-03
-1.355000e+00	8.896216e-03
-1.352500e+00	9.688496e-03
-1.350000e+00	1.048502e-02
-1.347500e+00	1.080102e-02
-1.345000e+00	1.034870e-02
-1.342500e+00	9.362052e-03
-1.340000e+00	8.306989e-03
-1.337500e+00	7.485603e-03
-1.335000e+00	6.997988e-03
-1.332500e+00	6.855282e-03
-1.330000e+00	7.057772e-03
-1.327500e+00	7.621411e-03
-1.325000e+00	8.566121e-03
-1.322500e+00	9.853527e-03
-1.320000e+00	1.125338e-02
-1.317500e+00	1.223817e-02
-1.315000e+00	1.224636e-02
-1.312500e+00	1.127276e-02
-1.310000e+00	9.876165e-03
-1.307500e+00	8.590425e-03
-1.305000e+00	7.651784e-03
-1.302500e+00	7.097508e-03
-1.300000e+00	6.888152e-03
-1.297500e+00	6.941050e-03
-1.295000e+00	7.100566e-03
-1.292500e+00	7.138624e-03
-1.290000e+00	6.902732e-03
-1.287500e+00	6.467723e-03
-1.285000e+00	6.027134e-03
-1.282500e+00	5.713860e-03
-1.280000e+00	5.572606e-03
-1.277500e+00	5.607038e-03
-1.275000e+00	5.815427e-03
-1.272500e+00	6.206061e-03
-1.270000e+00	6.803683e-03
-1.267500e+00	7.654241e-03
-1.265000e+00	8.830814e-03
-1.262500e+00	1.044044e-02
-1.260000e+00	1.262628e-02
-1.257500e+00	1.554534e-02
-1.255000e+00	1.926914e-02
-1.252500e+00	2.352290e-02
-1.250000e+00	2.732361e-02
-1.247500e+00	2.916967e-02
-1.245000e+00	2.840772e-02
-1.242500e+00	2.610317e-02
-1.240000e+00	2.386016e-02
-1.237500e+00	2.256422e-02
-1.235000e+00	2.220846e-02
-1.232500e+00	2.206916e-02
-1.230000e+00	2.112505e-02
-1.227500e+00	1.896351e-02
-1.225000e+00	1.614317e-02
-1.222500e+00	1.343627e-02
-1.220000e+00	1.123241e-02
-1.217500e+00	9.588364e-03
-1.215000e+00	8.432586e-03
-1.212500e+00	7.677628e-03
-1.210000e+00	7.251467e-03
-1.207500e+00	7.085435e-03
-1.205000e+00	7.074606e-03
-1.202500e+00	7.046741e-03
-1.200000e+00	6.834093e-03
-1.197500e+00	6.428808e-03
-1.195000e+00	5.975473e-03
-1.192500e+00	5.611260e-03
-1.190000e+00	5.397028e-03
-1.187500e+00	5.346529e-03
-1.185000e+00	5.462912e-03
-1.182500e+00	5.757377e-03
-1.180000e+00	6.257440e-03
-1.177500e+00	7.011940e-03
-1.175000e+00	8.094158e-03
-1.172500e+00	9.596716e-03
-1.170000e+00	1.159636e-02
-1.167500e+00	1.404053e-02
-1.165000e+00	1.652116e-02
-1.162500e+00	1.814275e-02
-1.160000e+00	1.805608e-02
-1.157500e+00	1.639969e-02
-1.155000e+00	1.413973e-02
-1.152500e+00	1.210031e-02
-1.150000e+00	1.061727e-02
-1.147500e+00	9.735071e-03
-1.145000e+00	9.410012e-03
-1.142500e+00	9.586121e-03
-1.140000e+00	1.017129e-02
-1.137500e+00	1.094099e-02
-1.135000e+00	1.147702e-02
-1.132500e+00	1.139560e-02
-1.130000e+00	1.075544e-02
-1.127500e+00	9.989235e-03
-1.125000e+00	9.482960e-03
-1.122500e+00	9.424970e-03
-1.120000e+00	9.885376e-03
-1.117500e+00	1.087500e-02
-1.115000e+00	1.229242e-02
-1.112500e+00	1.376276e-02
-1.110000e+00	1.457352e-02
-1.107500e+00	1.413190e-02
-1.105000e+00	1.261696e-02
-1.102500e+00	1.074431e-02
-1.100000e+00	9.064814e-03
-1.097500e+00	7.774124e-03
-1.095000e+00	6.871466e-03
-1.092500e+00	6.301880e-03
-1.090000e+00	6.016363e-03
-1.087500e+00	5.986867e-03
-1.085000e+00	6.200428e-03
-1.082500e+00	6.632865e-03
-1.080000e+00	7.190748e-03
-1.077500e+00	7.647787e-03
-1.075000e+00	7.717318e-03
-1.072500e+00	7.322359e-03
-1.070000e+00	6.684515e-03
-1.067500e+00	6.070359e-03
-1.065000e+00	5.614398e-03
-1.062500e+00	5.344673e-03
-1.060000e+00	5.249757e-03
-1.057500e+00	5.315333e-03
-1.055000e+00	5.537227e-03
-1.052500e+00	5.925492e-03
-1.050000e+00	6.506691e-03
-1.047500e+00	7.326595e-03
-1.045000e+00	8.452273e-03
-1.042500e+00	9.967376e-03
-1.040000e+00	1.194267e-02
-1.037500e+00	1.434860e-02
-1.035000e+00	1.691206e-02
-1.032500e+00	1.912761e-02
-1.030000e+00	2.073672e-02
-1.027500e+00	2.216407e-02
-1.025000e+00	2.404785e-02
-1.022500e+00	2.641048e-02
-1.020000e+00	2.827386e-02
-1.017500e+00	2.819708e-02
-1.015000e+00	2.577586e-02
-1.012500e+00	2.212533e-02
-1.010000e+00	1.858564e-02
-1.007500e+00	1.582669e-02
-1.005000e+00	1.398199e-02
-1.002500e+00	1.298102e-02
-1.000000e+00	1.270312e-02
-9.975000e-01	1.296185e-02
-9.950000e-01	1.339157e-02
-9.925000e-01	1.343446e-02
-9.900000e-01	1.270894e-02
-9.875000e-01	1.140179e-02
-9.850000e-01	1.000340e-02
-9.825000e-01	8.850583e-03
-9.800000e-01	8.051793e-03
-9.775000e-01	7.605939e-03
-9.750000e-01	7.492661e-03
-9.725000e-01	7.708941e-03
-9.700000e-01	8.276248e-03
-9.675000e-01	9.225215e-03
-9.650000e-01	1.053860e-02
-9.625000e-01	1.202226e-02
-9.600000e-01	1.317218e-02
-9.575000e-01	1.336729e-02
-9.550000e-01	1.248472e-02
-9.525000e-01	1.105272e-02
-9.500000e-01	9.665205e-03
-9.475000e-01	8.613581e-03
-9.450000e-01	7.959594e-03
-9.425000e-01	7.684738e-03
-9.400000e-01	7.769259e-03
-9.375000e-01	8.217653e-03
-9.350000e-01	9.055438e-03
-9.325000e-01	1.029344e-02
-9.300000e-01	1.183121e-02
-9.275000e-01	1.330710e-02
-9.250000e-01	1.411628e-02
-9.225000e-01	1.390286e-02
-9.200000e-01	1.300230e-02
-9.175000e-01	1.206932e-02
-9.150000e-01	1.155294e-02
-9.125000e-01	1.164453e-02
-9.100000e-01	1.242546e-02
-9.075000e-01	1.394900e-02
-9.050000e-01	1.619536e-02
-9.025000e-01	1.886906e-02
-9.000000e-01	2.112315e-02
-8.975000e-01	2.175209e-02
-8.950000e-01	2.027330e-02
-8.925000e-01	1.750374e-02
-8.900000e-01	1.460113e-02
-8.875000e-01	1.220257e-02
-8.850000e-01	1.045792e-02
-8.825000e-01	9.314052e-03
-8.800000e-01	8.675124e-03
-8.775000e-01	8.436791e-03
-8.750000e-01	8.445043e-03
-8.725000e-01	8.443810e-03
-8.700000e-01	8.156716e-03
-8.675000e-01	7.525787e-03
-8.650000e-01	6.748173e-03
-8.625000e-01	6.038014e-03
-8.600000e-01	5.491513e-03
-8.575000e-01	5.119345e-03
-8.550000e-01	4.903075e-03
-8.525000e-01	4.823722e-03
-8.500000e-01	4.871169e-03
-8.475000e-01	5.046584e-03
-8.450000e-01	5.363515e-03
-8.425000e-01	5.849475e-03
-8.400000e-01	6.547648e-03
-8.375000e-01	7.515326e-03
-8.350000e-01	8.808162e-03
-8.325000e-01	1.042540e-02
-8.300000e-01	1.219277e-02
-8.275000e-01	1.367342e-02
-8.250000e-01	1.441477e-02
-8.225000e-01	1.448585e-02
-8.200000e-01	1.447938e-02
-8.175000e-01	1.496815e-02
-8.150000e-01	1.620676e-02
-8.125000e-01	1.806628e-02
-8.100000e-01	1.990198e-02
-8.075000e-01	2.063255e-02
-8.050000e-01	1.958032e-02
-8.025000e-01	1.723320e-02
-8.000000e-01	1.462277e-02
-7.975000e-01	1.241719e-02
-7.950000e-01	1.081433e-02
-7.925000e-01	9.790628e-03
-7.900000e-01	9.277052e-03
-7.875000e-01	9.226775e-03
-7.850000e-01	9.627433e-03
-7.825000e-01	1.048011e-02
-7.800000e-01	1.172964e-02
-7.775000e-01	1.312576e-02
-7.750000e-01	1.412657e-02
-7.725000e-01	1.419004e-02
-7.700000e-01	1.336039e-02
-7.675000e-01	1.222872e-02
-7.650000e-01	1.134195e-02
-7.625000e-01	1.095999e-02
-7.600000e-01	1.116436e-02
-7.575000e-01	1.196924e-02
-7.550000e-01	1.331453e-02
-7.525000e-01	1.493515e-02
-7.500000e-01	1.623020e-02
-7.475000e-01	1.652997e-02
-7.450000e-01	1.578914e-02
-7.425000e-01	1.466926e-02
-7.400000e-01	1.386080e-02
-7.375000e-01	1.371075e-02
-7.350000e-01	1.427595e-02
-7.325000e-01	1.535608e-02
-7.300000e-01	1.639833e-02
-7.275000e-01	1.661347e-02
-7.250000e-01	1.563165e-02
-7.225000e-01	1.390880e-02
-7.200000e-01	1.216521e-02
-7.175000e-01	1.082131e-02
-7.150000e-01	9.997091e-03
-7.125000e-01	9.692193e-03
-7.100000e-01	9.897022e-03
-7.075000e-01	1.062806e-02
-7.050000e-01	1.191002e-02
-7.025000e-01	1.368723e-02
-7.000000e-01	1.563347e-02
-6.975000e-01	1.699762e-02
-6.950000e-01	1.696907e-02
-6.925000e-01	1.552201e-02
-6.900000e-01	1.344392e-02
-6.875000e-01	1.149596e-02
-6.850000e-01	1.001402e-02
-6.825000e-01	9.050881e-03
-6.800000e-01	8.568814e-03
-6.775000e-01	8.530234e-03
-6.750000e-01	8.915063e-03
-6.725000e-01	9.685883e-03
-6.700000e-01	1.069120e-02
-6.675000e-01	1.154633e-02
-6.650000e-01	1.173187e-02
-6.625000e-01	1.106572e-02
-6.600000e-01	9.919120e-03
-6.575000e-01	8.788455e-03
-6.550000e-01	7.945440e-03
-6.525000e-01	7.464448e-03
-6.500000e-01	7.343039e-03
-6.475000e-01	7.561998e-03
-6.450000e-01	8.077289e-03
-6.425000e-01	8.753652e-03
-6.400000e-01	9.295114e-03
-6.375000e-01	9.360510e-03
-6.350000e-01	8.897122e-03
-6.325000e-01	8.200270e-03
-6.300000e-01	7.589695e-03
-6.275000e-01	7.223680e-03
-6.250000e-01	7.145473e-03
-6.225000e-01	7.364863e-03
-6.200000e-01	7.902230e-03
-6.175000e-01	8.806131e-03
-6.150000e-01	1.015764e-02
-6.125000e-01	1.205671e-02
-6.100000e-01	1.455873e-02
-6.075000e-01	1.750100e-02
-6.050000e-01	2.023282e-02
-6.025000e-01	2.165800e-02
-6.000000e-01	2.114200e-02
-5.975000e-01	1.930587e-02
-5.950000e-01	1.732780e-02
-5.925000e-01	1.597309e-02
-5.900000e-01	1.545315e-02
-5.875000e-01	1.558275e-02
-5.850000e-01	1.582444e-02
-5.825000e-01	1.547234e-02
-5.800000e-01	1.423357e-02
-5.775000e-01	1.249982e-02
-5.750000e-01	1.083471e-02
-5.725000e-01	9.541496e-03
-5.700000e-01	8.688092e-03
-5.675000e-01	8.252059e-03
-5.650000e-01	8.200416e-03
-5.625000e-01	8.502374e-03
-5.600000e-01	9.089070e-03
-5.575000e-01	9.769056e-03
-5.550000e-01	1.019697e-02
-5.525000e-01	1.009556e-02
-5.500000e-01	9.564723e-03
-5.475000e-01	8.962556e-03
-5.450000e-01	8.573355e-03
-5.425000e-01	8.523807e-03
-5.400000e-01	8.864133e-03
-5.375000e-01	9.640331e-03
-5.350000e-01	1.092375e-02
-5.325000e-01	1.280198e-02
-5.300000e-01	1.530651e-02
-5.275000e-01	1.822089e-02
-5.250000e-01	2.081454e-02
-5.225000e-01	2.197746e-02
-5.200000e-01	2.121458e-02
-5.175000e-01	1.928453e-02
-5.150000e-01	1.734890e-02
-5.125000e-01	1.607741e-02
-5.100000e-01	1.556618e-02
-5.075000e-01	1.548204e-02
-5.050000e-01	1.520678e-02
-5.025000e-01	1.427068e-02
-5.000000e-01	1.280792e-02
-4.975000e-01	1.131734e-02
-4.950000e-01	1.016635e-02
-4.925000e-01	9.488379e-03
-4.900000e-01	9.299413e-03
-4.875000e-01	9.576724e-03
-4.850000e-01	1.024332e-02
-4.825000e-01	1.106761e-02
-4.800000e-01	1.158815e-02
-4.775000e-01	1.134956e-02
-4.750000e-01	1.037016e-02
-4.725000e-01	9.101356e-03
-4.700000e-01	7.949298e-03
-4.675000e-01	7.080761e-03
-4.650000e-01	6.513045e-03
-4.625000e-01	6.218713e-03
-4.600000e-01	6.174452e-03
-4.575000e-01	6.375659e-03
-4.550000e-01	6.834922e-03
-4.525000e-01	7.563838e-03
-4.500000e-01	8.521238e-03
-4.475000e-01	9.520616e-03
-4.450000e-01	1.020008e-02
-4.425000e-01	1.027402e-02
-4.400000e-01	9.875008e-03
-4.375000e-01	9.419100e-03
-4.350000e-01	9.241475e-03
-4.325000e-01	9.506311e-03
-4.300000e-01	1.028777e-02
-4.275000e-01	1.161327e-02
-4.250000e-01	1.339784e-02
-4.225000e-01	1.526772e-02
-4.200000e-01	1.647683e-02
-4.175000e-01	1.637857e-02
-4.150000e-01	1.515512e-02
-4.125000e-01	1.361031e-02
-4.100000e-01	1.239853e-02
-4.075000e-01	1.177946e-02
-4.050000e-01	1.174564e-02
-4.025000e-01	1.209698e-02
-4.000000e-01	1.244478e-02
-3.975000e-01	1.240331e-02
-3.950000e-01	1.196907e-02
-3.925000e-01	1.152012e-02
-3.900000e-01	1.143841e-02
-3.875000e-01	1.192650e-02
-3.850000e-01	1.302299e-02
-3.825000e-01	1.455558e-02
-3.800000e-01	1.598597e-02
-3.775000e-01	1.647616e-02
-3.750000e-01	1.556669e-02
-3.725000e-01	1.370166e-02
-3.700000e-01	1.168007e-02
-3.675000e-01	9.989928e-03
-3.650000e-01	8.765320e-03
-3.625000e-01	7.980772e-03
-3.600000e-01	7.577750e-03
-3.575000e-01	7.505335e-03
-3.550000e-01	7.710638e-03
-3.525000e-01	8.097117e-03
-3.500000e-01	8.494484e-03
-3.475000e-01	8.747917e-03
-3.450000e-01	8.896226e-03
-3.425000e-01	9.160014e-03
-3.400000e-01	9.765928e-03
-3.375000e-01	1.087375e-02
-3.350000e-01	1.258973e-02
-3.325000e-01	1.492342e-02
-3.300000e-01	1.760155e-02
-3.275000e-01	1.982017e-02
-3.250000e-01	2.046422e-02
-3.225000e-01	1.914430e-02
-3.200000e-01	1.667778e-02
-3.175000e-01	1.415351e-02
-3.150000e-01	1.215925e-02
-3.125000e-01	1.083130e-02
-3.100000e-01	1.009924e-02
-3.075000e-01	9.786898e-03
-3.050000e-01	9.607490e-03
-3.025000e-01	9.241411e-03
-3.000000e-01	8.581182e-03
-2.975000e-01	7.806995e-03
-2.950000e-01	7.151134e-03
-2.925000e-01	6.734223e-03
-2.900000e-01	6.583519e-03
-2.875000e-01	6.679517e-03
-2.850000e-01	6.958907e-03
-2.825000e-01	7.299186e-03
-2.800000e-01	7.575303e-03
-2.775000e-01	7.800470e-03
-2.750000e-01	8.144808e-03
-2.725000e-01	8.795903e-03
-2.700000e-01	9.861712e-03
-2.675000e-01	1.131309e-02
-2.650000e-01	1.285989e-02
-2.625000e-01	1.387205e-02
-2.600000e-01	1.374527e-02
-2.575000e-01	1.255579e-02
-2.550000e-01	1.096282e-02
-2.525000e-01	9.536901e-03
-2.500000e-01	8.512270e-03
-2.475000e-01	7.921509e-03
-2.450000e-01	7.739887e-03
-2.425000e-01	7.947307e-03
-2.400000e-01	8.531578e-03
-2.375000e-01	9.442277e-03
-2.350000e-01	1.049371e-02
-2.325000e-01	1.131011e-02
-2.300000e-01	1.155396e-02
-2.275000e-01	1.131970e-02
-2.250000e-01	1.105550e-02
-2.225000e-01	1.113769e-02
-2.200000e-01	1.167197e-02
-2.175000e-01	1.246582e-02
-2.150000e-01	1.305760e-02
-2.125000e-01	1.302981e-02
-2.100000e-01	1.246745e-02
-2.075000e-01	1.183633e-02
-2.050000e-01	1.146145e-02
-2.025000e-01	1.130063e-02
-2.000000e-01	1.107000e-02
-1.975000e-01	1.059641e-02
-1.950000e-01	1.004429e-02
-1.925000e-01	9.718833e-03
-1.900000e-01	9.824541e-03
-1.875000e-01	1.042558e-02
-1.850000e-01	1.143328e-02
-1.825000e-01	1.250741e-02
-1.800000e-01	1.304489e-02
-1.775000e-01	1.260105e-02
-1.750000e-01	1.138682e-02
-1.725000e-01	1.000301e-02
-1.700000e-01	8.884643e-03
-1.675000e-01	8.179850e-03
-1.650000e-01	7.862147e-03
-1.625000e-01	7.790998e-03
-1.600000e-01	7.724106e-03
-1.575000e-01	7.435616e-03
-1.550000e-01	6.920511e-03
-1.525000e-01	6.370007e-03
-1.500000e-01	5.960789e-03
-1.475000e-01	5.769730e-03
-1.450000e-01	5.803876e-03
-1.425000e-01	6.021606e-03
-1.400000e-01	6.321869e-03
-1.375000e-01	6.570690e-03
-1.350000e-01	6.724877e-03
-1.325000e-01	6.901992e-03
-1.300000e-01	7.267384e-03
-1.275000e-01	7.908567e-03
-1.250000e-01	8.781797e-03
-1.225000e-01	9.695458e-03
-1.200000e-01	1.042840e-02
-1.175000e-01	1.097130e-02
-1.150000e-01	1.147725e-02
-1.125000e-01	1.189609e-02
-1.100000e-01	1.188715e-02
-1.075000e-01	1.125285e-02
-1.050000e-01	1.027078e-02
-1.025000e-01	9.393578e-03
-1.000000e-01	8.891228e-03
-9.750000e-02	8.814632e-03
-9.500000e-02	9.050826e-03
-9.250000e-02	9.362119e-03
-9.000000e-02	9.527227e-03
-8.750000e-02	9.507175e-03
-8.500000e-02	9.320045e-03
-8.250000e-02	8.857219e-03
-8.000000e-02	8.059096e-03
-7.750000e-02	7.103551e-03
-7.500000e-02	6.238180e-03
-7.250000e-02	5.597276e-03
-7.000000e-02	5.210019e-03
-6.750000e-02	5.062735e-03
-6.500000e-02	5.125405e-03
-6.250000e-02	5.337697e-03
-6.000000e-02	5.582785e-03
-5.750000e-02	5.716418e-03
-5.500000e-02	5.670375e-03
-5.250000e-02	5.508107e-03
-5.000000e-02	5.373623e-03
-4.750000e-02	5.402245e-03
-4.500000e-02	5.671267e-03
-4.250000e-02	6.193998e-03
-4.000000e-02	6.899886e-03
-3.750000e-02	7.589534e-03
-3.500000e-02	7.947613e-03
-3.250000e-02	7.754772e-03
-3.000000e-02	7.137160e-03
-2.750000e-02	6.416018e-03
-2.500000e-02	5.780607e-03
-2.250000e-02	5.226416e-03
-2.000000e-02	4.701929e-03
-1.750000e-02	4.220169e-03
-1.500000e-02	3.823594e-03
-1.250000e-02	3.523867e-03
-1.000000e-02	3.298077e-03
-7.500000e-03	3.114970e-03
-5.000000e-03	2.952634e-03
-2.500000e-03	2.784757e-03
-6.394885e-14	2.580021e-03
2.500000e-03	2.337911e-03
5.000000e-03	2.092699e-03
7.500000e-03	1.876011e-03
1.000000e-02	1.698559e-03
1.250000e-02	1.557359e-03
1.500000e-02	1.445268e-03
1.750000e-02	1.355421e-03
2.000000e-02	1.282389e-03
2.250000e-02	1.222152e-03
2.500000e-02	1.171780e-03
2.750000e-02	1.129137e-03
3.000000e-02	1.092647e-03
3.250000e-02	1.061131e-03
3.500000e-02	1.033694e-03
3.750000e-02	1.009644e-03
4.000000e-02	9.884408e-04
4.250000e-02	9.696548e-04
4.500000e-02	9.529414e-04
4.750000e-02	9.380208e-04
5.000000e-02	9.246630e-04
5.250000e-02	9.126777e-04
5.500000e-02	9.019054e-04
5.750000e-02	8.922119e-04
6.000000e-02	8.834835e-04
6.250000e-02	8.756226e-04
6.500000e-02	8.685456e-04
6.750000e-02	8.621801e-04
7.000000e-02	8.564631e-04
7.250000e-02	8.513398e-04
7.500000e-02	8.467619e-04
7.750000e-02	8.426870e-04
8.000000e-02	8.390774e-04
8.250000e-02	8.359000e-04
8.500000e-02	8.331250e-04
8.750000e-02	8.307259e-04
9.000000e-02	8.286791e-04
9.250000e-02	8.269632e-04
9.500000e-02	8.255590e-04
9.750000e-02	8.244494e-04
1.000000e-01	8.236186e-04
1.025000e-01	8.230525e-04
1.050000e-01	8.227383e-04
1.075000e-01	8.226643e-04
1.100000e-01	8.228201e-04
1.125000e-01	8.231958e-04
1.150000e-01	8.237827e-04
1.175000e-01	8.245728e-04
1.200000e-01	8.255588e-04
1.225000e-01	8.267340e-04
1.250000e-01	8.280923e-04
1.275000e-01	8.296280e-04
1.300000e-01	8.313362e-04
1.325000e-01	8.332121e-04
1.350000e-01	8.352515e-04
1.375000e-01	8.374506e-04
1.400000e-01	8.398057e-04
1.425000e-01	8.423138e-04
1.450000e-01	8.449718e-04
1.475000e-01	8.477772e-04
1.500000e-01	8.507276e-04
1.525000e-01	8.538208e-04
1.550000e-01	8.570550e-04
1.575000e-01	8.604284e-04
1.600000e-01	8.639396e-04
1.625000e-01	8.675871e-04
1.650000e-01	8.713699e-04
1.675000e-01	8.752871e-04
1.700000e-01	8.793377e-04
1.725000e-01	8.835211e-04
1.750000e-01	8.878368e-04
1.775000e-01	8.922844e-04
1.800000e-01	8.968636e-04
1.825000e-01	9.015744e-04
1.850000e-01	9.064167e-04
1.875000e-01	9.113905e-04
1.900000e-01	9.164962e-04
1.925000e-01	9.217341e-04
1.950000e-01	9.271045e-04
1.975000e-01	9.326081e-04
2.000000e-01	9.382455e-04
2.025000e-01	9.440173e-04
2.050000e-01	9.499245e-04
2.075000e-01	9.559679e-04
2.100000e-01	9.621486e-04
2.125000e-01	9.684678e-04
2.150000e-01	9.749265e-04
2.175000e-01	9.815261e-04
2.200000e-01	9.882681e-04
2.225000e-01	9.951538e-04
2.250000e-01	1.002185e-03
2.275000e-01	1.009363e-03
2.300000e-01	1.016690e-03
2.325000e-01	1.024167e-03
2.350000e-01	1.031797e-03
2.375000e-01	1.039581e-03
2.400000e-01	1.047522e-03
2.425000e-01	1.055622e-03
2.450000e-01	1.063883e-03
2.475000e-01	1.072308e-03
2.500000e-01	1.080898e-03
2.525000e-01	1.089658e-03
2.550000e-01	1.098588e-03
2.575000e-01	1.107693e-03
2.600000e-01	1.116974e-03
2.625000e-01	1.126436e-03
2.650000e-01	1.136081e-03
2.675000e-01	1.145912e-03
2.700000e-01	1.155932e-03
2.725000e-01	1.166146e-03
2.750000e-01	1.176556e-03
2.775000e-01	1.187167e-03
2.800000e-01	1.197982e-03
2.825000e-01	1.209005e-03
2.850000e-01	1.220240e-03
2.875000e-01	1.231691e-03
2.900000e-01	1.243363e-03
2.925000e-01	1.255260e-03
2.950000e-01	1.267387e-03
2.975000e-01	1.279749e-03
3.000000e-01	1.292350e-03
3.025000e-01	1.305195e-03
3.050000e-01	1.318290e-03
3.075000e-01	1.331641e-03
3.100000e-01	1.345252e-03
3.125000e-01	1.359130e-03
3.150000e-01	1.373281e-03
3.175000e-01	1.387710e-03
3.200000e-01	1.402424e-03
3.225000e-01	1.417430e-03
3.250000e-01	1.432735e-03
3.275000e-01	1.448345e-03
3.300000e-01	1.464268e-03
3.325000e-01	1.480511e-03
3.350000e-01	1.497082e-03
3.375000e-01	1.513989e-03
3.400000e-01	1.531240e-03
3.425000e-01	1.548844e-03
3.450000e-01	1.566809e-03
3.475000e-01	1.585145e-03
3.500000e-01	1.603861e-03
3.525000e-01	1.622967e-03
3.550000e-01	1.642472e-03
3.575000e-01	1.662388e-03
3.600000e-01	1.682725e-03
3.625000e-01	1.703494e-03
3.650000e-01	1.724707e-03
3.675000e-01	1.746376e-03
3.700000e-01	1.768513e-03
3.725000e-01	1.791130e-03
3.750000e-01	1.814242e-03
3.775000e-01	1.837862e-03
3.800000e-01	1.862004e-03
3.825000e-01	1.886683e-03
3.850000e-01	1.911915e-03
3.875000e-01	1.937714e-03
3.900000e-01	1.964098e-03
3.925000e-01	1.991084e-03
3.950000e-01	2.018689e-03
3.975000e-01	2.046932e-03
4.000000e-01	2.075832e-03
4.025000e-01	2.105409e-03
4.050000e-01	2.135684e-03
4.075000e-01	2.166677e-03
4.100000e-01	2.198411e-03
4.125000e-01	2.230909e-03
4.150000e-01	2.264196e-03
4.175000e-01	2.298296e-03
4.200000e-01	2.333236e-03
4.225000e-01	2.369042e-03
4.250000e-01	2.405742e-03
4.275000e-01	2.443367e-03
4.300000e-01	2.481946e-03
4.325000e-01	2.521513e-03
4.350000e-01	2.562099e-03
4.375000e-01	2.603739e-03
4.400000e-01	2.646471e-03
4.425000e-01	2.690331e-03
4.450000e-01	2.735360e-03
4.475000e-01	2.781598e-03
4.500000e-01	2.829088e-03
4.525000e-01	2.877875e-03
4.550000e-01	2.928007e-03
4.575000e-01	2.979533e-03
4.600000e-01	3.032503e-03
4.625000e-01	3.086973e-03
4.650000e-01	3.142998e-03
4.675000e-01	3.200638e-03
4.700000e-01	3.259954e-03
4.725000e-01	3.321012e-03
4.750000e-01	3.383880e-03
4.775000e-01	3.448629e-03
4.800000e-01	3.515335e-03
4.825000e-01	3.584076e-03
4.850000e-01	3.654935e-03
4.875000e-01	3.728001e-03
4.900000e-01	3.803364e-03
4.925000e-01	3.881121e-03
4.950000e-01	3.961374e-03
4.975000e-01	4.044231e-03
5.000000e-01	4.129805e-03
5.025000e-01	4.218214e-03
5.050000e-01	4.309585e-03
5.075000e-01	4.404051e-03
5.100000e-01	4.501752e-03
5.125000e-01	4.602838e-03
5.150000e-01	4.707466e-03
5.175000e-01	4.815801e-03
5.200000e-01	4.928022e-03
5.225000e-01	5.044314e-03
5.250000e-01	5.164878e-03
5.275000e-01	5.289922e-03
5.300000e-01	5.419672e-03
5.325000e-01	5.554366e-03
5.350000e-01	5.694257e-03
5.375000e-01	5.839614e-03
5.400000e-01	5.990727e-03
5.425000e-01	6.147901e-03
5.450000e-01	6.311465e-03
5.475000e-01	6.481767e-03
5.500000e-01	6.659183e-03
5.525000e-01	6.844113e-03
5.550000e-01	7.036986e-03
5.575000e-01	7.238262e-03
5.600000e-01	7.448436e-03
5.625000e-01	7.668038e-03
5.650000e-01	7.897639e-03
5.675000e-01	8.137855e-03
5.700000e-01	8.389347e-03
5.725000e-01	8.652832e-03
5.750000e-01	8.929082e-03
5.775000e-01	9.218933e-03
5.800000e-01	9.523290e-03
5.825000e-01	9.843136e-03
5.850000e-01	1.017954e-02
5.875000e-01	1.053365e-02
5.900000e-01	1.090675e-02
5.925000e-01	1.130020e-02
5.950000e-01	1.171551e-02
5.975000e-01	1.215432e-02
6.000000e-01	1.261845e-02
6.025000e-01	1.310986e-02
6.050000e-01	1.363073e-02
6.075000e-01	1.418347e-02
6.100000e-01	1.477071e-02
6.125000e-01	1.539538e-02
6.150000e-01	1.606073e-02
6.175000e-01	1.677034e-02
6.200000e-01	1.752823e-02
6.225000e-01	1.833885e-02
6.250000e-01	1.920721e-02
6.275000e-01	2.013889e-02
6.300000e-01	2.114019e-02
6.325000e-01	2.221819e-02
6.350000e-01	2.338089e-02
6.375000e-01	2.463737e-02
6.400000e-01	2.599796e-02
6.425000e-01	2.747441e-02
6.450000e-01	2.908021e-02
6.475000e-01	3.083083e-02
6.500000e-01	3.274413e-02
6.525000e-01	3.484080e-02
6.550000e-01	3.714487e-02
6.575000e-01	3.968444e-02
6.600000e-01	4.249252e-02
6.625000e-01	4.560801e-02
6.650000e-01	4.907710e-02
6.675000e-01	5.295491e-02
6.700000e-01	5.730760e-02
6.725000e-01	6.221513e-02
6.750000e-01	6.777484e-02
6.775000e-01	7.410607e-02
6.800000e-01	8.135636e-02
6.825000e-01	8.970964e-02
6.850000e-01	9.939742e-02
6.875000e-01	1.107139e-01
6.900000e-01	1.240371e-01
6.925000e-01	1.398582e-01
6.950000e-01	1.588232e-01
6.975000e-01	1.817930e-01
7.000000e-01	2.099305e-01
7.025000e-01	2.448284e-01
7.050000e-01	2.886985e-01
7.075000e-01	3.446513e-01
7.100000e-01	4.171010e-01
7.125000e-01	5.123243e-01
7.150000e-01	6.391155e-01
7.175000e-01	8.091702e-01
7.200000e-01	1.035824e+00
7.225000e-01	1.327293e+00
7.250000e-01	1.667122e+00
7.275000e-01	1.981419e+00
7.300000e-01	2.136869e+00
7.325000e-01	2.042092e+00
7.350000e-01	1.754858e+00
7.375000e-01	1.411572e+00
7.400000e-01	1.104435e+00
7.425000e-01	8.614230e-01
7.450000e-01	6.780987e-01
7.475000e-01	5.414317e-01
7.500000e-01	4.390609e-01
7.525000e-01	3.614548e-01
7.550000e-01	3.017530e-01
7.575000e-01	2.551227e-01
7.600000e-01	2.181634e-01
7.625000e-01	1.884637e-01
7.650000e-01	1.642931e-01
7.675000e-01	1.443926e-01
7.700000e-01	1.278336e-01
7.725000e-01	1.139215e-01
7.750000e-01	1.021299e-01
7.775000e-01	9.205496e-02
7.800000e-01	8.338335e-02
7.825000e-01	7.586909e-02
7.850000e-01	6.931722e-02
7.875000e-01	6.357176e-02
7.900000e-01	5.850678e-02
7.925000e-01	5.401980e-02
7.950000e-01	5.002679e-02
7.975000e-01	4.645831e-02
8.000000e-01	4.325665e-02
8.025000e-01	4.037350e-02
8.050000e-01	3.776823e-02
8.075000e-01	3.540642e-02
8.100000e-01	3.325882e-02
8.125000e-01	3.130040e-02
8.150000e-01	2.950967e-02
8.175000e-01	2.786811e-02
8.200000e-01	2.635967e-02
8.225000e-01	2.497037e-02
8.250000e-01	2.368805e-02
8.275000e-01	2.250202e-02
8.300000e-01	2.140293e-02
8.325000e-01	2.038249e-02
8.350000e-01	1.943341e-02
8.375000e-01	1.854919e-02
8.400000e-01	1.772408e-02
8.425000e-01	1.695294e-02
8.450000e-01	1.623116e-02
8.475000e-01	1.555465e-02
8.500000e-01	1.491969e-02
8.525000e-01	1.432296e-02
8.550000e-01	1.376146e-02
8.575000e-01	1.323247e-02
8.600000e-01	1.273354e-02
8.625000e-01	1.226243e-02
8.650000e-01	1.181712e-02
8.675000e-01	1.139577e-02
8.700000e-01	1.099668e-02
8.725000e-01	1.061831e-02
8.750000e-01	1.025927e-02
8.775000e-01	9.918254e-03
8.800000e-01	9.594081e-03
8.825000e-01	9.285661e-03
8.850000e-01	8.991990e-03
8.875000e-01	8.712145e-03
8.900000e-01	8.445272e-03
8.925000e-01	8.190583e-03
8.950000e-01	7.947348e-03
8.975000e-01	7.714891e-03
9.000000e-01	7.492585e-03
9.025000e-01	7.279849e-03
9.050000e-01	7.076141e-03
9.075000e-01	6.880959e-03
9.100000e-01	6.693834e-03
9.125000e-01	6.514328e-03
9.150000e-01	6.342035e-03
9.175000e-01	6.176573e-03
9.200000e-01	6.017586e-03
9.225000e-01	5.864741e-03
9.250000e-01	5.717726e-03
9.275000e-01	5.576249e-03
9.300000e-01	5.440034e-03
9.325000e-01	5.308826e-03
9.350000e-01	5.182380e-03
9.375000e-01	5.060471e-03
9.400000e-01	4.942883e-03
9.425000e-01	4.829416e-03
9.450000e-01	4.719878e-03
9.475000e-01	4.614091e-03
9.500000e-01	4.511886e-03
9.525000e-01	4.413102e-03
9.550000e-01	4.317590e-03
9.575000e-01	4.225205e-03
9.600000e-01	4.135814e-03
9.625000e-01	4.049288e-03
9.650000e-01	3.965507e-03
9.675000e-01	3.884355e-03
9.700000e-01	3.805725e-03
9.725000e-01	3.729512e-03
9.750000e-01	3.655618e-03
9.775000e-01	3.583951e-03
9.800000e-01	3.514422e-03
9.825000e-01	3.446947e-03
9.850000e-01	3.381446e-03
9.875000e-01	3.317843e-03
9.900000e-01	3.256065e-03
9.925000e-01	3.196044e-03
9.950000e-01	3.137712e-03
9.975000e-01	3.081008e-03
1.000000e+00	3.025872e-03
1.002500e+00	2.972246e-03
1.005000e+00	2.920076e-03
1.007500e+00	2.869310e-03
1.010000e+00	2.819897e-03
1.012500e+00	2.771791e-03
1.015000e+00	2.724945e-03
1.017500e+00	2.679317e-03
1.020000e+00	2.634863e-03
1.022500e+00	2.591545e-03
1.025000e+00	2.549324e-03
1.027500e+00	2.508164e-03
1.030000e+00	2.468029e-03
1.032500e+00	2.428885e-03
1.035000e+00	2.390701e-03
1.037500e+00	2.353445e-03
1.040000e+00	2.317087e-03
1.042500e+00	2.281599e-03
1.045000e+00	2.246953e-03
1.047500e+00	2.213124e-03
1.050000e+00	2.180085e-03
1.052500e+00	2.147812e-03
1.055000e+00	2.116282e-03
1.057500e+00	2.085472e-03
1.060000e+00	2.055361e-03
1.062500e+00	2.025927e-03
1.065000e+00	1.997151e-03
1.067500e+00	1.969013e-03
1.070000e+00	1.941494e-03
1.072500e+00	1.914576e-03
1.075000e+00	1.888243e-03
1.077500e+00	1.862477e-03
1.080000e+00	1.837263e-03
1.082500e+00	1.812584e-03
1.085000e+00	1.788425e-03
1.087500e+00	1.764773e-03
1.090000e+00	1.741613e-03
1.092500e+00	1.718932e-03
1.095000e+00	1.696716e-03
1.097500e+00	1.674954e-03
1.100000e+00	1.653632e-03
1.102500e+00	1.632739e-03
1.105000e+00	1.612264e-03
1.107500e+00	1.592196e-03
1.110000e+00	1.572523e-03
1.112500e+00	1.553237e-03
1.115000e+00	1.534326e-03
1.117500e+00	1.515781e-03
1.120000e+00	1.497593e-03
1.122500e+00	1.479753e-03
1.125000e+00	1.462252e-03
1.127500e+00	1.445081e-03
1.130000e+00	1.428232e-03
1.132500e+00	1.411698e-03
1.135000e+00	1.395470e-03
1.137500e+00	1.379542e-03
1.140000e+00	1.363905e-03
1.142500e+00	1.348553e-03
1.145000e+00	1.333479e-03
1.147500e+00	1.318677e-03
1.150000e+00	1.304139e-03
1.152500e+00	1.289861e-03
1.155000e+00	1.275834e-03
1.157500e+00	1.262055e-03
1.160000e+00	1.248517e-03
1.162500e+00	1.235214e-03
1.165000e+00	1.222141e-03
1.167500e+00	1.209293e-03
1.170000e+00	1.196665e-03
1.172500e+00	1.184252e-03
1.175000e+00	1.172049e-03
1.177500e+00	1.160052e-03
1.180000e+00	1.148255e-03
1.182500e+00	1.136655e-03
1.185000e+00	1.125247e-03
1.187500e+00	1.114027e-03
1.190000e+00	1.102991e-03
1.192500e+00	1.092135e-03
1.195000e+00	1.081455e-03
1.197500e+00	1.070948e-03
1.200000e+00	1.060609e-03
1.202500e+00	1.050436e-03
1.205000e+00	1.040424e-03
1.207500e+00	1.030571e-03
1.210000e+00	1.020873e-03
1.212500e+00	1.011327e-03
1.215000e+00	1.001929e-03
1.217500e+00	9.926777e-04
1.220000e+00	9.835690e-04
1.222500e+00	9.746003e-04
1.225000e+00	9.657687e-04
1.227500e+00	9.570716e-04
1.230000e+00	9.485062e-04
1.232500e+00	9.400700e-04
1.235000e+00	9.317605e-04
1.237500e+00	9.235750e-04
1.240000e+00	9.155114e-04
1.242500e+00	9.075671e-04
1.245000e+00	8.997399e-04
1.247500e+00	8.920275e-04
1.250000e+00	8.844278e-04
1.252500e+00	8.769386e-04
1.255000e+00	8.695579e-04
1.257500e+00	8.622835e-04
1.260000e+00	8.551136e-04
1.262500e+00	8.480462e-04
1.265000e+00	8.410793e-04
1.267500e+00	8.342112e-04
1.270000e+00	8.274399e-04
1.272500e+00	8.207639e-04
1.275000e+00	8.141812e-04
1.277500e+00	8.076903e-04
1.280000e+00	8.012895e-04
1.282500e+00	7.949772e-04
1.285000e+00	7.887518e-04
1.287500e+00	7.826117e-04
1.290000e+00	7.765555e-04
1.292500e+00	7.705817e-04
1.295000e+00	7.646888e-04
1.297500e+00	7.588755e-04
1.300000e+00	7.531404e-04
1.302500e+00	7.474820e-04
1.305000e+00	7.418992e-04
1.307500e+00	7.363906e-04
1.310000e+00	7.309550e-04
1.312500e+00	7.255910e-04
1.315000e+00	7.202976e-04
1.317500e+00	7.150735e-04
1.320000e+00	7.099176e-04
1.322500e+00	7.048288e-04
1.325000e+00	6.998058e-04
1.327500e+00	6.948478e-04
1.330000e+00	6.899535e-04
1.332500e+00	6.851220e-04
1.335000e+00	6.803522e-04
1.337500e+00	6.756432e-04
1.340000e+00	6.709939e-04
1.342500e+00	6.664034e-04
1.345000e+00	6.618708e-04
1.347500e+00	6.573952e-04
1.350000e+00	6.529756e-04
1.352500e+00	6.486112e-04
1.355000e+00	6.443011e-04
1.357500e+00	6.400444e-04
1.360000e+00	6.358404e-04
1.362500e+00	6.316882e-04
1.365000e+00	6.275871e-04
1.367500e+00	6.235361e-04
1.370000e+00	6.195347e-04
1.372500e+00	6.155820e-04
1.375000e+00	6.116773e-04
1.377500e+00	6.078199e-04
1.380000e+00	6.040090e-04
1.382500e+00	6.002440e-04
1.385000e+00	5.965242e-04
1.387500e+00	5.928490e-04
1.390000e+00	5.892176e-04
1.392500e+00	5.856294e-04
1.395000e+00	5.820839e-04
1.397500e+00	5.785803e-04
1.400000e+00	5.751182e-04
1.402500e+00	5.716968e-04
1.405000e+00	5.683156e-04
1.407500e+00	5.649741e-04
1.410000e+00	5.616716e-04
1.412500e+00	5.584076e-04
1.415000e+00	5.551817e-04
1.417500e+00	5.519932e-04
1.420000e+00	5.488416e-04
1.422500e+00	5.457264e-04
1.425000e+00	5.426472e-04
1.427500e+00	5.396034e-04
1.430000e+00	5.365945e-04
1.432500e+00	5.336201e-04
1.435000e+00	5.306797e-04
1.437500e+00	5.277729e-04
1.440000e+00	5.248991e-04
1.442500e+00	5.220580e-04
1.445000e+00	5.192492e-04
1.447500e+00	5.164721e-04
1.450000e+00	5.137264e-04
1.452500e+00	5.110117e-04
1.455000e+00	5.083276e-04
1.457500e+00	5.056737e-04
1.460000e+00	5.030495e-04
1.462500e+00	5.004547e-04
1.465000e+00	4.978890e-04
1.467500e+00	4.953520e-04
1.470000e+00	4.928432e-04
1.472500e+00	4.903624e-04
1.475000e+00	4.879092e-04
1.477500e+00	4.854832e-04
1.480000e+00	4.830842e-04
1.482500e+00	4.807118e-04
1.485000e+00	4.783656e-04
1.487500e+00	4.760454e-04
1.490000e+00	4.737508e-04
1.492500e+00	4.714815e-04
1.495000e+00	4.692373e-04
1.497500e+00	4.670178e-04
1.500000e+00	4.648227e-04
1.502500e+00	4.626518e-04
1.505000e+00	4.605047e-04
1.507500e+00	4.583813e-04
1.510000e+00	4.562811e-04
1.512500e+00	4.542040e-04
1.515000e+00	4.521497e-04
1.517500e+00	4.501179e-04
1.520000e+00	4.481084e-04
1.522500e+00	4.461209e-04
1.525000e+00	4.441552e-04
1.527500e+00	4.422111e-04
1.530000e+00	4.402882e-04
1.532500e+00	4.383865e-04
1.535000e+00	4.365056e-04
1.537500e+00	4.346453e-04
1.540000e+00	4.328054e-04
1.542500e+00	4.309857e-04
1.545000e+00	4.291859e-04
1.547500e+00	4.274060e-04
1.550000e+00	4.256456e-04
1.552500e+00	4.239045e-04
1.555000e+00	4.221826e-04
1.557500e+00	4.204797e-04
1.560000e+00	4.187956e-04
1.562500e+00	4.171301e-04
1.565000e+00	4.154830e-04
1.567500e+00	4.138541e-04
1.570000e+00	4.122432e-04
1.572500e+00	4.106503e-04
1.575000e+00	4.090750e-04
1.577500e+00	4.075173e-04
1.580000e+00	4.059770e-04
1.582500e+00	4.044539e-04
1.585000e+00	4.029478e-04
1.587500e+00	4.014587e-04
1.590000e+00	3.999863e-04
1.592500e+00	3.985305e-04
1.595000e+00	3.970912e-04
1.597500e+00	3.956682e-04
1.600000e+00	3.942614e-04
1.602500e+00	3.928706e-04
1.605000e+00	3.914957e-04
1.607500e+00	3.901366e-04
1.610000e+00	3.887931e-04
1.612500e+00	3.874651e-04
1.615000e+00	3.861526e-04
1.617500e+00	3.848553e-04
1.620000e+00	3.835731e-04
1.622500e+00	3.823060e-04
1.625000e+00	3.810538e-04
1.627500e+00	3.798165e-04
1.630000e+00	3.785938e-04
1.632500e+00	3.773858e-04
1.635000e+00	3.761922e-04
1.637500e+00	3.750131e-04
1.640000e+00	3.738482e-04
1.642500e+00	3.726976e-04
1.645000e+00	3.715610e-04
1.647500e+00	3.704385e-04
1.650000e+00	3.693299e-04
1.652500e+00	3.682352e-04
1.655000e+00	3.671542e-04
1.657500e+00	3.660869e-04
1.660000e+00	3.650332e-04
1.662500e+00	3.639931e-04
1.665000e+00	3.629664e-04
1.667500e+00	3.619531e-04
1.670000e+00	3.609531e-04
1.672500e+00	3.599664e-04
1.675000e+00	3.589928e-04
1.677500e+00	3.580324e-04
1.680000e+00	3.570850e-04
1.682500e+00	3.561507e-04
1.685000e+00	3.552293e-04
1.687500e+00	3.543208e-04
1.690000e+00	3.534252e-04
1.692500e+00	3.525424e-04
1.695000e+00	3.516724e-04
1.697500e+00	3.508151e-04
1.700000e+00	3.499704e-04
1.702500e+00	3.491385e-04
1.705000e+00	3.483191e-04
1.707500e+00	3.475123e-04
1.710000e+00	3.467181e-04
1.712500e+00	3.459364e-04
1.715000e+00	3.451672e-04
1.717500e+00	3.444106e-04
1.720000e+00	3.436663e-04
1.722500e+00	3.429346e-04
1.725000e+00	3.422153e-04
1.727500e+00	3.415084e-04
1.730000e+00	3.408139e-04
1.732500e+00	3.401319e-04
1.735000e+00	3.394623e-04
1.737500e+00	3.388051e-04
1.740000e+00	3.381603e-04
1.742500e+00	3.375280e-04
1.745000e+00	3.369082e-04
1.747500e+00	3.363008e-04
1.750000e+00	3.357059e-04
1.752500e+00	3.351235e-04
1.755000e+00	3.345536e-04
1.757500e+00	3.339963e-04
1.760000e+00	3.334516e-04
1.762500e+00	3.329195e-04
1.765000e+00	3.324001e-04
1.767500e+00	3.318935e-04
1.770000e+00	3.313995e-04
1.772500e+00	3.309184e-04
1.775000e+00	3.304502e-04
1.777500e+00	3.299949e-04
1.780000e+00	3.295526e-04
1.782500e+00	3.291234e-04
1.785000e+00	3.287073e-04
1.787500e+00	3.283044e-04
1.790000e+00	3.279149e-04
1.792500e+00	3.275387e-04
1.795000e+00	3.271760e-04
1.797500e+00	3.268269e-04
1.800000e+00	3.264915e-04
1.802500e+00	3.261699e-04
1.805000e+00	3.258623e-04
1.807500e+00	3.255686e-04
1.810000e+00	3.252892e-04
1.812500e+00	3.250240e-04
1.815000e+00	3.247734e-04
1.817500e+00	3.245373e-04
1.820000e+00	3.243160e-04
1.822500e+00	3.241096e-04
1.825000e+00	3.239183e-04
1.827500e+00	3.237423e-04
1.830000e+00	3.235818e-04
1.832500e+00	3.234370e-04
1.835000e+00	3.233080e-04
1.837500e+00	3.231951e-04
1.840000e+00	3.230986e-04
1.842500e+00	3.230187e-04
1.845000e+00	3.229555e-04
1.847500e+00	3.229095e-04
1.850000e+00	3.228808e-04
1.852500e+00	3.228697e-04
1.855000e+00	3.228766e-04
1.857500e+00	3.229018e-04
1.860000e+00	3.229455e-04
1.862500e+00	3.230082e-04
1.865000e+00	3.230901e-04
1.867500e+00	3.231917e-04
1.870000e+00	3.233133e-04
1.872500e+00	3.234554e-04
1.875000e+00	3.236184e-04
1.877500e+00	3.238027e-04
1.880000e+00	3.240089e-04
1.882500e+00	3.242373e-04
1.885000e+00	3.244885e-04
1.887500e+00	3.247632e-04
1.890000e+00	3.250617e-04
1.892500e+00	3.253847e-04
1.895000e+00	3.257329e-04
1.897500e+00	3.261069e-04
1.900000e+00	3.265073e-04
1.902500e+00	3.269350e-04
1.905000e+00	3.273906e-04
1.907500e+00	3.278750e-04
1.910000e+00	3.283890e-04
1.912500e+00	3.289334e-04
1.915000e+00	3.295092e-04
1.917500e+00	3.301174e-04
1.920000e+00	3.307590e-04
1.922500e+00	3.314351e-04
1.925000e+00	3.321468e-04
1.927500e+00	3.328953e-04
1.930000e+00	3.336819e-04
1.932500e+00	3.345080e-04
1.935000e+00	3.353749e-04
1.937500e+00	3.362842e-04
1.940000e+00	3.372375e-04
1.942500e+00	3.382365e-04
1.945000e+00	3.392829e-04
1.947500e+00	3.403786e-04
1.950000e+00	3.415258e-04
1.952500e+00	3.427264e-04
1.955000e+00	3.439829e-04
1.957500e+00	3.452977e-04
1.960000e+00	3.466733e-04
1.962500e+00	3.481126e-04
1.965000e+00	3.496185e-04
1.967500e+00	3.511942e-04
1.970000e+00	3.528432e-04
1.972500e+00	3.545690e-04
1.975000e+00	3.563756e-04
1.977500e+00	3.582672e-04
1.980000e+00	3.602484e-04
1.982500e+00	3.623241e-04
1.985000e+00	3.644996e-04
1.987500e+00	3.667806e-04
1.990000e+00	3.691733e-04
1.992500e+00	3.716845e-04
1.995000e+00	3.743216e-04
1.997500e+00	3.770925e-04
2.000000e+00	3.800059e-04
2.002500e+00	3.830714e-04
2.005000e+00	3.862995e-04
2.007500e+00	3.897016e-04
2.010000e+00	3.932905e-04
2.012500e+00	3.970801e-04
2.015000e+00	4.010859e-04
2.017500e+00	4.053251e-04
2.020000e+00	4.098169e-04
2.022500e+00	4.145825e-04
2.025000e+00	4.196460e-04
2.027500e+00	4.250343e-04
2.030000e+00	4.307777e-04
2.032500e+00	4.369107e-04
2.035000e+00	4.434725e-04
2.037500e+00	4.505079e-04
2.040000e+00	4.580682e-04
2.042500e+00	4.662129e-04
2.045000e+00	4.750107e-04
2.047500e+00	4.845423e-04
2.050000e+00	4.949019e-04
2.052500e+00	5.062015e-04
2.055000e+00	5.185742e-04
2.057500e+00	5.321802e-04
2.060000e+00	5.472136e-04
2.062500e+00	5.639117e-04
2.065000e+00	5.825681e-04
2.067500e+00	6.035500e-04
2.070000e+00	6.273217e-04
2.072500e+00	6.544789e-04
2.075000e+00	6.857962e-04
2.077500e+00	7.222956e-04
2.080000e+00	7.653465e-04
2.082500e+00	8.168095e-04
2.085000e+00	8.792425e-04
2.087500e+00	9.561770e-04
2.090000e+00	1.052435e-03
2.092500e+00	1.174292e-03
2.095000e+00	1.328812e-03
2.097500e+00	1.520673e-03
2.100000e+00	1.744143e-03
2.102500e+00	1.973983e-03
2.105000e+00	2.177020e-03
2.107500e+00	2.354102e-03
2.110000e+00	2.551286e-03
2.112500e+00	2.807686e-03
2.115000e+00	3.102485e-03
2.117500e+00	3.348091e-03
2.120000e+00	3.464498e-03
2.122500e+00	3.477155e-03
2.125000e+00	3.475897e-03
2.127500e+00	3.498862e-03
2.130000e+00	3.521964e-03
2.132500e+00	3.544334e-03
2.135000e+00	3.622113e-03
2.137500e+00	3.802977e-03
2.140000e+00	4.063900e-03
2.142500e+00	4.313905e-03
2.145000e+00	4.485174e-03
2.147500e+00	4.625200e-03
2.150000e+00	4.826928e-03
2.152500e+00	5.081311e-03
2.155000e+00	5.231220e-03
2.157500e+00	5.106468e-03
2.160000e+00	4.731187e-03
2.162500e+00	4.294729e-03
2.165000e+00	3.960026e-03
2.167500e+00	3.797373e-03
2.170000e+00	3.823058e-03
2.172500e+00	4.033804e-03
2.175000e+00	4.406670e-03
2.177500e+00	4.872858e-03
2.180000e+00	5.311645e-03
2.182500e+00	5.640527e-03
2.185000e+00	5.919120e-03
2.187500e+00	6.255159e-03
2.190000e+00	6.608888e-03
2.192500e+00	6.752342e-03
2.195000e+00	6.493252e-03
2.197500e+00	5.926818e-03
2.200000e+00	5.323319e-03
2.202500e+00	4.879155e-03
2.205000e+00	4.663985e-03
2.207500e+00	4.671345e-03
2.210000e+00	4.840993e-03
2.212500e+00	5.050401e-03
2.215000e+00	5.159946e-03
2.217500e+00	5.143547e-03
2.220000e+00	5.117773e-03
2.222500e+00	5.200562e-03
2.225000e+00	5.401595e-03
2.227500e+00	5.629177e-03
2.230000e+00	5.802796e-03
2.232500e+00	5.966654e-03
2.235000e+00	6.220400e-03
2.237500e+00	6.561600e-03
2.240000e+00	6.858951e-03
2.242500e+00	7.002884e-03
2.245000e+00	7.022576e-03
2.247500e+00	6.971831e-03
2.250000e+00	6.855975e-03
2.252500e+00	6.744103e-03
2.255000e+00	6.771335e-03
2.257500e+00	6.984395e-03
2.260000e+00	7.234316e-03
2.262500e+00	7.226827e-03
2.265000e+00	6.790640e-03
2.267500e+00	6.072569e-03
2.270000e+00	5.345861e-03
2.272500e+00	4.777778e-03
2.275000e+00	4.415628e-03
2.277500e+00	4.254944e-03
2.280000e+00	4.282905e-03
2.282500e+00	4.489560e-03
2.285000e+00	4.857510e-03
2.287500e+00	5.342102e-03
2.290000e+00	5.881487e-03
2.292500e+00	6.468500e-03
2.295000e+00	7.175223e-03
2.297500e+00	8.020112e-03
2.300000e+00	8.806008e-03
2.302500e+00	9.160197e-03
2.305000e+00	8.899632e-03
2.307500e+00	8.281421e-03
2.310000e+00	7.719763e-03
2.312500e+00	7.465402e-03
2.315000e+00	7.565061e-03
2.317500e+00	7.888531e-03
2.320000e+00	8.131212e-03
2.322500e+00	7.965261e-03
2.325000e+00	7.355228e-03
2.327500e+00	6.577602e-03
2.330000e+00	5.912480e-03
2.332500e+00	5.489535e-03
2.335000e+00	5.332373e-03
2.337500e+00	5.413105e-03
2.340000e+00	5.651226e-03
2.342500e+00	5.890564e-03
2.345000e+00	5.960214e-03
2.347500e+00	5.840560e-03
2.350000e+00	5.691834e-03
2.352500e+00	5.692824e-03
2.355000e+00	5.943319e-03
2.357500e+00	6.463772e-03
2.360000e+00	7.175993e-03
2.362500e+00	7.843402e-03
2.365000e+00	8.121198e-03
2.367500e+00	7.857864e-03
2.370000e+00	7.280425e-03
2.372500e+00	6.737462e-03
2.375000e+00	6.444120e-03
2.377500e+00	6.483722e-03
2.380000e+00	6.885355e-03
2.382500e+00	7.652104e-03
2.385000e+00	8.714210e-03
2.387500e+00	9.816188e-03
2.390000e+00	1.048242e-02
2.392500e+00	1.034205e-02
2.395000e+00	9.556692e-03
2.397500e+00	8.634792e-03
2.400000e+00	7.962364e-03
2.402500e+00	7.674992e-03
2.405000e+00	7.723784e-03
2.407500e+00	7.898593e-03
2.410000e+00	7.871202e-03
2.412500e+00	7.430864e-03
2.415000e+00	6.696287e-03
2.417500e+00	5.945260e-03
2.420000e+00	5.362217e-03
2.422500e+00	5.006220e-03
2.425000e+00	4.876653e-03
2.427500e+00	4.952957e-03
2.430000e+00	5.190535e-03
2.432500e+00	5.490431e-03
2.435000e+00	5.705271e-03
2.437500e+00	5.755941e-03
2.440000e+00	5.733655e-03
2.442500e+00	5.811261e-03
2.445000e+00	6.121705e-03
2.447500e+00	6.742991e-03
2.450000e+00	7.712603e-03
2.452500e+00	8.986793e-03
2.455000e+00	1.032285e-02
2.457500e+00	1.121299e-02
2.460000e+00	1.119282e-02
2.462500e+00	1.036026e-02
2.465000e+00	9.267570e-03
2.467500e+00	8.382308e-03
2.470000e+00	7.900439e-03
2.472500e+00	7.839754e-03
2.475000e+00	8.104944e-03
2.477500e+00	8.469413e-03
2.480000e+00	8.619688e-03
2.482500e+00	8.407676e-03
2.485000e+00	8.020244e-03
2.487500e+00	7.765742e-03
2.490000e+00	7.833706e-03
2.492500e+00	8.246799e-03
2.495000e+00	8.842154e-03
2.497500e+00	9.245666e-03
2.500000e+00	9.062252e-03
2.502500e+00	8.270087e-03
2.505000e+00	7.224933e-03
2.507500e+00	6.268844e-03
2.510000e+00	5.548962e-03
2.512500e+00	5.084373e-03
2.515000e+00	4.854611e-03
2.517500e+00	4.842057e-03
2.520000e+00	5.043761e-03
2.522500e+00	5.466154e-03
2.525000e+00	6.098529e-03
2.527500e+00	6.851593e-03
2.530000e+00	7.488710e-03
2.532500e+00	7.704465e-03
2.535000e+00	7.421799e-03
2.537500e+00	6.895369e-03
2.540000e+00	6.436575e-03
2.542500e+00	6.218999e-03
2.545000e+00	6.307701e-03
2.547500e+00	6.733855e-03
2.550000e+00	7.527846e-03
2.552500e+00	8.699904e-03
2.555000e+00	1.015151e-02
2.557500e+00	1.152971e-02
2.560000e+00	1.223907e-02
2.562500e+00	1.191646e-02
2.565000e+00	1.087229e-02
2.567500e+00	9.734869e-03
2.570000e+00	8.926017e-03
2.572500e+00	8.590046e-03
2.575000e+00	8.705338e-03
2.577500e+00	9.111489e-03
2.580000e+00	9.470465e-03
2.582500e+00	9.386561e-03
2.585000e+00	8.765374e-03
2.587500e+00	7.905571e-03
2.590000e+00	7.156966e-03
2.592500e+00	6.701432e-03
2.595000e+00	6.588478e-03
2.597500e+00	6.802889e-03
2.600000e+00	7.259997e-03
2.602500e+00	7.741941e-03
2.605000e+00	7.907633e-03
2.607500e+00	7.546658e-03
2.610000e+00	6.810509e-03
2.612500e+00	6.018208e-03
2.615000e+00	5.377447e-03
2.617500e+00	4.953114e-03
2.620000e+00	4.744791e-03
2.622500e+00	4.741754e-03
2.625000e+00	4.944706e-03
2.627500e+00	5.369677e-03
2.630000e+00	6.037762e-03
2.632500e+00	6.937946e-03
2.635000e+00	7.944660e-03
2.637500e+00	8.738404e-03
2.640000e+00	8.941237e-03
2.642500e+00	8.504511e-03
2.645000e+00	7.780288e-03
2.647500e+00	7.149238e-03
2.650000e+00	6.806967e-03
2.652500e+00	6.818345e-03
2.655000e+00	7.209887e-03
2.657500e+00	8.008995e-03
2.660000e+00	9.224360e-03
2.662500e+00	1.075107e-02
2.665000e+00	1.220884e-02
2.667500e+00	1.293635e-02
2.670000e+00	1.249337e-02
2.672500e+00	1.117637e-02
2.675000e+00	9.661633e-03
2.677500e+00	8.410379e-03
2.680000e+00	7.579840e-03
2.682500e+00	7.181614e-03
2.685000e+00	7.196446e-03
2.687500e+00	7.607665e-03
2.690000e+00	8.369971e-03
2.692500e+00	9.312066e-03
2.695000e+00	1.003308e-02
2.697500e+00	1.004637e-02
2.700000e+00	9.246538e-03
2.702500e+00	8.026771e-03
2.705000e+00	6.831965e-03
2.707500e+00	5.875891e-03
2.710000e+00	5.195044e-03
2.712500e+00	4.761355e-03
2.715000e+00	4.541224e-03
2.717500e+00	4.514475e-03
2.720000e+00	4.675153e-03
2.722500e+00	5.019408e-03
2.725000e+00	5.512156e-03
2.727500e+00	6.030029e-03
2.730000e+00	6.347299e-03
2.732500e+00	6.294397e-03
2.735000e+00	5.955929e-03
2.737500e+00	5.575293e-03
2.740000e+00	5.338487e-03
2.742500e+00	5.328200e-03
2.745000e+00	5.578257e-03
2.747500e+00	6.114989e-03
2.750000e+00	6.959227e-03
2.752500e+00	8.078595e-03
2.755000e+00	9.279110e-03
2.757500e+00	1.012798e-02
2.760000e+00	1.018739e-02
2.762500e+00	9.488023e-03
2.765000e+00	8.500232e-03
2.767500e+00	7.656727e-03
2.770000e+00	7.154986e-03
2.772500e+00	7.048045e-03
2.775000e+00	7.349348e-03
2.777500e+00	8.069605e-03
2.780000e+00	9.185224e-03
2.782500e+00	1.052762e-02
2.785000e+00	1.164500e-02
2.787500e+00	1.192647e-02
2.790000e+00	1.116770e-02
2.792500e+00	9.819291e-03
2.795000e+00	8.472179e-03
2.797500e+00	7.446387e-03
2.800000e+00	6.825722e-03
2.802500e+00	6.596715e-03
2.805000e+00	6.708501e-03
2.807500e+00	7.046178e-03
2.810000e+00	7.364060e-03
2.812500e+00	7.329217e-03
2.815000e+00	6.794200e-03
2.817500e+00	5.951481e-03
2.820000e+00	5.090773e-03
2.822500e+00	4.371508e-03
2.825000e+00	3.827113e-03
2.827500e+00	3.438092e-03
2.830000e+00	3.175676e-03
2.832500e+00	3.017146e-03
2.835000e+00	2.949091e-03
2.837500e+00	2.967007e-03
2.840000e+00	3.073506e-03
2.842500e+00	3.273445e-03
2.845000e+00	3.560283e-03
2.847500e+00	3.887546e-03
2.850000e+00	4.144480e-03
2.852500e+00	4.208547e-03
2.855000e+00	4.074350e-03
2.857500e+00	3.864025e-03
2.860000e+00	3.700871e-03
2.862500e+00	3.646083e-03
2.865000e+00	3.720249e-03
2.867500e+00	3.934652e-03
2.870000e+00	4.308067e-03
2.872500e+00	4.873623e-03
2.875000e+00	5.679032e-03
2.877500e+00	6.773504e-03
2.880000e+00	8.159202e-03
2.882500e+00	9.678442e-03
2.885000e+00	1.089517e-02
2.887500e+00	1.126375e-02
2.890000e+00	1.067985e-02
2.892500e+00	9.628184e-03
2.895000e+00	8.663633e-03
2.897500e+00	8.078200e-03
2.900000e+00	7.962568e-03
2.902500e+00	8.328692e-03
2.905000e+00	9.139149e-03
2.907500e+00	1.022826e-02
2.910000e+00	1.117254e-02
2.912500e+00	1.137773e-02
2.915000e+00	1.059417e-02
2.917500e+00	9.201232e-03
2.920000e+00	7.750956e-03
2.922500e+00	6.548092e-03
2.925000e+00	5.662232e-03
2.927500e+00	5.065328e-03
2.930000e+00	4.713381e-03
2.932500e+00	4.574460e-03
2.935000e+00	4.630917e-03
2.937500e+00	4.865006e-03
2.940000e+00	5.222278e-03
2.942500e+00	5.560241e-03
2.945000e+00	5.665209e-03
2.947500e+00	5.427551e-03
2.950000e+00	4.967532e-03
2.952500e+00	4.488921e-03
2.955000e+00	4.114197e-03
2.957500e+00	3.878070e-03
2.960000e+00	3.777593e-03
2.962500e+00	3.804750e-03
2.965000e+00	3.959362e-03
2.967500e+00	4.253467e-03
2.970000e+00	4.712917e-03
2.972500e+00	5.375949e-03
2.975000e+00	6.281437e-03
2.977500e+00	7.427812e-03
2.980000e+00	8.680332e-03
2.982500e+00	9.681127e-03
2.985000e+00	1.000359e-02
2.987500e+00	9.595912e-03
2.990000e+00	8.865510e-03
2.992500e+00	8.255235e-03
2.995000e+00	7.998636e-03
2.997500e+00	8.181321e-03
3.000000e+00	8.843282e-03
3.002500e+00	1.001089e-02
3.005000e+00	1.163995e-02
3.007500e+00	1.345481e-02
3.010000e+00	1.479832e-02
3.012500e+00	1.492096e-02
3.015000e+00	1.374342e-02
3.017500e+00	1.195266e-02
3.020000e+00	1.025684e-02
3.022500e+00	8.985416e-03
3.025000e+00	8.202405e-03
3.027500e+00	7.884953e-03
3.030000e+00	8.010853e-03
3.032500e+00	8.576263e-03
3.035000e+00	9.560601e-03
3.037500e+00	1.082184e-02
3.040000e+00	1.194635e-02
3.042500e+00	1.230360e-02
3.045000e+00	1.157342e-02
3.047500e+00	1.011900e-02
3.050000e+00	8.545685e-03
3.052500e+00	7.210012e-03
3.055000e+00	6.201456e-03
3.057500e+00	5.490663e-03
3.060000e+00	5.023860e-03
3.062500e+00	4.757379e-03
3.065000e+00	4.665710e-03
3.067500e+00	4.741522e-03
3.070000e+00	4.993253e-03
3.072500e+00	5.438244e-03
3.075000e+00	6.081222e-03
3.077500e+00	6.860632e-03
3.080000e+00	7.572320e-03
3.082500e+00	7.899235e-03
3.085000e+00	7.685063e-03
3.087500e+00	7.127643e-03
3.090000e+00	6.551984e-03
3.092500e+00	6.158444e-03
3.095000e+00	6.015578e-03
3.097500e+00	6.139535e-03
3.100000e+00	6.546088e-03
3.102500e+00	7.270524e-03
3.105000e+00	8.366201e-03
3.107500e+00	9.872677e-03
3.110000e+00	1.171915e-02
3.112500e+00	1.355044e-02
3.115000e+00	1.467506e-02
3.117500e+00	1.454765e-02
3.120000e+00	1.340683e-02
3.122500e+00	1.200448e-02
3.125000e+00	1.091685e-02
3.127500e+00	1.037998e-02
3.130000e+00	1.045228e-02
3.132500e+00	1.113809e-02
3.135000e+00	1.238675e-02
3.137500e+00	1.396519e-02
3.140000e+00	1.528749e-02
3.142500e+00	1.557595e-02
3.145000e+00	1.457408e-02
3.147500e+00	1.284792e-02
3.150000e+00	1.113284e-02
3.152500e+00	9.822050e-03
3.155000e+00	9.016006e-03
3.157500e+00	8.706051e-03
3.160000e+00	8.876033e-03
3.162500e+00	9.525943e-03
3.165000e+00	1.063431e-02
3.167500e+00	1.204176e-02
3.170000e+00	1.328528e-02
3.172500e+00	1.366548e-02
3.175000e+00	1.283694e-02
3.177500e+00	1.121108e-02
3.180000e+00	9.457452e-03
3.182500e+00	7.965520e-03
3.185000e+00	6.829827e-03
3.187500e+00	6.014244e-03
3.190000e+00	5.455105e-03
3.192500e+00	5.098252e-03
3.195000e+00	4.906984e-03
3.197500e+00	4.861439e-03
3.200000e+00	4.956908e-03
3.202500e+00	5.203215e-03
3.205000e+00	5.625255e-03
3.207500e+00	6.263002e-03
3.210000e+00	7.165180e-03
3.212500e+00	8.360793e-03
3.215000e+00	9.779878e-03
3.217500e+00	1.112662e-02
3.220000e+00	1.188863e-02
3.222500e+00	1.175112e-02
3.225000e+00	1.098801e-02
3.227500e+00	1.015676e-02
3.230000e+00	9.641110e-03
3.232500e+00	9.598434e-03
3.235000e+00	1.008846e-02
3.237500e+00	1.115693e-02
3.240000e+00	1.283268e-02
3.242500e+00	1.501872e-02
3.245000e+00	1.726579e-02
3.247500e+00	1.865941e-02
3.250000e+00	1.838334e-02
3.252500e+00	1.662197e-02
3.255000e+00	1.432961e-02
3.257500e+00	1.228290e-02
3.260000e+00	1.078112e-02
3.262500e+00	9.850182e-03
3.265000e+00	9.441769e-03
3.267500e+00	9.522244e-03
3.270000e+00	1.009922e-02
3.272500e+00	1.121902e-02
3.275000e+00	1.293035e-02
3.277500e+00	1.517175e-02
3.280000e+00	1.754206e-02
3.282500e+00	1.913549e-02
3.285000e+00	1.902282e-02
3.287500e+00	1.724254e-02
3.290000e+00	1.475131e-02
3.292500e+00	1.242340e-02
3.295000e+00	1.062607e-02
3.297500e+00	9.402889e-03
3.300000e+00	8.693515e-03
3.302500e+00	8.429448e-03
3.305000e+00	8.540201e-03
3.307500e+00	8.898291e-03
3.310000e+00	9.241226e-03
3.312500e+00	9.222407e-03
3.315000e+00	8.701413e-03
3.317500e+00	7.892386e-03
3.320000e+00	7.101202e-03
3.322500e+00	6.495584e-03
3.325000e+00	6.116122e-03
3.327500e+00	5.953729e-03
3.330000e+00	5.995705e-03
3.332500e+00	6.243366e-03
3.335000e+00	6.718102e-03
3.337500e+00	7.463581e-03
3.340000e+00	8.542674e-03
3.342500e+00	1.001580e-02
3.345000e+00	1.186793e-02
3.347500e+00	1.385056e-02
3.350000e+00	1.534838e-02
3.352500e+00	1.568078e-02
3.355000e+00	1.482694e-02
3.357500e+00	1.347581e-02
3.360000e+00	1.231469e-02
3.362500e+00	1.167864e-02
3.365000e+00	1.167152e-02
3.367500e+00	1.233489e-02
3.370000e+00	1.372066e-02
3.372500e+00	1.586804e-02
3.375000e+00	1.865726e-02
3.377500e+00	2.151649e-02
3.380000e+00	2.327084e-02
3.382500e+00	2.285821e-02
3.385000e+00	2.049776e-02
3.387500e+00	1.740996e-02
3.390000e+00	1.459263e-02
3.392500e+00	1.242319e-02
3.395000e+00	1.091737e-02
3.397500e+00	9.984735e-03
3.400000e+00	9.541690e-03
3.402500e+00	9.545194e-03
3.405000e+00	9.998604e-03
3.407500e+00	1.094669e-02
3.410000e+00	1.245197e-02
3.412500e+00	1.451638e-02
3.415000e+00	1.689321e-02
3.417500e+00	1.885211e-02
3.420000e+00	1.936849e-02
3.422500e+00	1.806612e-02
3.425000e+00	1.567288e-02
3.427500e+00	1.317379e-02
3.430000e+00	1.109510e-02
3.432500e+00	9.549010e-03
3.435000e+00	8.478046e-03
3.437500e+00	7.795808e-03
3.440000e+00	7.435836e-03
3.442500e+00	7.362339e-03
3.445000e+00	7.569925e-03
3.447500e+00	8.080013e-03
3.450000e+00	8.929608e-03
3.452500e+00	1.013408e-02
3.455000e+00	1.159129e-02
3.457500e+00	1.293768e-02
3.460000e+00	1.358165e-02
3.462500e+00	1.319525e-02
3.465000e+00	1.211408e-02
3.467500e+00	1.094736e-02
3.470000e+00	1.008371e-02
3.472500e+00	9.655745e-03
3.475000e+00	9.687043e-03
3.477500e+00	1.019144e-02
3.480000e+00	1.120764e-02
3.482500e+00	1.278604e-02
3.485000e+00	1.490878e-02
3.487500e+00	1.730125e-02
3.490000e+00	1.923111e-02
3.492500e+00	1.977830e-02
3.495000e+00	1.874682e-02
3.497500e+00	1.692376e-02
3.500000e+00	1.522106e-02
3.502500e+00	1.411328e-02
3.505000e+00	1.374108e-02
3.507500e+00	1.413904e-02
3.510000e+00	1.535624e-02
3.512500e+00	1.748013e-02
3.515000e+00	2.056636e-02
3.517500e+00	2.440896e-02
3.520000e+00	2.813359e-02
3.522500e+00	3.009936e-02
3.525000e+00	2.905038e-02
3.527500e+00	2.554837e-02
3.530000e+00	2.127108e-02
3.532500e+00	1.743193e-02
3.535000e+00	1.443219e-02
3.537500e+00	1.224292e-02
3.540000e+00	1.071786e-02
3.542500e+00	9.720588e-03
3.545000e+00	9.155760e-03
3.547500e+00	8.963510e-03
3.550000e+00	9.091614e-03
3.552500e+00	9.437332e-03
3.555000e+00	9.775988e-03
3.557500e+00	9.804540e-03
3.560000e+00	9.399516e-03
3.562500e+00	8.753690e-03
3.565000e+00	8.145120e-03
3.567500e+00	7.730916e-03
3.570000e+00	7.556280e-03
3.572500e+00	7.624573e-03
3.575000e+00	7.940143e-03
3.577500e+00	8.526324e-03
3.580000e+00	9.433983e-03
3.582500e+00	1.074778e-02
3.585000e+00	1.258855e-02
3.587500e+00	1.509661e-02
3.590000e+00	1.835197e-02
3.592500e+00	2.215100e-02
3.595000e+00	2.564832e-02
3.597500e+00	2.738136e-02
3.600000e+00	2.643410e-02
3.602500e+00	2.353421e-02
3.605000e+00	2.018766e-02
3.607500e+00	1.738322e-02
3.610000e+00	1.543423e-02
3.612500e+00	1.433578e-02
3.615000e+00	1.402053e-02
3.617500e+00	1.445873e-02
3.620000e+00	1.567568e-02
3.622500e+00	1.771002e-02
3.625000e+00	2.047194e-02
3.627500e+00	2.345226e-02
3.630000e+00	2.550546e-02
3.632500e+00	2.544063e-02
3.635000e+00	2.328110e-02
3.637500e+00	2.023263e-02
3.640000e+00	1.741726e-02
3.642500e+00	1.531799e-02
3.645000e+00	1.400721e-02
3.647500e+00	1.343213e-02
3.650000e+00	1.355027e-02
3.652500e+00	1.436663e-02
3.655000e+00	1.591270e-02
3.657500e+00	1.814781e-02
3.660000e+00	2.073181e-02
3.662500e+00	2.277796e-02
3.665000e+00	2.316001e-02
3.667500e+00	2.160201e-02
3.670000e+00	1.901520e-02
3.672500e+00	1.647384e-02
3.675000e+00	1.451976e-02
3.677500e+00	1.327382e-02
3.680000e+00	1.270558e-02
3.682500e+00	1.277829e-02
3.685000e+00	1.349188e-02
3.687500e+00	1.486300e-02
3.690000e+00	1.682605e-02
3.692500e+00	1.901890e-02
3.695000e+00	2.059633e-02
3.697500e+00	2.061443e-02
3.700000e+00	1.899426e-02
3.702500e+00	1.660796e-02
3.705000e+00	1.432879e-02
3.707500e+00	1.254348e-02
3.710000e+00	1.130082e-02
3.712500e+00	1.053277e-02
3.715000e+00	1.016291e-02
3.717500e+00	1.014072e-02
3.720000e+00	1.044856e-02
3.722500e+00	1.110284e-02
3.725000e+00	1.215684e-02
3.727500e+00	1.370693e-02
3.730000e+00	1.590067e-02
3.732500e+00	1.893695e-02
3.735000e+00	2.302620e-02
3.737500e+00	2.822851e-02
3.740000e+00	3.404734e-02
3.742500e+00	3.891256e-02
3.745000e+00	4.058553e-02
3.747500e+00	3.823705e-02
3.750000e+00	3.348899e-02
3.752500e+00	2.856331e-02
3.755000e+00	2.468587e-02
3.757500e+00	2.217940e-02
3.760000e+00	2.101035e-02
3.762500e+00	2.110159e-02
3.765000e+00	2.241109e-02
3.767500e+00	2.483873e-02
3.770000e+00	2.793713e-02
3.772500e+00	3.053893e-02
3.775000e+00	3.102328e-02
3.777500e+00	2.875434e-02
3.780000e+00	2.481334e-02
3.782500e+00	2.070843e-02
3.785000e+00	1.724870e-02
3.787500e+00	1.459840e-02
3.790000e+00	1.265276e-02
3.792500e+00	1.125581e-02
3.795000e+00	1.027434e-02
3.797500e+00	9.611101e-03
3.800000e+00	9.200315e-03
3.802500e+00	9.000594e-03
3.805000e+00	8.989368e-03
3.807500e+00	9.159517e-03
3.810000e+00	9.518074e-03
3.812500e+00	1.008689e-02
3.815000e+00	1.090536e-02
3.817500e+00	1.203558e-02
3.820000e+00	1.357043e-02
3.822500e+00	1.564453e-02
3.825000e+00	1.844543e-02
3.827500e+00	2.221223e-02
3.830000e+00	2.718183e-02
3.832500e+00	3.338784e-02
3.835000e+00	4.021016e-02
3.837500e+00	4.597453e-02
3.840000e+00	4.877718e-02
3.842500e+00	4.853486e-02
3.845000e+00	4.698930e-02
3.847500e+00	4.527354e-02
3.850000e+00	4.281448e-02
3.852500e+00	3.875169e-02
3.855000e+00	3.355970e-02
3.857500e+00	2.851203e-02
3.860000e+00	2.444686e-02
3.862500e+00	2.157580e-02
3.865000e+00	1.982290e-02
3.867500e+00	1.907455e-02
3.870000e+00	1.927448e-02
3.872500e+00	2.043219e-02
3.875000e+00	2.256005e-02
3.877500e+00	2.548513e-02
3.880000e+00	2.850377e-02
3.882500e+00	3.023634e-02
3.885000e+00	2.950692e-02
3.887500e+00	2.664649e-02
3.890000e+00	2.306851e-02
3.892500e+00	1.987941e-02
3.895000e+00	1.748150e-02
3.897500e+00	1.588233e-02
3.900000e+00	1.497904e-02
3.902500e+00	1.468126e-02
3.905000e+00	1.494799e-02
3.907500e+00	1.579685e-02
3.910000e+00	1.730967e-02
3.912500e+00	1.964023e-02
3.915000e+00	2.301745e-02
3.917500e+00	2.771375e-02
3.920000e+00	3.389287e-02
3.922500e+00	4.117697e-02
3.925000e+00	4.792785e-02
3.927500e+00	5.121808e-02
3.930000e+00	4.907015e-02
3.932500e+00	4.278035e-02
3.935000e+00	3.534123e-02
3.937500e+00	2.876632e-02
3.940000e+00	2.367268e-02
3.942500e+00	1.998172e-02
3.945000e+00	1.743937e-02
3.947500e+00	1.581789e-02
3.950000e+00	1.495655e-02
3.952500e+00	1.473035e-02
3.955000e+00	1.495960e-02
3.957500e+00	1.527901e-02
3.960000e+00	1.514934e-02
3.962500e+00	1.424938e-02
3.965000e+00	1.281149e-02
3.967500e+00	1.130757e-02
3.970000e+00	1.003147e-02
3.972500e+00	9.059379e-03
3.975000e+00	8.366485e-03
3.977500e+00	7.906623e-03
3.980000e+00	7.642323e-03
3.982500e+00	7.552224e-03
3.985000e+00	7.631686e-03
3.987500e+00	7.891921e-03
3.990000e+00	8.357080e-03
3.992500e+00	9.052530e-03
3.995000e+00	9.967902e-03
3.997500e+00	1.097824e-02
