#omega	spectral weight
-3.000000e+00	4.001455e-03
-2.997500e+00	3.853577e-03
-2.995000e+00	3.577126e-03
-2.992500e+00	3.301654e-03
-2.990000e+00	3.100714e-03
-2.987500e+00	2.957901e-03
-2.985000e+00	2.824134e-03
-2.982500e+00	2.694134e-03
-2.980000e+00	2.611567e-03
-2.977500e+00	2.612957e-03
-2.975000e+00	2.690300e-03
-2.972500e+00	2.781747e-03
-2.970000e+00	2.801241e-03
-2.967500e+00	2.721682e-03
-2.965000e+00	2.608081e-03
-2.962500e+00	2.545953e-03
-2.960000e+00	2.583966e-03
-2.957500e+00	2.730904e-03
-2.955000e+00	2.956856e-03
-2.952500e+00	3.189748e-03
-2.950000e+00	3.356292e-03
-2.947500e+00	3.462354e-03
-2.945000e+00	3.579283e-03
-2.942500e+00	3.733229e-03
-2.940000e+00	3.856306e-03
-2.937500e+00	3.872103e-03
-2.935000e+00	3.815993e-03
-2.932500e+00	3.801321e-03
-2.930000e+00	3.890891e-03
-2.927500e+00	4.035440e-03
-2.925000e+00	4.108672e-03
-2.922500e+00	4.038082e-03
-2.920000e+00	3.886062e-03
-2.917500e+00	3.739413e-03
-2.915000e+00	3.588680e-03
-2.912500e+00	3.366883e-03
-2.910000e+00	3.071482e-03
-2.907500e+00	2.780194e-03
-2.905000e+00	2.567172e-03
-2.902500e+00	2.465982e-03
-2.900000e+00	2.485487e-03
-2.897500e+00	2.625335e-03
-2.895000e+00	2.871265e-03
-2.892500e+00	3.169543e-03
-2.890000e+00	3.407951e-03
-2.887500e+00	3.475916e-03
-2.885000e+00	3.380231e-03
-2.882500e+00	3.223657e-03
-2.880000e+00	3.073595e-03
-2.877500e+00	2.933135e-03
-2.875000e+00	2.811569e-03
-2.872500e+00	2.752076e-03
-2.870000e+00	2.791703e-03
-2.867500e+00	2.927684e-03
-2.865000e+00	3.104771e-03
-2.862500e+00	3.234858e-03
-2.860000e+00	3.278910e-03
-2.857500e+00	3.299344e-03
-2.855000e+00	3.385943e-03
-2.852500e+00	3.561617e-03
-2.850000e+00	3.752240e-03
-2.847500e+00	3.836132e-03
-2.845000e+00	3.775500e-03
-2.842500e+00	3.665804e-03
-2.840000e+00	3.614685e-03
-2.837500e+00	3.633283e-03
-2.835000e+00	3.637007e-03
-2.832500e+00	3.544141e-03
-2.830000e+00	3.383642e-03
-2.827500e+00	3.261224e-03
-2.825000e+00	3.256158e-03
-2.822500e+00	3.380660e-03
-2.820000e+00	3.574013e-03
-2.817500e+00	3.715761e-03
-2.815000e+00	3.716971e-03
-2.812500e+00	3.624074e-03
-2.810000e+00	3.562916e-03
-2.807500e+00	3.608256e-03
-2.805000e+00	3.725697e-03
-2.802500e+00	3.781171e-03
-2.800000e+00	3.643087e-03
-2.797500e+00	3.325392e-03
-2.795000e+00	2.961044e-03
-2.792500e+00	2.661547e-03
-2.790000e+00	2.466386e-03
-2.787500e+00	2.365466e-03
-2.785000e+00	2.324578e-03
-2.782500e+00	2.312946e-03
-2.780000e+00	2.332906e-03
-2.777500e+00	2.415228e-03
-2.775000e+00	2.587454e-03
-2.772500e+00	2.850077e-03
-2.770000e+00	3.156592e-03
-2.767500e+00	3.411369e-03
-2.765000e+00	3.542179e-03
-2.762500e+00	3.593317e-03
-2.760000e+00	3.678515e-03
-2.757500e+00	3.855543e-03
-2.755000e+00	4.067131e-03
-2.752500e+00	4.178659e-03
-2.750000e+00	4.120590e-03
-2.747500e+00	3.978771e-03
-2.745000e+00	3.881445e-03
-2.742500e+00	3.861878e-03
-2.740000e+00	3.844402e-03
-2.737500e+00	3.743850e-03
-2.735000e+00	3.582854e-03
-2.732500e+00	3.466167e-03
-2.730000e+00	3.471594e-03
-2.727500e+00	3.597626e-03
-2.725000e+00	3.752406e-03
-2.722500e+00	3.787383e-03
-2.720000e+00	3.626071e-03
-2.717500e+00	3.350501e-03
-2.715000e+00	3.099469e-03
-2.712500e+00	2.951242e-03
-2.710000e+00	2.905901e-03
-2.707500e+00	2.905771e-03
-2.705000e+00	2.879205e-03
-2.702500e+00	2.812961e-03
-2.700000e+00	2.766047e-03
-2.697500e+00	2.805301e-03
-2.695000e+00	2.959448e-03
-2.692500e+00	3.203585e-03
-2.690000e+00	3.442557e-03
-2.687500e+00	3.537926e-03
-2.685000e+00	3.431784e-03
-2.682500e+00	3.218176e-03
-2.680000e+00	3.037322e-03
-2.677500e+00	2.971864e-03
-2.675000e+00	3.038534e-03
-2.672500e+00	3.198854e-03
-2.670000e+00	3.359132e-03
-2.667500e+00	3.417034e-03
-2.665000e+00	3.365433e-03
-2.662500e+00	3.302525e-03
-2.660000e+00	3.322992e-03
-2.657500e+00	3.443715e-03
-2.655000e+00	3.593709e-03
-2.652500e+00	3.661010e-03
-2.650000e+00	3.609282e-03
-2.647500e+00	3.527680e-03
-2.645000e+00	3.532453e-03
-2.642500e+00	3.675428e-03
-2.640000e+00	3.917660e-03
-2.637500e+00	4.128469e-03
-2.635000e+00	4.161726e-03
-2.632500e+00	4.009579e-03
-2.630000e+00	3.811953e-03
-2.627500e+00	3.699615e-03
-2.625000e+00	3.697105e-03
-2.622500e+00	3.722785e-03
-2.620000e+00	3.658586e-03
-2.617500e+00	3.476783e-03
-2.615000e+00	3.270034e-03
-2.612500e+00	3.144094e-03
-2.610000e+00	3.142999e-03
-2.607500e+00	3.240468e-03
-2.605000e+00	3.346110e-03
-2.602500e+00	3.355858e-03
-2.600000e+00	3.252976e-03
-2.597500e+00	3.112610e-03
-2.595000e+00	2.989100e-03
-2.592500e+00	2.862304e-03
-2.590000e+00	2.697559e-03
-2.587500e+00	2.515995e-03
-2.585000e+00	2.374002e-03
-2.582500e+00	2.312954e-03
-2.580000e+00	2.351968e-03
-2.577500e+00	2.501817e-03
-2.575000e+00	2.771776e-03
-2.572500e+00	3.160370e-03
-2.570000e+00	3.624653e-03
-2.567500e+00	4.044522e-03
-2.565000e+00	4.265166e-03
-2.562500e+00	4.254933e-03
-2.560000e+00	4.155465e-03
-2.557500e+00	4.119152e-03
-2.555000e+00	4.174025e-03
-2.552500e+00	4.219761e-03
-2.550000e+00	4.137024e-03
-2.547500e+00	3.935541e-03
-2.545000e+00	3.738870e-03
-2.542500e+00	3.642381e-03
-2.540000e+00	3.639890e-03
-2.537500e+00	3.635900e-03
-2.535000e+00	3.532101e-03
-2.532500e+00	3.339136e-03
-2.530000e+00	3.159554e-03
-2.527500e+00	3.083812e-03
-2.525000e+00	3.148518e-03
-2.522500e+00	3.338900e-03
-2.520000e+00	3.578071e-03
-2.517500e+00	3.730519e-03
-2.515000e+00	3.699007e-03
-2.512500e+00	3.536441e-03
-2.510000e+00	3.383113e-03
-2.507500e+00	3.331866e-03
-2.505000e+00	3.379719e-03
-2.502500e+00	3.435460e-03
-2.500000e+00	3.379792e-03
-2.497500e+00	3.184705e-03
-2.495000e+00	2.941179e-03
-2.492500e+00	2.754890e-03
-2.490000e+00	2.680533e-03
-2.487500e+00	2.729484e-03
-2.485000e+00	2.881287e-03
-2.482500e+00	3.074972e-03
-2.480000e+00	3.217646e-03
-2.477500e+00	3.260090e-03
-2.475000e+00	3.257795e-03
-2.472500e+00	3.302290e-03
-2.470000e+00	3.420013e-03
-2.467500e+00	3.540064e-03
-2.465000e+00	3.547878e-03
-2.462500e+00	3.412784e-03
-2.460000e+00	3.230025e-03
-2.457500e+00	3.117756e-03
-2.455000e+00	3.144200e-03
-2.452500e+00	3.332718e-03
-2.450000e+00	3.670226e-03
-2.447500e+00	4.082120e-03
-2.445000e+00	4.407420e-03
-2.442500e+00	4.482603e-03
-2.440000e+00	4.318079e-03
-2.437500e+00	4.092628e-03
-2.435000e+00	3.968176e-03
-2.432500e+00	3.989629e-03
-2.430000e+00	4.082015e-03
-2.427500e+00	4.093246e-03
-2.425000e+00	3.925034e-03
-2.422500e+00	3.641495e-03
-2.420000e+00	3.382874e-03
-2.417500e+00	3.233773e-03
-2.415000e+00	3.190766e-03
-2.412500e+00	3.180326e-03
-2.410000e+00	3.113800e-03
-2.407500e+00	2.977291e-03
-2.405000e+00	2.842919e-03
-2.402500e+00	2.788108e-03
-2.400000e+00	2.846350e-03
-2.397500e+00	3.000599e-03
-2.395000e+00	3.175249e-03
-2.392500e+00	3.254778e-03
-2.390000e+00	3.181041e-03
-2.387500e+00	3.022476e-03
-2.385000e+00	2.895297e-03
-2.382500e+00	2.870132e-03
-2.380000e+00	2.955478e-03
-2.377500e+00	3.102675e-03
-2.375000e+00	3.219287e-03
-2.372500e+00	3.239923e-03
-2.370000e+00	3.204433e-03
-2.367500e+00	3.217167e-03
-2.365000e+00	3.357816e-03
-2.362500e+00	3.648187e-03
-2.360000e+00	4.036025e-03
-2.357500e+00	4.371554e-03
-2.355000e+00	4.466798e-03
-2.352500e+00	4.279223e-03
-2.350000e+00	3.965566e-03
-2.347500e+00	3.705721e-03
-2.345000e+00	3.573955e-03
-2.342500e+00	3.535969e-03
-2.340000e+00	3.494923e-03
-2.337500e+00	3.385182e-03
-2.335000e+00	3.246043e-03
-2.332500e+00	3.171086e-03
-2.330000e+00	3.227775e-03
-2.327500e+00	3.436920e-03
-2.325000e+00	3.765455e-03
-2.322500e+00	4.099440e-03
-2.320000e+00	4.261207e-03
-2.317500e+00	4.156473e-03
-2.315000e+00	3.888884e-03
-2.312500e+00	3.641069e-03
-2.310000e+00	3.523155e-03
-2.307500e+00	3.543092e-03
-2.305000e+00	3.617981e-03
-2.302500e+00	3.606754e-03
-2.300000e+00	3.422800e-03
-2.297500e+00	3.124762e-03
-2.295000e+00	2.836965e-03
-2.292500e+00	2.640664e-03
-2.290000e+00	2.560352e-03
-2.287500e+00	2.585201e-03
-2.285000e+00	2.673608e-03
-2.282500e+00	2.754193e-03
-2.280000e+00	2.769563e-03
-2.277500e+00	2.739316e-03
-2.275000e+00	2.740700e-03
-2.272500e+00	2.840685e-03
-2.270000e+00	3.069275e-03
-2.267500e+00	3.412672e-03
-2.265000e+00	3.787970e-03
-2.262500e+00	4.036989e-03
-2.260000e+00	4.035904e-03
-2.257500e+00	3.840179e-03
-2.255000e+00	3.624880e-03
-2.252500e+00	3.526320e-03
-2.250000e+00	3.594384e-03
-2.247500e+00	3.805372e-03
-2.245000e+00	4.058998e-03
-2.242500e+00	4.204480e-03
-2.240000e+00	4.168176e-03
-2.237500e+00	4.041160e-03
-2.235000e+00	3.965160e-03
-2.232500e+00	3.988945e-03
-2.230000e+00	4.032082e-03
-2.227500e+00	3.951281e-03
-2.225000e+00	3.693418e-03
-2.222500e+00	3.356035e-03
-2.220000e+00	3.069735e-03
-2.217500e+00	2.907103e-03
-2.215000e+00	2.890711e-03
-2.212500e+00	3.019371e-03
-2.210000e+00	3.267659e-03
-2.207500e+00	3.558428e-03
-2.205000e+00	3.753377e-03
-2.202500e+00	3.745212e-03
-2.200000e+00	3.581238e-03
-2.197500e+00	3.409929e-03
-2.195000e+00	3.337845e-03
-2.192500e+00	3.375090e-03
-2.190000e+00	3.439961e-03
-2.187500e+00	3.405917e-03
-2.185000e+00	3.218781e-03
-2.182500e+00	2.954374e-03
-2.180000e+00	2.724796e-03
-2.177500e+00	2.595196e-03
-2.175000e+00	2.585328e-03
-2.172500e+00	2.689590e-03
-2.170000e+00	2.875263e-03
-2.167500e+00	3.067571e-03
-2.165000e+00	3.173698e-03
-2.162500e+00	3.172484e-03
-2.160000e+00	3.148011e-03
-2.157500e+00	3.205447e-03
-2.155000e+00	3.401973e-03
-2.152500e+00	3.730216e-03
-2.150000e+00	4.097985e-03
-2.147500e+00	4.329277e-03
-2.145000e+00	4.289130e-03
-2.142500e+00	4.039375e-03
-2.140000e+00	3.767850e-03
-2.137500e+00	3.616161e-03
-2.135000e+00	3.629255e-03
-2.132500e+00	3.770111e-03
-2.130000e+00	3.927671e-03
-2.127500e+00	3.971499e-03
-2.125000e+00	3.879171e-03
-2.122500e+00	3.761823e-03
-2.120000e+00	3.734708e-03
-2.117500e+00	3.818239e-03
-2.115000e+00	3.919345e-03
-2.112500e+00	3.884866e-03
-2.110000e+00	3.648204e-03
-2.107500e+00	3.303292e-03
-2.105000e+00	2.989119e-03
-2.102500e+00	2.786102e-03
-2.100000e+00	2.719755e-03
-2.097500e+00	2.791527e-03
-2.095000e+00	2.986772e-03
-2.092500e+00	3.254106e-03
-2.090000e+00	3.478960e-03
-2.087500e+00	3.526701e-03
-2.085000e+00	3.374784e-03
-2.082500e+00	3.142390e-03
-2.080000e+00	2.962889e-03
-2.077500e+00	2.902415e-03
-2.075000e+00	2.964034e-03
-2.072500e+00	3.096254e-03
-2.070000e+00	3.198249e-03
-2.067500e+00	3.183151e-03
-2.065000e+00	3.071273e-03
-2.062500e+00	2.966123e-03
-2.060000e+00	2.955618e-03
-2.057500e+00	3.073286e-03
-2.055000e+00	3.297512e-03
-2.052500e+00	3.540980e-03
-2.050000e+00	3.671795e-03
-2.047500e+00	3.627237e-03
-2.045000e+00	3.492888e-03
-2.042500e+00	3.410061e-03
-2.040000e+00	3.469189e-03
-2.037500e+00	3.691333e-03
-2.035000e+00	4.023977e-03
-2.032500e+00	4.319901e-03
-2.030000e+00	4.388490e-03
-2.027500e+00	4.173549e-03
-2.025000e+00	3.820404e-03
-2.022500e+00	3.513529e-03
-2.020000e+00	3.354716e-03
-2.017500e+00	3.371214e-03
-2.015000e+00	3.541621e-03
-2.012500e+00	3.784837e-03
-2.010000e+00	3.949182e-03
-2.007500e+00	3.899119e-03
-2.005000e+00	3.658248e-03
-2.002500e+00	3.377769e-03
-2.000000e+00	3.183132e-03
-1.997500e+00	3.111996e-03
-1.995000e+00	3.124539e-03
-1.992500e+00	3.128067e-03
-1.990000e+00	3.046819e-03
-1.987500e+00	2.901916e-03
-1.985000e+00	2.781162e-03
-1.982500e+00	2.754909e-03
-1.980000e+00	2.847534e-03
-1.977500e+00	3.036591e-03
-1.975000e+00	3.240202e-03
-1.972500e+00	3.332620e-03
-1.970000e+00	3.247693e-03
-1.967500e+00	3.057178e-03
-1.965000e+00	2.888524e-03
-1.962500e+00	2.825277e-03
-1.960000e+00	2.896581e-03
-1.957500e+00	3.091721e-03
-1.955000e+00	3.349687e-03
-1.952500e+00	3.546991e-03
-1.950000e+00	3.565516e-03
-1.947500e+00	3.419089e-03
-1.945000e+00	3.240353e-03
-1.942500e+00	3.151813e-03
-1.940000e+00	3.211953e-03
-1.937500e+00	3.427419e-03
-1.935000e+00	3.750324e-03
-1.932500e+00	4.053610e-03
-1.930000e+00	4.168748e-03
-1.927500e+00	4.041402e-03
-1.925000e+00	3.800742e-03
-1.922500e+00	3.616973e-03
-1.920000e+00	3.579250e-03
-1.917500e+00	3.682495e-03
-1.915000e+00	3.833357e-03
-1.912500e+00	3.880211e-03
-1.910000e+00	3.736146e-03
-1.907500e+00	3.475459e-03
-1.905000e+00	3.242252e-03
-1.902500e+00	3.130730e-03
-1.900000e+00	3.166881e-03
-1.897500e+00	3.319787e-03
-1.895000e+00	3.492219e-03
-1.892500e+00	3.540751e-03
-1.890000e+00	3.391541e-03
-1.887500e+00	3.122476e-03
-1.885000e+00	2.868880e-03
-1.882500e+00	2.716445e-03
-1.880000e+00	2.694455e-03
-1.877500e+00	2.799493e-03
-1.875000e+00	2.994971e-03
-1.872500e+00	3.190387e-03
-1.870000e+00	3.259623e-03
-1.867500e+00	3.148539e-03
-1.865000e+00	2.938844e-03
-1.862500e+00	2.754830e-03
-1.860000e+00	2.672286e-03
-1.857500e+00	2.715778e-03
-1.855000e+00	2.875685e-03
-1.852500e+00	3.101023e-03
-1.850000e+00	3.288260e-03
-1.847500e+00	3.336320e-03
-1.845000e+00	3.255489e-03
-1.842500e+00	3.161291e-03
-1.840000e+00	3.163360e-03
-1.837500e+00	3.311892e-03
-1.835000e+00	3.595638e-03
-1.832500e+00	3.925495e-03
-1.830000e+00	4.131943e-03
-1.827500e+00	4.078865e-03
-1.825000e+00	3.816267e-03
-1.822500e+00	3.521249e-03
-1.820000e+00	3.332939e-03
-1.817500e+00	3.304099e-03
-1.815000e+00	3.421151e-03
-1.812500e+00	3.605088e-03
-1.810000e+00	3.715037e-03
-1.807500e+00	3.640105e-03
-1.805000e+00	3.418738e-03
-1.802500e+00	3.190017e-03
-1.800000e+00	3.063618e-03
-1.797500e+00	3.081662e-03
-1.795000e+00	3.231528e-03
-1.792500e+00	3.439667e-03
-1.790000e+00	3.568621e-03
-1.787500e+00	3.502427e-03
-1.785000e+00	3.270967e-03
-1.782500e+00	3.011380e-03
-1.780000e+00	2.835199e-03
-1.777500e+00	2.784766e-03
-1.775000e+00	2.848024e-03
-1.772500e+00	2.960863e-03
-1.770000e+00	3.013573e-03
-1.767500e+00	2.924831e-03
-1.765000e+00	2.727539e-03
-1.762500e+00	2.524422e-03
-1.760000e+00	2.393386e-03
-1.757500e+00	2.367891e-03
-1.755000e+00	2.459438e-03
-1.752500e+00	2.671473e-03
-1.750000e+00	2.991078e-03
-1.747500e+00	3.357405e-03
-1.745000e+00	3.636261e-03
-1.742500e+00	3.688938e-03
-1.740000e+00	3.521830e-03
-1.737500e+00	3.285327e-03
-1.735000e+00	3.123453e-03
-1.732500e+00	3.102203e-03
-1.730000e+00	3.221586e-03
-1.727500e+00	3.420376e-03
-1.725000e+00	3.573957e-03
-1.722500e+00	3.565304e-03
-1.720000e+00	3.408297e-03
-1.717500e+00	3.231543e-03
-1.715000e+00	3.151025e-03
-1.712500e+00	3.214382e-03
-1.710000e+00	3.403351e-03
-1.707500e+00	3.625389e-03
-1.705000e+00	3.727447e-03
-1.702500e+00	3.612770e-03
-1.700000e+00	3.350327e-03
-1.697500e+00	3.091223e-03
-1.695000e+00	2.939305e-03
-1.692500e+00	2.928696e-03
-1.690000e+00	3.042003e-03
-1.687500e+00	3.206158e-03
-1.685000e+00	3.294472e-03
-1.682500e+00	3.210569e-03
-1.680000e+00	2.992274e-03
-1.677500e+00	2.762941e-03
-1.675000e+00	2.616509e-03
-1.672500e+00	2.586972e-03
-1.670000e+00	2.662719e-03
-1.667500e+00	2.786127e-03
-1.665000e+00	2.855821e-03
-1.662500e+00	2.792534e-03
-1.660000e+00	2.623562e-03
-1.657500e+00	2.447106e-03
-1.655000e+00	2.341009e-03
-1.652500e+00	2.340122e-03
-1.650000e+00	2.455077e-03
-1.647500e+00	2.680542e-03
-1.645000e+00	2.978084e-03
-1.642500e+00	3.247269e-03
-1.640000e+00	3.351653e-03
-1.637500e+00	3.244539e-03
-1.635000e+00	3.029406e-03
-1.632500e+00	2.847113e-03
-1.630000e+00	2.779939e-03
-1.627500e+00	2.852235e-03
-1.625000e+00	3.046107e-03
-1.622500e+00	3.288529e-03
-1.620000e+00	3.445154e-03
-1.617500e+00	3.404994e-03
-1.615000e+00	3.202186e-03
-1.612500e+00	2.975333e-03
-1.610000e+00	2.837031e-03
-1.607500e+00	2.833198e-03
-1.605000e+00	2.958782e-03
-1.602500e+00	3.156335e-03
-1.600000e+00	3.306073e-03
-1.597500e+00	3.285929e-03
-1.595000e+00	3.095440e-03
-1.592500e+00	2.854454e-03
-1.590000e+00	2.678938e-03
-1.587500e+00	2.622722e-03
-1.585000e+00	2.689844e-03
-1.582500e+00	2.840250e-03
-1.580000e+00	2.977717e-03
-1.577500e+00	2.981559e-03
-1.575000e+00	2.815552e-03
-1.572500e+00	2.567182e-03
-1.570000e+00	2.347002e-03
-1.567500e+00	2.214842e-03
-1.565000e+00	2.186399e-03
-1.562500e+00	2.252089e-03
-1.560000e+00	2.374294e-03
-1.557500e+00	2.476989e-03
-1.555000e+00	2.478620e-03
-1.552500e+00	2.372347e-03
-1.550000e+00	2.233735e-03
-1.547500e+00	2.141800e-03
-1.545000e+00	2.136997e-03
-1.542500e+00	2.228379e-03
-1.540000e+00	2.397745e-03
-1.537500e+00	2.584832e-03
-1.535000e+00	2.688440e-03
-1.532500e+00	2.640250e-03
-1.530000e+00	2.483170e-03
-1.527500e+00	2.320840e-03
-1.525000e+00	2.228256e-03
-1.522500e+00	2.235879e-03
-1.520000e+00	2.347838e-03
-1.517500e+00	2.545164e-03
-1.515000e+00	2.768326e-03
-1.512500e+00	2.915864e-03
-1.510000e+00	2.918132e-03
-1.507500e+00	2.820573e-03
-1.505000e+00	2.735078e-03
-1.502500e+00	2.744226e-03
-1.500000e+00	2.875188e-03
-1.497500e+00	3.101335e-03
-1.495000e+00	3.331087e-03
-1.492500e+00	3.433354e-03
-1.490000e+00	3.353484e-03
-1.487500e+00	3.180923e-03
-1.485000e+00	3.050881e-03
-1.482500e+00	3.048432e-03
-1.480000e+00	3.203947e-03
-1.477500e+00	3.504390e-03
-1.475000e+00	3.870877e-03
-1.472500e+00	4.132908e-03
-1.470000e+00	4.111285e-03
-1.467500e+00	3.800887e-03
-1.465000e+00	3.373085e-03
-1.462500e+00	2.993249e-03
-1.460000e+00	2.735903e-03
-1.457500e+00	2.614608e-03
-1.455000e+00	2.618081e-03
-1.452500e+00	2.716548e-03
-1.450000e+00	2.848457e-03
-1.447500e+00	2.928115e-03
-1.445000e+00	2.914059e-03
-1.442500e+00	2.859602e-03
-1.440000e+00	2.856649e-03
-1.437500e+00	2.969305e-03
-1.435000e+00	3.223781e-03
-1.432500e+00	3.606191e-03
-1.430000e+00	4.032830e-03
-1.427500e+00	4.332390e-03
-1.425000e+00	4.350576e-03
-1.422500e+00	4.123104e-03
-1.420000e+00	3.838279e-03
-1.417500e+00	3.654982e-03
-1.415000e+00	3.633179e-03
-1.412500e+00	3.748034e-03
-1.410000e+00	3.895761e-03
-1.407500e+00	3.927552e-03
-1.405000e+00	3.774054e-03
-1.402500e+00	3.520062e-03
-1.400000e+00	3.301766e-03
-1.397500e+00	3.204625e-03
-1.395000e+00	3.264213e-03
-1.392500e+00	3.498450e-03
-1.390000e+00	3.921956e-03
-1.387500e+00	4.531619e-03
-1.385000e+00	5.255231e-03
-1.382500e+00	5.886925e-03
-1.380000e+00	6.146530e-03
-1.377500e+00	5.947419e-03
-1.375000e+00	5.511357e-03
-1.372500e+00	5.112658e-03
-1.370000e+00	4.855586e-03
-1.367500e+00	4.663660e-03
-1.365000e+00	4.390878e-03
-1.362500e+00	3.989615e-03
-1.360000e+00	3.551911e-03
-1.357500e+00	3.188200e-03
-1.355000e+00	2.951437e-03
-1.352500e+00	2.850024e-03
-1.350000e+00	2.870463e-03
-1.347500e+00	2.975289e-03
-1.345000e+00	3.086502e-03
-1.342500e+00	3.104204e-03
-1.340000e+00	2.992114e-03
-1.337500e+00	2.816944e-03
-1.335000e+00	2.670688e-03
-1.332500e+00	2.607009e-03
-1.330000e+00	2.646637e-03
-1.327500e+00	2.800301e-03
-1.325000e+00	3.081076e-03
-1.322500e+00	3.503727e-03
-1.320000e+00	4.067276e-03
-1.317500e+00	4.713866e-03
-1.315000e+00	5.291895e-03
-1.312500e+00	5.632413e-03
-1.310000e+00	5.745441e-03
-1.307500e+00	5.840597e-03
-1.305000e+00	6.120060e-03
-1.302500e+00	6.629004e-03
-1.300000e+00	7.201099e-03
-1.297500e+00	7.488109e-03
-1.295000e+00	7.227044e-03
-1.292500e+00	6.538552e-03
-1.290000e+00	5.772953e-03
-1.287500e+00	5.182790e-03
-1.285000e+00	4.844245e-03
-1.282500e+00	4.708360e-03
-1.280000e+00	4.631646e-03
-1.277500e+00	4.435478e-03
-1.275000e+00	4.051085e-03
-1.272500e+00	3.572913e-03
-1.270000e+00	3.128942e-03
-1.267500e+00	2.783316e-03
-1.265000e+00	2.546187e-03
-1.262500e+00	2.407960e-03
-1.260000e+00	2.358082e-03
-1.257500e+00	2.390611e-03
-1.255000e+00	2.502440e-03
-1.252500e+00	2.684720e-03
-1.250000e+00	2.908225e-03
-1.247500e+00	3.121354e-03
-1.245000e+00	3.293983e-03
-1.242500e+00	3.468355e-03
-1.240000e+00	3.731247e-03
-1.237500e+00	4.153285e-03
-1.235000e+00	4.758020e-03
-1.232500e+00	5.486041e-03
-1.230000e+00	6.145682e-03
-1.227500e+00	6.475984e-03
-1.225000e+00	6.404093e-03
-1.222500e+00	6.156570e-03
-1.220000e+00	6.024671e-03
-1.217500e+00	6.165063e-03
-1.215000e+00	6.571556e-03
-1.212500e+00	7.062190e-03
-1.210000e+00	7.300904e-03
-1.207500e+00	7.037529e-03
-1.205000e+00	6.381926e-03
-1.202500e+00	5.660167e-03
-1.200000e+00	5.111129e-03
-1.197500e+00	4.818433e-03
-1.195000e+00	4.766299e-03
-1.192500e+00	4.860326e-03
-1.190000e+00	4.919838e-03
-1.187500e+00	4.757776e-03
-1.185000e+00	4.352885e-03
-1.182500e+00	3.855284e-03
-1.180000e+00	3.414201e-03
-1.177500e+00	3.095065e-03
-1.175000e+00	2.907448e-03
-1.172500e+00	2.843009e-03
-1.170000e+00	2.890570e-03
-1.167500e+00	3.031645e-03
-1.165000e+00	3.223417e-03
-1.162500e+00	3.394129e-03
-1.160000e+00	3.494261e-03
-1.157500e+00	3.561716e-03
-1.155000e+00	3.692328e-03
-1.152500e+00	3.968594e-03
-1.150000e+00	4.436568e-03
-1.147500e+00	5.096816e-03
-1.145000e+00	5.858936e-03
-1.142500e+00	6.488846e-03
-1.140000e+00	6.708910e-03
-1.137500e+00	6.486072e-03
-1.135000e+00	6.090073e-03
-1.132500e+00	5.817109e-03
-1.130000e+00	5.819525e-03
-1.127500e+00	6.116362e-03
-1.125000e+00	6.600371e-03
-1.122500e+00	7.010364e-03
-1.120000e+00	7.036394e-03
-1.117500e+00	6.615647e-03
-1.115000e+00	6.002201e-03
-1.112500e+00	5.485039e-03
-1.110000e+00	5.206940e-03
-1.107500e+00	5.178562e-03
-1.105000e+00	5.305514e-03
-1.102500e+00	5.391034e-03
-1.100000e+00	5.232887e-03
-1.097500e+00	4.815019e-03
-1.095000e+00	4.308205e-03
-1.092500e+00	3.879447e-03
-1.090000e+00	3.603683e-03
-1.087500e+00	3.493493e-03
-1.085000e+00	3.532801e-03
-1.082500e+00	3.676460e-03
-1.080000e+00	3.832877e-03
-1.077500e+00	3.890977e-03
-1.075000e+00	3.821318e-03
-1.072500e+00	3.713098e-03
-1.070000e+00	3.680884e-03
-1.067500e+00	3.796355e-03
-1.065000e+00	4.093676e-03
-1.062500e+00	4.580403e-03
-1.060000e+00	5.212332e-03
-1.057500e+00	5.838997e-03
-1.055000e+00	6.219007e-03
-1.052500e+00	6.225900e-03
-1.050000e+00	6.016613e-03
-1.047500e+00	5.867857e-03
-1.045000e+00	5.958845e-03
-1.042500e+00	6.322717e-03
-1.040000e+00	6.838330e-03
-1.037500e+00	7.217871e-03
-1.035000e+00	7.160519e-03
-1.032500e+00	6.660162e-03
-1.030000e+00	6.005808e-03
-1.027500e+00	5.477644e-03
-1.025000e+00	5.206831e-03
-1.022500e+00	5.218720e-03
-1.020000e+00	5.471933e-03
-1.017500e+00	5.833352e-03
-1.015000e+00	6.054448e-03
-1.012500e+00	5.906177e-03
-1.010000e+00	5.413335e-03
-1.007500e+00	4.812570e-03
-1.005000e+00	4.308620e-03
-1.002500e+00	3.986448e-03
-1.000000e+00	3.856369e-03
-9.975000e-01	3.893364e-03
-9.950000e-01	4.034400e-03
-9.925000e-01	4.164121e-03
-9.900000e-01	4.165153e-03
-9.875000e-01	4.032727e-03
-9.850000e-01	3.879278e-03
-9.825000e-01	3.820922e-03
-9.800000e-01	3.923337e-03
-9.775000e-01	4.219423e-03
-9.750000e-01	4.725676e-03
-9.725000e-01	5.422529e-03
-9.700000e-01	6.190915e-03
-9.675000e-01	6.764084e-03
-9.650000e-01	6.870579e-03
-9.625000e-01	6.531340e-03
-9.600000e-01	6.048417e-03
-9.575000e-01	5.706572e-03
-9.550000e-01	5.640883e-03
-9.525000e-01	5.873133e-03
-9.500000e-01	6.330714e-03
-9.475000e-01	6.808695e-03
-9.450000e-01	7.003715e-03
-9.425000e-01	6.761590e-03
-9.400000e-01	6.256902e-03
-9.375000e-01	5.788810e-03
-9.350000e-01	5.542142e-03
-9.325000e-01	5.556193e-03
-9.300000e-01	5.748660e-03
-9.275000e-01	5.915210e-03
-9.250000e-01	5.818360e-03
-9.225000e-01	5.407239e-03
-9.200000e-01	4.862174e-03
-9.175000e-01	4.386241e-03
-9.150000e-01	4.079907e-03
-9.125000e-01	3.964545e-03
-9.100000e-01	4.022032e-03
-9.075000e-01	4.195745e-03
-9.050000e-01	4.374843e-03
-9.025000e-01	4.437624e-03
-9.000000e-01	4.370294e-03
-8.975000e-01	4.288536e-03
-8.950000e-01	4.322888e-03
-8.925000e-01	4.549195e-03
-8.900000e-01	4.989245e-03
-8.875000e-01	5.596892e-03
-8.850000e-01	6.206371e-03
-8.825000e-01	6.544441e-03
-8.800000e-01	6.449403e-03
-8.775000e-01	6.069643e-03
-8.750000e-01	5.699593e-03
-8.725000e-01	5.542986e-03
-8.700000e-01	5.680108e-03
-8.675000e-01	6.108751e-03
-8.650000e-01	6.729364e-03
-8.625000e-01	7.286687e-03
-8.600000e-01	7.436856e-03
-8.575000e-01	7.055382e-03
-8.550000e-01	6.384233e-03
-8.525000e-01	5.755072e-03
-8.500000e-01	5.355187e-03
-8.475000e-01	5.234891e-03
-8.450000e-01	5.363056e-03
-8.425000e-01	5.623602e-03
-8.400000e-01	5.796877e-03
-8.375000e-01	5.668370e-03
-8.350000e-01	5.239788e-03
-8.325000e-01	4.713025e-03
-8.300000e-01	4.275106e-03
-8.275000e-01	4.009499e-03
-8.250000e-01	3.935342e-03
-8.225000e-01	4.050350e-03
-8.200000e-01	4.338059e-03
-8.175000e-01	4.739933e-03
-8.150000e-01	5.116795e-03
-8.125000e-01	5.292181e-03
-8.100000e-01	5.223610e-03
-8.075000e-01	5.066446e-03
-8.050000e-01	5.014442e-03
-8.025000e-01	5.175500e-03
-8.000000e-01	5.559874e-03
-7.975000e-01	6.069226e-03
-7.950000e-01	6.482966e-03
-7.925000e-01	6.584168e-03
-7.900000e-01	6.397092e-03
-7.875000e-01	6.170327e-03
-7.850000e-01	6.131055e-03
-7.825000e-01	6.359816e-03
-7.800000e-01	6.774494e-03
-7.775000e-01	7.122279e-03
-7.750000e-01	7.099187e-03
-7.725000e-01	6.645087e-03
-7.700000e-01	6.007287e-03
-7.675000e-01	5.464389e-03
-7.650000e-01	5.156603e-03
-7.625000e-01	5.110363e-03
-7.600000e-01	5.276467e-03
-7.575000e-01	5.515359e-03
-7.550000e-01	5.604717e-03
-7.525000e-01	5.392871e-03
-7.500000e-01	4.959368e-03
-7.475000e-01	4.509051e-03
-7.450000e-01	4.187495e-03
-7.425000e-01	4.050866e-03
-7.400000e-01	4.112689e-03
-7.375000e-01	4.373186e-03
-7.350000e-01	4.811214e-03
-7.325000e-01	5.339675e-03
-7.300000e-01	5.764897e-03
-7.275000e-01	5.877714e-03
-7.250000e-01	5.674532e-03
-7.225000e-01	5.373584e-03
-7.200000e-01	5.197793e-03
-7.175000e-01	5.263876e-03
-7.150000e-01	5.604854e-03
-7.125000e-01	6.181718e-03
-7.100000e-01	6.835453e-03
-7.075000e-01	7.266231e-03
-7.050000e-01	7.227243e-03
-7.025000e-01	6.803609e-03
-7.000000e-01	6.316296e-03
-6.975000e-01	6.018384e-03
-6.950000e-01	5.991375e-03
-6.925000e-01	6.165273e-03
-6.900000e-01	6.332462e-03
-6.875000e-01	6.247687e-03
-6.850000e-01	5.858367e-03
-6.825000e-01	5.352955e-03
-6.800000e-01	4.945041e-03
-6.775000e-01	4.738207e-03
-6.750000e-01	4.736768e-03
-6.725000e-01	4.865035e-03
-6.700000e-01	4.972651e-03
-6.675000e-01	4.917441e-03
-6.650000e-01	4.708368e-03
-6.625000e-01	4.490281e-03
-6.600000e-01	4.399776e-03
-6.575000e-01	4.506556e-03
-6.550000e-01	4.830407e-03
-6.525000e-01	5.340429e-03
-6.500000e-01	5.909655e-03
-6.475000e-01	6.295146e-03
-6.450000e-01	6.295369e-03
-6.425000e-01	5.980597e-03
-6.400000e-01	5.618257e-03
-6.375000e-01	5.428663e-03
-6.350000e-01	5.511934e-03
-6.325000e-01	5.885287e-03
-6.300000e-01	6.484321e-03
-6.275000e-01	7.105116e-03
-6.250000e-01	7.411491e-03
-6.225000e-01	7.187961e-03
-6.200000e-01	6.588259e-03
-6.175000e-01	5.951587e-03
-6.150000e-01	5.509819e-03
-6.125000e-01	5.337792e-03
-6.100000e-01	5.404383e-03
-6.075000e-01	5.581578e-03
-6.050000e-01	5.653542e-03
-6.025000e-01	5.454279e-03
-6.000000e-01	5.037379e-03
-5.975000e-01	4.597474e-03
-5.950000e-01	4.284163e-03
-5.925000e-01	4.158646e-03
-5.900000e-01	4.235305e-03
-5.875000e-01	4.507799e-03
-5.850000e-01	4.934698e-03
-5.825000e-01	5.397175e-03
-5.800000e-01	5.705755e-03
-5.775000e-01	5.755169e-03
-5.750000e-01	5.661702e-03
-5.725000e-01	5.638038e-03
-5.700000e-01	5.803808e-03
-5.675000e-01	6.119026e-03
-5.650000e-01	6.391002e-03
-5.625000e-01	6.402777e-03
-5.600000e-01	6.147887e-03
-5.575000e-01	5.842847e-03
-5.550000e-01	5.705079e-03
-5.525000e-01	5.834016e-03
-5.500000e-01	6.208790e-03
-5.475000e-01	6.668190e-03
-5.450000e-01	6.912243e-03
-5.425000e-01	6.701047e-03
-5.400000e-01	6.113698e-03
-5.375000e-01	5.441898e-03
-5.350000e-01	4.909973e-03
-5.325000e-01	4.602840e-03
-5.300000e-01	4.522770e-03
-5.275000e-01	4.623341e-03
-5.250000e-01	4.798140e-03
-5.225000e-01	4.890561e-03
-5.200000e-01	4.807879e-03
-5.175000e-01	4.624677e-03
-5.150000e-01	4.497221e-03
-5.125000e-01	4.539110e-03
-5.100000e-01	4.801996e-03
-5.075000e-01	5.289872e-03
-5.050000e-01	5.932819e-03
-5.025000e-01	6.529485e-03
-5.000000e-01	6.792156e-03
-4.975000e-01	6.605990e-03
-4.950000e-01	6.177003e-03
-4.925000e-01	5.804575e-03
-4.900000e-01	5.659958e-03
-4.875000e-01	5.764674e-03
-4.850000e-01	6.011177e-03
-4.825000e-01	6.186327e-03
-4.800000e-01	6.116495e-03
-4.775000e-01	5.855286e-03
-4.750000e-01	5.611569e-03
-4.725000e-01	5.531936e-03
-4.700000e-01	5.606262e-03
-4.675000e-01	5.675778e-03
-4.650000e-01	5.542722e-03
-4.625000e-01	5.172449e-03
-4.600000e-01	4.722968e-03
-4.575000e-01	4.365336e-03
-4.550000e-01	4.185346e-03
-4.525000e-01	4.207944e-03
-4.500000e-01	4.431059e-03
-4.475000e-01	4.821105e-03
-4.450000e-01	5.273972e-03
-4.425000e-01	5.604882e-03
-4.400000e-01	5.679022e-03
-4.375000e-01	5.576889e-03
-4.350000e-01	5.515089e-03
-4.325000e-01	5.654767e-03
-4.300000e-01	6.027428e-03
-4.275000e-01	6.512886e-03
-4.250000e-01	6.837301e-03
-4.225000e-01	6.742686e-03
-4.200000e-01	6.263342e-03
-4.175000e-01	5.679629e-03
-4.150000e-01	5.235562e-03
-4.125000e-01	5.031657e-03
-4.100000e-01	5.061641e-03
-4.075000e-01	5.231947e-03
-4.050000e-01	5.361926e-03
-4.025000e-01	5.279980e-03
-4.000000e-01	4.994531e-03
-3.975000e-01	4.675919e-03
-3.950000e-01	4.481331e-03
-3.925000e-01	4.479853e-03
-3.900000e-01	4.666373e-03
-3.875000e-01	4.961827e-03
-3.850000e-01	5.209944e-03
-3.825000e-01	5.272313e-03
-3.800000e-01	5.182621e-03
-3.775000e-01	5.114346e-03
-3.750000e-01	5.211251e-03
-3.725000e-01	5.502376e-03
-3.700000e-01	5.882974e-03
-3.675000e-01	6.139631e-03
-3.650000e-01	6.118723e-03
-3.625000e-01	5.908661e-03
-3.600000e-01	5.733925e-03
-3.575000e-01	5.729516e-03
-3.550000e-01	5.852180e-03
-3.525000e-01	5.903480e-03
-3.500000e-01	5.686285e-03
-3.475000e-01	5.218581e-03
-3.450000e-01	4.696588e-03
-3.425000e-01	4.289624e-03
-3.400000e-01	4.069755e-03
-3.375000e-01	4.052161e-03
-3.350000e-01	4.229895e-03
-3.325000e-01	4.569217e-03
-3.300000e-01	4.973382e-03
-3.275000e-01	5.273877e-03
-3.250000e-01	5.350043e-03
-3.225000e-01	5.276324e-03
-3.200000e-01	5.242651e-03
-3.175000e-01	5.368913e-03
-3.150000e-01	5.624315e-03
-3.125000e-01	5.835269e-03
-3.100000e-01	5.813963e-03
-3.075000e-01	5.568124e-03
-3.050000e-01	5.292601e-03
-3.025000e-01	5.161752e-03
-3.000000e-01	5.217566e-03
-2.975000e-01	5.361584e-03
-2.950000e-01	5.400583e-03
-2.925000e-01	5.207921e-03
-2.900000e-01	4.864014e-03
-2.875000e-01	4.550444e-03
-2.850000e-01	4.382394e-03
-2.825000e-01	4.368548e-03
-2.800000e-01	4.432516e-03
-2.775000e-01	4.469563e-03
-2.750000e-01	4.454135e-03
-2.725000e-01	4.474241e-03
-2.700000e-01	4.635983e-03
-2.675000e-01	4.977355e-03
-2.650000e-01	5.427599e-03
-2.625000e-01	5.791742e-03
-2.600000e-01	5.861242e-03
-2.575000e-01	5.638239e-03
-2.550000e-01	5.336552e-03
-2.525000e-01	5.147466e-03
-2.500000e-01	5.105058e-03
-2.475000e-01	5.093938e-03
-2.450000e-01	4.954141e-03
-2.425000e-01	4.654198e-03
-2.400000e-01	4.320520e-03
-2.375000e-01	4.093345e-03
-2.350000e-01	4.043296e-03
-2.325000e-01	4.180561e-03
-2.300000e-01	4.460652e-03
-2.275000e-01	4.763639e-03
-2.250000e-01	4.923597e-03
-2.225000e-01	4.876224e-03
-2.200000e-01	4.741628e-03
-2.175000e-01	4.688903e-03
-2.150000e-01	4.793440e-03
-2.125000e-01	5.001453e-03
-2.100000e-01	5.160624e-03
-2.075000e-01	5.150998e-03
-2.050000e-01	5.020044e-03
-2.025000e-01	4.897190e-03
-2.000000e-01	4.815421e-03
-1.975000e-01	4.688034e-03
-1.950000e-01	4.449789e-03
-1.925000e-01	4.166343e-03
-1.900000e-01	3.958952e-03
-1.875000e-01	3.898958e-03
-1.850000e-01	3.986077e-03
-1.825000e-01	4.159166e-03
-1.800000e-01	4.334417e-03
-1.775000e-01	4.488239e-03
-1.750000e-01	4.671607e-03
-1.725000e-01	4.895256e-03
-1.700000e-01	5.046929e-03
-1.675000e-01	4.985869e-03
-1.650000e-01	4.730158e-03
-1.625000e-01	4.444732e-03
-1.600000e-01	4.261173e-03
-1.575000e-01	4.189245e-03
-1.550000e-01	4.144277e-03
-1.525000e-01	4.048510e-03
-1.500000e-01	3.928521e-03
-1.475000e-01	3.876658e-03
-1.450000e-01	3.946691e-03
-1.425000e-01	4.104990e-03
-1.400000e-01	4.242330e-03
-1.375000e-01	4.268091e-03
-1.350000e-01	4.219962e-03
-1.325000e-01	4.213562e-03
-1.300000e-01	4.302417e-03
-1.275000e-01	4.415563e-03
-1.250000e-01	4.410913e-03
-1.225000e-01	4.230883e-03
-1.200000e-01	3.971737e-03
-1.175000e-01	3.756618e-03
-1.150000e-01	3.626918e-03
-1.125000e-01	3.565289e-03
-1.100000e-01	3.569067e-03
-1.075000e-01	3.661674e-03
-1.050000e-01	3.832601e-03
-1.025000e-01	4.000918e-03
-1.000000e-01	4.073108e-03
-9.750000e-02	4.041206e-03
-9.500000e-02	3.952891e-03
-9.250000e-02	3.818522e-03
-9.000000e-02	3.643255e-03
-8.750000e-02	3.485624e-03
-8.500000e-02	3.406568e-03
-8.250000e-02	3.404172e-03
-8.000000e-02	3.423446e-03
-7.750000e-02	3.428977e-03
-7.500000e-02	3.443154e-03
-7.250000e-02	3.483262e-03
-7.000000e-02	3.512881e-03
-6.750000e-02	3.493495e-03
-6.500000e-02	3.430399e-03
-6.250000e-02	3.329560e-03
-6.000000e-02	3.189924e-03
-5.750000e-02	3.052904e-03
-5.500000e-02	2.980803e-03
-5.250000e-02	2.993384e-03
-5.000000e-02	3.049123e-03
-4.750000e-02	3.081078e-03
-4.500000e-02	3.050883e-03
-4.250000e-02	2.958534e-03
-4.000000e-02	2.832783e-03
-3.750000e-02	2.719359e-03
-3.500000e-02	2.647667e-03
-3.250000e-02	2.610021e-03
-3.000000e-02	2.576464e-03
-2.750000e-02	2.528043e-03
-2.500000e-02	2.456242e-03
-2.250000e-02	2.356067e-03
-2.000000e-02	2.242377e-03
-1.750000e-02	2.137641e-03
-1.500000e-02	2.044339e-03
-1.250000e-02	1.941815e-03
-1.000000e-02	1.814063e-03
-7.500000e-03	1.668045e-03
-5.000000e-03	1.513877e-03
-2.500000e-03	1.353546e-03
-6.394885e-14	1.192767e-03
2.500000e-03	1.043792e-03
5.000000e-03	9.163508e-04
7.500000e-03	8.129171e-04
1.000000e-02	7.308293e-04
1.250000e-02	6.657674e-04
1.500000e-02	6.136937e-04
1.750000e-02	5.714200e-04
2.000000e-02	5.365800e-04
2.250000e-02	5.074493e-04
2.500000e-02	4.827694e-04
2.750000e-02	4.616126e-04
3.000000e-02	4.432859e-04
3.250000e-02	4.272638e-04
3.500000e-02	4.131420e-04
3.750000e-02	4.006051e-04
4.000000e-02	3.894038e-04
4.250000e-02	3.793384e-04
4.500000e-02	3.702475e-04
4.750000e-02	3.619992e-04
5.000000e-02	3.544844e-04
5.250000e-02	3.476125e-04
5.500000e-02	3.413073e-04
5.750000e-02	3.355045e-04
6.000000e-02	3.301493e-04
6.250000e-02	3.251946e-04
6.500000e-02	3.206001e-04
6.750000e-02	3.163306e-04
7.000000e-02	3.123556e-04
7.250000e-02	3.086484e-04
7.500000e-02	3.051854e-04
7.750000e-02	3.019459e-04
8.000000e-02	2.989115e-04
8.250000e-02	2.960658e-04
8.500000e-02	2.933943e-04
8.750000e-02	2.908838e-04
9.000000e-02	2.885227e-04
9.250000e-02	2.863003e-04
9.500000e-02	2.842071e-04
9.750000e-02	2.822344e-04
1.000000e-01	2.803743e-04
1.025000e-01	2.786198e-04
1.050000e-01	2.769642e-04
1.075000e-01	2.754016e-04
1.100000e-01	2.739265e-04
1.125000e-01	2.725339e-04
1.150000e-01	2.712192e-04
1.175000e-01	2.699782e-04
1.200000e-01	2.688069e-04
1.225000e-01	2.677017e-04
1.250000e-01	2.666592e-04
1.275000e-01	2.656763e-04
1.300000e-01	2.647502e-04
1.325000e-01	2.638782e-04
1.350000e-01	2.630577e-04
1.375000e-01	2.622865e-04
1.400000e-01	2.615623e-04
1.425000e-01	2.608831e-04
1.450000e-01	2.602471e-04
1.475000e-01	2.596525e-04
1.500000e-01	2.590975e-04
1.525000e-01	2.585807e-04
1.550000e-01	2.581006e-04
1.575000e-01	2.576557e-04
1.600000e-01	2.572449e-04
1.625000e-01	2.568668e-04
1.650000e-01	2.565204e-04
1.675000e-01	2.562045e-04
1.700000e-01	2.559182e-04
1.725000e-01	2.556604e-04
1.750000e-01	2.554303e-04
1.775000e-01	2.552270e-04
1.800000e-01	2.550496e-04
1.825000e-01	2.548975e-04
1.850000e-01	2.547698e-04
1.875000e-01	2.546660e-04
1.900000e-01	2.545853e-04
1.925000e-01	2.545271e-04
1.950000e-01	2.544908e-04
1.975000e-01	2.544759e-04
2.000000e-01	2.544819e-04
2.025000e-01	2.545081e-04
2.050000e-01	2.545542e-04
2.075000e-01	2.546198e-04
2.100000e-01	2.547043e-04
2.125000e-01	2.548073e-04
2.150000e-01	2.549285e-04
2.175000e-01	2.550675e-04
2.200000e-01	2.552240e-04
2.225000e-01	2.553975e-04
2.250000e-01	2.555879e-04
2.275000e-01	2.557947e-04
2.300000e-01	2.560177e-04
2.325000e-01	2.562566e-04
2.350000e-01	2.565112e-04
2.375000e-01	2.567811e-04
2.400000e-01	2.570662e-04
2.425000e-01	2.573663e-04
2.450000e-01	2.576811e-04
2.475000e-01	2.580104e-04
2.500000e-01	2.583540e-04
2.525000e-01	2.587118e-04
2.550000e-01	2.590835e-04
2.575000e-01	2.594690e-04
2.600000e-01	2.598681e-04
2.625000e-01	2.602808e-04
2.650000e-01	2.607068e-04
2.675000e-01	2.611460e-04
2.700000e-01	2.615983e-04
2.725000e-01	2.620635e-04
2.750000e-01	2.625417e-04
2.775000e-01	2.630325e-04
2.800000e-01	2.635360e-04
2.825000e-01	2.640521e-04
2.850000e-01	2.645806e-04
2.875000e-01	2.651215e-04
2.900000e-01	2.656748e-04
2.925000e-01	2.662402e-04
2.950000e-01	2.668178e-04
2.975000e-01	2.674075e-04
3.000000e-01	2.680093e-04
3.025000e-01	2.686230e-04
3.050000e-01	2.692487e-04
3.075000e-01	2.698864e-04
3.100000e-01	2.705358e-04
3.125000e-01	2.711971e-04
3.150000e-01	2.718702e-04
3.175000e-01	2.725551e-04
3.200000e-01	2.732517e-04
3.225000e-01	2.739600e-04
3.250000e-01	2.746800e-04
3.275000e-01	2.754118e-04
3.300000e-01	2.761552e-04
3.325000e-01	2.769103e-04
3.350000e-01	2.776771e-04
3.375000e-01	2.784556e-04
3.400000e-01	2.792457e-04
3.425000e-01	2.800476e-04
3.450000e-01	2.808612e-04
3.475000e-01	2.816864e-04
3.500000e-01	2.825235e-04
3.525000e-01	2.833722e-04
3.550000e-01	2.842328e-04
3.575000e-01	2.851051e-04
3.600000e-01	2.859893e-04
3.625000e-01	2.868854e-04
3.650000e-01	2.877933e-04
3.675000e-01	2.887132e-04
3.700000e-01	2.896450e-04
3.725000e-01	2.905889e-04
3.750000e-01	2.915448e-04
3.775000e-01	2.925129e-04
3.800000e-01	2.934931e-04
3.825000e-01	2.944855e-04
3.850000e-01	2.954902e-04
3.875000e-01	2.965072e-04
3.900000e-01	2.975365e-04
3.925000e-01	2.985784e-04
3.950000e-01	2.996327e-04
3.975000e-01	3.006996e-04
4.000000e-01	3.017792e-04
4.025000e-01	3.028715e-04
4.050000e-01	3.039766e-04
4.075000e-01	3.050946e-04
4.100000e-01	3.062256e-04
4.125000e-01	3.073696e-04
4.150000e-01	3.085267e-04
4.175000e-01	3.096970e-04
4.200000e-01	3.108807e-04
4.225000e-01	3.120777e-04
4.250000e-01	3.132883e-04
4.275000e-01	3.145124e-04
4.300000e-01	3.157503e-04
4.325000e-01	3.170019e-04
4.350000e-01	3.182675e-04
4.375000e-01	3.195471e-04
4.400000e-01	3.208408e-04
4.425000e-01	3.221487e-04
4.450000e-01	3.234710e-04
4.475000e-01	3.248078e-04
4.500000e-01	3.261592e-04
4.525000e-01	3.275254e-04
4.550000e-01	3.289064e-04
4.575000e-01	3.303024e-04
4.600000e-01	3.317135e-04
4.625000e-01	3.331398e-04
4.650000e-01	3.345816e-04
4.675000e-01	3.360389e-04
4.700000e-01	3.375119e-04
4.725000e-01	3.390007e-04
4.750000e-01	3.405055e-04
4.775000e-01	3.420265e-04
4.800000e-01	3.435638e-04
4.825000e-01	3.451175e-04
4.850000e-01	3.466878e-04
4.875000e-01	3.482750e-04
4.900000e-01	3.498791e-04
4.925000e-01	3.515003e-04
4.950000e-01	3.531388e-04
4.975000e-01	3.547949e-04
5.000000e-01	3.564686e-04
5.025000e-01	3.581602e-04
5.050000e-01	3.598698e-04
5.075000e-01	3.615977e-04
5.100000e-01	3.633440e-04
5.125000e-01	3.651090e-04
5.150000e-01	3.668928e-04
5.175000e-01	3.686957e-04
5.200000e-01	3.705179e-04
5.225000e-01	3.723595e-04
5.250000e-01	3.742209e-04
5.275000e-01	3.761023e-04
5.300000e-01	3.780038e-04
5.325000e-01	3.799257e-04
5.350000e-01	3.818682e-04
5.375000e-01	3.838317e-04
5.400000e-01	3.858162e-04
5.425000e-01	3.878222e-04
5.450000e-01	3.898498e-04
5.475000e-01	3.918993e-04
5.500000e-01	3.939709e-04
5.525000e-01	3.960650e-04
5.550000e-01	3.981818e-04
5.575000e-01	4.003216e-04
5.600000e-01	4.024847e-04
5.625000e-01	4.046714e-04
5.650000e-01	4.068819e-04
5.675000e-01	4.091166e-04
5.700000e-01	4.113757e-04
5.725000e-01	4.136597e-04
5.750000e-01	4.159687e-04
5.775000e-01	4.183032e-04
5.800000e-01	4.206634e-04
5.825000e-01	4.230497e-04
5.850000e-01	4.254625e-04
5.875000e-01	4.279020e-04
5.900000e-01	4.303687e-04
5.925000e-01	4.328629e-04
5.950000e-01	4.353850e-04
5.975000e-01	4.379353e-04
6.000000e-01	4.405142e-04
6.025000e-01	4.431222e-04
6.050000e-01	4.457596e-04
6.075000e-01	4.484268e-04
6.100000e-01	4.511242e-04
6.125000e-01	4.538523e-04
6.150000e-01	4.566115e-04
6.175000e-01	4.594021e-04
6.200000e-01	4.622248e-04
6.225000e-01	4.650798e-04
6.250000e-01	4.679677e-04
6.275000e-01	4.708890e-04
6.300000e-01	4.738441e-04
6.325000e-01	4.768335e-04
6.350000e-01	4.798577e-04
6.375000e-01	4.829172e-04
6.400000e-01	4.860126e-04
6.425000e-01	4.891443e-04
6.450000e-01	4.923129e-04
6.475000e-01	4.955189e-04
6.500000e-01	4.987630e-04
6.525000e-01	5.020456e-04
6.550000e-01	5.053674e-04
6.575000e-01	5.087289e-04
6.600000e-01	5.121308e-04
6.625000e-01	5.155736e-04
6.650000e-01	5.190581e-04
6.675000e-01	5.225847e-04
6.700000e-01	5.261543e-04
6.725000e-01	5.297674e-04
6.750000e-01	5.334248e-04
6.775000e-01	5.371271e-04
6.800000e-01	5.408750e-04
6.825000e-01	5.446693e-04
6.850000e-01	5.485107e-04
6.875000e-01	5.523999e-04
6.900000e-01	5.563378e-04
6.925000e-01	5.603251e-04
6.950000e-01	5.643626e-04
6.975000e-01	5.684511e-04
7.000000e-01	5.725915e-04
7.025000e-01	5.767846e-04
7.050000e-01	5.810313e-04
7.075000e-01	5.853325e-04
7.100000e-01	5.896890e-04
7.125000e-01	5.941019e-04
7.150000e-01	5.985720e-04
7.175000e-01	6.031004e-04
7.200000e-01	6.076880e-04
7.225000e-01	6.123359e-04
7.250000e-01	6.170449e-04
7.275000e-01	6.218164e-04
7.300000e-01	6.266512e-04
7.325000e-01	6.315505e-04
7.350000e-01	6.365155e-04
7.375000e-01	6.415472e-04
7.400000e-01	6.466469e-04
7.425000e-01	6.518158e-04
7.450000e-01	6.570551e-04
7.475000e-01	6.623660e-04
7.500000e-01	6.677499e-04
7.525000e-01	6.732081e-04
7.550000e-01	6.787419e-04
7.575000e-01	6.843527e-04
7.600000e-01	6.900418e-04
7.625000e-01	6.958109e-04
7.650000e-01	7.016613e-04
7.675000e-01	7.075945e-04
7.700000e-01	7.136122e-04
7.725000e-01	7.197158e-04
7.750000e-01	7.259071e-04
7.775000e-01	7.321876e-04
7.800000e-01	7.385591e-04
7.825000e-01	7.450233e-04
7.850000e-01	7.515820e-04
7.875000e-01	7.582371e-04
7.900000e-01	7.649904e-04
7.925000e-01	7.718439e-04
7.950000e-01	7.787994e-04
7.975000e-01	7.858591e-04
8.000000e-01	7.930250e-04
8.025000e-01	8.002992e-04
8.050000e-01	8.076839e-04
8.075000e-01	8.151813e-04
8.100000e-01	8.227937e-04
8.125000e-01	8.305235e-04
8.150000e-01	8.383731e-04
8.175000e-01	8.463449e-04
8.200000e-01	8.544414e-04
8.225000e-01	8.626654e-04
8.250000e-01	8.710193e-04
8.275000e-01	8.795061e-04
8.300000e-01	8.881284e-04
8.325000e-01	8.968892e-04
8.350000e-01	9.057914e-04
8.375000e-01	9.148382e-04
8.400000e-01	9.240325e-04
8.425000e-01	9.333776e-04
8.450000e-01	9.428769e-04
8.475000e-01	9.525337e-04
8.500000e-01	9.623515e-04
8.525000e-01	9.723339e-04
8.550000e-01	9.824845e-04
8.575000e-01	9.928072e-04
8.600000e-01	1.003306e-03
8.625000e-01	1.013985e-03
8.650000e-01	1.024847e-03
8.675000e-01	1.035898e-03
8.700000e-01	1.047142e-03
8.725000e-01	1.058583e-03
8.750000e-01	1.070226e-03
8.775000e-01	1.082075e-03
8.800000e-01	1.094136e-03
8.825000e-01	1.106413e-03
8.850000e-01	1.118912e-03
8.875000e-01	1.131638e-03
8.900000e-01	1.144597e-03
8.925000e-01	1.157794e-03
8.950000e-01	1.171235e-03
8.975000e-01	1.184926e-03
9.000000e-01	1.198874e-03
9.025000e-01	1.213085e-03
9.050000e-01	1.227565e-03
9.075000e-01	1.242322e-03
9.100000e-01	1.257362e-03
9.125000e-01	1.272693e-03
9.150000e-01	1.288322e-03
9.175000e-01	1.304257e-03
9.200000e-01	1.320506e-03
9.225000e-01	1.337078e-03
9.250000e-01	1.353981e-03
9.275000e-01	1.371223e-03
9.300000e-01	1.388815e-03
9.325000e-01	1.406765e-03
9.350000e-01	1.425083e-03
9.375000e-01	1.443779e-03
9.400000e-01	1.462865e-03
9.425000e-01	1.482350e-03
9.450000e-01	1.502246e-03
9.475000e-01	1.522565e-03
9.500000e-01	1.543319e-03
9.525000e-01	1.564520e-03
9.550000e-01	1.586180e-03
9.575000e-01	1.608315e-03
9.600000e-01	1.630936e-03
9.625000e-01	1.654060e-03
9.650000e-01	1.677700e-03
9.675000e-01	1.701873e-03
9.700000e-01	1.726593e-03
9.725000e-01	1.751879e-03
9.750000e-01	1.777748e-03
9.775000e-01	1.804217e-03
9.800000e-01	1.831305e-03
9.825000e-01	1.859031e-03
9.850000e-01	1.887417e-03
9.875000e-01	1.916482e-03
9.900000e-01	1.946249e-03
9.925000e-01	1.976741e-03
9.950000e-01	2.007981e-03
9.975000e-01	2.039994e-03
1.000000e+00	2.072806e-03
1.002500e+00	2.106443e-03
1.005000e+00	2.140933e-03
1.007500e+00	2.176306e-03
1.010000e+00	2.212592e-03
1.012500e+00	2.249823e-03
1.015000e+00	2.288031e-03
1.017500e+00	2.327251e-03
1.020000e+00	2.367520e-03
1.022500e+00	2.408874e-03
1.025000e+00	2.451354e-03
1.027500e+00	2.495001e-03
1.030000e+00	2.539857e-03
1.032500e+00	2.585967e-03
1.035000e+00	2.633380e-03
1.037500e+00	2.682144e-03
1.040000e+00	2.732312e-03
1.042500e+00	2.783937e-03
1.045000e+00	2.837078e-03
1.047500e+00	2.891792e-03
1.050000e+00	2.948144e-03
1.052500e+00	3.006200e-03
1.055000e+00	3.066028e-03
1.057500e+00	3.127702e-03
1.060000e+00	3.191299e-03
1.062500e+00	3.256898e-03
1.065000e+00	3.324586e-03
1.067500e+00	3.394451e-03
1.070000e+00	3.466588e-03
1.072500e+00	3.541097e-03
1.075000e+00	3.618083e-03
1.077500e+00	3.697656e-03
1.080000e+00	3.779934e-03
1.082500e+00	3.865042e-03
1.085000e+00	3.953109e-03
1.087500e+00	4.044275e-03
1.090000e+00	4.138688e-03
1.092500e+00	4.236502e-03
1.095000e+00	4.337884e-03
1.097500e+00	4.443008e-03
1.100000e+00	4.552062e-03
1.102500e+00	4.665243e-03
1.105000e+00	4.782763e-03
1.107500e+00	4.904845e-03
1.110000e+00	5.031729e-03
1.112500e+00	5.163670e-03
1.115000e+00	5.300941e-03
1.117500e+00	5.443831e-03
1.120000e+00	5.592652e-03
1.122500e+00	5.747736e-03
1.125000e+00	5.909439e-03
1.127500e+00	6.078144e-03
1.130000e+00	6.254259e-03
1.132500e+00	6.438226e-03
1.135000e+00	6.630517e-03
1.137500e+00	6.831642e-03
1.140000e+00	7.042149e-03
1.142500e+00	7.262632e-03
1.145000e+00	7.493729e-03
1.147500e+00	7.736131e-03
1.150000e+00	7.990589e-03
1.152500e+00	8.257913e-03
1.155000e+00	8.538985e-03
1.157500e+00	8.834762e-03
1.160000e+00	9.146286e-03
1.162500e+00	9.474695e-03
1.165000e+00	9.821229e-03
1.167500e+00	1.018724e-02
1.170000e+00	1.057422e-02
1.172500e+00	1.098380e-02
1.175000e+00	1.141776e-02
1.177500e+00	1.187808e-02
1.180000e+00	1.236693e-02
1.182500e+00	1.288671e-02
1.185000e+00	1.344009e-02
1.187500e+00	1.403001e-02
1.190000e+00	1.465975e-02
1.192500e+00	1.533297e-02
1.195000e+00	1.605376e-02
1.197500e+00	1.682668e-02
1.200000e+00	1.765689e-02
1.202500e+00	1.855015e-02
1.205000e+00	1.951300e-02
1.207500e+00	2.055282e-02
1.210000e+00	2.167802e-02
1.212500e+00	2.289816e-02
1.215000e+00	2.422418e-02
1.217500e+00	2.566863e-02
1.220000e+00	2.724597e-02
1.222500e+00	2.897292e-02
1.225000e+00	3.086890e-02
1.227500e+00	3.295657e-02
1.230000e+00	3.526249e-02
1.232500e+00	3.781793e-02
1.235000e+00	4.065995e-02
1.237500e+00	4.383266e-02
1.240000e+00	4.738893e-02
1.242500e+00	5.139252e-02
1.245000e+00	5.592084e-02
1.247500e+00	6.106857e-02
1.250000e+00	6.695245e-02
1.252500e+00	7.371760e-02
1.255000e+00	8.154609e-02
1.257500e+00	9.066856e-02
1.260000e+00	1.013803e-01
1.262500e+00	1.140634e-01
1.265000e+00	1.292185e-01
1.267500e+00	1.475100e-01
1.270000e+00	1.698311e-01
1.272500e+00	1.973996e-01
1.275000e+00	2.318992e-01
1.277500e+00	2.756886e-01
1.280000e+00	3.321069e-01
1.282500e+00	4.059050e-01
1.285000e+00	5.037896e-01
1.287500e+00	6.348927e-01
1.290000e+00	8.103825e-01
1.292500e+00	1.039809e+00
1.295000e+00	1.318797e+00
1.297500e+00	1.603467e+00
1.300000e+00	1.792550e+00
1.302500e+00	1.782796e+00
1.305000e+00	1.580266e+00
1.307500e+00	1.292780e+00
1.310000e+00	1.017214e+00
1.312500e+00	7.927389e-01
1.315000e+00	6.216456e-01
1.317500e+00	4.939204e-01
1.320000e+00	3.985037e-01
1.322500e+00	3.264853e-01
1.325000e+00	2.713548e-01
1.327500e+00	2.285073e-01
1.330000e+00	1.947062e-01
1.332500e+00	1.676632e-01
1.335000e+00	1.457433e-01
1.337500e+00	1.277623e-01
1.340000e+00	1.128507e-01
1.342500e+00	1.003608e-01
1.345000e+00	8.980428e-02
1.347500e+00	8.080763e-02
1.350000e+00	7.308217e-02
1.352500e+00	6.640215e-02
1.355000e+00	6.058917e-02
1.357500e+00	5.550096e-02
1.360000e+00	5.102294e-02
1.362500e+00	4.706215e-02
1.365000e+00	4.354252e-02
1.367500e+00	4.040137e-02
1.370000e+00	3.758666e-02
1.372500e+00	3.505499e-02
1.375000e+00	3.276984e-02
1.377500e+00	3.070041e-02
1.380000e+00	2.882052e-02
1.382500e+00	2.710781e-02
1.385000e+00	2.554313e-02
1.387500e+00	2.410997e-02
1.390000e+00	2.279406e-02
1.392500e+00	2.158300e-02
1.395000e+00	2.046597e-02
1.397500e+00	1.943353e-02
1.400000e+00	1.847738e-02
1.402500e+00	1.759020e-02
1.405000e+00	1.676553e-02
1.407500e+00	1.599767e-02
1.410000e+00	1.528151e-02
1.412500e+00	1.461254e-02
1.415000e+00	1.398671e-02
1.417500e+00	1.340040e-02
1.420000e+00	1.285036e-02
1.422500e+00	1.233367e-02
1.425000e+00	1.184768e-02
1.427500e+00	1.139003e-02
1.430000e+00	1.095855e-02
1.432500e+00	1.055129e-02
1.435000e+00	1.016648e-02
1.437500e+00	9.802491e-03
1.440000e+00	9.457863e-03
1.442500e+00	9.131246e-03
1.445000e+00	8.821408e-03
1.447500e+00	8.527223e-03
1.450000e+00	8.247655e-03
1.452500e+00	7.981755e-03
1.455000e+00	7.728647e-03
1.457500e+00	7.487526e-03
1.460000e+00	7.257649e-03
1.462500e+00	7.038327e-03
1.465000e+00	6.828927e-03
1.467500e+00	6.628860e-03
1.470000e+00	6.437580e-03
1.472500e+00	6.254583e-03
1.475000e+00	6.079397e-03
1.477500e+00	5.911585e-03
1.480000e+00	5.750741e-03
1.482500e+00	5.596484e-03
1.485000e+00	5.448460e-03
1.487500e+00	5.306340e-03
1.490000e+00	5.169815e-03
1.492500e+00	5.038594e-03
1.495000e+00	4.912408e-03
1.497500e+00	4.791003e-03
1.500000e+00	4.674141e-03
1.502500e+00	4.561600e-03
1.505000e+00	4.453168e-03
1.507500e+00	4.348651e-03
1.510000e+00	4.247861e-03
1.512500e+00	4.150624e-03
1.515000e+00	4.056776e-03
1.517500e+00	3.966162e-03
1.520000e+00	3.878635e-03
1.522500e+00	3.794058e-03
1.525000e+00	3.712299e-03
1.527500e+00	3.633236e-03
1.530000e+00	3.556752e-03
1.532500e+00	3.482736e-03
1.535000e+00	3.411085e-03
1.537500e+00	3.341697e-03
1.540000e+00	3.274481e-03
1.542500e+00	3.209347e-03
1.545000e+00	3.146209e-03
1.547500e+00	3.084988e-03
1.550000e+00	3.025608e-03
1.552500e+00	2.967996e-03
1.555000e+00	2.912082e-03
1.557500e+00	2.857802e-03
1.560000e+00	2.805092e-03
1.562500e+00	2.753894e-03
1.565000e+00	2.704150e-03
1.567500e+00	2.655806e-03
1.570000e+00	2.608810e-03
1.572500e+00	2.563114e-03
1.575000e+00	2.518670e-03
1.577500e+00	2.475434e-03
1.580000e+00	2.433362e-03
1.582500e+00	2.392414e-03
1.585000e+00	2.352549e-03
1.587500e+00	2.313732e-03
1.590000e+00	2.275926e-03
1.592500e+00	2.239096e-03
1.595000e+00	2.203209e-03
1.597500e+00	2.168235e-03
1.600000e+00	2.134142e-03
1.602500e+00	2.100903e-03
1.605000e+00	2.068488e-03
1.607500e+00	2.036872e-03
1.610000e+00	2.006028e-03
1.612500e+00	1.975933e-03
1.615000e+00	1.946562e-03
1.617500e+00	1.917894e-03
1.620000e+00	1.889905e-03
1.622500e+00	1.862576e-03
1.625000e+00	1.835886e-03
1.627500e+00	1.809816e-03
1.630000e+00	1.784347e-03
1.632500e+00	1.759462e-03
1.635000e+00	1.735142e-03
1.637500e+00	1.711372e-03
1.640000e+00	1.688135e-03
1.642500e+00	1.665416e-03
1.645000e+00	1.643200e-03
1.647500e+00	1.621473e-03
1.650000e+00	1.600222e-03
1.652500e+00	1.579431e-03
1.655000e+00	1.559090e-03
1.657500e+00	1.539185e-03
1.660000e+00	1.519705e-03
1.662500e+00	1.500637e-03
1.665000e+00	1.481971e-03
1.667500e+00	1.463697e-03
1.670000e+00	1.445802e-03
1.672500e+00	1.428279e-03
1.675000e+00	1.411116e-03
1.677500e+00	1.394305e-03
1.680000e+00	1.377836e-03
1.682500e+00	1.361701e-03
1.685000e+00	1.345891e-03
1.687500e+00	1.330398e-03
1.690000e+00	1.315214e-03
1.692500e+00	1.300331e-03
1.695000e+00	1.285742e-03
1.697500e+00	1.271439e-03
1.700000e+00	1.257417e-03
1.702500e+00	1.243667e-03
1.705000e+00	1.230183e-03
1.707500e+00	1.216960e-03
1.710000e+00	1.203990e-03
1.712500e+00	1.191268e-03
1.715000e+00	1.178788e-03
1.717500e+00	1.166545e-03
1.720000e+00	1.154533e-03
1.722500e+00	1.142747e-03
1.725000e+00	1.131182e-03
1.727500e+00	1.119833e-03
1.730000e+00	1.108694e-03
1.732500e+00	1.097762e-03
1.735000e+00	1.087032e-03
1.737500e+00	1.076499e-03
1.740000e+00	1.066160e-03
1.742500e+00	1.056009e-03
1.745000e+00	1.046044e-03
1.747500e+00	1.036260e-03
1.750000e+00	1.026654e-03
1.752500e+00	1.017221e-03
1.755000e+00	1.007959e-03
1.757500e+00	9.988631e-04
1.760000e+00	9.899310e-04
1.762500e+00	9.811591e-04
1.765000e+00	9.725442e-04
1.767500e+00	9.640833e-04
1.770000e+00	9.557735e-04
1.772500e+00	9.476118e-04
1.775000e+00	9.395954e-04
1.777500e+00	9.317216e-04
1.780000e+00	9.239878e-04
1.782500e+00	9.163914e-04
1.785000e+00	9.089299e-04
1.787500e+00	9.016009e-04
1.790000e+00	8.944020e-04
1.792500e+00	8.873311e-04
1.795000e+00	8.803858e-04
1.797500e+00	8.735640e-04
1.800000e+00	8.668637e-04
1.802500e+00	8.602828e-04
1.805000e+00	8.538195e-04
1.807500e+00	8.474717e-04
1.810000e+00	8.412377e-04
1.812500e+00	8.351157e-04
1.815000e+00	8.291040e-04
1.817500e+00	8.232010e-04
1.820000e+00	8.174049e-04
1.822500e+00	8.117143e-04
1.825000e+00	8.061277e-04
1.827500e+00	8.006437e-04
1.830000e+00	7.952607e-04
1.832500e+00	7.899776e-04
1.835000e+00	7.847929e-04
1.837500e+00	7.797055e-04
1.840000e+00	7.747141e-04
1.842500e+00	7.698176e-04
1.845000e+00	7.650150e-04
1.847500e+00	7.603051e-04
1.850000e+00	7.556869e-04
1.852500e+00	7.511595e-04
1.855000e+00	7.467221e-04
1.857500e+00	7.423736e-04
1.860000e+00	7.381133e-04
1.862500e+00	7.339404e-04
1.865000e+00	7.298543e-04
1.867500e+00	7.258542e-04
1.870000e+00	7.219395e-04
1.872500e+00	7.181096e-04
1.875000e+00	7.143640e-04
1.877500e+00	7.107022e-04
1.880000e+00	7.071238e-04
1.882500e+00	7.036284e-04
1.885000e+00	7.002157e-04
1.887500e+00	6.968854e-04
1.890000e+00	6.936372e-04
1.892500e+00	6.904711e-04
1.895000e+00	6.873869e-04
1.897500e+00	6.843845e-04
1.900000e+00	6.814639e-04
1.902500e+00	6.786253e-04
1.905000e+00	6.758688e-04
1.907500e+00	6.731945e-04
1.910000e+00	6.706027e-04
1.912500e+00	6.680938e-04
1.915000e+00	6.656682e-04
1.917500e+00	6.633263e-04
1.920000e+00	6.610688e-04
1.922500e+00	6.588963e-04
1.925000e+00	6.568095e-04
1.927500e+00	6.548094e-04
1.930000e+00	6.528968e-04
1.932500e+00	6.510727e-04
1.935000e+00	6.493385e-04
1.937500e+00	6.476952e-04
1.940000e+00	6.461444e-04
1.942500e+00	6.446875e-04
1.945000e+00	6.433262e-04
1.947500e+00	6.420624e-04
1.950000e+00	6.408981e-04
1.952500e+00	6.398353e-04
1.955000e+00	6.388765e-04
1.957500e+00	6.380242e-04
1.960000e+00	6.372812e-04
1.962500e+00	6.366505e-04
1.965000e+00	6.361352e-04
1.967500e+00	6.357390e-04
1.970000e+00	6.354656e-04
1.972500e+00	6.353192e-04
1.975000e+00	6.353042e-04
1.977500e+00	6.354256e-04
1.980000e+00	6.356886e-04
1.982500e+00	6.360989e-04
1.985000e+00	6.366629e-04
1.987500e+00	6.373872e-04
1.990000e+00	6.382793e-04
1.992500e+00	6.393472e-04
1.995000e+00	6.405999e-04
1.997500e+00	6.420468e-04
2.000000e+00	6.436987e-04
2.002500e+00	6.455672e-04
2.005000e+00	6.476649e-04
2.007500e+00	6.500059e-04
2.010000e+00	6.526059e-04
2.012500e+00	6.554818e-04
2.015000e+00	6.586529e-04
2.017500e+00	6.621402e-04
2.020000e+00	6.659674e-04
2.022500e+00	6.701608e-04
2.025000e+00	6.747501e-04
2.027500e+00	6.797685e-04
2.030000e+00	6.852538e-04
2.032500e+00	6.912484e-04
2.035000e+00	6.978010e-04
2.037500e+00	7.049670e-04
2.040000e+00	7.128102e-04
2.042500e+00	7.214039e-04
2.045000e+00	7.308335e-04
2.047500e+00	7.411986e-04
2.050000e+00	7.526161e-04
2.052500e+00	7.652243e-04
2.055000e+00	7.791878e-04
2.057500e+00	7.947043e-04
2.060000e+00	8.120133e-04
2.062500e+00	8.314076e-04
2.065000e+00	8.532488e-04
2.067500e+00	8.779884e-04
2.070000e+00	9.061975e-04
2.072500e+00	9.386073e-04
2.075000e+00	9.761676e-04
2.077500e+00	1.020130e-03
2.080000e+00	1.072169e-03
2.082500e+00	1.134553e-03
2.085000e+00	1.210390e-03
2.087500e+00	1.303946e-03
2.090000e+00	1.420964e-03
2.092500e+00	1.568735e-03
2.095000e+00	1.755084e-03
2.097500e+00	1.984944e-03
2.100000e+00	2.254366e-03
2.102500e+00	2.547172e-03
2.105000e+00	2.841266e-03
2.107500e+00	3.121451e-03
2.110000e+00	3.382431e-03
2.112500e+00	3.618118e-03
2.115000e+00	3.824842e-03
2.117500e+00	4.017399e-03
2.120000e+00	4.212699e-03
2.122500e+00	4.394356e-03
2.125000e+00	4.536953e-03
2.127500e+00	4.652459e-03
2.130000e+00	4.780520e-03
2.132500e+00	4.938361e-03
2.135000e+00	5.095835e-03
2.137500e+00	5.224944e-03
2.140000e+00	5.321079e-03
2.142500e+00	5.376595e-03
2.145000e+00	5.420935e-03
2.147500e+00	5.522413e-03
2.150000e+00	5.693486e-03
2.152500e+00	5.868627e-03
2.155000e+00	5.990099e-03
2.157500e+00	6.038294e-03
2.160000e+00	6.009405e-03
2.162500e+00	5.965707e-03
2.165000e+00	6.018291e-03
2.167500e+00	6.203713e-03
2.170000e+00	6.427255e-03
2.172500e+00	6.558682e-03
2.175000e+00	6.593250e-03
2.177500e+00	6.622214e-03
2.180000e+00	6.658967e-03
2.182500e+00	6.635734e-03
2.185000e+00	6.566386e-03
2.187500e+00	6.569649e-03
2.190000e+00	6.713282e-03
2.192500e+00	6.926862e-03
2.195000e+00	7.089502e-03
2.197500e+00	7.190287e-03
2.200000e+00	7.299628e-03
2.202500e+00	7.387110e-03
2.205000e+00	7.322868e-03
2.207500e+00	7.095340e-03
2.210000e+00	6.880299e-03
2.212500e+00	6.861641e-03
2.215000e+00	7.096101e-03
2.217500e+00	7.484177e-03
2.220000e+00	7.803067e-03
2.222500e+00	7.884454e-03
2.225000e+00	7.802807e-03
2.227500e+00	7.747915e-03
2.230000e+00	7.766386e-03
2.232500e+00	7.733218e-03
2.235000e+00	7.566107e-03
2.237500e+00	7.381111e-03
2.240000e+00	7.361832e-03
2.242500e+00	7.575820e-03
2.245000e+00	7.913917e-03
2.247500e+00	8.149556e-03
2.250000e+00	8.157940e-03
2.252500e+00	8.073846e-03
2.255000e+00	8.117052e-03
2.257500e+00	8.344249e-03
2.260000e+00	8.577337e-03
2.262500e+00	8.545584e-03
2.265000e+00	8.192132e-03
2.267500e+00	7.751221e-03
2.270000e+00	7.491547e-03
2.272500e+00	7.542713e-03
2.275000e+00	7.887042e-03
2.277500e+00	8.362939e-03
2.280000e+00	8.712344e-03
2.282500e+00	8.798114e-03
2.285000e+00	8.763108e-03
2.287500e+00	8.824838e-03
2.290000e+00	8.995833e-03
2.292500e+00	9.051976e-03
2.295000e+00	8.787528e-03
2.297500e+00	8.294774e-03
2.300000e+00	7.860598e-03
2.302500e+00	7.702908e-03
2.305000e+00	7.895013e-03
2.307500e+00	8.378505e-03
2.310000e+00	8.940726e-03
2.312500e+00	9.260326e-03
2.315000e+00	9.176574e-03
2.317500e+00	8.886743e-03
2.320000e+00	8.720895e-03
2.322500e+00	8.855325e-03
2.325000e+00	9.228088e-03
2.327500e+00	9.554507e-03
2.330000e+00	9.509317e-03
2.332500e+00	9.066947e-03
2.335000e+00	8.528029e-03
2.337500e+00	8.197019e-03
2.340000e+00	8.203270e-03
2.342500e+00	8.503012e-03
2.345000e+00	8.891737e-03
2.347500e+00	9.090480e-03
2.350000e+00	9.005207e-03
2.352500e+00	8.847496e-03
2.355000e+00	8.901523e-03
2.357500e+00	9.298275e-03
2.360000e+00	9.942229e-03
2.362500e+00	1.048940e-02
2.365000e+00	1.051538e-02
2.367500e+00	9.934296e-03
2.370000e+00	9.096483e-03
2.372500e+00	8.401326e-03
2.375000e+00	8.055019e-03
2.377500e+00	8.105734e-03
2.380000e+00	8.500914e-03
2.382500e+00	9.066162e-03
2.385000e+00	9.499766e-03
2.387500e+00	9.573621e-03
2.390000e+00	9.396169e-03
2.392500e+00	9.294544e-03
2.395000e+00	9.499634e-03
2.397500e+00	1.000420e-02
2.400000e+00	1.053611e-02
2.402500e+00	1.067583e-02
2.405000e+00	1.024271e-02
2.407500e+00	9.508160e-03
2.410000e+00	8.880076e-03
2.412500e+00	8.599869e-03
2.415000e+00	8.726538e-03
2.417500e+00	9.175554e-03
2.420000e+00	9.694786e-03
2.422500e+00	9.918905e-03
2.425000e+00	9.671132e-03
2.427500e+00	9.170123e-03
2.430000e+00	8.781490e-03
2.432500e+00	8.740721e-03
2.435000e+00	9.122853e-03
2.437500e+00	9.863607e-03
2.440000e+00	1.070631e-02
2.442500e+00	1.120635e-02
2.445000e+00	1.105179e-02
2.447500e+00	1.042330e-02
2.450000e+00	9.783058e-03
2.452500e+00	9.455832e-03
2.455000e+00	9.510658e-03
2.457500e+00	9.786156e-03
2.460000e+00	9.943502e-03
2.462500e+00	9.704877e-03
2.465000e+00	9.148183e-03
2.467500e+00	8.599394e-03
2.470000e+00	8.325017e-03
2.472500e+00	8.448172e-03
2.475000e+00	9.001270e-03
2.477500e+00	9.932000e-03
2.480000e+00	1.101631e-02
2.482500e+00	1.179256e-02
2.485000e+00	1.181668e-02
2.487500e+00	1.114276e-02
2.490000e+00	1.026781e-02
2.492500e+00	9.637680e-03
2.495000e+00	9.441307e-03
2.497500e+00	9.660341e-03
2.500000e+00	1.009116e-02
2.502500e+00	1.036030e-02
2.505000e+00	1.016072e-02
2.507500e+00	9.575057e-03
2.510000e+00	8.965416e-03
2.512500e+00	8.629945e-03
2.515000e+00	8.701623e-03
2.517500e+00	9.200601e-03
2.520000e+00	1.003614e-02
2.522500e+00	1.092672e-02
2.525000e+00	1.141092e-02
2.527500e+00	1.119794e-02
2.530000e+00	1.051051e-02
2.532500e+00	9.830988e-03
2.535000e+00	9.498717e-03
2.537500e+00	9.641282e-03
2.540000e+00	1.023509e-02
2.542500e+00	1.108012e-02
2.545000e+00	1.173737e-02
2.547500e+00	1.172045e-02
2.550000e+00	1.097407e-02
2.552500e+00	9.929984e-03
2.555000e+00	9.039567e-03
2.557500e+00	8.524716e-03
2.560000e+00	8.444375e-03
2.562500e+00	8.786135e-03
2.565000e+00	9.467037e-03
2.567500e+00	1.025780e-02
2.570000e+00	1.077052e-02
2.572500e+00	1.073339e-02
2.575000e+00	1.031155e-02
2.577500e+00	9.929798e-03
2.580000e+00	9.908426e-03
2.582500e+00	1.036526e-02
2.585000e+00	1.122721e-02
2.587500e+00	1.216907e-02
2.590000e+00	1.262733e-02
2.592500e+00	1.220552e-02
2.595000e+00	1.111524e-02
2.597500e+00	9.907816e-03
2.600000e+00	8.976033e-03
2.602500e+00	8.465584e-03
2.605000e+00	8.399058e-03
2.607500e+00	8.757596e-03
2.610000e+00	9.470576e-03
2.612500e+00	1.033041e-02
2.615000e+00	1.094472e-02
2.617500e+00	1.097023e-02
2.620000e+00	1.049546e-02
2.622500e+00	9.950336e-03
2.625000e+00	9.703835e-03
2.627500e+00	9.919166e-03
2.630000e+00	1.058897e-02
2.632500e+00	1.151109e-02
2.635000e+00	1.223145e-02
2.637500e+00	1.225389e-02
2.640000e+00	1.153832e-02
2.642500e+00	1.054569e-02
2.645000e+00	9.750042e-03
2.647500e+00	9.385162e-03
2.650000e+00	9.505253e-03
2.652500e+00	1.004919e-02
2.655000e+00	1.079620e-02
2.657500e+00	1.131832e-02
2.660000e+00	1.120672e-02
2.662500e+00	1.049457e-02
2.665000e+00	9.608471e-03
2.667500e+00	8.936239e-03
2.670000e+00	8.658983e-03
2.672500e+00	8.830103e-03
2.675000e+00	9.446659e-03
2.677500e+00	1.042662e-02
2.680000e+00	1.150371e-02
2.682500e+00	1.219497e-02
2.685000e+00	1.212873e-02
2.687500e+00	1.147572e-02
2.690000e+00	1.076198e-02
2.692500e+00	1.039506e-02
2.695000e+00	1.052834e-02
2.697500e+00	1.110457e-02
2.700000e+00	1.183085e-02
2.702500e+00	1.218882e-02
2.705000e+00	1.178338e-02
2.707500e+00	1.076596e-02
2.710000e+00	9.628985e-03
2.712500e+00	8.740746e-03
2.715000e+00	8.243182e-03
2.717500e+00	8.164710e-03
2.720000e+00	8.508212e-03
2.722500e+00	9.266721e-03
2.725000e+00	1.036699e-02
2.727500e+00	1.154764e-02
2.730000e+00	1.231315e-02
2.732500e+00	1.226168e-02
2.735000e+00	1.154862e-02
2.737500e+00	1.071792e-02
2.740000e+00	1.020485e-02
2.742500e+00	1.019346e-02
2.745000e+00	1.069169e-02
2.747500e+00	1.153713e-02
2.750000e+00	1.231955e-02
2.752500e+00	1.248799e-02
2.755000e+00	1.183374e-02
2.757500e+00	1.072643e-02
2.760000e+00	9.682241e-03
2.762500e+00	8.995990e-03
2.765000e+00	8.761799e-03
2.767500e+00	8.989351e-03
2.770000e+00	9.641936e-03
2.772500e+00	1.057598e-02
2.775000e+00	1.143569e-02
2.777500e+00	1.173161e-02
2.780000e+00	1.127456e-02
2.782500e+00	1.040545e-02
2.785000e+00	9.611114e-03
2.787500e+00	9.181510e-03
2.790000e+00	9.222427e-03
2.792500e+00	9.755488e-03
2.795000e+00	1.073374e-02
2.797500e+00	1.194841e-02
2.800000e+00	1.292077e-02
2.802500e+00	1.309593e-02
2.805000e+00	1.239720e-02
2.807500e+00	1.132785e-02
2.810000e+00	1.043553e-02
2.812500e+00	9.997178e-03
2.815000e+00	1.007076e-02
2.817500e+00	1.056316e-02
2.820000e+00	1.118984e-02
2.822500e+00	1.148161e-02
2.825000e+00	1.110609e-02
2.827500e+00	1.022537e-02
2.830000e+00	9.283971e-03
2.832500e+00	8.604844e-03
2.835000e+00	8.315973e-03
2.837500e+00	8.452771e-03
2.840000e+00	9.029930e-03
2.842500e+00	1.004000e-02
2.845000e+00	1.137045e-02
2.847500e+00	1.266088e-02
2.850000e+00	1.331893e-02
2.852500e+00	1.299265e-02
2.855000e+00	1.199717e-02
2.857500e+00	1.095585e-02
2.860000e+00	1.028895e-02
2.862500e+00	1.014975e-02
2.865000e+00	1.053334e-02
2.867500e+00	1.128971e-02
2.870000e+00	1.204156e-02
2.872500e+00	1.225020e-02
2.875000e+00	1.165762e-02
2.877500e+00	1.057462e-02
2.880000e+00	9.504884e-03
2.882500e+00	8.753556e-03
2.885000e+00	8.422404e-03
2.887500e+00	8.530614e-03
2.890000e+00	9.078955e-03
2.892500e+00	1.003403e-02
2.895000e+00	1.123089e-02
2.897500e+00	1.225163e-02
2.900000e+00	1.255020e-02
2.902500e+00	1.196711e-02
2.905000e+00	1.093057e-02
2.907500e+00	9.983449e-03
2.910000e+00	9.428378e-03
2.912500e+00	9.367537e-03
2.915000e+00	9.821912e-03
2.917500e+00	1.076126e-02
2.920000e+00	1.202159e-02
2.922500e+00	1.316457e-02
2.925000e+00	1.355744e-02
2.927500e+00	1.291974e-02
2.930000e+00	1.165745e-02
2.932500e+00	1.039057e-02
2.935000e+00	9.486775e-03
2.937500e+00	9.062657e-03
2.940000e+00	9.123523e-03
2.942500e+00	9.620365e-03
2.945000e+00	1.040000e-02
2.947500e+00	1.111165e-02
2.950000e+00	1.129631e-02
2.952500e+00	1.079777e-02
2.955000e+00	9.946280e-03
2.957500e+00	9.184938e-03
2.960000e+00	8.769126e-03
2.962500e+00	8.792453e-03
2.965000e+00	9.288080e-03
2.967500e+00	1.026302e-02
2.970000e+00	1.163910e-02
2.972500e+00	1.310418e-02
2.975000e+00	1.403747e-02
2.977500e+00	1.389145e-02
2.980000e+00	1.280001e-02
2.982500e+00	1.142063e-02
2.985000e+00	1.029661e-02
2.987500e+00	9.655891e-03
2.990000e+00	9.540308e-03
2.992500e+00	9.907339e-03
2.995000e+00	1.060911e-02
2.997500e+00	1.130125e-02
3.000000e+00	1.150259e-02
3.002500e+00	1.099572e-02
3.005000e+00	1.007369e-02
3.007500e+00	9.193444e-03
3.010000e+00	8.632055e-03
3.012500e+00	8.488489e-03
3.015000e+00	8.790471e-03
3.017500e+00	9.543311e-03
3.020000e+00	1.069364e-02
3.022500e+00	1.200698e-02
3.025000e+00	1.296727e-02
3.027500e+00	1.303184e-02
3.030000e+00	1.220140e-02
3.032500e+00	1.102644e-02
3.035000e+00	1.003950e-02
3.037500e+00	9.494666e-03
3.040000e+00	9.464551e-03
3.042500e+00	9.954792e-03
3.045000e+00	1.091403e-02
3.047500e+00	1.213307e-02
3.050000e+00	1.311891e-02
3.052500e+00	1.326290e-02
3.055000e+00	1.242066e-02
3.057500e+00	1.108102e-02
3.060000e+00	9.817852e-03
3.062500e+00	8.926010e-03
3.065000e+00	8.483187e-03
3.067500e+00	8.489338e-03
3.070000e+00	8.927729e-03
3.072500e+00	9.742710e-03
3.075000e+00	1.074288e-02
3.077500e+00	1.151353e-02
3.080000e+00	1.160486e-02
3.082500e+00	1.099390e-02
3.085000e+00	1.011935e-02
3.087500e+00	9.427156e-03
3.090000e+00	9.143619e-03
3.092500e+00	9.347829e-03
3.095000e+00	1.006346e-02
3.097500e+00	1.125709e-02
3.100000e+00	1.272560e-02
3.102500e+00	1.394710e-02
3.105000e+00	1.423428e-02
3.107500e+00	1.337506e-02
3.110000e+00	1.188772e-02
3.112500e+00	1.043136e-02
3.115000e+00	9.358347e-03
3.117500e+00	8.763055e-03
3.120000e+00	8.641148e-03
3.122500e+00	8.964628e-03
3.125000e+00	9.664655e-03
3.127500e+00	1.053900e-02
3.130000e+00	1.117925e-02
3.132500e+00	1.117521e-02
3.135000e+00	1.054355e-02
3.137500e+00	9.710303e-03
3.140000e+00	9.079320e-03
3.142500e+00	8.847480e-03
3.145000e+00	9.080215e-03
3.147500e+00	9.787706e-03
3.150000e+00	1.090559e-02
3.152500e+00	1.217712e-02
3.155000e+00	1.306626e-02
3.157500e+00	1.304519e-02
3.160000e+00	1.215782e-02
3.162500e+00	1.097060e-02
3.165000e+00	1.000047e-02
3.167500e+00	9.484986e-03
3.170000e+00	9.487016e-03
3.172500e+00	9.998376e-03
3.175000e+00	1.093089e-02
3.177500e+00	1.200396e-02
3.180000e+00	1.267754e-02
3.182500e+00	1.246336e-02
3.185000e+00	1.144644e-02
3.187500e+00	1.017084e-02
3.190000e+00	9.094893e-03
3.192500e+00	8.409478e-03
3.195000e+00	8.152505e-03
3.197500e+00	8.320567e-03
3.200000e+00	8.903004e-03
3.202500e+00	9.843440e-03
3.205000e+00	1.093233e-02
3.207500e+00	1.172810e-02
3.210000e+00	1.178869e-02
3.212500e+00	1.114546e-02
3.215000e+00	1.027720e-02
3.217500e+00	9.633124e-03
3.220000e+00	9.432727e-03
3.222500e+00	9.748292e-03
3.225000e+00	1.058087e-02
3.227500e+00	1.182208e-02
3.230000e+00	1.311362e-02
3.232500e+00	1.381005e-02
3.235000e+00	1.341675e-02
3.237500e+00	1.214262e-02
3.240000e+00	1.063660e-02
3.242500e+00	9.379593e-03
3.245000e+00	8.548572e-03
3.247500e+00	8.164141e-03
3.250000e+00	8.209934e-03
3.252500e+00	8.669408e-03
3.255000e+00	9.494576e-03
3.257500e+00	1.050823e-02
3.260000e+00	1.130964e-02
3.262500e+00	1.144159e-02
3.265000e+00	1.085168e-02
3.267500e+00	9.963653e-03
3.270000e+00	9.230539e-03
3.272500e+00	8.886392e-03
3.275000e+00	9.009013e-03
3.277500e+00	9.611382e-03
3.280000e+00	1.063970e-02
3.282500e+00	1.186842e-02
3.285000e+00	1.279799e-02
3.287500e+00	1.288174e-02
3.290000e+00	1.208564e-02
3.292500e+00	1.093409e-02
3.295000e+00	9.959355e-03
3.297500e+00	9.422148e-03
3.300000e+00	9.393790e-03
3.302500e+00	9.858616e-03
3.305000e+00	1.070294e-02
3.307500e+00	1.160969e-02
3.310000e+00	1.204731e-02
3.312500e+00	1.164376e-02
3.315000e+00	1.059984e-02
3.317500e+00	9.435086e-03
3.320000e+00	8.517803e-03
3.322500e+00	7.982802e-03
3.325000e+00	7.852610e-03
3.327500e+00	8.127510e-03
3.330000e+00	8.806748e-03
3.332500e+00	9.845773e-03
3.335000e+00	1.104469e-02
3.337500e+00	1.195475e-02
3.340000e+00	1.209413e-02
3.342500e+00	1.145541e-02
3.345000e+00	1.053002e-02
3.347500e+00	9.807386e-03
3.350000e+00	9.531808e-03
3.352500e+00	9.776428e-03
3.355000e+00	1.051955e-02
3.357500e+00	1.159987e-02
3.360000e+00	1.259518e-02
3.362500e+00	1.289613e-02
3.365000e+00	1.222062e-02
3.367500e+00	1.093819e-02
3.370000e+00	9.627916e-03
3.372500e+00	8.630901e-03
3.375000e+00	8.049220e-03
3.377500e+00	7.887653e-03
3.380000e+00	8.136684e-03
3.382500e+00	8.783524e-03
3.385000e+00	9.757872e-03
3.387500e+00	1.081585e-02
3.390000e+00	1.148653e-02
3.392500e+00	1.136556e-02
3.395000e+00	1.056534e-02
3.397500e+00	9.582781e-03
3.400000e+00	8.824474e-03
3.402500e+00	8.466559e-03
3.405000e+00	8.559483e-03
3.407500e+00	9.117199e-03
3.410000e+00	1.012155e-02
3.412500e+00	1.143382e-02
3.415000e+00	1.264991e-02
3.417500e+00	1.315005e-02
3.420000e+00	1.261695e-02
3.422500e+00	1.141628e-02
3.425000e+00	1.016993e-02
3.427500e+00	9.265356e-03
3.430000e+00	8.831682e-03
3.432500e+00	8.876911e-03
3.435000e+00	9.346556e-03
3.437500e+00	1.007369e-02
3.440000e+00	1.069401e-02
3.442500e+00	1.076260e-02
3.445000e+00	1.016624e-02
3.447500e+00	9.250521e-03
3.450000e+00	8.430961e-03
3.452500e+00	7.929423e-03
3.455000e+00	7.816805e-03
3.457500e+00	8.112320e-03
3.460000e+00	8.822070e-03
3.462500e+00	9.903736e-03
3.465000e+00	1.115368e-02
3.467500e+00	1.210441e-02
3.470000e+00	1.223717e-02
3.472500e+00	1.151778e-02
3.475000e+00	1.044844e-02
3.477500e+00	9.542893e-03
3.480000e+00	9.055804e-03
3.482500e+00	9.061147e-03
3.485000e+00	9.553659e-03
3.487500e+00	1.044286e-02
3.490000e+00	1.144640e-02
3.492500e+00	1.203806e-02
3.495000e+00	1.176846e-02
3.497500e+00	1.075017e-02
3.500000e+00	9.508450e-03
3.502500e+00	8.465394e-03
3.505000e+00	7.788967e-03
3.507500e+00	7.507650e-03
3.510000e+00	7.614969e-03
3.512500e+00	8.103450e-03
3.515000e+00	8.936617e-03
3.517500e+00	9.957251e-03
3.520000e+00	1.079051e-02
3.522500e+00	1.098486e-02
3.525000e+00	1.045892e-02
3.527500e+00	9.610131e-03
3.530000e+00	8.890114e-03
3.532500e+00	8.540503e-03
3.535000e+00	8.644608e-03
3.537500e+00	9.220275e-03
3.540000e+00	1.022426e-02
3.542500e+00	1.145226e-02
3.545000e+00	1.242032e-02
3.547500e+00	1.254377e-02
3.550000e+00	1.170493e-02
3.552500e+00	1.039184e-02
3.555000e+00	9.156305e-03
3.557500e+00	8.275030e-03
3.560000e+00	7.817012e-03
3.562500e+00	7.777656e-03
3.565000e+00	8.135879e-03
3.567500e+00	8.832217e-03
3.570000e+00	9.679259e-03
3.572500e+00	1.029039e-02
3.575000e+00	1.027094e-02
3.577500e+00	9.628431e-03
3.580000e+00	8.762829e-03
3.582500e+00	8.054460e-03
3.585000e+00	7.683813e-03
3.587500e+00	7.706264e-03
3.590000e+00	8.139686e-03
3.592500e+00	8.983520e-03
3.595000e+00	1.015926e-02
3.597500e+00	1.138007e-02
3.600000e+00	1.210682e-02
3.602500e+00	1.190881e-02
3.605000e+00	1.095353e-02
3.607500e+00	9.809006e-03
3.610000e+00	8.915017e-03
3.612500e+00	8.449422e-03
3.615000e+00	8.443856e-03
3.617500e+00	8.860253e-03
3.620000e+00	9.559507e-03
3.622500e+00	1.021329e-02
3.625000e+00	1.036996e-02
3.627500e+00	9.839644e-03
3.630000e+00	8.909043e-03
3.632500e+00	8.001581e-03
3.635000e+00	7.363125e-03
3.637500e+00	7.071687e-03
3.640000e+00	7.140439e-03
3.642500e+00	7.572102e-03
3.645000e+00	8.351502e-03
3.647500e+00	9.373824e-03
3.650000e+00	1.033410e-02
3.652500e+00	1.076791e-02
3.655000e+00	1.044640e-02
3.657500e+00	9.659559e-03
3.660000e+00	8.889750e-03
3.662500e+00	8.444220e-03
3.665000e+00	8.437303e-03
3.667500e+00	8.882120e-03
3.670000e+00	9.700837e-03
3.672500e+00	1.063403e-02
3.675000e+00	1.119123e-02
3.677500e+00	1.094413e-02
3.680000e+00	9.985623e-03
3.682500e+00	8.803723e-03
3.685000e+00	7.796537e-03
3.687500e+00	7.122886e-03
3.690000e+00	6.807694e-03
3.692500e+00	6.840957e-03
3.695000e+00	7.211278e-03
3.697500e+00	7.883424e-03
3.700000e+00	8.720765e-03
3.702500e+00	9.403892e-03
3.705000e+00	9.551433e-03
3.707500e+00	9.097050e-03
3.710000e+00	8.377021e-03
3.712500e+00	7.770986e-03
3.715000e+00	7.481695e-03
3.717500e+00	7.580415e-03
3.720000e+00	8.087224e-03
3.722500e+00	8.978964e-03
3.725000e+00	1.010796e-02
3.727500e+00	1.108185e-02
3.730000e+00	1.135690e-02
3.732500e+00	1.072643e-02
3.735000e+00	9.567448e-03
3.737500e+00	8.404025e-03
3.740000e+00	7.529021e-03
3.742500e+00	7.024714e-03
3.745000e+00	6.889411e-03
3.747500e+00	7.102000e-03
3.750000e+00	7.614518e-03
3.752500e+00	8.284499e-03
3.755000e+00	8.808348e-03
3.757500e+00	8.849055e-03
3.760000e+00	8.372689e-03
3.762500e+00	7.688929e-03
3.765000e+00	7.121942e-03
3.767500e+00	6.835864e-03
3.770000e+00	6.886130e-03
3.772500e+00	7.295438e-03
3.775000e+00	8.076012e-03
3.777500e+00	9.186688e-03
3.780000e+00	1.041843e-02
3.782500e+00	1.130364e-02
3.785000e+00	1.135183e-02
3.787500e+00	1.056826e-02
3.790000e+00	9.453969e-03
3.792500e+00	8.487794e-03
3.795000e+00	7.891012e-03
3.797500e+00	7.713230e-03
3.800000e+00	7.928919e-03
3.802500e+00	8.437631e-03
3.805000e+00	8.993982e-03
3.807500e+00	9.218736e-03
3.810000e+00	8.880542e-03
3.812500e+00	8.152125e-03
3.815000e+00	7.394683e-03
3.817500e+00	6.849793e-03
3.820000e+00	6.605945e-03
3.822500e+00	6.684983e-03
3.825000e+00	7.099545e-03
3.827500e+00	7.860098e-03
3.830000e+00	8.928436e-03
3.832500e+00	1.010959e-02
3.835000e+00	1.097347e-02
3.837500e+00	1.108514e-02
3.840000e+00	1.047857e-02
3.842500e+00	9.633481e-03
3.845000e+00	8.997774e-03
3.847500e+00	8.778212e-03
3.850000e+00	8.999952e-03
3.852500e+00	9.540548e-03
3.855000e+00	1.008205e-02
3.857500e+00	1.018011e-02
3.860000e+00	9.631686e-03
3.862500e+00	8.695094e-03
3.865000e+00	7.772631e-03
3.867500e+00	7.099999e-03
3.870000e+00	6.748947e-03
3.872500e+00	6.726546e-03
3.875000e+00	7.031464e-03
3.877500e+00	7.656727e-03
3.880000e+00	8.540336e-03
3.882500e+00	9.470992e-03
3.885000e+00	1.006981e-02
3.887500e+00	1.006586e-02
3.890000e+00	9.624473e-03
3.892500e+00	9.174110e-03
3.895000e+00	9.041119e-03
3.897500e+00	9.362136e-03
3.900000e+00	1.012517e-02
3.902500e+00	1.113018e-02
3.905000e+00	1.190794e-02
3.907500e+00	1.190729e-02
3.910000e+00	1.102640e-02
3.912500e+00	9.719082e-03
3.915000e+00	8.483319e-03
3.917500e+00	7.557845e-03
3.920000e+00	6.990551e-03
3.922500e+00	6.764777e-03
3.925000e+00	6.862863e-03
3.927500e+00	7.279263e-03
3.930000e+00	7.996102e-03
3.932500e+00	8.913376e-03
3.935000e+00	9.761999e-03
3.937500e+00	1.017550e-02
3.940000e+00	1.003942e-02
3.942500e+00	9.657842e-03
3.945000e+00	9.439979e-03
3.947500e+00	9.629887e-03
3.950000e+00	1.028804e-02
3.952500e+00	1.128659e-02
3.955000e+00	1.222721e-02
3.957500e+00	1.251935e-02
3.960000e+00	1.187456e-02
3.962500e+00	1.063481e-02
3.965000e+00	9.357631e-03
3.967500e+00	8.375717e-03
3.970000e+00	7.788163e-03
3.972500e+00	7.595813e-03
3.975000e+00	7.779687e-03
3.977500e+00	8.306115e-03
3.980000e+00	9.068751e-03
3.982500e+00	9.801052e-03
3.985000e+00	1.012614e-02
3.987500e+00	9.887772e-03
3.990000e+00	9.347475e-03
3.992500e+00	8.898662e-03
3.995000e+00	8.790485e-03
3.997500e+00	9.129333e-03
