#omega	spectral weight
-3.000000e+00	2.862926e-05
-2.997500e+00	2.865119e-05
-2.995000e+00	2.867319e-05
-2.992500e+00	2.869523e-05
-2.990000e+00	2.871733e-05
-2.987500e+00	2.873948e-05
-2.985000e+00	2.876169e-05
-2.982500e+00	2.878395e-05
-2.980000e+00	2.880627e-05
-2.977500e+00	2.882865e-05
-2.975000e+00	2.885108e-05
-2.972500e+00	2.887356e-05
-2.970000e+00	2.889610e-05
-2.967500e+00	2.891870e-05
-2.965000e+00	2.894136e-05
-2.962500e+00	2.896407e-05
-2.960000e+00	2.898684e-05
-2.957500e+00	2.900967e-05
-2.955000e+00	2.903256e-05
-2.952500e+00	2.905551e-05
-2.950000e+00	2.907851e-05
-2.947500e+00	2.910158e-05
-2.945000e+00	2.912470e-05
-2.942500e+00	2.914789e-05
-2.940000e+00	2.917114e-05
-2.937500e+00	2.919444e-05
-2.935000e+00	2.921781e-05
-2.932500e+00	2.924124e-05
-2.930000e+00	2.926473e-05
-2.927500e+00	2.928829e-05
-2.925000e+00	2.931190e-05
-2.922500e+00	2.933559e-05
-2.920000e+00	2.935933e-05
-2.917500e+00	2.938314e-05
-2.915000e+00	2.940701e-05
-2.912500e+00	2.943095e-05
-2.910000e+00	2.945495e-05
-2.907500e+00	2.947902e-05
-2.905000e+00	2.950315e-05
-2.902500e+00	2.952735e-05
-2.900000e+00	2.955162e-05
-2.897500e+00	2.957595e-05
-2.895000e+00	2.960035e-05
-2.892500e+00	2.962482e-05
-2.890000e+00	2.964936e-05
-2.887500e+00	2.967397e-05
-2.885000e+00	2.969864e-05
-2.882500e+00	2.972339e-05
-2.880000e+00	2.974820e-05
-2.877500e+00	2.977309e-05
-2.875000e+00	2.979805e-05
-2.872500e+00	2.982308e-05
-2.870000e+00	2.984818e-05
-2.867500e+00	2.987336e-05
-2.865000e+00	2.989860e-05
-2.862500e+00	2.992392e-05
-2.860000e+00	2.994932e-05
-2.857500e+00	2.997479e-05
-2.855000e+00	3.000033e-05
-2.852500e+00	3.002595e-05
-2.850000e+00	3.005165e-05
-2.847500e+00	3.007742e-05
-2.845000e+00	3.010327e-05
-2.842500e+00	3.012920e-05
-2.840000e+00	3.015520e-05
-2.837500e+00	3.018129e-05
-2.835000e+00	3.020745e-05
-2.832500e+00	3.023369e-05
-2.830000e+00	3.026001e-05
-2.827500e+00	3.028642e-05
-2.825000e+00	3.031290e-05
-2.822500e+00	3.033947e-05
-2.820000e+00	3.036611e-05
-2.817500e+00	3.039285e-05
-2.815000e+00	3.041966e-05
-2.812500e+00	3.044656e-05
-2.810000e+00	3.047354e-05
-2.807500e+00	3.050061e-05
-2.805000e+00	3.052777e-05
-2.802500e+00	3.055501e-05
-2.800000e+00	3.058234e-05
-2.797500e+00	3.060976e-05
-2.795000e+00	3.063726e-05
-2.792500e+00	3.066485e-05
-2.790000e+00	3.069254e-05
-2.787500e+00	3.072031e-05
-2.785000e+00	3.074818e-05
-2.782500e+00	3.077613e-05
-2.780000e+00	3.080418e-05
-2.777500e+00	3.083233e-05
-2.775000e+00	3.086056e-05
-2.772500e+00	3.088889e-05
-2.770000e+00	3.091732e-05
-2.767500e+00	3.094584e-05
-2.765000e+00	3.097446e-05
-2.762500e+00	3.100317e-05
-2.760000e+00	3.103198e-05
-2.757500e+00	3.106089e-05
-2.755000e+00	3.108991e-05
-2.752500e+00	3.111902e-05
-2.750000e+00	3.114823e-05
-2.747500e+00	3.117754e-05
-2.745000e+00	3.120696e-05
-2.742500e+00	3.123648e-05
-2.740000e+00	3.126610e-05
-2.737500e+00	3.129583e-05
-2.735000e+00	3.132566e-05
-2.732500e+00	3.135561e-05
-2.730000e+00	3.138565e-05
-2.727500e+00	3.141581e-05
-2.725000e+00	3.144608e-05
-2.722500e+00	3.147645e-05
-2.720000e+00	3.150694e-05
-2.717500e+00	3.153754e-05
-2.715000e+00	3.156825e-05
-2.712500e+00	3.159907e-05
-2.710000e+00	3.163001e-05
-2.707500e+00	3.166106e-05
-2.705000e+00	3.169223e-05
-2.702500e+00	3.172352e-05
-2.700000e+00	3.175492e-05
-2.697500e+00	3.178645e-05
-2.695000e+00	3.181809e-05
-2.692500e+00	3.184986e-05
-2.690000e+00	3.188175e-05
-2.687500e+00	3.191376e-05
-2.685000e+00	3.194589e-05
-2.682500e+00	3.197815e-05
-2.680000e+00	3.201054e-05
-2.677500e+00	3.204305e-05
-2.675000e+00	3.207570e-05
-2.672500e+00	3.210847e-05
-2.670000e+00	3.214137e-05
-2.667500e+00	3.217440e-05
-2.665000e+00	3.220757e-05
-2.662500e+00	3.224087e-05
-2.660000e+00	3.227431e-05
-2.657500e+00	3.230788e-05
-2.655000e+00	3.234159e-05
-2.652500e+00	3.237544e-05
-2.650000e+00	3.240943e-05
-2.647500e+00	3.244356e-05
-2.645000e+00	3.247783e-05
-2.642500e+00	3.251225e-05
-2.640000e+00	3.254681e-05
-2.637500e+00	3.258151e-05
-2.635000e+00	3.261637e-05
-2.632500e+00	3.265137e-05
-2.630000e+00	3.268653e-05
-2.627500e+00	3.272183e-05
-2.625000e+00	3.275729e-05
-2.622500e+00	3.279290e-05
-2.620000e+00	3.282867e-05
-2.617500e+00	3.286460e-05
-2.615000e+00	3.290068e-05
-2.612500e+00	3.293693e-05
-2.610000e+00	3.297334e-05
-2.607500e+00	3.300991e-05
-2.605000e+00	3.304664e-05
-2.602500e+00	3.308354e-05
-2.600000e+00	3.312061e-05
-2.597500e+00	3.315785e-05
-2.595000e+00	3.319526e-05
-2.592500e+00	3.323285e-05
-2.590000e+00	3.327060e-05
-2.587500e+00	3.330854e-05
-2.585000e+00	3.334665e-05
-2.582500e+00	3.338494e-05
-2.580000e+00	3.342341e-05
-2.577500e+00	3.346207e-05
-2.575000e+00	3.350091e-05
-2.572500e+00	3.353994e-05
-2.570000e+00	3.357916e-05
-2.567500e+00	3.361856e-05
-2.565000e+00	3.365816e-05
-2.562500e+00	3.369796e-05
-2.560000e+00	3.373795e-05
-2.557500e+00	3.377814e-05
-2.555000e+00	3.381853e-05
-2.552500e+00	3.385912e-05
-2.550000e+00	3.389991e-05
-2.547500e+00	3.394092e-05
-2.545000e+00	3.398213e-05
-2.542500e+00	3.402355e-05
-2.540000e+00	3.406519e-05
-2.537500e+00	3.410704e-05
-2.535000e+00	3.414911e-05
-2.532500e+00	3.419140e-05
-2.530000e+00	3.423391e-05
-2.527500e+00	3.427665e-05
-2.525000e+00	3.431962e-05
-2.522500e+00	3.436281e-05
-2.520000e+00	3.440624e-05
-2.517500e+00	3.444990e-05
-2.515000e+00	3.449380e-05
-2.512500e+00	3.453794e-05
-2.510000e+00	3.458232e-05
-2.507500e+00	3.462694e-05
-2.505000e+00	3.467182e-05
-2.502500e+00	3.471694e-05
-2.500000e+00	3.476232e-05
-2.497500e+00	3.480796e-05
-2.495000e+00	3.485385e-05
-2.492500e+00	3.490001e-05
-2.490000e+00	3.494643e-05
-2.487500e+00	3.499312e-05
-2.485000e+00	3.504008e-05
-2.482500e+00	3.508732e-05
-2.480000e+00	3.513484e-05
-2.477500e+00	3.518263e-05
-2.475000e+00	3.523071e-05
-2.472500e+00	3.527908e-05
-2.470000e+00	3.532774e-05
-2.467500e+00	3.537669e-05
-2.465000e+00	3.542594e-05
-2.462500e+00	3.547550e-05
-2.460000e+00	3.552536e-05
-2.457500e+00	3.557552e-05
-2.455000e+00	3.562601e-05
-2.452500e+00	3.567680e-05
-2.450000e+00	3.572792e-05
-2.447500e+00	3.577936e-05
-2.445000e+00	3.583114e-05
-2.442500e+00	3.588324e-05
-2.440000e+00	3.593568e-05
-2.437500e+00	3.598846e-05
-2.435000e+00	3.604159e-05
-2.432500e+00	3.609507e-05
-2.430000e+00	3.614890e-05
-2.427500e+00	3.620310e-05
-2.425000e+00	3.625765e-05
-2.422500e+00	3.631257e-05
-2.420000e+00	3.636787e-05
-2.417500e+00	3.642355e-05
-2.415000e+00	3.647960e-05
-2.412500e+00	3.653605e-05
-2.410000e+00	3.659289e-05
-2.407500e+00	3.665013e-05
-2.405000e+00	3.670777e-05
-2.402500e+00	3.676582e-05
-2.400000e+00	3.682429e-05
-2.397500e+00	3.688317e-05
-2.395000e+00	3.694249e-05
-2.392500e+00	3.700223e-05
-2.390000e+00	3.706242e-05
-2.387500e+00	3.712305e-05
-2.385000e+00	3.718413e-05
-2.382500e+00	3.724567e-05
-2.380000e+00	3.730767e-05
-2.377500e+00	3.737014e-05
-2.375000e+00	3.743309e-05
-2.372500e+00	3.749652e-05
-2.370000e+00	3.756044e-05
-2.367500e+00	3.762486e-05
-2.365000e+00	3.768979e-05
-2.362500e+00	3.775523e-05
-2.360000e+00	3.782119e-05
-2.357500e+00	3.788767e-05
-2.355000e+00	3.795470e-05
-2.352500e+00	3.802226e-05
-2.350000e+00	3.809038e-05
-2.347500e+00	3.815907e-05
-2.345000e+00	3.822832e-05
-2.342500e+00	3.829815e-05
-2.340000e+00	3.836856e-05
-2.337500e+00	3.843957e-05
-2.335000e+00	3.851119e-05
-2.332500e+00	3.858343e-05
-2.330000e+00	3.865629e-05
-2.327500e+00	3.872978e-05
-2.325000e+00	3.880392e-05
-2.322500e+00	3.887871e-05
-2.320000e+00	3.895418e-05
-2.317500e+00	3.903031e-05
-2.315000e+00	3.910714e-05
-2.312500e+00	3.918467e-05
-2.310000e+00	3.926291e-05
-2.307500e+00	3.934187e-05
-2.305000e+00	3.942157e-05
-2.302500e+00	3.950201e-05
-2.300000e+00	3.958322e-05
-2.297500e+00	3.966520e-05
-2.295000e+00	3.974797e-05
-2.292500e+00	3.983153e-05
-2.290000e+00	3.991592e-05
-2.287500e+00	4.000113e-05
-2.285000e+00	4.008719e-05
-2.282500e+00	4.017411e-05
-2.280000e+00	4.026190e-05
-2.277500e+00	4.035058e-05
-2.275000e+00	4.044017e-05
-2.272500e+00	4.053068e-05
-2.270000e+00	4.062213e-05
-2.267500e+00	4.071454e-05
-2.265000e+00	4.080793e-05
-2.262500e+00	4.090231e-05
-2.260000e+00	4.099770e-05
-2.257500e+00	4.109413e-05
-2.255000e+00	4.119161e-05
-2.252500e+00	4.129016e-05
-2.250000e+00	4.138980e-05
-2.247500e+00	4.149056e-05
-2.245000e+00	4.159246e-05
-2.242500e+00	4.169551e-05
-2.240000e+00	4.179975e-05
-2.237500e+00	4.190520e-05
-2.235000e+00	4.201187e-05
-2.232500e+00	4.211981e-05
-2.230000e+00	4.222902e-05
-2.227500e+00	4.233955e-05
-2.225000e+00	4.245141e-05
-2.222500e+00	4.256464e-05
-2.220000e+00	4.267927e-05
-2.217500e+00	4.279531e-05
-2.215000e+00	4.291282e-05
-2.212500e+00	4.303181e-05
-2.210000e+00	4.315231e-05
-2.207500e+00	4.327438e-05
-2.205000e+00	4.339802e-05
-2.202500e+00	4.352330e-05
-2.200000e+00	4.365023e-05
-2.197500e+00	4.377886e-05
-2.195000e+00	4.390923e-05
-2.192500e+00	4.404138e-05
-2.190000e+00	4.417535e-05
-2.187500e+00	4.431118e-05
-2.185000e+00	4.444891e-05
-2.182500e+00	4.458860e-05
-2.180000e+00	4.473029e-05
-2.177500e+00	4.487403e-05
-2.175000e+00	4.501987e-05
-2.172500e+00	4.516786e-05
-2.170000e+00	4.531806e-05
-2.167500e+00	4.547052e-05
-2.165000e+00	4.562530e-05
-2.162500e+00	4.578247e-05
-2.160000e+00	4.594207e-05
-2.157500e+00	4.610418e-05
-2.155000e+00	4.626886e-05
-2.152500e+00	4.643619e-05
-2.150000e+00	4.660623e-05
-2.147500e+00	4.677906e-05
-2.145000e+00	4.695475e-05
-2.142500e+00	4.713339e-05
-2.140000e+00	4.731506e-05
-2.137500e+00	4.749984e-05
-2.135000e+00	4.768782e-05
-2.132500e+00	4.787910e-05
-2.130000e+00	4.807378e-05
-2.127500e+00	4.827195e-05
-2.125000e+00	4.847371e-05
-2.122500e+00	4.867919e-05
-2.120000e+00	4.888849e-05
-2.117500e+00	4.910172e-05
-2.115000e+00	4.931902e-05
-2.112500e+00	4.954051e-05
-2.110000e+00	4.976633e-05
-2.107500e+00	4.999662e-05
-2.105000e+00	5.023151e-05
-2.102500e+00	5.047117e-05
-2.100000e+00	5.071576e-05
-2.097500e+00	5.096544e-05
-2.095000e+00	5.122038e-05
-2.092500e+00	5.148078e-05
-2.090000e+00	5.174682e-05
-2.087500e+00	5.201870e-05
-2.085000e+00	5.229664e-05
-2.082500e+00	5.258085e-05
-2.080000e+00	5.287158e-05
-2.077500e+00	5.316905e-05
-2.075000e+00	5.347354e-05
-2.072500e+00	5.378531e-05
-2.070000e+00	5.410464e-05
-2.067500e+00	5.443184e-05
-2.065000e+00	5.476722e-05
-2.062500e+00	5.511112e-05
-2.060000e+00	5.546389e-05
-2.057500e+00	5.582590e-05
-2.055000e+00	5.619754e-05
-2.052500e+00	5.657924e-05
-2.050000e+00	5.697144e-05
-2.047500e+00	5.737460e-05
-2.045000e+00	5.778923e-05
-2.042500e+00	5.821585e-05
-2.040000e+00	5.865502e-05
-2.037500e+00	5.910735e-05
-2.035000e+00	5.957347e-05
-2.032500e+00	6.005406e-05
-2.030000e+00	6.054986e-05
-2.027500e+00	6.106163e-05
-2.025000e+00	6.159021e-05
-2.022500e+00	6.213650e-05
-2.020000e+00	6.270144e-05
-2.017500e+00	6.328608e-05
-2.015000e+00	6.389151e-05
-2.012500e+00	6.451894e-05
-2.010000e+00	6.516964e-05
-2.007500e+00	6.584501e-05
-2.005000e+00	6.654655e-05
-2.002500e+00	6.727591e-05
-2.000000e+00	6.803485e-05
-1.997500e+00	6.882531e-05
-1.995000e+00	6.964940e-05
-1.992500e+00	7.050941e-05
-1.990000e+00	7.140786e-05
-1.987500e+00	7.234753e-05
-1.985000e+00	7.333144e-05
-1.982500e+00	7.436295e-05
-1.980000e+00	7.544576e-05
-1.977500e+00	7.658398e-05
-1.975000e+00	7.778216e-05
-1.972500e+00	7.904539e-05
-1.970000e+00	8.037933e-05
-1.967500e+00	8.179037e-05
-1.965000e+00	8.328566e-05
-1.962500e+00	8.487330e-05
-1.960000e+00	8.656247e-05
-1.957500e+00	8.836363e-05
-1.955000e+00	9.028871e-05
-1.952500e+00	9.235147e-05
-1.950000e+00	9.456776e-05
-1.947500e+00	9.695602e-05
-1.945000e+00	9.953775e-05
-1.942500e+00	1.023383e-04
-1.940000e+00	1.053875e-04
-1.937500e+00	1.087210e-04
-1.935000e+00	1.123819e-04
-1.932500e+00	1.164219e-04
-1.930000e+00	1.209045e-04
-1.927500e+00	1.259083e-04
-1.925000e+00	1.315313e-04
-1.922500e+00	1.378972e-04
-1.920000e+00	1.451646e-04
-1.917500e+00	1.535392e-04
-1.915000e+00	1.632917e-04
-1.912500e+00	1.747841e-04
-1.910000e+00	1.885064e-04
-1.907500e+00	2.051307e-04
-1.905000e+00	2.255826e-04
-1.902500e+00	2.511261e-04
-1.900000e+00	2.834152e-04
-1.897500e+00	3.243718e-04
-1.895000e+00	3.755663e-04
-1.892500e+00	4.368117e-04
-1.890000e+00	5.047096e-04
-1.887500e+00	5.732840e-04
-1.885000e+00	6.372717e-04
-1.882500e+00	6.948504e-04
-1.880000e+00	7.457350e-04
-1.877500e+00	7.886883e-04
-1.875000e+00	8.246268e-04
-1.872500e+00	8.588930e-04
-1.870000e+00	8.941306e-04
-1.867500e+00	9.243218e-04
-1.865000e+00	9.442587e-04
-1.862500e+00	9.596653e-04
-1.860000e+00	9.804400e-04
-1.857500e+00	1.007859e-03
-1.855000e+00	1.035004e-03
-1.852500e+00	1.054906e-03
-1.850000e+00	1.065558e-03
-1.847500e+00	1.070330e-03
-1.845000e+00	1.074931e-03
-1.842500e+00	1.086631e-03
-1.840000e+00	1.111871e-03
-1.837500e+00	1.146189e-03
-1.835000e+00	1.172628e-03
-1.832500e+00	1.177663e-03
-1.830000e+00	1.165845e-03
-1.827500e+00	1.151914e-03
-1.825000e+00	1.149989e-03
-1.822500e+00	1.169888e-03
-1.820000e+00	1.208266e-03
-1.817500e+00	1.246483e-03
-1.815000e+00	1.265086e-03
-1.812500e+00	1.262386e-03
-1.810000e+00	1.252511e-03
-1.807500e+00	1.245096e-03
-1.805000e+00	1.239065e-03
-1.802500e+00	1.235577e-03
-1.800000e+00	1.242644e-03
-1.797500e+00	1.263887e-03
-1.795000e+00	1.293651e-03
-1.792500e+00	1.324050e-03
-1.790000e+00	1.350107e-03
-1.787500e+00	1.367472e-03
-1.785000e+00	1.366247e-03
-1.782500e+00	1.338609e-03
-1.780000e+00	1.298157e-03
-1.777500e+00	1.271034e-03
-1.775000e+00	1.271060e-03
-1.772500e+00	1.298494e-03
-1.770000e+00	1.347404e-03
-1.767500e+00	1.402906e-03
-1.765000e+00	1.445395e-03
-1.762500e+00	1.461544e-03
-1.760000e+00	1.447005e-03
-1.757500e+00	1.408080e-03
-1.755000e+00	1.365195e-03
-1.752500e+00	1.342150e-03
-1.750000e+00	1.345065e-03
-1.747500e+00	1.360199e-03
-1.745000e+00	1.374579e-03
-1.742500e+00	1.391786e-03
-1.740000e+00	1.421376e-03
-1.737500e+00	1.458685e-03
-1.735000e+00	1.486582e-03
-1.732500e+00	1.496805e-03
-1.730000e+00	1.496312e-03
-1.727500e+00	1.490682e-03
-1.725000e+00	1.480524e-03
-1.722500e+00	1.466841e-03
-1.720000e+00	1.444035e-03
-1.717500e+00	1.405889e-03
-1.715000e+00	1.367914e-03
-1.712500e+00	1.359156e-03
-1.710000e+00	1.394372e-03
-1.707500e+00	1.463754e-03
-1.705000e+00	1.540823e-03
-1.702500e+00	1.598111e-03
-1.700000e+00	1.619975e-03
-1.697500e+00	1.607050e-03
-1.695000e+00	1.573305e-03
-1.692500e+00	1.533847e-03
-1.690000e+00	1.492436e-03
-1.687500e+00	1.447367e-03
-1.685000e+00	1.408685e-03
-1.682500e+00	1.395678e-03
-1.680000e+00	1.417815e-03
-1.677500e+00	1.469180e-03
-1.675000e+00	1.533681e-03
-1.672500e+00	1.590402e-03
-1.670000e+00	1.620149e-03
-1.667500e+00	1.621039e-03
-1.665000e+00	1.609828e-03
-1.662500e+00	1.598844e-03
-1.660000e+00	1.589811e-03
-1.657500e+00	1.583152e-03
-1.655000e+00	1.578187e-03
-1.652500e+00	1.564154e-03
-1.650000e+00	1.532674e-03
-1.647500e+00	1.498823e-03
-1.645000e+00	1.482963e-03
-1.642500e+00	1.485425e-03
-1.640000e+00	1.495637e-03
-1.637500e+00	1.511925e-03
-1.635000e+00	1.541484e-03
-1.632500e+00	1.587964e-03
-1.630000e+00	1.647586e-03
-1.627500e+00	1.709084e-03
-1.625000e+00	1.748957e-03
-1.622500e+00	1.749145e-03
-1.620000e+00	1.713051e-03
-1.617500e+00	1.650261e-03
-1.615000e+00	1.576719e-03
-1.612500e+00	1.517163e-03
-1.610000e+00	1.483875e-03
-1.607500e+00	1.471719e-03
-1.605000e+00	1.474410e-03
-1.602500e+00	1.492834e-03
-1.600000e+00	1.533443e-03
-1.597500e+00	1.597464e-03
-1.595000e+00	1.672074e-03
-1.592500e+00	1.741825e-03
-1.590000e+00	1.791534e-03
-1.587500e+00	1.797385e-03
-1.585000e+00	1.752804e-03
-1.582500e+00	1.686433e-03
-1.580000e+00	1.630439e-03
-1.577500e+00	1.600383e-03
-1.575000e+00	1.596770e-03
-1.572500e+00	1.606522e-03
-1.570000e+00	1.615533e-03
-1.567500e+00	1.613799e-03
-1.565000e+00	1.591414e-03
-1.562500e+00	1.556814e-03
-1.560000e+00	1.540899e-03
-1.557500e+00	1.566233e-03
-1.555000e+00	1.626453e-03
-1.552500e+00	1.692526e-03
-1.550000e+00	1.734205e-03
-1.547500e+00	1.744144e-03
-1.545000e+00	1.744077e-03
-1.542500e+00	1.754831e-03
-1.540000e+00	1.774374e-03
-1.537500e+00	1.789909e-03
-1.535000e+00	1.785534e-03
-1.532500e+00	1.750012e-03
-1.530000e+00	1.691132e-03
-1.527500e+00	1.620703e-03
-1.525000e+00	1.546195e-03
-1.522500e+00	1.487170e-03
-1.520000e+00	1.468790e-03
-1.517500e+00	1.501015e-03
-1.515000e+00	1.573766e-03
-1.512500e+00	1.667169e-03
-1.510000e+00	1.759932e-03
-1.507500e+00	1.826601e-03
-1.505000e+00	1.852515e-03
-1.502500e+00	1.850474e-03
-1.500000e+00	1.839908e-03
-1.497500e+00	1.829787e-03
-1.495000e+00	1.813099e-03
-1.492500e+00	1.768410e-03
-1.490000e+00	1.694602e-03
-1.487500e+00	1.625346e-03
-1.485000e+00	1.590909e-03
-1.482500e+00	1.590162e-03
-1.480000e+00	1.602809e-03
-1.477500e+00	1.618534e-03
-1.475000e+00	1.639504e-03
-1.472500e+00	1.663029e-03
-1.470000e+00	1.687108e-03
-1.467500e+00	1.713556e-03
-1.465000e+00	1.733675e-03
-1.462500e+00	1.741832e-03
-1.460000e+00	1.754912e-03
-1.457500e+00	1.786621e-03
-1.455000e+00	1.821981e-03
-1.452500e+00	1.840307e-03
-1.450000e+00	1.842329e-03
-1.447500e+00	1.831481e-03
-1.445000e+00	1.804251e-03
-1.442500e+00	1.771359e-03
-1.440000e+00	1.745949e-03
-1.437500e+00	1.718403e-03
-1.435000e+00	1.676157e-03
-1.432500e+00	1.629199e-03
-1.430000e+00	1.590432e-03
-1.427500e+00	1.560391e-03
-1.425000e+00	1.546981e-03
-1.422500e+00	1.570744e-03
-1.420000e+00	1.641704e-03
-1.417500e+00	1.744161e-03
-1.415000e+00	1.847919e-03
-1.412500e+00	1.933004e-03
-1.410000e+00	1.984997e-03
-1.407500e+00	1.982367e-03
-1.405000e+00	1.927001e-03
-1.402500e+00	1.852148e-03
-1.400000e+00	1.785043e-03
-1.397500e+00	1.738327e-03
-1.395000e+00	1.715533e-03
-1.392500e+00	1.700277e-03
-1.390000e+00	1.669649e-03
-1.387500e+00	1.629651e-03
-1.385000e+00	1.608204e-03
-1.382500e+00	1.616087e-03
-1.380000e+00	1.637694e-03
-1.377500e+00	1.660880e-03
-1.375000e+00	1.698994e-03
-1.372500e+00	1.765518e-03
-1.370000e+00	1.841823e-03
-1.367500e+00	1.889208e-03
-1.365000e+00	1.892058e-03
-1.362500e+00	1.862649e-03
-1.360000e+00	1.816673e-03
-1.357500e+00	1.779010e-03
-1.355000e+00	1.780141e-03
-1.352500e+00	1.825083e-03
-1.350000e+00	1.878038e-03
-1.347500e+00	1.889911e-03
-1.345000e+00	1.851203e-03
-1.342500e+00	1.790585e-03
-1.340000e+00	1.726439e-03
-1.337500e+00	1.663566e-03
-1.335000e+00	1.616872e-03
-1.332500e+00	1.599788e-03
-1.330000e+00	1.605392e-03
-1.327500e+00	1.621492e-03
-1.325000e+00	1.653965e-03
-1.322500e+00	1.712558e-03
-1.320000e+00	1.783260e-03
-1.317500e+00	1.839734e-03
-1.315000e+00	1.881408e-03
-1.312500e+00	1.927136e-03
-1.310000e+00	1.971979e-03
-1.307500e+00	1.990038e-03
-1.305000e+00	1.975863e-03
-1.302500e+00	1.938318e-03
-1.300000e+00	1.869392e-03
-1.297500e+00	1.768853e-03
-1.295000e+00	1.671317e-03
-1.292500e+00	1.616288e-03
-1.290000e+00	1.615114e-03
-1.287500e+00	1.645733e-03
-1.285000e+00	1.669839e-03
-1.282500e+00	1.672085e-03
-1.280000e+00	1.675596e-03
-1.277500e+00	1.704092e-03
-1.275000e+00	1.750292e-03
-1.272500e+00	1.792642e-03
-1.270000e+00	1.830143e-03
-1.267500e+00	1.872747e-03
-1.265000e+00	1.907614e-03
-1.262500e+00	1.913914e-03
-1.260000e+00	1.898688e-03
-1.257500e+00	1.877838e-03
-1.255000e+00	1.847394e-03
-1.252500e+00	1.808899e-03
-1.250000e+00	1.788978e-03
-1.247500e+00	1.806465e-03
-1.245000e+00	1.841385e-03
-1.242500e+00	1.850359e-03
-1.240000e+00	1.816165e-03
-1.237500e+00	1.758163e-03
-1.235000e+00	1.691984e-03
-1.232500e+00	1.623762e-03
-1.230000e+00	1.573926e-03
-1.227500e+00	1.568959e-03
-1.225000e+00	1.617208e-03
-1.222500e+00	1.699634e-03
-1.220000e+00	1.781707e-03
-1.217500e+00	1.847380e-03
-1.215000e+00	1.908783e-03
-1.212500e+00	1.964975e-03
-1.210000e+00	1.985590e-03
-1.207500e+00	1.959639e-03
-1.205000e+00	1.921959e-03
-1.202500e+00	1.903784e-03
-1.200000e+00	1.892835e-03
-1.197500e+00	1.859601e-03
-1.195000e+00	1.803596e-03
-1.192500e+00	1.742882e-03
-1.190000e+00	1.681009e-03
-1.187500e+00	1.620966e-03
-1.185000e+00	1.585138e-03
-1.182500e+00	1.595907e-03
-1.180000e+00	1.650573e-03
-1.177500e+00	1.717259e-03
-1.175000e+00	1.760792e-03
-1.172500e+00	1.782905e-03
-1.170000e+00	1.812770e-03
-1.167500e+00	1.855787e-03
-1.165000e+00	1.880487e-03
-1.162500e+00	1.865875e-03
-1.160000e+00	1.838851e-03
-1.157500e+00	1.837946e-03
-1.155000e+00	1.864395e-03
-1.152500e+00	1.884870e-03
-1.150000e+00	1.879170e-03
-1.147500e+00	1.864476e-03
-1.145000e+00	1.854791e-03
-1.142500e+00	1.832585e-03
-1.140000e+00	1.784316e-03
-1.137500e+00	1.732874e-03
-1.135000e+00	1.706027e-03
-1.132500e+00	1.696920e-03
-1.130000e+00	1.673527e-03
-1.127500e+00	1.625991e-03
-1.125000e+00	1.585105e-03
-1.122500e+00	1.587319e-03
-1.120000e+00	1.643933e-03
-1.117500e+00	1.735459e-03
-1.115000e+00	1.825630e-03
-1.112500e+00	1.896062e-03
-1.110000e+00	1.954943e-03
-1.107500e+00	1.995848e-03
-1.105000e+00	1.989088e-03
-1.102500e+00	1.934167e-03
-1.100000e+00	1.871849e-03
-1.097500e+00	1.829125e-03
-1.095000e+00	1.793382e-03
-1.092500e+00	1.748540e-03
-1.090000e+00	1.709531e-03
-1.087500e+00	1.698270e-03
-1.085000e+00	1.705658e-03
-1.082500e+00	1.696946e-03
-1.080000e+00	1.658376e-03
-1.077500e+00	1.620017e-03
-1.075000e+00	1.619874e-03
-1.072500e+00	1.667324e-03
-1.070000e+00	1.736343e-03
-1.067500e+00	1.787201e-03
-1.065000e+00	1.808453e-03
-1.062500e+00	1.819727e-03
-1.060000e+00	1.827274e-03
-1.057500e+00	1.817709e-03
-1.055000e+00	1.799146e-03
-1.052500e+00	1.805218e-03
-1.050000e+00	1.851181e-03
-1.047500e+00	1.907134e-03
-1.045000e+00	1.921231e-03
-1.042500e+00	1.880052e-03
-1.040000e+00	1.820941e-03
-1.037500e+00	1.772926e-03
-1.035000e+00	1.724545e-03
-1.032500e+00	1.658516e-03
-1.030000e+00	1.591525e-03
-1.027500e+00	1.557105e-03
-1.025000e+00	1.568928e-03
-1.022500e+00	1.609375e-03
-1.020000e+00	1.645931e-03
-1.017500e+00	1.669024e-03
-1.015000e+00	1.703820e-03
-1.012500e+00	1.771341e-03
-1.010000e+00	1.853484e-03
-1.007500e+00	1.904589e-03
-1.005000e+00	1.905540e-03
-1.002500e+00	1.884494e-03
-1.000000e+00	1.864711e-03
-9.975000e-01	1.832256e-03
-9.950000e-01	1.774676e-03
-9.925000e-01	1.718078e-03
-9.900000e-01	1.699228e-03
-9.875000e-01	1.723672e-03
-9.850000e-01	1.756076e-03
-9.825000e-01	1.749814e-03
-9.800000e-01	1.699773e-03
-9.775000e-01	1.644329e-03
-9.750000e-01	1.612262e-03
-9.725000e-01	1.597425e-03
-9.700000e-01	1.584589e-03
-9.675000e-01	1.583109e-03
-9.650000e-01	1.616836e-03
-9.625000e-01	1.688981e-03
-9.600000e-01	1.766575e-03
-9.575000e-01	1.804820e-03
-9.550000e-01	1.800291e-03
-9.525000e-01	1.796043e-03
-9.500000e-01	1.824562e-03
-9.475000e-01	1.868823e-03
-9.450000e-01	1.878414e-03
-9.425000e-01	1.830667e-03
-9.400000e-01	1.759639e-03
-9.375000e-01	1.705796e-03
-9.350000e-01	1.670393e-03
-9.325000e-01	1.630657e-03
-9.300000e-01	1.584812e-03
-9.275000e-01	1.559038e-03
-9.250000e-01	1.571076e-03
-9.225000e-01	1.606078e-03
-9.200000e-01	1.628524e-03
-9.175000e-01	1.624435e-03
-9.150000e-01	1.620366e-03
-9.125000e-01	1.645801e-03
-9.100000e-01	1.695370e-03
-9.075000e-01	1.733398e-03
-9.050000e-01	1.738865e-03
-9.025000e-01	1.734942e-03
-9.000000e-01	1.752358e-03
-8.975000e-01	1.784076e-03
-8.950000e-01	1.793217e-03
-8.925000e-01	1.766117e-03
-8.900000e-01	1.733546e-03
-8.875000e-01	1.723795e-03
-8.850000e-01	1.722127e-03
-8.825000e-01	1.687871e-03
-8.800000e-01	1.610820e-03
-8.775000e-01	1.528420e-03
-8.750000e-01	1.482418e-03
-8.725000e-01	1.486175e-03
-8.700000e-01	1.522619e-03
-8.675000e-01	1.560512e-03
-8.650000e-01	1.587579e-03
-8.625000e-01	1.621435e-03
-8.600000e-01	1.673211e-03
-8.575000e-01	1.718465e-03
-8.550000e-01	1.722506e-03
-8.525000e-01	1.692278e-03
-8.500000e-01	1.671600e-03
-8.475000e-01	1.687645e-03
-8.450000e-01	1.722653e-03
-8.425000e-01	1.732041e-03
-8.400000e-01	1.698076e-03
-8.375000e-01	1.652686e-03
-8.350000e-01	1.631513e-03
-8.325000e-01	1.630353e-03
-8.300000e-01	1.611622e-03
-8.275000e-01	1.553124e-03
-8.250000e-01	1.480154e-03
-8.225000e-01	1.435016e-03
-8.200000e-01	1.438943e-03
-8.175000e-01	1.483044e-03
-8.150000e-01	1.536041e-03
-8.125000e-01	1.571954e-03
-8.100000e-01	1.598046e-03
-8.075000e-01	1.633754e-03
-8.050000e-01	1.669588e-03
-8.025000e-01	1.673652e-03
-8.000000e-01	1.642038e-03
-7.975000e-01	1.612027e-03
-7.950000e-01	1.615876e-03
-7.925000e-01	1.645135e-03
-7.900000e-01	1.657666e-03
-7.875000e-01	1.624859e-03
-7.850000e-01	1.568105e-03
-7.825000e-01	1.526524e-03
-7.800000e-01	1.508979e-03
-7.775000e-01	1.490440e-03
-7.750000e-01	1.450004e-03
-7.725000e-01	1.403757e-03
-7.700000e-01	1.386073e-03
-7.675000e-01	1.415176e-03
-7.650000e-01	1.479479e-03
-7.625000e-01	1.540050e-03
-7.600000e-01	1.559843e-03
-7.575000e-01	1.545817e-03
-7.550000e-01	1.537903e-03
-7.525000e-01	1.557770e-03
-7.500000e-01	1.586377e-03
-7.475000e-01	1.589000e-03
-7.450000e-01	1.562970e-03
-7.425000e-01	1.539835e-03
-7.400000e-01	1.537674e-03
-7.375000e-01	1.535716e-03
-7.350000e-01	1.501416e-03
-7.325000e-01	1.437921e-03
-7.300000e-01	1.381886e-03
-7.275000e-01	1.360479e-03
-7.250000e-01	1.369096e-03
-7.225000e-01	1.379800e-03
-7.200000e-01	1.373704e-03
-7.175000e-01	1.365404e-03
-7.150000e-01	1.381138e-03
-7.125000e-01	1.423641e-03
-7.100000e-01	1.464828e-03
-7.075000e-01	1.475116e-03
-7.050000e-01	1.462298e-03
-7.025000e-01	1.459163e-03
-7.000000e-01	1.477382e-03
-6.975000e-01	1.491553e-03
-6.950000e-01	1.470880e-03
-6.925000e-01	1.423086e-03
-6.900000e-01	1.384179e-03
-6.875000e-01	1.372888e-03
-6.850000e-01	1.371917e-03
-6.825000e-01	1.348817e-03
-6.800000e-01	1.298121e-03
-6.775000e-01	1.249470e-03
-6.750000e-01	1.232753e-03
-6.725000e-01	1.253373e-03
-6.700000e-01	1.289849e-03
-6.675000e-01	1.309884e-03
-6.650000e-01	1.304805e-03
-6.625000e-01	1.299226e-03
-6.600000e-01	1.316078e-03
-6.575000e-01	1.347122e-03
-6.550000e-01	1.359845e-03
-6.525000e-01	1.337326e-03
-6.500000e-01	1.302072e-03
-6.475000e-01	1.284986e-03
-6.450000e-01	1.288572e-03
-6.425000e-01	1.285213e-03
-6.400000e-01	1.250352e-03
-6.375000e-01	1.195489e-03
-6.350000e-01	1.152138e-03
-6.325000e-01	1.135874e-03
-6.300000e-01	1.135206e-03
-6.275000e-01	1.126834e-03
-6.250000e-01	1.105197e-03
-6.225000e-01	1.089266e-03
-6.200000e-01	1.096278e-03
-6.175000e-01	1.120559e-03
-6.150000e-01	1.136101e-03
-6.125000e-01	1.124038e-03
-6.100000e-01	1.097213e-03
-6.075000e-01	1.083081e-03
-6.050000e-01	1.092777e-03
-6.025000e-01	1.112464e-03
-6.000000e-01	1.119396e-03
-5.975000e-01	1.111034e-03
-5.950000e-01	1.108085e-03
-5.925000e-01	1.125674e-03
-5.900000e-01	1.153807e-03
-5.875000e-01	1.166475e-03
-5.850000e-01	1.153964e-03
-5.825000e-01	1.137305e-03
-5.800000e-01	1.141662e-03
-5.775000e-01	1.170090e-03
-5.750000e-01	1.202500e-03
-5.725000e-01	1.219227e-03
-5.700000e-01	1.228596e-03
-5.675000e-01	1.257427e-03
-5.650000e-01	1.318396e-03
-5.625000e-01	1.392480e-03
-5.600000e-01	1.438423e-03
-5.575000e-01	1.434981e-03
-5.550000e-01	1.409493e-03
-5.525000e-01	1.404397e-03
-5.500000e-01	1.433787e-03
-5.475000e-01	1.473215e-03
-5.450000e-01	1.483035e-03
-5.425000e-01	1.454553e-03
-5.400000e-01	1.418904e-03
-5.375000e-01	1.402598e-03
-5.350000e-01	1.397740e-03
-5.325000e-01	1.378484e-03
-5.300000e-01	1.341665e-03
-5.275000e-01	1.315695e-03
-5.250000e-01	1.330213e-03
-5.225000e-01	1.394916e-03
-5.200000e-01	1.495995e-03
-5.175000e-01	1.603446e-03
-5.150000e-01	1.696457e-03
-5.125000e-01	1.775428e-03
-5.100000e-01	1.826751e-03
-5.075000e-01	1.807216e-03
-5.050000e-01	1.700509e-03
-5.025000e-01	1.553026e-03
-5.000000e-01	1.425253e-03
-4.975000e-01	1.347013e-03
-4.950000e-01	1.317568e-03
-4.925000e-01	1.321937e-03
-4.900000e-01	1.351534e-03
-4.875000e-01	1.415350e-03
-4.850000e-01	1.525324e-03
-4.825000e-01	1.671609e-03
-4.800000e-01	1.809914e-03
-4.775000e-01	1.886110e-03
-4.750000e-01	1.893012e-03
-4.725000e-01	1.869043e-03
-4.700000e-01	1.830867e-03
-4.675000e-01	1.755712e-03
-4.650000e-01	1.636459e-03
-4.625000e-01	1.510031e-03
-4.600000e-01	1.420194e-03
-4.575000e-01	1.387917e-03
-4.550000e-01	1.411771e-03
-4.525000e-01	1.473650e-03
-4.500000e-01	1.549361e-03
-4.475000e-01	1.631122e-03
-4.450000e-01	1.729888e-03
-4.425000e-01	1.839435e-03
-4.400000e-01	1.915951e-03
-4.375000e-01	1.920550e-03
-4.350000e-01	1.872960e-03
-4.325000e-01	1.820392e-03
-4.300000e-01	1.773257e-03
-4.275000e-01	1.706238e-03
-4.250000e-01	1.612665e-03
-4.225000e-01	1.525427e-03
-4.200000e-01	1.481933e-03
-4.175000e-01	1.497409e-03
-4.150000e-01	1.561783e-03
-4.125000e-01	1.643613e-03
-4.100000e-01	1.711672e-03
-4.075000e-01	1.767567e-03
-4.050000e-01	1.833282e-03
-4.025000e-01	1.901709e-03
-4.000000e-01	1.928439e-03
-3.975000e-01	1.888939e-03
-3.950000e-01	1.817183e-03
-3.925000e-01	1.758187e-03
-3.900000e-01	1.716027e-03
-3.875000e-01	1.665834e-03
-3.850000e-01	1.603199e-03
-3.825000e-01	1.558323e-03
-3.800000e-01	1.562421e-03
-3.775000e-01	1.621735e-03
-3.750000e-01	1.711459e-03
-3.725000e-01	1.787093e-03
-3.700000e-01	1.825271e-03
-3.675000e-01	1.847998e-03
-3.650000e-01	1.879345e-03
-3.625000e-01	1.900572e-03
-3.600000e-01	1.874365e-03
-3.575000e-01	1.804939e-03
-3.550000e-01	1.735011e-03
-3.525000e-01	1.689454e-03
-3.500000e-01	1.657163e-03
-3.475000e-01	1.625354e-03
-3.450000e-01	1.609882e-03
-3.425000e-01	1.636647e-03
-3.400000e-01	1.707941e-03
-3.375000e-01	1.790686e-03
-3.350000e-01	1.839557e-03
-3.325000e-01	1.847351e-03
-3.300000e-01	1.849128e-03
-3.275000e-01	1.864146e-03
-3.250000e-01	1.864785e-03
-3.225000e-01	1.816264e-03
-3.200000e-01	1.733117e-03
-3.175000e-01	1.664320e-03
-3.150000e-01	1.639786e-03
-3.125000e-01	1.651231e-03
-3.100000e-01	1.670645e-03
-3.075000e-01	1.688203e-03
-3.050000e-01	1.722536e-03
-3.025000e-01	1.783444e-03
-3.000000e-01	1.843489e-03
-2.975000e-01	1.862945e-03
-2.950000e-01	1.842099e-03
-2.925000e-01	1.814663e-03
-2.900000e-01	1.791695e-03
-2.875000e-01	1.752310e-03
-2.850000e-01	1.691179e-03
-2.825000e-01	1.639851e-03
-2.800000e-01	1.630646e-03
-2.775000e-01	1.664460e-03
-2.750000e-01	1.711172e-03
-2.725000e-01	1.741367e-03
-2.700000e-01	1.761425e-03
-2.675000e-01	1.794045e-03
-2.650000e-01	1.830688e-03
-2.625000e-01	1.832252e-03
-2.600000e-01	1.784331e-03
-2.575000e-01	1.721583e-03
-2.550000e-01	1.680279e-03
-2.525000e-01	1.660820e-03
-2.500000e-01	1.646128e-03
-2.475000e-01	1.639353e-03
-2.450000e-01	1.660285e-03
-2.425000e-01	1.709070e-03
-2.400000e-01	1.754990e-03
-2.375000e-01	1.771072e-03
-2.350000e-01	1.767891e-03
-2.325000e-01	1.764987e-03
-2.300000e-01	1.750927e-03
-2.275000e-01	1.705406e-03
-2.250000e-01	1.644353e-03
-2.225000e-01	1.607114e-03
-2.200000e-01	1.612570e-03
-2.175000e-01	1.644174e-03
-2.150000e-01	1.671146e-03
-2.125000e-01	1.686535e-03
-2.100000e-01	1.707048e-03
-2.075000e-01	1.731478e-03
-2.050000e-01	1.731995e-03
-2.025000e-01	1.697483e-03
-2.000000e-01	1.652603e-03
-1.975000e-01	1.618990e-03
-1.950000e-01	1.595003e-03
-1.925000e-01	1.581424e-03
-1.900000e-01	1.592827e-03
-1.875000e-01	1.630615e-03
-1.850000e-01	1.667212e-03
-1.825000e-01	1.674718e-03
-1.800000e-01	1.660659e-03
-1.775000e-01	1.646573e-03
-1.750000e-01	1.628912e-03
-1.725000e-01	1.593778e-03
-1.700000e-01	1.554120e-03
-1.675000e-01	1.538506e-03
-1.650000e-01	1.554190e-03
-1.625000e-01	1.580975e-03
-1.600000e-01	1.599602e-03
-1.575000e-01	1.610098e-03
-1.550000e-01	1.609701e-03
-1.525000e-01	1.585776e-03
-1.500000e-01	1.545719e-03
-1.475000e-01	1.515879e-03
-1.450000e-01	1.506498e-03
-1.425000e-01	1.506345e-03
-1.400000e-01	1.510310e-03
-1.375000e-01	1.525138e-03
-1.350000e-01	1.543188e-03
-1.325000e-01	1.541761e-03
-1.300000e-01	1.516463e-03
-1.275000e-01	1.484647e-03
-1.250000e-01	1.457828e-03
-1.225000e-01	1.441525e-03
-1.200000e-01	1.443655e-03
-1.175000e-01	1.459345e-03
-1.150000e-01	1.468178e-03
-1.125000e-01	1.460951e-03
-1.100000e-01	1.445999e-03
-1.075000e-01	1.425528e-03
-1.050000e-01	1.398548e-03
-1.025000e-01	1.378149e-03
-1.000000e-01	1.376127e-03
-9.750000e-02	1.384390e-03
-9.500000e-02	1.387773e-03
-9.250000e-02	1.379831e-03
-9.000000e-02	1.358733e-03
-8.750000e-02	1.331108e-03
-8.500000e-02	1.312181e-03
-8.250000e-02	1.306119e-03
-8.000000e-02	1.303919e-03
-7.750000e-02	1.299928e-03
-7.500000e-02	1.290582e-03
-7.250000e-02	1.270677e-03
-7.000000e-02	1.245947e-03
-6.750000e-02	1.228117e-03
-6.500000e-02	1.219571e-03
-6.250000e-02	1.214140e-03
-6.000000e-02	1.202257e-03
-5.750000e-02	1.180899e-03
-5.500000e-02	1.158169e-03
-5.250000e-02	1.140189e-03
-5.000000e-02	1.126391e-03
-4.750000e-02	1.112739e-03
-4.500000e-02	1.093857e-03
-4.250000e-02	1.070098e-03
-4.000000e-02	1.047057e-03
-3.750000e-02	1.027593e-03
-3.500000e-02	1.007516e-03
-3.250000e-02	9.828014e-04
-3.000000e-02	9.556496e-04
-2.750000e-02	9.288842e-04
-2.500000e-02	9.014845e-04
-2.250000e-02	8.709489e-04
-2.000000e-02	8.373401e-04
-1.750000e-02	8.017704e-04
-1.500000e-02	7.631723e-04
-1.250000e-02	7.203940e-04
-1.000000e-02	6.733557e-04
-7.500000e-03	6.216046e-04
-5.000000e-03	5.651502e-04
-2.500000e-03	5.054885e-04
-6.394885e-14	4.459412e-04
2.500000e-03	3.909728e-04
5.000000e-03	3.439608e-04
7.500000e-03	3.057895e-04
1.000000e-02	2.754855e-04
1.250000e-02	2.514583e-04
1.500000e-02	2.322192e-04
1.750000e-02	2.165925e-04
2.000000e-02	2.037056e-04
2.250000e-02	1.929226e-04
2.500000e-02	1.837795e-04
2.750000e-02	1.759343e-04
3.000000e-02	1.691313e-04
3.250000e-02	1.631768e-04
3.500000e-02	1.579217e-04
3.750000e-02	1.532496e-04
4.000000e-02	1.490687e-04
4.250000e-02	1.453053e-04
4.500000e-02	1.419000e-04
4.750000e-02	1.388040e-04
5.000000e-02	1.359772e-04
5.250000e-02	1.333861e-04
5.500000e-02	1.310026e-04
5.750000e-02	1.288031e-04
6.000000e-02	1.267673e-04
6.250000e-02	1.248778e-04
6.500000e-02	1.231199e-04
6.750000e-02	1.214806e-04
7.000000e-02	1.199485e-04
7.250000e-02	1.185138e-04
7.500000e-02	1.171680e-04
7.750000e-02	1.159033e-04
8.000000e-02	1.147129e-04
8.250000e-02	1.135908e-04
8.500000e-02	1.125317e-04
8.750000e-02	1.115307e-04
9.000000e-02	1.105834e-04
9.250000e-02	1.096861e-04
9.500000e-02	1.088351e-04
9.750000e-02	1.080273e-04
1.000000e-01	1.072598e-04
1.025000e-01	1.065298e-04
1.050000e-01	1.058351e-04
1.075000e-01	1.051735e-04
1.100000e-01	1.045428e-04
1.125000e-01	1.039413e-04
1.150000e-01	1.033672e-04
1.175000e-01	1.028190e-04
1.200000e-01	1.022953e-04
1.225000e-01	1.017946e-04
1.250000e-01	1.013158e-04
1.275000e-01	1.008576e-04
1.300000e-01	1.004192e-04
1.325000e-01	9.999931e-05
1.350000e-01	9.959718e-05
1.375000e-01	9.921189e-05
1.400000e-01	9.884265e-05
1.425000e-01	9.848871e-05
1.450000e-01	9.814935e-05
1.475000e-01	9.782393e-05
1.500000e-01	9.751181e-05
1.525000e-01	9.721242e-05
1.550000e-01	9.692521e-05
1.575000e-01	9.664966e-05
1.600000e-01	9.638531e-05
1.625000e-01	9.613167e-05
1.650000e-01	9.588834e-05
1.675000e-01	9.565489e-05
1.700000e-01	9.543095e-05
1.725000e-01	9.521615e-05
1.750000e-01	9.501015e-05
1.775000e-01	9.481263e-05
1.800000e-01	9.462326e-05
1.825000e-01	9.444177e-05
1.850000e-01	9.426787e-05
1.875000e-01	9.410130e-05
1.900000e-01	9.394181e-05
1.925000e-01	9.378916e-05
1.950000e-01	9.364313e-05
1.975000e-01	9.350348e-05
2.000000e-01	9.337003e-05
2.025000e-01	9.324257e-05
2.050000e-01	9.312092e-05
2.075000e-01	9.300490e-05
2.100000e-01	9.289433e-05
2.125000e-01	9.278905e-05
2.150000e-01	9.268891e-05
2.175000e-01	9.259376e-05
2.200000e-01	9.250346e-05
2.225000e-01	9.241786e-05
2.250000e-01	9.233685e-05
2.275000e-01	9.226028e-05
2.300000e-01	9.218805e-05
2.325000e-01	9.212003e-05
2.350000e-01	9.205612e-05
2.375000e-01	9.199622e-05
2.400000e-01	9.194021e-05
2.425000e-01	9.188800e-05
2.450000e-01	9.183950e-05
2.475000e-01	9.179462e-05
2.500000e-01	9.175326e-05
2.525000e-01	9.171536e-05
2.550000e-01	9.168082e-05
2.575000e-01	9.164957e-05
2.600000e-01	9.162153e-05
2.625000e-01	9.159664e-05
2.650000e-01	9.157483e-05
2.675000e-01	9.155602e-05
2.700000e-01	9.154016e-05
2.725000e-01	9.152718e-05
2.750000e-01	9.151702e-05
2.775000e-01	9.150963e-05
2.800000e-01	9.150495e-05
2.825000e-01	9.150293e-05
2.850000e-01	9.150352e-05
2.875000e-01	9.150666e-05
2.900000e-01	9.151231e-05
2.925000e-01	9.152042e-05
2.950000e-01	9.153095e-05
2.975000e-01	9.154385e-05
3.000000e-01	9.155909e-05
3.025000e-01	9.157661e-05
3.050000e-01	9.159639e-05
3.075000e-01	9.161839e-05
3.100000e-01	9.164256e-05
3.125000e-01	9.166888e-05
3.150000e-01	9.169731e-05
3.175000e-01	9.172782e-05
3.200000e-01	9.176037e-05
3.225000e-01	9.179493e-05
3.250000e-01	9.183148e-05
3.275000e-01	9.186998e-05
3.300000e-01	9.191041e-05
3.325000e-01	9.195274e-05
3.350000e-01	9.199695e-05
3.375000e-01	9.204300e-05
3.400000e-01	9.209088e-05
3.425000e-01	9.214056e-05
3.450000e-01	9.219202e-05
3.475000e-01	9.224523e-05
3.500000e-01	9.230018e-05
3.525000e-01	9.235684e-05
3.550000e-01	9.241519e-05
3.575000e-01	9.247522e-05
3.600000e-01	9.253690e-05
3.625000e-01	9.260022e-05
3.650000e-01	9.266515e-05
3.675000e-01	9.273169e-05
3.700000e-01	9.279981e-05
3.725000e-01	9.286950e-05
3.750000e-01	9.294075e-05
3.775000e-01	9.301353e-05
3.800000e-01	9.308784e-05
3.825000e-01	9.316366e-05
3.850000e-01	9.324097e-05
3.875000e-01	9.331977e-05
3.900000e-01	9.340003e-05
3.925000e-01	9.348176e-05
3.950000e-01	9.356493e-05
3.975000e-01	9.364953e-05
4.000000e-01	9.373556e-05
4.025000e-01	9.382300e-05
4.050000e-01	9.391184e-05
4.075000e-01	9.400208e-05
4.100000e-01	9.409370e-05
4.125000e-01	9.418669e-05
4.150000e-01	9.428104e-05
4.175000e-01	9.437676e-05
4.200000e-01	9.447381e-05
4.225000e-01	9.457221e-05
4.250000e-01	9.467194e-05
4.275000e-01	9.477300e-05
4.300000e-01	9.487537e-05
4.325000e-01	9.497905e-05
4.350000e-01	9.508404e-05
4.375000e-01	9.519032e-05
4.400000e-01	9.529790e-05
4.425000e-01	9.540676e-05
4.450000e-01	9.551690e-05
4.475000e-01	9.562831e-05
4.500000e-01	9.574100e-05
4.525000e-01	9.585495e-05
4.550000e-01	9.597016e-05
4.575000e-01	9.608662e-05
4.600000e-01	9.620434e-05
4.625000e-01	9.632330e-05
4.650000e-01	9.644351e-05
4.675000e-01	9.656496e-05
4.700000e-01	9.668765e-05
4.725000e-01	9.681156e-05
4.750000e-01	9.693672e-05
4.775000e-01	9.706309e-05
4.800000e-01	9.719070e-05
4.825000e-01	9.731953e-05
4.850000e-01	9.744958e-05
4.875000e-01	9.758084e-05
4.900000e-01	9.771333e-05
4.925000e-01	9.784703e-05
4.950000e-01	9.798195e-05
4.975000e-01	9.811807e-05
5.000000e-01	9.825541e-05
5.025000e-01	9.839396e-05
5.050000e-01	9.853372e-05
5.075000e-01	9.867469e-05
5.100000e-01	9.881687e-05
5.125000e-01	9.896026e-05
5.150000e-01	9.910485e-05
5.175000e-01	9.925066e-05
5.200000e-01	9.939767e-05
5.225000e-01	9.954589e-05
5.250000e-01	9.969532e-05
5.275000e-01	9.984595e-05
5.300000e-01	9.999780e-05
5.325000e-01	1.001509e-04
5.350000e-01	1.003051e-04
5.375000e-01	1.004606e-04
5.400000e-01	1.006173e-04
5.425000e-01	1.007752e-04
5.450000e-01	1.009344e-04
5.475000e-01	1.010947e-04
5.500000e-01	1.012563e-04
5.525000e-01	1.014191e-04
5.550000e-01	1.015831e-04
5.575000e-01	1.017483e-04
5.600000e-01	1.019148e-04
5.625000e-01	1.020825e-04
5.650000e-01	1.022514e-04
5.675000e-01	1.024216e-04
5.700000e-01	1.025930e-04
5.725000e-01	1.027657e-04
5.750000e-01	1.029395e-04
5.775000e-01	1.031147e-04
5.800000e-01	1.032911e-04
5.825000e-01	1.034687e-04
5.850000e-01	1.036476e-04
5.875000e-01	1.038278e-04
5.900000e-01	1.040092e-04
5.925000e-01	1.041919e-04
5.950000e-01	1.043759e-04
5.975000e-01	1.045612e-04
6.000000e-01	1.047477e-04
6.025000e-01	1.049355e-04
6.050000e-01	1.051246e-04
6.075000e-01	1.053150e-04
6.100000e-01	1.055067e-04
6.125000e-01	1.056998e-04
6.150000e-01	1.058941e-04
6.175000e-01	1.060897e-04
6.200000e-01	1.062867e-04
6.225000e-01	1.064849e-04
6.250000e-01	1.066845e-04
6.275000e-01	1.068855e-04
6.300000e-01	1.070877e-04
6.325000e-01	1.072914e-04
6.350000e-01	1.074963e-04
6.375000e-01	1.077027e-04
6.400000e-01	1.079104e-04
6.425000e-01	1.081194e-04
6.450000e-01	1.083299e-04
6.475000e-01	1.085417e-04
6.500000e-01	1.087549e-04
6.525000e-01	1.089696e-04
6.550000e-01	1.091856e-04
6.575000e-01	1.094030e-04
6.600000e-01	1.096218e-04
6.625000e-01	1.098421e-04
6.650000e-01	1.100638e-04
6.675000e-01	1.102869e-04
6.700000e-01	1.105115e-04
6.725000e-01	1.107375e-04
6.750000e-01	1.109650e-04
6.775000e-01	1.111940e-04
6.800000e-01	1.114244e-04
6.825000e-01	1.116564e-04
6.850000e-01	1.118898e-04
6.875000e-01	1.121247e-04
6.900000e-01	1.123611e-04
6.925000e-01	1.125991e-04
6.950000e-01	1.128386e-04
6.975000e-01	1.130796e-04
7.000000e-01	1.133221e-04
7.025000e-01	1.135662e-04
7.050000e-01	1.138119e-04
7.075000e-01	1.140591e-04
7.100000e-01	1.143080e-04
7.125000e-01	1.145584e-04
7.150000e-01	1.148104e-04
7.175000e-01	1.150640e-04
7.200000e-01	1.153193e-04
7.225000e-01	1.155762e-04
7.250000e-01	1.158347e-04
7.275000e-01	1.160949e-04
7.300000e-01	1.163567e-04
7.325000e-01	1.166202e-04
7.350000e-01	1.168854e-04
7.375000e-01	1.171523e-04
7.400000e-01	1.174209e-04
7.425000e-01	1.176912e-04
7.450000e-01	1.179633e-04
7.475000e-01	1.182371e-04
7.500000e-01	1.185126e-04
7.525000e-01	1.187899e-04
7.550000e-01	1.190690e-04
7.575000e-01	1.193499e-04
7.600000e-01	1.196325e-04
7.625000e-01	1.199170e-04
7.650000e-01	1.202033e-04
7.675000e-01	1.204915e-04
7.700000e-01	1.207815e-04
7.725000e-01	1.210734e-04
7.750000e-01	1.213671e-04
7.775000e-01	1.216628e-04
7.800000e-01	1.219603e-04
7.825000e-01	1.222598e-04
7.850000e-01	1.225612e-04
7.875000e-01	1.228645e-04
7.900000e-01	1.231698e-04
7.925000e-01	1.234771e-04
7.950000e-01	1.237864e-04
7.975000e-01	1.240977e-04
8.000000e-01	1.244110e-04
8.025000e-01	1.247264e-04
8.050000e-01	1.250438e-04
8.075000e-01	1.253632e-04
8.100000e-01	1.256848e-04
8.125000e-01	1.260084e-04
8.150000e-01	1.263342e-04
8.175000e-01	1.266621e-04
8.200000e-01	1.269922e-04
8.225000e-01	1.273244e-04
8.250000e-01	1.276588e-04
8.275000e-01	1.279954e-04
8.300000e-01	1.283343e-04
8.325000e-01	1.286753e-04
8.350000e-01	1.290186e-04
8.375000e-01	1.293642e-04
8.400000e-01	1.297121e-04
8.425000e-01	1.300623e-04
8.450000e-01	1.304148e-04
8.475000e-01	1.307697e-04
8.500000e-01	1.311270e-04
8.525000e-01	1.314866e-04
8.550000e-01	1.318486e-04
8.575000e-01	1.322131e-04
8.600000e-01	1.325800e-04
8.625000e-01	1.329494e-04
8.650000e-01	1.333212e-04
8.675000e-01	1.336956e-04
8.700000e-01	1.340725e-04
8.725000e-01	1.344520e-04
8.750000e-01	1.348340e-04
8.775000e-01	1.352186e-04
8.800000e-01	1.356059e-04
8.825000e-01	1.359958e-04
8.850000e-01	1.363884e-04
8.875000e-01	1.367836e-04
8.900000e-01	1.371816e-04
8.925000e-01	1.375823e-04
8.950000e-01	1.379857e-04
8.975000e-01	1.383920e-04
9.000000e-01	1.388010e-04
9.025000e-01	1.392129e-04
9.050000e-01	1.396277e-04
9.075000e-01	1.400453e-04
9.100000e-01	1.404658e-04
9.125000e-01	1.408893e-04
9.150000e-01	1.413158e-04
9.175000e-01	1.417452e-04
9.200000e-01	1.421777e-04
9.225000e-01	1.426132e-04
9.250000e-01	1.430518e-04
9.275000e-01	1.434935e-04
9.300000e-01	1.439383e-04
9.325000e-01	1.443863e-04
9.350000e-01	1.448375e-04
9.375000e-01	1.452919e-04
9.400000e-01	1.457495e-04
9.425000e-01	1.462105e-04
9.450000e-01	1.466747e-04
9.475000e-01	1.471423e-04
9.500000e-01	1.476133e-04
9.525000e-01	1.480877e-04
9.550000e-01	1.485655e-04
9.575000e-01	1.490468e-04
9.600000e-01	1.495316e-04
9.625000e-01	1.500200e-04
9.650000e-01	1.505120e-04
9.675000e-01	1.510075e-04
9.700000e-01	1.515067e-04
9.725000e-01	1.520096e-04
9.750000e-01	1.525162e-04
9.775000e-01	1.530266e-04
9.800000e-01	1.535408e-04
9.825000e-01	1.540588e-04
9.850000e-01	1.545807e-04
9.875000e-01	1.551065e-04
9.900000e-01	1.556362e-04
9.925000e-01	1.561699e-04
9.950000e-01	1.567077e-04
9.975000e-01	1.572496e-04
1.000000e+00	1.577955e-04
1.002500e+00	1.583456e-04
1.005000e+00	1.589000e-04
1.007500e+00	1.594585e-04
1.010000e+00	1.600214e-04
1.012500e+00	1.605885e-04
1.015000e+00	1.611601e-04
1.017500e+00	1.617361e-04
1.020000e+00	1.623165e-04
1.022500e+00	1.629015e-04
1.025000e+00	1.634910e-04
1.027500e+00	1.640852e-04
1.030000e+00	1.646840e-04
1.032500e+00	1.652875e-04
1.035000e+00	1.658958e-04
1.037500e+00	1.665089e-04
1.040000e+00	1.671269e-04
1.042500e+00	1.677498e-04
1.045000e+00	1.683776e-04
1.047500e+00	1.690105e-04
1.050000e+00	1.696485e-04
1.052500e+00	1.702916e-04
1.055000e+00	1.709399e-04
1.057500e+00	1.715935e-04
1.060000e+00	1.722523e-04
1.062500e+00	1.729166e-04
1.065000e+00	1.735862e-04
1.067500e+00	1.742614e-04
1.070000e+00	1.749421e-04
1.072500e+00	1.756284e-04
1.075000e+00	1.763204e-04
1.077500e+00	1.770182e-04
1.080000e+00	1.777217e-04
1.082500e+00	1.784311e-04
1.085000e+00	1.791465e-04
1.087500e+00	1.798679e-04
1.090000e+00	1.805953e-04
1.092500e+00	1.813289e-04
1.095000e+00	1.820688e-04
1.097500e+00	1.828149e-04
1.100000e+00	1.835674e-04
1.102500e+00	1.843263e-04
1.105000e+00	1.850918e-04
1.107500e+00	1.858638e-04
1.110000e+00	1.866425e-04
1.112500e+00	1.874280e-04
1.115000e+00	1.882203e-04
1.117500e+00	1.890195e-04
1.120000e+00	1.898257e-04
1.122500e+00	1.906391e-04
1.125000e+00	1.914595e-04
1.127500e+00	1.922873e-04
1.130000e+00	1.931223e-04
1.132500e+00	1.939649e-04
1.135000e+00	1.948149e-04
1.137500e+00	1.956726e-04
1.140000e+00	1.965379e-04
1.142500e+00	1.974111e-04
1.145000e+00	1.982922e-04
1.147500e+00	1.991813e-04
1.150000e+00	2.000785e-04
1.152500e+00	2.009840e-04
1.155000e+00	2.018977e-04
1.157500e+00	2.028198e-04
1.160000e+00	2.037505e-04
1.162500e+00	2.046898e-04
1.165000e+00	2.056379e-04
1.167500e+00	2.065948e-04
1.170000e+00	2.075607e-04
1.172500e+00	2.085356e-04
1.175000e+00	2.095198e-04
1.177500e+00	2.105133e-04
1.180000e+00	2.115163e-04
1.182500e+00	2.125288e-04
1.185000e+00	2.135510e-04
1.187500e+00	2.145831e-04
1.190000e+00	2.156251e-04
1.192500e+00	2.166772e-04
1.195000e+00	2.177395e-04
1.197500e+00	2.188122e-04
1.200000e+00	2.198954e-04
1.202500e+00	2.209893e-04
1.205000e+00	2.220939e-04
1.207500e+00	2.232095e-04
1.210000e+00	2.243361e-04
1.212500e+00	2.254740e-04
1.215000e+00	2.266233e-04
1.217500e+00	2.277842e-04
1.220000e+00	2.289568e-04
1.222500e+00	2.301412e-04
1.225000e+00	2.313377e-04
1.227500e+00	2.325464e-04
1.230000e+00	2.337675e-04
1.232500e+00	2.350012e-04
1.235000e+00	2.362476e-04
1.237500e+00	2.375069e-04
1.240000e+00	2.387794e-04
1.242500e+00	2.400651e-04
1.245000e+00	2.413643e-04
1.247500e+00	2.426772e-04
1.250000e+00	2.440040e-04
1.252500e+00	2.453449e-04
1.255000e+00	2.467001e-04
1.257500e+00	2.480698e-04
1.260000e+00	2.494542e-04
1.262500e+00	2.508536e-04
1.265000e+00	2.522681e-04
1.267500e+00	2.536980e-04
1.270000e+00	2.551435e-04
1.272500e+00	2.566049e-04
1.275000e+00	2.580823e-04
1.277500e+00	2.595762e-04
1.280000e+00	2.610866e-04
1.282500e+00	2.626138e-04
1.285000e+00	2.641582e-04
1.287500e+00	2.657200e-04
1.290000e+00	2.672994e-04
1.292500e+00	2.688967e-04
1.295000e+00	2.705122e-04
1.297500e+00	2.721462e-04
1.300000e+00	2.737989e-04
1.302500e+00	2.754708e-04
1.305000e+00	2.771620e-04
1.307500e+00	2.788729e-04
1.310000e+00	2.806039e-04
1.312500e+00	2.823551e-04
1.315000e+00	2.841270e-04
1.317500e+00	2.859200e-04
1.320000e+00	2.877342e-04
1.322500e+00	2.895702e-04
1.325000e+00	2.914282e-04
1.327500e+00	2.933086e-04
1.330000e+00	2.952118e-04
1.332500e+00	2.971382e-04
1.335000e+00	2.990881e-04
1.337500e+00	3.010620e-04
1.340000e+00	3.030602e-04
1.342500e+00	3.050833e-04
1.345000e+00	3.071315e-04
1.347500e+00	3.092054e-04
1.350000e+00	3.113053e-04
1.352500e+00	3.134318e-04
1.355000e+00	3.155853e-04
1.357500e+00	3.177662e-04
1.360000e+00	3.199751e-04
1.362500e+00	3.222125e-04
1.365000e+00	3.244787e-04
1.367500e+00	3.267745e-04
1.370000e+00	3.291002e-04
1.372500e+00	3.314565e-04
1.375000e+00	3.338438e-04
1.377500e+00	3.362628e-04
1.380000e+00	3.387140e-04
1.382500e+00	3.411981e-04
1.385000e+00	3.437155e-04
1.387500e+00	3.462670e-04
1.390000e+00	3.488532e-04
1.392500e+00	3.514747e-04
1.395000e+00	3.541322e-04
1.397500e+00	3.568264e-04
1.400000e+00	3.595579e-04
1.402500e+00	3.623275e-04
1.405000e+00	3.651359e-04
1.407500e+00	3.679839e-04
1.410000e+00	3.708722e-04
1.412500e+00	3.738016e-04
1.415000e+00	3.767730e-04
1.417500e+00	3.797870e-04
1.420000e+00	3.828447e-04
1.422500e+00	3.859468e-04
1.425000e+00	3.890942e-04
1.427500e+00	3.922879e-04
1.430000e+00	3.955288e-04
1.432500e+00	3.988178e-04
1.435000e+00	4.021560e-04
1.437500e+00	4.055442e-04
1.440000e+00	4.089837e-04
1.442500e+00	4.124754e-04
1.445000e+00	4.160204e-04
1.447500e+00	4.196198e-04
1.450000e+00	4.232748e-04
1.452500e+00	4.269866e-04
1.455000e+00	4.307564e-04
1.457500e+00	4.345854e-04
1.460000e+00	4.384748e-04
1.462500e+00	4.424261e-04
1.465000e+00	4.464406e-04
1.467500e+00	4.505195e-04
1.470000e+00	4.546645e-04
1.472500e+00	4.588768e-04
1.475000e+00	4.631581e-04
1.477500e+00	4.675099e-04
1.480000e+00	4.719337e-04
1.482500e+00	4.764312e-04
1.485000e+00	4.810042e-04
1.487500e+00	4.856542e-04
1.490000e+00	4.903831e-04
1.492500e+00	4.951928e-04
1.495000e+00	5.000851e-04
1.497500e+00	5.050620e-04
1.500000e+00	5.101254e-04
1.502500e+00	5.152775e-04
1.505000e+00	5.205203e-04
1.507500e+00	5.258561e-04
1.510000e+00	5.312871e-04
1.512500e+00	5.368156e-04
1.515000e+00	5.424440e-04
1.517500e+00	5.481748e-04
1.520000e+00	5.540106e-04
1.522500e+00	5.599540e-04
1.525000e+00	5.660076e-04
1.527500e+00	5.721744e-04
1.530000e+00	5.784571e-04
1.532500e+00	5.848588e-04
1.535000e+00	5.913825e-04
1.537500e+00	5.980314e-04
1.540000e+00	6.048089e-04
1.542500e+00	6.117183e-04
1.545000e+00	6.187631e-04
1.547500e+00	6.259469e-04
1.550000e+00	6.332735e-04
1.552500e+00	6.407468e-04
1.555000e+00	6.483708e-04
1.557500e+00	6.561496e-04
1.560000e+00	6.640876e-04
1.562500e+00	6.721891e-04
1.565000e+00	6.804588e-04
1.567500e+00	6.889015e-04
1.570000e+00	6.975220e-04
1.572500e+00	7.063256e-04
1.575000e+00	7.153175e-04
1.577500e+00	7.245031e-04
1.580000e+00	7.338883e-04
1.582500e+00	7.434789e-04
1.585000e+00	7.532810e-04
1.587500e+00	7.633011e-04
1.590000e+00	7.735457e-04
1.592500e+00	7.840217e-04
1.595000e+00	7.947362e-04
1.597500e+00	8.056967e-04
1.600000e+00	8.169107e-04
1.602500e+00	8.283865e-04
1.605000e+00	8.401321e-04
1.607500e+00	8.521564e-04
1.610000e+00	8.644682e-04
1.612500e+00	8.770771e-04
1.615000e+00	8.899927e-04
1.617500e+00	9.032253e-04
1.620000e+00	9.167854e-04
1.622500e+00	9.306840e-04
1.625000e+00	9.449327e-04
1.627500e+00	9.595436e-04
1.630000e+00	9.745290e-04
1.632500e+00	9.899022e-04
1.635000e+00	1.005677e-03
1.637500e+00	1.021867e-03
1.640000e+00	1.038488e-03
1.642500e+00	1.055555e-03
1.645000e+00	1.073084e-03
1.647500e+00	1.091093e-03
1.650000e+00	1.109599e-03
1.652500e+00	1.128621e-03
1.655000e+00	1.148179e-03
1.657500e+00	1.168294e-03
1.660000e+00	1.188985e-03
1.662500e+00	1.210278e-03
1.665000e+00	1.232194e-03
1.667500e+00	1.254759e-03
1.670000e+00	1.277999e-03
1.672500e+00	1.301941e-03
1.675000e+00	1.326615e-03
1.677500e+00	1.352050e-03
1.680000e+00	1.378279e-03
1.682500e+00	1.405336e-03
1.685000e+00	1.433255e-03
1.687500e+00	1.462075e-03
1.690000e+00	1.491835e-03
1.692500e+00	1.522576e-03
1.695000e+00	1.554343e-03
1.697500e+00	1.587181e-03
1.700000e+00	1.621141e-03
1.702500e+00	1.656274e-03
1.705000e+00	1.692635e-03
1.707500e+00	1.730283e-03
1.710000e+00	1.769280e-03
1.712500e+00	1.809691e-03
1.715000e+00	1.851586e-03
1.717500e+00	1.895039e-03
1.720000e+00	1.940129e-03
1.722500e+00	1.986940e-03
1.725000e+00	2.035561e-03
1.727500e+00	2.086087e-03
1.730000e+00	2.138620e-03
1.732500e+00	2.193267e-03
1.735000e+00	2.250146e-03
1.737500e+00	2.309378e-03
1.740000e+00	2.371098e-03
1.742500e+00	2.435447e-03
1.745000e+00	2.502577e-03
1.747500e+00	2.572651e-03
1.750000e+00	2.645846e-03
1.752500e+00	2.722350e-03
1.755000e+00	2.802366e-03
1.757500e+00	2.886115e-03
1.760000e+00	2.973832e-03
1.762500e+00	3.065773e-03
1.765000e+00	3.162216e-03
1.767500e+00	3.263459e-03
1.770000e+00	3.369828e-03
1.772500e+00	3.481676e-03
1.775000e+00	3.599388e-03
1.777500e+00	3.723380e-03
1.780000e+00	3.854110e-03
1.782500e+00	3.992076e-03
1.785000e+00	4.137822e-03
1.787500e+00	4.291947e-03
1.790000e+00	4.455106e-03
1.792500e+00	4.628021e-03
1.795000e+00	4.811486e-03
1.797500e+00	5.006378e-03
1.800000e+00	5.213667e-03
1.802500e+00	5.434428e-03
1.805000e+00	5.669854e-03
1.807500e+00	5.921275e-03
1.810000e+00	6.190173e-03
1.812500e+00	6.478205e-03
1.815000e+00	6.787229e-03
1.817500e+00	7.119334e-03
1.820000e+00	7.476874e-03
1.822500e+00	7.862511e-03
1.825000e+00	8.279263e-03
1.827500e+00	8.730561e-03
1.830000e+00	9.220321e-03
1.832500e+00	9.753030e-03
1.835000e+00	1.033384e-02
1.837500e+00	1.096871e-02
1.840000e+00	1.166451e-02
1.842500e+00	1.242929e-02
1.845000e+00	1.327240e-02
1.847500e+00	1.420486e-02
1.850000e+00	1.523968e-02
1.852500e+00	1.639228e-02
1.855000e+00	1.768111e-02
1.857500e+00	1.912830e-02
1.860000e+00	2.076065e-02
1.862500e+00	2.261077e-02
1.865000e+00	2.471872e-02
1.867500e+00	2.713403e-02
1.870000e+00	2.991856e-02
1.872500e+00	3.315019e-02
1.875000e+00	3.692808e-02
1.877500e+00	4.137972e-02
1.880000e+00	4.667104e-02
1.882500e+00	5.302059e-02
1.885000e+00	6.072004e-02
1.887500e+00	7.016396e-02
1.890000e+00	8.189366e-02
1.892500e+00	9.666197e-02
1.895000e+00	1.155289e-01
1.897500e+00	1.399999e-01
1.900000e+00	1.722142e-01
1.902500e+00	2.151591e-01
1.905000e+00	2.727667e-01
1.907500e+00	3.493828e-01
1.910000e+00	4.472112e-01
1.912500e+00	5.592971e-01
1.915000e+00	6.587886e-01
1.917500e+00	7.012209e-01
1.920000e+00	6.611924e-01
1.922500e+00	5.627736e-01
1.925000e+00	4.505546e-01
1.927500e+00	3.521123e-01
1.930000e+00	2.748559e-01
1.932500e+00	2.167302e-01
1.935000e+00	1.734013e-01
1.937500e+00	1.409107e-01
1.940000e+00	1.162419e-01
1.942500e+00	9.723286e-02
1.945000e+00	8.236145e-02
1.947500e+00	7.055629e-02
1.950000e+00	6.105667e-02
1.952500e+00	5.331585e-02
1.955000e+00	4.693548e-02
1.957500e+00	4.162123e-02
1.960000e+00	3.715263e-02
1.962500e+00	3.336239e-02
1.965000e+00	3.012198e-02
1.967500e+00	2.733152e-02
1.970000e+00	2.491256e-02
1.972500e+00	2.280281e-02
1.975000e+00	2.095242e-02
1.977500e+00	1.932109e-02
1.980000e+00	1.787601e-02
1.982500e+00	1.659024e-02
1.985000e+00	1.544152e-02
1.987500e+00	1.441134e-02
1.990000e+00	1.348419e-02
1.992500e+00	1.264701e-02
1.995000e+00	1.188877e-02
1.997500e+00	1.120005e-02
2.000000e+00	1.057283e-02
2.002500e+00	1.000020e-02
2.005000e+00	9.476214e-03
2.007500e+00	8.995729e-03
2.010000e+00	8.554269e-03
2.012500e+00	8.147939e-03
2.015000e+00	7.773332e-03
2.017500e+00	7.427462e-03
2.020000e+00	7.107707e-03
2.022500e+00	6.811758e-03
2.025000e+00	6.537581e-03
2.027500e+00	6.283378e-03
2.030000e+00	6.047564e-03
2.032500e+00	5.828739e-03
2.035000e+00	5.625669e-03
2.037500e+00	5.437271e-03
2.040000e+00	5.262597e-03
2.042500e+00	5.100825e-03
2.045000e+00	4.951248e-03
2.047500e+00	4.813274e-03
2.050000e+00	4.686419e-03
2.052500e+00	4.570308e-03
2.055000e+00	4.464678e-03
2.057500e+00	4.369386e-03
2.060000e+00	4.284423e-03
2.062500e+00	4.209928e-03
2.065000e+00	4.146222e-03
2.067500e+00	4.093840e-03
2.070000e+00	4.053596e-03
2.072500e+00	4.026652e-03
2.075000e+00	4.014647e-03
2.077500e+00	4.019851e-03
2.080000e+00	4.045416e-03
2.082500e+00	4.095720e-03
2.085000e+00	4.176865e-03
2.087500e+00	4.297317e-03
2.090000e+00	4.468591e-03
2.092500e+00	4.705429e-03
2.095000e+00	5.023930e-03
2.097500e+00	5.434860e-03
2.100000e+00	5.931733e-03
2.102500e+00	6.483317e-03
2.105000e+00	7.044328e-03
2.107500e+00	7.581109e-03
2.110000e+00	8.083125e-03
2.112500e+00	8.539218e-03
2.115000e+00	8.931302e-03
2.117500e+00	9.276556e-03
2.120000e+00	9.625732e-03
2.122500e+00	9.975879e-03
2.125000e+00	1.025811e-02
2.127500e+00	1.044937e-02
2.130000e+00	1.062287e-02
2.132500e+00	1.084820e-02
2.135000e+00	1.111996e-02
2.137500e+00	1.138112e-02
2.140000e+00	1.157580e-02
2.142500e+00	1.167452e-02
2.145000e+00	1.169606e-02
2.147500e+00	1.172293e-02
2.150000e+00	1.186657e-02
2.152500e+00	1.216470e-02
2.155000e+00	1.249303e-02
2.157500e+00	1.268100e-02
2.160000e+00	1.267214e-02
2.162500e+00	1.251547e-02
2.165000e+00	1.236628e-02
2.167500e+00	1.241560e-02
2.170000e+00	1.268944e-02
2.172500e+00	1.301150e-02
2.175000e+00	1.322742e-02
2.177500e+00	1.335222e-02
2.180000e+00	1.339592e-02
2.182500e+00	1.330740e-02
2.185000e+00	1.315556e-02
2.187500e+00	1.306582e-02
2.190000e+00	1.303650e-02
2.192500e+00	1.304756e-02
2.195000e+00	1.319320e-02
2.197500e+00	1.351700e-02
2.200000e+00	1.388084e-02
2.202500e+00	1.412967e-02
2.205000e+00	1.421122e-02
2.207500e+00	1.404932e-02
2.210000e+00	1.362410e-02
2.212500e+00	1.316670e-02
2.215000e+00	1.297637e-02
2.217500e+00	1.314184e-02
2.220000e+00	1.351327e-02
2.222500e+00	1.390567e-02
2.225000e+00	1.428689e-02
2.227500e+00	1.462134e-02
2.230000e+00	1.469135e-02
2.232500e+00	1.437501e-02
2.235000e+00	1.391762e-02
2.237500e+00	1.364794e-02
2.240000e+00	1.361847e-02
2.242500e+00	1.362917e-02
2.245000e+00	1.355782e-02
2.247500e+00	1.355431e-02
2.250000e+00	1.379403e-02
2.252500e+00	1.418724e-02
2.255000e+00	1.444116e-02
2.257500e+00	1.444493e-02
2.260000e+00	1.443369e-02
2.262500e+00	1.462546e-02
2.265000e+00	1.487662e-02
2.267500e+00	1.479232e-02
2.270000e+00	1.422710e-02
2.272500e+00	1.351022e-02
2.275000e+00	1.306934e-02
2.277500e+00	1.309139e-02
2.280000e+00	1.347498e-02
2.282500e+00	1.392200e-02
2.285000e+00	1.421107e-02
2.287500e+00	1.445205e-02
2.290000e+00	1.487487e-02
2.292500e+00	1.541327e-02
2.295000e+00	1.563521e-02
2.297500e+00	1.519830e-02
2.300000e+00	1.431877e-02
2.302500e+00	1.352232e-02
2.305000e+00	1.315038e-02
2.307500e+00	1.321974e-02
2.310000e+00	1.349401e-02
2.312500e+00	1.369687e-02
2.315000e+00	1.381634e-02
2.317500e+00	1.407570e-02
2.320000e+00	1.455819e-02
2.322500e+00	1.500515e-02
2.325000e+00	1.506421e-02
2.327500e+00	1.476356e-02
2.330000e+00	1.449421e-02
2.332500e+00	1.452424e-02
2.335000e+00	1.472292e-02
2.337500e+00	1.469839e-02
2.340000e+00	1.426523e-02
2.342500e+00	1.369736e-02
2.345000e+00	1.338777e-02
2.347500e+00	1.347570e-02
2.350000e+00	1.376868e-02
2.352500e+00	1.390259e-02
2.355000e+00	1.373281e-02
2.357500e+00	1.352888e-02
2.360000e+00	1.366775e-02
2.362500e+00	1.430679e-02
2.365000e+00	1.526222e-02
2.367500e+00	1.600649e-02
2.370000e+00	1.600513e-02
2.372500e+00	1.529640e-02
2.375000e+00	1.443647e-02
2.377500e+00	1.388691e-02
2.380000e+00	1.370480e-02
2.382500e+00	1.361229e-02
2.385000e+00	1.331164e-02
2.387500e+00	1.284921e-02
2.390000e+00	1.255608e-02
2.392500e+00	1.271797e-02
2.395000e+00	1.342374e-02
2.397500e+00	1.451954e-02
2.400000e+00	1.554920e-02
2.402500e+00	1.593514e-02
2.405000e+00	1.554156e-02
2.407500e+00	1.485214e-02
2.410000e+00	1.442000e-02
2.412500e+00	1.442685e-02
2.415000e+00	1.463081e-02
2.417500e+00	1.456396e-02
2.420000e+00	1.400307e-02
2.422500e+00	1.323224e-02
2.425000e+00	1.270161e-02
2.427500e+00	1.267329e-02
2.430000e+00	1.316450e-02
2.432500e+00	1.394241e-02
2.435000e+00	1.453767e-02
2.437500e+00	1.455102e-02
2.440000e+00	1.409727e-02
2.442500e+00	1.367536e-02
2.445000e+00	1.367561e-02
2.447500e+00	1.416033e-02
2.450000e+00	1.484915e-02
2.452500e+00	1.524816e-02
2.455000e+00	1.509310e-02
2.457500e+00	1.466165e-02
2.460000e+00	1.440575e-02
2.462500e+00	1.446204e-02
2.465000e+00	1.454581e-02
2.467500e+00	1.423841e-02
2.470000e+00	1.348883e-02
2.472500e+00	1.267885e-02
2.475000e+00	1.220758e-02
2.477500e+00	1.225788e-02
2.480000e+00	1.280142e-02
2.482500e+00	1.359150e-02
2.485000e+00	1.419200e-02
2.487500e+00	1.429854e-02
2.490000e+00	1.410237e-02
2.492500e+00	1.408284e-02
2.495000e+00	1.455360e-02
2.497500e+00	1.545798e-02
2.500000e+00	1.631614e-02
2.502500e+00	1.643105e-02
2.505000e+00	1.553801e-02
2.507500e+00	1.410810e-02
2.510000e+00	1.279525e-02
2.512500e+00	1.196947e-02
2.515000e+00	1.173729e-02
2.517500e+00	1.206613e-02
2.520000e+00	1.279231e-02
2.522500e+00	1.355479e-02
2.525000e+00	1.390346e-02
2.527500e+00	1.371747e-02
2.530000e+00	1.336895e-02
2.532500e+00	1.332603e-02
2.535000e+00	1.381488e-02
2.537500e+00	1.473885e-02
2.540000e+00	1.564552e-02
2.542500e+00	1.590434e-02
2.545000e+00	1.529288e-02
2.547500e+00	1.426483e-02
2.550000e+00	1.343477e-02
2.552500e+00	1.313195e-02
2.555000e+00	1.336415e-02
2.557500e+00	1.385397e-02
2.560000e+00	1.411606e-02
2.562500e+00	1.382378e-02
2.565000e+00	1.317116e-02
2.567500e+00	1.263347e-02
2.570000e+00	1.253842e-02
2.572500e+00	1.294035e-02
2.575000e+00	1.361574e-02
2.577500e+00	1.409660e-02
2.580000e+00	1.398901e-02
2.582500e+00	1.340921e-02
2.585000e+00	1.284998e-02
2.587500e+00	1.272108e-02
2.590000e+00	1.318790e-02
2.592500e+00	1.418497e-02
2.595000e+00	1.535571e-02
2.597500e+00	1.605667e-02
2.600000e+00	1.580673e-02
2.602500e+00	1.483216e-02
2.605000e+00	1.379739e-02
2.607500e+00	1.319069e-02
2.610000e+00	1.314419e-02
2.612500e+00	1.347898e-02
2.615000e+00	1.375122e-02
2.617500e+00	1.351001e-02
2.620000e+00	1.274646e-02
2.622500e+00	1.187861e-02
2.625000e+00	1.131285e-02
2.627500e+00	1.125207e-02
2.630000e+00	1.175993e-02
2.632500e+00	1.280578e-02
2.635000e+00	1.418823e-02
2.637500e+00	1.541455e-02
2.640000e+00	1.587095e-02
2.642500e+00	1.542366e-02
2.645000e+00	1.460920e-02
2.647500e+00	1.405880e-02
2.650000e+00	1.406410e-02
2.652500e+00	1.452753e-02
2.655000e+00	1.499074e-02
2.657500e+00	1.486104e-02
2.660000e+00	1.396683e-02
2.662500e+00	1.273236e-02
2.665000e+00	1.168265e-02
2.667500e+00	1.110064e-02
2.670000e+00	1.107095e-02
2.672500e+00	1.158125e-02
2.675000e+00	1.251558e-02
2.677500e+00	1.355597e-02
2.680000e+00	1.419491e-02
2.682500e+00	1.412942e-02
2.685000e+00	1.363324e-02
2.687500e+00	1.325696e-02
2.690000e+00	1.335700e-02
2.692500e+00	1.395737e-02
2.695000e+00	1.473651e-02
2.697500e+00	1.511799e-02
2.700000e+00	1.473203e-02
2.702500e+00	1.384017e-02
2.705000e+00	1.302165e-02
2.707500e+00	1.267433e-02
2.710000e+00	1.290785e-02
2.712500e+00	1.357522e-02
2.715000e+00	1.424721e-02
2.717500e+00	1.435928e-02
2.720000e+00	1.371732e-02
2.722500e+00	1.271653e-02
2.725000e+00	1.188991e-02
2.727500e+00	1.154345e-02
2.730000e+00	1.176710e-02
2.732500e+00	1.250042e-02
2.735000e+00	1.348199e-02
2.737500e+00	1.419625e-02
2.740000e+00	1.415492e-02
2.742500e+00	1.341324e-02
2.745000e+00	1.250671e-02
2.747500e+00	1.192448e-02
2.750000e+00	1.190473e-02
2.752500e+00	1.251825e-02
2.755000e+00	1.371522e-02
2.757500e+00	1.522533e-02
2.760000e+00	1.642321e-02
2.762500e+00	1.657511e-02
2.765000e+00	1.556025e-02
2.767500e+00	1.401656e-02
2.770000e+00	1.264650e-02
2.772500e+00	1.180173e-02
2.775000e+00	1.156021e-02
2.777500e+00	1.184882e-02
2.780000e+00	1.243361e-02
2.782500e+00	1.288454e-02
2.785000e+00	1.279737e-02
2.787500e+00	1.220575e-02
2.790000e+00	1.153541e-02
2.792500e+00	1.118237e-02
2.795000e+00	1.134131e-02
2.797500e+00	1.205644e-02
2.800000e+00	1.322778e-02
2.802500e+00	1.451070e-02
2.805000e+00	1.531862e-02
2.807500e+00	1.526403e-02
2.810000e+00	1.462715e-02
2.812500e+00	1.404371e-02
2.815000e+00	1.393049e-02
2.817500e+00	1.429921e-02
2.820000e+00	1.476482e-02
2.822500e+00	1.472481e-02
2.825000e+00	1.389390e-02
2.827500e+00	1.261167e-02
2.830000e+00	1.141760e-02
2.832500e+00	1.063406e-02
2.835000e+00	1.036824e-02
2.837500e+00	1.063650e-02
2.840000e+00	1.141104e-02
2.842500e+00	1.255820e-02
2.845000e+00	1.370846e-02
2.847500e+00	1.428822e-02
2.850000e+00	1.398679e-02
2.852500e+00	1.313660e-02
2.855000e+00	1.234247e-02
2.857500e+00	1.200825e-02
2.860000e+00	1.228505e-02
2.862500e+00	1.315128e-02
2.865000e+00	1.437296e-02
2.867500e+00	1.539839e-02
2.870000e+00	1.555652e-02
2.872500e+00	1.469517e-02
2.875000e+00	1.335948e-02
2.877500e+00	1.218952e-02
2.880000e+00	1.152385e-02
2.882500e+00	1.145822e-02
2.885000e+00	1.196214e-02
2.887500e+00	1.286490e-02
2.890000e+00	1.375464e-02
2.892500e+00	1.406158e-02
2.895000e+00	1.354619e-02
2.897500e+00	1.258243e-02
2.900000e+00	1.173145e-02
2.902500e+00	1.133122e-02
2.905000e+00	1.148272e-02
2.907500e+00	1.211909e-02
2.910000e+00	1.296893e-02
2.912500e+00	1.353741e-02
2.915000e+00	1.341677e-02
2.917500e+00	1.273284e-02
2.920000e+00	1.199857e-02
2.922500e+00	1.163907e-02
2.925000e+00	1.184804e-02
2.927500e+00	1.265500e-02
2.930000e+00	1.391662e-02
2.932500e+00	1.519367e-02
2.935000e+00	1.578583e-02
2.937500e+00	1.528005e-02
2.940000e+00	1.403265e-02
2.942500e+00	1.274875e-02
2.945000e+00	1.189762e-02
2.947500e+00	1.164078e-02
2.950000e+00	1.195280e-02
2.952500e+00	1.263537e-02
2.955000e+00	1.325186e-02
2.957500e+00	1.327252e-02
2.960000e+00	1.255620e-02
2.962500e+00	1.150059e-02
2.965000e+00	1.059039e-02
2.967500e+00	1.008899e-02
2.970000e+00	1.008633e-02
2.972500e+00	1.061042e-02
2.975000e+00	1.165913e-02
2.977500e+00	1.312945e-02
2.980000e+00	1.466005e-02
2.982500e+00	1.559509e-02
2.985000e+00	1.544919e-02
2.987500e+00	1.447954e-02
2.990000e+00	1.340060e-02
2.992500e+00	1.274876e-02
2.995000e+00	1.272266e-02
2.997500e+00	1.326446e-02
3.000000e+00	1.404921e-02
3.002500e+00	1.448018e-02
3.005000e+00	1.405659e-02
3.007500e+00	1.289606e-02
3.010000e+00	1.156184e-02
3.012500e+00	1.050685e-02
3.015000e+00	9.916030e-03
3.017500e+00	9.828347e-03
3.020000e+00	1.023738e-02
3.022500e+00	1.109549e-02
3.025000e+00	1.222526e-02
3.027500e+00	1.321356e-02
3.030000e+00	1.356155e-02
3.032500e+00	1.318039e-02
3.035000e+00	1.252574e-02
3.037500e+00	1.212687e-02
3.040000e+00	1.226872e-02
3.042500e+00	1.299414e-02
3.045000e+00	1.409888e-02
3.047500e+00	1.505500e-02
3.050000e+00	1.519860e-02
3.052500e+00	1.434970e-02
3.055000e+00	1.301847e-02
3.057500e+00	1.183089e-02
3.060000e+00	1.112422e-02
3.062500e+00	1.099570e-02
3.065000e+00	1.142149e-02
3.067500e+00	1.225263e-02
3.070000e+00	1.311599e-02
3.072500e+00	1.345862e-02
3.075000e+00	1.298987e-02
3.077500e+00	1.201599e-02
3.080000e+00	1.107948e-02
3.082500e+00	1.053205e-02
3.085000e+00	1.050843e-02
3.087500e+00	1.103673e-02
3.090000e+00	1.206417e-02
3.092500e+00	1.335931e-02
3.095000e+00	1.439327e-02
3.097500e+00	1.454885e-02
3.100000e+00	1.372987e-02
3.102500e+00	1.248029e-02
3.105000e+00	1.139793e-02
3.107500e+00	1.079075e-02
3.110000e+00	1.075467e-02
3.112500e+00	1.130239e-02
3.115000e+00	1.238114e-02
3.117500e+00	1.376504e-02
3.120000e+00	1.491459e-02
3.122500e+00	1.515541e-02
3.125000e+00	1.432053e-02
3.127500e+00	1.295465e-02
3.130000e+00	1.171156e-02
3.132500e+00	1.093963e-02
3.135000e+00	1.073883e-02
3.137500e+00	1.109189e-02
3.140000e+00	1.187398e-02
3.142500e+00	1.275570e-02
3.145000e+00	1.320008e-02
3.147500e+00	1.284530e-02
3.150000e+00	1.191042e-02
3.152500e+00	1.092865e-02
3.155000e+00	1.028218e-02
3.157500e+00	1.012524e-02
3.160000e+00	1.049439e-02
3.162500e+00	1.135831e-02
3.165000e+00	1.255188e-02
3.167500e+00	1.365805e-02
3.170000e+00	1.411489e-02
3.172500e+00	1.373393e-02
3.175000e+00	1.294912e-02
3.177500e+00	1.235009e-02
3.180000e+00	1.227863e-02
3.182500e+00	1.280774e-02
3.185000e+00	1.376057e-02
3.187500e+00	1.464075e-02
3.190000e+00	1.477117e-02
3.192500e+00	1.388391e-02
3.195000e+00	1.241483e-02
3.197500e+00	1.098087e-02
3.200000e+00	9.927316e-03
3.202500e+00	9.352263e-03
3.205000e+00	9.258928e-03
3.207500e+00	9.636562e-03
3.210000e+00	1.045888e-02
3.212500e+00	1.160421e-02
3.215000e+00	1.272542e-02
3.217500e+00	1.328089e-02
3.220000e+00	1.297995e-02
3.222500e+00	1.214013e-02
3.225000e+00	1.133219e-02
3.227500e+00	1.093669e-02
3.230000e+00	1.110942e-02
3.232500e+00	1.188864e-02
3.235000e+00	1.320607e-02
3.237500e+00	1.475712e-02
3.240000e+00	1.587500e-02
3.242500e+00	1.584329e-02
3.245000e+00	1.462738e-02
3.247500e+00	1.290741e-02
3.250000e+00	1.135190e-02
3.252500e+00	1.026693e-02
3.255000e+00	9.716516e-03
3.257500e+00	9.683581e-03
3.260000e+00	1.012594e-02
3.262500e+00	1.093339e-02
3.265000e+00	1.181969e-02
3.267500e+00	1.231522e-02
3.270000e+00	1.211052e-02
3.272500e+00	1.141737e-02
3.275000e+00	1.072790e-02
3.277500e+00	1.040027e-02
3.280000e+00	1.058728e-02
3.282500e+00	1.131700e-02
3.285000e+00	1.249101e-02
3.287500e+00	1.376753e-02
3.290000e+00	1.452795e-02
3.292500e+00	1.429473e-02
3.295000e+00	1.327228e-02
3.297500e+00	1.210634e-02
3.300000e+00	1.129380e-02
3.302500e+00	1.103775e-02
3.305000e+00	1.136081e-02
3.307500e+00	1.214583e-02
3.310000e+00	1.305169e-02
3.312500e+00	1.350492e-02
3.315000e+00	1.309287e-02
3.317500e+00	1.201617e-02
3.320000e+00	1.083293e-02
3.322500e+00	9.950855e-03
3.325000e+00	9.530048e-03
3.327500e+00	9.609338e-03
3.330000e+00	1.019421e-02
3.332500e+00	1.125055e-02
3.335000e+00	1.260005e-02
3.337500e+00	1.377622e-02
3.340000e+00	1.413959e-02
3.342500e+00	1.345864e-02
3.345000e+00	1.219233e-02
3.347500e+00	1.096903e-02
3.350000e+00	1.014602e-02
3.352500e+00	9.838612e-03
3.355000e+00	1.006794e-02
3.357500e+00	1.082618e-02
3.360000e+00	1.203559e-02
3.362500e+00	1.340982e-02
3.365000e+00	1.435672e-02
3.367500e+00	1.429686e-02
3.370000e+00	1.328161e-02
3.372500e+00	1.193236e-02
3.375000e+00	1.081146e-02
3.377500e+00	1.017326e-02
3.380000e+00	1.008204e-02
3.382500e+00	1.053172e-02
3.385000e+00	1.145093e-02
3.387500e+00	1.259666e-02
3.390000e+00	1.345096e-02
3.392500e+00	1.345422e-02
3.395000e+00	1.257133e-02
3.397500e+00	1.132986e-02
3.400000e+00	1.025999e-02
3.402500e+00	9.616312e-03
3.405000e+00	9.467023e-03
3.407500e+00	9.811667e-03
3.410000e+00	1.060117e-02
3.412500e+00	1.165756e-02
3.415000e+00	1.257048e-02
3.417500e+00	1.284079e-02
3.420000e+00	1.236669e-02
3.422500e+00	1.158277e-02
3.425000e+00	1.100149e-02
3.427500e+00	1.090695e-02
3.430000e+00	1.138490e-02
3.432500e+00	1.236993e-02
3.435000e+00	1.356418e-02
3.437500e+00	1.436420e-02
3.440000e+00	1.418605e-02
3.442500e+00	1.307524e-02
3.445000e+00	1.163791e-02
3.447500e+00	1.041743e-02
3.450000e+00	9.651935e-03
3.452500e+00	9.392758e-03
3.455000e+00	9.627363e-03
3.457500e+00	1.029912e-02
3.460000e+00	1.122890e-02
3.462500e+00	1.201415e-02
3.465000e+00	1.216509e-02
3.467500e+00	1.157103e-02
3.470000e+00	1.063416e-02
3.472500e+00	9.829083e-03
3.475000e+00	9.413235e-03
3.477500e+00	9.478260e-03
3.480000e+00	1.005890e-02
3.482500e+00	1.116481e-02
3.485000e+00	1.271177e-02
3.487500e+00	1.435334e-02
3.490000e+00	1.539157e-02
3.492500e+00	1.519811e-02
3.495000e+00	1.390542e-02
3.497500e+00	1.224490e-02
3.500000e+00	1.082496e-02
3.502500e+00	9.895959e-03
3.505000e+00	9.502063e-03
3.507500e+00	9.622564e-03
3.510000e+00	1.020193e-02
3.512500e+00	1.107937e-02
3.515000e+00	1.187801e-02
3.517500e+00	1.209041e-02
3.520000e+00	1.152608e-02
3.522500e+00	1.053428e-02
3.525000e+00	9.602188e-03
3.527500e+00	9.010765e-03
3.530000e+00	8.856318e-03
3.532500e+00	9.167579e-03
3.535000e+00	9.961873e-03
3.537500e+00	1.122125e-02
3.540000e+00	1.277729e-02
3.542500e+00	1.415225e-02
3.545000e+00	1.466245e-02
3.547500e+00	1.403318e-02
3.550000e+00	1.274211e-02
3.552500e+00	1.148045e-02
3.555000e+00	1.065300e-02
3.557500e+00	1.038392e-02
3.560000e+00	1.064776e-02
3.562500e+00	1.128393e-02
3.565000e+00	1.192088e-02
3.567500e+00	1.205335e-02
3.570000e+00	1.146542e-02
3.572500e+00	1.046893e-02
3.575000e+00	9.531989e-03
3.577500e+00	8.932226e-03
3.580000e+00	8.765476e-03
3.582500e+00	9.054602e-03
3.585000e+00	9.794382e-03
3.587500e+00	1.090642e-02
3.590000e+00	1.211485e-02
3.592500e+00	1.289216e-02
3.595000e+00	1.279547e-02
3.597500e+00	1.196621e-02
3.600000e+00	1.097056e-02
3.602500e+00	1.027013e-02
3.605000e+00	1.006894e-02
3.607500e+00	1.041892e-02
3.610000e+00	1.128025e-02
3.612500e+00	1.245146e-02
3.615000e+00	1.344479e-02
3.617500e+00	1.362652e-02
3.620000e+00	1.279618e-02
3.622500e+00	1.141713e-02
3.625000e+00	1.008266e-02
3.627500e+00	9.110390e-03
3.630000e+00	8.586701e-03
3.632500e+00	8.513548e-03
3.635000e+00	8.884057e-03
3.637500e+00	9.683270e-03
3.640000e+00	1.081695e-02
3.642500e+00	1.197906e-02
3.645000e+00	1.262932e-02
3.647500e+00	1.238145e-02
3.650000e+00	1.145187e-02
3.652500e+00	1.040701e-02
3.655000e+00	9.662365e-03
3.657500e+00	9.387098e-03
3.660000e+00	9.625614e-03
3.662500e+00	1.037086e-02
3.665000e+00	1.152605e-02
3.667500e+00	1.276969e-02
3.670000e+00	1.350020e-02
3.672500e+00	1.321887e-02
3.675000e+00	1.207995e-02
3.677500e+00	1.069616e-02
3.680000e+00	9.549245e-03
3.682500e+00	8.830022e-03
3.685000e+00	8.573299e-03
3.687500e+00	8.775537e-03
3.690000e+00	9.429068e-03
3.692500e+00	1.048000e-02
3.695000e+00	1.170826e-02
3.697500e+00	1.262277e-02
3.700000e+00	1.268737e-02
3.702500e+00	1.187247e-02
3.705000e+00	1.069474e-02
3.707500e+00	9.673220e-03
3.710000e+00	9.058219e-03
3.712500e+00	8.918879e-03
3.715000e+00	9.260203e-03
3.717500e+00	1.004757e-02
3.720000e+00	1.113184e-02
3.722500e+00	1.212600e-02
3.725000e+00	1.247865e-02
3.727500e+00	1.195373e-02
3.730000e+00	1.091471e-02
3.732500e+00	9.907887e-03
3.735000e+00	9.260833e-03
3.737500e+00	9.087267e-03
3.740000e+00	9.407301e-03
3.742500e+00	1.018785e-02
3.745000e+00	1.127376e-02
3.747500e+00	1.226358e-02
3.750000e+00	1.258565e-02
3.752500e+00	1.199219e-02
3.755000e+00	1.085208e-02
3.757500e+00	9.721205e-03
3.760000e+00	8.927880e-03
3.762500e+00	8.578714e-03
3.765000e+00	8.688328e-03
3.767500e+00	9.239381e-03
3.770000e+00	1.014864e-02
3.772500e+00	1.115700e-02
3.775000e+00	1.178446e-02
3.777500e+00	1.163657e-02
3.780000e+00	1.084509e-02
3.782500e+00	9.913192e-03
3.785000e+00	9.244911e-03
3.787500e+00	9.016471e-03
3.790000e+00	9.276187e-03
3.792500e+00	1.000906e-02
3.795000e+00	1.109101e-02
3.797500e+00	1.216303e-02
3.800000e+00	1.264441e-02
3.802500e+00	1.217835e-02
3.805000e+00	1.104272e-02
3.807500e+00	9.812937e-03
3.810000e+00	8.871928e-03
3.812500e+00	8.354294e-03
3.815000e+00	8.281219e-03
3.817500e+00	8.647303e-03
3.820000e+00	9.423542e-03
3.822500e+00	1.047933e-02
3.825000e+00	1.146019e-02
3.827500e+00	1.184077e-02
3.830000e+00	1.137089e-02
3.832500e+00	1.037575e-02
3.835000e+00	9.379400e-03
3.837500e+00	8.704268e-03
3.840000e+00	8.463778e-03
3.842500e+00	8.683112e-03
3.845000e+00	9.356349e-03
3.847500e+00	1.040948e-02
3.850000e+00	1.157834e-02
3.852500e+00	1.233603e-02
3.855000e+00	1.219700e-02
3.857500e+00	1.124203e-02
3.860000e+00	1.001723e-02
3.862500e+00	8.989498e-03
3.865000e+00	8.358434e-03
3.867500e+00	8.168674e-03
3.870000e+00	8.419830e-03
3.872500e+00	9.092712e-03
3.875000e+00	1.009225e-02
3.877500e+00	1.112534e-02
3.880000e+00	1.167835e-02
3.882500e+00	1.137929e-02
3.885000e+00	1.042139e-02
3.887500e+00	9.328371e-03
3.890000e+00	8.481295e-03
3.892500e+00	8.027077e-03
3.895000e+00	7.997525e-03
3.897500e+00	8.396913e-03
3.900000e+00	9.211570e-03
3.902500e+00	1.034015e-02
3.905000e+00	1.146249e-02
3.907500e+00	1.203269e-02
3.910000e+00	1.168664e-02
3.912500e+00	1.066553e-02
3.915000e+00	9.528141e-03
3.917500e+00	8.663983e-03
3.920000e+00	8.218514e-03
3.922500e+00	8.219081e-03
3.925000e+00	8.654833e-03
3.927500e+00	9.463515e-03
3.930000e+00	1.043416e-02
3.932500e+00	1.112531e-02
3.935000e+00	1.107973e-02
3.937500e+00	1.029568e-02
3.940000e+00	9.223790e-03
3.942500e+00	8.294481e-03
3.945000e+00	7.705716e-03
3.947500e+00	7.507520e-03
3.950000e+00	7.707865e-03
3.952500e+00	8.312955e-03
3.955000e+00	9.303096e-03
3.957500e+00	1.053591e-02
3.960000e+00	1.161513e-02
3.962500e+00	1.197588e-02
3.965000e+00	1.138930e-02
3.967500e+00	1.024161e-02
3.970000e+00	9.090655e-03
3.972500e+00	8.258454e-03
3.975000e+00	7.844562e-03
3.977500e+00	7.857306e-03
3.980000e+00	8.276059e-03
3.982500e+00	9.025539e-03
3.985000e+00	9.879350e-03
3.987500e+00	1.041161e-02
3.990000e+00	1.025367e-02
3.992500e+00	9.495319e-03
3.995000e+00	8.572546e-03
3.997500e+00	7.844426e-03
