#omega	spectral weight
-3.000000e+00	1.150180e-02
-2.997500e+00	1.279544e-02
-2.995000e+00	1.470208e-02
-2.992500e+00	1.714537e-02
-2.990000e+00	1.966435e-02
-2.987500e+00	2.127553e-02
-2.985000e+00	2.106457e-02
-2.982500e+00	1.919971e-02
-2.980000e+00	1.673396e-02
-2.977500e+00	1.455637e-02
-2.975000e+00	1.303165e-02
-2.972500e+00	1.221862e-02
-2.970000e+00	1.209053e-02
-2.967500e+00	1.261722e-02
-2.965000e+00	1.373357e-02
-2.962500e+00	1.519822e-02
-2.960000e+00	1.641636e-02
-2.957500e+00	1.659827e-02
-2.955000e+00	1.547657e-02
-2.952500e+00	1.361378e-02
-2.950000e+00	1.174462e-02
-2.947500e+00	1.025660e-02
-2.945000e+00	9.237208e-03
-2.942500e+00	8.658575e-03
-2.940000e+00	8.482287e-03
-2.937500e+00	8.695343e-03
-2.935000e+00	9.311669e-03
-2.932500e+00	1.034329e-02
-2.930000e+00	1.171514e-02
-2.927500e+00	1.310983e-02
-2.925000e+00	1.390674e-02
-2.922500e+00	1.358556e-02
-2.920000e+00	1.230705e-02
-2.917500e+00	1.070907e-02
-2.915000e+00	9.284359e-03
-2.912500e+00	8.209629e-03
-2.910000e+00	7.486139e-03
-2.907500e+00	7.066363e-03
-2.905000e+00	6.908263e-03
-2.902500e+00	6.991201e-03
-2.900000e+00	7.318977e-03
-2.897500e+00	7.919091e-03
-2.895000e+00	8.836487e-03
-2.892500e+00	1.010803e-02
-2.890000e+00	1.168776e-02
-2.887500e+00	1.330798e-02
-2.885000e+00	1.442324e-02
-2.882500e+00	1.457580e-02
-2.880000e+00	1.393171e-02
-2.877500e+00	1.310654e-02
-2.875000e+00	1.260036e-02
-2.872500e+00	1.264312e-02
-2.870000e+00	1.333011e-02
-2.867500e+00	1.474694e-02
-2.865000e+00	1.702113e-02
-2.862500e+00	2.030482e-02
-2.860000e+00	2.464320e-02
-2.857500e+00	2.962743e-02
-2.855000e+00	3.391456e-02
-2.852500e+00	3.547185e-02
-2.850000e+00	3.336297e-02
-2.847500e+00	2.888293e-02
-2.845000e+00	2.403048e-02
-2.842500e+00	1.995165e-02
-2.840000e+00	1.692981e-02
-2.837500e+00	1.487522e-02
-2.835000e+00	1.362731e-02
-2.832500e+00	1.306454e-02
-2.830000e+00	1.313036e-02
-2.827500e+00	1.383192e-02
-2.825000e+00	1.522186e-02
-2.822500e+00	1.733868e-02
-2.820000e+00	2.004588e-02
-2.817500e+00	2.275218e-02
-2.815000e+00	2.434384e-02
-2.812500e+00	2.397720e-02
-2.810000e+00	2.206972e-02
-2.807500e+00	1.982531e-02
-2.805000e+00	1.815115e-02
-2.802500e+00	1.741925e-02
-2.800000e+00	1.771780e-02
-2.797500e+00	1.900863e-02
-2.795000e+00	2.104744e-02
-2.792500e+00	2.312261e-02
-2.790000e+00	2.402816e-02
-2.787500e+00	2.292079e-02
-2.785000e+00	2.025554e-02
-2.782500e+00	1.719534e-02
-2.780000e+00	1.454022e-02
-2.777500e+00	1.254108e-02
-2.775000e+00	1.117353e-02
-2.772500e+00	1.034746e-02
-2.770000e+00	9.991443e-03
-2.767500e+00	1.007611e-02
-2.765000e+00	1.061645e-02
-2.762500e+00	1.166227e-02
-2.760000e+00	1.326077e-02
-2.757500e+00	1.534639e-02
-2.755000e+00	1.752242e-02
-2.752500e+00	1.892374e-02
-2.750000e+00	1.870869e-02
-2.747500e+00	1.697195e-02
-2.745000e+00	1.462431e-02
-2.742500e+00	1.245693e-02
-2.740000e+00	1.078674e-02
-2.737500e+00	9.640152e-03
-2.735000e+00	8.954967e-03
-2.732500e+00	8.672884e-03
-2.730000e+00	8.768073e-03
-2.727500e+00	9.251477e-03
-2.725000e+00	1.016188e-02
-2.722500e+00	1.153015e-02
-2.720000e+00	1.327837e-02
-2.717500e+00	1.503463e-02
-2.715000e+00	1.605918e-02
-2.712500e+00	1.572705e-02
-2.710000e+00	1.422932e-02
-2.707500e+00	1.233375e-02
-2.705000e+00	1.063560e-02
-2.702500e+00	9.348747e-03
-2.700000e+00	8.474048e-03
-2.697500e+00	7.951785e-03
-2.695000e+00	7.726835e-03
-2.692500e+00	7.767342e-03
-2.690000e+00	8.068199e-03
-2.687500e+00	8.652143e-03
-2.685000e+00	9.572226e-03
-2.682500e+00	1.091469e-02
-2.680000e+00	1.279448e-02
-2.677500e+00	1.531899e-02
-2.675000e+00	1.846356e-02
-2.672500e+00	2.180176e-02
-2.670000e+00	2.428038e-02
-2.667500e+00	2.474009e-02
-2.665000e+00	2.315112e-02
-2.662500e+00	2.068648e-02
-2.660000e+00	1.850623e-02
-2.657500e+00	1.716275e-02
-2.655000e+00	1.679900e-02
-2.652500e+00	1.740611e-02
-2.650000e+00	1.887415e-02
-2.647500e+00	2.083635e-02
-2.645000e+00	2.246465e-02
-2.642500e+00	2.275211e-02
-2.640000e+00	2.146864e-02
-2.637500e+00	1.942834e-02
-2.635000e+00	1.758311e-02
-2.632500e+00	1.643106e-02
-2.630000e+00	1.612587e-02
-2.627500e+00	1.671638e-02
-2.625000e+00	1.827176e-02
-2.622500e+00	2.089732e-02
-2.620000e+00	2.463105e-02
-2.617500e+00	2.913843e-02
-2.615000e+00	3.323827e-02
-2.612500e+00	3.497458e-02
-2.610000e+00	3.318933e-02
-2.607500e+00	2.888769e-02
-2.605000e+00	2.401647e-02
-2.602500e+00	1.980251e-02
-2.600000e+00	1.659009e-02
-2.597500e+00	1.430766e-02
-2.595000e+00	1.278824e-02
-2.592500e+00	1.189099e-02
-2.590000e+00	1.153118e-02
-2.587500e+00	1.168145e-02
-2.585000e+00	1.236472e-02
-2.582500e+00	1.363406e-02
-2.580000e+00	1.550916e-02
-2.577500e+00	1.781383e-02
-2.575000e+00	1.992932e-02
-2.572500e+00	2.083993e-02
-2.570000e+00	1.996069e-02
-2.567500e+00	1.783639e-02
-2.565000e+00	1.549314e-02
-2.562500e+00	1.358292e-02
-2.560000e+00	1.230985e-02
-2.557500e+00	1.167687e-02
-2.555000e+00	1.165287e-02
-2.552500e+00	1.222895e-02
-2.550000e+00	1.339947e-02
-2.547500e+00	1.505934e-02
-2.545000e+00	1.680638e-02
-2.542500e+00	1.785029e-02
-2.540000e+00	1.750446e-02
-2.537500e+00	1.594370e-02
-2.535000e+00	1.398376e-02
-2.532500e+00	1.227987e-02
-2.530000e+00	1.108695e-02
-2.527500e+00	1.043689e-02
-2.525000e+00	1.030612e-02
-2.522500e+00	1.068659e-02
-2.520000e+00	1.159260e-02
-2.517500e+00	1.301027e-02
-2.515000e+00	1.475980e-02
-2.512500e+00	1.630367e-02
-2.510000e+00	1.683346e-02
-2.507500e+00	1.596410e-02
-2.505000e+00	1.419069e-02
-2.502500e+00	1.229772e-02
-2.500000e+00	1.074071e-02
-2.497500e+00	9.636374e-03
-2.495000e+00	8.955087e-03
-2.492500e+00	8.641372e-03
-2.490000e+00	8.658748e-03
-2.487500e+00	9.002189e-03
-2.485000e+00	9.701663e-03
-2.482500e+00	1.082373e-02
-2.480000e+00	1.246686e-02
-2.477500e+00	1.472956e-02
-2.475000e+00	1.760005e-02
-2.472500e+00	2.070717e-02
-2.470000e+00	2.307767e-02
-2.467500e+00	2.354579e-02
-2.465000e+00	2.193849e-02
-2.462500e+00	1.930098e-02
-2.460000e+00	1.675611e-02
-2.457500e+00	1.483901e-02
-2.455000e+00	1.365461e-02
-2.452500e+00	1.316000e-02
-2.450000e+00	1.331138e-02
-2.447500e+00	1.411554e-02
-2.445000e+00	1.564194e-02
-2.442500e+00	1.800934e-02
-2.440000e+00	2.131677e-02
-2.437500e+00	2.543783e-02
-2.435000e+00	2.963152e-02
-2.432500e+00	3.236450e-02
-2.430000e+00	3.230138e-02
-2.427500e+00	2.983771e-02
-2.425000e+00	2.667244e-02
-2.422500e+00	2.419948e-02
-2.420000e+00	2.301343e-02
-2.417500e+00	2.322243e-02
-2.415000e+00	2.464989e-02
-2.412500e+00	2.669346e-02
-2.410000e+00	2.811874e-02
-2.407500e+00	2.758939e-02
-2.405000e+00	2.496125e-02
-2.402500e+00	2.138109e-02
-2.400000e+00	1.799991e-02
-2.397500e+00	1.531941e-02
-2.395000e+00	1.339301e-02
-2.392500e+00	1.212228e-02
-2.390000e+00	1.140212e-02
-2.387500e+00	1.116686e-02
-2.385000e+00	1.140000e-02
-2.382500e+00	1.213410e-02
-2.380000e+00	1.344413e-02
-2.377500e+00	1.541703e-02
-2.375000e+00	1.804888e-02
-2.372500e+00	2.100452e-02
-2.370000e+00	2.334643e-02
-2.367500e+00	2.384846e-02
-2.365000e+00	2.217928e-02
-2.362500e+00	1.931242e-02
-2.360000e+00	1.642511e-02
-2.357500e+00	1.411397e-02
-2.355000e+00	1.250222e-02
-2.352500e+00	1.153422e-02
-2.350000e+00	1.113683e-02
-2.347500e+00	1.127491e-02
-2.345000e+00	1.196026e-02
-2.342500e+00	1.323176e-02
-2.340000e+00	1.508292e-02
-2.337500e+00	1.728690e-02
-2.335000e+00	1.916824e-02
-2.332500e+00	1.975032e-02
-2.330000e+00	1.863066e-02
-2.327500e+00	1.646825e-02
-2.325000e+00	1.421440e-02
-2.322500e+00	1.240217e-02
-2.320000e+00	1.116797e-02
-2.317500e+00	1.048692e-02
-2.315000e+00	1.031376e-02
-2.312500e+00	1.063173e-02
-2.310000e+00	1.145245e-02
-2.307500e+00	1.277021e-02
-2.305000e+00	1.443952e-02
-2.302500e+00	1.599043e-02
-2.300000e+00	1.666319e-02
-2.297500e+00	1.602320e-02
-2.295000e+00	1.447437e-02
-2.292500e+00	1.277356e-02
-2.290000e+00	1.139800e-02
-2.287500e+00	1.049239e-02
-2.285000e+00	1.005170e-02
-2.282500e+00	1.004629e-02
-2.280000e+00	1.047208e-02
-2.277500e+00	1.136591e-02
-2.275000e+00	1.280524e-02
-2.272500e+00	1.488398e-02
-2.270000e+00	1.762284e-02
-2.267500e+00	2.074753e-02
-2.265000e+00	2.340316e-02
-2.262500e+00	2.436106e-02
-2.260000e+00	2.314516e-02
-2.257500e+00	2.062370e-02
-2.255000e+00	1.801176e-02
-2.252500e+00	1.598495e-02
-2.250000e+00	1.472021e-02
-2.247500e+00	1.419606e-02
-2.245000e+00	1.437221e-02
-2.242500e+00	1.525828e-02
-2.240000e+00	1.693580e-02
-2.237500e+00	1.955929e-02
-2.235000e+00	2.332054e-02
-2.232500e+00	2.830366e-02
-2.230000e+00	3.410166e-02
-2.227500e+00	3.924686e-02
-2.225000e+00	4.137205e-02
-2.222500e+00	3.919449e-02
-2.220000e+00	3.405799e-02
-2.217500e+00	2.832972e-02
-2.215000e+00	2.345342e-02
-2.212500e+00	1.982616e-02
-2.210000e+00	1.737059e-02
-2.207500e+00	1.591163e-02
-2.205000e+00	1.531439e-02
-2.202500e+00	1.550346e-02
-2.200000e+00	1.641251e-02
-2.197500e+00	1.784605e-02
-2.195000e+00	1.926918e-02
-2.192500e+00	1.982409e-02
-2.190000e+00	1.898935e-02
-2.187500e+00	1.717665e-02
-2.185000e+00	1.522512e-02
-2.182500e+00	1.368376e-02
-2.180000e+00	1.273460e-02
-2.177500e+00	1.239564e-02
-2.175000e+00	1.266426e-02
-2.172500e+00	1.357172e-02
-2.170000e+00	1.518074e-02
-2.167500e+00	1.751599e-02
-2.165000e+00	2.037030e-02
-2.162500e+00	2.300154e-02
-2.160000e+00	2.416553e-02
-2.157500e+00	2.310587e-02
-2.155000e+00	2.044656e-02
-2.152500e+00	1.743684e-02
-2.150000e+00	1.487938e-02
-2.147500e+00	1.301355e-02
-2.145000e+00	1.181414e-02
-2.142500e+00	1.120079e-02
-2.140000e+00	1.111974e-02
-2.137500e+00	1.156440e-02
-2.135000e+00	1.256814e-02
-2.132500e+00	1.416200e-02
-2.130000e+00	1.625415e-02
-2.127500e+00	1.840309e-02
-2.125000e+00	1.970739e-02
-2.122500e+00	1.936484e-02
-2.120000e+00	1.756075e-02
-2.117500e+00	1.523524e-02
-2.115000e+00	1.314937e-02
-2.112500e+00	1.159228e-02
-2.110000e+00	1.058261e-02
-2.107500e+00	1.006353e-02
-2.105000e+00	9.989191e-03
-2.102500e+00	1.035030e-02
-2.100000e+00	1.117378e-02
-2.097500e+00	1.249832e-02
-2.095000e+00	1.429633e-02
-2.092500e+00	1.630386e-02
-2.090000e+00	1.785995e-02
-2.087500e+00	1.819026e-02
-2.085000e+00	1.719908e-02
-2.082500e+00	1.560111e-02
-2.080000e+00	1.415682e-02
-2.077500e+00	1.324189e-02
-2.075000e+00	1.296051e-02
-2.072500e+00	1.333607e-02
-2.070000e+00	1.440721e-02
-2.067500e+00	1.624401e-02
-2.065000e+00	1.888518e-02
-2.062500e+00	2.214231e-02
-2.060000e+00	2.526981e-02
-2.057500e+00	2.693372e-02
-2.055000e+00	2.620887e-02
-2.052500e+00	2.366176e-02
-2.050000e+00	2.066861e-02
-2.047500e+00	1.818448e-02
-2.045000e+00	1.653506e-02
-2.042500e+00	1.573795e-02
-2.040000e+00	1.575010e-02
-2.037500e+00	1.657218e-02
-2.035000e+00	1.828172e-02
-2.032500e+00	2.103280e-02
-2.030000e+00	2.500494e-02
-2.027500e+00	3.021613e-02
-2.025000e+00	3.607117e-02
-2.022500e+00	4.081348e-02
-2.020000e+00	4.202659e-02
-2.017500e+00	3.889743e-02
-2.015000e+00	3.320950e-02
-2.012500e+00	2.728442e-02
-2.010000e+00	2.233547e-02
-2.007500e+00	1.860709e-02
-2.005000e+00	1.595180e-02
-2.002500e+00	1.415553e-02
-2.000000e+00	1.304826e-02
-1.997500e+00	1.252624e-02
-1.995000e+00	1.254833e-02
-1.992500e+00	1.312397e-02
-1.990000e+00	1.428420e-02
-1.987500e+00	1.600029e-02
-1.985000e+00	1.800380e-02
-1.982500e+00	1.959515e-02
-1.980000e+00	1.989655e-02
-1.977500e+00	1.871239e-02
-1.975000e+00	1.677661e-02
-1.972500e+00	1.494200e-02
-1.970000e+00	1.364610e-02
-1.967500e+00	1.300665e-02
-1.965000e+00	1.303474e-02
-1.962500e+00	1.374605e-02
-1.960000e+00	1.517962e-02
-1.957500e+00	1.733072e-02
-1.955000e+00	1.995500e-02
-1.952500e+00	2.228608e-02
-1.950000e+00	2.314035e-02
-1.947500e+00	2.191905e-02
-1.945000e+00	1.932058e-02
-1.942500e+00	1.650586e-02
-1.940000e+00	1.416570e-02
-1.937500e+00	1.248635e-02
-1.935000e+00	1.143311e-02
-1.932500e+00	1.093237e-02
-1.930000e+00	1.093946e-02
-1.927500e+00	1.145247e-02
-1.925000e+00	1.249641e-02
-1.922500e+00	1.406124e-02
-1.920000e+00	1.595213e-02
-1.917500e+00	1.759173e-02
-1.915000e+00	1.813838e-02
-1.912500e+00	1.723316e-02
-1.910000e+00	1.543264e-02
-1.907500e+00	1.355681e-02
-1.905000e+00	1.206957e-02
-1.902500e+00	1.109103e-02
-1.900000e+00	1.059983e-02
-1.897500e+00	1.055656e-02
-1.895000e+00	1.095058e-02
-1.892500e+00	1.181472e-02
-1.890000e+00	1.322901e-02
-1.887500e+00	1.531195e-02
-1.885000e+00	1.817077e-02
-1.882500e+00	2.174253e-02
-1.880000e+00	2.546661e-02
-1.877500e+00	2.805469e-02
-1.875000e+00	2.819583e-02
-1.872500e+00	2.597976e-02
-1.870000e+00	2.280785e-02
-1.867500e+00	1.995729e-02
-1.865000e+00	1.798571e-02
-1.862500e+00	1.700207e-02
-1.860000e+00	1.698445e-02
-1.857500e+00	1.791370e-02
-1.855000e+00	1.975610e-02
-1.852500e+00	2.229626e-02
-1.850000e+00	2.484113e-02
-1.847500e+00	2.618440e-02
-1.845000e+00	2.548527e-02
-1.842500e+00	2.323661e-02
-1.840000e+00	2.066760e-02
-1.837500e+00	1.864609e-02
-1.835000e+00	1.748997e-02
-1.832500e+00	1.725572e-02
-1.830000e+00	1.796266e-02
-1.827500e+00	1.968414e-02
-1.825000e+00	2.255191e-02
-1.822500e+00	2.666004e-02
-1.820000e+00	3.176983e-02
-1.817500e+00	3.677590e-02
-1.815000e+00	3.953471e-02
-1.812500e+00	3.831881e-02
-1.810000e+00	3.377329e-02
-1.807500e+00	2.810752e-02
-1.805000e+00	2.297297e-02
-1.802500e+00	1.893392e-02
-1.800000e+00	1.596135e-02
-1.797500e+00	1.385737e-02
-1.795000e+00	1.243133e-02
-1.792500e+00	1.154606e-02
-1.790000e+00	1.112104e-02
-1.787500e+00	1.112629e-02
-1.785000e+00	1.157645e-02
-1.782500e+00	1.252117e-02
-1.780000e+00	1.401412e-02
-1.777500e+00	1.601854e-02
-1.775000e+00	1.820674e-02
-1.772500e+00	1.979158e-02
-1.770000e+00	1.990513e-02
-1.767500e+00	1.850777e-02
-1.765000e+00	1.644672e-02
-1.762500e+00	1.455993e-02
-1.760000e+00	1.323434e-02
-1.757500e+00	1.255529e-02
-1.755000e+00	1.251749e-02
-1.752500e+00	1.312576e-02
-1.750000e+00	1.440938e-02
-1.747500e+00	1.635790e-02
-1.745000e+00	1.873917e-02
-1.742500e+00	2.084134e-02
-1.740000e+00	2.157911e-02
-1.737500e+00	2.041888e-02
-1.735000e+00	1.801147e-02
-1.732500e+00	1.541278e-02
-1.730000e+00	1.324117e-02
-1.727500e+00	1.165477e-02
-1.725000e+00	1.060983e-02
-1.722500e+00	1.002402e-02
-1.720000e+00	9.836655e-03
-1.717500e+00	1.002408e-02
-1.715000e+00	1.060112e-02
-1.712500e+00	1.161661e-02
-1.710000e+00	1.313341e-02
-1.707500e+00	1.516145e-02
-1.705000e+00	1.749741e-02
-1.702500e+00	1.953185e-02
-1.700000e+00	2.043106e-02
-1.697500e+00	1.994318e-02
-1.695000e+00	1.875028e-02
-1.692500e+00	1.774294e-02
-1.690000e+00	1.744769e-02
-1.687500e+00	1.808717e-02
-1.685000e+00	1.978655e-02
-1.682500e+00	2.265624e-02
-1.680000e+00	2.669443e-02
-1.677500e+00	3.144313e-02
-1.675000e+00	3.551257e-02
-1.672500e+00	3.685922e-02
-1.670000e+00	3.459315e-02
-1.667500e+00	3.004732e-02
-1.665000e+00	2.520594e-02
-1.662500e+00	2.118756e-02
-1.660000e+00	1.826459e-02
-1.657500e+00	1.635214e-02
-1.655000e+00	1.530467e-02
-1.652500e+00	1.502274e-02
-1.650000e+00	1.547461e-02
-1.647500e+00	1.667802e-02
-1.645000e+00	1.862874e-02
-1.642500e+00	2.112161e-02
-1.640000e+00	2.348187e-02
-1.637500e+00	2.461371e-02
-1.635000e+00	2.389450e-02
-1.632500e+00	2.192962e-02
-1.630000e+00	1.985368e-02
-1.627500e+00	1.841072e-02
-1.625000e+00	1.787998e-02
-1.622500e+00	1.834694e-02
-1.620000e+00	1.988146e-02
-1.617500e+00	2.256843e-02
-1.615000e+00	2.637903e-02
-1.612500e+00	3.081254e-02
-1.610000e+00	3.444755e-02
-1.607500e+00	3.531510e-02
-1.605000e+00	3.270650e-02
-1.602500e+00	2.802076e-02
-1.600000e+00	2.313092e-02
-1.597500e+00	1.902746e-02
-1.595000e+00	1.591168e-02
-1.592500e+00	1.366135e-02
-1.590000e+00	1.209639e-02
-1.587500e+00	1.106935e-02
-1.585000e+00	1.048308e-02
-1.582500e+00	1.028812e-02
-1.580000e+00	1.047736e-02
-1.577500e+00	1.108084e-02
-1.575000e+00	1.215307e-02
-1.572500e+00	1.372917e-02
-1.570000e+00	1.570411e-02
-1.567500e+00	1.762571e-02
-1.565000e+00	1.865990e-02
-1.562500e+00	1.819864e-02
-1.560000e+00	1.656864e-02
-1.557500e+00	1.463944e-02
-1.555000e+00	1.303319e-02
-1.552500e+00	1.197155e-02
-1.550000e+00	1.147638e-02
-1.547500e+00	1.152888e-02
-1.545000e+00	1.213199e-02
-1.542500e+00	1.331025e-02
-1.540000e+00	1.504632e-02
-1.537500e+00	1.711848e-02
-1.535000e+00	1.889395e-02
-1.532500e+00	1.948180e-02
-1.530000e+00	1.854349e-02
-1.527500e+00	1.670494e-02
-1.525000e+00	1.483334e-02
-1.522500e+00	1.340766e-02
-1.520000e+00	1.255247e-02
-1.517500e+00	1.225299e-02
-1.515000e+00	1.248308e-02
-1.512500e+00	1.325448e-02
-1.510000e+00	1.463391e-02
-1.507500e+00	1.674790e-02
-1.505000e+00	1.976819e-02
-1.502500e+00	2.383296e-02
-1.500000e+00	2.880489e-02
-1.497500e+00	3.380724e-02
-1.495000e+00	3.700223e-02
-1.492500e+00	3.675983e-02
-1.490000e+00	3.350362e-02
-1.487500e+00	2.922548e-02
-1.485000e+00	2.555295e-02
-1.482500e+00	2.315045e-02
-1.480000e+00	2.214008e-02
-1.477500e+00	2.249256e-02
-1.475000e+00	2.414093e-02
-1.472500e+00	2.684154e-02
-1.470000e+00	2.981531e-02
-1.467500e+00	3.155385e-02
-1.465000e+00	3.069974e-02
-1.462500e+00	2.749581e-02
-1.460000e+00	2.344005e-02
-1.457500e+00	1.976186e-02
-1.455000e+00	1.692288e-02
-1.452500e+00	1.493667e-02
-1.450000e+00	1.368601e-02
-1.447500e+00	1.306305e-02
-1.445000e+00	1.301056e-02
-1.442500e+00	1.352719e-02
-1.440000e+00	1.465589e-02
-1.437500e+00	1.644040e-02
-1.435000e+00	1.880170e-02
-1.432500e+00	2.129977e-02
-1.430000e+00	2.300030e-02
-1.427500e+00	2.303842e-02
-1.425000e+00	2.159034e-02
-1.422500e+00	1.969118e-02
-1.420000e+00	1.823564e-02
-1.417500e+00	1.763520e-02
-1.415000e+00	1.802742e-02
-1.412500e+00	1.947327e-02
-1.410000e+00	2.197478e-02
-1.407500e+00	2.527992e-02
-1.405000e+00	2.850381e-02
-1.402500e+00	3.006816e-02
-1.400000e+00	2.883056e-02
-1.397500e+00	2.537954e-02
-1.395000e+00	2.128914e-02
-1.392500e+00	1.765953e-02
-1.390000e+00	1.483827e-02
-1.387500e+00	1.278532e-02
-1.385000e+00	1.135843e-02
-1.382500e+00	1.042721e-02
-1.380000e+00	9.902199e-03
-1.377500e+00	9.736272e-03
-1.375000e+00	9.920204e-03
-1.372500e+00	1.047583e-02
-1.370000e+00	1.143819e-02
-1.367500e+00	1.280156e-02
-1.365000e+00	1.439397e-02
-1.362500e+00	1.573076e-02
-1.360000e+00	1.616402e-02
-1.357500e+00	1.550147e-02
-1.355000e+00	1.425170e-02
-1.352500e+00	1.305661e-02
-1.350000e+00	1.226266e-02
-1.347500e+00	1.197085e-02
-1.345000e+00	1.219715e-02
-1.342500e+00	1.296544e-02
-1.340000e+00	1.434393e-02
-1.337500e+00	1.645211e-02
-1.335000e+00	1.943235e-02
-1.332500e+00	2.333178e-02
-1.330000e+00	2.780049e-02
-1.327500e+00	3.168102e-02
-1.325000e+00	3.323706e-02
-1.322500e+00	3.170531e-02
-1.320000e+00	2.824506e-02
-1.317500e+00	2.460420e-02
-1.315000e+00	2.180117e-02
-1.312500e+00	2.013621e-02
-1.310000e+00	1.961964e-02
-1.307500e+00	2.023408e-02
-1.305000e+00	2.201688e-02
-1.302500e+00	2.501655e-02
-1.300000e+00	2.908407e-02
-1.297500e+00	3.344118e-02
-1.295000e+00	3.638009e-02
-1.292500e+00	3.618202e-02
-1.290000e+00	3.295542e-02
-1.287500e+00	2.850147e-02
-1.285000e+00	2.445089e-02
-1.282500e+00	2.149990e-02
-1.280000e+00	1.976194e-02
-1.277500e+00	1.917707e-02
-1.275000e+00	1.968622e-02
-1.272500e+00	2.122235e-02
-1.270000e+00	2.353436e-02
-1.267500e+00	2.586918e-02
-1.265000e+00	2.692018e-02
-1.262500e+00	2.574795e-02
-1.260000e+00	2.282897e-02
-1.257500e+00	1.944049e-02
-1.255000e+00	1.647387e-02
-1.252500e+00	1.421139e-02
-1.250000e+00	1.262435e-02
-1.247500e+00	1.160556e-02
-1.245000e+00	1.106305e-02
-1.242500e+00	1.094549e-02
-1.240000e+00	1.124590e-02
-1.237500e+00	1.200016e-02
-1.235000e+00	1.327963e-02
-1.232500e+00	1.515915e-02
-1.230000e+00	1.761399e-02
-1.227500e+00	2.029453e-02
-1.225000e+00	2.232215e-02
-1.222500e+00	2.268891e-02
-1.220000e+00	2.130637e-02
-1.217500e+00	1.913938e-02
-1.215000e+00	1.718709e-02
-1.212500e+00	1.593818e-02
-1.210000e+00	1.552822e-02
-1.207500e+00	1.597950e-02
-1.205000e+00	1.729181e-02
-1.202500e+00	1.937542e-02
-1.200000e+00	2.182057e-02
-1.197500e+00	2.366341e-02
-1.195000e+00	2.376775e-02
-1.192500e+00	2.194336e-02
-1.190000e+00	1.915896e-02
-1.187500e+00	1.645994e-02
-1.185000e+00	1.433423e-02
-1.182500e+00	1.285821e-02
-1.180000e+00	1.196127e-02
-1.177500e+00	1.156133e-02
-1.175000e+00	1.160990e-02
-1.172500e+00	1.210321e-02
-1.170000e+00	1.308552e-02
-1.167500e+00	1.465111e-02
-1.165000e+00	1.693808e-02
-1.162500e+00	2.008491e-02
-1.160000e+00	2.407941e-02
-1.157500e+00	2.841802e-02
-1.155000e+00	3.177620e-02
-1.152500e+00	3.257597e-02
-1.150000e+00	3.060989e-02
-1.147500e+00	2.734278e-02
-1.145000e+00	2.435283e-02
-1.142500e+00	2.243046e-02
-1.140000e+00	2.179196e-02
-1.137500e+00	2.243278e-02
-1.135000e+00	2.421560e-02
-1.132500e+00	2.668102e-02
-1.130000e+00	2.877281e-02
-1.127500e+00	2.915919e-02
-1.125000e+00	2.746752e-02
-1.122500e+00	2.471859e-02
-1.120000e+00	2.217528e-02
-1.117500e+00	2.051870e-02
-1.115000e+00	1.996075e-02
-1.112500e+00	2.054605e-02
-1.110000e+00	2.227638e-02
-1.107500e+00	2.502033e-02
-1.105000e+00	2.820375e-02
-1.102500e+00	3.052311e-02
-1.100000e+00	3.052018e-02
-1.097500e+00	2.805560e-02
-1.095000e+00	2.446266e-02
-1.092500e+00	2.109908e-02
-1.090000e+00	1.859082e-02
-1.087500e+00	1.705807e-02
-1.085000e+00	1.645853e-02
-1.082500e+00	1.675246e-02
-1.080000e+00	1.792899e-02
-1.077500e+00	1.991934e-02
-1.075000e+00	2.236524e-02
-1.072500e+00	2.434425e-02
-1.070000e+00	2.463434e-02
-1.067500e+00	2.284403e-02
-1.065000e+00	1.986803e-02
-1.062500e+00	1.684550e-02
-1.060000e+00	1.436230e-02
-1.057500e+00	1.253271e-02
-1.055000e+00	1.128499e-02
-1.052500e+00	1.052048e-02
-1.050000e+00	1.016773e-02
-1.047500e+00	1.019297e-02
-1.045000e+00	1.059438e-02
-1.042500e+00	1.138005e-02
-1.040000e+00	1.250832e-02
-1.037500e+00	1.377103e-02
-1.035000e+00	1.471430e-02
-1.032500e+00	1.488809e-02
-1.030000e+00	1.433831e-02
-1.027500e+00	1.356667e-02
-1.025000e+00	1.303389e-02
-1.022500e+00	1.296161e-02
-1.020000e+00	1.343284e-02
-1.017500e+00	1.450970e-02
-1.015000e+00	1.629444e-02
-1.012500e+00	1.895171e-02
-1.010000e+00	2.269343e-02
-1.007500e+00	2.767456e-02
-1.005000e+00	3.367729e-02
-1.002500e+00	3.953218e-02
-1.000000e+00	4.292144e-02
-9.975000e-01	4.195172e-02
-9.950000e-01	3.731417e-02
-9.925000e-01	3.143839e-02
-9.900000e-01	2.616306e-02
-9.875000e-01	2.213754e-02
-9.850000e-01	1.936128e-02
-9.825000e-01	1.765518e-02
-9.800000e-01	1.686137e-02
-9.775000e-01	1.690046e-02
-9.750000e-01	1.777890e-02
-9.725000e-01	1.957364e-02
-9.700000e-01	2.237188e-02
-9.675000e-01	2.609091e-02
-9.650000e-01	3.010045e-02
-9.625000e-01	3.291478e-02
-9.600000e-01	3.291823e-02
-9.575000e-01	3.005315e-02
-9.550000e-01	2.588725e-02
-9.525000e-01	2.193771e-02
-9.500000e-01	1.886740e-02
-9.475000e-01	1.676561e-02
-9.450000e-01	1.553310e-02
-9.425000e-01	1.506943e-02
-9.400000e-01	1.533307e-02
-9.375000e-01	1.634964e-02
-9.350000e-01	1.818731e-02
-9.325000e-01	2.086560e-02
-9.300000e-01	2.412295e-02
-9.275000e-01	2.707184e-02
-9.250000e-01	2.828549e-02
-9.225000e-01	2.697875e-02
-9.200000e-01	2.394622e-02
-9.175000e-01	2.061442e-02
-9.150000e-01	1.786718e-02
-9.125000e-01	1.596543e-02
-9.100000e-01	1.489245e-02
-9.075000e-01	1.458395e-02
-9.050000e-01	1.501203e-02
-9.025000e-01	1.618663e-02
-9.000000e-01	1.808247e-02
-8.975000e-01	2.044849e-02
-8.950000e-01	2.254577e-02
-8.925000e-01	2.327136e-02
-8.900000e-01	2.211105e-02
-8.875000e-01	1.975462e-02
-8.850000e-01	1.728279e-02
-8.825000e-01	1.532966e-02
-8.800000e-01	1.407597e-02
-8.775000e-01	1.351354e-02
-8.750000e-01	1.360625e-02
-8.725000e-01	1.433195e-02
-8.700000e-01	1.563499e-02
-8.675000e-01	1.728141e-02
-8.650000e-01	1.868855e-02
-8.625000e-01	1.909928e-02
-8.600000e-01	1.829212e-02
-8.575000e-01	1.685078e-02
-8.550000e-01	1.550725e-02
-8.525000e-01	1.465541e-02
-8.500000e-01	1.441178e-02
-8.475000e-01	1.479968e-02
-8.450000e-01	1.585632e-02
-8.425000e-01	1.767758e-02
-8.400000e-01	2.043547e-02
-8.375000e-01	2.437030e-02
-8.350000e-01	2.971124e-02
-8.325000e-01	3.640214e-02
-8.300000e-01	4.349853e-02
-8.275000e-01	4.863018e-02
-8.250000e-01	4.909321e-02
-8.225000e-01	4.464697e-02
-8.200000e-01	3.781882e-02
-8.175000e-01	3.116542e-02
-8.150000e-01	2.583297e-02
-8.125000e-01	2.197765e-02
-8.100000e-01	1.941073e-02
-8.075000e-01	1.791700e-02
-8.050000e-01	1.735257e-02
-8.025000e-01	1.764948e-02
-8.000000e-01	1.876368e-02
-7.975000e-01	2.053726e-02
-7.950000e-01	2.246149e-02
-7.925000e-01	2.360302e-02
-7.900000e-01	2.323403e-02
-7.875000e-01	2.166879e-02
-7.850000e-01	1.990652e-02
-7.825000e-01	1.871734e-02
-7.800000e-01	1.839389e-02
-7.775000e-01	1.887813e-02
-7.750000e-01	1.977043e-02
-7.725000e-01	2.030333e-02
-7.700000e-01	1.976539e-02
-7.675000e-01	1.821811e-02
-7.650000e-01	1.637262e-02
-7.625000e-01	1.484963e-02
-7.600000e-01	1.391419e-02
-7.575000e-01	1.362527e-02
-7.550000e-01	1.398918e-02
-7.525000e-01	1.500646e-02
-7.500000e-01	1.661280e-02
-7.475000e-01	1.850417e-02
-7.450000e-01	1.996469e-02
-7.425000e-01	2.015924e-02
-7.400000e-01	1.896656e-02
-7.375000e-01	1.712378e-02
-7.350000e-01	1.541932e-02
-7.325000e-01	1.423182e-02
-7.300000e-01	1.364507e-02
-7.275000e-01	1.364782e-02
-7.250000e-01	1.423915e-02
-7.225000e-01	1.546884e-02
-7.200000e-01	1.745290e-02
-7.175000e-01	2.037485e-02
-7.150000e-01	2.444937e-02
-7.125000e-01	2.976968e-02
-7.100000e-01	3.590336e-02
-7.075000e-01	4.129947e-02
-7.050000e-01	4.348397e-02
-7.025000e-01	4.115709e-02
-7.000000e-01	3.575949e-02
-6.975000e-01	2.975481e-02
-6.950000e-01	2.462132e-02
-6.925000e-01	2.074723e-02
-6.900000e-01	1.802723e-02
-6.875000e-01	1.624935e-02
-6.850000e-01	1.523766e-02
-6.825000e-01	1.488615e-02
-6.800000e-01	1.516039e-02
-6.775000e-01	1.609382e-02
-6.750000e-01	1.778096e-02
-6.725000e-01	2.034903e-02
-6.700000e-01	2.385453e-02
-6.675000e-01	2.801373e-02
-6.650000e-01	3.180815e-02
-6.625000e-01	3.361382e-02
-6.600000e-01	3.259994e-02
-6.575000e-01	2.978222e-02
-6.550000e-01	2.688516e-02
-6.525000e-01	2.499018e-02
-6.500000e-01	2.441020e-02
-6.475000e-01	2.493656e-02
-6.450000e-01	2.584637e-02
-6.425000e-01	2.598477e-02
-6.400000e-01	2.456195e-02
-6.375000e-01	2.196123e-02
-6.350000e-01	1.918740e-02
-6.325000e-01	1.693039e-02
-6.300000e-01	1.541626e-02
-6.275000e-01	1.465006e-02
-6.250000e-01	1.459314e-02
-6.225000e-01	1.521301e-02
-6.200000e-01	1.642981e-02
-6.175000e-01	1.795749e-02
-6.150000e-01	1.914459e-02
-6.125000e-01	1.922827e-02
-6.100000e-01	1.808281e-02
-6.075000e-01	1.636391e-02
-6.050000e-01	1.478530e-02
-6.025000e-01	1.369551e-02
-6.000000e-01	1.317820e-02
-5.975000e-01	1.323329e-02
-5.950000e-01	1.387134e-02
-5.925000e-01	1.514108e-02
-5.900000e-01	1.710969e-02
-5.875000e-01	1.976835e-02
-5.850000e-01	2.280897e-02
-5.825000e-01	2.537481e-02
-5.800000e-01	2.635663e-02
-5.775000e-01	2.549007e-02
-5.750000e-01	2.372959e-02
-5.725000e-01	2.223423e-02
-5.700000e-01	2.165760e-02
-5.675000e-01	2.225979e-02
-5.650000e-01	2.418085e-02
-5.625000e-01	2.755279e-02
-5.600000e-01	3.239569e-02
-5.575000e-01	3.821904e-02
-5.550000e-01	4.341971e-02
-5.525000e-01	4.547288e-02
-5.500000e-01	4.304896e-02
-5.475000e-01	3.760266e-02
-5.450000e-01	3.163950e-02
-5.425000e-01	2.667925e-02
-5.400000e-01	2.314000e-02
-5.375000e-01	2.091569e-02
-5.350000e-01	1.969945e-02
-5.325000e-01	1.902554e-02
-5.300000e-01	1.832541e-02
-5.275000e-01	1.726984e-02
-5.250000e-01	1.603419e-02
-5.225000e-01	1.501393e-02
-5.200000e-01	1.447732e-02
-5.175000e-01	1.454067e-02
-5.150000e-01	1.526482e-02
-5.125000e-01	1.669730e-02
-5.100000e-01	1.881064e-02
-5.075000e-01	2.130186e-02
-5.050000e-01	2.335427e-02
-5.025000e-01	2.389472e-02
-5.000000e-01	2.261728e-02
-4.975000e-01	2.036660e-02
-4.950000e-01	1.819295e-02
-4.925000e-01	1.665699e-02
-4.900000e-01	1.591659e-02
-4.875000e-01	1.598162e-02
-4.850000e-01	1.683578e-02
-4.825000e-01	1.841338e-02
-4.800000e-01	2.043874e-02
-4.775000e-01	2.222462e-02
-4.750000e-01	2.287334e-02
-4.725000e-01	2.212343e-02
-4.700000e-01	2.068888e-02
-4.675000e-01	1.948491e-02
-4.650000e-01	1.904260e-02
-4.625000e-01	1.957936e-02
-4.600000e-01	2.121075e-02
-4.575000e-01	2.402790e-02
-4.550000e-01	2.798165e-02
-4.525000e-01	3.251809e-02
-4.500000e-01	3.615539e-02
-4.475000e-01	3.696894e-02
-4.450000e-01	3.443360e-02
-4.425000e-01	3.006434e-02
-4.400000e-01	2.570051e-02
-4.375000e-01	2.228191e-02
-4.350000e-01	2.001588e-02
-4.325000e-01	1.883725e-02
-4.300000e-01	1.865783e-02
-4.275000e-01	1.943975e-02
-4.250000e-01	2.116350e-02
-4.225000e-01	2.368310e-02
-4.200000e-01	2.646423e-02
-4.175000e-01	2.850423e-02
-4.150000e-01	2.904472e-02
-4.125000e-01	2.850845e-02
-4.100000e-01	2.804956e-02
-4.075000e-01	2.837905e-02
-4.050000e-01	2.923381e-02
-4.025000e-01	2.948307e-02
-4.000000e-01	2.803454e-02
-3.975000e-01	2.502846e-02
-3.950000e-01	2.156710e-02
-3.925000e-01	1.854967e-02
-3.900000e-01	1.630357e-02
-3.875000e-01	1.483097e-02
-3.850000e-01	1.404542e-02
-3.825000e-01	1.386445e-02
-3.800000e-01	1.420275e-02
-3.775000e-01	1.489253e-02
-3.750000e-01	1.558421e-02
-3.725000e-01	1.584032e-02
-3.700000e-01	1.553493e-02
-3.675000e-01	1.501053e-02
-3.650000e-01	1.471054e-02
-3.625000e-01	1.490615e-02
-3.600000e-01	1.573509e-02
-3.575000e-01	1.731122e-02
-3.550000e-01	1.978161e-02
-3.525000e-01	2.331035e-02
-3.500000e-01	2.793764e-02
-3.475000e-01	3.321285e-02
-3.450000e-01	3.771907e-02
-3.425000e-01	3.941770e-02
-3.400000e-01	3.752938e-02
-3.375000e-01	3.352801e-02
-3.350000e-01	2.948191e-02
-3.325000e-01	2.657569e-02
-3.300000e-01	2.517411e-02
-3.275000e-01	2.529526e-02
-3.250000e-01	2.680742e-02
-3.225000e-01	2.928214e-02
-3.200000e-01	3.164943e-02
-3.175000e-01	3.230691e-02
-3.150000e-01	3.039116e-02
-3.125000e-01	2.673913e-02
-3.100000e-01	2.283901e-02
-3.075000e-01	1.959119e-02
-3.050000e-01	1.723802e-02
-3.025000e-01	1.572963e-02
-3.000000e-01	1.496291e-02
-2.975000e-01	1.486782e-02
-2.950000e-01	1.541444e-02
-2.925000e-01	1.656344e-02
-2.900000e-01	1.813798e-02
-2.875000e-01	1.965036e-02
-2.850000e-01	2.038669e-02
-2.825000e-01	2.003785e-02
-2.800000e-01	1.910212e-02
-2.775000e-01	1.835041e-02
-2.750000e-01	1.828129e-02
-2.725000e-01	1.911093e-02
-2.700000e-01	2.089994e-02
-2.675000e-01	2.351476e-02
-2.650000e-01	2.638481e-02
-2.625000e-01	2.837304e-02
-2.600000e-01	2.848091e-02
-2.575000e-01	2.697760e-02
-2.550000e-01	2.511230e-02
-2.525000e-01	2.390709e-02
-2.500000e-01	2.370541e-02
-2.475000e-01	2.427851e-02
-2.450000e-01	2.499306e-02
-2.425000e-01	2.527844e-02
-2.400000e-01	2.526305e-02
-2.375000e-01	2.562579e-02
-2.350000e-01	2.684905e-02
-2.325000e-01	2.874160e-02
-2.300000e-01	3.030642e-02
-2.275000e-01	3.027079e-02
-2.250000e-01	2.837523e-02
-2.225000e-01	2.567599e-02
-2.200000e-01	2.337339e-02
-2.175000e-01	2.207728e-02
-2.150000e-01	2.190870e-02
-2.125000e-01	2.266378e-02
-2.100000e-01	2.374563e-02
-2.075000e-01	2.417959e-02
-2.050000e-01	2.326792e-02
-2.025000e-01	2.132596e-02
-2.000000e-01	1.924840e-02
-1.975000e-01	1.765964e-02
-1.950000e-01	1.671642e-02
-1.925000e-01	1.625935e-02
-1.900000e-01	1.598854e-02
-1.875000e-01	1.572239e-02
-1.850000e-01	1.557546e-02
-1.825000e-01	1.581268e-02
-1.800000e-01	1.665870e-02
-1.775000e-01	1.828614e-02
-1.750000e-01	2.086261e-02
-1.725000e-01	2.452573e-02
-1.700000e-01	2.918900e-02
-1.675000e-01	3.410788e-02
-1.650000e-01	3.755439e-02
-1.625000e-01	3.772927e-02
-1.600000e-01	3.469638e-02
-1.575000e-01	3.033407e-02
-1.550000e-01	2.639454e-02
-1.525000e-01	2.364723e-02
-1.500000e-01	2.219902e-02
-1.475000e-01	2.184495e-02
-1.450000e-01	2.211866e-02
-1.425000e-01	2.228900e-02
-1.400000e-01	2.174809e-02
-1.375000e-01	2.053800e-02
-1.350000e-01	1.911328e-02
-1.325000e-01	1.779700e-02
-1.300000e-01	1.676428e-02
-1.275000e-01	1.616453e-02
-1.250000e-01	1.606884e-02
-1.225000e-01	1.646609e-02
-1.200000e-01	1.738387e-02
-1.175000e-01	1.895654e-02
-1.150000e-01	2.129880e-02
-1.125000e-01	2.424079e-02
-1.100000e-01	2.702170e-02
-1.075000e-01	2.837775e-02
-1.050000e-01	2.760450e-02
-1.025000e-01	2.542892e-02
-1.000000e-01	2.318564e-02
-9.750000e-02	2.174878e-02
-9.500000e-02	2.142692e-02
-9.250000e-02	2.219774e-02
-9.000000e-02	2.373146e-02
-8.750000e-02	2.522381e-02
-8.500000e-02	2.556419e-02
-8.250000e-02	2.427111e-02
-8.000000e-02	2.202783e-02
-7.750000e-02	1.985322e-02
-7.500000e-02	1.829918e-02
-7.250000e-02	1.742703e-02
-7.000000e-02	1.705762e-02
-6.750000e-02	1.699291e-02
-6.500000e-02	1.708291e-02
-6.250000e-02	1.720000e-02
-6.000000e-02	1.738462e-02
-5.750000e-02	1.792138e-02
-5.500000e-02	1.910215e-02
-5.250000e-02	2.095528e-02
-5.000000e-02	2.302640e-02
-4.750000e-02	2.431369e-02
-4.500000e-02	2.390779e-02
-4.250000e-02	2.199092e-02
-4.000000e-02	1.959568e-02
-3.750000e-02	1.754996e-02
-3.500000e-02	1.611052e-02
-3.250000e-02	1.518615e-02
-3.000000e-02	1.465072e-02
-2.750000e-02	1.451072e-02
-2.500000e-02	1.480435e-02
-2.250000e-02	1.539267e-02
-2.000000e-02	1.586826e-02
-1.750000e-02	1.579031e-02
-1.500000e-02	1.512302e-02
-1.250000e-02	1.417128e-02
-1.000000e-02	1.312935e-02
-7.500000e-03	1.202928e-02
-5.000000e-03	1.094702e-02
-2.500000e-03	9.978080e-03
-6.394885e-14	9.133873e-03
2.500000e-03	8.389455e-03
5.000000e-03	7.751000e-03
7.500000e-03	7.234745e-03
1.000000e-02	6.837527e-03
1.250000e-02	6.541244e-03
1.500000e-02	6.324998e-03
1.750000e-02	6.170967e-03
2.000000e-02	6.065537e-03
2.250000e-02	5.998712e-03
2.500000e-02	5.963233e-03
2.750000e-02	5.953820e-03
3.000000e-02	5.966614e-03
3.250000e-02	5.998780e-03
3.500000e-02	6.048234e-03
3.750000e-02	6.113452e-03
4.000000e-02	6.193331e-03
4.250000e-02	6.287102e-03
4.500000e-02	6.394257e-03
4.750000e-02	6.514504e-03
5.000000e-02	6.647728e-03
5.250000e-02	6.793972e-03
5.500000e-02	6.953417e-03
5.750000e-02	7.126369e-03
6.000000e-02	7.313254e-03
6.250000e-02	7.514615e-03
6.500000e-02	7.731109e-03
6.750000e-02	7.963511e-03
7.000000e-02	8.212718e-03
7.250000e-02	8.479757e-03
7.500000e-02	8.765792e-03
7.750000e-02	9.072136e-03
8.000000e-02	9.400269e-03
8.250000e-02	9.751849e-03
8.500000e-02	1.012874e-02
8.750000e-02	1.053302e-02
9.000000e-02	1.096704e-02
9.250000e-02	1.143343e-02
9.500000e-02	1.193513e-02
9.750000e-02	1.247547e-02
1.000000e-01	1.305821e-02
1.025000e-01	1.368758e-02
1.050000e-01	1.436839e-02
1.075000e-01	1.510611e-02
1.100000e-01	1.590695e-02
1.125000e-01	1.677804e-02
1.150000e-01	1.772753e-02
1.175000e-01	1.876481e-02
1.200000e-01	1.990076e-02
1.225000e-01	2.114794e-02
1.250000e-01	2.252105e-02
1.275000e-01	2.403725e-02
1.300000e-01	2.571675e-02
1.325000e-01	2.758341e-02
1.350000e-01	2.966563e-02
1.375000e-01	3.199734e-02
1.400000e-01	3.461939e-02
1.425000e-01	3.758124e-02
1.450000e-01	4.094324e-02
1.475000e-01	4.477958e-02
1.500000e-01	4.918222e-02
1.525000e-01	5.426615e-02
1.550000e-01	6.017653e-02
1.575000e-01	6.709848e-02
1.600000e-01	7.527066e-02
1.625000e-01	8.500438e-02
1.650000e-01	9.671076e-02
1.675000e-01	1.109400e-01
1.700000e-01	1.284385e-01
1.725000e-01	1.502333e-01
1.750000e-01	1.777564e-01
1.775000e-01	2.130287e-01
1.800000e-01	2.589229e-01
1.825000e-01	3.195146e-01
1.850000e-01	4.004528e-01
1.875000e-01	5.090120e-01
1.900000e-01	6.526865e-01
1.925000e-01	8.334080e-01
1.950000e-01	1.033103e+00
1.975000e-01	1.195631e+00
2.000000e-01	1.241952e+00
2.025000e-01	1.143662e+00
2.050000e-01	9.578863e-01
2.075000e-01	7.610949e-01
2.100000e-01	5.937791e-01
2.125000e-01	4.641251e-01
2.150000e-01	3.669451e-01
2.175000e-01	2.944760e-01
2.200000e-01	2.400122e-01
2.225000e-01	1.985367e-01
2.250000e-01	1.664750e-01
2.275000e-01	1.413134e-01
2.300000e-01	1.212802e-01
2.325000e-01	1.051146e-01
2.350000e-01	9.190792e-02
2.375000e-01	8.099626e-02
2.400000e-01	7.188763e-02
2.425000e-01	6.421253e-02
2.450000e-01	5.768983e-02
2.475000e-01	5.210303e-02
2.500000e-01	4.728350e-02
2.525000e-01	4.309847e-02
2.550000e-01	3.944237e-02
2.575000e-01	3.623051e-02
2.600000e-01	3.339432e-02
2.625000e-01	3.087786e-02
2.650000e-01	2.863515e-02
2.675000e-01	2.662814e-02
2.700000e-01	2.482510e-02
2.725000e-01	2.319945e-02
2.750000e-01	2.172878e-02
2.775000e-01	2.039408e-02
2.800000e-01	1.917916e-02
2.825000e-01	1.807016e-02
2.850000e-01	1.705516e-02
2.875000e-01	1.612386e-02
2.900000e-01	1.526733e-02
2.925000e-01	1.447779e-02
2.950000e-01	1.374846e-02
2.975000e-01	1.307337e-02
3.000000e-01	1.244729e-02
3.025000e-01	1.186559e-02
3.050000e-01	1.132418e-02
3.075000e-01	1.081943e-02
3.100000e-01	1.034810e-02
3.125000e-01	9.907311e-03
3.150000e-01	9.494481e-03
3.175000e-01	9.107294e-03
3.200000e-01	8.743671e-03
3.225000e-01	8.401737e-03
3.250000e-01	8.079801e-03
3.275000e-01	7.776333e-03
3.300000e-01	7.489946e-03
3.325000e-01	7.219381e-03
3.350000e-01	6.963492e-03
3.375000e-01	6.721237e-03
3.400000e-01	6.491662e-03
3.425000e-01	6.273896e-03
3.450000e-01	6.067143e-03
3.475000e-01	5.870670e-03
3.500000e-01	5.683806e-03
3.525000e-01	5.505934e-03
3.550000e-01	5.336484e-03
3.575000e-01	5.174932e-03
3.600000e-01	5.020794e-03
3.625000e-01	4.873622e-03
3.650000e-01	4.733000e-03
3.675000e-01	4.598546e-03
3.700000e-01	4.469902e-03
3.725000e-01	4.346738e-03
3.750000e-01	4.228746e-03
3.775000e-01	4.115639e-03
3.800000e-01	4.007151e-03
3.825000e-01	3.903032e-03
3.850000e-01	3.803051e-03
3.875000e-01	3.706989e-03
3.900000e-01	3.614645e-03
3.925000e-01	3.525827e-03
3.950000e-01	3.440359e-03
3.975000e-01	3.358072e-03
4.000000e-01	3.278811e-03
4.025000e-01	3.202428e-03
4.050000e-01	3.128785e-03
4.075000e-01	3.057751e-03
4.100000e-01	2.989205e-03
4.125000e-01	2.923031e-03
4.150000e-01	2.859120e-03
4.175000e-01	2.797370e-03
4.200000e-01	2.737684e-03
4.225000e-01	2.679970e-03
4.250000e-01	2.624143e-03
4.275000e-01	2.570120e-03
4.300000e-01	2.517823e-03
4.325000e-01	2.467181e-03
4.350000e-01	2.418123e-03
4.375000e-01	2.370583e-03
4.400000e-01	2.324500e-03
4.425000e-01	2.279813e-03
4.450000e-01	2.236468e-03
4.475000e-01	2.194409e-03
4.500000e-01	2.153587e-03
4.525000e-01	2.113954e-03
4.550000e-01	2.075462e-03
4.575000e-01	2.038069e-03
4.600000e-01	2.001733e-03
4.625000e-01	1.966414e-03
4.650000e-01	1.932074e-03
4.675000e-01	1.898677e-03
4.700000e-01	1.866189e-03
4.725000e-01	1.834577e-03
4.750000e-01	1.803809e-03
4.775000e-01	1.773855e-03
4.800000e-01	1.744687e-03
4.825000e-01	1.716278e-03
4.850000e-01	1.688600e-03
4.875000e-01	1.661629e-03
4.900000e-01	1.635341e-03
4.925000e-01	1.609712e-03
4.950000e-01	1.584722e-03
4.975000e-01	1.560348e-03
5.000000e-01	1.536570e-03
5.025000e-01	1.513369e-03
5.050000e-01	1.490726e-03
5.075000e-01	1.468624e-03
5.100000e-01	1.447044e-03
5.125000e-01	1.425972e-03
5.150000e-01	1.405390e-03
5.175000e-01	1.385283e-03
5.200000e-01	1.365637e-03
5.225000e-01	1.346439e-03
5.250000e-01	1.327673e-03
5.275000e-01	1.309327e-03
5.300000e-01	1.291389e-03
5.325000e-01	1.273847e-03
5.350000e-01	1.256688e-03
5.375000e-01	1.239902e-03
5.400000e-01	1.223478e-03
5.425000e-01	1.207406e-03
5.450000e-01	1.191674e-03
5.475000e-01	1.176275e-03
5.500000e-01	1.161198e-03
5.525000e-01	1.146434e-03
5.550000e-01	1.131975e-03
5.575000e-01	1.117812e-03
5.600000e-01	1.103937e-03
5.625000e-01	1.090343e-03
5.650000e-01	1.077021e-03
5.675000e-01	1.063965e-03
5.700000e-01	1.051167e-03
5.725000e-01	1.038621e-03
5.750000e-01	1.026320e-03
5.775000e-01	1.014257e-03
5.800000e-01	1.002427e-03
5.825000e-01	9.908229e-04
5.850000e-01	9.794395e-04
5.875000e-01	9.682711e-04
5.900000e-01	9.573123e-04
5.925000e-01	9.465578e-04
5.950000e-01	9.360025e-04
5.975000e-01	9.256415e-04
6.000000e-01	9.154700e-04
6.025000e-01	9.054833e-04
6.050000e-01	8.956771e-04
6.075000e-01	8.860468e-04
6.100000e-01	8.765884e-04
6.125000e-01	8.672977e-04
6.150000e-01	8.581707e-04
6.175000e-01	8.492035e-04
6.200000e-01	8.403925e-04
6.225000e-01	8.317340e-04
6.250000e-01	8.232245e-04
6.275000e-01	8.148605e-04
6.300000e-01	8.066387e-04
6.325000e-01	7.985559e-04
6.350000e-01	7.906089e-04
6.375000e-01	7.827947e-04
6.400000e-01	7.751104e-04
6.425000e-01	7.675530e-04
6.450000e-01	7.601197e-04
6.475000e-01	7.528078e-04
6.500000e-01	7.456147e-04
6.525000e-01	7.385378e-04
6.550000e-01	7.315745e-04
6.575000e-01	7.247225e-04
6.600000e-01	7.179794e-04
6.625000e-01	7.113428e-04
6.650000e-01	7.048105e-04
6.675000e-01	6.983803e-04
6.700000e-01	6.920501e-04
6.725000e-01	6.858178e-04
6.750000e-01	6.796814e-04
6.775000e-01	6.736389e-04
6.800000e-01	6.676883e-04
6.825000e-01	6.618279e-04
6.850000e-01	6.560558e-04
6.875000e-01	6.503703e-04
6.900000e-01	6.447695e-04
6.925000e-01	6.392518e-04
6.950000e-01	6.338156e-04
6.975000e-01	6.284592e-04
7.000000e-01	6.231812e-04
7.025000e-01	6.179798e-04
7.050000e-01	6.128538e-04
7.075000e-01	6.078016e-04
7.100000e-01	6.028217e-04
7.125000e-01	5.979129e-04
7.150000e-01	5.930738e-04
7.175000e-01	5.883030e-04
7.200000e-01	5.835993e-04
7.225000e-01	5.789614e-04
7.250000e-01	5.743881e-04
7.275000e-01	5.698781e-04
7.300000e-01	5.654304e-04
7.325000e-01	5.610437e-04
7.350000e-01	5.567170e-04
7.375000e-01	5.524491e-04
7.400000e-01	5.482391e-04
7.425000e-01	5.440858e-04
7.450000e-01	5.399882e-04
7.475000e-01	5.359454e-04
7.500000e-01	5.319563e-04
7.525000e-01	5.280201e-04
7.550000e-01	5.241357e-04
7.575000e-01	5.203024e-04
7.600000e-01	5.165191e-04
7.625000e-01	5.127850e-04
7.650000e-01	5.090993e-04
7.675000e-01	5.054612e-04
7.700000e-01	5.018698e-04
7.725000e-01	4.983243e-04
7.750000e-01	4.948239e-04
7.775000e-01	4.913680e-04
7.800000e-01	4.879556e-04
7.825000e-01	4.845862e-04
7.850000e-01	4.812590e-04
7.875000e-01	4.779733e-04
7.900000e-01	4.747284e-04
7.925000e-01	4.715236e-04
7.950000e-01	4.683583e-04
7.975000e-01	4.652319e-04
8.000000e-01	4.621436e-04
8.025000e-01	4.590930e-04
8.050000e-01	4.560793e-04
8.075000e-01	4.531020e-04
8.100000e-01	4.501606e-04
8.125000e-01	4.472543e-04
8.150000e-01	4.443828e-04
8.175000e-01	4.415454e-04
8.200000e-01	4.387416e-04
8.225000e-01	4.359709e-04
8.250000e-01	4.332328e-04
8.275000e-01	4.305267e-04
8.300000e-01	4.278521e-04
8.325000e-01	4.252087e-04
8.350000e-01	4.225959e-04
8.375000e-01	4.200132e-04
8.400000e-01	4.174602e-04
8.425000e-01	4.149364e-04
8.450000e-01	4.124414e-04
8.475000e-01	4.099748e-04
8.500000e-01	4.075361e-04
8.525000e-01	4.051250e-04
8.550000e-01	4.027410e-04
8.575000e-01	4.003837e-04
8.600000e-01	3.980527e-04
8.625000e-01	3.957477e-04
8.650000e-01	3.934682e-04
8.675000e-01	3.912139e-04
8.700000e-01	3.889845e-04
8.725000e-01	3.867795e-04
8.750000e-01	3.845986e-04
8.775000e-01	3.824416e-04
8.800000e-01	3.803079e-04
8.825000e-01	3.781974e-04
8.850000e-01	3.761097e-04
8.875000e-01	3.740444e-04
8.900000e-01	3.720012e-04
8.925000e-01	3.699800e-04
8.950000e-01	3.679802e-04
8.975000e-01	3.660017e-04
9.000000e-01	3.640441e-04
9.025000e-01	3.621072e-04
9.050000e-01	3.601907e-04
9.075000e-01	3.582942e-04
9.100000e-01	3.564176e-04
9.125000e-01	3.545606e-04
9.150000e-01	3.527228e-04
9.175000e-01	3.509041e-04
9.200000e-01	3.491041e-04
9.225000e-01	3.473227e-04
9.250000e-01	3.455596e-04
9.275000e-01	3.438145e-04
9.300000e-01	3.420873e-04
9.325000e-01	3.403776e-04
9.350000e-01	3.386852e-04
9.375000e-01	3.370100e-04
9.400000e-01	3.353517e-04
9.425000e-01	3.337100e-04
9.450000e-01	3.320848e-04
9.475000e-01	3.304759e-04
9.500000e-01	3.288830e-04
9.525000e-01	3.273060e-04
9.550000e-01	3.257446e-04
9.575000e-01	3.241986e-04
9.600000e-01	3.226679e-04
9.625000e-01	3.211523e-04
9.650000e-01	3.196515e-04
9.675000e-01	3.181654e-04
9.700000e-01	3.166938e-04
9.725000e-01	3.152366e-04
9.750000e-01	3.137935e-04
9.775000e-01	3.123643e-04
9.800000e-01	3.109490e-04
9.825000e-01	3.095473e-04
9.850000e-01	3.081591e-04
9.875000e-01	3.067842e-04
9.900000e-01	3.054224e-04
9.925000e-01	3.040736e-04
9.950000e-01	3.027377e-04
9.975000e-01	3.014144e-04
1.000000e+00	3.001037e-04
1.002500e+00	2.988054e-04
1.005000e+00	2.975193e-04
1.007500e+00	2.962453e-04
1.010000e+00	2.949833e-04
1.012500e+00	2.937330e-04
1.015000e+00	2.924945e-04
1.017500e+00	2.912675e-04
1.020000e+00	2.900519e-04
1.022500e+00	2.888476e-04
1.025000e+00	2.876544e-04
1.027500e+00	2.864723e-04
1.030000e+00	2.853011e-04
1.032500e+00	2.841406e-04
1.035000e+00	2.829908e-04
1.037500e+00	2.818515e-04
1.040000e+00	2.807227e-04
1.042500e+00	2.796041e-04
1.045000e+00	2.784958e-04
1.047500e+00	2.773975e-04
1.050000e+00	2.763092e-04
1.052500e+00	2.752307e-04
1.055000e+00	2.741620e-04
1.057500e+00	2.731029e-04
1.060000e+00	2.720534e-04
1.062500e+00	2.710133e-04
1.065000e+00	2.699825e-04
1.067500e+00	2.689609e-04
1.070000e+00	2.679485e-04
1.072500e+00	2.669452e-04
1.075000e+00	2.659507e-04
1.077500e+00	2.649651e-04
1.080000e+00	2.639883e-04
1.082500e+00	2.630201e-04
1.085000e+00	2.620605e-04
1.087500e+00	2.611094e-04
1.090000e+00	2.601666e-04
1.092500e+00	2.592322e-04
1.095000e+00	2.583060e-04
1.097500e+00	2.573879e-04
1.100000e+00	2.564779e-04
1.102500e+00	2.555759e-04
1.105000e+00	2.546817e-04
1.107500e+00	2.537954e-04
1.110000e+00	2.529167e-04
1.112500e+00	2.520458e-04
1.115000e+00	2.511824e-04
1.117500e+00	2.503265e-04
1.120000e+00	2.494781e-04
1.122500e+00	2.486370e-04
1.125000e+00	2.478032e-04
1.127500e+00	2.469766e-04
1.130000e+00	2.461571e-04
1.132500e+00	2.453447e-04
1.135000e+00	2.445393e-04
1.137500e+00	2.437409e-04
1.140000e+00	2.429493e-04
1.142500e+00	2.421645e-04
1.145000e+00	2.413865e-04
1.147500e+00	2.406151e-04
1.150000e+00	2.398504e-04
1.152500e+00	2.390922e-04
1.155000e+00	2.383405e-04
1.157500e+00	2.375952e-04
1.160000e+00	2.368563e-04
1.162500e+00	2.361237e-04
1.165000e+00	2.353974e-04
1.167500e+00	2.346772e-04
1.170000e+00	2.339632e-04
1.172500e+00	2.332553e-04
1.175000e+00	2.325534e-04
1.177500e+00	2.318574e-04
1.180000e+00	2.311674e-04
1.182500e+00	2.304833e-04
1.185000e+00	2.298049e-04
1.187500e+00	2.291324e-04
1.190000e+00	2.284655e-04
1.192500e+00	2.278043e-04
1.195000e+00	2.271487e-04
1.197500e+00	2.264987e-04
1.200000e+00	2.258542e-04
1.202500e+00	2.252152e-04
1.205000e+00	2.245816e-04
1.207500e+00	2.239533e-04
1.210000e+00	2.233304e-04
1.212500e+00	2.227128e-04
1.215000e+00	2.221004e-04
1.217500e+00	2.214932e-04
1.220000e+00	2.208912e-04
1.222500e+00	2.202943e-04
1.225000e+00	2.197024e-04
1.227500e+00	2.191156e-04
1.230000e+00	2.185338e-04
1.232500e+00	2.179569e-04
1.235000e+00	2.173849e-04
1.237500e+00	2.168177e-04
1.240000e+00	2.162554e-04
1.242500e+00	2.156979e-04
1.245000e+00	2.151452e-04
1.247500e+00	2.145971e-04
1.250000e+00	2.140537e-04
1.252500e+00	2.135150e-04
1.255000e+00	2.129809e-04
1.257500e+00	2.124513e-04
1.260000e+00	2.119263e-04
1.262500e+00	2.114058e-04
1.265000e+00	2.108897e-04
1.267500e+00	2.103781e-04
1.270000e+00	2.098708e-04
1.272500e+00	2.093680e-04
1.275000e+00	2.088694e-04
1.277500e+00	2.083752e-04
1.280000e+00	2.078852e-04
1.282500e+00	2.073995e-04
1.285000e+00	2.069180e-04
1.287500e+00	2.064406e-04
1.290000e+00	2.059674e-04
1.292500e+00	2.054984e-04
1.295000e+00	2.050334e-04
1.297500e+00	2.045724e-04
1.300000e+00	2.041156e-04
1.302500e+00	2.036627e-04
1.305000e+00	2.032138e-04
1.307500e+00	2.027688e-04
1.310000e+00	2.023278e-04
1.312500e+00	2.018907e-04
1.315000e+00	2.014574e-04
1.317500e+00	2.010280e-04
1.320000e+00	2.006024e-04
1.322500e+00	2.001806e-04
1.325000e+00	1.997626e-04
1.327500e+00	1.993483e-04
1.330000e+00	1.989378e-04
1.332500e+00	1.985309e-04
1.335000e+00	1.981278e-04
1.337500e+00	1.977283e-04
1.340000e+00	1.973324e-04
1.342500e+00	1.969401e-04
1.345000e+00	1.965514e-04
1.347500e+00	1.961663e-04
1.350000e+00	1.957848e-04
1.352500e+00	1.954067e-04
1.355000e+00	1.950322e-04
1.357500e+00	1.946612e-04
1.360000e+00	1.942936e-04
1.362500e+00	1.939295e-04
1.365000e+00	1.935688e-04
1.367500e+00	1.932115e-04
1.370000e+00	1.928576e-04
1.372500e+00	1.925070e-04
1.375000e+00	1.921599e-04
1.377500e+00	1.918160e-04
1.380000e+00	1.914755e-04
1.382500e+00	1.911383e-04
1.385000e+00	1.908043e-04
1.387500e+00	1.904736e-04
1.390000e+00	1.901462e-04
1.392500e+00	1.898220e-04
1.395000e+00	1.895011e-04
1.397500e+00	1.891833e-04
1.400000e+00	1.888687e-04
1.402500e+00	1.885573e-04
1.405000e+00	1.882491e-04
1.407500e+00	1.879440e-04
1.410000e+00	1.876420e-04
1.412500e+00	1.873432e-04
1.415000e+00	1.870474e-04
1.417500e+00	1.867548e-04
1.420000e+00	1.864652e-04
1.422500e+00	1.861787e-04
1.425000e+00	1.858953e-04
1.427500e+00	1.856148e-04
1.430000e+00	1.853375e-04
1.432500e+00	1.850631e-04
1.435000e+00	1.847917e-04
1.437500e+00	1.845234e-04
1.440000e+00	1.842580e-04
1.442500e+00	1.839956e-04
1.445000e+00	1.837361e-04
1.447500e+00	1.834796e-04
1.450000e+00	1.832261e-04
1.452500e+00	1.829755e-04
1.455000e+00	1.827278e-04
1.457500e+00	1.824830e-04
1.460000e+00	1.822411e-04
1.462500e+00	1.820022e-04
1.465000e+00	1.817661e-04
1.467500e+00	1.815329e-04
1.470000e+00	1.813026e-04
1.472500e+00	1.810751e-04
1.475000e+00	1.808505e-04
1.477500e+00	1.806288e-04
1.480000e+00	1.804099e-04
1.482500e+00	1.801938e-04
1.485000e+00	1.799806e-04
1.487500e+00	1.797702e-04
1.490000e+00	1.795626e-04
1.492500e+00	1.793579e-04
1.495000e+00	1.791560e-04
1.497500e+00	1.789568e-04
1.500000e+00	1.787605e-04
1.502500e+00	1.785670e-04
1.505000e+00	1.783762e-04
1.507500e+00	1.781883e-04
1.510000e+00	1.780031e-04
1.512500e+00	1.778208e-04
1.515000e+00	1.776412e-04
1.517500e+00	1.774644e-04
1.520000e+00	1.772903e-04
1.522500e+00	1.771191e-04
1.525000e+00	1.769506e-04
1.527500e+00	1.767849e-04
1.530000e+00	1.766219e-04
1.532500e+00	1.764617e-04
1.535000e+00	1.763043e-04
1.537500e+00	1.761497e-04
1.540000e+00	1.759978e-04
1.542500e+00	1.758487e-04
1.545000e+00	1.757024e-04
1.547500e+00	1.755588e-04
1.550000e+00	1.754181e-04
1.552500e+00	1.752800e-04
1.555000e+00	1.751448e-04
1.557500e+00	1.750123e-04
1.560000e+00	1.748827e-04
1.562500e+00	1.747558e-04
1.565000e+00	1.746317e-04
1.567500e+00	1.745103e-04
1.570000e+00	1.743918e-04
1.572500e+00	1.742761e-04
1.575000e+00	1.741631e-04
1.577500e+00	1.740530e-04
1.580000e+00	1.739457e-04
1.582500e+00	1.738412e-04
1.585000e+00	1.737396e-04
1.587500e+00	1.736407e-04
1.590000e+00	1.735447e-04
1.592500e+00	1.734516e-04
1.595000e+00	1.733613e-04
1.597500e+00	1.732738e-04
1.600000e+00	1.731892e-04
1.602500e+00	1.731075e-04
1.605000e+00	1.730287e-04
1.607500e+00	1.729528e-04
1.610000e+00	1.728798e-04
1.612500e+00	1.728097e-04
1.615000e+00	1.727425e-04
1.617500e+00	1.726783e-04
1.620000e+00	1.726170e-04
1.622500e+00	1.725587e-04
1.625000e+00	1.725033e-04
1.627500e+00	1.724509e-04
1.630000e+00	1.724016e-04
1.632500e+00	1.723552e-04
1.635000e+00	1.723119e-04
1.637500e+00	1.722716e-04
1.640000e+00	1.722344e-04
1.642500e+00	1.722003e-04
1.645000e+00	1.721692e-04
1.647500e+00	1.721413e-04
1.650000e+00	1.721165e-04
1.652500e+00	1.720949e-04
1.655000e+00	1.720764e-04
1.657500e+00	1.720611e-04
1.660000e+00	1.720490e-04
1.662500e+00	1.720401e-04
1.665000e+00	1.720345e-04
1.667500e+00	1.720322e-04
1.670000e+00	1.720331e-04
1.672500e+00	1.720374e-04
1.675000e+00	1.720451e-04
1.677500e+00	1.720560e-04
1.680000e+00	1.720704e-04
1.682500e+00	1.720883e-04
1.685000e+00	1.721095e-04
1.687500e+00	1.721343e-04
1.690000e+00	1.721625e-04
1.692500e+00	1.721943e-04
1.695000e+00	1.722297e-04
1.697500e+00	1.722686e-04
1.700000e+00	1.723112e-04
1.702500e+00	1.723575e-04
1.705000e+00	1.724075e-04
1.707500e+00	1.724612e-04
1.710000e+00	1.725187e-04
1.712500e+00	1.725800e-04
1.715000e+00	1.726452e-04
1.717500e+00	1.727142e-04
1.720000e+00	1.727872e-04
1.722500e+00	1.728642e-04
1.725000e+00	1.729452e-04
1.727500e+00	1.730303e-04
1.730000e+00	1.731194e-04
1.732500e+00	1.732128e-04
1.735000e+00	1.733103e-04
1.737500e+00	1.734122e-04
1.740000e+00	1.735183e-04
1.742500e+00	1.736288e-04
1.745000e+00	1.737437e-04
1.747500e+00	1.738631e-04
1.750000e+00	1.739871e-04
1.752500e+00	1.741156e-04
1.755000e+00	1.742488e-04
1.757500e+00	1.743868e-04
1.760000e+00	1.745295e-04
1.762500e+00	1.746771e-04
1.765000e+00	1.748296e-04
1.767500e+00	1.749872e-04
1.770000e+00	1.751498e-04
1.772500e+00	1.753175e-04
1.775000e+00	1.754905e-04
1.777500e+00	1.756688e-04
1.780000e+00	1.758525e-04
1.782500e+00	1.760417e-04
1.785000e+00	1.762365e-04
1.787500e+00	1.764369e-04
1.790000e+00	1.766431e-04
1.792500e+00	1.768551e-04
1.795000e+00	1.770731e-04
1.797500e+00	1.772972e-04
1.800000e+00	1.775274e-04
1.802500e+00	1.777639e-04
1.805000e+00	1.780068e-04
1.807500e+00	1.782563e-04
1.810000e+00	1.785124e-04
1.812500e+00	1.787752e-04
1.815000e+00	1.790449e-04
1.817500e+00	1.793217e-04
1.820000e+00	1.796056e-04
1.822500e+00	1.798969e-04
1.825000e+00	1.801956e-04
1.827500e+00	1.805020e-04
1.830000e+00	1.808161e-04
1.832500e+00	1.811381e-04
1.835000e+00	1.814683e-04
1.837500e+00	1.818068e-04
1.840000e+00	1.821538e-04
1.842500e+00	1.825095e-04
1.845000e+00	1.828740e-04
1.847500e+00	1.832476e-04
1.850000e+00	1.836305e-04
1.852500e+00	1.840229e-04
1.855000e+00	1.844251e-04
1.857500e+00	1.848373e-04
1.860000e+00	1.852597e-04
1.862500e+00	1.856926e-04
1.865000e+00	1.861362e-04
1.867500e+00	1.865909e-04
1.870000e+00	1.870570e-04
1.872500e+00	1.875347e-04
1.875000e+00	1.880243e-04
1.877500e+00	1.885263e-04
1.880000e+00	1.890408e-04
1.882500e+00	1.895684e-04
1.885000e+00	1.901093e-04
1.887500e+00	1.906640e-04
1.890000e+00	1.912329e-04
1.892500e+00	1.918163e-04
1.895000e+00	1.924148e-04
1.897500e+00	1.930288e-04
1.900000e+00	1.936588e-04
1.902500e+00	1.943052e-04
1.905000e+00	1.949688e-04
1.907500e+00	1.956499e-04
1.910000e+00	1.963492e-04
1.912500e+00	1.970673e-04
1.915000e+00	1.978049e-04
1.917500e+00	1.985626e-04
1.920000e+00	1.993412e-04
1.922500e+00	2.001414e-04
1.925000e+00	2.009640e-04
1.927500e+00	2.018099e-04
1.930000e+00	2.026799e-04
1.932500e+00	2.035749e-04
1.935000e+00	2.044961e-04
1.937500e+00	2.054443e-04
1.940000e+00	2.064207e-04
1.942500e+00	2.074265e-04
1.945000e+00	2.084629e-04
1.947500e+00	2.095313e-04
1.950000e+00	2.106330e-04
1.952500e+00	2.117694e-04
1.955000e+00	2.129423e-04
1.957500e+00	2.141532e-04
1.960000e+00	2.154040e-04
1.962500e+00	2.166965e-04
1.965000e+00	2.180329e-04
1.967500e+00	2.194152e-04
1.970000e+00	2.208459e-04
1.972500e+00	2.223275e-04
1.975000e+00	2.238626e-04
1.977500e+00	2.254542e-04
1.980000e+00	2.271054e-04
1.982500e+00	2.288195e-04
1.985000e+00	2.306002e-04
1.987500e+00	2.324515e-04
1.990000e+00	2.343776e-04
1.992500e+00	2.363832e-04
1.995000e+00	2.384732e-04
1.997500e+00	2.406533e-04
2.000000e+00	2.429294e-04
2.002500e+00	2.453081e-04
2.005000e+00	2.477965e-04
2.007500e+00	2.504027e-04
2.010000e+00	2.531354e-04
2.012500e+00	2.560041e-04
2.015000e+00	2.590196e-04
2.017500e+00	2.621938e-04
2.020000e+00	2.655398e-04
2.022500e+00	2.690725e-04
2.025000e+00	2.728083e-04
2.027500e+00	2.767661e-04
2.030000e+00	2.809667e-04
2.032500e+00	2.854341e-04
2.035000e+00	2.901955e-04
2.037500e+00	2.952819e-04
2.040000e+00	3.007292e-04
2.042500e+00	3.065785e-04
2.045000e+00	3.128779e-04
2.047500e+00	3.196835e-04
2.050000e+00	3.270611e-04
2.052500e+00	3.350889e-04
2.055000e+00	3.438602e-04
2.057500e+00	3.534869e-04
2.060000e+00	3.641052e-04
2.062500e+00	3.758818e-04
2.065000e+00	3.890229e-04
2.067500e+00	4.037871e-04
2.070000e+00	4.205017e-04
2.072500e+00	4.395871e-04
2.075000e+00	4.615911e-04
2.077500e+00	4.872371e-04
2.080000e+00	5.174954e-04
2.082500e+00	5.536847e-04
2.085000e+00	5.976147e-04
2.087500e+00	6.517702e-04
2.090000e+00	7.194976e-04
2.092500e+00	8.050171e-04
2.095000e+00	9.127772e-04
2.097500e+00	1.045321e-03
2.100000e+00	1.199678e-03
2.102500e+00	1.365582e-03
2.105000e+00	1.529755e-03
2.107500e+00	1.683590e-03
2.110000e+00	1.824145e-03
2.112500e+00	1.948144e-03
2.115000e+00	2.055897e-03
2.117500e+00	2.157227e-03
2.120000e+00	2.256793e-03
2.122500e+00	2.345885e-03
2.125000e+00	2.413983e-03
2.127500e+00	2.469191e-03
2.130000e+00	2.537851e-03
2.132500e+00	2.623685e-03
2.135000e+00	2.697802e-03
2.137500e+00	2.746606e-03
2.140000e+00	2.784817e-03
2.142500e+00	2.816156e-03
2.145000e+00	2.842761e-03
2.147500e+00	2.894786e-03
2.150000e+00	2.991340e-03
2.152500e+00	3.090824e-03
2.155000e+00	3.123490e-03
2.157500e+00	3.086321e-03
2.160000e+00	3.054772e-03
2.162500e+00	3.090992e-03
2.165000e+00	3.183604e-03
2.167500e+00	3.267446e-03
2.170000e+00	3.305631e-03
2.172500e+00	3.334842e-03
2.175000e+00	3.393018e-03
2.177500e+00	3.445163e-03
2.180000e+00	3.424535e-03
2.182500e+00	3.339645e-03
2.185000e+00	3.280165e-03
2.187500e+00	3.324002e-03
2.190000e+00	3.479678e-03
2.192500e+00	3.673133e-03
2.195000e+00	3.777718e-03
2.197500e+00	3.728454e-03
2.200000e+00	3.600851e-03
2.202500e+00	3.518684e-03
2.205000e+00	3.537923e-03
2.207500e+00	3.619698e-03
2.210000e+00	3.671585e-03
2.212500e+00	3.649860e-03
2.215000e+00	3.618110e-03
2.217500e+00	3.670193e-03
2.220000e+00	3.835415e-03
2.222500e+00	4.042154e-03
2.225000e+00	4.142702e-03
2.227500e+00	4.041980e-03
2.230000e+00	3.811275e-03
2.232500e+00	3.604146e-03
2.235000e+00	3.525904e-03
2.237500e+00	3.607845e-03
2.240000e+00	3.817997e-03
2.242500e+00	4.054640e-03
2.245000e+00	4.177876e-03
2.247500e+00	4.135242e-03
2.250000e+00	4.026783e-03
2.252500e+00	3.987779e-03
2.255000e+00	4.067516e-03
2.257500e+00	4.199122e-03
2.260000e+00	4.239738e-03
2.262500e+00	4.104436e-03
2.265000e+00	3.867347e-03
2.267500e+00	3.673011e-03
2.270000e+00	3.619274e-03
2.272500e+00	3.741752e-03
2.275000e+00	4.027567e-03
2.277500e+00	4.396867e-03
2.280000e+00	4.680239e-03
2.282500e+00	4.704431e-03
2.285000e+00	4.473457e-03
2.287500e+00	4.166115e-03
2.290000e+00	3.952533e-03
2.292500e+00	3.904653e-03
2.295000e+00	4.006481e-03
2.297500e+00	4.163480e-03
2.300000e+00	4.233564e-03
2.302500e+00	4.145419e-03
2.305000e+00	3.980734e-03
2.307500e+00	3.881120e-03
2.310000e+00	3.939435e-03
2.312500e+00	4.181728e-03
2.315000e+00	4.563475e-03
2.317500e+00	4.938418e-03
2.320000e+00	5.083475e-03
2.322500e+00	4.882580e-03
2.325000e+00	4.461369e-03
2.327500e+00	4.037724e-03
2.330000e+00	3.748718e-03
2.332500e+00	3.641176e-03
2.335000e+00	3.717964e-03
2.337500e+00	3.954180e-03
2.340000e+00	4.274656e-03
2.342500e+00	4.534681e-03
2.345000e+00	4.599352e-03
2.347500e+00	4.491783e-03
2.350000e+00	4.373784e-03
2.352500e+00	4.387003e-03
2.355000e+00	4.572352e-03
2.357500e+00	4.854597e-03
2.360000e+00	5.044674e-03
2.362500e+00	4.952546e-03
2.365000e+00	4.583749e-03
2.367500e+00	4.123441e-03
2.370000e+00	3.741240e-03
2.372500e+00	3.512740e-03
2.375000e+00	3.456858e-03
2.377500e+00	3.577995e-03
2.380000e+00	3.880679e-03
2.382500e+00	4.356636e-03
2.385000e+00	4.939137e-03
2.387500e+00	5.443431e-03
2.390000e+00	5.611512e-03
2.392500e+00	5.347458e-03
2.395000e+00	4.836489e-03
2.397500e+00	4.335116e-03
2.400000e+00	3.988654e-03
2.402500e+00	3.838320e-03
2.405000e+00	3.873100e-03
2.407500e+00	4.041486e-03
2.410000e+00	4.233742e-03
2.412500e+00	4.309328e-03
2.415000e+00	4.219387e-03
2.417500e+00	4.066045e-03
2.420000e+00	3.992288e-03
2.422500e+00	4.085722e-03
2.425000e+00	4.371084e-03
2.427500e+00	4.805955e-03
2.430000e+00	5.242087e-03
2.432500e+00	5.437007e-03
2.435000e+00	5.241383e-03
2.437500e+00	4.770142e-03
2.440000e+00	4.262118e-03
2.442500e+00	3.876264e-03
2.445000e+00	3.668306e-03
2.447500e+00	3.646057e-03
2.450000e+00	3.803295e-03
2.452500e+00	4.116148e-03
2.455000e+00	4.506374e-03
2.457500e+00	4.807516e-03
2.460000e+00	4.841073e-03
2.462500e+00	4.599747e-03
2.465000e+00	4.258723e-03
2.467500e+00	3.994714e-03
2.470000e+00	3.896581e-03
2.472500e+00	3.992153e-03
2.475000e+00	4.277781e-03
2.477500e+00	4.704759e-03
2.480000e+00	5.131959e-03
2.482500e+00	5.331720e-03
2.485000e+00	5.164458e-03
2.487500e+00	4.739254e-03
2.490000e+00	4.281746e-03
2.492500e+00	3.942533e-03
2.495000e+00	3.775545e-03
2.497500e+00	3.791015e-03
2.500000e+00	3.989693e-03
2.502500e+00	4.364164e-03
2.505000e+00	4.867371e-03
2.507500e+00	5.359412e-03
2.510000e+00	5.618342e-03
2.512500e+00	5.521488e-03
2.515000e+00	5.196132e-03
2.517500e+00	4.877078e-03
2.520000e+00	4.722244e-03
2.522500e+00	4.797204e-03
2.525000e+00	5.122507e-03
2.527500e+00	5.686147e-03
2.530000e+00	6.398796e-03
2.532500e+00	7.023346e-03
2.535000e+00	7.233412e-03
2.537500e+00	6.908917e-03
2.540000e+00	6.281972e-03
2.542500e+00	5.672353e-03
2.545000e+00	5.261804e-03
2.547500e+00	5.108262e-03
2.550000e+00	5.222264e-03
2.552500e+00	5.603717e-03
2.555000e+00	6.229063e-03
2.557500e+00	6.989013e-03
2.560000e+00	7.619532e-03
2.562500e+00	7.798614e-03
2.565000e+00	7.463650e-03
2.567500e+00	6.895458e-03
2.570000e+00	6.418223e-03
2.572500e+00	6.207444e-03
2.575000e+00	6.324210e-03
2.577500e+00	6.779519e-03
2.580000e+00	7.533078e-03
2.582500e+00	8.417603e-03
2.585000e+00	9.068382e-03
2.587500e+00	9.094960e-03
2.590000e+00	8.481675e-03
2.592500e+00	7.604272e-03
2.595000e+00	6.832136e-03
2.597500e+00	6.337749e-03
2.600000e+00	6.164264e-03
2.602500e+00	6.316261e-03
2.605000e+00	6.795668e-03
2.607500e+00	7.584306e-03
2.610000e+00	8.568978e-03
2.612500e+00	9.442090e-03
2.615000e+00	9.774662e-03
2.617500e+00	9.407421e-03
2.620000e+00	8.651867e-03
2.622500e+00	7.943311e-03
2.625000e+00	7.537517e-03
2.627500e+00	7.525458e-03
2.630000e+00	7.926640e-03
2.632500e+00	8.712531e-03
2.635000e+00	9.737314e-03
2.637500e+00	1.062956e-02
2.640000e+00	1.088481e-02
2.642500e+00	1.032011e-02
2.645000e+00	9.290841e-03
2.647500e+00	8.280897e-03
2.650000e+00	7.559906e-03
2.652500e+00	7.207592e-03
2.655000e+00	7.233093e-03
2.657500e+00	7.640020e-03
2.660000e+00	8.431864e-03
2.662500e+00	9.558635e-03
2.665000e+00	1.079753e-02
2.667500e+00	1.167220e-02
2.670000e+00	1.171406e-02
2.672500e+00	1.097042e-02
2.675000e+00	9.956809e-03
2.677500e+00	9.141624e-03
2.680000e+00	8.741841e-03
2.682500e+00	8.819857e-03
2.685000e+00	9.380595e-03
2.687500e+00	1.036951e-02
2.690000e+00	1.156857e-02
2.692500e+00	1.248714e-02
2.695000e+00	1.256595e-02
2.697500e+00	1.173354e-02
2.700000e+00	1.048795e-02
2.702500e+00	9.354548e-03
2.705000e+00	8.587335e-03
2.707500e+00	8.249702e-03
2.710000e+00	8.346033e-03
2.712500e+00	8.883616e-03
2.715000e+00	9.871818e-03
2.717500e+00	1.125589e-02
2.720000e+00	1.277224e-02
2.722500e+00	1.384635e-02
2.725000e+00	1.390118e-02
2.727500e+00	1.297895e-02
2.730000e+00	1.170018e-02
2.732500e+00	1.063621e-02
2.735000e+00	1.005053e-02
2.737500e+00	1.001550e-02
2.740000e+00	1.053850e-02
2.742500e+00	1.157833e-02
2.745000e+00	1.294535e-02
2.747500e+00	1.415046e-02
2.750000e+00	1.451418e-02
2.752500e+00	1.376910e-02
2.755000e+00	1.237618e-02
2.757500e+00	1.098884e-02
2.760000e+00	9.977260e-03
2.762500e+00	9.451237e-03
2.765000e+00	9.421838e-03
2.767500e+00	9.894415e-03
2.770000e+00	1.088727e-02
2.772500e+00	1.238337e-02
2.775000e+00	1.419150e-02
2.777500e+00	1.576542e-02
2.780000e+00	1.633058e-02
2.782500e+00	1.558764e-02
2.785000e+00	1.408548e-02
2.787500e+00	1.259951e-02
2.790000e+00	1.157709e-02
2.792500e+00	1.116252e-02
2.795000e+00	1.137849e-02
2.797500e+00	1.220841e-02
2.800000e+00	1.355020e-02
2.802500e+00	1.505712e-02
2.805000e+00	1.604044e-02
2.807500e+00	1.586022e-02
2.810000e+00	1.461169e-02
2.812500e+00	1.300147e-02
2.815000e+00	1.163674e-02
2.817500e+00	1.077507e-02
2.820000e+00	1.047151e-02
2.822500e+00	1.073036e-02
2.825000e+00	1.156343e-02
2.827500e+00	1.296721e-02
2.830000e+00	1.480586e-02
2.832500e+00	1.661153e-02
2.835000e+00	1.757325e-02
2.837500e+00	1.714951e-02
2.840000e+00	1.570809e-02
2.842500e+00	1.409666e-02
2.845000e+00	1.290999e-02
2.847500e+00	1.237562e-02
2.850000e+00	1.253935e-02
2.852500e+00	1.337310e-02
2.855000e+00	1.472758e-02
2.857500e+00	1.616579e-02
2.860000e+00	1.692824e-02
2.862500e+00	1.645603e-02
2.865000e+00	1.501569e-02
2.867500e+00	1.336587e-02
2.870000e+00	1.206110e-02
2.872500e+00	1.131149e-02
2.875000e+00	1.115747e-02
2.877500e+00	1.160645e-02
2.880000e+00	1.267048e-02
2.882500e+00	1.431257e-02
2.885000e+00	1.628341e-02
2.887500e+00	1.792753e-02
2.890000e+00	1.838223e-02
2.892500e+00	1.739408e-02
2.895000e+00	1.563562e-02
2.897500e+00	1.395394e-02
2.900000e+00	1.280891e-02
2.902500e+00	1.233955e-02
2.905000e+00	1.256686e-02
2.907500e+00	1.348453e-02
2.910000e+00	1.501801e-02
2.912500e+00	1.685346e-02
2.915000e+00	1.826259e-02
2.917500e+00	1.839227e-02
2.920000e+00	1.710738e-02
2.922500e+00	1.514825e-02
2.925000e+00	1.331609e-02
2.927500e+00	1.199958e-02
2.930000e+00	1.128855e-02
2.932500e+00	1.117521e-02
2.935000e+00	1.165327e-02
2.937500e+00	1.272962e-02
2.940000e+00	1.435708e-02
2.942500e+00	1.626687e-02
2.945000e+00	1.779939e-02
2.947500e+00	1.816452e-02
2.950000e+00	1.723613e-02
2.952500e+00	1.572833e-02
2.955000e+00	1.443728e-02
2.957500e+00	1.377933e-02
2.960000e+00	1.387644e-02
2.962500e+00	1.469296e-02
2.965000e+00	1.599966e-02
2.967500e+00	1.722448e-02
2.970000e+00	1.756047e-02
2.972500e+00	1.664691e-02
2.975000e+00	1.497834e-02
2.977500e+00	1.331289e-02
2.980000e+00	1.209509e-02
2.982500e+00	1.146270e-02
2.985000e+00	1.143421e-02
2.987500e+00	1.201953e-02
2.990000e+00	1.323978e-02
2.992500e+00	1.506044e-02
2.995000e+00	1.720990e-02
2.997500e+00	1.896724e-02
3.000000e+00	1.938432e-02
3.002500e+00	1.818259e-02
3.005000e+00	1.609271e-02
3.007500e+00	1.402570e-02
3.010000e+00	1.245895e-02
3.012500e+00	1.151075e-02
3.015000e+00	1.116844e-02
3.017500e+00	1.141551e-02
3.020000e+00	1.227185e-02
3.022500e+00	1.377979e-02
3.025000e+00	1.591911e-02
3.027500e+00	1.840199e-02
3.030000e+00	2.042870e-02
3.032500e+00	2.092031e-02
3.035000e+00	1.952930e-02
3.037500e+00	1.706093e-02
3.040000e+00	1.454802e-02
3.042500e+00	1.253101e-02
3.045000e+00	1.112832e-02
3.047500e+00	1.029405e-02
3.050000e+00	9.963583e-03
3.052500e+00	1.010523e-02
3.055000e+00	1.073179e-02
3.057500e+00	1.189281e-02
3.060000e+00	1.363545e-02
3.062500e+00	1.588955e-02
3.065000e+00	1.824514e-02
3.067500e+00	1.982980e-02
3.070000e+00	1.983902e-02
3.072500e+00	1.844287e-02
3.075000e+00	1.660730e-02
3.077500e+00	1.514939e-02
3.080000e+00	1.438807e-02
3.082500e+00	1.426659e-02
3.085000e+00	1.443804e-02
3.087500e+00	1.436303e-02
3.090000e+00	1.370032e-02
3.092500e+00	1.264668e-02
3.095000e+00	1.165943e-02
3.097500e+00	1.105429e-02
3.100000e+00	1.096009e-02
3.102500e+00	1.143032e-02
3.105000e+00	1.251359e-02
3.107500e+00	1.424315e-02
3.110000e+00	1.651963e-02
3.112500e+00	1.886982e-02
3.115000e+00	2.032174e-02
3.117500e+00	1.999659e-02
3.120000e+00	1.807659e-02
3.122500e+00	1.557490e-02
3.125000e+00	1.332266e-02
3.127500e+00	1.163972e-02
3.130000e+00	1.054950e-02
3.132500e+00	9.992053e-03
3.135000e+00	9.919295e-03
3.137500e+00	1.032424e-02
3.140000e+00	1.124354e-02
3.142500e+00	1.273813e-02
3.145000e+00	1.482280e-02
3.147500e+00	1.729004e-02
3.150000e+00	1.946650e-02
3.152500e+00	2.033089e-02
3.155000e+00	1.941259e-02
3.157500e+00	1.737572e-02
3.160000e+00	1.525515e-02
3.162500e+00	1.365903e-02
3.165000e+00	1.273722e-02
3.167500e+00	1.237329e-02
3.170000e+00	1.226476e-02
3.172500e+00	1.202472e-02
3.175000e+00	1.147484e-02
3.177500e+00	1.080349e-02
3.180000e+00	1.031831e-02
3.182500e+00	1.021703e-02
3.185000e+00	1.059561e-02
3.187500e+00	1.152412e-02
3.190000e+00	1.307913e-02
3.192500e+00	1.530053e-02
3.195000e+00	1.802671e-02
3.197500e+00	2.061093e-02
3.200000e+00	2.189543e-02
3.202500e+00	2.107493e-02
3.205000e+00	1.863147e-02
3.207500e+00	1.574199e-02
3.210000e+00	1.321259e-02
3.212500e+00	1.129699e-02
3.215000e+00	9.970852e-03
3.217500e+00	9.140323e-03
3.220000e+00	8.725434e-03
3.222500e+00	8.682616e-03
3.225000e+00	9.008099e-03
3.227500e+00	9.737071e-03
3.230000e+00	1.093817e-02
3.232500e+00	1.268754e-02
3.235000e+00	1.498165e-02
3.237500e+00	1.753754e-02
3.240000e+00	1.958485e-02
3.242500e+00	2.016597e-02
3.245000e+00	1.910265e-02
3.247500e+00	1.723614e-02
3.250000e+00	1.547707e-02
3.252500e+00	1.415952e-02
3.255000e+00	1.311927e-02
3.257500e+00	1.207159e-02
3.260000e+00	1.097439e-02
3.262500e+00	1.001440e-02
3.265000e+00	9.362786e-03
3.267500e+00	9.090759e-03
3.270000e+00	9.221886e-03
3.272500e+00	9.786104e-03
3.275000e+00	1.084260e-02
3.277500e+00	1.247199e-02
3.280000e+00	1.471466e-02
3.282500e+00	1.739807e-02
3.285000e+00	1.986276e-02
3.287500e+00	2.098471e-02
3.290000e+00	2.006529e-02
3.292500e+00	1.765654e-02
3.295000e+00	1.489171e-02
3.297500e+00	1.250292e-02
3.300000e+00	1.070457e-02
3.302500e+00	9.462787e-03
3.305000e+00	8.685627e-03
3.307500e+00	8.296670e-03
3.310000e+00	8.254159e-03
3.312500e+00	8.553717e-03
3.315000e+00	9.228412e-03
3.317500e+00	1.034736e-02
3.320000e+00	1.200280e-02
3.322500e+00	1.425485e-02
3.325000e+00	1.697390e-02
3.327500e+00	1.956957e-02
3.330000e+00	2.094779e-02
3.332500e+00	2.031355e-02
3.335000e+00	1.809892e-02
3.337500e+00	1.544116e-02
3.340000e+00	1.314123e-02
3.342500e+00	1.145464e-02
3.345000e+00	1.033228e-02
3.347500e+00	9.603820e-03
3.350000e+00	9.085913e-03
3.352500e+00	8.696240e-03
3.355000e+00	8.484384e-03
3.357500e+00	8.543408e-03
3.360000e+00	8.950499e-03
3.362500e+00	9.777399e-03
3.365000e+00	1.110931e-02
3.367500e+00	1.302859e-02
3.370000e+00	1.551859e-02
3.372500e+00	1.823621e-02
3.375000e+00	2.028311e-02
3.377500e+00	2.056822e-02
3.380000e+00	1.890069e-02
3.382500e+00	1.622506e-02
3.385000e+00	1.357300e-02
3.387500e+00	1.143052e-02
3.390000e+00	9.874123e-03
3.392500e+00	8.830081e-03
3.395000e+00	8.207940e-03
3.397500e+00	7.944044e-03
3.400000e+00	8.010570e-03
3.402500e+00	8.415728e-03
3.405000e+00	9.202064e-03
3.407500e+00	1.043826e-02
3.410000e+00	1.218426e-02
3.412500e+00	1.438600e-02
3.415000e+00	1.667179e-02
3.417500e+00	1.824788e-02
3.420000e+00	1.839939e-02
3.422500e+00	1.730318e-02
3.425000e+00	1.580388e-02
3.427500e+00	1.448961e-02
3.430000e+00	1.336725e-02
3.432500e+00	1.218607e-02
3.435000e+00	1.089397e-02
3.437500e+00	9.689378e-03
3.440000e+00	8.760870e-03
3.442500e+00	8.176802e-03
3.445000e+00	7.937443e-03
3.447500e+00	8.035793e-03
3.450000e+00	8.487200e-03
3.452500e+00	9.339909e-03
3.455000e+00	1.067317e-02
3.457500e+00	1.256939e-02
3.460000e+00	1.501639e-02
3.462500e+00	1.768495e-02
3.465000e+00	1.970319e-02
3.467500e+00	2.000339e-02
3.470000e+00	1.838901e-02
3.472500e+00	1.577803e-02
3.475000e+00	1.318253e-02
3.477500e+00	1.108267e-02
3.480000e+00	9.556235e-03
3.482500e+00	8.532675e-03
3.485000e+00	7.923920e-03
3.487500e+00	7.664799e-03
3.490000e+00	7.713895e-03
3.492500e+00	8.033815e-03
3.495000e+00	8.559111e-03
3.497500e+00	9.194064e-03
3.500000e+00	9.907033e-03
3.502500e+00	1.083061e-02
3.505000e+00	1.218690e-02
3.507500e+00	1.412006e-02
3.510000e+00	1.652216e-02
3.512500e+00	1.880313e-02
3.515000e+00	1.989684e-02
3.517500e+00	1.907010e-02
3.520000e+00	1.677128e-02
3.522500e+00	1.407335e-02
3.525000e+00	1.170335e-02
3.527500e+00	9.884060e-03
3.530000e+00	8.585471e-03
3.532500e+00	7.713328e-03
3.535000e+00	7.183331e-03
3.537500e+00	6.939846e-03
3.540000e+00	6.957171e-03
3.542500e+00	7.237923e-03
3.545000e+00	7.812381e-03
3.547500e+00	8.736985e-03
3.550000e+00	1.008292e-02
3.552500e+00	1.189087e-02
3.555000e+00	1.405572e-02
3.557500e+00	1.617484e-02
3.560000e+00	1.764110e-02
3.562500e+00	1.816503e-02
3.565000e+00	1.794068e-02
3.567500e+00	1.707672e-02
3.570000e+00	1.549578e-02
3.572500e+00	1.343012e-02
3.575000e+00	1.137620e-02
3.577500e+00	9.672689e-03
3.580000e+00	8.405970e-03
3.582500e+00	7.535655e-03
3.585000e+00	6.995502e-03
3.587500e+00	6.733752e-03
3.590000e+00	6.723449e-03
3.592500e+00	6.963892e-03
3.595000e+00	7.481407e-03
3.597500e+00	8.330793e-03
3.600000e+00	9.593252e-03
3.602500e+00	1.135547e-02
3.605000e+00	1.363149e-02
3.607500e+00	1.617503e-02
3.610000e+00	1.826272e-02
3.612500e+00	1.893197e-02
3.615000e+00	1.791654e-02
3.617500e+00	1.598314e-02
3.620000e+00	1.403235e-02
3.622500e+00	1.241775e-02
3.625000e+00	1.104666e-02
3.627500e+00	9.773890e-03
3.630000e+00	8.626238e-03
3.632500e+00	7.706057e-03
3.635000e+00	7.062688e-03
3.637500e+00	6.691264e-03
3.640000e+00	6.573253e-03
3.642500e+00	6.701661e-03
3.645000e+00	7.091460e-03
3.647500e+00	7.784426e-03
3.650000e+00	8.851099e-03
3.652500e+00	1.038293e-02
3.655000e+00	1.244958e-02
3.657500e+00	1.496890e-02
3.660000e+00	1.746332e-02
3.662500e+00	1.896184e-02
3.665000e+00	1.864118e-02
3.667500e+00	1.676285e-02
3.670000e+00	1.435890e-02
3.672500e+00	1.222635e-02
3.675000e+00	1.062786e-02
3.677500e+00	9.489075e-03
3.680000e+00	8.611236e-03
3.682500e+00	7.849239e-03
3.685000e+00	7.200208e-03
3.687500e+00	6.728114e-03
3.690000e+00	6.474632e-03
3.692500e+00	6.453408e-03
3.695000e+00	6.675700e-03
3.697500e+00	7.168831e-03
3.700000e+00	7.985383e-03
3.702500e+00	9.204978e-03
3.705000e+00	1.091867e-02
3.707500e+00	1.316218e-02
3.710000e+00	1.574125e-02
3.712500e+00	1.798423e-02
3.715000e+00	1.885118e-02
3.717500e+00	1.783958e-02
3.720000e+00	1.559832e-02
3.722500e+00	1.316486e-02
3.725000e+00	1.114217e-02
3.727500e+00	9.665901e-03
3.730000e+00	8.635378e-03
3.732500e+00	7.872413e-03
3.735000e+00	7.242561e-03
3.737500e+00	6.727530e-03
3.740000e+00	6.375074e-03
3.742500e+00	6.223778e-03
3.745000e+00	6.292566e-03
3.747500e+00	6.600783e-03
3.750000e+00	7.184541e-03
3.752500e+00	8.104982e-03
3.755000e+00	9.447101e-03
3.757500e+00	1.129363e-02
3.760000e+00	1.363174e-02
3.762500e+00	1.614366e-02
3.765000e+00	1.800841e-02
3.767500e+00	1.825906e-02
3.770000e+00	1.677217e-02
3.772500e+00	1.442747e-02
3.775000e+00	1.214693e-02
3.777500e+00	1.034690e-02
3.780000e+00	9.057497e-03
3.782500e+00	8.137792e-03
3.785000e+00	7.420004e-03
3.787500e+00	6.822015e-03
3.790000e+00	6.362965e-03
3.792500e+00	6.085752e-03
3.795000e+00	6.013397e-03
3.797500e+00	6.158987e-03
3.800000e+00	6.544528e-03
3.802500e+00	7.212549e-03
3.805000e+00	8.230855e-03
3.807500e+00	9.685593e-03
3.810000e+00	1.163961e-02
3.812500e+00	1.400663e-02
3.815000e+00	1.632099e-02
3.817500e+00	1.766132e-02
3.820000e+00	1.727998e-02
3.822500e+00	1.546081e-02
3.825000e+00	1.317602e-02
3.827500e+00	1.115457e-02
3.830000e+00	9.632772e-03
3.832500e+00	8.548260e-03
3.835000e+00	7.730441e-03
3.837500e+00	7.047414e-03
3.840000e+00	6.482987e-03
3.842500e+00	6.082188e-03
3.845000e+00	5.877595e-03
3.847500e+00	5.881544e-03
3.850000e+00	6.106199e-03
3.852500e+00	6.578909e-03
3.855000e+00	7.349984e-03
3.857500e+00	8.493283e-03
3.860000e+00	1.008862e-02
3.862500e+00	1.215247e-02
3.865000e+00	1.446725e-02
3.867500e+00	1.637154e-02
3.870000e+00	1.694651e-02
3.872500e+00	1.588017e-02
3.875000e+00	1.385835e-02
3.877500e+00	1.177904e-02
3.880000e+00	1.010440e-02
3.882500e+00	8.888735e-03
3.885000e+00	7.989870e-03
3.887500e+00	7.247970e-03
3.890000e+00	6.611121e-03
3.892500e+00	6.119765e-03
3.895000e+00	5.817119e-03
3.897500e+00	5.719730e-03
3.900000e+00	5.835398e-03
3.902500e+00	6.182113e-03
3.905000e+00	6.798143e-03
3.907500e+00	7.745244e-03
3.910000e+00	9.099541e-03
3.912500e+00	1.090640e-02
3.915000e+00	1.305311e-02
3.917500e+00	1.506014e-02
3.920000e+00	1.608054e-02
3.922500e+00	1.555963e-02
3.925000e+00	1.389657e-02
3.927500e+00	1.196358e-02
3.930000e+00	1.031921e-02
3.932500e+00	9.072137e-03
3.935000e+00	8.094006e-03
3.937500e+00	7.254618e-03
3.940000e+00	6.542253e-03
3.942500e+00	6.006420e-03
3.945000e+00	5.676692e-03
3.947500e+00	5.556686e-03
3.950000e+00	5.647057e-03
3.952500e+00	5.961644e-03
3.955000e+00	6.535059e-03
3.957500e+00	7.424519e-03
3.960000e+00	8.699979e-03
3.962500e+00	1.039921e-02
3.965000e+00	1.240476e-02
3.967500e+00	1.425224e-02
3.970000e+00	1.515926e-02
3.972500e+00	1.466530e-02
3.975000e+00	1.318681e-02
3.977500e+00	1.150493e-02
3.980000e+00	1.005699e-02
3.982500e+00	8.868436e-03
3.985000e+00	7.832968e-03
3.987500e+00	6.932441e-03
3.990000e+00	6.220867e-03
3.992500e+00	5.732023e-03
3.995000e+00	5.464701e-03
3.997500e+00	5.408486e-03
