#omega	spectral weight
-3.000000e+00	1.521772e-02
-2.997500e+00	1.326551e-02
-2.995000e+00	1.193901e-02
-2.992500e+00	1.120602e-02
-2.990000e+00	1.101609e-02
-2.987500e+00	1.135378e-02
-2.985000e+00	1.224619e-02
-2.982500e+00	1.373632e-02
-2.980000e+00	1.579081e-02
-2.977500e+00	1.809436e-02
-2.975000e+00	1.984253e-02
-2.972500e+00	2.005659e-02
-2.970000e+00	1.855388e-02
-2.967500e+00	1.616726e-02
-2.965000e+00	1.381566e-02
-2.962500e+00	1.193472e-02
-2.960000e+00	1.059496e-02
-2.957500e+00	9.733056e-03
-2.955000e+00	9.271550e-03
-2.952500e+00	9.158387e-03
-2.950000e+00	9.375747e-03
-2.947500e+00	9.941554e-03
-2.945000e+00	1.091060e-02
-2.942500e+00	1.237297e-02
-2.940000e+00	1.443494e-02
-2.937500e+00	1.714188e-02
-2.935000e+00	2.027546e-02
-2.932500e+00	2.305935e-02
-2.930000e+00	2.426585e-02
-2.927500e+00	2.326813e-02
-2.925000e+00	2.080459e-02
-2.922500e+00	1.811115e-02
-2.920000e+00	1.593239e-02
-2.917500e+00	1.447992e-02
-2.915000e+00	1.373228e-02
-2.912500e+00	1.362997e-02
-2.910000e+00	1.415126e-02
-2.907500e+00	1.533547e-02
-2.905000e+00	1.728738e-02
-2.902500e+00	2.016108e-02
-2.900000e+00	2.408147e-02
-2.897500e+00	2.890842e-02
-2.895000e+00	3.379163e-02
-2.892500e+00	3.697580e-02
-2.890000e+00	3.694916e-02
-2.887500e+00	3.418781e-02
-2.885000e+00	3.064105e-02
-2.882500e+00	2.789869e-02
-2.880000e+00	2.665079e-02
-2.877500e+00	2.707752e-02
-2.875000e+00	2.914343e-02
-2.872500e+00	3.250641e-02
-2.870000e+00	3.609614e-02
-2.867500e+00	3.795279e-02
-2.865000e+00	3.647408e-02
-2.862500e+00	3.214998e-02
-2.860000e+00	2.689088e-02
-2.857500e+00	2.214667e-02
-2.855000e+00	1.841270e-02
-2.852500e+00	1.565791e-02
-2.850000e+00	1.370096e-02
-2.847500e+00	1.236699e-02
-2.845000e+00	1.152878e-02
-2.842500e+00	1.110907e-02
-2.840000e+00	1.107520e-02
-2.837500e+00	1.143561e-02
-2.835000e+00	1.223995e-02
-2.832500e+00	1.357952e-02
-2.830000e+00	1.557641e-02
-2.827500e+00	1.832660e-02
-2.825000e+00	2.172516e-02
-2.822500e+00	2.513147e-02
-2.820000e+00	2.721127e-02
-2.817500e+00	2.678210e-02
-2.815000e+00	2.413898e-02
-2.812500e+00	2.069504e-02
-2.810000e+00	1.758727e-02
-2.807500e+00	1.524611e-02
-2.805000e+00	1.369828e-02
-2.802500e+00	1.285754e-02
-2.800000e+00	1.265291e-02
-2.797500e+00	1.306625e-02
-2.795000e+00	1.413099e-02
-2.792500e+00	1.589458e-02
-2.790000e+00	1.830130e-02
-2.787500e+00	2.094328e-02
-2.785000e+00	2.284314e-02
-2.782500e+00	2.290271e-02
-2.780000e+00	2.103214e-02
-2.777500e+00	1.825641e-02
-2.775000e+00	1.560524e-02
-2.772500e+00	1.354068e-02
-2.770000e+00	1.213123e-02
-2.767500e+00	1.131286e-02
-2.765000e+00	1.101867e-02
-2.762500e+00	1.122180e-02
-2.760000e+00	1.194415e-02
-2.757500e+00	1.324774e-02
-2.755000e+00	1.519292e-02
-2.752500e+00	1.771193e-02
-2.750000e+00	2.035329e-02
-2.747500e+00	2.210594e-02
-2.745000e+00	2.195044e-02
-2.742500e+00	1.995268e-02
-2.740000e+00	1.717782e-02
-2.737500e+00	1.457969e-02
-2.735000e+00	1.254699e-02
-2.732500e+00	1.111117e-02
-2.730000e+00	1.018902e-02
-2.727500e+00	9.694828e-03
-2.725000e+00	9.574544e-03
-2.722500e+00	9.812413e-03
-2.720000e+00	1.043115e-02
-2.717500e+00	1.148994e-02
-2.715000e+00	1.307176e-02
-2.712500e+00	1.523176e-02
-2.710000e+00	1.785090e-02
-2.707500e+00	2.038406e-02
-2.705000e+00	2.181814e-02
-2.702500e+00	2.141544e-02
-2.700000e+00	1.957953e-02
-2.697500e+00	1.737659e-02
-2.695000e+00	1.557018e-02
-2.692500e+00	1.443454e-02
-2.690000e+00	1.400036e-02
-2.687500e+00	1.425093e-02
-2.685000e+00	1.520426e-02
-2.682500e+00	1.693032e-02
-2.680000e+00	1.951675e-02
-2.677500e+00	2.293778e-02
-2.675000e+00	2.675792e-02
-2.672500e+00	2.983348e-02
-2.670000e+00	3.077487e-02
-2.667500e+00	2.936249e-02
-2.665000e+00	2.686979e-02
-2.662500e+00	2.471892e-02
-2.660000e+00	2.366449e-02
-2.657500e+00	2.397747e-02
-2.655000e+00	2.578342e-02
-2.652500e+00	2.919428e-02
-2.650000e+00	3.418769e-02
-2.647500e+00	4.016024e-02
-2.645000e+00	4.529636e-02
-2.642500e+00	4.689478e-02
-2.640000e+00	4.371607e-02
-2.637500e+00	3.745057e-02
-2.635000e+00	3.069755e-02
-2.632500e+00	2.493095e-02
-2.630000e+00	2.049236e-02
-2.627500e+00	1.723005e-02
-2.625000e+00	1.488961e-02
-2.622500e+00	1.325155e-02
-2.620000e+00	1.215897e-02
-2.617500e+00	1.151259e-02
-2.615000e+00	1.126127e-02
-2.612500e+00	1.139566e-02
-2.610000e+00	1.194622e-02
-2.607500e+00	1.298272e-02
-2.605000e+00	1.460608e-02
-2.602500e+00	1.690502e-02
-2.600000e+00	1.981783e-02
-2.597500e+00	2.285053e-02
-2.595000e+00	2.488858e-02
-2.592500e+00	2.482082e-02
-2.590000e+00	2.274867e-02
-2.587500e+00	1.987139e-02
-2.585000e+00	1.725770e-02
-2.582500e+00	1.535781e-02
-2.580000e+00	1.424076e-02
-2.577500e+00	1.386609e-02
-2.575000e+00	1.421038e-02
-2.572500e+00	1.530065e-02
-2.570000e+00	1.718859e-02
-2.567500e+00	1.983631e-02
-2.565000e+00	2.285275e-02
-2.562500e+00	2.520721e-02
-2.560000e+00	2.558900e-02
-2.557500e+00	2.367613e-02
-2.555000e+00	2.052334e-02
-2.552500e+00	1.736799e-02
-2.550000e+00	1.482095e-02
-2.547500e+00	1.299481e-02
-2.545000e+00	1.181448e-02
-2.542500e+00	1.118387e-02
-2.540000e+00	1.104265e-02
-2.537500e+00	1.137929e-02
-2.535000e+00	1.222992e-02
-2.532500e+00	1.366370e-02
-2.530000e+00	1.572838e-02
-2.527500e+00	1.829826e-02
-2.525000e+00	2.080707e-02
-2.522500e+00	2.218109e-02
-2.520000e+00	2.159351e-02
-2.517500e+00	1.941341e-02
-2.515000e+00	1.675290e-02
-2.512500e+00	1.442462e-02
-2.510000e+00	1.270908e-02
-2.507500e+00	1.160725e-02
-2.505000e+00	1.104998e-02
-2.502500e+00	1.098580e-02
-2.500000e+00	1.140585e-02
-2.497500e+00	1.234291e-02
-2.495000e+00	1.384527e-02
-2.492500e+00	1.589202e-02
-2.490000e+00	1.820260e-02
-2.487500e+00	2.003657e-02
-2.485000e+00	2.047001e-02
-2.482500e+00	1.930860e-02
-2.480000e+00	1.733443e-02
-2.477500e+00	1.544181e-02
-2.475000e+00	1.407924e-02
-2.472500e+00	1.335341e-02
-2.470000e+00	1.325411e-02
-2.467500e+00	1.377624e-02
-2.465000e+00	1.496437e-02
-2.462500e+00	1.692055e-02
-2.460000e+00	1.977526e-02
-2.457500e+00	2.356947e-02
-2.455000e+00	2.795398e-02
-2.452500e+00	3.177398e-02
-2.450000e+00	3.327721e-02
-2.447500e+00	3.165632e-02
-2.445000e+00	2.803688e-02
-2.442500e+00	2.416216e-02
-2.440000e+00	2.104548e-02
-2.437500e+00	1.896131e-02
-2.435000e+00	1.787210e-02
-2.432500e+00	1.769554e-02
-2.430000e+00	1.840719e-02
-2.427500e+00	2.007232e-02
-2.425000e+00	2.285190e-02
-2.422500e+00	2.697730e-02
-2.420000e+00	3.262757e-02
-2.417500e+00	3.956179e-02
-2.415000e+00	4.642683e-02
-2.412500e+00	5.045658e-02
-2.410000e+00	4.925380e-02
-2.407500e+00	4.347708e-02
-2.405000e+00	3.601644e-02
-2.402500e+00	2.914352e-02
-2.400000e+00	2.367389e-02
-2.397500e+00	1.959269e-02
-2.395000e+00	1.663594e-02
-2.392500e+00	1.453782e-02
-2.390000e+00	1.309661e-02
-2.387500e+00	1.217828e-02
-2.385000e+00	1.170622e-02
-2.382500e+00	1.165222e-02
-2.380000e+00	1.203101e-02
-2.377500e+00	1.289465e-02
-2.375000e+00	1.431291e-02
-2.372500e+00	1.630497e-02
-2.370000e+00	1.866705e-02
-2.367500e+00	2.073540e-02
-2.365000e+00	2.150845e-02
-2.362500e+00	2.053073e-02
-2.360000e+00	1.845297e-02
-2.357500e+00	1.627749e-02
-2.355000e+00	1.459227e-02
-2.352500e+00	1.357010e-02
-2.350000e+00	1.321485e-02
-2.347500e+00	1.351585e-02
-2.345000e+00	1.450473e-02
-2.342500e+00	1.625674e-02
-2.340000e+00	1.883053e-02
-2.337500e+00	2.208415e-02
-2.335000e+00	2.533490e-02
-2.332500e+00	2.722390e-02
-2.330000e+00	2.660392e-02
-2.327500e+00	2.382827e-02
-2.325000e+00	2.031002e-02
-2.322500e+00	1.714513e-02
-2.320000e+00	1.472962e-02
-2.317500e+00	1.306977e-02
-2.315000e+00	1.206339e-02
-2.312500e+00	1.162086e-02
-2.310000e+00	1.170028e-02
-2.307500e+00	1.231132e-02
-2.305000e+00	1.350185e-02
-2.302500e+00	1.530837e-02
-2.300000e+00	1.761869e-02
-2.297500e+00	1.992455e-02
-2.295000e+00	2.123631e-02
-2.292500e+00	2.074588e-02
-2.290000e+00	1.873981e-02
-2.287500e+00	1.624248e-02
-2.285000e+00	1.403061e-02
-2.282500e+00	1.237947e-02
-2.280000e+00	1.129068e-02
-2.277500e+00	1.069187e-02
-2.275000e+00	1.052155e-02
-2.272500e+00	1.075459e-02
-2.270000e+00	1.140836e-02
-2.267500e+00	1.254481e-02
-2.265000e+00	1.426806e-02
-2.262500e+00	1.669998e-02
-2.260000e+00	1.988515e-02
-2.257500e+00	2.354653e-02
-2.255000e+00	2.674677e-02
-2.252500e+00	2.805877e-02
-2.250000e+00	2.682760e-02
-2.247500e+00	2.398072e-02
-2.245000e+00	2.095430e-02
-2.242500e+00	1.859169e-02
-2.240000e+00	1.713760e-02
-2.237500e+00	1.658991e-02
-2.235000e+00	1.692078e-02
-2.232500e+00	1.815911e-02
-2.230000e+00	2.039874e-02
-2.227500e+00	2.373407e-02
-2.225000e+00	2.804891e-02
-2.222500e+00	3.258562e-02
-2.220000e+00	3.564281e-02
-2.217500e+00	3.549222e-02
-2.215000e+00	3.222869e-02
-2.212500e+00	2.764745e-02
-2.210000e+00	2.337005e-02
-2.207500e+00	2.006571e-02
-2.205000e+00	1.779892e-02
-2.202500e+00	1.644163e-02
-2.200000e+00	1.586558e-02
-2.197500e+00	1.600300e-02
-2.195000e+00	1.686113e-02
-2.192500e+00	1.852706e-02
-2.190000e+00	2.116901e-02
-2.187500e+00	2.501584e-02
-2.185000e+00	3.025199e-02
-2.182500e+00	3.669278e-02
-2.180000e+00	4.315375e-02
-2.177500e+00	4.712305e-02
-2.175000e+00	4.630681e-02
-2.172500e+00	4.117425e-02
-2.170000e+00	3.437388e-02
-2.167500e+00	2.807626e-02
-2.165000e+00	2.309862e-02
-2.162500e+00	1.946234e-02
-2.160000e+00	1.694718e-02
-2.157500e+00	1.533414e-02
-2.155000e+00	1.447304e-02
-2.152500e+00	1.428450e-02
-2.150000e+00	1.473066e-02
-2.147500e+00	1.573903e-02
-2.145000e+00	1.704595e-02
-2.142500e+00	1.804138e-02
-2.140000e+00	1.799674e-02
-2.137500e+00	1.677148e-02
-2.135000e+00	1.497049e-02
-2.132500e+00	1.326526e-02
-2.130000e+00	1.197990e-02
-2.127500e+00	1.117901e-02
-2.125000e+00	1.083845e-02
-2.122500e+00	1.093583e-02
-2.120000e+00	1.148338e-02
-2.117500e+00	1.253779e-02
-2.115000e+00	1.419697e-02
-2.112500e+00	1.656715e-02
-2.110000e+00	1.964647e-02
-2.107500e+00	2.305322e-02
-2.105000e+00	2.572740e-02
-2.102500e+00	2.630518e-02
-2.100000e+00	2.445094e-02
-2.097500e+00	2.127594e-02
-2.095000e+00	1.808953e-02
-2.092500e+00	1.554494e-02
-2.090000e+00	1.377193e-02
-2.087500e+00	1.270455e-02
-2.085000e+00	1.225832e-02
-2.082500e+00	1.239082e-02
-2.080000e+00	1.311265e-02
-2.077500e+00	1.447067e-02
-2.075000e+00	1.648198e-02
-2.072500e+00	1.896248e-02
-2.070000e+00	2.125989e-02
-2.067500e+00	2.227987e-02
-2.065000e+00	2.135167e-02
-2.062500e+00	1.901551e-02
-2.060000e+00	1.636389e-02
-2.057500e+00	1.409760e-02
-2.055000e+00	1.241946e-02
-2.052500e+00	1.129487e-02
-2.050000e+00	1.063405e-02
-2.047500e+00	1.036199e-02
-2.045000e+00	1.043617e-02
-2.042500e+00	1.084865e-02
-2.040000e+00	1.162676e-02
-2.037500e+00	1.283686e-02
-2.035000e+00	1.459170e-02
-2.032500e+00	1.705835e-02
-2.030000e+00	2.045294e-02
-2.027500e+00	2.497933e-02
-2.025000e+00	3.061083e-02
-2.022500e+00	3.660357e-02
-2.020000e+00	4.105160e-02
-2.017500e+00	4.175056e-02
-2.015000e+00	3.848051e-02
-2.012500e+00	3.330670e-02
-2.010000e+00	2.835844e-02
-2.007500e+00	2.462976e-02
-2.005000e+00	2.231555e-02
-2.002500e+00	2.134425e-02
-2.000000e+00	2.163503e-02
-1.997500e+00	2.313747e-02
-1.995000e+00	2.570008e-02
-1.992500e+00	2.874561e-02
-1.990000e+00	3.096870e-02
-1.987500e+00	3.088186e-02
-1.985000e+00	2.829303e-02
-1.982500e+00	2.450758e-02
-1.980000e+00	2.088189e-02
-1.977500e+00	1.803248e-02
-1.975000e+00	1.604809e-02
-1.972500e+00	1.483452e-02
-1.970000e+00	1.428811e-02
-1.967500e+00	1.435313e-02
-1.965000e+00	1.503588e-02
-1.962500e+00	1.640657e-02
-1.960000e+00	1.859035e-02
-1.957500e+00	2.171962e-02
-1.955000e+00	2.577450e-02
-1.952500e+00	3.022430e-02
-1.950000e+00	3.367620e-02
-1.947500e+00	3.446042e-02
-1.945000e+00	3.234025e-02
-1.942500e+00	2.885224e-02
-1.940000e+00	2.566965e-02
-1.937500e+00	2.364013e-02
-1.935000e+00	2.300433e-02
-1.932500e+00	2.376378e-02
-1.930000e+00	2.575771e-02
-1.927500e+00	2.842758e-02
-1.925000e+00	3.050194e-02
-1.922500e+00	3.041515e-02
-1.920000e+00	2.776503e-02
-1.917500e+00	2.374109e-02
-1.915000e+00	1.973930e-02
-1.912500e+00	1.643439e-02
-1.910000e+00	1.392841e-02
-1.907500e+00	1.210477e-02
-1.905000e+00	1.081532e-02
-1.902500e+00	9.940381e-03
-1.900000e+00	9.398406e-03
-1.897500e+00	9.142101e-03
-1.895000e+00	9.153737e-03
-1.892500e+00	9.443060e-03
-1.890000e+00	1.004812e-02
-1.887500e+00	1.103728e-02
-1.885000e+00	1.250571e-02
-1.882500e+00	1.454603e-02
-1.880000e+00	1.714507e-02
-1.877500e+00	1.995178e-02
-1.875000e+00	2.205657e-02
-1.872500e+00	2.238523e-02
-1.870000e+00	2.079729e-02
-1.867500e+00	1.826897e-02
-1.865000e+00	1.583095e-02
-1.862500e+00	1.396759e-02
-1.860000e+00	1.276900e-02
-1.857500e+00	1.219072e-02
-1.855000e+00	1.218667e-02
-1.852500e+00	1.275269e-02
-1.850000e+00	1.392770e-02
-1.847500e+00	1.575469e-02
-1.845000e+00	1.815952e-02
-1.842500e+00	2.070784e-02
-1.840000e+00	2.244144e-02
-1.837500e+00	2.240508e-02
-1.835000e+00	2.067532e-02
-1.832500e+00	1.826615e-02
-1.830000e+00	1.608217e-02
-1.827500e+00	1.449942e-02
-1.825000e+00	1.356518e-02
-1.822500e+00	1.322811e-02
-1.820000e+00	1.344653e-02
-1.817500e+00	1.422540e-02
-1.815000e+00	1.562898e-02
-1.812500e+00	1.778755e-02
-1.810000e+00	2.089449e-02
-1.807500e+00	2.516120e-02
-1.805000e+00	3.064280e-02
-1.802500e+00	3.680491e-02
-1.800000e+00	4.197675e-02
-1.797500e+00	4.379023e-02
-1.795000e+00	4.138792e-02
-1.792500e+00	3.651051e-02
-1.790000e+00	3.152677e-02
-1.787500e+00	2.775443e-02
-1.785000e+00	2.556671e-02
-1.782500e+00	2.496778e-02
-1.780000e+00	2.590049e-02
-1.777500e+00	2.825660e-02
-1.775000e+00	3.161685e-02
-1.772500e+00	3.480807e-02
-1.770000e+00	3.596083e-02
-1.767500e+00	3.396096e-02
-1.765000e+00	2.971411e-02
-1.762500e+00	2.501086e-02
-1.760000e+00	2.098101e-02
-1.757500e+00	1.794002e-02
-1.755000e+00	1.582176e-02
-1.752500e+00	1.447647e-02
-1.750000e+00	1.378457e-02
-1.747500e+00	1.368539e-02
-1.745000e+00	1.417752e-02
-1.742500e+00	1.530405e-02
-1.740000e+00	1.710329e-02
-1.737500e+00	1.947209e-02
-1.735000e+00	2.191164e-02
-1.732500e+00	2.341200e-02
-1.730000e+00	2.309310e-02
-1.727500e+00	2.119043e-02
-1.725000e+00	1.876985e-02
-1.722500e+00	1.668751e-02
-1.720000e+00	1.527878e-02
-1.717500e+00	1.458925e-02
-1.715000e+00	1.459471e-02
-1.712500e+00	1.530125e-02
-1.710000e+00	1.677917e-02
-1.707500e+00	1.916544e-02
-1.705000e+00	2.262259e-02
-1.702500e+00	2.718221e-02
-1.700000e+00	3.235765e-02
-1.697500e+00	3.664689e-02
-1.695000e+00	3.789781e-02
-1.692500e+00	3.527268e-02
-1.690000e+00	3.026724e-02
-1.687500e+00	2.496456e-02
-1.685000e+00	2.049347e-02
-1.682500e+00	1.709842e-02
-1.680000e+00	1.465443e-02
-1.677500e+00	1.296755e-02
-1.675000e+00	1.187898e-02
-1.672500e+00	1.128635e-02
-1.670000e+00	1.114076e-02
-1.667500e+00	1.143810e-02
-1.665000e+00	1.220167e-02
-1.662500e+00	1.343430e-02
-1.660000e+00	1.499976e-02
-1.657500e+00	1.644513e-02
-1.655000e+00	1.703631e-02
-1.652500e+00	1.635439e-02
-1.650000e+00	1.478988e-02
-1.647500e+00	1.307076e-02
-1.645000e+00	1.165170e-02
-1.642500e+00	1.066356e-02
-1.640000e+00	1.008889e-02
-1.637500e+00	9.880915e-03
-1.635000e+00	1.000975e-02
-1.632500e+00	1.047611e-02
-1.630000e+00	1.131614e-02
-1.627500e+00	1.260537e-02
-1.625000e+00	1.446038e-02
-1.622500e+00	1.702373e-02
-1.620000e+00	2.039026e-02
-1.617500e+00	2.439377e-02
-1.615000e+00	2.824209e-02
-1.612500e+00	3.047101e-02
-1.610000e+00	3.004421e-02
-1.607500e+00	2.759258e-02
-1.605000e+00	2.468905e-02
-1.602500e+00	2.246121e-02
-1.600000e+00	2.134297e-02
-1.597500e+00	2.143687e-02
-1.595000e+00	2.279157e-02
-1.592500e+00	2.548652e-02
-1.590000e+00	2.954121e-02
-1.587500e+00	3.458508e-02
-1.585000e+00	3.932054e-02
-1.582500e+00	4.154758e-02
-1.580000e+00	3.987602e-02
-1.577500e+00	3.535619e-02
-1.575000e+00	3.020610e-02
-1.572500e+00	2.588598e-02
-1.570000e+00	2.285653e-02
-1.567500e+00	2.110683e-02
-1.565000e+00	2.053427e-02
-1.562500e+00	2.109446e-02
-1.560000e+00	2.283072e-02
-1.557500e+00	2.582179e-02
-1.555000e+00	2.998960e-02
-1.552500e+00	3.467069e-02
-1.550000e+00	3.818554e-02
-1.547500e+00	3.849649e-02
-1.545000e+00	3.522544e-02
-1.542500e+00	3.010335e-02
-1.540000e+00	2.503553e-02
-1.537500e+00	2.092168e-02
-1.535000e+00	1.790316e-02
-1.532500e+00	1.584349e-02
-1.530000e+00	1.457661e-02
-1.527500e+00	1.398786e-02
-1.525000e+00	1.402870e-02
-1.522500e+00	1.470727e-02
-1.520000e+00	1.605248e-02
-1.517500e+00	1.801154e-02
-1.515000e+00	2.023186e-02
-1.512500e+00	2.185769e-02
-1.510000e+00	2.189466e-02
-1.507500e+00	2.021142e-02
-1.505000e+00	1.769244e-02
-1.502500e+00	1.526351e-02
-1.500000e+00	1.334891e-02
-1.497500e+00	1.201166e-02
-1.495000e+00	1.118762e-02
-1.492500e+00	1.080367e-02
-1.490000e+00	1.081666e-02
-1.487500e+00	1.122294e-02
-1.485000e+00	1.206155e-02
-1.482500e+00	1.341733e-02
-1.480000e+00	1.541977e-02
-1.477500e+00	1.821695e-02
-1.475000e+00	2.186830e-02
-1.472500e+00	2.606438e-02
-1.470000e+00	2.972851e-02
-1.467500e+00	3.118800e-02
-1.465000e+00	2.962786e-02
-1.462500e+00	2.608649e-02
-1.460000e+00	2.223735e-02
-1.457500e+00	1.906995e-02
-1.455000e+00	1.685655e-02
-1.452500e+00	1.556013e-02
-1.450000e+00	1.509260e-02
-1.447500e+00	1.540653e-02
-1.445000e+00	1.649701e-02
-1.442500e+00	1.832680e-02
-1.440000e+00	2.063365e-02
-1.437500e+00	2.266847e-02
-1.435000e+00	2.332481e-02
-1.432500e+00	2.209345e-02
-1.430000e+00	1.966262e-02
-1.427500e+00	1.709651e-02
-1.425000e+00	1.500533e-02
-1.422500e+00	1.354219e-02
-1.420000e+00	1.266498e-02
-1.417500e+00	1.229814e-02
-1.415000e+00	1.239233e-02
-1.412500e+00	1.294106e-02
-1.410000e+00	1.398616e-02
-1.407500e+00	1.562394e-02
-1.405000e+00	1.801254e-02
-1.402500e+00	2.137035e-02
-1.400000e+00	2.592798e-02
-1.397500e+00	3.173929e-02
-1.395000e+00	3.821364e-02
-1.392500e+00	4.353641e-02
-1.390000e+00	4.517112e-02
-1.387500e+00	4.223369e-02
-1.385000e+00	3.659170e-02
-1.382500e+00	3.072295e-02
-1.380000e+00	2.595214e-02
-1.377500e+00	2.258247e-02
-1.375000e+00	2.050998e-02
-1.372500e+00	1.957626e-02
-1.370000e+00	1.969097e-02
-1.367500e+00	2.084795e-02
-1.365000e+00	2.307204e-02
-1.362500e+00	2.624950e-02
-1.360000e+00	2.978027e-02
-1.357500e+00	3.230352e-02
-1.355000e+00	3.237202e-02
-1.352500e+00	2.997424e-02
-1.350000e+00	2.656134e-02
-1.347500e+00	2.353281e-02
-1.345000e+00	2.153547e-02
-1.342500e+00	2.072670e-02
-1.340000e+00	2.111005e-02
-1.337500e+00	2.264829e-02
-1.335000e+00	2.515210e-02
-1.332500e+00	2.796358e-02
-1.330000e+00	2.974965e-02
-1.327500e+00	2.923132e-02
-1.325000e+00	2.653625e-02
-1.322500e+00	2.301245e-02
-1.320000e+00	1.983566e-02
-1.317500e+00	1.748504e-02
-1.315000e+00	1.601855e-02
-1.312500e+00	1.537491e-02
-1.310000e+00	1.551170e-02
-1.307500e+00	1.644034e-02
-1.305000e+00	1.819662e-02
-1.302500e+00	2.071791e-02
-1.300000e+00	2.357054e-02
-1.297500e+00	2.568273e-02
-1.295000e+00	2.577574e-02
-1.292500e+00	2.363426e-02
-1.290000e+00	2.035639e-02
-1.287500e+00	1.712793e-02
-1.285000e+00	1.449889e-02
-1.282500e+00	1.254670e-02
-1.280000e+00	1.117571e-02
-1.277500e+00	1.026951e-02
-1.275000e+00	9.739375e-03
-1.272500e+00	9.532682e-03
-1.270000e+00	9.631065e-03
-1.267500e+00	1.004777e-02
-1.265000e+00	1.082392e-02
-1.262500e+00	1.201477e-02
-1.260000e+00	1.364072e-02
-1.257500e+00	1.556233e-02
-1.255000e+00	1.730321e-02
-1.252500e+00	1.812515e-02
-1.250000e+00	1.767237e-02
-1.247500e+00	1.641445e-02
-1.245000e+00	1.510797e-02
-1.242500e+00	1.421264e-02
-1.240000e+00	1.387824e-02
-1.237500e+00	1.412918e-02
-1.235000e+00	1.498524e-02
-1.232500e+00	1.651354e-02
-1.230000e+00	1.885170e-02
-1.227500e+00	2.221908e-02
-1.225000e+00	2.690277e-02
-1.222500e+00	3.315370e-02
-1.220000e+00	4.084379e-02
-1.217500e+00	4.875392e-02
-1.215000e+00	5.406783e-02
-1.212500e+00	5.389715e-02
-1.210000e+00	4.838635e-02
-1.207500e+00	4.053415e-02
-1.205000e+00	3.305506e-02
-1.202500e+00	2.705912e-02
-1.200000e+00	2.262731e-02
-1.197500e+00	1.949986e-02
-1.195000e+00	1.739418e-02
-1.192500e+00	1.609791e-02
-1.190000e+00	1.548088e-02
-1.187500e+00	1.548810e-02
-1.185000e+00	1.613366e-02
-1.182500e+00	1.749844e-02
-1.180000e+00	1.972292e-02
-1.177500e+00	2.296499e-02
-1.175000e+00	2.724697e-02
-1.172500e+00	3.208356e-02
-1.170000e+00	3.602651e-02
-1.167500e+00	3.707251e-02
-1.165000e+00	3.453753e-02
-1.162500e+00	2.989690e-02
-1.160000e+00	2.508637e-02
-1.157500e+00	2.112758e-02
-1.155000e+00	1.823929e-02
-1.152500e+00	1.631827e-02
-1.150000e+00	1.521295e-02
-1.147500e+00	1.481873e-02
-1.145000e+00	1.509847e-02
-1.142500e+00	1.607461e-02
-1.140000e+00	1.779122e-02
-1.137500e+00	2.020227e-02
-1.135000e+00	2.293375e-02
-1.132500e+00	2.506772e-02
-1.130000e+00	2.555607e-02
-1.127500e+00	2.431802e-02
-1.125000e+00	2.238845e-02
-1.122500e+00	2.085298e-02
-1.120000e+00	2.026139e-02
-1.117500e+00	2.074071e-02
-1.115000e+00	2.211160e-02
-1.112500e+00	2.376268e-02
-1.110000e+00	2.460444e-02
-1.107500e+00	2.375766e-02
-1.105000e+00	2.148588e-02
-1.102500e+00	1.882233e-02
-1.100000e+00	1.655752e-02
-1.097500e+00	1.498011e-02
-1.095000e+00	1.411216e-02
-1.092500e+00	1.391595e-02
-1.090000e+00	1.438243e-02
-1.087500e+00	1.555061e-02
-1.085000e+00	1.747669e-02
-1.082500e+00	2.011653e-02
-1.080000e+00	2.306345e-02
-1.077500e+00	2.528975e-02
-1.075000e+00	2.556269e-02
-1.072500e+00	2.367696e-02
-1.070000e+00	2.070397e-02
-1.067500e+00	1.780581e-02
-1.065000e+00	1.553142e-02
-1.062500e+00	1.397510e-02
-1.060000e+00	1.306946e-02
-1.057500e+00	1.273671e-02
-1.055000e+00	1.293873e-02
-1.052500e+00	1.368509e-02
-1.050000e+00	1.501669e-02
-1.047500e+00	1.694556e-02
-1.045000e+00	1.930304e-02
-1.042500e+00	2.151907e-02
-1.040000e+00	2.269049e-02
-1.037500e+00	2.235226e-02
-1.035000e+00	2.106260e-02
-1.032500e+00	1.977859e-02
-1.030000e+00	1.911869e-02
-1.027500e+00	1.933052e-02
-1.025000e+00	2.052417e-02
-1.022500e+00	2.283160e-02
-1.020000e+00	2.647036e-02
-1.017500e+00	3.173035e-02
-1.015000e+00	3.882136e-02
-1.012500e+00	4.740770e-02
-1.010000e+00	5.575742e-02
-1.007500e+00	6.045745e-02
-1.005000e+00	5.872702e-02
-1.002500e+00	5.157735e-02
-1.000000e+00	4.255488e-02
-9.975000e-01	3.432677e-02
-9.950000e-01	2.780898e-02
-9.925000e-01	2.295465e-02
-9.900000e-01	1.943805e-02
-9.875000e-01	1.693835e-02
-9.850000e-01	1.521279e-02
-9.825000e-01	1.409893e-02
-9.800000e-01	1.350146e-02
-9.775000e-01	1.338113e-02
-9.750000e-01	1.374891e-02
-9.725000e-01	1.466373e-02
-9.700000e-01	1.622519e-02
-9.675000e-01	1.853589e-02
-9.650000e-01	2.157412e-02
-9.625000e-01	2.490748e-02
-9.600000e-01	2.741281e-02
-9.575000e-01	2.774406e-02
-9.550000e-01	2.569429e-02
-9.525000e-01	2.245954e-02
-9.500000e-01	1.932910e-02
-9.475000e-01	1.691806e-02
-9.450000e-01	1.534664e-02
-9.425000e-01	1.456241e-02
-9.400000e-01	1.449886e-02
-9.375000e-01	1.510125e-02
-9.350000e-01	1.625457e-02
-9.325000e-01	1.762262e-02
-9.300000e-01	1.855651e-02
-9.275000e-01	1.846801e-02
-9.250000e-01	1.747018e-02
-9.225000e-01	1.624964e-02
-9.200000e-01	1.540334e-02
-9.175000e-01	1.521265e-02
-9.150000e-01	1.577566e-02
-9.125000e-01	1.711362e-02
-9.100000e-01	1.912206e-02
-9.075000e-01	2.136067e-02
-9.050000e-01	2.289840e-02
-9.025000e-01	2.280706e-02
-9.000000e-01	2.114110e-02
-8.975000e-01	1.885831e-02
-8.950000e-01	1.682273e-02
-8.925000e-01	1.539853e-02
-8.900000e-01	1.463841e-02
-8.875000e-01	1.450426e-02
-8.850000e-01	1.497258e-02
-8.825000e-01	1.607220e-02
-8.800000e-01	1.789985e-02
-8.775000e-01	2.063086e-02
-8.750000e-01	2.452014e-02
-8.725000e-01	2.985594e-02
-8.700000e-01	3.676232e-02
-8.675000e-01	4.467524e-02
-8.650000e-01	5.158064e-02
-8.625000e-01	5.428849e-02
-8.600000e-01	5.115548e-02
-8.575000e-01	4.406613e-02
-8.550000e-01	3.618568e-02
-8.525000e-01	2.939328e-02
-8.500000e-01	2.416638e-02
-8.475000e-01	2.034857e-02
-8.450000e-01	1.764165e-02
-8.425000e-01	1.578391e-02
-8.400000e-01	1.458806e-02
-8.375000e-01	1.393681e-02
-8.350000e-01	1.377171e-02
-8.325000e-01	1.408565e-02
-8.300000e-01	1.491999e-02
-8.275000e-01	1.636227e-02
-8.250000e-01	1.853039e-02
-8.225000e-01	2.150589e-02
-8.200000e-01	2.514848e-02
-8.175000e-01	2.880071e-02
-8.150000e-01	3.131864e-02
-8.125000e-01	3.205682e-02
-8.100000e-01	3.177461e-02
-8.075000e-01	3.184793e-02
-8.050000e-01	3.300498e-02
-8.025000e-01	3.482972e-02
-8.000000e-01	3.582585e-02
-7.975000e-01	3.445640e-02
-7.950000e-01	3.077348e-02
-7.925000e-01	2.624179e-02
-7.900000e-01	2.215083e-02
-7.875000e-01	1.900358e-02
-7.850000e-01	1.682195e-02
-7.825000e-01	1.548615e-02
-7.800000e-01	1.488905e-02
-7.775000e-01	1.497926e-02
-7.750000e-01	1.575306e-02
-7.725000e-01	1.719685e-02
-7.700000e-01	1.913802e-02
-7.675000e-01	2.100945e-02
-7.650000e-01	2.185292e-02
-7.625000e-01	2.105256e-02
-7.600000e-01	1.904966e-02
-7.575000e-01	1.680345e-02
-7.550000e-01	1.495232e-02
-7.525000e-01	1.370250e-02
-7.500000e-01	1.305645e-02
-7.475000e-01	1.297885e-02
-7.450000e-01	1.346166e-02
-7.425000e-01	1.453276e-02
-7.400000e-01	1.621816e-02
-7.375000e-01	1.842344e-02
-7.350000e-01	2.071446e-02
-7.325000e-01	2.222677e-02
-7.300000e-01	2.223149e-02
-7.275000e-01	2.097101e-02
-7.250000e-01	1.938907e-02
-7.225000e-01	1.824727e-02
-7.200000e-01	1.787902e-02
-7.175000e-01	1.839593e-02
-7.150000e-01	1.987477e-02
-7.125000e-01	2.242198e-02
-7.100000e-01	2.611686e-02
-7.075000e-01	3.077406e-02
-7.050000e-01	3.549772e-02
-7.025000e-01	3.851875e-02
-7.000000e-01	3.838909e-02
-6.975000e-01	3.566368e-02
-6.950000e-01	3.228725e-02
-6.925000e-01	2.980266e-02
-6.900000e-01	2.888198e-02
-6.875000e-01	2.973939e-02
-6.850000e-01	3.245245e-02
-6.825000e-01	3.693522e-02
-6.800000e-01	4.251685e-02
-6.775000e-01	4.731786e-02
-6.750000e-01	4.860530e-02
-6.725000e-01	4.516297e-02
-6.700000e-01	3.870781e-02
-6.675000e-01	3.182584e-02
-6.650000e-01	2.596370e-02
-6.625000e-01	2.144469e-02
-6.600000e-01	1.810766e-02
-6.575000e-01	1.569269e-02
-6.550000e-01	1.397555e-02
-6.525000e-01	1.279375e-02
-6.500000e-01	1.204060e-02
-6.475000e-01	1.165458e-02
-6.450000e-01	1.161173e-02
-6.425000e-01	1.192257e-02
-6.400000e-01	1.263268e-02
-6.375000e-01	1.382426e-02
-6.350000e-01	1.560858e-02
-6.325000e-01	1.808136e-02
-6.300000e-01	2.117887e-02
-6.275000e-01	2.438697e-02
-6.250000e-01	2.655674e-02
-6.225000e-01	2.656664e-02
-6.200000e-01	2.455777e-02
-6.175000e-01	2.178060e-02
-6.150000e-01	1.933509e-02
-6.125000e-01	1.769219e-02
-6.100000e-01	1.694460e-02
-6.075000e-01	1.708067e-02
-6.050000e-01	1.809627e-02
-6.025000e-01	1.997399e-02
-6.000000e-01	2.252357e-02
-5.975000e-01	2.509476e-02
-5.950000e-01	2.652366e-02
-5.925000e-01	2.596240e-02
-5.900000e-01	2.385364e-02
-5.875000e-01	2.139592e-02
-5.850000e-01	1.945674e-02
-5.825000e-01	1.836095e-02
-5.800000e-01	1.816803e-02
-5.775000e-01	1.889311e-02
-5.750000e-01	2.059179e-02
-5.725000e-01	2.334577e-02
-5.700000e-01	2.712705e-02
-5.675000e-01	3.147572e-02
-5.650000e-01	3.516444e-02
-5.625000e-01	3.668347e-02
-5.600000e-01	3.580493e-02
-5.575000e-01	3.398665e-02
-5.550000e-01	3.286235e-02
-5.525000e-01	3.317994e-02
-5.500000e-01	3.469001e-02
-5.475000e-01	3.615898e-02
-5.450000e-01	3.586094e-02
-5.425000e-01	3.310106e-02
-5.400000e-01	2.892695e-02
-5.375000e-01	2.481112e-02
-5.350000e-01	2.153956e-02
-5.325000e-01	1.927902e-02
-5.300000e-01	1.795418e-02
-5.275000e-01	1.746695e-02
-5.250000e-01	1.777590e-02
-5.225000e-01	1.891658e-02
-5.200000e-01	2.099563e-02
-5.175000e-01	2.414286e-02
-5.150000e-01	2.834938e-02
-5.125000e-01	3.309310e-02
-5.100000e-01	3.692777e-02
-5.075000e-01	3.799764e-02
-5.050000e-01	3.587312e-02
-5.025000e-01	3.213219e-02
-5.000000e-01	2.863261e-02
-4.975000e-01	2.628909e-02
-4.950000e-01	2.513566e-02
-4.925000e-01	2.459240e-02
-4.900000e-01	2.373190e-02
-4.875000e-01	2.196033e-02
-4.850000e-01	1.955623e-02
-4.825000e-01	1.719753e-02
-4.800000e-01	1.531479e-02
-4.775000e-01	1.402240e-02
-4.750000e-01	1.329484e-02
-4.725000e-01	1.308817e-02
-4.700000e-01	1.338175e-02
-4.675000e-01	1.416923e-02
-4.650000e-01	1.539624e-02
-4.625000e-01	1.682961e-02
-4.600000e-01	1.796028e-02
-4.575000e-01	1.826812e-02
-4.550000e-01	1.778490e-02
-4.525000e-01	1.708054e-02
-4.500000e-01	1.670200e-02
-4.475000e-01	1.693271e-02
-4.450000e-01	1.790377e-02
-4.425000e-01	1.973277e-02
-4.400000e-01	2.259480e-02
-4.375000e-01	2.673349e-02
-4.350000e-01	3.238232e-02
-4.325000e-01	3.947647e-02
-4.300000e-01	4.701989e-02
-4.275000e-01	5.253105e-02
-4.250000e-01	5.320861e-02
-4.225000e-01	4.885467e-02
-4.200000e-01	4.215264e-02
-4.175000e-01	3.579652e-02
-4.150000e-01	3.099872e-02
-4.125000e-01	2.790227e-02
-4.100000e-01	2.618791e-02
-4.075000e-01	2.539289e-02
-4.050000e-01	2.520742e-02
-4.025000e-01	2.570944e-02
-4.000000e-01	2.716938e-02
-3.975000e-01	2.958403e-02
-3.950000e-01	3.224531e-02
-3.925000e-01	3.364123e-02
-3.900000e-01	3.245610e-02
-3.875000e-01	2.901000e-02
-3.850000e-01	2.481126e-02
-3.825000e-01	2.104409e-02
-3.800000e-01	1.812967e-02
-3.775000e-01	1.605918e-02
-3.750000e-01	1.470160e-02
-3.725000e-01	1.393564e-02
-3.700000e-01	1.368714e-02
-3.675000e-01	1.393461e-02
-3.650000e-01	1.470698e-02
-3.625000e-01	1.607456e-02
-3.600000e-01	1.811419e-02
-3.575000e-01	2.079899e-02
-3.550000e-01	2.375898e-02
-3.525000e-01	2.606630e-02
-3.500000e-01	2.666415e-02
-3.475000e-01	2.547941e-02
-3.450000e-01	2.355790e-02
-3.425000e-01	2.198556e-02
-3.400000e-01	2.131924e-02
-3.375000e-01	2.175881e-02
-3.350000e-01	2.340006e-02
-3.325000e-01	2.631264e-02
-3.300000e-01	3.040370e-02
-3.275000e-01	3.502558e-02
-3.250000e-01	3.858672e-02
-3.225000e-01	3.920941e-02
-3.200000e-01	3.662321e-02
-3.175000e-01	3.251431e-02
-3.150000e-01	2.870062e-02
-3.125000e-01	2.607615e-02
-3.100000e-01	2.486270e-02
-3.075000e-01	2.503790e-02
-3.050000e-01	2.648683e-02
-3.025000e-01	2.887831e-02
-3.000000e-01	3.139988e-02
-2.975000e-01	3.287812e-02
-2.950000e-01	3.279505e-02
-2.925000e-01	3.196924e-02
-2.900000e-01	3.163931e-02
-2.875000e-01	3.236587e-02
-2.850000e-01	3.368709e-02
-2.825000e-01	3.427190e-02
-2.800000e-01	3.293428e-02
-2.775000e-01	2.992600e-02
-2.750000e-01	2.654786e-02
-2.725000e-01	2.384449e-02
-2.700000e-01	2.223269e-02
-2.675000e-01	2.178456e-02
-2.650000e-01	2.245613e-02
-2.625000e-01	2.408211e-02
-2.600000e-01	2.615611e-02
-2.575000e-01	2.763036e-02
-2.550000e-01	2.739772e-02
-2.525000e-01	2.540680e-02
-2.500000e-01	2.269481e-02
-2.475000e-01	2.027225e-02
-2.450000e-01	1.859145e-02
-2.425000e-01	1.772370e-02
-2.400000e-01	1.758109e-02
-2.375000e-01	1.796841e-02
-2.350000e-01	1.855619e-02
-2.325000e-01	1.900794e-02
-2.300000e-01	1.930762e-02
-2.275000e-01	1.981246e-02
-2.250000e-01	2.094500e-02
-2.225000e-01	2.302934e-02
-2.200000e-01	2.634318e-02
-2.175000e-01	3.116138e-02
-2.150000e-01	3.763185e-02
-2.125000e-01	4.532589e-02
-2.100000e-01	5.247960e-02
-2.075000e-01	5.598323e-02
-2.050000e-01	5.377547e-02
-2.025000e-01	4.726944e-02
-2.000000e-01	3.963944e-02
-1.975000e-01	3.300989e-02
-1.950000e-01	2.804116e-02
-1.925000e-01	2.467563e-02
-1.900000e-01	2.268523e-02
-1.875000e-01	2.187914e-02
-1.850000e-01	2.212681e-02
-1.825000e-01	2.326419e-02
-1.800000e-01	2.488174e-02
-1.775000e-01	2.614199e-02
-1.750000e-01	2.614287e-02
-1.725000e-01	2.481990e-02
-1.700000e-01	2.299834e-02
-1.675000e-01	2.145692e-02
-1.650000e-01	2.043318e-02
-1.625000e-01	1.981396e-02
-1.600000e-01	1.952234e-02
-1.575000e-01	1.967317e-02
-1.550000e-01	2.040950e-02
-1.525000e-01	2.176137e-02
-1.500000e-01	2.372185e-02
-1.475000e-01	2.644258e-02
-1.450000e-01	3.021825e-02
-1.425000e-01	3.510315e-02
-1.400000e-01	4.032927e-02
-1.375000e-01	4.396763e-02
-1.350000e-01	4.400058e-02
-1.325000e-01	4.050158e-02
-1.300000e-01	3.556169e-02
-1.275000e-01	3.112127e-02
-1.250000e-01	2.803686e-02
-1.225000e-01	2.647875e-02
-1.200000e-01	2.640859e-02
-1.175000e-01	2.776440e-02
-1.150000e-01	3.038517e-02
-1.125000e-01	3.369033e-02
-1.100000e-01	3.632321e-02
-1.075000e-01	3.662060e-02
-1.050000e-01	3.420274e-02
-1.025000e-01	3.041279e-02
-1.000000e-01	2.680536e-02
-9.750000e-02	2.415637e-02
-9.500000e-02	2.262319e-02
-9.250000e-02	2.209303e-02
-9.000000e-02	2.232208e-02
-8.750000e-02	2.298797e-02
-8.500000e-02	2.384852e-02
-8.250000e-02	2.482630e-02
-8.000000e-02	2.578201e-02
-7.750000e-02	2.651153e-02
-7.500000e-02	2.719764e-02
-7.250000e-02	2.846018e-02
-7.000000e-02	3.086547e-02
-6.750000e-02	3.453529e-02
-6.500000e-02	3.880942e-02
-6.250000e-02	4.196794e-02
-6.000000e-02	4.204127e-02
-5.750000e-02	3.880822e-02
-5.500000e-02	3.403893e-02
-5.250000e-02	2.955553e-02
-5.000000e-02	2.619004e-02
-4.750000e-02	2.405763e-02
-4.500000e-02	2.297048e-02
-4.250000e-02	2.260928e-02
-4.000000e-02	2.264006e-02
-3.750000e-02	2.295167e-02
-3.500000e-02	2.374903e-02
-3.250000e-02	2.527840e-02
-3.000000e-02	2.747187e-02
-2.750000e-02	2.968772e-02
-2.500000e-02	3.082603e-02
-2.250000e-02	3.026469e-02
-2.000000e-02	2.859046e-02
-1.750000e-02	2.681293e-02
-1.500000e-02	2.534928e-02
-1.250000e-02	2.400051e-02
-1.000000e-02	2.255374e-02
-7.500000e-03	2.114881e-02
-5.000000e-03	2.001575e-02
-2.500000e-03	1.917037e-02
-6.394885e-14	1.846382e-02
2.500000e-03	1.781410e-02
5.000000e-03	1.728602e-02
7.500000e-03	1.696776e-02
1.000000e-02	1.688947e-02
1.250000e-02	1.703910e-02
1.500000e-02	1.739377e-02
1.750000e-02	1.793496e-02
2.000000e-02	1.865255e-02
2.250000e-02	1.954480e-02
2.500000e-02	2.061751e-02
2.750000e-02	2.188352e-02
3.000000e-02	2.336259e-02
3.250000e-02	2.508194e-02
3.500000e-02	2.707731e-02
3.750000e-02	2.939464e-02
4.000000e-02	3.209255e-02
4.250000e-02	3.524584e-02
4.500000e-02	3.895034e-02
4.750000e-02	4.332973e-02
5.000000e-02	4.854503e-02
5.250000e-02	5.480823e-02
5.500000e-02	6.240171e-02
5.750000e-02	7.170657e-02
6.000000e-02	8.324413e-02
6.250000e-02	9.773732e-02
6.500000e-02	1.162014e-01
6.750000e-02	1.400761e-01
7.000000e-02	1.714098e-01
7.250000e-02	2.130824e-01
7.500000e-02	2.689652e-01
7.750000e-02	3.436162e-01
8.000000e-02	4.403439e-01
8.250000e-02	5.552558e-01
8.500000e-02	6.662842e-01
8.750000e-02	7.294053e-01
9.000000e-02	7.084686e-01
9.250000e-02	6.163689e-01
9.500000e-02	4.991118e-01
9.750000e-02	3.914388e-01
1.000000e-01	3.053095e-01
1.025000e-01	2.400888e-01
1.050000e-01	1.914471e-01
1.075000e-01	1.550520e-01
1.100000e-01	1.275084e-01
1.125000e-01	1.063593e-01
1.150000e-01	8.987135e-02
1.175000e-01	7.682551e-02
1.200000e-01	6.635862e-02
1.225000e-01	5.785223e-02
1.250000e-01	5.085728e-02
1.275000e-01	4.504312e-02
1.300000e-01	4.016288e-02
1.325000e-01	3.602982e-02
1.350000e-01	3.250090e-02
1.375000e-01	2.946524e-02
1.400000e-01	2.683598e-02
1.425000e-01	2.454434e-02
1.450000e-01	2.253536e-02
1.475000e-01	2.076472e-02
1.500000e-01	1.919638e-02
1.525000e-01	1.780082e-02
1.550000e-01	1.655367e-02
1.575000e-01	1.543469e-02
1.600000e-01	1.442696e-02
1.625000e-01	1.351624e-02
1.650000e-01	1.269048e-02
1.675000e-01	1.193946e-02
1.700000e-01	1.125443e-02
1.725000e-01	1.062787e-02
1.750000e-01	1.005333e-02
1.775000e-01	9.525182e-03
1.800000e-01	9.038569e-03
1.825000e-01	8.589238e-03
1.850000e-01	8.173469e-03
1.875000e-01	7.787993e-03
1.900000e-01	7.429928e-03
1.925000e-01	7.096730e-03
1.950000e-01	6.786138e-03
1.975000e-01	6.496147e-03
2.000000e-01	6.224966e-03
2.025000e-01	5.970995e-03
2.050000e-01	5.732802e-03
2.075000e-01	5.509099e-03
2.100000e-01	5.298728e-03
2.125000e-01	5.100645e-03
2.150000e-01	4.913905e-03
2.175000e-01	4.737652e-03
2.200000e-01	4.571111e-03
2.225000e-01	4.413576e-03
2.250000e-01	4.264405e-03
2.275000e-01	4.123011e-03
2.300000e-01	3.988858e-03
2.325000e-01	3.861458e-03
2.350000e-01	3.740359e-03
2.375000e-01	3.625150e-03
2.400000e-01	3.515452e-03
2.425000e-01	3.410915e-03
2.450000e-01	3.311218e-03
2.475000e-01	3.216063e-03
2.500000e-01	3.125176e-03
2.525000e-01	3.038303e-03
2.550000e-01	2.955209e-03
2.575000e-01	2.875675e-03
2.600000e-01	2.799498e-03
2.625000e-01	2.726491e-03
2.650000e-01	2.656477e-03
2.675000e-01	2.589294e-03
2.700000e-01	2.524789e-03
2.725000e-01	2.462819e-03
2.750000e-01	2.403253e-03
2.775000e-01	2.345965e-03
2.800000e-01	2.290840e-03
2.825000e-01	2.237769e-03
2.850000e-01	2.186650e-03
2.875000e-01	2.137386e-03
2.900000e-01	2.089889e-03
2.925000e-01	2.044072e-03
2.950000e-01	1.999858e-03
2.975000e-01	1.957170e-03
3.000000e-01	1.915939e-03
3.025000e-01	1.876098e-03
3.050000e-01	1.837584e-03
3.075000e-01	1.800338e-03
3.100000e-01	1.764305e-03
3.125000e-01	1.729431e-03
3.150000e-01	1.695666e-03
3.175000e-01	1.662963e-03
3.200000e-01	1.631278e-03
3.225000e-01	1.600568e-03
3.250000e-01	1.570792e-03
3.275000e-01	1.541913e-03
3.300000e-01	1.513895e-03
3.325000e-01	1.486702e-03
3.350000e-01	1.460303e-03
3.375000e-01	1.434665e-03
3.400000e-01	1.409761e-03
3.425000e-01	1.385560e-03
3.450000e-01	1.362038e-03
3.475000e-01	1.339168e-03
3.500000e-01	1.316925e-03
3.525000e-01	1.295288e-03
3.550000e-01	1.274233e-03
3.575000e-01	1.253739e-03
3.600000e-01	1.233787e-03
3.625000e-01	1.214357e-03
3.650000e-01	1.195431e-03
3.675000e-01	1.176991e-03
3.700000e-01	1.159020e-03
3.725000e-01	1.141502e-03
3.750000e-01	1.124423e-03
3.775000e-01	1.107766e-03
3.800000e-01	1.091518e-03
3.825000e-01	1.075666e-03
3.850000e-01	1.060196e-03
3.875000e-01	1.045097e-03
3.900000e-01	1.030355e-03
3.925000e-01	1.015960e-03
3.950000e-01	1.001901e-03
3.975000e-01	9.881669e-04
4.000000e-01	9.747477e-04
4.025000e-01	9.616337e-04
4.050000e-01	9.488155e-04
4.075000e-01	9.362842e-04
4.100000e-01	9.240310e-04
4.125000e-01	9.120477e-04
4.150000e-01	9.003262e-04
4.175000e-01	8.888587e-04
4.200000e-01	8.776379e-04
4.225000e-01	8.666566e-04
4.250000e-01	8.559079e-04
4.275000e-01	8.453851e-04
4.300000e-01	8.350818e-04
4.325000e-01	8.249919e-04
4.350000e-01	8.151092e-04
4.375000e-01	8.054282e-04
4.400000e-01	7.959432e-04
4.425000e-01	7.866489e-04
4.450000e-01	7.775401e-04
4.475000e-01	7.686117e-04
4.500000e-01	7.598590e-04
4.525000e-01	7.512773e-04
4.550000e-01	7.428621e-04
4.575000e-01	7.346089e-04
4.600000e-01	7.265136e-04
4.625000e-01	7.185722e-04
4.650000e-01	7.107805e-04
4.675000e-01	7.031349e-04
4.700000e-01	6.956316e-04
4.725000e-01	6.882670e-04
4.750000e-01	6.810377e-04
4.775000e-01	6.739403e-04
4.800000e-01	6.669715e-04
4.825000e-01	6.601282e-04
4.850000e-01	6.534074e-04
4.875000e-01	6.468061e-04
4.900000e-01	6.403213e-04
4.925000e-01	6.339504e-04
4.950000e-01	6.276905e-04
4.975000e-01	6.215392e-04
5.000000e-01	6.154938e-04
5.025000e-01	6.095519e-04
5.050000e-01	6.037111e-04
5.075000e-01	5.979691e-04
5.100000e-01	5.923235e-04
5.125000e-01	5.867723e-04
5.150000e-01	5.813132e-04
5.175000e-01	5.759442e-04
5.200000e-01	5.706634e-04
5.225000e-01	5.654687e-04
5.250000e-01	5.603582e-04
5.275000e-01	5.553301e-04
5.300000e-01	5.503826e-04
5.325000e-01	5.455140e-04
5.350000e-01	5.407225e-04
5.375000e-01	5.360066e-04
5.400000e-01	5.313645e-04
5.425000e-01	5.267948e-04
5.450000e-01	5.222958e-04
5.475000e-01	5.178662e-04
5.500000e-01	5.135045e-04
5.525000e-01	5.092092e-04
5.550000e-01	5.049791e-04
5.575000e-01	5.008127e-04
5.600000e-01	4.967088e-04
5.625000e-01	4.926661e-04
5.650000e-01	4.886834e-04
5.675000e-01	4.847595e-04
5.700000e-01	4.808932e-04
5.725000e-01	4.770834e-04
5.750000e-01	4.733289e-04
5.775000e-01	4.696287e-04
5.800000e-01	4.659816e-04
5.825000e-01	4.623868e-04
5.850000e-01	4.588432e-04
5.875000e-01	4.553497e-04
5.900000e-01	4.519055e-04
5.925000e-01	4.485095e-04
5.950000e-01	4.451610e-04
5.975000e-01	4.418590e-04
6.000000e-01	4.386025e-04
6.025000e-01	4.353909e-04
6.050000e-01	4.322232e-04
6.075000e-01	4.290986e-04
6.100000e-01	4.260164e-04
6.125000e-01	4.229758e-04
6.150000e-01	4.199760e-04
6.175000e-01	4.170163e-04
6.200000e-01	4.140959e-04
6.225000e-01	4.112143e-04
6.250000e-01	4.083705e-04
6.275000e-01	4.055641e-04
6.300000e-01	4.027944e-04
6.325000e-01	4.000606e-04
6.350000e-01	3.973623e-04
6.375000e-01	3.946986e-04
6.400000e-01	3.920692e-04
6.425000e-01	3.894733e-04
6.450000e-01	3.869104e-04
6.475000e-01	3.843800e-04
6.500000e-01	3.818814e-04
6.525000e-01	3.794142e-04
6.550000e-01	3.769779e-04
6.575000e-01	3.745718e-04
6.600000e-01	3.721955e-04
6.625000e-01	3.698486e-04
6.650000e-01	3.675305e-04
6.675000e-01	3.652407e-04
6.700000e-01	3.629789e-04
6.725000e-01	3.607444e-04
6.750000e-01	3.585370e-04
6.775000e-01	3.563561e-04
6.800000e-01	3.542014e-04
6.825000e-01	3.520724e-04
6.850000e-01	3.499687e-04
6.875000e-01	3.478899e-04
6.900000e-01	3.458356e-04
6.925000e-01	3.438055e-04
6.950000e-01	3.417991e-04
6.975000e-01	3.398161e-04
7.000000e-01	3.378561e-04
7.025000e-01	3.359188e-04
7.050000e-01	3.340038e-04
7.075000e-01	3.321108e-04
7.100000e-01	3.302394e-04
7.125000e-01	3.283894e-04
7.150000e-01	3.265603e-04
7.175000e-01	3.247520e-04
7.200000e-01	3.229640e-04
7.225000e-01	3.211961e-04
7.250000e-01	3.194479e-04
7.275000e-01	3.177193e-04
7.300000e-01	3.160098e-04
7.325000e-01	3.143192e-04
7.350000e-01	3.126473e-04
7.375000e-01	3.109938e-04
7.400000e-01	3.093584e-04
7.425000e-01	3.077408e-04
7.450000e-01	3.061408e-04
7.475000e-01	3.045581e-04
7.500000e-01	3.029925e-04
7.525000e-01	3.014438e-04
7.550000e-01	2.999117e-04
7.575000e-01	2.983959e-04
7.600000e-01	2.968963e-04
7.625000e-01	2.954126e-04
7.650000e-01	2.939447e-04
7.675000e-01	2.924922e-04
7.700000e-01	2.910550e-04
7.725000e-01	2.896329e-04
7.750000e-01	2.882256e-04
7.775000e-01	2.868330e-04
7.800000e-01	2.854548e-04
7.825000e-01	2.840909e-04
7.850000e-01	2.827411e-04
7.875000e-01	2.814052e-04
7.900000e-01	2.800829e-04
7.925000e-01	2.787742e-04
7.950000e-01	2.774788e-04
7.975000e-01	2.761966e-04
8.000000e-01	2.749274e-04
8.025000e-01	2.736710e-04
8.050000e-01	2.724273e-04
8.075000e-01	2.711960e-04
8.100000e-01	2.699771e-04
8.125000e-01	2.687704e-04
8.150000e-01	2.675757e-04
8.175000e-01	2.663928e-04
8.200000e-01	2.652217e-04
8.225000e-01	2.640621e-04
8.250000e-01	2.629140e-04
8.275000e-01	2.617771e-04
8.300000e-01	2.606513e-04
8.325000e-01	2.595366e-04
8.350000e-01	2.584327e-04
8.375000e-01	2.573396e-04
8.400000e-01	2.562570e-04
8.425000e-01	2.551849e-04
8.450000e-01	2.541232e-04
8.475000e-01	2.530716e-04
8.500000e-01	2.520302e-04
8.525000e-01	2.509987e-04
8.550000e-01	2.499771e-04
8.575000e-01	2.489652e-04
8.600000e-01	2.479629e-04
8.625000e-01	2.469701e-04
8.650000e-01	2.459867e-04
8.675000e-01	2.450126e-04
8.700000e-01	2.440476e-04
8.725000e-01	2.430917e-04
8.750000e-01	2.421448e-04
8.775000e-01	2.412067e-04
8.800000e-01	2.402773e-04
8.825000e-01	2.393566e-04
8.850000e-01	2.384445e-04
8.875000e-01	2.375408e-04
8.900000e-01	2.366455e-04
8.925000e-01	2.357584e-04
8.950000e-01	2.348795e-04
8.975000e-01	2.340086e-04
9.000000e-01	2.331458e-04
9.025000e-01	2.322908e-04
9.050000e-01	2.314437e-04
9.075000e-01	2.306043e-04
9.100000e-01	2.297725e-04
9.125000e-01	2.289482e-04
9.150000e-01	2.281315e-04
9.175000e-01	2.273221e-04
9.200000e-01	2.265200e-04
9.225000e-01	2.257252e-04
9.250000e-01	2.249375e-04
9.275000e-01	2.241569e-04
9.300000e-01	2.233832e-04
9.325000e-01	2.226166e-04
9.350000e-01	2.218567e-04
9.375000e-01	2.211037e-04
9.400000e-01	2.203573e-04
9.425000e-01	2.196176e-04
9.450000e-01	2.188844e-04
9.475000e-01	2.181578e-04
9.500000e-01	2.174375e-04
9.525000e-01	2.167237e-04
9.550000e-01	2.160161e-04
9.575000e-01	2.153148e-04
9.600000e-01	2.146197e-04
9.625000e-01	2.139306e-04
9.650000e-01	2.132476e-04
9.675000e-01	2.125706e-04
9.700000e-01	2.118996e-04
9.725000e-01	2.112343e-04
9.750000e-01	2.105749e-04
9.775000e-01	2.099213e-04
9.800000e-01	2.092733e-04
9.825000e-01	2.086310e-04
9.850000e-01	2.079943e-04
9.875000e-01	2.073631e-04
9.900000e-01	2.067373e-04
9.925000e-01	2.061170e-04
9.950000e-01	2.055021e-04
9.975000e-01	2.048925e-04
1.000000e+00	2.042881e-04
1.002500e+00	2.036890e-04
1.005000e+00	2.030950e-04
1.007500e+00	2.025062e-04
1.010000e+00	2.019224e-04
1.012500e+00	2.013437e-04
1.015000e+00	2.007699e-04
1.017500e+00	2.002010e-04
1.020000e+00	1.996371e-04
1.022500e+00	1.990780e-04
1.025000e+00	1.985236e-04
1.027500e+00	1.979741e-04
1.030000e+00	1.974292e-04
1.032500e+00	1.968890e-04
1.035000e+00	1.963535e-04
1.037500e+00	1.958225e-04
1.040000e+00	1.952961e-04
1.042500e+00	1.947741e-04
1.045000e+00	1.942567e-04
1.047500e+00	1.937436e-04
1.050000e+00	1.932349e-04
1.052500e+00	1.927306e-04
1.055000e+00	1.922306e-04
1.057500e+00	1.917349e-04
1.060000e+00	1.912434e-04
1.062500e+00	1.907561e-04
1.065000e+00	1.902730e-04
1.067500e+00	1.897939e-04
1.070000e+00	1.893190e-04
1.072500e+00	1.888482e-04
1.075000e+00	1.883814e-04
1.077500e+00	1.879185e-04
1.080000e+00	1.874596e-04
1.082500e+00	1.870047e-04
1.085000e+00	1.865536e-04
1.087500e+00	1.861064e-04
1.090000e+00	1.856631e-04
1.092500e+00	1.852235e-04
1.095000e+00	1.847877e-04
1.097500e+00	1.843557e-04
1.100000e+00	1.839273e-04
1.102500e+00	1.835027e-04
1.105000e+00	1.830817e-04
1.107500e+00	1.826643e-04
1.110000e+00	1.822505e-04
1.112500e+00	1.818403e-04
1.115000e+00	1.814336e-04
1.117500e+00	1.810304e-04
1.120000e+00	1.806308e-04
1.122500e+00	1.802345e-04
1.125000e+00	1.798418e-04
1.127500e+00	1.794524e-04
1.130000e+00	1.790664e-04
1.132500e+00	1.786838e-04
1.135000e+00	1.783045e-04
1.137500e+00	1.779285e-04
1.140000e+00	1.775558e-04
1.142500e+00	1.771864e-04
1.145000e+00	1.768202e-04
1.147500e+00	1.764572e-04
1.150000e+00	1.760974e-04
1.152500e+00	1.757408e-04
1.155000e+00	1.753873e-04
1.157500e+00	1.750370e-04
1.160000e+00	1.746897e-04
1.162500e+00	1.743456e-04
1.165000e+00	1.740045e-04
1.167500e+00	1.736665e-04
1.170000e+00	1.733314e-04
1.172500e+00	1.729994e-04
1.175000e+00	1.726704e-04
1.177500e+00	1.723443e-04
1.180000e+00	1.720212e-04
1.182500e+00	1.717010e-04
1.185000e+00	1.713837e-04
1.187500e+00	1.710693e-04
1.190000e+00	1.707578e-04
1.192500e+00	1.704491e-04
1.195000e+00	1.701432e-04
1.197500e+00	1.698402e-04
1.200000e+00	1.695400e-04
1.202500e+00	1.692425e-04
1.205000e+00	1.689478e-04
1.207500e+00	1.686559e-04
1.210000e+00	1.683667e-04
1.212500e+00	1.680802e-04
1.215000e+00	1.677964e-04
1.217500e+00	1.675153e-04
1.220000e+00	1.672369e-04
1.222500e+00	1.669611e-04
1.225000e+00	1.666880e-04
1.227500e+00	1.664175e-04
1.230000e+00	1.661496e-04
1.232500e+00	1.658843e-04
1.235000e+00	1.656216e-04
1.237500e+00	1.653614e-04
1.240000e+00	1.651038e-04
1.242500e+00	1.648488e-04
1.245000e+00	1.645962e-04
1.247500e+00	1.643462e-04
1.250000e+00	1.640987e-04
1.252500e+00	1.638537e-04
1.255000e+00	1.636112e-04
1.257500e+00	1.633711e-04
1.260000e+00	1.631335e-04
1.262500e+00	1.628984e-04
1.265000e+00	1.626656e-04
1.267500e+00	1.624353e-04
1.270000e+00	1.622074e-04
1.272500e+00	1.619819e-04
1.275000e+00	1.617588e-04
1.277500e+00	1.615381e-04
1.280000e+00	1.613197e-04
1.282500e+00	1.611037e-04
1.285000e+00	1.608900e-04
1.287500e+00	1.606786e-04
1.290000e+00	1.604696e-04
1.292500e+00	1.602629e-04
1.295000e+00	1.600586e-04
1.297500e+00	1.598565e-04
1.300000e+00	1.596567e-04
1.302500e+00	1.594592e-04
1.305000e+00	1.592639e-04
1.307500e+00	1.590710e-04
1.310000e+00	1.588802e-04
1.312500e+00	1.586918e-04
1.315000e+00	1.585055e-04
1.317500e+00	1.583216e-04
1.320000e+00	1.581398e-04
1.322500e+00	1.579602e-04
1.325000e+00	1.577829e-04
1.327500e+00	1.576078e-04
1.330000e+00	1.574348e-04
1.332500e+00	1.572641e-04
1.335000e+00	1.570955e-04
1.337500e+00	1.569291e-04
1.340000e+00	1.567649e-04
1.342500e+00	1.566029e-04
1.345000e+00	1.564430e-04
1.347500e+00	1.562853e-04
1.350000e+00	1.561297e-04
1.352500e+00	1.559763e-04
1.355000e+00	1.558250e-04
1.357500e+00	1.556758e-04
1.360000e+00	1.555288e-04
1.362500e+00	1.553839e-04
1.365000e+00	1.552411e-04
1.367500e+00	1.551004e-04
1.370000e+00	1.549619e-04
1.372500e+00	1.548254e-04
1.375000e+00	1.546911e-04
1.377500e+00	1.545588e-04
1.380000e+00	1.544287e-04
1.382500e+00	1.543006e-04
1.385000e+00	1.541747e-04
1.387500e+00	1.540508e-04
1.390000e+00	1.539290e-04
1.392500e+00	1.538094e-04
1.395000e+00	1.536917e-04
1.397500e+00	1.535762e-04
1.400000e+00	1.534628e-04
1.402500e+00	1.533514e-04
1.405000e+00	1.532421e-04
1.407500e+00	1.531348e-04
1.410000e+00	1.530297e-04
1.412500e+00	1.529266e-04
1.415000e+00	1.528256e-04
1.417500e+00	1.527266e-04
1.420000e+00	1.526297e-04
1.422500e+00	1.525349e-04
1.425000e+00	1.524421e-04
1.427500e+00	1.523515e-04
1.430000e+00	1.522628e-04
1.432500e+00	1.521763e-04
1.435000e+00	1.520918e-04
1.437500e+00	1.520094e-04
1.440000e+00	1.519291e-04
1.442500e+00	1.518508e-04
1.445000e+00	1.517746e-04
1.447500e+00	1.517005e-04
1.450000e+00	1.516284e-04
1.452500e+00	1.515584e-04
1.455000e+00	1.514905e-04
1.457500e+00	1.514247e-04
1.460000e+00	1.513610e-04
1.462500e+00	1.512993e-04
1.465000e+00	1.512398e-04
1.467500e+00	1.511823e-04
1.470000e+00	1.511269e-04
1.472500e+00	1.510737e-04
1.475000e+00	1.510225e-04
1.477500e+00	1.509734e-04
1.480000e+00	1.509265e-04
1.482500e+00	1.508817e-04
1.485000e+00	1.508389e-04
1.487500e+00	1.507983e-04
1.490000e+00	1.507599e-04
1.492500e+00	1.507235e-04
1.495000e+00	1.506893e-04
1.497500e+00	1.506573e-04
1.500000e+00	1.506274e-04
1.502500e+00	1.505996e-04
1.505000e+00	1.505740e-04
1.507500e+00	1.505506e-04
1.510000e+00	1.505294e-04
1.512500e+00	1.505103e-04
1.515000e+00	1.504935e-04
1.517500e+00	1.504788e-04
1.520000e+00	1.504663e-04
1.522500e+00	1.504561e-04
1.525000e+00	1.504481e-04
1.527500e+00	1.504423e-04
1.530000e+00	1.504387e-04
1.532500e+00	1.504374e-04
1.535000e+00	1.504383e-04
1.537500e+00	1.504415e-04
1.540000e+00	1.504470e-04
1.542500e+00	1.504548e-04
1.545000e+00	1.504649e-04
1.547500e+00	1.504773e-04
1.550000e+00	1.504920e-04
1.552500e+00	1.505090e-04
1.555000e+00	1.505284e-04
1.557500e+00	1.505501e-04
1.560000e+00	1.505742e-04
1.562500e+00	1.506007e-04
1.565000e+00	1.506295e-04
1.567500e+00	1.506608e-04
1.570000e+00	1.506945e-04
1.572500e+00	1.507306e-04
1.575000e+00	1.507692e-04
1.577500e+00	1.508102e-04
1.580000e+00	1.508537e-04
1.582500e+00	1.508997e-04
1.585000e+00	1.509483e-04
1.587500e+00	1.509993e-04
1.590000e+00	1.510529e-04
1.592500e+00	1.511090e-04
1.595000e+00	1.511678e-04
1.597500e+00	1.512291e-04
1.600000e+00	1.512930e-04
1.602500e+00	1.513595e-04
1.605000e+00	1.514288e-04
1.607500e+00	1.515006e-04
1.610000e+00	1.515752e-04
1.612500e+00	1.516525e-04
1.615000e+00	1.517325e-04
1.617500e+00	1.518153e-04
1.620000e+00	1.519008e-04
1.622500e+00	1.519891e-04
1.625000e+00	1.520803e-04
1.627500e+00	1.521743e-04
1.630000e+00	1.522712e-04
1.632500e+00	1.523709e-04
1.635000e+00	1.524736e-04
1.637500e+00	1.525792e-04
1.640000e+00	1.526878e-04
1.642500e+00	1.527994e-04
1.645000e+00	1.529140e-04
1.647500e+00	1.530317e-04
1.650000e+00	1.531524e-04
1.652500e+00	1.532763e-04
1.655000e+00	1.534033e-04
1.657500e+00	1.535335e-04
1.660000e+00	1.536668e-04
1.662500e+00	1.538035e-04
1.665000e+00	1.539433e-04
1.667500e+00	1.540865e-04
1.670000e+00	1.542330e-04
1.672500e+00	1.543829e-04
1.675000e+00	1.545362e-04
1.677500e+00	1.546930e-04
1.680000e+00	1.548532e-04
1.682500e+00	1.550170e-04
1.685000e+00	1.551843e-04
1.687500e+00	1.553552e-04
1.690000e+00	1.555297e-04
1.692500e+00	1.557080e-04
1.695000e+00	1.558899e-04
1.697500e+00	1.560757e-04
1.700000e+00	1.562652e-04
1.702500e+00	1.564587e-04
1.705000e+00	1.566560e-04
1.707500e+00	1.568573e-04
1.710000e+00	1.570626e-04
1.712500e+00	1.572720e-04
1.715000e+00	1.574854e-04
1.717500e+00	1.577031e-04
1.720000e+00	1.579249e-04
1.722500e+00	1.581511e-04
1.725000e+00	1.583815e-04
1.727500e+00	1.586164e-04
1.730000e+00	1.588557e-04
1.732500e+00	1.590996e-04
1.735000e+00	1.593480e-04
1.737500e+00	1.596010e-04
1.740000e+00	1.598588e-04
1.742500e+00	1.601213e-04
1.745000e+00	1.603887e-04
1.747500e+00	1.606609e-04
1.750000e+00	1.609382e-04
1.752500e+00	1.612205e-04
1.755000e+00	1.615080e-04
1.757500e+00	1.618007e-04
1.760000e+00	1.620987e-04
1.762500e+00	1.624021e-04
1.765000e+00	1.627109e-04
1.767500e+00	1.630253e-04
1.770000e+00	1.633454e-04
1.772500e+00	1.636711e-04
1.775000e+00	1.640027e-04
1.777500e+00	1.643402e-04
1.780000e+00	1.646838e-04
1.782500e+00	1.650335e-04
1.785000e+00	1.653894e-04
1.787500e+00	1.657516e-04
1.790000e+00	1.661203e-04
1.792500e+00	1.664955e-04
1.795000e+00	1.668775e-04
1.797500e+00	1.672662e-04
1.800000e+00	1.676618e-04
1.802500e+00	1.680645e-04
1.805000e+00	1.684744e-04
1.807500e+00	1.688916e-04
1.810000e+00	1.693162e-04
1.812500e+00	1.697484e-04
1.815000e+00	1.701884e-04
1.817500e+00	1.706363e-04
1.820000e+00	1.710922e-04
1.822500e+00	1.715563e-04
1.825000e+00	1.720287e-04
1.827500e+00	1.725097e-04
1.830000e+00	1.729994e-04
1.832500e+00	1.734980e-04
1.835000e+00	1.740057e-04
1.837500e+00	1.745227e-04
1.840000e+00	1.750491e-04
1.842500e+00	1.755852e-04
1.845000e+00	1.761311e-04
1.847500e+00	1.766872e-04
1.850000e+00	1.772536e-04
1.852500e+00	1.778305e-04
1.855000e+00	1.784183e-04
1.857500e+00	1.790171e-04
1.860000e+00	1.796271e-04
1.862500e+00	1.802488e-04
1.865000e+00	1.808823e-04
1.867500e+00	1.815279e-04
1.870000e+00	1.821859e-04
1.872500e+00	1.828566e-04
1.875000e+00	1.835404e-04
1.877500e+00	1.842376e-04
1.880000e+00	1.849484e-04
1.882500e+00	1.856733e-04
1.885000e+00	1.864126e-04
1.887500e+00	1.871668e-04
1.890000e+00	1.879361e-04
1.892500e+00	1.887210e-04
1.895000e+00	1.895220e-04
1.897500e+00	1.903394e-04
1.900000e+00	1.911738e-04
1.902500e+00	1.920255e-04
1.905000e+00	1.928952e-04
1.907500e+00	1.937833e-04
1.910000e+00	1.946904e-04
1.912500e+00	1.956171e-04
1.915000e+00	1.965638e-04
1.917500e+00	1.975313e-04
1.920000e+00	1.985202e-04
1.922500e+00	1.995312e-04
1.925000e+00	2.005649e-04
1.927500e+00	2.016221e-04
1.930000e+00	2.027036e-04
1.932500e+00	2.038102e-04
1.935000e+00	2.049427e-04
1.937500e+00	2.061021e-04
1.940000e+00	2.072892e-04
1.942500e+00	2.085050e-04
1.945000e+00	2.097507e-04
1.947500e+00	2.110272e-04
1.950000e+00	2.123357e-04
1.952500e+00	2.136774e-04
1.955000e+00	2.150536e-04
1.957500e+00	2.164657e-04
1.960000e+00	2.179150e-04
1.962500e+00	2.194032e-04
1.965000e+00	2.209317e-04
1.967500e+00	2.225023e-04
1.970000e+00	2.241168e-04
1.972500e+00	2.257770e-04
1.975000e+00	2.274852e-04
1.977500e+00	2.292433e-04
1.980000e+00	2.310539e-04
1.982500e+00	2.329192e-04
1.985000e+00	2.348421e-04
1.987500e+00	2.368252e-04
1.990000e+00	2.388719e-04
1.992500e+00	2.409852e-04
1.995000e+00	2.431688e-04
1.997500e+00	2.454264e-04
2.000000e+00	2.477624e-04
2.002500e+00	2.501811e-04
2.005000e+00	2.526874e-04
2.007500e+00	2.552867e-04
2.010000e+00	2.579848e-04
2.012500e+00	2.607880e-04
2.015000e+00	2.637034e-04
2.017500e+00	2.667387e-04
2.020000e+00	2.699022e-04
2.022500e+00	2.732035e-04
2.025000e+00	2.766530e-04
2.027500e+00	2.802624e-04
2.030000e+00	2.840447e-04
2.032500e+00	2.880147e-04
2.035000e+00	2.921889e-04
2.037500e+00	2.965862e-04
2.040000e+00	3.012282e-04
2.042500e+00	3.061395e-04
2.045000e+00	3.113487e-04
2.047500e+00	3.168889e-04
2.050000e+00	3.227987e-04
2.052500e+00	3.291240e-04
2.055000e+00	3.359189e-04
2.057500e+00	3.432485e-04
2.060000e+00	3.511913e-04
2.062500e+00	3.598436e-04
2.065000e+00	3.693242e-04
2.067500e+00	3.797816e-04
2.070000e+00	3.914042e-04
2.072500e+00	4.044338e-04
2.075000e+00	4.191858e-04
2.077500e+00	4.360777e-04
2.080000e+00	4.556706e-04
2.082500e+00	4.787287e-04
2.085000e+00	5.063031e-04
2.087500e+00	5.398384e-04
2.090000e+00	5.812749e-04
2.092500e+00	6.330344e-04
2.095000e+00	6.975788e-04
2.097500e+00	7.760337e-04
2.100000e+00	8.659485e-04
2.102500e+00	9.603886e-04
2.105000e+00	1.050973e-03
2.107500e+00	1.132676e-03
2.110000e+00	1.204011e-03
2.112500e+00	1.263528e-03
2.115000e+00	1.312750e-03
2.117500e+00	1.358088e-03
2.120000e+00	1.400268e-03
2.122500e+00	1.433791e-03
2.125000e+00	1.457763e-03
2.127500e+00	1.477569e-03
2.130000e+00	1.503396e-03
2.132500e+00	1.539122e-03
2.135000e+00	1.570235e-03
2.137500e+00	1.581811e-03
2.140000e+00	1.585457e-03
2.142500e+00	1.606351e-03
2.145000e+00	1.651924e-03
2.147500e+00	1.705538e-03
2.150000e+00	1.751004e-03
2.152500e+00	1.798981e-03
2.155000e+00	1.874442e-03
2.157500e+00	1.985769e-03
2.160000e+00	2.116936e-03
2.162500e+00	2.252137e-03
2.165000e+00	2.405244e-03
2.167500e+00	2.603037e-03
2.170000e+00	2.838721e-03
2.172500e+00	3.056275e-03
2.175000e+00	3.203613e-03
2.177500e+00	3.307576e-03
2.180000e+00	3.447051e-03
2.182500e+00	3.658087e-03
2.185000e+00	3.889396e-03
2.187500e+00	4.048862e-03
2.190000e+00	4.121146e-03
2.192500e+00	4.200834e-03
2.195000e+00	4.382210e-03
2.197500e+00	4.661051e-03
2.200000e+00	4.919171e-03
2.202500e+00	5.018357e-03
2.205000e+00	4.965289e-03
2.207500e+00	4.914977e-03
2.210000e+00	5.011242e-03
2.212500e+00	5.290083e-03
2.215000e+00	5.658202e-03
2.217500e+00	5.919290e-03
2.220000e+00	5.931667e-03
2.222500e+00	5.778384e-03
2.225000e+00	5.675084e-03
2.227500e+00	5.773855e-03
2.230000e+00	6.092498e-03
2.232500e+00	6.502702e-03
2.235000e+00	6.760837e-03
2.237500e+00	6.698400e-03
2.240000e+00	6.419028e-03
2.242500e+00	6.180456e-03
2.245000e+00	6.172030e-03
2.247500e+00	6.458212e-03
2.250000e+00	6.985658e-03
2.252500e+00	7.551326e-03
2.255000e+00	7.833539e-03
2.257500e+00	7.648826e-03
2.260000e+00	7.166832e-03
2.262500e+00	6.713776e-03
2.265000e+00	6.510138e-03
2.267500e+00	6.640361e-03
2.270000e+00	7.101840e-03
2.272500e+00	7.792201e-03
2.275000e+00	8.446183e-03
2.277500e+00	8.698100e-03
2.280000e+00	8.405478e-03
2.282500e+00	7.822321e-03
2.285000e+00	7.312176e-03
2.287500e+00	7.083717e-03
2.290000e+00	7.180862e-03
2.292500e+00	7.534366e-03
2.295000e+00	8.005042e-03
2.297500e+00	8.481380e-03
2.300000e+00	8.929400e-03
2.302500e+00	9.243924e-03
2.305000e+00	9.191344e-03
2.307500e+00	8.695255e-03
2.310000e+00	8.004434e-03
2.312500e+00	7.441969e-03
2.315000e+00	7.193916e-03
2.317500e+00	7.328354e-03
2.320000e+00	7.859053e-03
2.322500e+00	8.740843e-03
2.325000e+00	9.780074e-03
2.327500e+00	1.054973e-02
2.330000e+00	1.058693e-02
2.332500e+00	9.866252e-03
2.335000e+00	8.828726e-03
2.337500e+00	7.913668e-03
2.340000e+00	7.328630e-03
2.342500e+00	7.127490e-03
2.345000e+00	7.318694e-03
2.347500e+00	7.909303e-03
2.350000e+00	8.886079e-03
2.352500e+00	1.012558e-02
2.355000e+00	1.125882e-02
2.357500e+00	1.171736e-02
2.360000e+00	1.120978e-02
2.362500e+00	1.006935e-02
2.365000e+00	8.860361e-03
2.367500e+00	7.928573e-03
2.370000e+00	7.382796e-03
2.372500e+00	7.232150e-03
2.375000e+00	7.473594e-03
2.377500e+00	8.116338e-03
2.380000e+00	9.155544e-03
2.382500e+00	1.048029e-02
2.385000e+00	1.172874e-02
2.387500e+00	1.230643e-02
2.390000e+00	1.186000e-02
2.392500e+00	1.069600e-02
2.395000e+00	9.416275e-03
2.397500e+00	8.412814e-03
2.400000e+00	7.817408e-03
2.402500e+00	7.644400e-03
2.405000e+00	7.885454e-03
2.407500e+00	8.528333e-03
2.410000e+00	9.508737e-03
2.412500e+00	1.060110e-02
2.415000e+00	1.136599e-02
2.417500e+00	1.142613e-02
2.420000e+00	1.089834e-02
2.422500e+00	1.027053e-02
2.425000e+00	9.928359e-03
2.427500e+00	9.965234e-03
2.430000e+00	1.019847e-02
2.432500e+00	1.025885e-02
2.435000e+00	9.886439e-03
2.437500e+00	9.211145e-03
2.440000e+00	8.577829e-03
2.442500e+00	8.239640e-03
2.445000e+00	8.308338e-03
2.447500e+00	8.828119e-03
2.450000e+00	9.806705e-03
2.452500e+00	1.115408e-02
2.455000e+00	1.253456e-02
2.457500e+00	1.331826e-02
2.460000e+00	1.300178e-02
2.462500e+00	1.177325e-02
2.465000e+00	1.027742e-02
2.467500e+00	9.002532e-03
2.470000e+00	8.129319e-03
2.472500e+00	7.676155e-03
2.475000e+00	7.624278e-03
2.477500e+00	7.969137e-03
2.480000e+00	8.724478e-03
2.482500e+00	9.883684e-03
2.485000e+00	1.131545e-02
2.487500e+00	1.262009e-02
2.490000e+00	1.320048e-02
2.492500e+00	1.279119e-02
2.495000e+00	1.179724e-02
2.497500e+00	1.083881e-02
2.500000e+00	1.027144e-02
2.502500e+00	1.013480e-02
2.505000e+00	1.022183e-02
2.507500e+00	1.017193e-02
2.510000e+00	9.747678e-03
2.512500e+00	9.076966e-03
2.515000e+00	8.473340e-03
2.517500e+00	8.160408e-03
2.520000e+00	8.237004e-03
2.522500e+00	8.750655e-03
2.525000e+00	9.737295e-03
2.527500e+00	1.118868e-02
2.530000e+00	1.292330e-02
2.532500e+00	1.440950e-02
2.535000e+00	1.488041e-02
2.537500e+00	1.401844e-02
2.540000e+00	1.233748e-02
2.542500e+00	1.058126e-02
2.545000e+00	9.166123e-03
2.547500e+00	8.197320e-03
2.550000e+00	7.652965e-03
2.552500e+00	7.494592e-03
2.555000e+00	7.706855e-03
2.557500e+00	8.302760e-03
2.560000e+00	9.303412e-03
2.562500e+00	1.067183e-02
2.565000e+00	1.217730e-02
2.567500e+00	1.329389e-02
2.570000e+00	1.347727e-02
2.572500e+00	1.275780e-02
2.575000e+00	1.172990e-02
2.577500e+00	1.095493e-02
2.580000e+00	1.068060e-02
2.582500e+00	1.089237e-02
2.585000e+00	1.134433e-02
2.587500e+00	1.157857e-02
2.590000e+00	1.120727e-02
2.592500e+00	1.030789e-02
2.595000e+00	9.297155e-03
2.597500e+00	8.513272e-03
2.600000e+00	8.096184e-03
2.602500e+00	8.081882e-03
2.605000e+00	8.488720e-03
2.607500e+00	9.347438e-03
2.610000e+00	1.067778e-02
2.612500e+00	1.238981e-02
2.615000e+00	1.410175e-02
2.617500e+00	1.508145e-02
2.620000e+00	1.474241e-02
2.622500e+00	1.331015e-02
2.625000e+00	1.154628e-02
2.627500e+00	1.002661e-02
2.630000e+00	8.963210e-03
2.632500e+00	8.375026e-03
2.635000e+00	8.234040e-03
2.637500e+00	8.522141e-03
2.640000e+00	9.227065e-03
2.642500e+00	1.028125e-02
2.645000e+00	1.143992e-02
2.647500e+00	1.222017e-02
2.650000e+00	1.219793e-02
2.652500e+00	1.148498e-02
2.655000e+00	1.060940e-02
2.657500e+00	1.001774e-02
2.660000e+00	9.915486e-03
2.662500e+00	1.036028e-02
2.665000e+00	1.131425e-02
2.667500e+00	1.256610e-02
2.670000e+00	1.360226e-02
2.672500e+00	1.376416e-02
2.675000e+00	1.285718e-02
2.677500e+00	1.137231e-02
2.680000e+00	9.919633e-03
2.682500e+00	8.815233e-03
2.685000e+00	8.133542e-03
2.687500e+00	7.861320e-03
2.690000e+00	7.983363e-03
2.692500e+00	8.511387e-03
2.695000e+00	9.481388e-03
2.697500e+00	1.091409e-02
2.700000e+00	1.270289e-02
2.702500e+00	1.442562e-02
2.705000e+00	1.532266e-02
2.707500e+00	1.485954e-02
2.710000e+00	1.335029e-02
2.712500e+00	1.157856e-02
2.715000e+00	1.009295e-02
2.717500e+00	9.082925e-03
2.720000e+00	8.560446e-03
2.722500e+00	8.498012e-03
2.725000e+00	8.874925e-03
2.727500e+00	9.656598e-03
2.730000e+00	1.070775e-02
2.732500e+00	1.167480e-02
2.735000e+00	1.205853e-02
2.737500e+00	1.165898e-02
2.740000e+00	1.082666e-02
2.742500e+00	1.007400e-02
2.745000e+00	9.714040e-03
2.747500e+00	9.869028e-03
2.750000e+00	1.057375e-02
2.752500e+00	1.178828e-02
2.755000e+00	1.328442e-02
2.757500e+00	1.449438e-02
2.760000e+00	1.469168e-02
2.762500e+00	1.367367e-02
2.765000e+00	1.199668e-02
2.767500e+00	1.033806e-02
2.770000e+00	9.042401e-03
2.772500e+00	8.183587e-03
2.775000e+00	7.735391e-03
2.777500e+00	7.665369e-03
2.780000e+00	7.967336e-03
2.782500e+00	8.665151e-03
2.785000e+00	9.793306e-03
2.787500e+00	1.133074e-02
2.790000e+00	1.305431e-02
2.792500e+00	1.439492e-02
2.795000e+00	1.467157e-02
2.797500e+00	1.378219e-02
2.800000e+00	1.234388e-02
2.802500e+00	1.103116e-02
2.805000e+00	1.018423e-02
2.807500e+00	9.895404e-03
2.810000e+00	1.015585e-02
2.812500e+00	1.088391e-02
2.815000e+00	1.183484e-02
2.817500e+00	1.251241e-02
2.820000e+00	1.239892e-02
2.822500e+00	1.147461e-02
2.825000e+00	1.022491e-02
2.827500e+00	9.119502e-03
2.830000e+00	8.370779e-03
2.832500e+00	8.024582e-03
2.835000e+00	8.080556e-03
2.837500e+00	8.549904e-03
2.840000e+00	9.466574e-03
2.842500e+00	1.085721e-02
2.845000e+00	1.264098e-02
2.847500e+00	1.444374e-02
2.850000e+00	1.552486e-02
2.852500e+00	1.526343e-02
2.855000e+00	1.386100e-02
2.857500e+00	1.209935e-02
2.860000e+00	1.059108e-02
2.862500e+00	9.573895e-03
2.865000e+00	9.081049e-03
2.867500e+00	9.090789e-03
2.870000e+00	9.571980e-03
2.872500e+00	1.044181e-02
2.875000e+00	1.144905e-02
2.877500e+00	1.210396e-02
2.880000e+00	1.195405e-02
2.882500e+00	1.106713e-02
2.885000e+00	9.942095e-03
2.887500e+00	9.007982e-03
2.890000e+00	8.448971e-03
2.892500e+00	8.309255e-03
2.895000e+00	8.602017e-03
2.897500e+00	9.355594e-03
2.900000e+00	1.060875e-02
2.902500e+00	1.234378e-02
2.905000e+00	1.432228e-02
2.907500e+00	1.589966e-02
2.910000e+00	1.623827e-02
2.912500e+00	1.511165e-02
2.915000e+00	1.318174e-02
2.917500e+00	1.124938e-02
2.920000e+00	9.721823e-03
2.922500e+00	8.686196e-03
2.925000e+00	8.110019e-03
2.927500e+00	7.950340e-03
2.930000e+00	8.188230e-03
2.932500e+00	8.823037e-03
2.935000e+00	9.826384e-03
2.937500e+00	1.103566e-02
2.940000e+00	1.203833e-02
2.942500e+00	1.231427e-02
2.945000e+00	1.174295e-02
2.947500e+00	1.076210e-02
2.950000e+00	9.893597e-03
2.952500e+00	9.421887e-03
2.955000e+00	9.446976e-03
2.957500e+00	1.000472e-02
2.960000e+00	1.110650e-02
2.962500e+00	1.267446e-02
2.965000e+00	1.436961e-02
2.967500e+00	1.547672e-02
2.970000e+00	1.529658e-02
2.972500e+00	1.389127e-02
2.975000e+00	1.199779e-02
2.977500e+00	1.026478e-02
2.980000e+00	8.956345e-03
2.982500e+00	8.100038e-03
2.985000e+00	7.652802e-03
2.987500e+00	7.577630e-03
2.990000e+00	7.866352e-03
2.992500e+00	8.537426e-03
2.995000e+00	9.608164e-03
2.997500e+00	1.101485e-02
