#omega	spectral weight
-7.000000e+00	1.603136e-05
-6.997500e+00	1.603850e-05
-6.995000e+00	1.604564e-05
-6.992500e+00	1.605279e-05
-6.990000e+00	1.605995e-05
-6.987500e+00	1.606712e-05
-6.985000e+00	1.607428e-05
-6.982500e+00	1.608146e-05
-6.980000e+00	1.608864e-05
-6.977500e+00	1.609583e-05
-6.975000e+00	1.610302e-05
-6.972500e+00	1.611022e-05
-6.970000e+00	1.611742e-05
-6.967500e+00	1.612463e-05
-6.965000e+00	1.613185e-05
-6.962500e+00	1.613907e-05
-6.960000e+00	1.614630e-05
-6.957500e+00	1.615354e-05
-6.955000e+00	1.616078e-05
-6.952500e+00	1.616802e-05
-6.950000e+00	1.617527e-05
-6.947500e+00	1.618253e-05
-6.945000e+00	1.618980e-05
-6.942500e+00	1.619707e-05
-6.940000e+00	1.620434e-05
-6.937500e+00	1.621162e-05
-6.935000e+00	1.621891e-05
-6.932500e+00	1.622621e-05
-6.930000e+00	1.623351e-05
-6.927500e+00	1.624081e-05
-6.925000e+00	1.624812e-05
-6.922500e+00	1.625544e-05
-6.920000e+00	1.626276e-05
-6.917500e+00	1.627009e-05
-6.915000e+00	1.627743e-05
-6.912500e+00	1.628477e-05
-6.910000e+00	1.629212e-05
-6.907500e+00	1.629948e-05
-6.905000e+00	1.630684e-05
-6.902500e+00	1.631420e-05
-6.900000e+00	1.632157e-05
-6.897500e+00	1.632895e-05
-6.895000e+00	1.633634e-05
-6.892500e+00	1.634373e-05
-6.890000e+00	1.635113e-05
-6.887500e+00	1.635853e-05
-6.885000e+00	1.636594e-05
-6.882500e+00	1.637335e-05
-6.880000e+00	1.638077e-05
-6.877500e+00	1.638820e-05
-6.875000e+00	1.639564e-05
-6.872500e+00	1.640308e-05
-6.870000e+00	1.641052e-05
-6.867500e+00	1.641798e-05
-6.865000e+00	1.642543e-05
-6.862500e+00	1.643290e-05
-6.860000e+00	1.644037e-05
-6.857500e+00	1.644785e-05
-6.855000e+00	1.645533e-05
-6.852500e+00	1.646282e-05
-6.850000e+00	1.647032e-05
-6.847500e+00	1.647782e-05
-6.845000e+00	1.648533e-05
-6.842500e+00	1.649284e-05
-6.840000e+00	1.650036e-05
-6.837500e+00	1.650789e-05
-6.835000e+00	1.651543e-05
-6.832500e+00	1.652297e-05
-6.830000e+00	1.653051e-05
-6.827500e+00	1.653807e-05
-6.825000e+00	1.654563e-05
-6.822500e+00	1.655319e-05
-6.820000e+00	1.656076e-05
-6.817500e+00	1.656834e-05
-6.815000e+00	1.657593e-05
-6.812500e+00	1.658352e-05
-6.810000e+00	1.659111e-05
-6.807500e+00	1.659872e-05
-6.805000e+00	1.660633e-05
-6.802500e+00	1.661395e-05
-6.800000e+00	1.662157e-05
-6.797500e+00	1.662920e-05
-6.795000e+00	1.663683e-05
-6.792500e+00	1.664448e-05
-6.790000e+00	1.665213e-05
-6.787500e+00	1.665978e-05
-6.785000e+00	1.666744e-05
-6.782500e+00	1.667511e-05
-6.780000e+00	1.668279e-05
-6.777500e+00	1.669047e-05
-6.775000e+00	1.669815e-05
-6.772500e+00	1.670585e-05
-6.770000e+00	1.671355e-05
-6.767500e+00	1.672126e-05
-6.765000e+00	1.672897e-05
-6.762500e+00	1.673669e-05
-6.760000e+00	1.674442e-05
-6.757500e+00	1.675215e-05
-6.755000e+00	1.675989e-05
-6.752500e+00	1.676764e-05
-6.750000e+00	1.677539e-05
-6.747500e+00	1.678315e-05
-6.745000e+00	1.679092e-05
-6.742500e+00	1.679869e-05
-6.740000e+00	1.680647e-05
-6.737500e+00	1.681426e-05
-6.735000e+00	1.682205e-05
-6.732500e+00	1.682985e-05
-6.730000e+00	1.683766e-05
-6.727500e+00	1.684547e-05
-6.725000e+00	1.685329e-05
-6.722500e+00	1.686112e-05
-6.720000e+00	1.686895e-05
-6.717500e+00	1.687679e-05
-6.715000e+00	1.688464e-05
-6.712500e+00	1.689249e-05
-6.710000e+00	1.690036e-05
-6.707500e+00	1.690822e-05
-6.705000e+00	1.691610e-05
-6.702500e+00	1.692398e-05
-6.700000e+00	1.693186e-05
-6.697500e+00	1.693976e-05
-6.695000e+00	1.694766e-05
-6.692500e+00	1.695557e-05
-6.690000e+00	1.696348e-05
-6.687500e+00	1.697140e-05
-6.685000e+00	1.697933e-05
-6.682500e+00	1.698727e-05
-6.680000e+00	1.699521e-05
-6.677500e+00	1.700316e-05
-6.675000e+00	1.701111e-05
-6.672500e+00	1.701908e-05
-6.670000e+00	1.702705e-05
-6.667500e+00	1.703502e-05
-6.665000e+00	1.704301e-05
-6.662500e+00	1.705100e-05
-6.660000e+00	1.705899e-05
-6.657500e+00	1.706700e-05
-6.655000e+00	1.707501e-05
-6.652500e+00	1.708303e-05
-6.650000e+00	1.709105e-05
-6.647500e+00	1.709908e-05
-6.645000e+00	1.710712e-05
-6.642500e+00	1.711517e-05
-6.640000e+00	1.712322e-05
-6.637500e+00	1.713128e-05
-6.635000e+00	1.713935e-05
-6.632500e+00	1.714742e-05
-6.630000e+00	1.715550e-05
-6.627500e+00	1.716359e-05
-6.625000e+00	1.717169e-05
-6.622500e+00	1.717979e-05
-6.620000e+00	1.718790e-05
-6.617500e+00	1.719601e-05
-6.615000e+00	1.720414e-05
-6.612500e+00	1.721227e-05
-6.610000e+00	1.722041e-05
-6.607500e+00	1.722855e-05
-6.605000e+00	1.723670e-05
-6.602500e+00	1.724486e-05
-6.600000e+00	1.725303e-05
-6.597500e+00	1.726120e-05
-6.595000e+00	1.726938e-05
-6.592500e+00	1.727757e-05
-6.590000e+00	1.728577e-05
-6.587500e+00	1.729397e-05
-6.585000e+00	1.730218e-05
-6.582500e+00	1.731040e-05
-6.580000e+00	1.731862e-05
-6.577500e+00	1.732685e-05
-6.575000e+00	1.733509e-05
-6.572500e+00	1.734334e-05
-6.570000e+00	1.735159e-05
-6.567500e+00	1.735985e-05
-6.565000e+00	1.736812e-05
-6.562500e+00	1.737639e-05
-6.560000e+00	1.738467e-05
-6.557500e+00	1.739296e-05
-6.555000e+00	1.740126e-05
-6.552500e+00	1.740957e-05
-6.550000e+00	1.741788e-05
-6.547500e+00	1.742620e-05
-6.545000e+00	1.743452e-05
-6.542500e+00	1.744286e-05
-6.540000e+00	1.745120e-05
-6.537500e+00	1.745955e-05
-6.535000e+00	1.746790e-05
-6.532500e+00	1.747627e-05
-6.530000e+00	1.748464e-05
-6.527500e+00	1.749302e-05
-6.525000e+00	1.750140e-05
-6.522500e+00	1.750980e-05
-6.520000e+00	1.751820e-05
-6.517500e+00	1.752661e-05
-6.515000e+00	1.753502e-05
-6.512500e+00	1.754345e-05
-6.510000e+00	1.755188e-05
-6.507500e+00	1.756032e-05
-6.505000e+00	1.756876e-05
-6.502500e+00	1.757721e-05
-6.500000e+00	1.758568e-05
-6.497500e+00	1.759414e-05
-6.495000e+00	1.760262e-05
-6.492500e+00	1.761111e-05
-6.490000e+00	1.761960e-05
-6.487500e+00	1.762810e-05
-6.485000e+00	1.763660e-05
-6.482500e+00	1.764512e-05
-6.480000e+00	1.765364e-05
-6.477500e+00	1.766217e-05
-6.475000e+00	1.767071e-05
-6.472500e+00	1.767925e-05
-6.470000e+00	1.768781e-05
-6.467500e+00	1.769637e-05
-6.465000e+00	1.770494e-05
-6.462500e+00	1.771351e-05
-6.460000e+00	1.772210e-05
-6.457500e+00	1.773069e-05
-6.455000e+00	1.773929e-05
-6.452500e+00	1.774789e-05
-6.450000e+00	1.775651e-05
-6.447500e+00	1.776513e-05
-6.445000e+00	1.777376e-05
-6.442500e+00	1.778240e-05
-6.440000e+00	1.779105e-05
-6.437500e+00	1.779970e-05
-6.435000e+00	1.780836e-05
-6.432500e+00	1.781703e-05
-6.430000e+00	1.782571e-05
-6.427500e+00	1.783440e-05
-6.425000e+00	1.784309e-05
-6.422500e+00	1.785179e-05
-6.420000e+00	1.786050e-05
-6.417500e+00	1.786922e-05
-6.415000e+00	1.787794e-05
-6.412500e+00	1.788668e-05
-6.410000e+00	1.789542e-05
-6.407500e+00	1.790417e-05
-6.405000e+00	1.791292e-05
-6.402500e+00	1.792169e-05
-6.400000e+00	1.793046e-05
-6.397500e+00	1.793924e-05
-6.395000e+00	1.794803e-05
-6.392500e+00	1.795683e-05
-6.390000e+00	1.796564e-05
-6.387500e+00	1.797445e-05
-6.385000e+00	1.798327e-05
-6.382500e+00	1.799210e-05
-6.380000e+00	1.800094e-05
-6.377500e+00	1.800978e-05
-6.375000e+00	1.801864e-05
-6.372500e+00	1.802750e-05
-6.370000e+00	1.803637e-05
-6.367500e+00	1.804525e-05
-6.365000e+00	1.805414e-05
-6.362500e+00	1.806303e-05
-6.360000e+00	1.807193e-05
-6.357500e+00	1.808085e-05
-6.355000e+00	1.808977e-05
-6.352500e+00	1.809869e-05
-6.350000e+00	1.810763e-05
-6.347500e+00	1.811657e-05
-6.345000e+00	1.812553e-05
-6.342500e+00	1.813449e-05
-6.340000e+00	1.814346e-05
-6.337500e+00	1.815243e-05
-6.335000e+00	1.816142e-05
-6.332500e+00	1.817041e-05
-6.330000e+00	1.817942e-05
-6.327500e+00	1.818843e-05
-6.325000e+00	1.819745e-05
-6.322500e+00	1.820647e-05
-6.320000e+00	1.821551e-05
-6.317500e+00	1.822456e-05
-6.315000e+00	1.823361e-05
-6.312500e+00	1.824267e-05
-6.310000e+00	1.825174e-05
-6.307500e+00	1.826082e-05
-6.305000e+00	1.826990e-05
-6.302500e+00	1.827900e-05
-6.300000e+00	1.828810e-05
-6.297500e+00	1.829722e-05
-6.295000e+00	1.830634e-05
-6.292500e+00	1.831547e-05
-6.290000e+00	1.832460e-05
-6.287500e+00	1.833375e-05
-6.285000e+00	1.834290e-05
-6.282500e+00	1.835207e-05
-6.280000e+00	1.836124e-05
-6.277500e+00	1.837042e-05
-6.275000e+00	1.837961e-05
-6.272500e+00	1.838881e-05
-6.270000e+00	1.839802e-05
-6.267500e+00	1.840723e-05
-6.265000e+00	1.841646e-05
-6.262500e+00	1.842569e-05
-6.260000e+00	1.843493e-05
-6.257500e+00	1.844418e-05
-6.255000e+00	1.845344e-05
-6.252500e+00	1.846271e-05
-6.250000e+00	1.847198e-05
-6.247500e+00	1.848127e-05
-6.245000e+00	1.849056e-05
-6.242500e+00	1.849986e-05
-6.240000e+00	1.850918e-05
-6.237500e+00	1.851850e-05
-6.235000e+00	1.852783e-05
-6.232500e+00	1.853716e-05
-6.230000e+00	1.854651e-05
-6.227500e+00	1.855587e-05
-6.225000e+00	1.856523e-05
-6.222500e+00	1.857460e-05
-6.220000e+00	1.858399e-05
-6.217500e+00	1.859338e-05
-6.215000e+00	1.860278e-05
-6.212500e+00	1.861219e-05
-6.210000e+00	1.862161e-05
-6.207500e+00	1.863103e-05
-6.205000e+00	1.864047e-05
-6.202500e+00	1.864992e-05
-6.200000e+00	1.865937e-05
-6.197500e+00	1.866883e-05
-6.195000e+00	1.867831e-05
-6.192500e+00	1.868779e-05
-6.190000e+00	1.869728e-05
-6.187500e+00	1.870678e-05
-6.185000e+00	1.871629e-05
-6.182500e+00	1.872580e-05
-6.180000e+00	1.873533e-05
-6.177500e+00	1.874487e-05
-6.175000e+00	1.875441e-05
-6.172500e+00	1.876397e-05
-6.170000e+00	1.877353e-05
-6.167500e+00	1.878310e-05
-6.165000e+00	1.879268e-05
-6.162500e+00	1.880228e-05
-6.160000e+00	1.881188e-05
-6.157500e+00	1.882149e-05
-6.155000e+00	1.883110e-05
-6.152500e+00	1.884073e-05
-6.150000e+00	1.885037e-05
-6.147500e+00	1.886002e-05
-6.145000e+00	1.886967e-05
-6.142500e+00	1.887934e-05
-6.140000e+00	1.888901e-05
-6.137500e+00	1.889870e-05
-6.135000e+00	1.890839e-05
-6.132500e+00	1.891810e-05
-6.130000e+00	1.892781e-05
-6.127500e+00	1.893753e-05
-6.125000e+00	1.894726e-05
-6.122500e+00	1.895700e-05
-6.120000e+00	1.896675e-05
-6.117500e+00	1.897651e-05
-6.115000e+00	1.898628e-05
-6.112500e+00	1.899606e-05
-6.110000e+00	1.900585e-05
-6.107500e+00	1.901565e-05
-6.105000e+00	1.902545e-05
-6.102500e+00	1.903527e-05
-6.100000e+00	1.904510e-05
-6.097500e+00	1.905493e-05
-6.095000e+00	1.906478e-05
-6.092500e+00	1.907464e-05
-6.090000e+00	1.908450e-05
-6.087500e+00	1.909438e-05
-6.085000e+00	1.910426e-05
-6.082500e+00	1.911415e-05
-6.080000e+00	1.912406e-05
-6.077500e+00	1.913397e-05
-6.075000e+00	1.914390e-05
-6.072500e+00	1.915383e-05
-6.070000e+00	1.916377e-05
-6.067500e+00	1.917372e-05
-6.065000e+00	1.918369e-05
-6.062500e+00	1.919366e-05
-6.060000e+00	1.920364e-05
-6.057500e+00	1.921363e-05
-6.055000e+00	1.922363e-05
-6.052500e+00	1.923365e-05
-6.050000e+00	1.924367e-05
-6.047500e+00	1.925370e-05
-6.045000e+00	1.926374e-05
-6.042500e+00	1.927379e-05
-6.040000e+00	1.928385e-05
-6.037500e+00	1.929392e-05
-6.035000e+00	1.930401e-05
-6.032500e+00	1.931410e-05
-6.030000e+00	1.932420e-05
-6.027500e+00	1.933431e-05
-6.025000e+00	1.934443e-05
-6.022500e+00	1.935456e-05
-6.020000e+00	1.936470e-05
-6.017500e+00	1.937485e-05
-6.015000e+00	1.938502e-05
-6.012500e+00	1.939519e-05
-6.010000e+00	1.940537e-05
-6.007500e+00	1.941556e-05
-6.005000e+00	1.942576e-05
-6.002500e+00	1.943598e-05
-6.000000e+00	1.944620e-05
-5.997500e+00	1.945643e-05
-5.995000e+00	1.946668e-05
-5.992500e+00	1.947693e-05
-5.990000e+00	1.948719e-05
-5.987500e+00	1.949747e-05
-5.985000e+00	1.950775e-05
-5.982500e+00	1.951805e-05
-5.980000e+00	1.952835e-05
-5.977500e+00	1.953867e-05
-5.975000e+00	1.954899e-05
-5.972500e+00	1.955933e-05
-5.970000e+00	1.956967e-05
-5.967500e+00	1.958003e-05
-5.965000e+00	1.959040e-05
-5.962500e+00	1.960077e-05
-5.960000e+00	1.961116e-05
-5.957500e+00	1.962156e-05
-5.955000e+00	1.963197e-05
-5.952500e+00	1.964239e-05
-5.950000e+00	1.965282e-05
-5.947500e+00	1.966326e-05
-5.945000e+00	1.967371e-05
-5.942500e+00	1.968417e-05
-5.940000e+00	1.969465e-05
-5.937500e+00	1.970513e-05
-5.935000e+00	1.971562e-05
-5.932500e+00	1.972613e-05
-5.930000e+00	1.973664e-05
-5.927500e+00	1.974717e-05
-5.925000e+00	1.975771e-05
-5.922500e+00	1.976825e-05
-5.920000e+00	1.977881e-05
-5.917500e+00	1.978938e-05
-5.915000e+00	1.979996e-05
-5.912500e+00	1.981055e-05
-5.910000e+00	1.982115e-05
-5.907500e+00	1.983176e-05
-5.905000e+00	1.984238e-05
-5.902500e+00	1.985302e-05
-5.900000e+00	1.986366e-05
-5.897500e+00	1.987432e-05
-5.895000e+00	1.988498e-05
-5.892500e+00	1.989566e-05
-5.890000e+00	1.990635e-05
-5.887500e+00	1.991705e-05
-5.885000e+00	1.992776e-05
-5.882500e+00	1.993848e-05
-5.880000e+00	1.994921e-05
-5.877500e+00	1.995996e-05
-5.875000e+00	1.997071e-05
-5.872500e+00	1.998147e-05
-5.870000e+00	1.999225e-05
-5.867500e+00	2.000304e-05
-5.865000e+00	2.001384e-05
-5.862500e+00	2.002465e-05
-5.860000e+00	2.003547e-05
-5.857500e+00	2.004630e-05
-5.855000e+00	2.005714e-05
-5.852500e+00	2.006800e-05
-5.850000e+00	2.007886e-05
-5.847500e+00	2.008974e-05
-5.845000e+00	2.010063e-05
-5.842500e+00	2.011153e-05
-5.840000e+00	2.012244e-05
-5.837500e+00	2.013336e-05
-5.835000e+00	2.014429e-05
-5.832500e+00	2.015524e-05
-5.830000e+00	2.016620e-05
-5.827500e+00	2.017716e-05
-5.825000e+00	2.018814e-05
-5.822500e+00	2.019913e-05
-5.820000e+00	2.021014e-05
-5.817500e+00	2.022115e-05
-5.815000e+00	2.023217e-05
-5.812500e+00	2.024321e-05
-5.810000e+00	2.025426e-05
-5.807500e+00	2.026532e-05
-5.805000e+00	2.027639e-05
-5.802500e+00	2.028747e-05
-5.800000e+00	2.029857e-05
-5.797500e+00	2.030967e-05
-5.795000e+00	2.032079e-05
-5.792500e+00	2.033192e-05
-5.790000e+00	2.034306e-05
-5.787500e+00	2.035421e-05
-5.785000e+00	2.036538e-05
-5.782500e+00	2.037655e-05
-5.780000e+00	2.038774e-05
-5.777500e+00	2.039894e-05
-5.775000e+00	2.041015e-05
-5.772500e+00	2.042138e-05
-5.770000e+00	2.043261e-05
-5.767500e+00	2.044386e-05
-5.765000e+00	2.045512e-05
-5.762500e+00	2.046639e-05
-5.760000e+00	2.047767e-05
-5.757500e+00	2.048897e-05
-5.755000e+00	2.050027e-05
-5.752500e+00	2.051159e-05
-5.750000e+00	2.052292e-05
-5.747500e+00	2.053427e-05
-5.745000e+00	2.054562e-05
-5.742500e+00	2.055699e-05
-5.740000e+00	2.056837e-05
-5.737500e+00	2.057976e-05
-5.735000e+00	2.059116e-05
-5.732500e+00	2.060258e-05
-5.730000e+00	2.061400e-05
-5.727500e+00	2.062544e-05
-5.725000e+00	2.063689e-05
-5.722500e+00	2.064836e-05
-5.720000e+00	2.065983e-05
-5.717500e+00	2.067132e-05
-5.715000e+00	2.068282e-05
-5.712500e+00	2.069434e-05
-5.710000e+00	2.070586e-05
-5.707500e+00	2.071740e-05
-5.705000e+00	2.072895e-05
-5.702500e+00	2.074051e-05
-5.700000e+00	2.075209e-05
-5.697500e+00	2.076368e-05
-5.695000e+00	2.077528e-05
-5.692500e+00	2.078689e-05
-5.690000e+00	2.079851e-05
-5.687500e+00	2.081015e-05
-5.685000e+00	2.082180e-05
-5.682500e+00	2.083346e-05
-5.680000e+00	2.084514e-05
-5.677500e+00	2.085683e-05
-5.675000e+00	2.086853e-05
-5.672500e+00	2.088024e-05
-5.670000e+00	2.089197e-05
-5.667500e+00	2.090370e-05
-5.665000e+00	2.091546e-05
-5.662500e+00	2.092722e-05
-5.660000e+00	2.093900e-05
-5.657500e+00	2.095079e-05
-5.655000e+00	2.096259e-05
-5.652500e+00	2.097440e-05
-5.650000e+00	2.098623e-05
-5.647500e+00	2.099807e-05
-5.645000e+00	2.100993e-05
-5.642500e+00	2.102179e-05
-5.640000e+00	2.103367e-05
-5.637500e+00	2.104556e-05
-5.635000e+00	2.105747e-05
-5.632500e+00	2.106939e-05
-5.630000e+00	2.108132e-05
-5.627500e+00	2.109326e-05
-5.625000e+00	2.110522e-05
-5.622500e+00	2.111719e-05
-5.620000e+00	2.112918e-05
-5.617500e+00	2.114117e-05
-5.615000e+00	2.115318e-05
-5.612500e+00	2.116521e-05
-5.610000e+00	2.117724e-05
-5.607500e+00	2.118929e-05
-5.605000e+00	2.120135e-05
-5.602500e+00	2.121343e-05
-5.600000e+00	2.122552e-05
-5.597500e+00	2.123762e-05
-5.595000e+00	2.124974e-05
-5.592500e+00	2.126187e-05
-5.590000e+00	2.127401e-05
-5.587500e+00	2.128617e-05
-5.585000e+00	2.129834e-05
-5.582500e+00	2.131052e-05
-5.580000e+00	2.132272e-05
-5.577500e+00	2.133493e-05
-5.575000e+00	2.134715e-05
-5.572500e+00	2.135939e-05
-5.570000e+00	2.137164e-05
-5.567500e+00	2.138390e-05
-5.565000e+00	2.139618e-05
-5.562500e+00	2.140847e-05
-5.560000e+00	2.142078e-05
-5.557500e+00	2.143310e-05
-5.555000e+00	2.144543e-05
-5.552500e+00	2.145778e-05
-5.550000e+00	2.147014e-05
-5.547500e+00	2.148251e-05
-5.545000e+00	2.149490e-05
-5.542500e+00	2.150730e-05
-5.540000e+00	2.151972e-05
-5.537500e+00	2.153215e-05
-5.535000e+00	2.154459e-05
-5.532500e+00	2.155705e-05
-5.530000e+00	2.156952e-05
-5.527500e+00	2.158201e-05
-5.525000e+00	2.159451e-05
-5.522500e+00	2.160702e-05
-5.520000e+00	2.161955e-05
-5.517500e+00	2.163209e-05
-5.515000e+00	2.164464e-05
-5.512500e+00	2.165721e-05
-5.510000e+00	2.166980e-05
-5.507500e+00	2.168240e-05
-5.505000e+00	2.169501e-05
-5.502500e+00	2.170763e-05
-5.500000e+00	2.172028e-05
-5.497500e+00	2.173293e-05
-5.495000e+00	2.174560e-05
-5.492500e+00	2.175828e-05
-5.490000e+00	2.177098e-05
-5.487500e+00	2.178369e-05
-5.485000e+00	2.179642e-05
-5.482500e+00	2.180916e-05
-5.480000e+00	2.182192e-05
-5.477500e+00	2.183469e-05
-5.475000e+00	2.184747e-05
-5.472500e+00	2.186027e-05
-5.470000e+00	2.187309e-05
-5.467500e+00	2.188592e-05
-5.465000e+00	2.189876e-05
-5.462500e+00	2.191162e-05
-5.460000e+00	2.192449e-05
-5.457500e+00	2.193738e-05
-5.455000e+00	2.195028e-05
-5.452500e+00	2.196320e-05
-5.450000e+00	2.197613e-05
-5.447500e+00	2.198907e-05
-5.445000e+00	2.200204e-05
-5.442500e+00	2.201501e-05
-5.440000e+00	2.202800e-05
-5.437500e+00	2.204101e-05
-5.435000e+00	2.205403e-05
-5.432500e+00	2.206707e-05
-5.430000e+00	2.208012e-05
-5.427500e+00	2.209318e-05
-5.425000e+00	2.210626e-05
-5.422500e+00	2.211936e-05
-5.420000e+00	2.213247e-05
-5.417500e+00	2.214560e-05
-5.415000e+00	2.215874e-05
-5.412500e+00	2.217190e-05
-5.410000e+00	2.218507e-05
-5.407500e+00	2.219825e-05
-5.405000e+00	2.221146e-05
-5.402500e+00	2.222467e-05
-5.400000e+00	2.223791e-05
-5.397500e+00	2.225116e-05
-5.395000e+00	2.226442e-05
-5.392500e+00	2.227770e-05
-5.390000e+00	2.229099e-05
-5.387500e+00	2.230430e-05
-5.385000e+00	2.231763e-05
-5.382500e+00	2.233097e-05
-5.380000e+00	2.234433e-05
-5.377500e+00	2.235770e-05
-5.375000e+00	2.237109e-05
-5.372500e+00	2.238449e-05
-5.370000e+00	2.239791e-05
-5.367500e+00	2.241134e-05
-5.365000e+00	2.242479e-05
-5.362500e+00	2.243826e-05
-5.360000e+00	2.245174e-05
-5.357500e+00	2.246524e-05
-5.355000e+00	2.247876e-05
-5.352500e+00	2.249229e-05
-5.350000e+00	2.250583e-05
-5.347500e+00	2.251939e-05
-5.345000e+00	2.253297e-05
-5.342500e+00	2.254656e-05
-5.340000e+00	2.256017e-05
-5.337500e+00	2.257380e-05
-5.335000e+00	2.258744e-05
-5.332500e+00	2.260110e-05
-5.330000e+00	2.261477e-05
-5.327500e+00	2.262846e-05
-5.325000e+00	2.264217e-05
-5.322500e+00	2.265589e-05
-5.320000e+00	2.266963e-05
-5.317500e+00	2.268338e-05
-5.315000e+00	2.269716e-05
-5.312500e+00	2.271094e-05
-5.310000e+00	2.272475e-05
-5.307500e+00	2.273857e-05
-5.305000e+00	2.275241e-05
-5.302500e+00	2.276626e-05
-5.300000e+00	2.278013e-05
-5.297500e+00	2.279402e-05
-5.295000e+00	2.280792e-05
-5.292500e+00	2.282184e-05
-5.290000e+00	2.283577e-05
-5.287500e+00	2.284973e-05
-5.285000e+00	2.286370e-05
-5.282500e+00	2.287768e-05
-5.280000e+00	2.289169e-05
-5.277500e+00	2.290571e-05
-5.275000e+00	2.291974e-05
-5.272500e+00	2.293380e-05
-5.270000e+00	2.294787e-05
-5.267500e+00	2.296196e-05
-5.265000e+00	2.297606e-05
-5.262500e+00	2.299018e-05
-5.260000e+00	2.300432e-05
-5.257500e+00	2.301848e-05
-5.255000e+00	2.303265e-05
-5.252500e+00	2.304684e-05
-5.250000e+00	2.306104e-05
-5.247500e+00	2.307527e-05
-5.245000e+00	2.308951e-05
-5.242500e+00	2.310377e-05
-5.240000e+00	2.311804e-05
-5.237500e+00	2.313234e-05
-5.235000e+00	2.314665e-05
-5.232500e+00	2.316097e-05
-5.230000e+00	2.317532e-05
-5.227500e+00	2.318968e-05
-5.225000e+00	2.320406e-05
-5.222500e+00	2.321846e-05
-5.220000e+00	2.323287e-05
-5.217500e+00	2.324731e-05
-5.215000e+00	2.326176e-05
-5.212500e+00	2.327623e-05
-5.210000e+00	2.329071e-05
-5.207500e+00	2.330521e-05
-5.205000e+00	2.331974e-05
-5.202500e+00	2.333427e-05
-5.200000e+00	2.334883e-05
-5.197500e+00	2.336341e-05
-5.195000e+00	2.337800e-05
-5.192500e+00	2.339261e-05
-5.190000e+00	2.340724e-05
-5.187500e+00	2.342188e-05
-5.185000e+00	2.343655e-05
-5.182500e+00	2.345123e-05
-5.180000e+00	2.346593e-05
-5.177500e+00	2.348065e-05
-5.175000e+00	2.349538e-05
-5.172500e+00	2.351014e-05
-5.170000e+00	2.352491e-05
-5.167500e+00	2.353970e-05
-5.165000e+00	2.355451e-05
-5.162500e+00	2.356934e-05
-5.160000e+00	2.358419e-05
-5.157500e+00	2.359905e-05
-5.155000e+00	2.361394e-05
-5.152500e+00	2.362884e-05
-5.150000e+00	2.364376e-05
-5.147500e+00	2.365870e-05
-5.145000e+00	2.367365e-05
-5.142500e+00	2.368863e-05
-5.140000e+00	2.370362e-05
-5.137500e+00	2.371864e-05
-5.135000e+00	2.373367e-05
-5.132500e+00	2.374872e-05
-5.130000e+00	2.376379e-05
-5.127500e+00	2.377888e-05
-5.125000e+00	2.379398e-05
-5.122500e+00	2.380911e-05
-5.120000e+00	2.382426e-05
-5.117500e+00	2.383942e-05
-5.115000e+00	2.385460e-05
-5.112500e+00	2.386981e-05
-5.110000e+00	2.388503e-05
-5.107500e+00	2.390027e-05
-5.105000e+00	2.391553e-05
-5.102500e+00	2.393081e-05
-5.100000e+00	2.394610e-05
-5.097500e+00	2.396142e-05
-5.095000e+00	2.397676e-05
-5.092500e+00	2.399212e-05
-5.090000e+00	2.400749e-05
-5.087500e+00	2.402289e-05
-5.085000e+00	2.403830e-05
-5.082500e+00	2.405373e-05
-5.080000e+00	2.406919e-05
-5.077500e+00	2.408466e-05
-5.075000e+00	2.410015e-05
-5.072500e+00	2.411567e-05
-5.070000e+00	2.413120e-05
-5.067500e+00	2.414675e-05
-5.065000e+00	2.416232e-05
-5.062500e+00	2.417791e-05
-5.060000e+00	2.419353e-05
-5.057500e+00	2.420916e-05
-5.055000e+00	2.422481e-05
-5.052500e+00	2.424048e-05
-5.050000e+00	2.425617e-05
-5.047500e+00	2.427188e-05
-5.045000e+00	2.428762e-05
-5.042500e+00	2.430337e-05
-5.040000e+00	2.431914e-05
-5.037500e+00	2.433493e-05
-5.035000e+00	2.435074e-05
-5.032500e+00	2.436658e-05
-5.030000e+00	2.438243e-05
-5.027500e+00	2.439830e-05
-5.025000e+00	2.441420e-05
-5.022500e+00	2.443011e-05
-5.020000e+00	2.444605e-05
-5.017500e+00	2.446200e-05
-5.015000e+00	2.447798e-05
-5.012500e+00	2.449398e-05
-5.010000e+00	2.450999e-05
-5.007500e+00	2.452603e-05
-5.005000e+00	2.454209e-05
-5.002500e+00	2.455817e-05
-5.000000e+00	2.457427e-05
-4.997500e+00	2.459039e-05
-4.995000e+00	2.460654e-05
-4.992500e+00	2.462270e-05
-4.990000e+00	2.463889e-05
-4.987500e+00	2.465509e-05
-4.985000e+00	2.467132e-05
-4.982500e+00	2.468757e-05
-4.980000e+00	2.470384e-05
-4.977500e+00	2.472013e-05
-4.975000e+00	2.473644e-05
-4.972500e+00	2.475277e-05
-4.970000e+00	2.476913e-05
-4.967500e+00	2.478550e-05
-4.965000e+00	2.480190e-05
-4.962500e+00	2.481832e-05
-4.960000e+00	2.483476e-05
-4.957500e+00	2.485122e-05
-4.955000e+00	2.486770e-05
-4.952500e+00	2.488421e-05
-4.950000e+00	2.490074e-05
-4.947500e+00	2.491729e-05
-4.945000e+00	2.493386e-05
-4.942500e+00	2.495045e-05
-4.940000e+00	2.496706e-05
-4.937500e+00	2.498370e-05
-4.935000e+00	2.500036e-05
-4.932500e+00	2.501704e-05
-4.930000e+00	2.503374e-05
-4.927500e+00	2.505047e-05
-4.925000e+00	2.506721e-05
-4.922500e+00	2.508398e-05
-4.920000e+00	2.510078e-05
-4.917500e+00	2.511759e-05
-4.915000e+00	2.513443e-05
-4.912500e+00	2.515128e-05
-4.910000e+00	2.516817e-05
-4.907500e+00	2.518507e-05
-4.905000e+00	2.520200e-05
-4.902500e+00	2.521894e-05
-4.900000e+00	2.523592e-05
-4.897500e+00	2.525291e-05
-4.895000e+00	2.526993e-05
-4.892500e+00	2.528697e-05
-4.890000e+00	2.530403e-05
-4.887500e+00	2.532112e-05
-4.885000e+00	2.533822e-05
-4.882500e+00	2.535535e-05
-4.880000e+00	2.537251e-05
-4.877500e+00	2.538969e-05
-4.875000e+00	2.540689e-05
-4.872500e+00	2.542411e-05
-4.870000e+00	2.544136e-05
-4.867500e+00	2.545863e-05
-4.865000e+00	2.547592e-05
-4.862500e+00	2.549324e-05
-4.860000e+00	2.551058e-05
-4.857500e+00	2.552794e-05
-4.855000e+00	2.554533e-05
-4.852500e+00	2.556274e-05
-4.850000e+00	2.558018e-05
-4.847500e+00	2.559764e-05
-4.845000e+00	2.561512e-05
-4.842500e+00	2.563263e-05
-4.840000e+00	2.565016e-05
-4.837500e+00	2.566771e-05
-4.835000e+00	2.568529e-05
-4.832500e+00	2.570289e-05
-4.830000e+00	2.572051e-05
-4.827500e+00	2.573816e-05
-4.825000e+00	2.575584e-05
-4.822500e+00	2.577354e-05
-4.820000e+00	2.579126e-05
-4.817500e+00	2.580900e-05
-4.815000e+00	2.582678e-05
-4.812500e+00	2.584457e-05
-4.810000e+00	2.586239e-05
-4.807500e+00	2.588024e-05
-4.805000e+00	2.589810e-05
-4.802500e+00	2.591600e-05
-4.800000e+00	2.593392e-05
-4.797500e+00	2.595186e-05
-4.795000e+00	2.596983e-05
-4.792500e+00	2.598782e-05
-4.790000e+00	2.600584e-05
-4.787500e+00	2.602388e-05
-4.785000e+00	2.604195e-05
-4.782500e+00	2.606004e-05
-4.780000e+00	2.607816e-05
-4.777500e+00	2.609630e-05
-4.775000e+00	2.611447e-05
-4.772500e+00	2.613266e-05
-4.770000e+00	2.615088e-05
-4.767500e+00	2.616912e-05
-4.765000e+00	2.618739e-05
-4.762500e+00	2.620568e-05
-4.760000e+00	2.622401e-05
-4.757500e+00	2.624235e-05
-4.755000e+00	2.626072e-05
-4.752500e+00	2.627912e-05
-4.750000e+00	2.629754e-05
-4.747500e+00	2.631599e-05
-4.745000e+00	2.633447e-05
-4.742500e+00	2.635297e-05
-4.740000e+00	2.637149e-05
-4.737500e+00	2.639004e-05
-4.735000e+00	2.640862e-05
-4.732500e+00	2.642723e-05
-4.730000e+00	2.644586e-05
-4.727500e+00	2.646452e-05
-4.725000e+00	2.648320e-05
-4.722500e+00	2.650191e-05
-4.720000e+00	2.652065e-05
-4.717500e+00	2.653941e-05
-4.715000e+00	2.655820e-05
-4.712500e+00	2.657701e-05
-4.710000e+00	2.659586e-05
-4.707500e+00	2.661473e-05
-4.705000e+00	2.663362e-05
-4.702500e+00	2.665255e-05
-4.700000e+00	2.667150e-05
-4.697500e+00	2.669047e-05
-4.695000e+00	2.670948e-05
-4.692500e+00	2.672851e-05
-4.690000e+00	2.674757e-05
-4.687500e+00	2.676665e-05
-4.685000e+00	2.678576e-05
-4.682500e+00	2.680490e-05
-4.680000e+00	2.682407e-05
-4.677500e+00	2.684327e-05
-4.675000e+00	2.686249e-05
-4.672500e+00	2.688174e-05
-4.670000e+00	2.690102e-05
-4.667500e+00	2.692032e-05
-4.665000e+00	2.693966e-05
-4.662500e+00	2.695902e-05
-4.660000e+00	2.697840e-05
-4.657500e+00	2.699782e-05
-4.655000e+00	2.701727e-05
-4.652500e+00	2.703674e-05
-4.650000e+00	2.705624e-05
-4.647500e+00	2.707577e-05
-4.645000e+00	2.709533e-05
-4.642500e+00	2.711491e-05
-4.640000e+00	2.713453e-05
-4.637500e+00	2.715417e-05
-4.635000e+00	2.717384e-05
-4.632500e+00	2.719354e-05
-4.630000e+00	2.721327e-05
-4.627500e+00	2.723303e-05
-4.625000e+00	2.725281e-05
-4.622500e+00	2.727263e-05
-4.620000e+00	2.729247e-05
-4.617500e+00	2.731234e-05
-4.615000e+00	2.733225e-05
-4.612500e+00	2.735218e-05
-4.610000e+00	2.737214e-05
-4.607500e+00	2.739213e-05
-4.605000e+00	2.741215e-05
-4.602500e+00	2.743219e-05
-4.600000e+00	2.745227e-05
-4.597500e+00	2.747238e-05
-4.595000e+00	2.749251e-05
-4.592500e+00	2.751268e-05
-4.590000e+00	2.753288e-05
-4.587500e+00	2.755310e-05
-4.585000e+00	2.757336e-05
-4.582500e+00	2.759364e-05
-4.580000e+00	2.761396e-05
-4.577500e+00	2.763430e-05
-4.575000e+00	2.765468e-05
-4.572500e+00	2.767509e-05
-4.570000e+00	2.769552e-05
-4.567500e+00	2.771599e-05
-4.565000e+00	2.773649e-05
-4.562500e+00	2.775701e-05
-4.560000e+00	2.777757e-05
-4.557500e+00	2.779816e-05
-4.555000e+00	2.781878e-05
-4.552500e+00	2.783943e-05
-4.550000e+00	2.786011e-05
-4.547500e+00	2.788082e-05
-4.545000e+00	2.790156e-05
-4.542500e+00	2.792234e-05
-4.540000e+00	2.794314e-05
-4.537500e+00	2.796398e-05
-4.535000e+00	2.798485e-05
-4.532500e+00	2.800574e-05
-4.530000e+00	2.802667e-05
-4.527500e+00	2.804764e-05
-4.525000e+00	2.806863e-05
-4.522500e+00	2.808965e-05
-4.520000e+00	2.811071e-05
-4.517500e+00	2.813180e-05
-4.515000e+00	2.815292e-05
-4.512500e+00	2.817407e-05
-4.510000e+00	2.819525e-05
-4.507500e+00	2.821647e-05
-4.505000e+00	2.823772e-05
-4.502500e+00	2.825900e-05
-4.500000e+00	2.828031e-05
-4.497500e+00	2.830166e-05
-4.495000e+00	2.832304e-05
-4.492500e+00	2.834445e-05
-4.490000e+00	2.836589e-05
-4.487500e+00	2.838736e-05
-4.485000e+00	2.840887e-05
-4.482500e+00	2.843041e-05
-4.480000e+00	2.845199e-05
-4.477500e+00	2.847359e-05
-4.475000e+00	2.849523e-05
-4.472500e+00	2.851691e-05
-4.470000e+00	2.853861e-05
-4.467500e+00	2.856035e-05
-4.465000e+00	2.858213e-05
-4.462500e+00	2.860393e-05
-4.460000e+00	2.862577e-05
-4.457500e+00	2.864765e-05
-4.455000e+00	2.866956e-05
-4.452500e+00	2.869150e-05
-4.450000e+00	2.871347e-05
-4.447500e+00	2.873548e-05
-4.445000e+00	2.875752e-05
-4.442500e+00	2.877960e-05
-4.440000e+00	2.880171e-05
-4.437500e+00	2.882386e-05
-4.435000e+00	2.884604e-05
-4.432500e+00	2.886825e-05
-4.430000e+00	2.889050e-05
-4.427500e+00	2.891279e-05
-4.425000e+00	2.893511e-05
-4.422500e+00	2.895746e-05
-4.420000e+00	2.897985e-05
-4.417500e+00	2.900227e-05
-4.415000e+00	2.902473e-05
-4.412500e+00	2.904722e-05
-4.410000e+00	2.906975e-05
-4.407500e+00	2.909231e-05
-4.405000e+00	2.911491e-05
-4.402500e+00	2.913755e-05
-4.400000e+00	2.916022e-05
-4.397500e+00	2.918292e-05
-4.395000e+00	2.920567e-05
-4.392500e+00	2.922844e-05
-4.390000e+00	2.925126e-05
-4.387500e+00	2.927411e-05
-4.385000e+00	2.929699e-05
-4.382500e+00	2.931991e-05
-4.380000e+00	2.934287e-05
-4.377500e+00	2.936586e-05
-4.375000e+00	2.938889e-05
-4.372500e+00	2.941196e-05
-4.370000e+00	2.943506e-05
-4.367500e+00	2.945821e-05
-4.365000e+00	2.948138e-05
-4.362500e+00	2.950460e-05
-4.360000e+00	2.952785e-05
-4.357500e+00	2.955114e-05
-4.355000e+00	2.957446e-05
-4.352500e+00	2.959782e-05
-4.350000e+00	2.962122e-05
-4.347500e+00	2.964466e-05
-4.345000e+00	2.966813e-05
-4.342500e+00	2.969165e-05
-4.340000e+00	2.971520e-05
-4.337500e+00	2.973878e-05
-4.335000e+00	2.976241e-05
-4.332500e+00	2.978607e-05
-4.330000e+00	2.980977e-05
-4.327500e+00	2.983351e-05
-4.325000e+00	2.985729e-05
-4.322500e+00	2.988111e-05
-4.320000e+00	2.990496e-05
-4.317500e+00	2.992886e-05
-4.315000e+00	2.995279e-05
-4.312500e+00	2.997676e-05
-4.310000e+00	3.000077e-05
-4.307500e+00	3.002482e-05
-4.305000e+00	3.004891e-05
-4.302500e+00	3.007303e-05
-4.300000e+00	3.009720e-05
-4.297500e+00	3.012140e-05
-4.295000e+00	3.014565e-05
-4.292500e+00	3.016993e-05
-4.290000e+00	3.019426e-05
-4.287500e+00	3.021862e-05
-4.285000e+00	3.024303e-05
-4.282500e+00	3.026747e-05
-4.280000e+00	3.029195e-05
-4.277500e+00	3.031648e-05
-4.275000e+00	3.034104e-05
-4.272500e+00	3.036564e-05
-4.270000e+00	3.039029e-05
-4.267500e+00	3.041497e-05
-4.265000e+00	3.043970e-05
-4.262500e+00	3.046447e-05
-4.260000e+00	3.048927e-05
-4.257500e+00	3.051412e-05
-4.255000e+00	3.053901e-05
-4.252500e+00	3.056394e-05
-4.250000e+00	3.058891e-05
-4.247500e+00	3.061393e-05
-4.245000e+00	3.063898e-05
-4.242500e+00	3.066408e-05
-4.240000e+00	3.068922e-05
-4.237500e+00	3.071440e-05
-4.235000e+00	3.073962e-05
-4.232500e+00	3.076488e-05
-4.230000e+00	3.079019e-05
-4.227500e+00	3.081554e-05
-4.225000e+00	3.084093e-05
-4.222500e+00	3.086636e-05
-4.220000e+00	3.089183e-05
-4.217500e+00	3.091735e-05
-4.215000e+00	3.094291e-05
-4.212500e+00	3.096852e-05
-4.210000e+00	3.099416e-05
-4.207500e+00	3.101985e-05
-4.205000e+00	3.104559e-05
-4.202500e+00	3.107136e-05
-4.200000e+00	3.109718e-05
-4.197500e+00	3.112305e-05
-4.195000e+00	3.114895e-05
-4.192500e+00	3.117490e-05
-4.190000e+00	3.120090e-05
-4.187500e+00	3.122694e-05
-4.185000e+00	3.125302e-05
-4.182500e+00	3.127915e-05
-4.180000e+00	3.130532e-05
-4.177500e+00	3.133154e-05
-4.175000e+00	3.135780e-05
-4.172500e+00	3.138410e-05
-4.170000e+00	3.141045e-05
-4.167500e+00	3.143685e-05
-4.165000e+00	3.146329e-05
-4.162500e+00	3.148977e-05
-4.160000e+00	3.151630e-05
-4.157500e+00	3.154288e-05
-4.155000e+00	3.156950e-05
-4.152500e+00	3.159617e-05
-4.150000e+00	3.162288e-05
-4.147500e+00	3.164964e-05
-4.145000e+00	3.167644e-05
-4.142500e+00	3.170329e-05
-4.140000e+00	3.173019e-05
-4.137500e+00	3.175713e-05
-4.135000e+00	3.178412e-05
-4.132500e+00	3.181116e-05
-4.130000e+00	3.183825e-05
-4.127500e+00	3.186538e-05
-4.125000e+00	3.189255e-05
-4.122500e+00	3.191978e-05
-4.120000e+00	3.194705e-05
-4.117500e+00	3.197437e-05
-4.115000e+00	3.200173e-05
-4.112500e+00	3.202915e-05
-4.110000e+00	3.205661e-05
-4.107500e+00	3.208412e-05
-4.105000e+00	3.211168e-05
-4.102500e+00	3.213928e-05
-4.100000e+00	3.216694e-05
-4.097500e+00	3.219464e-05
-4.095000e+00	3.222239e-05
-4.092500e+00	3.225019e-05
-4.090000e+00	3.227804e-05
-4.087500e+00	3.230594e-05
-4.085000e+00	3.233388e-05
-4.082500e+00	3.236188e-05
-4.080000e+00	3.238993e-05
-4.077500e+00	3.241802e-05
-4.075000e+00	3.244616e-05
-4.072500e+00	3.247436e-05
-4.070000e+00	3.250260e-05
-4.067500e+00	3.253090e-05
-4.065000e+00	3.255924e-05
-4.062500e+00	3.258763e-05
-4.060000e+00	3.261608e-05
-4.057500e+00	3.264457e-05
-4.055000e+00	3.267312e-05
-4.052500e+00	3.270171e-05
-4.050000e+00	3.273036e-05
-4.047500e+00	3.275906e-05
-4.045000e+00	3.278781e-05
-4.042500e+00	3.281661e-05
-4.040000e+00	3.284546e-05
-4.037500e+00	3.287437e-05
-4.035000e+00	3.290332e-05
-4.032500e+00	3.293233e-05
-4.030000e+00	3.296139e-05
-4.027500e+00	3.299050e-05
-4.025000e+00	3.301967e-05
-4.022500e+00	3.304889e-05
-4.020000e+00	3.307816e-05
-4.017500e+00	3.310748e-05
-4.015000e+00	3.313685e-05
-4.012500e+00	3.316628e-05
-4.010000e+00	3.319576e-05
-4.007500e+00	3.322530e-05
-4.005000e+00	3.325489e-05
-4.002500e+00	3.328453e-05
-4.000000e+00	3.331423e-05
-3.997500e+00	3.334398e-05
-3.995000e+00	3.337378e-05
-3.992500e+00	3.340364e-05
-3.990000e+00	3.343355e-05
-3.987500e+00	3.346352e-05
-3.985000e+00	3.349354e-05
-3.982500e+00	3.352362e-05
-3.980000e+00	3.355375e-05
-3.977500e+00	3.358394e-05
-3.975000e+00	3.361418e-05
-3.972500e+00	3.364448e-05
-3.970000e+00	3.367483e-05
-3.967500e+00	3.370524e-05
-3.965000e+00	3.373571e-05
-3.962500e+00	3.376623e-05
-3.960000e+00	3.379681e-05
-3.957500e+00	3.382744e-05
-3.955000e+00	3.385813e-05
-3.952500e+00	3.388888e-05
-3.950000e+00	3.391969e-05
-3.947500e+00	3.395055e-05
-3.945000e+00	3.398147e-05
-3.942500e+00	3.401244e-05
-3.940000e+00	3.404348e-05
-3.937500e+00	3.407457e-05
-3.935000e+00	3.410572e-05
-3.932500e+00	3.413693e-05
-3.930000e+00	3.416819e-05
-3.927500e+00	3.419952e-05
-3.925000e+00	3.423090e-05
-3.922500e+00	3.426234e-05
-3.920000e+00	3.429384e-05
-3.917500e+00	3.432540e-05
-3.915000e+00	3.435702e-05
-3.912500e+00	3.438870e-05
-3.910000e+00	3.442044e-05
-3.907500e+00	3.445223e-05
-3.905000e+00	3.448409e-05
-3.902500e+00	3.451601e-05
-3.900000e+00	3.454798e-05
-3.897500e+00	3.458002e-05
-3.895000e+00	3.461212e-05
-3.892500e+00	3.464428e-05
-3.890000e+00	3.467650e-05
-3.887500e+00	3.470878e-05
-3.885000e+00	3.474112e-05
-3.882500e+00	3.477353e-05
-3.880000e+00	3.480599e-05
-3.877500e+00	3.483852e-05
-3.875000e+00	3.487111e-05
-3.872500e+00	3.490376e-05
-3.870000e+00	3.493648e-05
-3.867500e+00	3.496926e-05
-3.865000e+00	3.500209e-05
-3.862500e+00	3.503500e-05
-3.860000e+00	3.506796e-05
-3.857500e+00	3.510099e-05
-3.855000e+00	3.513408e-05
-3.852500e+00	3.516724e-05
-3.850000e+00	3.520046e-05
-3.847500e+00	3.523374e-05
-3.845000e+00	3.526709e-05
-3.842500e+00	3.530050e-05
-3.840000e+00	3.533398e-05
-3.837500e+00	3.536752e-05
-3.835000e+00	3.540113e-05
-3.832500e+00	3.543480e-05
-3.830000e+00	3.546854e-05
-3.827500e+00	3.550234e-05
-3.825000e+00	3.553621e-05
-3.822500e+00	3.557014e-05
-3.820000e+00	3.560414e-05
-3.817500e+00	3.563821e-05
-3.815000e+00	3.567234e-05
-3.812500e+00	3.570654e-05
-3.810000e+00	3.574081e-05
-3.807500e+00	3.577515e-05
-3.805000e+00	3.580955e-05
-3.802500e+00	3.584402e-05
-3.800000e+00	3.587855e-05
-3.797500e+00	3.591316e-05
-3.795000e+00	3.594783e-05
-3.792500e+00	3.598257e-05
-3.790000e+00	3.601738e-05
-3.787500e+00	3.605226e-05
-3.785000e+00	3.608721e-05
-3.782500e+00	3.612222e-05
-3.780000e+00	3.615731e-05
-3.777500e+00	3.619246e-05
-3.775000e+00	3.622769e-05
-3.772500e+00	3.626298e-05
-3.770000e+00	3.629835e-05
-3.767500e+00	3.633378e-05
-3.765000e+00	3.636929e-05
-3.762500e+00	3.640487e-05
-3.760000e+00	3.644051e-05
-3.757500e+00	3.647623e-05
-3.755000e+00	3.651202e-05
-3.752500e+00	3.654789e-05
-3.750000e+00	3.658382e-05
-3.747500e+00	3.661983e-05
-3.745000e+00	3.665591e-05
-3.742500e+00	3.669206e-05
-3.740000e+00	3.672828e-05
-3.737500e+00	3.676458e-05
-3.735000e+00	3.680095e-05
-3.732500e+00	3.683739e-05
-3.730000e+00	3.687391e-05
-3.727500e+00	3.691050e-05
-3.725000e+00	3.694717e-05
-3.722500e+00	3.698391e-05
-3.720000e+00	3.702072e-05
-3.717500e+00	3.705761e-05
-3.715000e+00	3.709457e-05
-3.712500e+00	3.713161e-05
-3.710000e+00	3.716873e-05
-3.707500e+00	3.720592e-05
-3.705000e+00	3.724319e-05
-3.702500e+00	3.728053e-05
-3.700000e+00	3.731795e-05
-3.697500e+00	3.735544e-05
-3.695000e+00	3.739302e-05
-3.692500e+00	3.743067e-05
-3.690000e+00	3.746839e-05
-3.687500e+00	3.750620e-05
-3.685000e+00	3.754408e-05
-3.682500e+00	3.758204e-05
-3.680000e+00	3.762008e-05
-3.677500e+00	3.765820e-05
-3.675000e+00	3.769640e-05
-3.672500e+00	3.773467e-05
-3.670000e+00	3.777303e-05
-3.667500e+00	3.781146e-05
-3.665000e+00	3.784998e-05
-3.662500e+00	3.788857e-05
-3.660000e+00	3.792725e-05
-3.657500e+00	3.796600e-05
-3.655000e+00	3.800484e-05
-3.652500e+00	3.804376e-05
-3.650000e+00	3.808276e-05
-3.647500e+00	3.812184e-05
-3.645000e+00	3.816100e-05
-3.642500e+00	3.820024e-05
-3.640000e+00	3.823957e-05
-3.637500e+00	3.827898e-05
-3.635000e+00	3.831847e-05
-3.632500e+00	3.835805e-05
-3.630000e+00	3.839770e-05
-3.627500e+00	3.843745e-05
-3.625000e+00	3.847727e-05
-3.622500e+00	3.851718e-05
-3.620000e+00	3.855718e-05
-3.617500e+00	3.859726e-05
-3.615000e+00	3.863742e-05
-3.612500e+00	3.867768e-05
-3.610000e+00	3.871801e-05
-3.607500e+00	3.875843e-05
-3.605000e+00	3.879894e-05
-3.602500e+00	3.883953e-05
-3.600000e+00	3.888022e-05
-3.597500e+00	3.892098e-05
-3.595000e+00	3.896184e-05
-3.592500e+00	3.900278e-05
-3.590000e+00	3.904381e-05
-3.587500e+00	3.908493e-05
-3.585000e+00	3.912614e-05
-3.582500e+00	3.916743e-05
-3.580000e+00	3.920882e-05
-3.577500e+00	3.925029e-05
-3.575000e+00	3.929185e-05
-3.572500e+00	3.933351e-05
-3.570000e+00	3.937525e-05
-3.567500e+00	3.941708e-05
-3.565000e+00	3.945901e-05
-3.562500e+00	3.950102e-05
-3.560000e+00	3.954313e-05
-3.557500e+00	3.958533e-05
-3.555000e+00	3.962762e-05
-3.552500e+00	3.967000e-05
-3.550000e+00	3.971247e-05
-3.547500e+00	3.975504e-05
-3.545000e+00	3.979770e-05
-3.542500e+00	3.984045e-05
-3.540000e+00	3.988330e-05
-3.537500e+00	3.992624e-05
-3.535000e+00	3.996928e-05
-3.532500e+00	4.001241e-05
-3.530000e+00	4.005563e-05
-3.527500e+00	4.009895e-05
-3.525000e+00	4.014237e-05
-3.522500e+00	4.018588e-05
-3.520000e+00	4.022949e-05
-3.517500e+00	4.027319e-05
-3.515000e+00	4.031699e-05
-3.512500e+00	4.036089e-05
-3.510000e+00	4.040489e-05
-3.507500e+00	4.044898e-05
-3.505000e+00	4.049317e-05
-3.502500e+00	4.053746e-05
-3.500000e+00	4.058185e-05
-3.497500e+00	4.062634e-05
-3.495000e+00	4.067093e-05
-3.492500e+00	4.071562e-05
-3.490000e+00	4.076040e-05
-3.487500e+00	4.080529e-05
-3.485000e+00	4.085028e-05
-3.482500e+00	4.089537e-05
-3.480000e+00	4.094056e-05
-3.477500e+00	4.098585e-05
-3.475000e+00	4.103125e-05
-3.472500e+00	4.107675e-05
-3.470000e+00	4.112235e-05
-3.467500e+00	4.116805e-05
-3.465000e+00	4.121386e-05
-3.462500e+00	4.125977e-05
-3.460000e+00	4.130578e-05
-3.457500e+00	4.135190e-05
-3.455000e+00	4.139813e-05
-3.452500e+00	4.144446e-05
-3.450000e+00	4.149089e-05
-3.447500e+00	4.153744e-05
-3.445000e+00	4.158408e-05
-3.442500e+00	4.163084e-05
-3.440000e+00	4.167770e-05
-3.437500e+00	4.172467e-05
-3.435000e+00	4.177175e-05
-3.432500e+00	4.181893e-05
-3.430000e+00	4.186623e-05
-3.427500e+00	4.191363e-05
-3.425000e+00	4.196114e-05
-3.422500e+00	4.200876e-05
-3.420000e+00	4.205650e-05
-3.417500e+00	4.210434e-05
-3.415000e+00	4.215229e-05
-3.412500e+00	4.220036e-05
-3.410000e+00	4.224853e-05
-3.407500e+00	4.229682e-05
-3.405000e+00	4.234522e-05
-3.402500e+00	4.239373e-05
-3.400000e+00	4.244236e-05
-3.397500e+00	4.249110e-05
-3.395000e+00	4.253995e-05
-3.392500e+00	4.258892e-05
-3.390000e+00	4.263800e-05
-3.387500e+00	4.268720e-05
-3.385000e+00	4.273652e-05
-3.382500e+00	4.278595e-05
-3.380000e+00	4.283549e-05
-3.377500e+00	4.288515e-05
-3.375000e+00	4.293493e-05
-3.372500e+00	4.298483e-05
-3.370000e+00	4.303485e-05
-3.367500e+00	4.308498e-05
-3.365000e+00	4.313523e-05
-3.362500e+00	4.318560e-05
-3.360000e+00	4.323610e-05
-3.357500e+00	4.328671e-05
-3.355000e+00	4.333744e-05
-3.352500e+00	4.338829e-05
-3.350000e+00	4.343927e-05
-3.347500e+00	4.349036e-05
-3.345000e+00	4.354158e-05
-3.342500e+00	4.359292e-05
-3.340000e+00	4.364439e-05
-3.337500e+00	4.369597e-05
-3.335000e+00	4.374769e-05
-3.332500e+00	4.379952e-05
-3.330000e+00	4.385148e-05
-3.327500e+00	4.390357e-05
-3.325000e+00	4.395578e-05
-3.322500e+00	4.400812e-05
-3.320000e+00	4.406059e-05
-3.317500e+00	4.411318e-05
-3.315000e+00	4.416590e-05
-3.312500e+00	4.421874e-05
-3.310000e+00	4.427172e-05
-3.307500e+00	4.432483e-05
-3.305000e+00	4.437806e-05
-3.302500e+00	4.443142e-05
-3.300000e+00	4.448492e-05
-3.297500e+00	4.453855e-05
-3.295000e+00	4.459230e-05
-3.292500e+00	4.464619e-05
-3.290000e+00	4.470021e-05
-3.287500e+00	4.475437e-05
-3.285000e+00	4.480865e-05
-3.282500e+00	4.486307e-05
-3.280000e+00	4.491763e-05
-3.277500e+00	4.497232e-05
-3.275000e+00	4.502714e-05
-3.272500e+00	4.508210e-05
-3.270000e+00	4.513720e-05
-3.267500e+00	4.519243e-05
-3.265000e+00	4.524780e-05
-3.262500e+00	4.530331e-05
-3.260000e+00	4.535896e-05
-3.257500e+00	4.541474e-05
-3.255000e+00	4.547067e-05
-3.252500e+00	4.552673e-05
-3.250000e+00	4.558294e-05
-3.247500e+00	4.563928e-05
-3.245000e+00	4.569577e-05
-3.242500e+00	4.575240e-05
-3.240000e+00	4.580917e-05
-3.237500e+00	4.586608e-05
-3.235000e+00	4.592314e-05
-3.232500e+00	4.598034e-05
-3.230000e+00	4.603768e-05
-3.227500e+00	4.609517e-05
-3.225000e+00	4.615281e-05
-3.222500e+00	4.621059e-05
-3.220000e+00	4.626852e-05
-3.217500e+00	4.632659e-05
-3.215000e+00	4.638482e-05
-3.212500e+00	4.644319e-05
-3.210000e+00	4.650171e-05
-3.207500e+00	4.656038e-05
-3.205000e+00	4.661920e-05
-3.202500e+00	4.667817e-05
-3.200000e+00	4.673729e-05
-3.197500e+00	4.679657e-05
-3.195000e+00	4.685599e-05
-3.192500e+00	4.691557e-05
-3.190000e+00	4.697530e-05
-3.187500e+00	4.703519e-05
-3.185000e+00	4.709523e-05
-3.182500e+00	4.715542e-05
-3.180000e+00	4.721577e-05
-3.177500e+00	4.727628e-05
-3.175000e+00	4.733695e-05
-3.172500e+00	4.739777e-05
-3.170000e+00	4.745875e-05
-3.167500e+00	4.751989e-05
-3.165000e+00	4.758119e-05
-3.162500e+00	4.764264e-05
-3.160000e+00	4.770426e-05
-3.157500e+00	4.776604e-05
-3.155000e+00	4.782799e-05
-3.152500e+00	4.789009e-05
-3.150000e+00	4.795236e-05
-3.147500e+00	4.801479e-05
-3.145000e+00	4.807738e-05
-3.142500e+00	4.814014e-05
-3.140000e+00	4.820307e-05
-3.137500e+00	4.826616e-05
-3.135000e+00	4.832942e-05
-3.132500e+00	4.839285e-05
-3.130000e+00	4.845644e-05
-3.127500e+00	4.852021e-05
-3.125000e+00	4.858414e-05
-3.122500e+00	4.864825e-05
-3.120000e+00	4.871252e-05
-3.117500e+00	4.877697e-05
-3.115000e+00	4.884159e-05
-3.112500e+00	4.890638e-05
-3.110000e+00	4.897134e-05
-3.107500e+00	4.903648e-05
-3.105000e+00	4.910179e-05
-3.102500e+00	4.916728e-05
-3.100000e+00	4.923295e-05
-3.097500e+00	4.929879e-05
-3.095000e+00	4.936481e-05
-3.092500e+00	4.943101e-05
-3.090000e+00	4.949739e-05
-3.087500e+00	4.956395e-05
-3.085000e+00	4.963069e-05
-3.082500e+00	4.969761e-05
-3.080000e+00	4.976471e-05
-3.077500e+00	4.983199e-05
-3.075000e+00	4.989946e-05
-3.072500e+00	4.996711e-05
-3.070000e+00	5.003495e-05
-3.067500e+00	5.010297e-05
-3.065000e+00	5.017118e-05
-3.062500e+00	5.023958e-05
-3.060000e+00	5.030816e-05
-3.057500e+00	5.037693e-05
-3.055000e+00	5.044589e-05
-3.052500e+00	5.051505e-05
-3.050000e+00	5.058439e-05
-3.047500e+00	5.065393e-05
-3.045000e+00	5.072365e-05
-3.042500e+00	5.079357e-05
-3.040000e+00	5.086369e-05
-3.037500e+00	5.093400e-05
-3.035000e+00	5.100450e-05
-3.032500e+00	5.107520e-05
-3.030000e+00	5.114610e-05
-3.027500e+00	5.121720e-05
-3.025000e+00	5.128850e-05
-3.022500e+00	5.135999e-05
-3.020000e+00	5.143169e-05
-3.017500e+00	5.150358e-05
-3.015000e+00	5.157568e-05
-3.012500e+00	5.164798e-05
-3.010000e+00	5.172049e-05
-3.007500e+00	5.179320e-05
-3.005000e+00	5.186612e-05
-3.002500e+00	5.193924e-05
-3.000000e+00	5.201257e-05
-2.997500e+00	5.208611e-05
-2.995000e+00	5.215985e-05
-2.992500e+00	5.223381e-05
-2.990000e+00	5.230798e-05
-2.987500e+00	5.238235e-05
-2.985000e+00	5.245695e-05
-2.982500e+00	5.253175e-05
-2.980000e+00	5.260677e-05
-2.977500e+00	5.268200e-05
-2.975000e+00	5.275745e-05
-2.972500e+00	5.283312e-05
-2.970000e+00	5.290900e-05
-2.967500e+00	5.298510e-05
-2.965000e+00	5.306142e-05
-2.962500e+00	5.313797e-05
-2.960000e+00	5.321473e-05
-2.957500e+00	5.329172e-05
-2.955000e+00	5.336893e-05
-2.952500e+00	5.344636e-05
-2.950000e+00	5.352402e-05
-2.947500e+00	5.360190e-05
-2.945000e+00	5.368002e-05
-2.942500e+00	5.375836e-05
-2.940000e+00	5.383693e-05
-2.937500e+00	5.391573e-05
-2.935000e+00	5.399476e-05
-2.932500e+00	5.407402e-05
-2.930000e+00	5.415352e-05
-2.927500e+00	5.423324e-05
-2.925000e+00	5.431321e-05
-2.922500e+00	5.439341e-05
-2.920000e+00	5.447385e-05
-2.917500e+00	5.455452e-05
-2.915000e+00	5.463544e-05
-2.912500e+00	5.471659e-05
-2.910000e+00	5.479799e-05
-2.907500e+00	5.487963e-05
-2.905000e+00	5.496151e-05
-2.902500e+00	5.504363e-05
-2.900000e+00	5.512600e-05
-2.897500e+00	5.520862e-05
-2.895000e+00	5.529149e-05
-2.892500e+00	5.537460e-05
-2.890000e+00	5.545796e-05
-2.887500e+00	5.554157e-05
-2.885000e+00	5.562544e-05
-2.882500e+00	5.570956e-05
-2.880000e+00	5.579393e-05
-2.877500e+00	5.587856e-05
-2.875000e+00	5.596344e-05
-2.872500e+00	5.604858e-05
-2.870000e+00	5.613398e-05
-2.867500e+00	5.621964e-05
-2.865000e+00	5.630556e-05
-2.862500e+00	5.639174e-05
-2.860000e+00	5.647819e-05
-2.857500e+00	5.656490e-05
-2.855000e+00	5.665187e-05
-2.852500e+00	5.673911e-05
-2.850000e+00	5.682662e-05
-2.847500e+00	5.691440e-05
-2.845000e+00	5.700245e-05
-2.842500e+00	5.709076e-05
-2.840000e+00	5.717936e-05
-2.837500e+00	5.726822e-05
-2.835000e+00	5.735736e-05
-2.832500e+00	5.744678e-05
-2.830000e+00	5.753647e-05
-2.827500e+00	5.762645e-05
-2.825000e+00	5.771670e-05
-2.822500e+00	5.780723e-05
-2.820000e+00	5.789805e-05
-2.817500e+00	5.798915e-05
-2.815000e+00	5.808054e-05
-2.812500e+00	5.817221e-05
-2.810000e+00	5.826417e-05
-2.807500e+00	5.835642e-05
-2.805000e+00	5.844896e-05
-2.802500e+00	5.854179e-05
-2.800000e+00	5.863491e-05
-2.797500e+00	5.872833e-05
-2.795000e+00	5.882204e-05
-2.792500e+00	5.891605e-05
-2.790000e+00	5.901036e-05
-2.787500e+00	5.910497e-05
-2.785000e+00	5.919988e-05
-2.782500e+00	5.929509e-05
-2.780000e+00	5.939061e-05
-2.777500e+00	5.948643e-05
-2.775000e+00	5.958256e-05
-2.772500e+00	5.967899e-05
-2.770000e+00	5.977574e-05
-2.767500e+00	5.987280e-05
-2.765000e+00	5.997016e-05
-2.762500e+00	6.006785e-05
-2.760000e+00	6.016584e-05
-2.757500e+00	6.026416e-05
-2.755000e+00	6.036279e-05
-2.752500e+00	6.046174e-05
-2.750000e+00	6.056102e-05
-2.747500e+00	6.066061e-05
-2.745000e+00	6.076053e-05
-2.742500e+00	6.086078e-05
-2.740000e+00	6.096135e-05
-2.737500e+00	6.106225e-05
-2.735000e+00	6.116349e-05
-2.732500e+00	6.126505e-05
-2.730000e+00	6.136695e-05
-2.727500e+00	6.146918e-05
-2.725000e+00	6.157175e-05
-2.722500e+00	6.167466e-05
-2.720000e+00	6.177791e-05
-2.717500e+00	6.188150e-05
-2.715000e+00	6.198543e-05
-2.712500e+00	6.208971e-05
-2.710000e+00	6.219433e-05
-2.707500e+00	6.229930e-05
-2.705000e+00	6.240462e-05
-2.702500e+00	6.251029e-05
-2.700000e+00	6.261632e-05
-2.697500e+00	6.272270e-05
-2.695000e+00	6.282943e-05
-2.692500e+00	6.293653e-05
-2.690000e+00	6.304398e-05
-2.687500e+00	6.315180e-05
-2.685000e+00	6.325998e-05
-2.682500e+00	6.336852e-05
-2.680000e+00	6.347743e-05
-2.677500e+00	6.358671e-05
-2.675000e+00	6.369636e-05
-2.672500e+00	6.380639e-05
-2.670000e+00	6.391678e-05
-2.667500e+00	6.402756e-05
-2.665000e+00	6.413871e-05
-2.662500e+00	6.425024e-05
-2.660000e+00	6.436215e-05
-2.657500e+00	6.447444e-05
-2.655000e+00	6.458712e-05
-2.652500e+00	6.470019e-05
-2.650000e+00	6.481365e-05
-2.647500e+00	6.492749e-05
-2.645000e+00	6.504173e-05
-2.642500e+00	6.515637e-05
-2.640000e+00	6.527140e-05
-2.637500e+00	6.538683e-05
-2.635000e+00	6.550266e-05
-2.632500e+00	6.561889e-05
-2.630000e+00	6.573553e-05
-2.627500e+00	6.585257e-05
-2.625000e+00	6.597003e-05
-2.622500e+00	6.608789e-05
-2.620000e+00	6.620617e-05
-2.617500e+00	6.632486e-05
-2.615000e+00	6.644397e-05
-2.612500e+00	6.656350e-05
-2.610000e+00	6.668344e-05
-2.607500e+00	6.680382e-05
-2.605000e+00	6.692461e-05
-2.602500e+00	6.704584e-05
-2.600000e+00	6.716749e-05
-2.597500e+00	6.728958e-05
-2.595000e+00	6.741210e-05
-2.592500e+00	6.753506e-05
-2.590000e+00	6.765846e-05
-2.587500e+00	6.778229e-05
-2.585000e+00	6.790657e-05
-2.582500e+00	6.803130e-05
-2.580000e+00	6.815647e-05
-2.577500e+00	6.828209e-05
-2.575000e+00	6.840817e-05
-2.572500e+00	6.853470e-05
-2.570000e+00	6.866168e-05
-2.567500e+00	6.878913e-05
-2.565000e+00	6.891704e-05
-2.562500e+00	6.904541e-05
-2.560000e+00	6.917424e-05
-2.557500e+00	6.930355e-05
-2.555000e+00	6.943333e-05
-2.552500e+00	6.956358e-05
-2.550000e+00	6.969430e-05
-2.547500e+00	6.982551e-05
-2.545000e+00	6.995720e-05
-2.542500e+00	7.008937e-05
-2.540000e+00	7.022202e-05
-2.537500e+00	7.035517e-05
-2.535000e+00	7.048880e-05
-2.532500e+00	7.062293e-05
-2.530000e+00	7.075756e-05
-2.527500e+00	7.089269e-05
-2.525000e+00	7.102831e-05
-2.522500e+00	7.116444e-05
-2.520000e+00	7.130108e-05
-2.517500e+00	7.143823e-05
-2.515000e+00	7.157589e-05
-2.512500e+00	7.171407e-05
-2.510000e+00	7.185276e-05
-2.507500e+00	7.199198e-05
-2.505000e+00	7.213171e-05
-2.502500e+00	7.227198e-05
-2.500000e+00	7.241277e-05
-2.497500e+00	7.255409e-05
-2.495000e+00	7.269595e-05
-2.492500e+00	7.283835e-05
-2.490000e+00	7.298129e-05
-2.487500e+00	7.312477e-05
-2.485000e+00	7.326880e-05
-2.482500e+00	7.341337e-05
-2.480000e+00	7.355850e-05
-2.477500e+00	7.370419e-05
-2.475000e+00	7.385043e-05
-2.472500e+00	7.399723e-05
-2.470000e+00	7.414460e-05
-2.467500e+00	7.429254e-05
-2.465000e+00	7.444104e-05
-2.462500e+00	7.459012e-05
-2.460000e+00	7.473978e-05
-2.457500e+00	7.489002e-05
-2.455000e+00	7.504084e-05
-2.452500e+00	7.519224e-05
-2.450000e+00	7.534424e-05
-2.447500e+00	7.549683e-05
-2.445000e+00	7.565001e-05
-2.442500e+00	7.580380e-05
-2.440000e+00	7.595818e-05
-2.437500e+00	7.611318e-05
-2.435000e+00	7.626878e-05
-2.432500e+00	7.642500e-05
-2.430000e+00	7.658183e-05
-2.427500e+00	7.673928e-05
-2.425000e+00	7.689736e-05
-2.422500e+00	7.705606e-05
-2.420000e+00	7.721539e-05
-2.417500e+00	7.737536e-05
-2.415000e+00	7.753596e-05
-2.412500e+00	7.769720e-05
-2.410000e+00	7.785909e-05
-2.407500e+00	7.802163e-05
-2.405000e+00	7.818482e-05
-2.402500e+00	7.834866e-05
-2.400000e+00	7.851317e-05
-2.397500e+00	7.867834e-05
-2.395000e+00	7.884417e-05
-2.392500e+00	7.901067e-05
-2.390000e+00	7.917785e-05
-2.387500e+00	7.934571e-05
-2.385000e+00	7.951425e-05
-2.382500e+00	7.968348e-05
-2.380000e+00	7.985339e-05
-2.377500e+00	8.002400e-05
-2.375000e+00	8.019531e-05
-2.372500e+00	8.036732e-05
-2.370000e+00	8.054004e-05
-2.367500e+00	8.071347e-05
-2.365000e+00	8.088761e-05
-2.362500e+00	8.106247e-05
-2.360000e+00	8.123805e-05
-2.357500e+00	8.141436e-05
-2.355000e+00	8.159140e-05
-2.352500e+00	8.176918e-05
-2.350000e+00	8.194770e-05
-2.347500e+00	8.212696e-05
-2.345000e+00	8.230697e-05
-2.342500e+00	8.248773e-05
-2.340000e+00	8.266925e-05
-2.337500e+00	8.285153e-05
-2.335000e+00	8.303458e-05
-2.332500e+00	8.321840e-05
-2.330000e+00	8.340299e-05
-2.327500e+00	8.358837e-05
-2.325000e+00	8.377453e-05
-2.322500e+00	8.396148e-05
-2.320000e+00	8.414922e-05
-2.317500e+00	8.433776e-05
-2.315000e+00	8.452711e-05
-2.312500e+00	8.471726e-05
-2.310000e+00	8.490823e-05
-2.307500e+00	8.510001e-05
-2.305000e+00	8.529262e-05
-2.302500e+00	8.548606e-05
-2.300000e+00	8.568033e-05
-2.297500e+00	8.587544e-05
-2.295000e+00	8.607139e-05
-2.292500e+00	8.626819e-05
-2.290000e+00	8.646585e-05
-2.287500e+00	8.666436e-05
-2.285000e+00	8.686374e-05
-2.282500e+00	8.706398e-05
-2.280000e+00	8.726511e-05
-2.277500e+00	8.746711e-05
-2.275000e+00	8.766999e-05
-2.272500e+00	8.787377e-05
-2.270000e+00	8.807845e-05
-2.267500e+00	8.828402e-05
-2.265000e+00	8.849051e-05
-2.262500e+00	8.869790e-05
-2.260000e+00	8.890622e-05
-2.257500e+00	8.911546e-05
-2.255000e+00	8.932563e-05
-2.252500e+00	8.953674e-05
-2.250000e+00	8.974879e-05
-2.247500e+00	8.996179e-05
-2.245000e+00	9.017574e-05
-2.242500e+00	9.039065e-05
-2.240000e+00	9.060653e-05
-2.237500e+00	9.082337e-05
-2.235000e+00	9.104120e-05
-2.232500e+00	9.126001e-05
-2.230000e+00	9.147982e-05
-2.227500e+00	9.170061e-05
-2.225000e+00	9.192242e-05
-2.222500e+00	9.214523e-05
-2.220000e+00	9.236906e-05
-2.217500e+00	9.259391e-05
-2.215000e+00	9.281978e-05
-2.212500e+00	9.304670e-05
-2.210000e+00	9.327466e-05
-2.207500e+00	9.350366e-05
-2.205000e+00	9.373372e-05
-2.202500e+00	9.396485e-05
-2.200000e+00	9.419704e-05
-2.197500e+00	9.443031e-05
-2.195000e+00	9.466467e-05
-2.192500e+00	9.490011e-05
-2.190000e+00	9.513665e-05
-2.187500e+00	9.537430e-05
-2.185000e+00	9.561306e-05
-2.182500e+00	9.585294e-05
-2.180000e+00	9.609394e-05
-2.177500e+00	9.633608e-05
-2.175000e+00	9.657936e-05
-2.172500e+00	9.682379e-05
-2.170000e+00	9.706937e-05
-2.167500e+00	9.731612e-05
-2.165000e+00	9.756404e-05
-2.162500e+00	9.781314e-05
-2.160000e+00	9.806343e-05
-2.157500e+00	9.831491e-05
-2.155000e+00	9.856760e-05
-2.152500e+00	9.882150e-05
-2.150000e+00	9.907661e-05
-2.147500e+00	9.933296e-05
-2.145000e+00	9.959054e-05
-2.142500e+00	9.984937e-05
-2.140000e+00	1.001094e-04
-2.137500e+00	1.003708e-04
-2.135000e+00	1.006334e-04
-2.132500e+00	1.008973e-04
-2.130000e+00	1.011625e-04
-2.127500e+00	1.014289e-04
-2.125000e+00	1.016967e-04
-2.122500e+00	1.019658e-04
-2.120000e+00	1.022362e-04
-2.117500e+00	1.025079e-04
-2.115000e+00	1.027810e-04
-2.112500e+00	1.030555e-04
-2.110000e+00	1.033312e-04
-2.107500e+00	1.036084e-04
-2.105000e+00	1.038869e-04
-2.102500e+00	1.041669e-04
-2.100000e+00	1.044482e-04
-2.097500e+00	1.047309e-04
-2.095000e+00	1.050151e-04
-2.092500e+00	1.053006e-04
-2.090000e+00	1.055876e-04
-2.087500e+00	1.058761e-04
-2.085000e+00	1.061660e-04
-2.082500e+00	1.064574e-04
-2.080000e+00	1.067503e-04
-2.077500e+00	1.070446e-04
-2.075000e+00	1.073404e-04
-2.072500e+00	1.076378e-04
-2.070000e+00	1.079367e-04
-2.067500e+00	1.082371e-04
-2.065000e+00	1.085390e-04
-2.062500e+00	1.088425e-04
-2.060000e+00	1.091476e-04
-2.057500e+00	1.094542e-04
-2.055000e+00	1.097624e-04
-2.052500e+00	1.100722e-04
-2.050000e+00	1.103837e-04
-2.047500e+00	1.106967e-04
-2.045000e+00	1.110114e-04
-2.042500e+00	1.113277e-04
-2.040000e+00	1.116457e-04
-2.037500e+00	1.119653e-04
-2.035000e+00	1.122867e-04
-2.032500e+00	1.126097e-04
-2.030000e+00	1.129344e-04
-2.027500e+00	1.132608e-04
-2.025000e+00	1.135890e-04
-2.022500e+00	1.139189e-04
-2.020000e+00	1.142506e-04
-2.017500e+00	1.145840e-04
-2.015000e+00	1.149192e-04
-2.012500e+00	1.152563e-04
-2.010000e+00	1.155951e-04
-2.007500e+00	1.159357e-04
-2.005000e+00	1.162782e-04
-2.002500e+00	1.166225e-04
-2.000000e+00	1.169687e-04
-1.997500e+00	1.173168e-04
-1.995000e+00	1.176667e-04
-1.992500e+00	1.180186e-04
-1.990000e+00	1.183724e-04
-1.987500e+00	1.187281e-04
-1.985000e+00	1.190857e-04
-1.982500e+00	1.194454e-04
-1.980000e+00	1.198070e-04
-1.977500e+00	1.201706e-04
-1.975000e+00	1.205362e-04
-1.972500e+00	1.209038e-04
-1.970000e+00	1.212735e-04
-1.967500e+00	1.216452e-04
-1.965000e+00	1.220190e-04
-1.962500e+00	1.223949e-04
-1.960000e+00	1.227729e-04
-1.957500e+00	1.231530e-04
-1.955000e+00	1.235352e-04
-1.952500e+00	1.239196e-04
-1.950000e+00	1.243061e-04
-1.947500e+00	1.246949e-04
-1.945000e+00	1.250858e-04
-1.942500e+00	1.254790e-04
-1.940000e+00	1.258744e-04
-1.937500e+00	1.262721e-04
-1.935000e+00	1.266720e-04
-1.932500e+00	1.270742e-04
-1.930000e+00	1.274788e-04
-1.927500e+00	1.278856e-04
-1.925000e+00	1.282948e-04
-1.922500e+00	1.287064e-04
-1.920000e+00	1.291204e-04
-1.917500e+00	1.295367e-04
-1.915000e+00	1.299555e-04
-1.912500e+00	1.303767e-04
-1.910000e+00	1.308004e-04
-1.907500e+00	1.312266e-04
-1.905000e+00	1.316553e-04
-1.902500e+00	1.320864e-04
-1.900000e+00	1.325202e-04
-1.897500e+00	1.329565e-04
-1.895000e+00	1.333953e-04
-1.892500e+00	1.338368e-04
-1.890000e+00	1.342809e-04
-1.887500e+00	1.347277e-04
-1.885000e+00	1.351771e-04
-1.882500e+00	1.356292e-04
-1.880000e+00	1.360840e-04
-1.877500e+00	1.365416e-04
-1.875000e+00	1.370019e-04
-1.872500e+00	1.374650e-04
-1.870000e+00	1.379309e-04
-1.867500e+00	1.383996e-04
-1.865000e+00	1.388712e-04
-1.862500e+00	1.393457e-04
-1.860000e+00	1.398230e-04
-1.857500e+00	1.403033e-04
-1.855000e+00	1.407866e-04
-1.852500e+00	1.412728e-04
-1.850000e+00	1.417620e-04
-1.847500e+00	1.422542e-04
-1.845000e+00	1.427495e-04
-1.842500e+00	1.432478e-04
-1.840000e+00	1.437493e-04
-1.837500e+00	1.442539e-04
-1.835000e+00	1.447616e-04
-1.832500e+00	1.452725e-04
-1.830000e+00	1.457867e-04
-1.827500e+00	1.463040e-04
-1.825000e+00	1.468247e-04
-1.822500e+00	1.473486e-04
-1.820000e+00	1.478759e-04
-1.817500e+00	1.484065e-04
-1.815000e+00	1.489405e-04
-1.812500e+00	1.494779e-04
-1.810000e+00	1.500187e-04
-1.807500e+00	1.505630e-04
-1.805000e+00	1.511109e-04
-1.802500e+00	1.516622e-04
-1.800000e+00	1.522171e-04
-1.797500e+00	1.527756e-04
-1.795000e+00	1.533378e-04
-1.792500e+00	1.539036e-04
-1.790000e+00	1.544731e-04
-1.787500e+00	1.550463e-04
-1.785000e+00	1.556233e-04
-1.782500e+00	1.562041e-04
-1.780000e+00	1.567887e-04
-1.777500e+00	1.573771e-04
-1.775000e+00	1.579695e-04
-1.772500e+00	1.585658e-04
-1.770000e+00	1.591661e-04
-1.767500e+00	1.597703e-04
-1.765000e+00	1.603786e-04
-1.762500e+00	1.609910e-04
-1.760000e+00	1.616075e-04
-1.757500e+00	1.622282e-04
-1.755000e+00	1.628531e-04
-1.752500e+00	1.634822e-04
-1.750000e+00	1.641155e-04
-1.747500e+00	1.647532e-04
-1.745000e+00	1.653952e-04
-1.742500e+00	1.660416e-04
-1.740000e+00	1.666925e-04
-1.737500e+00	1.673478e-04
-1.735000e+00	1.680076e-04
-1.732500e+00	1.686720e-04
-1.730000e+00	1.693410e-04
-1.727500e+00	1.700147e-04
-1.725000e+00	1.706930e-04
-1.722500e+00	1.713761e-04
-1.720000e+00	1.720639e-04
-1.717500e+00	1.727566e-04
-1.715000e+00	1.734542e-04
-1.712500e+00	1.741567e-04
-1.710000e+00	1.748641e-04
-1.707500e+00	1.755766e-04
-1.705000e+00	1.762941e-04
-1.702500e+00	1.770167e-04
-1.700000e+00	1.777445e-04
-1.697500e+00	1.784775e-04
-1.695000e+00	1.792158e-04
-1.692500e+00	1.799594e-04
-1.690000e+00	1.807084e-04
-1.687500e+00	1.814628e-04
-1.685000e+00	1.822226e-04
-1.682500e+00	1.829880e-04
-1.680000e+00	1.837590e-04
-1.677500e+00	1.845356e-04
-1.675000e+00	1.853180e-04
-1.672500e+00	1.861060e-04
-1.670000e+00	1.868999e-04
-1.667500e+00	1.876997e-04
-1.665000e+00	1.885054e-04
-1.662500e+00	1.893170e-04
-1.660000e+00	1.901348e-04
-1.657500e+00	1.909586e-04
-1.655000e+00	1.917886e-04
-1.652500e+00	1.926249e-04
-1.650000e+00	1.934675e-04
-1.647500e+00	1.943164e-04
-1.645000e+00	1.951718e-04
-1.642500e+00	1.960336e-04
-1.640000e+00	1.969021e-04
-1.637500e+00	1.977771e-04
-1.635000e+00	1.986589e-04
-1.632500e+00	1.995475e-04
-1.630000e+00	2.004429e-04
-1.627500e+00	2.013452e-04
-1.625000e+00	2.022545e-04
-1.622500e+00	2.031709e-04
-1.620000e+00	2.040944e-04
-1.617500e+00	2.050251e-04
-1.615000e+00	2.059632e-04
-1.612500e+00	2.069086e-04
-1.610000e+00	2.078614e-04
-1.607500e+00	2.088218e-04
-1.605000e+00	2.097898e-04
-1.602500e+00	2.107655e-04
-1.600000e+00	2.117489e-04
-1.597500e+00	2.127403e-04
-1.595000e+00	2.137396e-04
-1.592500e+00	2.147469e-04
-1.590000e+00	2.157623e-04
-1.587500e+00	2.167859e-04
-1.585000e+00	2.178179e-04
-1.582500e+00	2.188582e-04
-1.580000e+00	2.199071e-04
-1.577500e+00	2.209645e-04
-1.575000e+00	2.220306e-04
-1.572500e+00	2.231054e-04
-1.570000e+00	2.241892e-04
-1.567500e+00	2.252819e-04
-1.565000e+00	2.263837e-04
-1.562500e+00	2.274946e-04
-1.560000e+00	2.286149e-04
-1.557500e+00	2.297445e-04
-1.555000e+00	2.308836e-04
-1.552500e+00	2.320324e-04
-1.550000e+00	2.331908e-04
-1.547500e+00	2.343591e-04
-1.545000e+00	2.355373e-04
-1.542500e+00	2.367255e-04
-1.540000e+00	2.379240e-04
-1.537500e+00	2.391327e-04
-1.535000e+00	2.403518e-04
-1.532500e+00	2.415814e-04
-1.530000e+00	2.428218e-04
-1.527500e+00	2.440728e-04
-1.525000e+00	2.453348e-04
-1.522500e+00	2.466079e-04
-1.520000e+00	2.478920e-04
-1.517500e+00	2.491875e-04
-1.515000e+00	2.504945e-04
-1.512500e+00	2.518130e-04
-1.510000e+00	2.531432e-04
-1.507500e+00	2.544853e-04
-1.505000e+00	2.558393e-04
-1.502500e+00	2.572056e-04
-1.500000e+00	2.585841e-04
-1.497500e+00	2.599750e-04
-1.495000e+00	2.613785e-04
-1.492500e+00	2.627948e-04
-1.490000e+00	2.642240e-04
-1.487500e+00	2.656663e-04
-1.485000e+00	2.671218e-04
-1.482500e+00	2.685907e-04
-1.480000e+00	2.700731e-04
-1.477500e+00	2.715693e-04
-1.475000e+00	2.730794e-04
-1.472500e+00	2.746035e-04
-1.470000e+00	2.761420e-04
-1.467500e+00	2.776948e-04
-1.465000e+00	2.792623e-04
-1.462500e+00	2.808446e-04
-1.460000e+00	2.824419e-04
-1.457500e+00	2.840544e-04
-1.455000e+00	2.856822e-04
-1.452500e+00	2.873257e-04
-1.450000e+00	2.889850e-04
-1.447500e+00	2.906602e-04
-1.445000e+00	2.923517e-04
-1.442500e+00	2.940595e-04
-1.440000e+00	2.957840e-04
-1.437500e+00	2.975254e-04
-1.435000e+00	2.992839e-04
-1.432500e+00	3.010596e-04
-1.430000e+00	3.028529e-04
-1.427500e+00	3.046639e-04
-1.425000e+00	3.064930e-04
-1.422500e+00	3.083403e-04
-1.420000e+00	3.102061e-04
-1.417500e+00	3.120907e-04
-1.415000e+00	3.139943e-04
-1.412500e+00	3.159171e-04
-1.410000e+00	3.178595e-04
-1.407500e+00	3.198217e-04
-1.405000e+00	3.218039e-04
-1.402500e+00	3.238065e-04
-1.400000e+00	3.258298e-04
-1.397500e+00	3.278739e-04
-1.395000e+00	3.299393e-04
-1.392500e+00	3.320262e-04
-1.390000e+00	3.341349e-04
-1.387500e+00	3.362657e-04
-1.385000e+00	3.384190e-04
-1.382500e+00	3.405951e-04
-1.380000e+00	3.427942e-04
-1.377500e+00	3.450167e-04
-1.375000e+00	3.472630e-04
-1.372500e+00	3.495335e-04
-1.370000e+00	3.518283e-04
-1.367500e+00	3.541480e-04
-1.365000e+00	3.564928e-04
-1.362500e+00	3.588632e-04
-1.360000e+00	3.612595e-04
-1.357500e+00	3.636821e-04
-1.355000e+00	3.661314e-04
-1.352500e+00	3.686078e-04
-1.350000e+00	3.711116e-04
-1.347500e+00	3.736434e-04
-1.345000e+00	3.762035e-04
-1.342500e+00	3.787924e-04
-1.340000e+00	3.814105e-04
-1.337500e+00	3.840582e-04
-1.335000e+00	3.867360e-04
-1.332500e+00	3.894444e-04
-1.330000e+00	3.921838e-04
-1.327500e+00	3.949547e-04
-1.325000e+00	3.977576e-04
-1.322500e+00	4.005930e-04
-1.320000e+00	4.034614e-04
-1.317500e+00	4.063634e-04
-1.315000e+00	4.092994e-04
-1.312500e+00	4.122700e-04
-1.310000e+00	4.152757e-04
-1.307500e+00	4.183172e-04
-1.305000e+00	4.213950e-04
-1.302500e+00	4.245096e-04
-1.300000e+00	4.276617e-04
-1.297500e+00	4.308519e-04
-1.295000e+00	4.340808e-04
-1.292500e+00	4.373490e-04
-1.290000e+00	4.406572e-04
-1.287500e+00	4.440061e-04
-1.285000e+00	4.473963e-04
-1.282500e+00	4.508285e-04
-1.280000e+00	4.543034e-04
-1.277500e+00	4.578217e-04
-1.275000e+00	4.613842e-04
-1.272500e+00	4.649916e-04
-1.270000e+00	4.686447e-04
-1.267500e+00	4.723442e-04
-1.265000e+00	4.760910e-04
-1.262500e+00	4.798859e-04
-1.260000e+00	4.837296e-04
-1.257500e+00	4.876232e-04
-1.255000e+00	4.915673e-04
-1.252500e+00	4.955630e-04
-1.250000e+00	4.996111e-04
-1.247500e+00	5.037125e-04
-1.245000e+00	5.078683e-04
-1.242500e+00	5.120793e-04
-1.240000e+00	5.163466e-04
-1.237500e+00	5.206712e-04
-1.235000e+00	5.250540e-04
-1.232500e+00	5.294963e-04
-1.230000e+00	5.339990e-04
-1.227500e+00	5.385633e-04
-1.225000e+00	5.431904e-04
-1.222500e+00	5.478812e-04
-1.220000e+00	5.526372e-04
-1.217500e+00	5.574594e-04
-1.215000e+00	5.623492e-04
-1.212500e+00	5.673078e-04
-1.210000e+00	5.723365e-04
-1.207500e+00	5.774366e-04
-1.205000e+00	5.826096e-04
-1.202500e+00	5.878567e-04
-1.200000e+00	5.931796e-04
-1.197500e+00	5.985795e-04
-1.195000e+00	6.040581e-04
-1.192500e+00	6.096169e-04
-1.190000e+00	6.152575e-04
-1.187500e+00	6.209814e-04
-1.185000e+00	6.267904e-04
-1.182500e+00	6.326862e-04
-1.180000e+00	6.386704e-04
-1.177500e+00	6.447449e-04
-1.175000e+00	6.509116e-04
-1.172500e+00	6.571723e-04
-1.170000e+00	6.635289e-04
-1.167500e+00	6.699835e-04
-1.165000e+00	6.765380e-04
-1.162500e+00	6.831946e-04
-1.160000e+00	6.899554e-04
-1.157500e+00	6.968226e-04
-1.155000e+00	7.037984e-04
-1.152500e+00	7.108852e-04
-1.150000e+00	7.180853e-04
-1.147500e+00	7.254013e-04
-1.145000e+00	7.328355e-04
-1.142500e+00	7.403906e-04
-1.140000e+00	7.480692e-04
-1.137500e+00	7.558741e-04
-1.135000e+00	7.638081e-04
-1.132500e+00	7.718740e-04
-1.130000e+00	7.800747e-04
-1.127500e+00	7.884134e-04
-1.125000e+00	7.968931e-04
-1.122500e+00	8.055171e-04
-1.120000e+00	8.142887e-04
-1.117500e+00	8.232112e-04
-1.115000e+00	8.322882e-04
-1.112500e+00	8.415233e-04
-1.110000e+00	8.509201e-04
-1.107500e+00	8.604826e-04
-1.105000e+00	8.702146e-04
-1.102500e+00	8.801202e-04
-1.100000e+00	8.902036e-04
-1.097500e+00	9.004690e-04
-1.095000e+00	9.109210e-04
-1.092500e+00	9.215639e-04
-1.090000e+00	9.324026e-04
-1.087500e+00	9.434420e-04
-1.085000e+00	9.546869e-04
-1.082500e+00	9.661426e-04
-1.080000e+00	9.778144e-04
-1.077500e+00	9.897078e-04
-1.075000e+00	1.001828e-03
-1.072500e+00	1.014182e-03
-1.070000e+00	1.026775e-03
-1.067500e+00	1.039613e-03
-1.065000e+00	1.052703e-03
-1.062500e+00	1.066052e-03
-1.060000e+00	1.079666e-03
-1.057500e+00	1.093552e-03
-1.055000e+00	1.107718e-03
-1.052500e+00	1.122171e-03
-1.050000e+00	1.136920e-03
-1.047500e+00	1.151972e-03
-1.045000e+00	1.167336e-03
-1.042500e+00	1.183020e-03
-1.040000e+00	1.199034e-03
-1.037500e+00	1.215387e-03
-1.035000e+00	1.232087e-03
-1.032500e+00	1.249147e-03
-1.030000e+00	1.266575e-03
-1.027500e+00	1.284383e-03
-1.025000e+00	1.302581e-03
-1.022500e+00	1.321182e-03
-1.020000e+00	1.340196e-03
-1.017500e+00	1.359638e-03
-1.015000e+00	1.379519e-03
-1.012500e+00	1.399853e-03
-1.010000e+00	1.420653e-03
-1.007500e+00	1.441935e-03
-1.005000e+00	1.463713e-03
-1.002500e+00	1.486003e-03
-1.000000e+00	1.508820e-03
-9.975000e-01	1.532183e-03
-9.950000e-01	1.556108e-03
-9.925000e-01	1.580613e-03
-9.900000e-01	1.605719e-03
-9.875000e-01	1.631443e-03
-9.850000e-01	1.657808e-03
-9.825000e-01	1.684833e-03
-9.800000e-01	1.712543e-03
-9.775000e-01	1.740959e-03
-9.750000e-01	1.770107e-03
-9.725000e-01	1.800012e-03
-9.700000e-01	1.830700e-03
-9.675000e-01	1.862198e-03
-9.650000e-01	1.894537e-03
-9.625000e-01	1.927745e-03
-9.600000e-01	1.961854e-03
-9.575000e-01	1.996898e-03
-9.550000e-01	2.032910e-03
-9.525000e-01	2.069928e-03
-9.500000e-01	2.107988e-03
-9.475000e-01	2.147131e-03
-9.450000e-01	2.187397e-03
-9.425000e-01	2.228830e-03
-9.400000e-01	2.271477e-03
-9.375000e-01	2.315384e-03
-9.350000e-01	2.360602e-03
-9.325000e-01	2.407184e-03
-9.300000e-01	2.455185e-03
-9.275000e-01	2.504663e-03
-9.250000e-01	2.555681e-03
-9.225000e-01	2.608302e-03
-9.200000e-01	2.662594e-03
-9.175000e-01	2.718629e-03
-9.150000e-01	2.776482e-03
-9.125000e-01	2.836234e-03
-9.100000e-01	2.897967e-03
-9.075000e-01	2.961771e-03
-9.050000e-01	3.027739e-03
-9.025000e-01	3.095971e-03
-9.000000e-01	3.166571e-03
-8.975000e-01	3.239651e-03
-8.950000e-01	3.315327e-03
-8.925000e-01	3.393724e-03
-8.900000e-01	3.474974e-03
-8.875000e-01	3.559218e-03
-8.850000e-01	3.646605e-03
-8.825000e-01	3.737292e-03
-8.800000e-01	3.831448e-03
-8.775000e-01	3.929252e-03
-8.750000e-01	4.030895e-03
-8.725000e-01	4.136582e-03
-8.700000e-01	4.246528e-03
-8.675000e-01	4.360966e-03
-8.650000e-01	4.480145e-03
-8.625000e-01	4.604329e-03
-8.600000e-01	4.733802e-03
-8.575000e-01	4.868870e-03
-8.550000e-01	5.009859e-03
-8.525000e-01	5.157120e-03
-8.500000e-01	5.311031e-03
-8.475000e-01	5.471998e-03
-8.450000e-01	5.640458e-03
-8.425000e-01	5.816883e-03
-8.400000e-01	6.001785e-03
-8.375000e-01	6.195712e-03
-8.350000e-01	6.399263e-03
-8.325000e-01	6.613084e-03
-8.300000e-01	6.837878e-03
-8.275000e-01	7.074406e-03
-8.250000e-01	7.323499e-03
-8.225000e-01	7.586062e-03
-8.200000e-01	7.863082e-03
-8.175000e-01	8.155640e-03
-8.150000e-01	8.464917e-03
-8.125000e-01	8.792209e-03
-8.100000e-01	9.138942e-03
-8.075000e-01	9.506682e-03
-8.050000e-01	9.897159e-03
-8.025000e-01	1.031228e-02
-8.000000e-01	1.075416e-02
-7.975000e-01	1.122515e-02
-7.950000e-01	1.172785e-02
-7.925000e-01	1.226516e-02
-7.900000e-01	1.284034e-02
-7.875000e-01	1.345700e-02
-7.850000e-01	1.411923e-02
-7.825000e-01	1.483162e-02
-7.800000e-01	1.559934e-02
-7.775000e-01	1.642824e-02
-7.750000e-01	1.732500e-02
-7.725000e-01	1.829717e-02
-7.700000e-01	1.935344e-02
-7.675000e-01	2.050372e-02
-7.650000e-01	2.175947e-02
-7.625000e-01	2.313391e-02
-7.600000e-01	2.464239e-02
-7.575000e-01	2.630281e-02
-7.550000e-01	2.813615e-02
-7.525000e-01	3.016708e-02
-7.500000e-01	3.242484e-02
-7.475000e-01	3.494419e-02
-7.450000e-01	3.776678e-02
-7.425000e-01	4.094279e-02
-7.400000e-01	4.453310e-02
-7.375000e-01	4.861212e-02
-7.350000e-01	5.327148e-02
-7.325000e-01	5.862501e-02
-7.300000e-01	6.481535e-02
-7.275000e-01	7.202301e-02
-7.250000e-01	8.047877e-02
-7.225000e-01	9.048097e-02
-7.200000e-01	1.024199e-01
-7.175000e-01	1.168127e-01
-7.150000e-01	1.343535e-01
-7.125000e-01	1.559875e-01
-7.100000e-01	1.830192e-01
-7.075000e-01	2.172736e-01
-7.050000e-01	2.613318e-01
-7.025000e-01	3.188656e-01
-7.000000e-01	3.950685e-01
-6.975000e-01	4.970571e-01
-6.950000e-01	6.336979e-01
-6.925000e-01	8.131308e-01
-6.900000e-01	1.033934e+00
-6.875000e-01	1.265593e+00
-6.850000e-01	1.431206e+00
-6.825000e-01	1.443235e+00
-6.800000e-01	1.294210e+00
-6.775000e-01	1.066029e+00
-6.750000e-01	8.410079e-01
-6.725000e-01	6.554679e-01
-6.700000e-01	5.134040e-01
-6.675000e-01	4.072487e-01
-6.650000e-01	3.280019e-01
-6.625000e-01	2.682730e-01
-6.600000e-01	2.226267e-01
-6.575000e-01	1.872109e-01
-6.550000e-01	1.593181e-01
-6.525000e-01	1.370364e-01
-6.500000e-01	1.190013e-01
-6.475000e-01	1.042261e-01
-6.450000e-01	9.198746e-02
-6.425000e-01	8.174749e-02
-6.400000e-01	7.310102e-02
-6.375000e-01	6.573880e-02
-6.350000e-01	5.942202e-02
-6.325000e-01	5.396415e-02
-6.300000e-01	4.921799e-02
-6.275000e-01	4.506624e-02
-6.250000e-01	4.141454e-02
-6.225000e-01	3.818641e-02
-6.200000e-01	3.531929e-02
-6.175000e-01	3.276170e-02
-6.150000e-01	3.047093e-02
-6.125000e-01	2.841137e-02
-6.100000e-01	2.655309e-02
-6.075000e-01	2.487086e-02
-6.050000e-01	2.334322e-02
-6.025000e-01	2.195191e-02
-6.000000e-01	2.068123e-02
-5.975000e-01	1.951772e-02
-5.950000e-01	1.844968e-02
-5.925000e-01	1.746701e-02
-5.900000e-01	1.656088e-02
-5.875000e-01	1.572356e-02
-5.850000e-01	1.494829e-02
-5.825000e-01	1.422912e-02
-5.800000e-01	1.356076e-02
-5.775000e-01	1.293856e-02
-5.750000e-01	1.235839e-02
-5.725000e-01	1.181654e-02
-5.700000e-01	1.130974e-02
-5.675000e-01	1.083502e-02
-5.650000e-01	1.038975e-02
-5.625000e-01	9.971543e-03
-5.600000e-01	9.578261e-03
-5.575000e-01	9.207966e-03
-5.550000e-01	8.858906e-03
-5.525000e-01	8.529492e-03
-5.500000e-01	8.218283e-03
-5.475000e-01	7.923964e-03
-5.450000e-01	7.645339e-03
-5.425000e-01	7.381315e-03
-5.400000e-01	7.130893e-03
-5.375000e-01	6.893157e-03
-5.350000e-01	6.667267e-03
-5.325000e-01	6.452452e-03
-5.300000e-01	6.248002e-03
-5.275000e-01	6.053262e-03
-5.250000e-01	5.867631e-03
-5.225000e-01	5.690550e-03
-5.200000e-01	5.521504e-03
-5.175000e-01	5.360017e-03
-5.150000e-01	5.205647e-03
-5.125000e-01	5.057982e-03
-5.100000e-01	4.916643e-03
-5.075000e-01	4.781275e-03
-5.050000e-01	4.651547e-03
-5.025000e-01	4.527152e-03
-5.000000e-01	4.407804e-03
-4.975000e-01	4.293234e-03
-4.950000e-01	4.183193e-03
-4.925000e-01	4.077446e-03
-4.900000e-01	3.975775e-03
-4.875000e-01	3.877973e-03
-4.850000e-01	3.783849e-03
-4.825000e-01	3.693222e-03
-4.800000e-01	3.605922e-03
-4.775000e-01	3.521789e-03
-4.750000e-01	3.440674e-03
-4.725000e-01	3.362435e-03
-4.700000e-01	3.286939e-03
-4.675000e-01	3.214061e-03
-4.650000e-01	3.143683e-03
-4.625000e-01	3.075692e-03
-4.600000e-01	3.009983e-03
-4.575000e-01	2.946457e-03
-4.550000e-01	2.885020e-03
-4.525000e-01	2.825581e-03
-4.500000e-01	2.768057e-03
-4.475000e-01	2.712367e-03
-4.450000e-01	2.658436e-03
-4.425000e-01	2.606191e-03
-4.400000e-01	2.555565e-03
-4.375000e-01	2.506492e-03
-4.350000e-01	2.458911e-03
-4.325000e-01	2.412763e-03
-4.300000e-01	2.367992e-03
-4.275000e-01	2.324547e-03
-4.250000e-01	2.282375e-03
-4.225000e-01	2.241429e-03
-4.200000e-01	2.201664e-03
-4.175000e-01	2.163036e-03
-4.150000e-01	2.125503e-03
-4.125000e-01	2.089025e-03
-4.100000e-01	2.053565e-03
-4.075000e-01	2.019087e-03
-4.050000e-01	1.985555e-03
-4.025000e-01	1.952938e-03
-4.000000e-01	1.921203e-03
-3.975000e-01	1.890321e-03
-3.950000e-01	1.860262e-03
-3.925000e-01	1.830999e-03
-3.900000e-01	1.802506e-03
-3.875000e-01	1.774757e-03
-3.850000e-01	1.747728e-03
-3.825000e-01	1.721396e-03
-3.800000e-01	1.695739e-03
-3.775000e-01	1.670735e-03
-3.750000e-01	1.646364e-03
-3.725000e-01	1.622607e-03
-3.700000e-01	1.599444e-03
-3.675000e-01	1.576858e-03
-3.650000e-01	1.554831e-03
-3.625000e-01	1.533346e-03
-3.600000e-01	1.512389e-03
-3.575000e-01	1.491942e-03
-3.550000e-01	1.471992e-03
-3.525000e-01	1.452525e-03
-3.500000e-01	1.433526e-03
-3.475000e-01	1.414984e-03
-3.450000e-01	1.396884e-03
-3.425000e-01	1.379216e-03
-3.400000e-01	1.361967e-03
-3.375000e-01	1.345127e-03
-3.350000e-01	1.328685e-03
-3.325000e-01	1.312630e-03
-3.300000e-01	1.296952e-03
-3.275000e-01	1.281642e-03
-3.250000e-01	1.266692e-03
-3.225000e-01	1.252091e-03
-3.200000e-01	1.237831e-03
-3.175000e-01	1.223905e-03
-3.150000e-01	1.210305e-03
-3.125000e-01	1.197023e-03
-3.100000e-01	1.184051e-03
-3.075000e-01	1.171384e-03
-3.050000e-01	1.159014e-03
-3.025000e-01	1.146934e-03
-3.000000e-01	1.135140e-03
-2.975000e-01	1.123624e-03
-2.950000e-01	1.112382e-03
-2.925000e-01	1.101408e-03
-2.900000e-01	1.090697e-03
-2.875000e-01	1.080243e-03
-2.850000e-01	1.070043e-03
-2.825000e-01	1.060092e-03
-2.800000e-01	1.050385e-03
-2.775000e-01	1.040919e-03
-2.750000e-01	1.031690e-03
-2.725000e-01	1.022694e-03
-2.700000e-01	1.013928e-03
-2.675000e-01	1.005388e-03
-2.650000e-01	9.970726e-04
-2.625000e-01	9.889777e-04
-2.600000e-01	9.811012e-04
-2.575000e-01	9.734407e-04
-2.550000e-01	9.659941e-04
-2.525000e-01	9.587592e-04
-2.500000e-01	9.517345e-04
-2.475000e-01	9.449184e-04
-2.450000e-01	9.383096e-04
-2.425000e-01	9.319069e-04
-2.400000e-01	9.257094e-04
-2.375000e-01	9.197165e-04
-2.350000e-01	9.139278e-04
-2.325000e-01	9.083430e-04
-2.300000e-01	9.029622e-04
-2.275000e-01	8.977858e-04
-2.250000e-01	8.928142e-04
-2.225000e-01	8.880484e-04
-2.200000e-01	8.834894e-04
-2.175000e-01	8.791387e-04
-2.150000e-01	8.749981e-04
-2.125000e-01	8.710695e-04
-2.100000e-01	8.673556e-04
-2.075000e-01	8.638589e-04
-2.050000e-01	8.605829e-04
-2.025000e-01	8.575310e-04
-2.000000e-01	8.547073e-04
-1.975000e-01	8.521164e-04
-1.950000e-01	8.497632e-04
-1.925000e-01	8.476535e-04
-1.900000e-01	8.457934e-04
-1.875000e-01	8.441896e-04
-1.850000e-01	8.428497e-04
-1.825000e-01	8.417818e-04
-1.800000e-01	8.409951e-04
-1.775000e-01	8.404995e-04
-1.750000e-01	8.403056e-04
-1.725000e-01	8.404256e-04
-1.700000e-01	8.408722e-04
-1.675000e-01	8.416598e-04
-1.650000e-01	8.428040e-04
-1.625000e-01	8.443218e-04
-1.600000e-01	8.462319e-04
-1.575000e-01	8.485548e-04
-1.550000e-01	8.513130e-04
-1.525000e-01	8.545313e-04
-1.500000e-01	8.582367e-04
-1.475000e-01	8.624591e-04
-1.450000e-01	8.672316e-04
-1.425000e-01	8.725903e-04
-1.400000e-01	8.785754e-04
-1.375000e-01	8.852313e-04
-1.350000e-01	8.926071e-04
-1.325000e-01	9.007575e-04
-1.300000e-01	9.097432e-04
-1.275000e-01	9.196319e-04
-1.250000e-01	9.304992e-04
-1.225000e-01	9.424295e-04
-1.200000e-01	9.555179e-04
-1.175000e-01	9.698710e-04
-1.150000e-01	9.856092e-04
-1.125000e-01	1.002868e-03
-1.100000e-01	1.021803e-03
-1.075000e-01	1.042588e-03
-1.050000e-01	1.065425e-03
-1.025000e-01	1.090541e-03
-1.000000e-01	1.118201e-03
-9.750000e-02	1.148709e-03
-9.500000e-02	1.182416e-03
-9.250000e-02	1.219732e-03
-9.000000e-02	1.261134e-03
-8.750000e-02	1.307185e-03
-8.500000e-02	1.358546e-03
-8.250000e-02	1.416003e-03
-8.000000e-02	1.480495e-03
-7.750000e-02	1.553147e-03
-7.500000e-02	1.635320e-03
-7.250000e-02	1.728669e-03
-7.000000e-02	1.835224e-03
-6.750000e-02	1.957495e-03
-6.500000e-02	2.098610e-03
-6.250000e-02	2.262507e-03
-6.000000e-02	2.454190e-03
-5.750000e-02	2.680084e-03
-5.500000e-02	2.948543e-03
-5.250000e-02	3.270551e-03
-5.000000e-02	3.660744e-03
-4.750000e-02	4.138891e-03
-4.500000e-02	4.732070e-03
-4.250000e-02	5.477877e-03
-4.000000e-02	6.429184e-03
-3.750000e-02	7.661028e-03
-3.500000e-02	9.280095e-03
-3.250000e-02	1.143588e-02
-3.000000e-02	1.432723e-02
-2.750000e-02	1.818100e-02
-2.500000e-02	2.313739e-02
-2.250000e-02	2.891796e-02
-2.000000e-02	3.426837e-02
-1.750000e-02	3.692194e-02
-1.500000e-02	3.532006e-02
-1.250000e-02	3.044014e-02
-1.000000e-02	2.460229e-02
-7.500000e-03	1.937748e-02
-5.000000e-03	1.524336e-02
-2.500000e-03	1.212512e-02
1.094236e-12	9.801187e-03
2.500000e-03	8.061225e-03
5.000000e-03	6.742999e-03
7.500000e-03	5.729737e-03
1.000000e-02	4.939175e-03
1.250000e-02	4.313437e-03
1.500000e-02	3.811486e-03
1.750000e-02	3.403875e-03
2.000000e-02	3.069187e-03
2.250000e-02	2.791625e-03
2.500000e-02	2.559381e-03
2.750000e-02	2.363511e-03
3.000000e-02	2.197158e-03
3.250000e-02	2.055002e-03
3.500000e-02	1.932877e-03
3.750000e-02	1.827483e-03
4.000000e-02	1.736186e-03
4.250000e-02	1.656866e-03
4.500000e-02	1.587802e-03
4.750000e-02	1.527591e-03
5.000000e-02	1.475080e-03
5.250000e-02	1.429317e-03
5.500000e-02	1.389514e-03
5.750000e-02	1.355016e-03
6.000000e-02	1.325279e-03
6.250000e-02	1.299847e-03
6.500000e-02	1.278344e-03
6.750000e-02	1.260457e-03
7.000000e-02	1.245929e-03
7.250000e-02	1.234550e-03
7.500000e-02	1.226155e-03
7.750000e-02	1.220615e-03
8.000000e-02	1.217834e-03
8.250000e-02	1.217752e-03
8.500000e-02	1.220333e-03
8.750000e-02	1.225576e-03
9.000000e-02	1.233504e-03
9.250000e-02	1.244172e-03
9.500000e-02	1.257661e-03
9.750000e-02	1.274086e-03
1.000000e-01	1.293597e-03
1.025000e-01	1.316376e-03
1.050000e-01	1.342651e-03
1.075000e-01	1.372693e-03
1.100000e-01	1.406826e-03
1.125000e-01	1.445438e-03
1.150000e-01	1.488984e-03
1.175000e-01	1.538006e-03
1.200000e-01	1.593143e-03
1.225000e-01	1.655157e-03
1.250000e-01	1.724950e-03
1.275000e-01	1.803602e-03
1.300000e-01	1.892408e-03
1.325000e-01	1.992928e-03
1.350000e-01	2.107052e-03
1.375000e-01	2.237089e-03
1.400000e-01	2.385873e-03
1.425000e-01	2.556915e-03
1.450000e-01	2.754598e-03
1.475000e-01	2.984442e-03
1.500000e-01	3.253475e-03
1.525000e-01	3.570732e-03
1.550000e-01	3.947966e-03
1.575000e-01	4.400651e-03
1.600000e-01	4.949429e-03
1.625000e-01	5.622208e-03
1.650000e-01	6.457257e-03
1.675000e-01	7.507768e-03
1.700000e-01	8.848606e-03
1.725000e-01	1.058607e-02
1.750000e-01	1.287123e-02
1.775000e-01	1.591528e-02
1.800000e-01	1.999717e-02
1.825000e-01	2.542837e-02
1.850000e-01	3.237821e-02
1.875000e-01	4.038608e-02
1.900000e-01	4.759226e-02
1.925000e-01	5.083165e-02
1.950000e-01	4.818134e-02
1.975000e-01	4.124905e-02
2.000000e-01	3.322952e-02
2.025000e-01	2.615437e-02
2.050000e-01	2.059205e-02
2.075000e-01	1.640859e-02
2.100000e-01	1.329546e-02
2.125000e-01	1.096763e-02
2.150000e-01	9.207147e-03
2.175000e-01	7.857665e-03
2.200000e-01	6.809160e-03
2.225000e-01	5.984265e-03
2.250000e-01	5.328158e-03
2.275000e-01	4.801549e-03
2.300000e-01	4.375929e-03
2.325000e-01	4.030367e-03
2.350000e-01	3.749325e-03
2.375000e-01	3.521173e-03
2.400000e-01	3.337160e-03
2.425000e-01	3.190688e-03
2.450000e-01	3.076816e-03
2.475000e-01	2.991902e-03
2.500000e-01	2.933357e-03
2.525000e-01	2.899479e-03
2.550000e-01	2.889348e-03
2.575000e-01	2.902773e-03
2.600000e-01	2.940280e-03
2.625000e-01	3.003153e-03
2.650000e-01	3.093516e-03
2.675000e-01	3.214479e-03
2.700000e-01	3.370353e-03
2.725000e-01	3.566965e-03
2.750000e-01	3.812115e-03
2.775000e-01	4.116220e-03
2.800000e-01	4.493249e-03
2.825000e-01	4.962077e-03
2.850000e-01	5.548454e-03
2.875000e-01	6.287928e-03
2.900000e-01	7.230156e-03
2.925000e-01	8.445272e-03
2.950000e-01	1.003306e-02
2.975000e-01	1.213530e-02
3.000000e-01	1.494926e-02
3.025000e-01	1.873163e-02
3.050000e-01	2.375577e-02
3.075000e-01	3.012447e-02
3.100000e-01	3.728222e-02
3.125000e-01	4.334464e-02
3.150000e-01	4.546018e-02
3.175000e-01	4.233714e-02
3.200000e-01	3.581509e-02
3.225000e-01	2.869460e-02
3.250000e-01	2.256145e-02
3.275000e-01	1.778349e-02
3.300000e-01	1.419637e-02
3.325000e-01	1.152167e-02
3.350000e-01	9.513401e-03
3.375000e-01	7.986129e-03
3.400000e-01	6.807411e-03
3.425000e-01	5.884084e-03
3.450000e-01	5.150519e-03
3.475000e-01	4.560068e-03
3.500000e-01	4.079153e-03
3.525000e-01	3.683277e-03
3.550000e-01	3.354318e-03
3.575000e-01	3.078689e-03
3.600000e-01	2.846072e-03
3.625000e-01	2.648542e-03
3.650000e-01	2.479943e-03
3.675000e-01	2.335445e-03
3.700000e-01	2.211227e-03
3.725000e-01	2.104240e-03
3.750000e-01	2.012037e-03
3.775000e-01	1.932641e-03
3.800000e-01	1.864452e-03
3.825000e-01	1.806168e-03
3.850000e-01	1.756734e-03
3.875000e-01	1.715294e-03
3.900000e-01	1.681163e-03
3.925000e-01	1.653795e-03
3.950000e-01	1.632771e-03
3.975000e-01	1.617778e-03
4.000000e-01	1.608602e-03
4.025000e-01	1.605122e-03
4.050000e-01	1.607302e-03
4.075000e-01	1.615194e-03
4.100000e-01	1.628938e-03
4.125000e-01	1.648766e-03
4.150000e-01	1.675012e-03
4.175000e-01	1.708121e-03
4.200000e-01	1.748664e-03
4.225000e-01	1.797362e-03
4.250000e-01	1.855110e-03
4.275000e-01	1.923014e-03
4.300000e-01	2.002436e-03
4.325000e-01	2.095053e-03
4.350000e-01	2.202939e-03
4.375000e-01	2.328665e-03
4.400000e-01	2.475437e-03
4.425000e-01	2.647283e-03
4.450000e-01	2.849301e-03
4.475000e-01	3.088003e-03
4.500000e-01	3.371792e-03
4.525000e-01	3.711631e-03
4.550000e-01	4.121995e-03
4.575000e-01	4.622237e-03
4.600000e-01	5.238592e-03
4.625000e-01	6.007109e-03
4.650000e-01	6.978003e-03
4.675000e-01	8.222061e-03
4.700000e-01	9.839880e-03
4.725000e-01	1.197432e-02
4.750000e-01	1.482421e-02
4.775000e-01	1.864874e-02
4.800000e-01	2.372562e-02
4.825000e-01	3.016548e-02
4.850000e-01	3.742430e-02
4.875000e-01	4.362085e-02
4.900000e-01	4.586697e-02
4.925000e-01	4.280006e-02
4.950000e-01	3.623706e-02
4.975000e-01	2.902376e-02
5.000000e-01	2.279391e-02
5.025000e-01	1.793615e-02
5.050000e-01	1.428896e-02
5.075000e-01	1.157057e-02
5.100000e-01	9.530767e-03
5.125000e-01	7.980665e-03
5.150000e-01	6.785265e-03
5.175000e-01	5.849605e-03
5.200000e-01	5.106798e-03
5.225000e-01	4.509307e-03
5.250000e-01	4.022926e-03
5.275000e-01	3.622703e-03
5.300000e-01	3.290180e-03
5.325000e-01	3.011518e-03
5.350000e-01	2.776210e-03
5.375000e-01	2.576176e-03
5.400000e-01	2.405139e-03
5.425000e-01	2.258166e-03
5.450000e-01	2.131347e-03
5.475000e-01	2.021555e-03
5.500000e-01	1.926265e-03
5.525000e-01	1.843431e-03
5.550000e-01	1.771378e-03
5.575000e-01	1.708730e-03
5.600000e-01	1.654352e-03
5.625000e-01	1.607302e-03
5.650000e-01	1.566797e-03
5.675000e-01	1.532188e-03
5.700000e-01	1.502932e-03
5.725000e-01	1.478581e-03
5.750000e-01	1.458763e-03
5.775000e-01	1.443175e-03
5.800000e-01	1.431571e-03
5.825000e-01	1.423758e-03
5.850000e-01	1.419586e-03
5.875000e-01	1.418951e-03
5.900000e-01	1.421785e-03
5.925000e-01	1.428057e-03
5.950000e-01	1.437773e-03
5.975000e-01	1.450972e-03
6.000000e-01	1.467729e-03
6.025000e-01	1.488156e-03
6.050000e-01	1.512401e-03
6.075000e-01	1.540655e-03
6.100000e-01	1.573150e-03
6.125000e-01	1.610170e-03
6.150000e-01	1.652051e-03
6.175000e-01	1.699191e-03
6.200000e-01	1.752058e-03
6.225000e-01	1.811204e-03
6.250000e-01	1.877271e-03
6.275000e-01	1.951015e-03
6.300000e-01	2.033322e-03
6.325000e-01	2.125233e-03
6.350000e-01	2.227979e-03
6.375000e-01	2.343013e-03
6.400000e-01	2.472064e-03
6.425000e-01	2.617196e-03
6.450000e-01	2.780889e-03
6.475000e-01	2.966134e-03
6.500000e-01	3.176568e-03
6.525000e-01	3.416641e-03
6.550000e-01	3.691840e-03
6.575000e-01	4.008987e-03
6.600000e-01	4.376635e-03
6.625000e-01	4.805615e-03
6.650000e-01	5.309783e-03
6.675000e-01	5.907056e-03
6.700000e-01	6.620888e-03
6.725000e-01	7.482362e-03
6.750000e-01	8.533228e-03
6.775000e-01	9.830340e-03
6.800000e-01	1.145221e-02
6.825000e-01	1.350870e-02
6.850000e-01	1.615523e-02
6.875000e-01	1.961291e-02
6.900000e-01	2.419435e-02
6.925000e-01	3.032736e-02
6.950000e-01	3.854286e-02
6.975000e-01	4.932134e-02
7.000000e-01	6.255187e-02
7.025000e-01	7.635191e-02
7.050000e-01	8.606911e-02
7.075000e-01	8.652996e-02
7.100000e-01	7.744953e-02
7.125000e-01	6.378644e-02
7.150000e-01	5.039969e-02
7.175000e-01	3.939312e-02
7.200000e-01	3.097576e-02
7.225000e-01	2.468895e-02
7.250000e-01	1.999670e-02
7.275000e-01	1.646078e-02
7.300000e-01	1.375941e-02
7.325000e-01	1.166466e-02
7.350000e-01	1.001634e-02
7.375000e-01	8.701315e-03
7.400000e-01	7.638862e-03
7.425000e-01	6.770604e-03
7.450000e-01	6.053756e-03
7.475000e-01	5.456532e-03
7.500000e-01	4.955011e-03
7.525000e-01	4.530972e-03
7.550000e-01	4.170387e-03
7.575000e-01	3.862350e-03
7.600000e-01	3.598316e-03
7.625000e-01	3.371544e-03
7.650000e-01	3.176698e-03
7.675000e-01	3.009548e-03
7.700000e-01	2.866760e-03
7.725000e-01	2.745729e-03
7.750000e-01	2.644470e-03
7.775000e-01	2.561543e-03
7.800000e-01	2.496005e-03
7.825000e-01	2.447391e-03
7.850000e-01	2.415732e-03
7.875000e-01	2.401592e-03
7.900000e-01	2.406163e-03
7.925000e-01	2.431395e-03
7.950000e-01	2.480213e-03
7.975000e-01	2.556834e-03
8.000000e-01	2.667241e-03
8.025000e-01	2.819888e-03
8.050000e-01	3.026748e-03
8.075000e-01	3.304873e-03
8.100000e-01	3.678649e-03
8.125000e-01	4.182871e-03
8.150000e-01	4.866277e-03
8.175000e-01	5.793212e-03
8.200000e-01	7.035193e-03
8.225000e-01	8.629763e-03
8.250000e-01	1.046657e-02
8.275000e-01	1.211052e-02
8.300000e-01	1.283159e-02
8.325000e-01	1.220014e-02
8.350000e-01	1.060001e-02
8.375000e-01	8.765915e-03
8.400000e-01	7.158471e-03
8.425000e-01	5.904219e-03
8.450000e-01	4.971262e-03
8.475000e-01	4.289056e-03
8.500000e-01	3.793020e-03
8.525000e-01	3.434223e-03
8.550000e-01	3.178065e-03
8.575000e-01	3.000826e-03
8.600000e-01	2.886606e-03
8.625000e-01	2.825117e-03
8.650000e-01	2.810224e-03
8.675000e-01	2.839053e-03
8.700000e-01	2.911521e-03
8.725000e-01	3.030222e-03
8.750000e-01	3.200614e-03
8.775000e-01	3.431550e-03
8.800000e-01	3.736236e-03
8.825000e-01	4.133757e-03
8.850000e-01	4.651428e-03
8.875000e-01	5.328324e-03
8.900000e-01	6.220447e-03
8.925000e-01	7.407800e-03
8.950000e-01	9.002529e-03
8.975000e-01	1.115291e-02
9.000000e-01	1.402443e-02
9.025000e-01	1.770615e-02
9.050000e-01	2.195011e-02
9.075000e-01	2.576174e-02
9.100000e-01	2.745456e-02
9.125000e-01	2.601180e-02
9.150000e-01	2.229724e-02
9.175000e-01	1.801143e-02
9.200000e-01	1.423184e-02
9.225000e-01	1.125833e-02
9.250000e-01	9.018555e-03
9.275000e-01	7.348019e-03
9.300000e-01	6.094993e-03
9.325000e-01	5.143493e-03
9.350000e-01	4.410280e-03
9.375000e-01	3.836745e-03
9.400000e-01	3.381633e-03
9.425000e-01	3.015658e-03
9.450000e-01	2.717776e-03
9.475000e-01	2.472663e-03
9.500000e-01	2.268995e-03
9.525000e-01	2.098299e-03
9.550000e-01	1.954144e-03
9.575000e-01	1.831594e-03
9.600000e-01	1.726816e-03
9.625000e-01	1.636800e-03
9.650000e-01	1.559163e-03
9.675000e-01	1.491997e-03
9.700000e-01	1.433767e-03
9.725000e-01	1.383225e-03
9.750000e-01	1.339349e-03
9.775000e-01	1.301303e-03
9.800000e-01	1.268393e-03
9.825000e-01	1.240045e-03
9.850000e-01	1.215780e-03
9.875000e-01	1.195200e-03
9.900000e-01	1.177973e-03
9.925000e-01	1.163820e-03
9.950000e-01	1.152512e-03
9.975000e-01	1.143859e-03
1.000000e+00	1.137703e-03
1.002500e+00	1.133920e-03
1.005000e+00	1.132411e-03
1.007500e+00	1.133099e-03
1.010000e+00	1.135931e-03
1.012500e+00	1.140874e-03
1.015000e+00	1.147913e-03
1.017500e+00	1.157049e-03
1.020000e+00	1.168304e-03
1.022500e+00	1.181715e-03
1.025000e+00	1.197337e-03
1.027500e+00	1.215244e-03
1.030000e+00	1.235525e-03
1.032500e+00	1.258294e-03
1.035000e+00	1.283682e-03
1.037500e+00	1.311845e-03
1.040000e+00	1.342963e-03
1.042500e+00	1.377245e-03
1.045000e+00	1.414933e-03
1.047500e+00	1.456300e-03
1.050000e+00	1.501663e-03
1.052500e+00	1.551383e-03
1.055000e+00	1.605874e-03
1.057500e+00	1.665611e-03
1.060000e+00	1.731140e-03
1.062500e+00	1.803088e-03
1.065000e+00	1.882180e-03
1.067500e+00	1.969256e-03
1.070000e+00	2.065289e-03
1.072500e+00	2.171416e-03
1.075000e+00	2.288966e-03
1.077500e+00	2.419503e-03
1.080000e+00	2.564876e-03
1.082500e+00	2.727277e-03
1.085000e+00	2.909327e-03
1.087500e+00	3.114175e-03
1.090000e+00	3.345627e-03
1.092500e+00	3.608317e-03
1.095000e+00	3.907933e-03
1.097500e+00	4.251503e-03
1.100000e+00	4.647796e-03
1.102500e+00	5.107848e-03
1.105000e+00	5.645689e-03
1.107500e+00	6.279344e-03
1.110000e+00	7.032243e-03
1.112500e+00	7.935204e-03
1.115000e+00	9.029305e-03
1.117500e+00	1.037003e-02
1.120000e+00	1.203341e-02
1.122500e+00	1.412500e-02
1.125000e+00	1.679329e-02
1.127500e+00	2.024902e-02
1.130000e+00	2.479182e-02
1.132500e+00	3.084142e-02
1.135000e+00	3.895552e-02
1.137500e+00	4.976849e-02
1.140000e+00	6.366569e-02
1.142500e+00	7.984588e-02
1.145000e+00	9.476118e-02
1.147500e+00	1.020564e-01
1.150000e+00	9.743647e-02
1.152500e+00	8.371549e-02
1.155000e+00	6.738527e-02
1.157500e+00	5.280053e-02
1.160000e+00	4.126983e-02
1.162500e+00	3.257420e-02
1.165000e+00	2.609270e-02
1.167500e+00	2.123833e-02
1.170000e+00	1.755894e-02
1.172500e+00	1.472924e-02
1.175000e+00	1.252010e-02
1.177500e+00	1.077033e-02
1.180000e+00	9.365630e-03
1.182500e+00	8.224018e-03
1.185000e+00	7.285877e-03
1.187500e+00	6.507278e-03
1.190000e+00	5.855433e-03
1.192500e+00	5.305579e-03
1.195000e+00	4.838826e-03
1.197500e+00	4.440655e-03
1.200000e+00	4.099862e-03
1.202500e+00	3.807820e-03
1.205000e+00	3.557973e-03
1.207500e+00	3.345512e-03
1.210000e+00	3.167195e-03
1.212500e+00	3.021324e-03
1.215000e+00	2.907856e-03
1.217500e+00	2.828661e-03
1.220000e+00	2.787819e-03
1.222500e+00	2.791568e-03
1.225000e+00	2.846563e-03
1.227500e+00	2.953100e-03
1.230000e+00	3.088610e-03
1.232500e+00	3.187918e-03
1.235000e+00	3.162631e-03
1.237500e+00	2.984147e-03
1.240000e+00	2.717989e-03
1.242500e+00	2.447818e-03
1.245000e+00	2.216499e-03
1.247500e+00	2.031823e-03
1.250000e+00	1.887419e-03
1.252500e+00	1.774373e-03
1.255000e+00	1.685058e-03
1.257500e+00	1.613771e-03
1.260000e+00	1.556433e-03
1.262500e+00	1.510172e-03
1.265000e+00	1.472966e-03
1.267500e+00	1.443386e-03
1.270000e+00	1.420431e-03
1.272500e+00	1.403401e-03
1.275000e+00	1.391828e-03
1.277500e+00	1.385419e-03
1.280000e+00	1.384027e-03
1.282500e+00	1.387629e-03
1.285000e+00	1.396314e-03
1.287500e+00	1.410283e-03
1.290000e+00	1.429849e-03
1.292500e+00	1.455450e-03
1.295000e+00	1.487659e-03
1.297500e+00	1.527213e-03
1.300000e+00	1.575040e-03
1.302500e+00	1.632306e-03
1.305000e+00	1.700468e-03
1.307500e+00	1.781356e-03
1.310000e+00	1.877273e-03
1.312500e+00	1.991140e-03
1.315000e+00	2.126686e-03
1.317500e+00	2.288715e-03
1.320000e+00	2.483487e-03
1.322500e+00	2.719240e-03
1.325000e+00	3.006961e-03
1.327500e+00	3.361489e-03
1.330000e+00	3.803146e-03
1.332500e+00	4.360139e-03
1.335000e+00	5.072118e-03
1.337500e+00	5.995343e-03
1.340000e+00	7.209834e-03
1.342500e+00	8.827918e-03
1.345000e+00	1.099977e-02
1.347500e+00	1.389938e-02
1.350000e+00	1.764345e-02
1.352500e+00	2.205000e-02
1.355000e+00	2.621424e-02
1.357500e+00	2.842346e-02
1.360000e+00	2.739298e-02
1.362500e+00	2.375347e-02
1.365000e+00	1.927603e-02
1.367500e+00	1.522179e-02
1.370000e+00	1.199793e-02
1.372500e+00	9.561915e-03
1.375000e+00	7.745873e-03
1.377500e+00	6.386656e-03
1.380000e+00	5.357532e-03
1.382500e+00	4.567056e-03
1.385000e+00	3.950767e-03
1.387500e+00	3.463325e-03
1.390000e+00	3.072603e-03
1.392500e+00	2.755563e-03
1.395000e+00	2.495467e-03
1.397500e+00	2.279977e-03
1.400000e+00	2.099878e-03
1.402500e+00	1.948196e-03
1.405000e+00	1.819589e-03
1.407500e+00	1.709915e-03
1.410000e+00	1.615931e-03
1.412500e+00	1.535073e-03
1.415000e+00	1.465294e-03
1.417500e+00	1.404947e-03
1.420000e+00	1.352697e-03
1.422500e+00	1.307457e-03
1.425000e+00	1.268334e-03
1.427500e+00	1.234590e-03
1.430000e+00	1.205617e-03
1.432500e+00	1.180909e-03
1.435000e+00	1.160046e-03
1.437500e+00	1.142677e-03
1.440000e+00	1.128514e-03
1.442500e+00	1.117314e-03
1.445000e+00	1.108883e-03
1.447500e+00	1.103059e-03
1.450000e+00	1.099715e-03
1.452500e+00	1.098753e-03
1.455000e+00	1.100099e-03
1.457500e+00	1.103705e-03
1.460000e+00	1.109543e-03
1.462500e+00	1.117608e-03
1.465000e+00	1.127914e-03
1.467500e+00	1.140494e-03
1.470000e+00	1.155403e-03
1.472500e+00	1.172716e-03
1.475000e+00	1.192529e-03
1.477500e+00	1.214959e-03
1.480000e+00	1.240150e-03
1.482500e+00	1.268271e-03
1.485000e+00	1.299521e-03
1.487500e+00	1.334131e-03
1.490000e+00	1.372369e-03
1.492500e+00	1.414544e-03
1.495000e+00	1.461012e-03
1.497500e+00	1.512185e-03
1.500000e+00	1.568538e-03
1.502500e+00	1.630619e-03
1.505000e+00	1.699063e-03
1.507500e+00	1.774606e-03
1.510000e+00	1.858106e-03
1.512500e+00	1.950565e-03
1.515000e+00	2.053158e-03
1.517500e+00	2.167266e-03
1.520000e+00	2.294528e-03
1.522500e+00	2.436888e-03
1.525000e+00	2.596676e-03
1.527500e+00	2.776692e-03
1.530000e+00	2.980327e-03
1.532500e+00	3.211718e-03
1.535000e+00	3.475944e-03
1.537500e+00	3.779301e-03
1.540000e+00	4.129651e-03
1.542500e+00	4.536910e-03
1.545000e+00	5.013711e-03
1.547500e+00	5.576320e-03
1.550000e+00	6.245929e-03
1.552500e+00	7.050486e-03
1.555000e+00	8.027339e-03
1.557500e+00	9.227084e-03
1.560000e+00	1.071923e-02
1.562500e+00	1.260055e-02
1.565000e+00	1.500750e-02
1.567500e+00	1.813392e-02
1.570000e+00	2.225508e-02
1.572500e+00	2.775401e-02
1.575000e+00	3.512972e-02
1.577500e+00	4.491603e-02
1.580000e+00	5.732258e-02
1.582500e+00	7.129391e-02
1.585000e+00	8.319829e-02
1.587500e+00	8.748108e-02
1.590000e+00	8.154904e-02
1.592500e+00	6.892022e-02
1.595000e+00	5.506350e-02
1.597500e+00	4.310732e-02
1.600000e+00	3.379130e-02
1.602500e+00	2.680268e-02
1.605000e+00	2.159987e-02
1.607500e+00	1.770280e-02
1.610000e+00	1.474950e-02
1.612500e+00	1.248176e-02
1.615000e+00	1.071858e-02
1.617500e+00	9.333346e-03
1.620000e+00	8.237250e-03
1.622500e+00	7.368050e-03
1.625000e+00	6.682640e-03
1.627500e+00	6.152247e-03
1.630000e+00	5.759188e-03
1.632500e+00	5.493771e-03
1.635000e+00	5.348538e-03
1.637500e+00	5.304760e-03
1.640000e+00	5.309722e-03
1.642500e+00	5.271378e-03
1.645000e+00	5.122030e-03
1.647500e+00	4.897467e-03
1.650000e+00	4.699133e-03
1.652500e+00	4.608824e-03
1.655000e+00	4.671379e-03
1.657500e+00	4.916207e-03
1.660000e+00	5.369166e-03
1.662500e+00	6.036021e-03
1.665000e+00	6.841766e-03
1.667500e+00	7.540608e-03
1.670000e+00	7.750670e-03
1.672500e+00	7.278323e-03
1.675000e+00	6.348036e-03
1.677500e+00	5.332112e-03
1.680000e+00	4.449170e-03
1.682500e+00	3.752693e-03
1.685000e+00	3.221855e-03
1.687500e+00	2.819158e-03
1.690000e+00	2.511080e-03
1.692500e+00	2.272207e-03
1.695000e+00	2.084321e-03
1.697500e+00	1.934568e-03
1.700000e+00	1.813875e-03
1.702500e+00	1.715784e-03
1.705000e+00	1.635648e-03
1.707500e+00	1.570093e-03
1.710000e+00	1.516648e-03
1.712500e+00	1.473495e-03
1.715000e+00	1.439301e-03
1.717500e+00	1.413102e-03
1.720000e+00	1.394222e-03
1.722500e+00	1.382223e-03
1.725000e+00	1.376866e-03
1.727500e+00	1.378096e-03
1.730000e+00	1.386027e-03
1.732500e+00	1.400951e-03
1.735000e+00	1.423344e-03
1.737500e+00	1.453896e-03
1.740000e+00	1.493539e-03
1.742500e+00	1.543508e-03
1.745000e+00	1.605410e-03
1.747500e+00	1.681327e-03
1.750000e+00	1.773961e-03
1.752500e+00	1.886830e-03
1.755000e+00	2.024554e-03
1.757500e+00	2.193251e-03
1.760000e+00	2.401116e-03
1.762500e+00	2.659261e-03
1.765000e+00	2.982948e-03
1.767500e+00	3.393421e-03
1.770000e+00	3.920598e-03
1.772500e+00	4.606985e-03
1.775000e+00	5.513013e-03
1.777500e+00	6.723199e-03
1.780000e+00	8.349241e-03
1.782500e+00	1.051609e-02
1.785000e+00	1.329235e-02
1.787500e+00	1.649558e-02
1.790000e+00	1.938370e-02
1.792500e+00	2.068819e-02
1.795000e+00	1.963092e-02
1.797500e+00	1.684925e-02
1.800000e+00	1.362485e-02
1.802500e+00	1.077646e-02
1.805000e+00	8.534586e-03
1.807500e+00	6.846324e-03
1.810000e+00	5.587958e-03
1.812500e+00	4.644974e-03
1.815000e+00	3.929748e-03
1.817500e+00	3.379379e-03
1.820000e+00	2.949582e-03
1.822500e+00	2.609190e-03
1.825000e+00	2.336086e-03
1.827500e+00	2.114387e-03
1.830000e+00	1.932531e-03
1.832500e+00	1.781984e-03
1.835000e+00	1.656361e-03
1.837500e+00	1.550825e-03
1.840000e+00	1.461666e-03
1.842500e+00	1.386008e-03
1.845000e+00	1.321600e-03
1.847500e+00	1.266661e-03
1.850000e+00	1.219774e-03
1.852500e+00	1.179800e-03
1.855000e+00	1.145823e-03
1.857500e+00	1.117097e-03
1.860000e+00	1.093018e-03
1.862500e+00	1.073092e-03
1.865000e+00	1.056920e-03
1.867500e+00	1.044177e-03
1.870000e+00	1.034601e-03
1.872500e+00	1.027985e-03
1.875000e+00	1.024170e-03
1.877500e+00	1.023036e-03
1.880000e+00	1.024502e-03
1.882500e+00	1.028519e-03
1.885000e+00	1.035070e-03
1.887500e+00	1.044170e-03
1.890000e+00	1.055862e-03
1.892500e+00	1.070221e-03
1.895000e+00	1.087354e-03
1.897500e+00	1.107401e-03
1.900000e+00	1.130541e-03
1.902500e+00	1.156991e-03
1.905000e+00	1.187016e-03
1.907500e+00	1.220935e-03
1.910000e+00	1.259126e-03
1.912500e+00	1.302041e-03
1.915000e+00	1.350216e-03
1.917500e+00	1.404289e-03
1.920000e+00	1.465022e-03
1.922500e+00	1.533327e-03
1.925000e+00	1.610301e-03
1.927500e+00	1.697267e-03
1.930000e+00	1.795837e-03
1.932500e+00	1.907982e-03
1.935000e+00	2.036131e-03
1.937500e+00	2.183305e-03
1.940000e+00	2.353291e-03
1.942500e+00	2.550887e-03
1.945000e+00	2.782229e-03
1.947500e+00	3.055261e-03
1.950000e+00	3.380387e-03
1.952500e+00	3.771413e-03
1.955000e+00	4.246908e-03
1.957500e+00	4.832204e-03
1.960000e+00	5.562341e-03
1.962500e+00	6.486430e-03
1.965000e+00	7.674012e-03
1.967500e+00	9.223943e-03
1.970000e+00	1.127532e-02
1.972500e+00	1.401582e-02
1.975000e+00	1.766912e-02
1.977500e+00	2.240720e-02
1.980000e+00	2.807329e-02
1.982500e+00	3.365133e-02
1.985000e+00	3.702366e-02
1.987500e+00	3.632667e-02
1.990000e+00	3.204318e-02
1.992500e+00	2.640550e-02
1.995000e+00	2.118681e-02
1.997500e+00	1.703088e-02
