#omega	spectral weight
-6.000000e+00	6.093491e-05
-5.997500e+00	6.103314e-05
-5.995000e+00	6.113163e-05
-5.992500e+00	6.123041e-05
-5.990000e+00	6.132946e-05
-5.987500e+00	6.142879e-05
-5.985000e+00	6.152840e-05
-5.982500e+00	6.162829e-05
-5.980000e+00	6.172847e-05
-5.977500e+00	6.182892e-05
-5.975000e+00	6.192966e-05
-5.972500e+00	6.203069e-05
-5.970000e+00	6.213200e-05
-5.967500e+00	6.223361e-05
-5.965000e+00	6.233550e-05
-5.962500e+00	6.243768e-05
-5.960000e+00	6.254015e-05
-5.957500e+00	6.264291e-05
-5.955000e+00	6.274597e-05
-5.952500e+00	6.284932e-05
-5.950000e+00	6.295297e-05
-5.947500e+00	6.305691e-05
-5.945000e+00	6.316115e-05
-5.942500e+00	6.326569e-05
-5.940000e+00	6.337054e-05
-5.937500e+00	6.347568e-05
-5.935000e+00	6.358112e-05
-5.932500e+00	6.368687e-05
-5.930000e+00	6.379293e-05
-5.927500e+00	6.389929e-05
-5.925000e+00	6.400596e-05
-5.922500e+00	6.411294e-05
-5.920000e+00	6.422023e-05
-5.917500e+00	6.432783e-05
-5.915000e+00	6.443574e-05
-5.912500e+00	6.454396e-05
-5.910000e+00	6.465250e-05
-5.907500e+00	6.476136e-05
-5.905000e+00	6.487054e-05
-5.902500e+00	6.498003e-05
-5.900000e+00	6.508984e-05
-5.897500e+00	6.519998e-05
-5.895000e+00	6.531044e-05
-5.892500e+00	6.542122e-05
-5.890000e+00	6.553233e-05
-5.887500e+00	6.564376e-05
-5.885000e+00	6.575552e-05
-5.882500e+00	6.586761e-05
-5.880000e+00	6.598003e-05
-5.877500e+00	6.609279e-05
-5.875000e+00	6.620587e-05
-5.872500e+00	6.631930e-05
-5.870000e+00	6.643305e-05
-5.867500e+00	6.654715e-05
-5.865000e+00	6.666158e-05
-5.862500e+00	6.677636e-05
-5.860000e+00	6.689147e-05
-5.857500e+00	6.700693e-05
-5.855000e+00	6.712273e-05
-5.852500e+00	6.723888e-05
-5.850000e+00	6.735538e-05
-5.847500e+00	6.747222e-05
-5.845000e+00	6.758942e-05
-5.842500e+00	6.770696e-05
-5.840000e+00	6.782486e-05
-5.837500e+00	6.794312e-05
-5.835000e+00	6.806173e-05
-5.832500e+00	6.818069e-05
-5.830000e+00	6.830002e-05
-5.827500e+00	6.841970e-05
-5.825000e+00	6.853975e-05
-5.822500e+00	6.866016e-05
-5.820000e+00	6.878094e-05
-5.817500e+00	6.890208e-05
-5.815000e+00	6.902359e-05
-5.812500e+00	6.914547e-05
-5.810000e+00	6.926772e-05
-5.807500e+00	6.939034e-05
-5.805000e+00	6.951333e-05
-5.802500e+00	6.963671e-05
-5.800000e+00	6.976045e-05
-5.797500e+00	6.988458e-05
-5.795000e+00	7.000909e-05
-5.792500e+00	7.013398e-05
-5.790000e+00	7.025925e-05
-5.787500e+00	7.038491e-05
-5.785000e+00	7.051096e-05
-5.782500e+00	7.063739e-05
-5.780000e+00	7.076421e-05
-5.777500e+00	7.089143e-05
-5.775000e+00	7.101904e-05
-5.772500e+00	7.114704e-05
-5.770000e+00	7.127544e-05
-5.767500e+00	7.140424e-05
-5.765000e+00	7.153344e-05
-5.762500e+00	7.166304e-05
-5.760000e+00	7.179304e-05
-5.757500e+00	7.192345e-05
-5.755000e+00	7.205427e-05
-5.752500e+00	7.218550e-05
-5.750000e+00	7.231713e-05
-5.747500e+00	7.244918e-05
-5.745000e+00	7.258164e-05
-5.742500e+00	7.271452e-05
-5.740000e+00	7.284781e-05
-5.737500e+00	7.298153e-05
-5.735000e+00	7.311566e-05
-5.732500e+00	7.325022e-05
-5.730000e+00	7.338520e-05
-5.727500e+00	7.352061e-05
-5.725000e+00	7.365645e-05
-5.722500e+00	7.379272e-05
-5.720000e+00	7.392942e-05
-5.717500e+00	7.406656e-05
-5.715000e+00	7.420413e-05
-5.712500e+00	7.434213e-05
-5.710000e+00	7.448058e-05
-5.707500e+00	7.461947e-05
-5.705000e+00	7.475881e-05
-5.702500e+00	7.489859e-05
-5.700000e+00	7.503881e-05
-5.697500e+00	7.517949e-05
-5.695000e+00	7.532062e-05
-5.692500e+00	7.546220e-05
-5.690000e+00	7.560423e-05
-5.687500e+00	7.574673e-05
-5.685000e+00	7.588968e-05
-5.682500e+00	7.603310e-05
-5.680000e+00	7.617698e-05
-5.677500e+00	7.632132e-05
-5.675000e+00	7.646613e-05
-5.672500e+00	7.661141e-05
-5.670000e+00	7.675717e-05
-5.667500e+00	7.690339e-05
-5.665000e+00	7.705010e-05
-5.662500e+00	7.719728e-05
-5.660000e+00	7.734494e-05
-5.657500e+00	7.749308e-05
-5.655000e+00	7.764171e-05
-5.652500e+00	7.779082e-05
-5.650000e+00	7.794043e-05
-5.647500e+00	7.809052e-05
-5.645000e+00	7.824111e-05
-5.642500e+00	7.839220e-05
-5.640000e+00	7.854378e-05
-5.637500e+00	7.869586e-05
-5.635000e+00	7.884844e-05
-5.632500e+00	7.900153e-05
-5.630000e+00	7.915513e-05
-5.627500e+00	7.930923e-05
-5.625000e+00	7.946385e-05
-5.622500e+00	7.961897e-05
-5.620000e+00	7.977462e-05
-5.617500e+00	7.993078e-05
-5.615000e+00	8.008747e-05
-5.612500e+00	8.024468e-05
-5.610000e+00	8.040241e-05
-5.607500e+00	8.056067e-05
-5.605000e+00	8.071946e-05
-5.602500e+00	8.087878e-05
-5.600000e+00	8.103864e-05
-5.597500e+00	8.119904e-05
-5.595000e+00	8.135998e-05
-5.592500e+00	8.152146e-05
-5.590000e+00	8.168348e-05
-5.587500e+00	8.184605e-05
-5.585000e+00	8.200918e-05
-5.582500e+00	8.217285e-05
-5.580000e+00	8.233708e-05
-5.577500e+00	8.250187e-05
-5.575000e+00	8.266722e-05
-5.572500e+00	8.283313e-05
-5.570000e+00	8.299961e-05
-5.567500e+00	8.316665e-05
-5.565000e+00	8.333427e-05
-5.562500e+00	8.350246e-05
-5.560000e+00	8.367123e-05
-5.557500e+00	8.384057e-05
-5.555000e+00	8.401050e-05
-5.552500e+00	8.418101e-05
-5.550000e+00	8.435211e-05
-5.547500e+00	8.452380e-05
-5.545000e+00	8.469608e-05
-5.542500e+00	8.486896e-05
-5.540000e+00	8.504243e-05
-5.537500e+00	8.521651e-05
-5.535000e+00	8.539119e-05
-5.532500e+00	8.556648e-05
-5.530000e+00	8.574237e-05
-5.527500e+00	8.591888e-05
-5.525000e+00	8.609601e-05
-5.522500e+00	8.627375e-05
-5.520000e+00	8.645211e-05
-5.517500e+00	8.663110e-05
-5.515000e+00	8.681072e-05
-5.512500e+00	8.699096e-05
-5.510000e+00	8.717184e-05
-5.507500e+00	8.735336e-05
-5.505000e+00	8.753552e-05
-5.502500e+00	8.771831e-05
-5.500000e+00	8.790176e-05
-5.497500e+00	8.808585e-05
-5.495000e+00	8.827059e-05
-5.492500e+00	8.845599e-05
-5.490000e+00	8.864205e-05
-5.487500e+00	8.882877e-05
-5.485000e+00	8.901615e-05
-5.482500e+00	8.920420e-05
-5.480000e+00	8.939293e-05
-5.477500e+00	8.958232e-05
-5.475000e+00	8.977240e-05
-5.472500e+00	8.996315e-05
-5.470000e+00	9.015459e-05
-5.467500e+00	9.034672e-05
-5.465000e+00	9.053953e-05
-5.462500e+00	9.073304e-05
-5.460000e+00	9.092725e-05
-5.457500e+00	9.112216e-05
-5.455000e+00	9.131778e-05
-5.452500e+00	9.151410e-05
-5.450000e+00	9.171114e-05
-5.447500e+00	9.190888e-05
-5.445000e+00	9.210735e-05
-5.442500e+00	9.230654e-05
-5.440000e+00	9.250646e-05
-5.437500e+00	9.270710e-05
-5.435000e+00	9.290848e-05
-5.432500e+00	9.311060e-05
-5.430000e+00	9.331345e-05
-5.427500e+00	9.351705e-05
-5.425000e+00	9.372140e-05
-5.422500e+00	9.392649e-05
-5.420000e+00	9.413235e-05
-5.417500e+00	9.433896e-05
-5.415000e+00	9.454633e-05
-5.412500e+00	9.475447e-05
-5.410000e+00	9.496339e-05
-5.407500e+00	9.517307e-05
-5.405000e+00	9.538354e-05
-5.402500e+00	9.559478e-05
-5.400000e+00	9.580682e-05
-5.397500e+00	9.601964e-05
-5.395000e+00	9.623326e-05
-5.392500e+00	9.644767e-05
-5.390000e+00	9.666289e-05
-5.387500e+00	9.687891e-05
-5.385000e+00	9.709574e-05
-5.382500e+00	9.731339e-05
-5.380000e+00	9.753186e-05
-5.377500e+00	9.775115e-05
-5.375000e+00	9.797127e-05
-5.372500e+00	9.819222e-05
-5.370000e+00	9.841400e-05
-5.367500e+00	9.863662e-05
-5.365000e+00	9.886009e-05
-5.362500e+00	9.908441e-05
-5.360000e+00	9.930958e-05
-5.357500e+00	9.953561e-05
-5.355000e+00	9.976250e-05
-5.352500e+00	9.999025e-05
-5.350000e+00	1.002189e-04
-5.347500e+00	1.004484e-04
-5.345000e+00	1.006788e-04
-5.342500e+00	1.009100e-04
-5.340000e+00	1.011422e-04
-5.337500e+00	1.013752e-04
-5.335000e+00	1.016092e-04
-5.332500e+00	1.018440e-04
-5.330000e+00	1.020798e-04
-5.327500e+00	1.023165e-04
-5.325000e+00	1.025540e-04
-5.322500e+00	1.027926e-04
-5.320000e+00	1.030320e-04
-5.317500e+00	1.032724e-04
-5.315000e+00	1.035137e-04
-5.312500e+00	1.037559e-04
-5.310000e+00	1.039991e-04
-5.307500e+00	1.042433e-04
-5.305000e+00	1.044884e-04
-5.302500e+00	1.047344e-04
-5.300000e+00	1.049815e-04
-5.297500e+00	1.052295e-04
-5.295000e+00	1.054785e-04
-5.292500e+00	1.057284e-04
-5.290000e+00	1.059794e-04
-5.287500e+00	1.062313e-04
-5.285000e+00	1.064843e-04
-5.282500e+00	1.067382e-04
-5.280000e+00	1.069932e-04
-5.277500e+00	1.072492e-04
-5.275000e+00	1.075062e-04
-5.272500e+00	1.077642e-04
-5.270000e+00	1.080232e-04
-5.267500e+00	1.082833e-04
-5.265000e+00	1.085445e-04
-5.262500e+00	1.088067e-04
-5.260000e+00	1.090699e-04
-5.257500e+00	1.093342e-04
-5.255000e+00	1.095995e-04
-5.252500e+00	1.098660e-04
-5.250000e+00	1.101335e-04
-5.247500e+00	1.104021e-04
-5.245000e+00	1.106718e-04
-5.242500e+00	1.109426e-04
-5.240000e+00	1.112144e-04
-5.237500e+00	1.114874e-04
-5.235000e+00	1.117615e-04
-5.232500e+00	1.120368e-04
-5.230000e+00	1.123131e-04
-5.227500e+00	1.125906e-04
-5.225000e+00	1.128692e-04
-5.222500e+00	1.131490e-04
-5.220000e+00	1.134299e-04
-5.217500e+00	1.137120e-04
-5.215000e+00	1.139952e-04
-5.212500e+00	1.142796e-04
-5.210000e+00	1.145652e-04
-5.207500e+00	1.148520e-04
-5.205000e+00	1.151399e-04
-5.202500e+00	1.154291e-04
-5.200000e+00	1.157194e-04
-5.197500e+00	1.160110e-04
-5.195000e+00	1.163038e-04
-5.192500e+00	1.165978e-04
-5.190000e+00	1.168931e-04
-5.187500e+00	1.171895e-04
-5.185000e+00	1.174873e-04
-5.182500e+00	1.177862e-04
-5.180000e+00	1.180865e-04
-5.177500e+00	1.183880e-04
-5.175000e+00	1.186908e-04
-5.172500e+00	1.189948e-04
-5.170000e+00	1.193002e-04
-5.167500e+00	1.196068e-04
-5.165000e+00	1.199148e-04
-5.162500e+00	1.202241e-04
-5.160000e+00	1.205346e-04
-5.157500e+00	1.208465e-04
-5.155000e+00	1.211598e-04
-5.152500e+00	1.214744e-04
-5.150000e+00	1.217903e-04
-5.147500e+00	1.221076e-04
-5.145000e+00	1.224263e-04
-5.142500e+00	1.227463e-04
-5.140000e+00	1.230677e-04
-5.137500e+00	1.233905e-04
-5.135000e+00	1.237147e-04
-5.132500e+00	1.240403e-04
-5.130000e+00	1.243673e-04
-5.127500e+00	1.246958e-04
-5.125000e+00	1.250256e-04
-5.122500e+00	1.253569e-04
-5.120000e+00	1.256897e-04
-5.117500e+00	1.260239e-04
-5.115000e+00	1.263596e-04
-5.112500e+00	1.266967e-04
-5.110000e+00	1.270354e-04
-5.107500e+00	1.273755e-04
-5.105000e+00	1.277171e-04
-5.102500e+00	1.280603e-04
-5.100000e+00	1.284049e-04
-5.097500e+00	1.287511e-04
-5.095000e+00	1.290988e-04
-5.092500e+00	1.294481e-04
-5.090000e+00	1.297989e-04
-5.087500e+00	1.301513e-04
-5.085000e+00	1.305052e-04
-5.082500e+00	1.308608e-04
-5.080000e+00	1.312179e-04
-5.077500e+00	1.315766e-04
-5.075000e+00	1.319370e-04
-5.072500e+00	1.322989e-04
-5.070000e+00	1.326625e-04
-5.067500e+00	1.330278e-04
-5.065000e+00	1.333947e-04
-5.062500e+00	1.337632e-04
-5.060000e+00	1.341334e-04
-5.057500e+00	1.345053e-04
-5.055000e+00	1.348789e-04
-5.052500e+00	1.352542e-04
-5.050000e+00	1.356313e-04
-5.047500e+00	1.360100e-04
-5.045000e+00	1.363905e-04
-5.042500e+00	1.367727e-04
-5.040000e+00	1.371567e-04
-5.037500e+00	1.375424e-04
-5.035000e+00	1.379299e-04
-5.032500e+00	1.383192e-04
-5.030000e+00	1.387104e-04
-5.027500e+00	1.391033e-04
-5.025000e+00	1.394980e-04
-5.022500e+00	1.398946e-04
-5.020000e+00	1.402930e-04
-5.017500e+00	1.406933e-04
-5.015000e+00	1.410955e-04
-5.012500e+00	1.414995e-04
-5.010000e+00	1.419054e-04
-5.007500e+00	1.423133e-04
-5.005000e+00	1.427230e-04
-5.002500e+00	1.431347e-04
-5.000000e+00	1.435483e-04
-4.997500e+00	1.439639e-04
-4.995000e+00	1.443814e-04
-4.992500e+00	1.448010e-04
-4.990000e+00	1.452225e-04
-4.987500e+00	1.456460e-04
-4.985000e+00	1.460715e-04
-4.982500e+00	1.464991e-04
-4.980000e+00	1.469287e-04
-4.977500e+00	1.473604e-04
-4.975000e+00	1.477941e-04
-4.972500e+00	1.482299e-04
-4.970000e+00	1.486679e-04
-4.967500e+00	1.491079e-04
-4.965000e+00	1.495500e-04
-4.962500e+00	1.499943e-04
-4.960000e+00	1.504408e-04
-4.957500e+00	1.508894e-04
-4.955000e+00	1.513402e-04
-4.952500e+00	1.517932e-04
-4.950000e+00	1.522484e-04
-4.947500e+00	1.527058e-04
-4.945000e+00	1.531654e-04
-4.942500e+00	1.536273e-04
-4.940000e+00	1.540915e-04
-4.937500e+00	1.545580e-04
-4.935000e+00	1.550267e-04
-4.932500e+00	1.554978e-04
-4.930000e+00	1.559712e-04
-4.927500e+00	1.564470e-04
-4.925000e+00	1.569251e-04
-4.922500e+00	1.574056e-04
-4.920000e+00	1.578884e-04
-4.917500e+00	1.583737e-04
-4.915000e+00	1.588614e-04
-4.912500e+00	1.593516e-04
-4.910000e+00	1.598442e-04
-4.907500e+00	1.603393e-04
-4.905000e+00	1.608368e-04
-4.902500e+00	1.613369e-04
-4.900000e+00	1.618395e-04
-4.897500e+00	1.623447e-04
-4.895000e+00	1.628524e-04
-4.892500e+00	1.633626e-04
-4.890000e+00	1.638755e-04
-4.887500e+00	1.643910e-04
-4.885000e+00	1.649091e-04
-4.882500e+00	1.654299e-04
-4.880000e+00	1.659533e-04
-4.877500e+00	1.664794e-04
-4.875000e+00	1.670083e-04
-4.872500e+00	1.675398e-04
-4.870000e+00	1.680741e-04
-4.867500e+00	1.686111e-04
-4.865000e+00	1.691510e-04
-4.862500e+00	1.696936e-04
-4.860000e+00	1.702390e-04
-4.857500e+00	1.707873e-04
-4.855000e+00	1.713384e-04
-4.852500e+00	1.718924e-04
-4.850000e+00	1.724494e-04
-4.847500e+00	1.730092e-04
-4.845000e+00	1.735720e-04
-4.842500e+00	1.741377e-04
-4.840000e+00	1.747064e-04
-4.837500e+00	1.752781e-04
-4.835000e+00	1.758529e-04
-4.832500e+00	1.764307e-04
-4.830000e+00	1.770115e-04
-4.827500e+00	1.775954e-04
-4.825000e+00	1.781825e-04
-4.822500e+00	1.787727e-04
-4.820000e+00	1.793660e-04
-4.817500e+00	1.799626e-04
-4.815000e+00	1.805623e-04
-4.812500e+00	1.811652e-04
-4.810000e+00	1.817714e-04
-4.807500e+00	1.823809e-04
-4.805000e+00	1.829937e-04
-4.802500e+00	1.836098e-04
-4.800000e+00	1.842292e-04
-4.797500e+00	1.848520e-04
-4.795000e+00	1.854782e-04
-4.792500e+00	1.861078e-04
-4.790000e+00	1.867408e-04
-4.787500e+00	1.873774e-04
-4.785000e+00	1.880174e-04
-4.782500e+00	1.886609e-04
-4.780000e+00	1.893080e-04
-4.777500e+00	1.899587e-04
-4.775000e+00	1.906129e-04
-4.772500e+00	1.912708e-04
-4.770000e+00	1.919323e-04
-4.767500e+00	1.925976e-04
-4.765000e+00	1.932665e-04
-4.762500e+00	1.939392e-04
-4.760000e+00	1.946156e-04
-4.757500e+00	1.952958e-04
-4.755000e+00	1.959798e-04
-4.752500e+00	1.966677e-04
-4.750000e+00	1.973595e-04
-4.747500e+00	1.980552e-04
-4.745000e+00	1.987548e-04
-4.742500e+00	1.994584e-04
-4.740000e+00	2.001660e-04
-4.737500e+00	2.008776e-04
-4.735000e+00	2.015932e-04
-4.732500e+00	2.023130e-04
-4.730000e+00	2.030369e-04
-4.727500e+00	2.037649e-04
-4.725000e+00	2.044972e-04
-4.722500e+00	2.052336e-04
-4.720000e+00	2.059743e-04
-4.717500e+00	2.067193e-04
-4.715000e+00	2.074686e-04
-4.712500e+00	2.082223e-04
-4.710000e+00	2.089803e-04
-4.707500e+00	2.097428e-04
-4.705000e+00	2.105097e-04
-4.702500e+00	2.112811e-04
-4.700000e+00	2.120571e-04
-4.697500e+00	2.128376e-04
-4.695000e+00	2.136227e-04
-4.692500e+00	2.144124e-04
-4.690000e+00	2.152068e-04
-4.687500e+00	2.160059e-04
-4.685000e+00	2.168098e-04
-4.682500e+00	2.176184e-04
-4.680000e+00	2.184319e-04
-4.677500e+00	2.192502e-04
-4.675000e+00	2.200734e-04
-4.672500e+00	2.209016e-04
-4.670000e+00	2.217347e-04
-4.667500e+00	2.225729e-04
-4.665000e+00	2.234161e-04
-4.662500e+00	2.242644e-04
-4.660000e+00	2.251179e-04
-4.657500e+00	2.259765e-04
-4.655000e+00	2.268404e-04
-4.652500e+00	2.277095e-04
-4.650000e+00	2.285840e-04
-4.647500e+00	2.294638e-04
-4.645000e+00	2.303490e-04
-4.642500e+00	2.312397e-04
-4.640000e+00	2.321359e-04
-4.637500e+00	2.330376e-04
-4.635000e+00	2.339448e-04
-4.632500e+00	2.348577e-04
-4.630000e+00	2.357763e-04
-4.627500e+00	2.367006e-04
-4.625000e+00	2.376307e-04
-4.622500e+00	2.385666e-04
-4.620000e+00	2.395083e-04
-4.617500e+00	2.404560e-04
-4.615000e+00	2.414097e-04
-4.612500e+00	2.423693e-04
-4.610000e+00	2.433351e-04
-4.607500e+00	2.443069e-04
-4.605000e+00	2.452850e-04
-4.602500e+00	2.462692e-04
-4.600000e+00	2.472597e-04
-4.597500e+00	2.482566e-04
-4.595000e+00	2.492599e-04
-4.592500e+00	2.502696e-04
-4.590000e+00	2.512858e-04
-4.587500e+00	2.523085e-04
-4.585000e+00	2.533379e-04
-4.582500e+00	2.543739e-04
-4.580000e+00	2.554167e-04
-4.577500e+00	2.564663e-04
-4.575000e+00	2.575227e-04
-4.572500e+00	2.585860e-04
-4.570000e+00	2.596562e-04
-4.567500e+00	2.607335e-04
-4.565000e+00	2.618179e-04
-4.562500e+00	2.629095e-04
-4.560000e+00	2.640082e-04
-4.557500e+00	2.651142e-04
-4.555000e+00	2.662276e-04
-4.552500e+00	2.673484e-04
-4.550000e+00	2.684767e-04
-4.547500e+00	2.696125e-04
-4.545000e+00	2.707559e-04
-4.542500e+00	2.719070e-04
-4.540000e+00	2.730659e-04
-4.537500e+00	2.742325e-04
-4.535000e+00	2.754071e-04
-4.532500e+00	2.765896e-04
-4.530000e+00	2.777802e-04
-4.527500e+00	2.789788e-04
-4.525000e+00	2.801857e-04
-4.522500e+00	2.814008e-04
-4.520000e+00	2.826242e-04
-4.517500e+00	2.838560e-04
-4.515000e+00	2.850964e-04
-4.512500e+00	2.863453e-04
-4.510000e+00	2.876028e-04
-4.507500e+00	2.888691e-04
-4.505000e+00	2.901442e-04
-4.502500e+00	2.914281e-04
-4.500000e+00	2.927211e-04
-4.497500e+00	2.940231e-04
-4.495000e+00	2.953342e-04
-4.492500e+00	2.966546e-04
-4.490000e+00	2.979843e-04
-4.487500e+00	2.993234e-04
-4.485000e+00	3.006719e-04
-4.482500e+00	3.020301e-04
-4.480000e+00	3.033980e-04
-4.477500e+00	3.047756e-04
-4.475000e+00	3.061630e-04
-4.472500e+00	3.075605e-04
-4.470000e+00	3.089679e-04
-4.467500e+00	3.103856e-04
-4.465000e+00	3.118134e-04
-4.462500e+00	3.132517e-04
-4.460000e+00	3.147003e-04
-4.457500e+00	3.161596e-04
-4.455000e+00	3.176294e-04
-4.452500e+00	3.191101e-04
-4.450000e+00	3.206016e-04
-4.447500e+00	3.221040e-04
-4.445000e+00	3.236176e-04
-4.442500e+00	3.251423e-04
-4.440000e+00	3.266784e-04
-4.437500e+00	3.282258e-04
-4.435000e+00	3.297848e-04
-4.432500e+00	3.313554e-04
-4.430000e+00	3.329378e-04
-4.427500e+00	3.345320e-04
-4.425000e+00	3.361382e-04
-4.422500e+00	3.377566e-04
-4.420000e+00	3.393872e-04
-4.417500e+00	3.410302e-04
-4.415000e+00	3.426856e-04
-4.412500e+00	3.443537e-04
-4.410000e+00	3.460345e-04
-4.407500e+00	3.477282e-04
-4.405000e+00	3.494349e-04
-4.402500e+00	3.511547e-04
-4.400000e+00	3.528879e-04
-4.397500e+00	3.546344e-04
-4.395000e+00	3.563945e-04
-4.392500e+00	3.581683e-04
-4.390000e+00	3.599559e-04
-4.387500e+00	3.617575e-04
-4.385000e+00	3.635733e-04
-4.382500e+00	3.654033e-04
-4.380000e+00	3.672478e-04
-4.377500e+00	3.691068e-04
-4.375000e+00	3.709806e-04
-4.372500e+00	3.728693e-04
-4.370000e+00	3.747731e-04
-4.367500e+00	3.766920e-04
-4.365000e+00	3.786264e-04
-4.362500e+00	3.805763e-04
-4.360000e+00	3.825418e-04
-4.357500e+00	3.845233e-04
-4.355000e+00	3.865209e-04
-4.352500e+00	3.885346e-04
-4.350000e+00	3.905648e-04
-4.347500e+00	3.926115e-04
-4.345000e+00	3.946751e-04
-4.342500e+00	3.967555e-04
-4.340000e+00	3.988532e-04
-4.337500e+00	4.009681e-04
-4.335000e+00	4.031006e-04
-4.332500e+00	4.052507e-04
-4.330000e+00	4.074188e-04
-4.327500e+00	4.096050e-04
-4.325000e+00	4.118095e-04
-4.322500e+00	4.140326e-04
-4.320000e+00	4.162744e-04
-4.317500e+00	4.185351e-04
-4.315000e+00	4.208149e-04
-4.312500e+00	4.231142e-04
-4.310000e+00	4.254330e-04
-4.307500e+00	4.277717e-04
-4.305000e+00	4.301304e-04
-4.302500e+00	4.325094e-04
-4.300000e+00	4.349089e-04
-4.297500e+00	4.373291e-04
-4.295000e+00	4.397703e-04
-4.292500e+00	4.422328e-04
-4.290000e+00	4.447167e-04
-4.287500e+00	4.472224e-04
-4.285000e+00	4.497501e-04
-4.282500e+00	4.523000e-04
-4.280000e+00	4.548724e-04
-4.277500e+00	4.574676e-04
-4.275000e+00	4.600858e-04
-4.272500e+00	4.627274e-04
-4.270000e+00	4.653925e-04
-4.267500e+00	4.680816e-04
-4.265000e+00	4.707948e-04
-4.262500e+00	4.735324e-04
-4.260000e+00	4.762949e-04
-4.257500e+00	4.790823e-04
-4.255000e+00	4.818952e-04
-4.252500e+00	4.847337e-04
-4.250000e+00	4.875982e-04
-4.247500e+00	4.904890e-04
-4.245000e+00	4.934064e-04
-4.242500e+00	4.963508e-04
-4.240000e+00	4.993224e-04
-4.237500e+00	5.023217e-04
-4.235000e+00	5.053490e-04
-4.232500e+00	5.084046e-04
-4.230000e+00	5.114889e-04
-4.227500e+00	5.146022e-04
-4.225000e+00	5.177449e-04
-4.222500e+00	5.209174e-04
-4.220000e+00	5.241201e-04
-4.217500e+00	5.273533e-04
-4.215000e+00	5.306174e-04
-4.212500e+00	5.339128e-04
-4.210000e+00	5.372400e-04
-4.207500e+00	5.405994e-04
-4.205000e+00	5.439913e-04
-4.202500e+00	5.474161e-04
-4.200000e+00	5.508744e-04
-4.197500e+00	5.543666e-04
-4.195000e+00	5.578930e-04
-4.192500e+00	5.614542e-04
-4.190000e+00	5.650505e-04
-4.187500e+00	5.686826e-04
-4.185000e+00	5.723508e-04
-4.182500e+00	5.760556e-04
-4.180000e+00	5.797975e-04
-4.177500e+00	5.835771e-04
-4.175000e+00	5.873947e-04
-4.172500e+00	5.912510e-04
-4.170000e+00	5.951465e-04
-4.167500e+00	5.990817e-04
-4.165000e+00	6.030571e-04
-4.162500e+00	6.070733e-04
-4.160000e+00	6.111308e-04
-4.157500e+00	6.152303e-04
-4.155000e+00	6.193723e-04
-4.152500e+00	6.235573e-04
-4.150000e+00	6.277861e-04
-4.147500e+00	6.320591e-04
-4.145000e+00	6.363771e-04
-4.142500e+00	6.407407e-04
-4.140000e+00	6.451504e-04
-4.137500e+00	6.496071e-04
-4.135000e+00	6.541112e-04
-4.132500e+00	6.586636e-04
-4.130000e+00	6.632648e-04
-4.127500e+00	6.679157e-04
-4.125000e+00	6.726169e-04
-4.122500e+00	6.773691e-04
-4.120000e+00	6.821731e-04
-4.117500e+00	6.870297e-04
-4.115000e+00	6.919396e-04
-4.112500e+00	6.969036e-04
-4.110000e+00	7.019225e-04
-4.107500e+00	7.069972e-04
-4.105000e+00	7.121284e-04
-4.102500e+00	7.173169e-04
-4.100000e+00	7.225638e-04
-4.097500e+00	7.278697e-04
-4.095000e+00	7.332357e-04
-4.092500e+00	7.386627e-04
-4.090000e+00	7.441515e-04
-4.087500e+00	7.497031e-04
-4.085000e+00	7.553184e-04
-4.082500e+00	7.609986e-04
-4.080000e+00	7.667444e-04
-4.077500e+00	7.725571e-04
-4.075000e+00	7.784376e-04
-4.072500e+00	7.843869e-04
-4.070000e+00	7.904062e-04
-4.067500e+00	7.964966e-04
-4.065000e+00	8.026591e-04
-4.062500e+00	8.088950e-04
-4.060000e+00	8.152054e-04
-4.057500e+00	8.215915e-04
-4.055000e+00	8.280545e-04
-4.052500e+00	8.345956e-04
-4.050000e+00	8.412162e-04
-4.047500e+00	8.479175e-04
-4.045000e+00	8.547008e-04
-4.042500e+00	8.615675e-04
-4.040000e+00	8.685190e-04
-4.037500e+00	8.755566e-04
-4.035000e+00	8.826818e-04
-4.032500e+00	8.898960e-04
-4.030000e+00	8.972008e-04
-4.027500e+00	9.045976e-04
-4.025000e+00	9.120881e-04
-4.022500e+00	9.196738e-04
-4.020000e+00	9.273563e-04
-4.017500e+00	9.351372e-04
-4.015000e+00	9.430184e-04
-4.012500e+00	9.510015e-04
-4.010000e+00	9.590882e-04
-4.007500e+00	9.672804e-04
-4.005000e+00	9.755800e-04
-4.002500e+00	9.839888e-04
-4.000000e+00	9.925086e-04
-3.997500e+00	1.001142e-03
-3.995000e+00	1.009890e-03
-3.992500e+00	1.018755e-03
-3.990000e+00	1.027740e-03
-3.987500e+00	1.036846e-03
-3.985000e+00	1.046075e-03
-3.982500e+00	1.055431e-03
-3.980000e+00	1.064914e-03
-3.977500e+00	1.074529e-03
-3.975000e+00	1.084276e-03
-3.972500e+00	1.094159e-03
-3.970000e+00	1.104179e-03
-3.967500e+00	1.114340e-03
-3.965000e+00	1.124644e-03
-3.962500e+00	1.135094e-03
-3.960000e+00	1.145693e-03
-3.957500e+00	1.156443e-03
-3.955000e+00	1.167348e-03
-3.952500e+00	1.178410e-03
-3.950000e+00	1.189632e-03
-3.947500e+00	1.201018e-03
-3.945000e+00	1.212570e-03
-3.942500e+00	1.224293e-03
-3.940000e+00	1.236188e-03
-3.937500e+00	1.248261e-03
-3.935000e+00	1.260514e-03
-3.932500e+00	1.272950e-03
-3.930000e+00	1.285575e-03
-3.927500e+00	1.298390e-03
-3.925000e+00	1.311401e-03
-3.922500e+00	1.324611e-03
-3.920000e+00	1.338025e-03
-3.917500e+00	1.351646e-03
-3.915000e+00	1.365479e-03
-3.912500e+00	1.379528e-03
-3.910000e+00	1.393798e-03
-3.907500e+00	1.408294e-03
-3.905000e+00	1.423020e-03
-3.902500e+00	1.437981e-03
-3.900000e+00	1.453182e-03
-3.897500e+00	1.468628e-03
-3.895000e+00	1.484325e-03
-3.892500e+00	1.500279e-03
-3.890000e+00	1.516494e-03
-3.887500e+00	1.532976e-03
-3.885000e+00	1.549732e-03
-3.882500e+00	1.566768e-03
-3.880000e+00	1.584089e-03
-3.877500e+00	1.601703e-03
-3.875000e+00	1.619615e-03
-3.872500e+00	1.637833e-03
-3.870000e+00	1.656363e-03
-3.867500e+00	1.675214e-03
-3.865000e+00	1.694391e-03
-3.862500e+00	1.713903e-03
-3.860000e+00	1.733758e-03
-3.857500e+00	1.753964e-03
-3.855000e+00	1.774528e-03
-3.852500e+00	1.795461e-03
-3.850000e+00	1.816769e-03
-3.847500e+00	1.838464e-03
-3.845000e+00	1.860553e-03
-3.842500e+00	1.883046e-03
-3.840000e+00	1.905954e-03
-3.837500e+00	1.929287e-03
-3.835000e+00	1.953055e-03
-3.832500e+00	1.977269e-03
-3.830000e+00	2.001941e-03
-3.827500e+00	2.027081e-03
-3.825000e+00	2.052703e-03
-3.822500e+00	2.078818e-03
-3.820000e+00	2.105439e-03
-3.817500e+00	2.132579e-03
-3.815000e+00	2.160252e-03
-3.812500e+00	2.188471e-03
-3.810000e+00	2.217253e-03
-3.807500e+00	2.246610e-03
-3.805000e+00	2.276559e-03
-3.802500e+00	2.307117e-03
-3.800000e+00	2.338298e-03
-3.797500e+00	2.370122e-03
-3.795000e+00	2.402604e-03
-3.792500e+00	2.435764e-03
-3.790000e+00	2.469621e-03
-3.787500e+00	2.504194e-03
-3.785000e+00	2.539504e-03
-3.782500e+00	2.575571e-03
-3.780000e+00	2.612418e-03
-3.777500e+00	2.650067e-03
-3.775000e+00	2.688541e-03
-3.772500e+00	2.727866e-03
-3.770000e+00	2.768066e-03
-3.767500e+00	2.809167e-03
-3.765000e+00	2.851196e-03
-3.762500e+00	2.894182e-03
-3.760000e+00	2.938154e-03
-3.757500e+00	2.983143e-03
-3.755000e+00	3.029179e-03
-3.752500e+00	3.076295e-03
-3.750000e+00	3.124527e-03
-3.747500e+00	3.173908e-03
-3.745000e+00	3.224477e-03
-3.742500e+00	3.276271e-03
-3.740000e+00	3.329330e-03
-3.737500e+00	3.383696e-03
-3.735000e+00	3.439412e-03
-3.732500e+00	3.496523e-03
-3.730000e+00	3.555076e-03
-3.727500e+00	3.615121e-03
-3.725000e+00	3.676707e-03
-3.722500e+00	3.739889e-03
-3.720000e+00	3.804721e-03
-3.717500e+00	3.871263e-03
-3.715000e+00	3.939574e-03
-3.712500e+00	4.009718e-03
-3.710000e+00	4.081761e-03
-3.707500e+00	4.155771e-03
-3.705000e+00	4.231823e-03
-3.702500e+00	4.309990e-03
-3.700000e+00	4.390353e-03
-3.697500e+00	4.472994e-03
-3.695000e+00	4.558000e-03
-3.692500e+00	4.645462e-03
-3.690000e+00	4.735476e-03
-3.687500e+00	4.828143e-03
-3.685000e+00	4.923566e-03
-3.682500e+00	5.021857e-03
-3.680000e+00	5.123131e-03
-3.677500e+00	5.227511e-03
-3.675000e+00	5.335125e-03
-3.672500e+00	5.446107e-03
-3.670000e+00	5.560600e-03
-3.667500e+00	5.678754e-03
-3.665000e+00	5.800725e-03
-3.662500e+00	5.926680e-03
-3.660000e+00	6.056795e-03
-3.657500e+00	6.191254e-03
-3.655000e+00	6.330253e-03
-3.652500e+00	6.473998e-03
-3.650000e+00	6.622709e-03
-3.647500e+00	6.776615e-03
-3.645000e+00	6.935963e-03
-3.642500e+00	7.101011e-03
-3.640000e+00	7.272034e-03
-3.637500e+00	7.449324e-03
-3.635000e+00	7.633191e-03
-3.632500e+00	7.823963e-03
-3.630000e+00	8.021992e-03
-3.627500e+00	8.227648e-03
-3.625000e+00	8.441329e-03
-3.622500e+00	8.663458e-03
-3.620000e+00	8.894485e-03
-3.617500e+00	9.134890e-03
-3.615000e+00	9.385190e-03
-3.612500e+00	9.645933e-03
-3.610000e+00	9.917707e-03
-3.607500e+00	1.020114e-02
-3.605000e+00	1.049692e-02
-3.602500e+00	1.080576e-02
-3.600000e+00	1.112845e-02
-3.597500e+00	1.146582e-02
-3.595000e+00	1.181877e-02
-3.592500e+00	1.218829e-02
-3.590000e+00	1.257542e-02
-3.587500e+00	1.298130e-02
-3.585000e+00	1.340715e-02
-3.582500e+00	1.385431e-02
-3.580000e+00	1.432422e-02
-3.577500e+00	1.481846e-02
-3.575000e+00	1.533871e-02
-3.572500e+00	1.588684e-02
-3.570000e+00	1.646488e-02
-3.567500e+00	1.707503e-02
-3.565000e+00	1.771972e-02
-3.562500e+00	1.840160e-02
-3.560000e+00	1.912356e-02
-3.557500e+00	1.988883e-02
-3.555000e+00	2.070091e-02
-3.552500e+00	2.156370e-02
-3.550000e+00	2.248150e-02
-3.547500e+00	2.345908e-02
-3.545000e+00	2.450172e-02
-3.542500e+00	2.561531e-02
-3.540000e+00	2.680643e-02
-3.537500e+00	2.808242e-02
-3.535000e+00	2.945150e-02
-3.532500e+00	3.092293e-02
-3.530000e+00	3.250713e-02
-3.527500e+00	3.421588e-02
-3.525000e+00	3.606254e-02
-3.522500e+00	3.806229e-02
-3.520000e+00	4.023246e-02
-3.517500e+00	4.259287e-02
-3.515000e+00	4.516632e-02
-3.512500e+00	4.797908e-02
-3.510000e+00	5.106162e-02
-3.507500e+00	5.444934e-02
-3.505000e+00	5.818363e-02
-3.502500e+00	6.231306e-02
-3.500000e+00	6.689500e-02
-3.497500e+00	7.199748e-02
-3.495000e+00	7.770171e-02
-3.492500e+00	8.410521e-02
-3.490000e+00	9.132588e-02
-3.487500e+00	9.950720e-02
-3.485000e+00	1.088252e-01
-3.482500e+00	1.194975e-01
-3.480000e+00	1.317955e-01
-3.477500e+00	1.460608e-01
-3.475000e+00	1.627279e-01
-3.472500e+00	1.823548e-01
-3.470000e+00	2.056671e-01
-3.467500e+00	2.336195e-01
-3.465000e+00	2.674846e-01
-3.462500e+00	3.089820e-01
-3.460000e+00	3.604680e-01
-3.457500e+00	4.252157e-01
-3.455000e+00	5.078296e-01
-3.452500e+00	6.148458e-01
-3.450000e+00	7.555562e-01
-3.447500e+00	9.429702e-01
-3.445000e+00	1.194348e+00
-3.442500e+00	1.529229e+00
-3.440000e+00	1.959164e+00
-3.437500e+00	2.458394e+00
-3.435000e+00	2.915716e+00
-3.432500e+00	3.134601e+00
-3.430000e+00	2.985764e+00
-3.427500e+00	2.559659e+00
-3.425000e+00	2.056416e+00
-3.422500e+00	1.608390e+00
-3.420000e+00	1.254632e+00
-3.417500e+00	9.879448e-01
-3.415000e+00	7.891376e-01
-3.412500e+00	6.401817e-01
-3.410000e+00	5.272171e-01
-3.407500e+00	4.402784e-01
-3.405000e+00	3.723467e-01
-3.402500e+00	3.184828e-01
-3.400000e+00	2.751834e-01
-3.397500e+00	2.399332e-01
-3.395000e+00	2.109017e-01
-3.392500e+00	1.867383e-01
-3.390000e+00	1.664321e-01
-3.387500e+00	1.492171e-01
-3.385000e+00	1.345054e-01
-3.382500e+00	1.218404e-01
-3.380000e+00	1.108637e-01
-3.377500e+00	1.012914e-01
-3.375000e+00	9.289598e-02
-3.372500e+00	8.549388e-02
-3.370000e+00	7.893566e-02
-3.367500e+00	7.309873e-02
-3.365000e+00	6.788181e-02
-3.362500e+00	6.320068e-02
-3.360000e+00	5.898484e-02
-3.357500e+00	5.517498e-02
-3.355000e+00	5.172087e-02
-3.352500e+00	4.857978e-02
-3.350000e+00	4.571518e-02
-3.347500e+00	4.309569e-02
-3.345000e+00	4.069424e-02
-3.342500e+00	3.848739e-02
-3.340000e+00	3.645474e-02
-3.337500e+00	3.457849e-02
-3.335000e+00	3.284306e-02
-3.332500e+00	3.123474e-02
-3.330000e+00	2.974146e-02
-3.327500e+00	2.835253e-02
-3.325000e+00	2.705847e-02
-3.322500e+00	2.585087e-02
-3.320000e+00	2.472221e-02
-3.317500e+00	2.366577e-02
-3.315000e+00	2.267554e-02
-3.312500e+00	2.174611e-02
-3.310000e+00	2.087261e-02
-3.307500e+00	2.005065e-02
-3.305000e+00	1.927626e-02
-3.302500e+00	1.854585e-02
-3.300000e+00	1.785616e-02
-3.297500e+00	1.720422e-02
-3.295000e+00	1.658734e-02
-3.292500e+00	1.600303e-02
-3.290000e+00	1.544907e-02
-3.287500e+00	1.492337e-02
-3.285000e+00	1.442407e-02
-3.282500e+00	1.394941e-02
-3.280000e+00	1.349781e-02
-3.277500e+00	1.306780e-02
-3.275000e+00	1.265803e-02
-3.272500e+00	1.226724e-02
-3.270000e+00	1.189429e-02
-3.267500e+00	1.153811e-02
-3.265000e+00	1.119770e-02
-3.262500e+00	1.087216e-02
-3.260000e+00	1.056062e-02
-3.257500e+00	1.026230e-02
-3.255000e+00	9.976465e-03
-3.252500e+00	9.702423e-03
-3.250000e+00	9.439537e-03
-3.247500e+00	9.187210e-03
-3.245000e+00	8.944885e-03
-3.242500e+00	8.712040e-03
-3.240000e+00	8.488188e-03
-3.237500e+00	8.272871e-03
-3.235000e+00	8.065663e-03
-3.232500e+00	7.866161e-03
-3.230000e+00	7.673988e-03
-3.227500e+00	7.488790e-03
-3.225000e+00	7.310233e-03
-3.222500e+00	7.138005e-03
-3.220000e+00	6.971809e-03
-3.217500e+00	6.811367e-03
-3.215000e+00	6.656418e-03
-3.212500e+00	6.506714e-03
-3.210000e+00	6.362019e-03
-3.207500e+00	6.222115e-03
-3.205000e+00	6.086791e-03
-3.202500e+00	5.955851e-03
-3.200000e+00	5.829106e-03
-3.197500e+00	5.706380e-03
-3.195000e+00	5.587505e-03
-3.192500e+00	5.472321e-03
-3.190000e+00	5.360678e-03
-3.187500e+00	5.252431e-03
-3.185000e+00	5.147445e-03
-3.182500e+00	5.045589e-03
-3.180000e+00	4.946742e-03
-3.177500e+00	4.850785e-03
-3.175000e+00	4.757607e-03
-3.172500e+00	4.667102e-03
-3.170000e+00	4.579168e-03
-3.167500e+00	4.493710e-03
-3.165000e+00	4.410635e-03
-3.162500e+00	4.329855e-03
-3.160000e+00	4.251288e-03
-3.157500e+00	4.174852e-03
-3.155000e+00	4.100471e-03
-3.152500e+00	4.028073e-03
-3.150000e+00	3.957588e-03
-3.147500e+00	3.888948e-03
-3.145000e+00	3.822091e-03
-3.142500e+00	3.756955e-03
-3.140000e+00	3.693481e-03
-3.137500e+00	3.631613e-03
-3.135000e+00	3.571298e-03
-3.132500e+00	3.512485e-03
-3.130000e+00	3.455123e-03
-3.127500e+00	3.399166e-03
-3.125000e+00	3.344567e-03
-3.122500e+00	3.291285e-03
-3.120000e+00	3.239275e-03
-3.117500e+00	3.188499e-03
-3.115000e+00	3.138918e-03
-3.112500e+00	3.090494e-03
-3.110000e+00	3.043192e-03
-3.107500e+00	2.996978e-03
-3.105000e+00	2.951818e-03
-3.102500e+00	2.907680e-03
-3.100000e+00	2.864534e-03
-3.097500e+00	2.822351e-03
-3.095000e+00	2.781102e-03
-3.092500e+00	2.740760e-03
-3.090000e+00	2.701298e-03
-3.087500e+00	2.662691e-03
-3.085000e+00	2.624914e-03
-3.082500e+00	2.587945e-03
-3.080000e+00	2.551759e-03
-3.077500e+00	2.516336e-03
-3.075000e+00	2.481653e-03
-3.072500e+00	2.447691e-03
-3.070000e+00	2.414429e-03
-3.067500e+00	2.381849e-03
-3.065000e+00	2.349932e-03
-3.062500e+00	2.318659e-03
-3.060000e+00	2.288015e-03
-3.057500e+00	2.257982e-03
-3.055000e+00	2.228544e-03
-3.052500e+00	2.199686e-03
-3.050000e+00	2.171392e-03
-3.047500e+00	2.143647e-03
-3.045000e+00	2.116439e-03
-3.042500e+00	2.089752e-03
-3.040000e+00	2.063574e-03
-3.037500e+00	2.037892e-03
-3.035000e+00	2.012693e-03
-3.032500e+00	1.987966e-03
-3.030000e+00	1.963699e-03
-3.027500e+00	1.939880e-03
-3.025000e+00	1.916498e-03
-3.022500e+00	1.893544e-03
-3.020000e+00	1.871006e-03
-3.017500e+00	1.848874e-03
-3.015000e+00	1.827139e-03
-3.012500e+00	1.805792e-03
-3.010000e+00	1.784823e-03
-3.007500e+00	1.764224e-03
-3.005000e+00	1.743985e-03
-3.002500e+00	1.724098e-03
-3.000000e+00	1.704556e-03
-2.997500e+00	1.685351e-03
-2.995000e+00	1.666474e-03
-2.992500e+00	1.647918e-03
-2.990000e+00	1.629677e-03
-2.987500e+00	1.611742e-03
-2.985000e+00	1.594108e-03
-2.982500e+00	1.576768e-03
-2.980000e+00	1.559714e-03
-2.977500e+00	1.542941e-03
-2.975000e+00	1.526443e-03
-2.972500e+00	1.510214e-03
-2.970000e+00	1.494248e-03
-2.967500e+00	1.478538e-03
-2.965000e+00	1.463081e-03
-2.962500e+00	1.447870e-03
-2.960000e+00	1.432901e-03
-2.957500e+00	1.418168e-03
-2.955000e+00	1.403666e-03
-2.952500e+00	1.389390e-03
-2.950000e+00	1.375337e-03
-2.947500e+00	1.361500e-03
-2.945000e+00	1.347876e-03
-2.942500e+00	1.334461e-03
-2.940000e+00	1.321250e-03
-2.937500e+00	1.308240e-03
-2.935000e+00	1.295425e-03
-2.932500e+00	1.282803e-03
-2.930000e+00	1.270369e-03
-2.927500e+00	1.258119e-03
-2.925000e+00	1.246051e-03
-2.922500e+00	1.234160e-03
-2.920000e+00	1.222444e-03
-2.917500e+00	1.210898e-03
-2.915000e+00	1.199519e-03
-2.912500e+00	1.188305e-03
-2.910000e+00	1.177252e-03
-2.907500e+00	1.166356e-03
-2.905000e+00	1.155616e-03
-2.902500e+00	1.145028e-03
-2.900000e+00	1.134589e-03
-2.897500e+00	1.124297e-03
-2.895000e+00	1.114148e-03
-2.892500e+00	1.104141e-03
-2.890000e+00	1.094272e-03
-2.887500e+00	1.084539e-03
-2.885000e+00	1.074939e-03
-2.882500e+00	1.065471e-03
-2.880000e+00	1.056131e-03
-2.877500e+00	1.046918e-03
-2.875000e+00	1.037829e-03
-2.872500e+00	1.028861e-03
-2.870000e+00	1.020014e-03
-2.867500e+00	1.011284e-03
-2.865000e+00	1.002670e-03
-2.862500e+00	9.941696e-04
-2.860000e+00	9.857807e-04
-2.857500e+00	9.775014e-04
-2.855000e+00	9.693299e-04
-2.852500e+00	9.612643e-04
-2.850000e+00	9.533029e-04
-2.847500e+00	9.454437e-04
-2.845000e+00	9.376852e-04
-2.842500e+00	9.300256e-04
-2.840000e+00	9.224632e-04
-2.837500e+00	9.149964e-04
-2.835000e+00	9.076236e-04
-2.832500e+00	9.003433e-04
-2.830000e+00	8.931539e-04
-2.827500e+00	8.860539e-04
-2.825000e+00	8.790419e-04
-2.822500e+00	8.721164e-04
-2.820000e+00	8.652761e-04
-2.817500e+00	8.585194e-04
-2.815000e+00	8.518452e-04
-2.812500e+00	8.452520e-04
-2.810000e+00	8.387385e-04
-2.807500e+00	8.323036e-04
-2.805000e+00	8.259459e-04
-2.802500e+00	8.196643e-04
-2.800000e+00	8.134574e-04
-2.797500e+00	8.073242e-04
-2.795000e+00	8.012635e-04
-2.792500e+00	7.952742e-04
-2.790000e+00	7.893552e-04
-2.787500e+00	7.835053e-04
-2.785000e+00	7.777236e-04
-2.782500e+00	7.720089e-04
-2.780000e+00	7.663603e-04
-2.777500e+00	7.607767e-04
-2.775000e+00	7.552572e-04
-2.772500e+00	7.498008e-04
-2.770000e+00	7.444065e-04
-2.767500e+00	7.390735e-04
-2.765000e+00	7.338007e-04
-2.762500e+00	7.285874e-04
-2.760000e+00	7.234325e-04
-2.757500e+00	7.183354e-04
-2.755000e+00	7.132950e-04
-2.752500e+00	7.083107e-04
-2.750000e+00	7.033815e-04
-2.747500e+00	6.985067e-04
-2.745000e+00	6.936854e-04
-2.742500e+00	6.889170e-04
-2.740000e+00	6.842006e-04
-2.737500e+00	6.795355e-04
-2.735000e+00	6.749210e-04
-2.732500e+00	6.703564e-04
-2.730000e+00	6.658408e-04
-2.727500e+00	6.613738e-04
-2.725000e+00	6.569545e-04
-2.722500e+00	6.525823e-04
-2.720000e+00	6.482566e-04
-2.717500e+00	6.439766e-04
-2.715000e+00	6.397418e-04
-2.712500e+00	6.355516e-04
-2.710000e+00	6.314053e-04
-2.707500e+00	6.273023e-04
-2.705000e+00	6.232420e-04
-2.702500e+00	6.192239e-04
-2.700000e+00	6.152474e-04
-2.697500e+00	6.113119e-04
-2.695000e+00	6.074168e-04
-2.692500e+00	6.035617e-04
-2.690000e+00	5.997460e-04
-2.687500e+00	5.959691e-04
-2.685000e+00	5.922305e-04
-2.682500e+00	5.885298e-04
-2.680000e+00	5.848665e-04
-2.677500e+00	5.812400e-04
-2.675000e+00	5.776498e-04
-2.672500e+00	5.740956e-04
-2.670000e+00	5.705767e-04
-2.667500e+00	5.670928e-04
-2.665000e+00	5.636435e-04
-2.662500e+00	5.602282e-04
-2.660000e+00	5.568465e-04
-2.657500e+00	5.534980e-04
-2.655000e+00	5.501823e-04
-2.652500e+00	5.468989e-04
-2.650000e+00	5.436475e-04
-2.647500e+00	5.404276e-04
-2.645000e+00	5.372389e-04
-2.642500e+00	5.340809e-04
-2.640000e+00	5.309533e-04
-2.637500e+00	5.278557e-04
-2.635000e+00	5.247877e-04
-2.632500e+00	5.217490e-04
-2.630000e+00	5.187392e-04
-2.627500e+00	5.157578e-04
-2.625000e+00	5.128047e-04
-2.622500e+00	5.098794e-04
-2.620000e+00	5.069816e-04
-2.617500e+00	5.041110e-04
-2.615000e+00	5.012672e-04
-2.612500e+00	4.984500e-04
-2.610000e+00	4.956589e-04
-2.607500e+00	4.928937e-04
-2.605000e+00	4.901541e-04
-2.602500e+00	4.874398e-04
-2.600000e+00	4.847504e-04
-2.597500e+00	4.820857e-04
-2.595000e+00	4.794453e-04
-2.592500e+00	4.768291e-04
-2.590000e+00	4.742367e-04
-2.587500e+00	4.716678e-04
-2.585000e+00	4.691222e-04
-2.582500e+00	4.665995e-04
-2.580000e+00	4.640996e-04
-2.577500e+00	4.616222e-04
-2.575000e+00	4.591669e-04
-2.572500e+00	4.567336e-04
-2.570000e+00	4.543220e-04
-2.567500e+00	4.519318e-04
-2.565000e+00	4.495629e-04
-2.562500e+00	4.472149e-04
-2.560000e+00	4.448877e-04
-2.557500e+00	4.425809e-04
-2.555000e+00	4.402944e-04
-2.552500e+00	4.380280e-04
-2.550000e+00	4.357813e-04
-2.547500e+00	4.335543e-04
-2.545000e+00	4.313466e-04
-2.542500e+00	4.291582e-04
-2.540000e+00	4.269886e-04
-2.537500e+00	4.248378e-04
-2.535000e+00	4.227056e-04
-2.532500e+00	4.205917e-04
-2.530000e+00	4.184959e-04
-2.527500e+00	4.164181e-04
-2.525000e+00	4.143580e-04
-2.522500e+00	4.123155e-04
-2.520000e+00	4.102904e-04
-2.517500e+00	4.082824e-04
-2.515000e+00	4.062915e-04
-2.512500e+00	4.043173e-04
-2.510000e+00	4.023598e-04
-2.507500e+00	4.004188e-04
-2.505000e+00	3.984941e-04
-2.502500e+00	3.965854e-04
-2.500000e+00	3.946928e-04
-2.497500e+00	3.928159e-04
-2.495000e+00	3.909547e-04
-2.492500e+00	3.891089e-04
-2.490000e+00	3.872784e-04
-2.487500e+00	3.854630e-04
-2.485000e+00	3.836627e-04
-2.482500e+00	3.818772e-04
-2.480000e+00	3.801063e-04
-2.477500e+00	3.783500e-04
-2.475000e+00	3.766081e-04
-2.472500e+00	3.748804e-04
-2.470000e+00	3.731668e-04
-2.467500e+00	3.714672e-04
-2.465000e+00	3.697814e-04
-2.462500e+00	3.681092e-04
-2.460000e+00	3.664507e-04
-2.457500e+00	3.648055e-04
-2.455000e+00	3.631736e-04
-2.452500e+00	3.615548e-04
-2.450000e+00	3.599490e-04
-2.447500e+00	3.583562e-04
-2.445000e+00	3.567761e-04
-2.442500e+00	3.552086e-04
-2.440000e+00	3.536536e-04
-2.437500e+00	3.521111e-04
-2.435000e+00	3.505808e-04
-2.432500e+00	3.490627e-04
-2.430000e+00	3.475566e-04
-2.427500e+00	3.460624e-04
-2.425000e+00	3.445801e-04
-2.422500e+00	3.431094e-04
-2.420000e+00	3.416504e-04
-2.417500e+00	3.402028e-04
-2.415000e+00	3.387666e-04
-2.412500e+00	3.373417e-04
-2.410000e+00	3.359279e-04
-2.407500e+00	3.345252e-04
-2.405000e+00	3.331334e-04
-2.402500e+00	3.317525e-04
-2.400000e+00	3.303824e-04
-2.397500e+00	3.290229e-04
-2.395000e+00	3.276740e-04
-2.392500e+00	3.263355e-04
-2.390000e+00	3.250074e-04
-2.387500e+00	3.236896e-04
-2.385000e+00	3.223820e-04
-2.382500e+00	3.210844e-04
-2.380000e+00	3.197969e-04
-2.377500e+00	3.185193e-04
-2.375000e+00	3.172515e-04
-2.372500e+00	3.159934e-04
-2.370000e+00	3.147450e-04
-2.367500e+00	3.135062e-04
-2.365000e+00	3.122768e-04
-2.362500e+00	3.110568e-04
-2.360000e+00	3.098462e-04
-2.357500e+00	3.086448e-04
-2.355000e+00	3.074526e-04
-2.352500e+00	3.062694e-04
-2.350000e+00	3.050953e-04
-2.347500e+00	3.039301e-04
-2.345000e+00	3.027737e-04
-2.342500e+00	3.016261e-04
-2.340000e+00	3.004872e-04
-2.337500e+00	2.993570e-04
-2.335000e+00	2.982353e-04
-2.332500e+00	2.971221e-04
-2.330000e+00	2.960173e-04
-2.327500e+00	2.949208e-04
-2.325000e+00	2.938327e-04
-2.322500e+00	2.927528e-04
-2.320000e+00	2.916810e-04
-2.317500e+00	2.906172e-04
-2.315000e+00	2.895615e-04
-2.312500e+00	2.885138e-04
-2.310000e+00	2.874739e-04
-2.307500e+00	2.864419e-04
-2.305000e+00	2.854176e-04
-2.302500e+00	2.844011e-04
-2.300000e+00	2.833922e-04
-2.297500e+00	2.823908e-04
-2.295000e+00	2.813970e-04
-2.292500e+00	2.804107e-04
-2.290000e+00	2.794317e-04
-2.287500e+00	2.784601e-04
-2.285000e+00	2.774958e-04
-2.282500e+00	2.765388e-04
-2.280000e+00	2.755889e-04
-2.277500e+00	2.746462e-04
-2.275000e+00	2.737105e-04
-2.272500e+00	2.727819e-04
-2.270000e+00	2.718603e-04
-2.267500e+00	2.709456e-04
-2.265000e+00	2.700377e-04
-2.262500e+00	2.691367e-04
-2.260000e+00	2.682424e-04
-2.257500e+00	2.673549e-04
-2.255000e+00	2.664741e-04
-2.252500e+00	2.655999e-04
-2.250000e+00	2.647322e-04
-2.247500e+00	2.638712e-04
-2.245000e+00	2.630166e-04
-2.242500e+00	2.621684e-04
-2.240000e+00	2.613267e-04
-2.237500e+00	2.604913e-04
-2.235000e+00	2.596623e-04
-2.232500e+00	2.588395e-04
-2.230000e+00	2.580230e-04
-2.227500e+00	2.572126e-04
-2.225000e+00	2.564084e-04
-2.222500e+00	2.556103e-04
-2.220000e+00	2.548183e-04
-2.217500e+00	2.540323e-04
-2.215000e+00	2.532524e-04
-2.212500e+00	2.524783e-04
-2.210000e+00	2.517102e-04
-2.207500e+00	2.509480e-04
-2.205000e+00	2.501916e-04
-2.202500e+00	2.494411e-04
-2.200000e+00	2.486963e-04
-2.197500e+00	2.479573e-04
-2.195000e+00	2.472239e-04
-2.192500e+00	2.464963e-04
-2.190000e+00	2.457743e-04
-2.187500e+00	2.450579e-04
-2.185000e+00	2.443470e-04
-2.182500e+00	2.436417e-04
-2.180000e+00	2.429420e-04
-2.177500e+00	2.422477e-04
-2.175000e+00	2.415588e-04
-2.172500e+00	2.408754e-04
-2.170000e+00	2.401974e-04
-2.167500e+00	2.395248e-04
-2.165000e+00	2.388574e-04
-2.162500e+00	2.381954e-04
-2.160000e+00	2.375387e-04
-2.157500e+00	2.368873e-04
-2.155000e+00	2.362410e-04
-2.152500e+00	2.356000e-04
-2.150000e+00	2.349642e-04
-2.147500e+00	2.343335e-04
-2.145000e+00	2.337079e-04
-2.142500e+00	2.330875e-04
-2.140000e+00	2.324721e-04
-2.137500e+00	2.318618e-04
-2.135000e+00	2.312565e-04
-2.132500e+00	2.306563e-04
-2.130000e+00	2.300610e-04
-2.127500e+00	2.294707e-04
-2.125000e+00	2.288854e-04
-2.122500e+00	2.283050e-04
-2.120000e+00	2.277296e-04
-2.117500e+00	2.271590e-04
-2.115000e+00	2.265933e-04
-2.112500e+00	2.260325e-04
-2.110000e+00	2.254765e-04
-2.107500e+00	2.249253e-04
-2.105000e+00	2.243790e-04
-2.102500e+00	2.238374e-04
-2.100000e+00	2.233006e-04
-2.097500e+00	2.227686e-04
-2.095000e+00	2.222414e-04
-2.092500e+00	2.217188e-04
-2.090000e+00	2.212010e-04
-2.087500e+00	2.206879e-04
-2.085000e+00	2.201795e-04
-2.082500e+00	2.196758e-04
-2.080000e+00	2.191768e-04
-2.077500e+00	2.186824e-04
-2.075000e+00	2.181927e-04
-2.072500e+00	2.177076e-04
-2.070000e+00	2.172271e-04
-2.067500e+00	2.167513e-04
-2.065000e+00	2.162801e-04
-2.062500e+00	2.158135e-04
-2.060000e+00	2.153515e-04
-2.057500e+00	2.148941e-04
-2.055000e+00	2.144413e-04
-2.052500e+00	2.139930e-04
-2.050000e+00	2.135494e-04
-2.047500e+00	2.131103e-04
-2.045000e+00	2.126758e-04
-2.042500e+00	2.122458e-04
-2.040000e+00	2.118204e-04
-2.037500e+00	2.113996e-04
-2.035000e+00	2.109833e-04
-2.032500e+00	2.105716e-04
-2.030000e+00	2.101645e-04
-2.027500e+00	2.097619e-04
-2.025000e+00	2.093639e-04
-2.022500e+00	2.089705e-04
-2.020000e+00	2.085816e-04
-2.017500e+00	2.081972e-04
-2.015000e+00	2.078175e-04
-2.012500e+00	2.074423e-04
-2.010000e+00	2.070717e-04
-2.007500e+00	2.067057e-04
-2.005000e+00	2.063443e-04
-2.002500e+00	2.059875e-04
-2.000000e+00	2.056354e-04
-1.997500e+00	2.052878e-04
-1.995000e+00	2.049449e-04
-1.992500e+00	2.046066e-04
-1.990000e+00	2.042729e-04
-1.987500e+00	2.039439e-04
-1.985000e+00	2.036196e-04
-1.982500e+00	2.033000e-04
-1.980000e+00	2.029851e-04
-1.977500e+00	2.026750e-04
-1.975000e+00	2.023695e-04
-1.972500e+00	2.020688e-04
-1.970000e+00	2.017729e-04
-1.967500e+00	2.014818e-04
-1.965000e+00	2.011955e-04
-1.962500e+00	2.009141e-04
-1.960000e+00	2.006375e-04
-1.957500e+00	2.003658e-04
-1.955000e+00	2.000990e-04
-1.952500e+00	1.998371e-04
-1.950000e+00	1.995802e-04
-1.947500e+00	1.993283e-04
-1.945000e+00	1.990814e-04
-1.942500e+00	1.988396e-04
-1.940000e+00	1.986028e-04
-1.937500e+00	1.983712e-04
-1.935000e+00	1.981447e-04
-1.932500e+00	1.979235e-04
-1.930000e+00	1.977074e-04
-1.927500e+00	1.974966e-04
-1.925000e+00	1.972911e-04
-1.922500e+00	1.970910e-04
-1.920000e+00	1.968963e-04
-1.917500e+00	1.967070e-04
-1.915000e+00	1.965232e-04
-1.912500e+00	1.963450e-04
-1.910000e+00	1.961723e-04
-1.907500e+00	1.960053e-04
-1.905000e+00	1.958440e-04
-1.902500e+00	1.956884e-04
-1.900000e+00	1.955387e-04
-1.897500e+00	1.953948e-04
-1.895000e+00	1.952569e-04
-1.892500e+00	1.951250e-04
-1.890000e+00	1.949992e-04
-1.887500e+00	1.948795e-04
-1.885000e+00	1.947660e-04
-1.882500e+00	1.946589e-04
-1.880000e+00	1.945581e-04
-1.877500e+00	1.944637e-04
-1.875000e+00	1.943759e-04
-1.872500e+00	1.942948e-04
-1.870000e+00	1.942203e-04
-1.867500e+00	1.941527e-04
-1.865000e+00	1.940920e-04
-1.862500e+00	1.940383e-04
-1.860000e+00	1.939917e-04
-1.857500e+00	1.939523e-04
-1.855000e+00	1.939203e-04
-1.852500e+00	1.938958e-04
-1.850000e+00	1.938788e-04
-1.847500e+00	1.938695e-04
-1.845000e+00	1.938680e-04
-1.842500e+00	1.938745e-04
-1.840000e+00	1.938891e-04
-1.837500e+00	1.939119e-04
-1.835000e+00	1.939432e-04
-1.832500e+00	1.939829e-04
-1.830000e+00	1.940314e-04
-1.827500e+00	1.940888e-04
-1.825000e+00	1.941552e-04
-1.822500e+00	1.942309e-04
-1.820000e+00	1.943160e-04
-1.817500e+00	1.944106e-04
-1.815000e+00	1.945151e-04
-1.812500e+00	1.946297e-04
-1.810000e+00	1.947544e-04
-1.807500e+00	1.948896e-04
-1.805000e+00	1.950355e-04
-1.802500e+00	1.951924e-04
-1.800000e+00	1.953605e-04
-1.797500e+00	1.955400e-04
-1.795000e+00	1.957312e-04
-1.792500e+00	1.959345e-04
-1.790000e+00	1.961501e-04
-1.787500e+00	1.963783e-04
-1.785000e+00	1.966195e-04
-1.782500e+00	1.968740e-04
-1.780000e+00	1.971421e-04
-1.777500e+00	1.974242e-04
-1.775000e+00	1.977207e-04
-1.772500e+00	1.980320e-04
-1.770000e+00	1.983585e-04
-1.767500e+00	1.987006e-04
-1.765000e+00	1.990589e-04
-1.762500e+00	1.994337e-04
-1.760000e+00	1.998256e-04
-1.757500e+00	2.002351e-04
-1.755000e+00	2.006627e-04
-1.752500e+00	2.011090e-04
-1.750000e+00	2.015746e-04
-1.747500e+00	2.020602e-04
-1.745000e+00	2.025663e-04
-1.742500e+00	2.030937e-04
-1.740000e+00	2.036431e-04
-1.737500e+00	2.042153e-04
-1.735000e+00	2.048110e-04
-1.732500e+00	2.054311e-04
-1.730000e+00	2.060764e-04
-1.727500e+00	2.067480e-04
-1.725000e+00	2.074468e-04
-1.722500e+00	2.081737e-04
-1.720000e+00	2.089300e-04
-1.717500e+00	2.097167e-04
-1.715000e+00	2.105350e-04
-1.712500e+00	2.113863e-04
-1.710000e+00	2.122718e-04
-1.707500e+00	2.131930e-04
-1.705000e+00	2.141515e-04
-1.702500e+00	2.151487e-04
-1.700000e+00	2.161865e-04
-1.697500e+00	2.172665e-04
-1.695000e+00	2.183908e-04
-1.692500e+00	2.195613e-04
-1.690000e+00	2.207802e-04
-1.687500e+00	2.220497e-04
-1.685000e+00	2.233724e-04
-1.682500e+00	2.247509e-04
-1.680000e+00	2.261878e-04
-1.677500e+00	2.276862e-04
-1.675000e+00	2.292493e-04
-1.672500e+00	2.308804e-04
-1.670000e+00	2.325832e-04
-1.667500e+00	2.343616e-04
-1.665000e+00	2.362197e-04
-1.662500e+00	2.381620e-04
-1.660000e+00	2.401934e-04
-1.657500e+00	2.423190e-04
-1.655000e+00	2.445445e-04
-1.652500e+00	2.468759e-04
-1.650000e+00	2.493198e-04
-1.647500e+00	2.518832e-04
-1.645000e+00	2.545738e-04
-1.642500e+00	2.574000e-04
-1.640000e+00	2.603706e-04
-1.637500e+00	2.634957e-04
-1.635000e+00	2.667859e-04
-1.632500e+00	2.702528e-04
-1.630000e+00	2.739094e-04
-1.627500e+00	2.777696e-04
-1.625000e+00	2.818488e-04
-1.622500e+00	2.861639e-04
-1.620000e+00	2.907335e-04
-1.617500e+00	2.955782e-04
-1.615000e+00	3.007206e-04
-1.612500e+00	3.061858e-04
-1.610000e+00	3.120019e-04
-1.607500e+00	3.182000e-04
-1.605000e+00	3.248146e-04
-1.602500e+00	3.318845e-04
-1.600000e+00	3.394534e-04
-1.597500e+00	3.475699e-04
-1.595000e+00	3.562894e-04
-1.592500e+00	3.656740e-04
-1.590000e+00	3.757945e-04
-1.587500e+00	3.867314e-04
-1.585000e+00	3.985766e-04
-1.582500e+00	4.114353e-04
-1.580000e+00	4.254287e-04
-1.577500e+00	4.406969e-04
-1.575000e+00	4.574019e-04
-1.572500e+00	4.757331e-04
-1.570000e+00	4.959116e-04
-1.567500e+00	5.181979e-04
-1.565000e+00	5.428998e-04
-1.562500e+00	5.703837e-04
-1.560000e+00	6.010876e-04
-1.557500e+00	6.355390e-04
-1.555000e+00	6.743776e-04
-1.552500e+00	7.183841e-04
-1.550000e+00	7.685196e-04
-1.547500e+00	8.259766e-04
-1.545000e+00	8.922485e-04
-1.542500e+00	9.692227e-04
-1.540000e+00	1.059310e-03
-1.537500e+00	1.165625e-03
-1.535000e+00	1.292236e-03
-1.532500e+00	1.444527e-03
-1.530000e+00	1.629719e-03
-1.527500e+00	1.857629e-03
-1.525000e+00	2.141795e-03
-1.522500e+00	2.501130e-03
-1.520000e+00	2.962366e-03
-1.517500e+00	3.563525e-03
-1.515000e+00	4.358445e-03
-1.512500e+00	5.421216e-03
-1.510000e+00	6.845284e-03
-1.507500e+00	8.720330e-03
-1.505000e+00	1.104595e-02
-1.502500e+00	1.353240e-02
-1.500000e+00	1.539833e-02
-1.497500e+00	1.568424e-02
-1.495000e+00	1.421425e-02
-1.492500e+00	1.181458e-02
-1.490000e+00	9.393735e-03
-1.487500e+00	7.378536e-03
-1.485000e+00	5.830381e-03
-1.482500e+00	4.673228e-03
-1.480000e+00	3.810512e-03
-1.477500e+00	3.161690e-03
-1.475000e+00	2.667205e-03
-1.472500e+00	2.284782e-03
-1.470000e+00	1.984711e-03
-1.467500e+00	1.746023e-03
-1.465000e+00	1.553775e-03
-1.462500e+00	1.397174e-03
-1.460000e+00	1.268318e-03
-1.457500e+00	1.161344e-03
-1.455000e+00	1.071840e-03
-1.452500e+00	9.964463e-04
-1.450000e+00	9.325738e-04
-1.447500e+00	8.782053e-04
-1.445000e+00	8.317534e-04
-1.442500e+00	7.919580e-04
-1.440000e+00	7.578100e-04
-1.437500e+00	7.284958e-04
-1.435000e+00	7.033551e-04
-1.432500e+00	6.818492e-04
-1.430000e+00	6.635366e-04
-1.427500e+00	6.480545e-04
-1.425000e+00	6.351040e-04
-1.422500e+00	6.244394e-04
-1.420000e+00	6.158587e-04
-1.417500e+00	6.091973e-04
-1.415000e+00	6.043219e-04
-1.412500e+00	6.011267e-04
-1.410000e+00	5.995297e-04
-1.407500e+00	5.994706e-04
-1.405000e+00	6.009082e-04
-1.402500e+00	6.038198e-04
-1.400000e+00	6.081997e-04
-1.397500e+00	6.140588e-04
-1.395000e+00	6.214251e-04
-1.392500e+00	6.303432e-04
-1.390000e+00	6.408758e-04
-1.387500e+00	6.531044e-04
-1.385000e+00	6.671312e-04
-1.382500e+00	6.830814e-04
-1.380000e+00	7.011056e-04
-1.377500e+00	7.213837e-04
-1.375000e+00	7.441293e-04
-1.372500e+00	7.695951e-04
-1.370000e+00	7.980799e-04
-1.367500e+00	8.299370e-04
-1.365000e+00	8.655850e-04
-1.362500e+00	9.055211e-04
-1.360000e+00	9.503380e-04
-1.357500e+00	1.000745e-03
-1.355000e+00	1.057596e-03
-1.352500e+00	1.121923e-03
-1.350000e+00	1.194984e-03
-1.347500e+00	1.278319e-03
-1.345000e+00	1.373831e-03
-1.342500e+00	1.483891e-03
-1.340000e+00	1.611476e-03
-1.337500e+00	1.760362e-03
-1.335000e+00	1.935391e-03
-1.332500e+00	2.142837e-03
-1.330000e+00	2.390931e-03
-1.327500e+00	2.690607e-03
-1.325000e+00	3.056589e-03
-1.322500e+00	3.508981e-03
-1.320000e+00	4.075614e-03
-1.317500e+00	4.795519e-03
-1.315000e+00	5.724002e-03
-1.312500e+00	6.939742e-03
-1.310000e+00	8.553589e-03
-1.307500e+00	1.071550e-02
-1.305000e+00	1.360545e-02
-1.302500e+00	1.736579e-02
-1.300000e+00	2.188437e-02
-1.297500e+00	2.637029e-02
-1.295000e+00	2.913341e-02
-1.292500e+00	2.862773e-02
-1.290000e+00	2.516995e-02
-1.287500e+00	2.054609e-02
-1.285000e+00	1.621732e-02
-1.282500e+00	1.272783e-02
-1.280000e+00	1.008009e-02
-1.277500e+00	8.107271e-03
-1.275000e+00	6.635097e-03
-1.272500e+00	5.525309e-03
-1.270000e+00	4.677435e-03
-1.267500e+00	4.020543e-03
-1.265000e+00	3.504794e-03
-1.262500e+00	3.094960e-03
-1.260000e+00	2.765868e-03
-1.257500e+00	2.499309e-03
-1.255000e+00	2.281935e-03
-1.252500e+00	2.103850e-03
-1.250000e+00	1.957637e-03
-1.247500e+00	1.837689e-03
-1.245000e+00	1.739744e-03
-1.242500e+00	1.660556e-03
-1.240000e+00	1.597663e-03
-1.237500e+00	1.549220e-03
-1.235000e+00	1.513887e-03
-1.232500e+00	1.490742e-03
-1.230000e+00	1.479236e-03
-1.227500e+00	1.479158e-03
-1.225000e+00	1.490630e-03
-1.222500e+00	1.514117e-03
-1.220000e+00	1.550460e-03
-1.217500e+00	1.600930e-03
-1.215000e+00	1.667318e-03
-1.212500e+00	1.752062e-03
-1.210000e+00	1.858427e-03
-1.207500e+00	1.990772e-03
-1.205000e+00	2.154916e-03
-1.202500e+00	2.358681e-03
-1.200000e+00	2.612669e-03
-1.197500e+00	2.931415e-03
-1.195000e+00	3.335078e-03
-1.192500e+00	3.851950e-03
-1.190000e+00	4.522138e-03
-1.187500e+00	5.402755e-03
-1.185000e+00	6.574522e-03
-1.182500e+00	8.147598e-03
-1.180000e+00	1.025749e-02
-1.177500e+00	1.302267e-02
-1.175000e+00	1.639943e-02
-1.172500e+00	1.987474e-02
-1.170000e+00	2.223434e-02
-1.167500e+00	2.219871e-02
-1.165000e+00	1.978723e-02
-1.162500e+00	1.629404e-02
-1.160000e+00	1.291925e-02
-1.157500e+00	1.016075e-02
-1.155000e+00	8.055495e-03
-1.152500e+00	6.483464e-03
-1.150000e+00	5.309432e-03
-1.147500e+00	4.423876e-03
-1.145000e+00	3.746624e-03
-1.142500e+00	3.220940e-03
-1.140000e+00	2.806949e-03
-1.137500e+00	2.476472e-03
-1.135000e+00	2.209383e-03
-1.132500e+00	1.991118e-03
-1.130000e+00	1.810990e-03
-1.127500e+00	1.661050e-03
-1.125000e+00	1.535309e-03
-1.122500e+00	1.429198e-03
-1.120000e+00	1.339192e-03
-1.117500e+00	1.262545e-03
-1.115000e+00	1.197094e-03
-1.112500e+00	1.141126e-03
-1.110000e+00	1.093272e-03
-1.107500e+00	1.052433e-03
-1.105000e+00	1.017723e-03
-1.102500e+00	9.884275e-04
-1.100000e+00	9.639683e-04
-1.097500e+00	9.438813e-04
-1.095000e+00	9.277966e-04
-1.092500e+00	9.154239e-04
-1.090000e+00	9.065419e-04
-1.087500e+00	9.009903e-04
-1.085000e+00	8.986634e-04
-1.082500e+00	8.995072e-04
-1.080000e+00	9.035163e-04
-1.077500e+00	9.107343e-04
-1.075000e+00	9.212546e-04
-1.072500e+00	9.352229e-04
-1.070000e+00	9.528424e-04
-1.067500e+00	9.743795e-04
-1.065000e+00	1.000173e-03
-1.062500e+00	1.030648e-03
-1.060000e+00	1.066327e-03
-1.057500e+00	1.107853e-03
-1.055000e+00	1.156018e-03
-1.052500e+00	1.211790e-03
-1.050000e+00	1.276364e-03
-1.047500e+00	1.351218e-03
-1.045000e+00	1.438189e-03
-1.042500e+00	1.539580e-03
-1.040000e+00	1.658295e-03
-1.037500e+00	1.798037e-03
-1.035000e+00	1.963567e-03
-1.032500e+00	2.161079e-03
-1.030000e+00	2.398724e-03
-1.027500e+00	2.687365e-03
-1.025000e+00	3.041674e-03
-1.022500e+00	3.481744e-03
-1.020000e+00	4.035471e-03
-1.017500e+00	4.742072e-03
-1.015000e+00	5.657197e-03
-1.012500e+00	6.859987e-03
-1.010000e+00	8.461448e-03
-1.007500e+00	1.060965e-02
-1.005000e+00	1.347500e-02
-1.002500e+00	1.716783e-02
-1.000000e+00	2.149631e-02
-9.975000e-01	2.554946e-02
-9.950000e-01	2.763836e-02
-9.925000e-01	2.654355e-02
-9.900000e-01	2.293531e-02
-9.875000e-01	1.855231e-02
-9.850000e-01	1.460474e-02
-9.825000e-01	1.147310e-02
-9.800000e-01	9.109104e-03
-9.775000e-01	7.347404e-03
-9.750000e-01	6.029056e-03
-9.725000e-01	5.030989e-03
-9.700000e-01	4.264500e-03
-9.675000e-01	3.667083e-03
-9.650000e-01	3.194768e-03
-9.625000e-01	2.816389e-03
-9.600000e-01	2.509596e-03
-9.575000e-01	2.258139e-03
-9.550000e-01	2.050044e-03
-9.525000e-01	1.876360e-03
-9.500000e-01	1.730317e-03
-9.475000e-01	1.606726e-03
-9.450000e-01	1.501565e-03
-9.425000e-01	1.411687e-03
-9.400000e-01	1.334604e-03
-9.375000e-01	1.268332e-03
-9.350000e-01	1.211277e-03
-9.325000e-01	1.162149e-03
-9.300000e-01	1.119900e-03
-9.275000e-01	1.083672e-03
-9.250000e-01	1.052760e-03
-9.225000e-01	1.026586e-03
-9.200000e-01	1.004673e-03
-9.175000e-01	9.866300e-04
-9.150000e-01	9.721371e-04
-9.125000e-01	9.609344e-04
-9.100000e-01	9.528142e-04
-9.075000e-01	9.476139e-04
-9.050000e-01	9.452113e-04
-9.025000e-01	9.455202e-04
-9.000000e-01	9.484881e-04
-8.975000e-01	9.540937e-04
-8.950000e-01	9.623463e-04
-8.925000e-01	9.732851e-04
-8.900000e-01	9.869798e-04
-8.875000e-01	1.003531e-03
-8.850000e-01	1.023074e-03
-8.825000e-01	1.045779e-03
-8.800000e-01	1.071855e-03
-8.775000e-01	1.101555e-03
-8.750000e-01	1.135185e-03
-8.725000e-01	1.173105e-03
-8.700000e-01	1.215742e-03
-8.675000e-01	1.263601e-03
-8.650000e-01	1.317278e-03
-8.625000e-01	1.377479e-03
-8.600000e-01	1.445039e-03
-8.575000e-01	1.520952e-03
-8.550000e-01	1.606404e-03
-8.525000e-01	1.702818e-03
-8.500000e-01	1.811908e-03
-8.475000e-01	1.935752e-03
-8.450000e-01	2.076886e-03
-8.425000e-01	2.238426e-03
-8.400000e-01	2.424232e-03
-8.375000e-01	2.639124e-03
-8.350000e-01	2.889178e-03
-8.325000e-01	3.182126e-03
-8.300000e-01	3.527917e-03
-8.275000e-01	3.939492e-03
-8.250000e-01	4.433900e-03
-8.225000e-01	5.033888e-03
-8.200000e-01	5.770224e-03
-8.175000e-01	6.685107e-03
-8.150000e-01	7.837211e-03
-8.125000e-01	9.309134e-03
-8.100000e-01	1.121817e-02
-8.075000e-01	1.373103e-02
-8.050000e-01	1.708064e-02
-8.025000e-01	2.157424e-02
-8.000000e-01	2.755351e-02
-7.975000e-01	3.519915e-02
-7.950000e-01	4.398910e-02
-7.925000e-01	5.185444e-02
-7.900000e-01	5.531311e-02
-7.875000e-01	5.230118e-02
-7.850000e-01	4.463508e-02
-7.825000e-01	3.582009e-02
-7.800000e-01	2.805996e-02
-7.775000e-01	2.196130e-02
-7.750000e-01	1.737105e-02
-7.725000e-01	1.394975e-02
-7.700000e-01	1.138527e-02
-7.675000e-01	9.439249e-03
-7.650000e-01	7.940718e-03
-7.625000e-01	6.769313e-03
-7.600000e-01	5.840314e-03
-7.575000e-01	5.093590e-03
-7.550000e-01	4.485942e-03
-7.525000e-01	3.985906e-03
-7.500000e-01	3.570249e-03
-7.475000e-01	3.221579e-03
-7.450000e-01	2.926709e-03
-7.425000e-01	2.675520e-03
-7.400000e-01	2.460155e-03
-7.375000e-01	2.274455e-03
-7.350000e-01	2.113542e-03
-7.325000e-01	1.973524e-03
-7.300000e-01	1.851267e-03
-7.275000e-01	1.744237e-03
-7.250000e-01	1.650368e-03
-7.225000e-01	1.567974e-03
-7.200000e-01	1.495673e-03
-7.175000e-01	1.432337e-03
-7.150000e-01	1.377041e-03
-7.125000e-01	1.329041e-03
-7.100000e-01	1.287744e-03
-7.075000e-01	1.252691e-03
-7.050000e-01	1.223547e-03
-7.025000e-01	1.200095e-03
-7.000000e-01	1.182231e-03
-6.975000e-01	1.169972e-03
-6.950000e-01	1.163467e-03
-6.925000e-01	1.163007e-03
-6.900000e-01	1.169062e-03
-6.875000e-01	1.182312e-03
-6.850000e-01	1.203711e-03
-6.825000e-01	1.234561e-03
-6.800000e-01	1.276634e-03
-6.775000e-01	1.332340e-03
-6.750000e-01	1.404970e-03
-6.725000e-01	1.499055e-03
-6.700000e-01	1.620904e-03
-6.675000e-01	1.779384e-03
-6.650000e-01	1.987082e-03
-6.625000e-01	2.261927e-03
-6.600000e-01	2.629249e-03
-6.575000e-01	3.123556e-03
-6.550000e-01	3.787081e-03
-6.525000e-01	4.656037e-03
-6.500000e-01	5.714232e-03
-6.475000e-01	6.796545e-03
-6.450000e-01	7.520920e-03
-6.425000e-01	7.496716e-03
-6.400000e-01	6.745543e-03
-6.375000e-01	5.674593e-03
-6.350000e-01	4.650800e-03
-6.325000e-01	3.823104e-03
-6.300000e-01	3.200824e-03
-6.275000e-01	2.746678e-03
-6.250000e-01	2.419481e-03
-6.225000e-01	2.186298e-03
-6.200000e-01	2.023448e-03
-6.175000e-01	1.914687e-03
-6.150000e-01	1.849243e-03
-6.125000e-01	1.820326e-03
-6.100000e-01	1.824127e-03
-6.075000e-01	1.859239e-03
-6.050000e-01	1.926376e-03
-6.025000e-01	2.028381e-03
-6.000000e-01	2.170485e-03
-5.975000e-01	2.360875e-03
-5.950000e-01	2.611664e-03
-5.925000e-01	2.940405e-03
-5.900000e-01	3.372386e-03
-5.875000e-01	3.943975e-03
-5.850000e-01	4.707120e-03
-5.825000e-01	5.734195e-03
-5.800000e-01	7.119026e-03
-5.775000e-01	8.959912e-03
-5.750000e-01	1.128776e-02
-5.725000e-01	1.388304e-02
-5.700000e-01	1.603601e-02
-5.675000e-01	1.671258e-02
-5.650000e-01	1.549512e-02
-5.625000e-01	1.309319e-02
-5.600000e-01	1.051403e-02
-5.575000e-01	8.308043e-03
-5.550000e-01	6.594313e-03
-5.525000e-01	5.308770e-03
-5.500000e-01	4.350168e-03
-5.475000e-01	3.630144e-03
-5.450000e-01	3.082357e-03
-5.425000e-01	2.659482e-03
-5.400000e-01	2.328234e-03
-5.375000e-01	2.065156e-03
-5.350000e-01	1.853564e-03
-5.325000e-01	1.681439e-03
-5.300000e-01	1.540008e-03
-5.275000e-01	1.422771e-03
-5.250000e-01	1.324855e-03
-5.225000e-01	1.242554e-03
-5.200000e-01	1.173019e-03
-5.175000e-01	1.114036e-03
-5.150000e-01	1.063866e-03
-5.125000e-01	1.021131e-03
-5.100000e-01	9.847304e-04
-5.075000e-01	9.537786e-04
-5.050000e-01	9.275590e-04
-5.025000e-01	9.054889e-04
-5.000000e-01	8.870925e-04
-4.975000e-01	8.719806e-04
-4.950000e-01	8.598344e-04
-4.925000e-01	8.503939e-04
-4.900000e-01	8.434474e-04
-4.875000e-01	8.388244e-04
-4.850000e-01	8.363896e-04
-4.825000e-01	8.360380e-04
-4.800000e-01	8.376916e-04
-4.775000e-01	8.412964e-04
-4.750000e-01	8.468204e-04
-4.725000e-01	8.542521e-04
-4.700000e-01	8.635995e-04
-4.675000e-01	8.748893e-04
-4.650000e-01	8.881675e-04
-4.625000e-01	9.034989e-04
-4.600000e-01	9.209682e-04
-4.575000e-01	9.406809e-04
-4.550000e-01	9.627652e-04
-4.525000e-01	9.873735e-04
-4.500000e-01	1.014685e-03
-4.475000e-01	1.044910e-03
-4.450000e-01	1.078292e-03
-4.425000e-01	1.115113e-03
-4.400000e-01	1.155699e-03
-4.375000e-01	1.200428e-03
-4.350000e-01	1.249738e-03
-4.325000e-01	1.304137e-03
-4.300000e-01	1.364213e-03
-4.275000e-01	1.430655e-03
-4.250000e-01	1.504266e-03
-4.225000e-01	1.585989e-03
-4.200000e-01	1.676936e-03
-4.175000e-01	1.778424e-03
-4.150000e-01	1.892021e-03
-4.125000e-01	2.019601e-03
-4.100000e-01	2.163425e-03
-4.075000e-01	2.326228e-03
-4.050000e-01	2.511351e-03
-4.025000e-01	2.722902e-03
-4.000000e-01	2.965972e-03
-3.975000e-01	3.246928e-03
-3.950000e-01	3.573806e-03
-3.925000e-01	3.956854e-03
-3.900000e-01	4.409279e-03
-3.875000e-01	4.948305e-03
-3.850000e-01	5.596674e-03
-3.825000e-01	6.384807e-03
-3.800000e-01	7.353966e-03
-3.775000e-01	8.560894e-03
-3.750000e-01	1.008470e-02
-3.725000e-01	1.203697e-02
-3.700000e-01	1.457635e-02
-3.675000e-01	1.792792e-02
-3.650000e-01	2.240404e-02
-3.625000e-01	2.840816e-02
-3.600000e-01	3.636026e-02
-3.575000e-01	4.638413e-02
-3.550000e-01	5.751664e-02
-3.525000e-01	6.668919e-02
-3.500000e-01	6.948638e-02
-3.475000e-01	6.419739e-02
-3.450000e-01	5.391192e-02
-3.425000e-01	4.292033e-02
-3.400000e-01	3.354001e-02
-3.375000e-01	2.626041e-02
-3.350000e-01	2.080203e-02
-3.325000e-01	1.673220e-02
-3.300000e-01	1.367476e-02
-3.275000e-01	1.134766e-02
-3.250000e-01	9.549811e-03
-3.225000e-01	8.139793e-03
-3.200000e-01	7.017948e-03
-3.175000e-01	6.113381e-03
-3.150000e-01	5.375018e-03
-3.125000e-01	4.765559e-03
-3.100000e-01	4.257377e-03
-3.075000e-01	3.829735e-03
-3.050000e-01	3.466868e-03
-3.025000e-01	3.156641e-03
-3.000000e-01	2.889613e-03
-2.975000e-01	2.658361e-03
-2.950000e-01	2.456993e-03
-2.925000e-01	2.280794e-03
-2.900000e-01	2.125959e-03
-2.875000e-01	1.989403e-03
-2.850000e-01	1.868609e-03
-2.825000e-01	1.761518e-03
-2.800000e-01	1.666446e-03
-2.775000e-01	1.582022e-03
-2.750000e-01	1.507140e-03
-2.725000e-01	1.440934e-03
-2.700000e-01	1.382754e-03
-2.675000e-01	1.332171e-03
-2.650000e-01	1.288988e-03
-2.625000e-01	1.253277e-03
-2.600000e-01	1.225444e-03
-2.575000e-01	1.206334e-03
-2.550000e-01	1.197384e-03
-2.525000e-01	1.200817e-03
-2.500000e-01	1.219785e-03
-2.475000e-01	1.258141e-03
-2.450000e-01	1.318839e-03
-2.425000e-01	1.398876e-03
-2.400000e-01	1.479572e-03
-2.375000e-01	1.522009e-03
-2.350000e-01	1.491672e-03
-2.325000e-01	1.396975e-03
-2.300000e-01	1.278700e-03
-2.275000e-01	1.169418e-03
-2.250000e-01	1.080960e-03
-2.225000e-01	1.013153e-03
-2.200000e-01	9.621503e-04
-2.175000e-01	9.240022e-04
-2.150000e-01	8.955998e-04
-2.125000e-01	8.747035e-04
-2.100000e-01	8.597551e-04
-2.075000e-01	8.496883e-04
-2.050000e-01	8.437841e-04
-2.025000e-01	8.415712e-04
-2.000000e-01	8.427589e-04
-1.975000e-01	8.471936e-04
-1.950000e-01	8.548319e-04
-1.925000e-01	8.657241e-04
-1.900000e-01	8.800066e-04
-1.875000e-01	8.979003e-04
-1.850000e-01	9.197148e-04
-1.825000e-01	9.458574e-04
-1.800000e-01	9.768487e-04
-1.775000e-01	1.013343e-03
-1.750000e-01	1.056160e-03
-1.725000e-01	1.106321e-03
-1.700000e-01	1.165108e-03
-1.675000e-01	1.234129e-03
-1.650000e-01	1.315427e-03
-1.625000e-01	1.411606e-03
-1.600000e-01	1.526023e-03
-1.575000e-01	1.663056e-03
-1.550000e-01	1.828469e-03
-1.525000e-01	2.029960e-03
-1.500000e-01	2.277942e-03
-1.475000e-01	2.586689e-03
-1.450000e-01	2.976050e-03
-1.425000e-01	3.473955e-03
-1.400000e-01	4.120065e-03
-1.375000e-01	4.970759e-03
-1.350000e-01	6.104910e-03
-1.325000e-01	7.626907e-03
-1.300000e-01	9.654047e-03
-1.275000e-01	1.225261e-02
-1.250000e-01	1.525761e-02
-1.225000e-01	1.798338e-02
-1.200000e-01	1.924318e-02
-1.175000e-01	1.828950e-02
-1.150000e-01	1.570021e-02
-1.125000e-01	1.267785e-02
-1.100000e-01	1.000054e-02
-1.075000e-01	7.891240e-03
-1.050000e-01	6.302667e-03
-1.025000e-01	5.119038e-03
-1.000000e-01	4.232605e-03
-9.750000e-02	3.560778e-03
-9.500000e-02	3.044241e-03
-9.250000e-02	2.641223e-03
-9.000000e-02	2.322332e-03
-8.750000e-02	2.066715e-03
-8.500000e-02	1.859399e-03
-8.250000e-02	1.689487e-03
-8.000000e-02	1.548937e-03
-7.750000e-02	1.431734e-03
-7.500000e-02	1.333320e-03
-7.250000e-02	1.250200e-03
-7.000000e-02	1.179666e-03
-6.750000e-02	1.119594e-03
-6.500000e-02	1.068304e-03
-6.250000e-02	1.024460e-03
-6.000000e-02	9.869842e-04
-5.750000e-02	9.550077e-04
-5.500000e-02	9.278231e-04
-5.250000e-02	9.048528e-04
-5.000000e-02	8.856235e-04
-4.750000e-02	8.697468e-04
-4.500000e-02	8.569042e-04
-4.250000e-02	8.468350e-04
-4.000000e-02	8.393271e-04
-3.750000e-02	8.342098e-04
-3.500000e-02	8.313476e-04
-3.250000e-02	8.306364e-04
-3.000000e-02	8.319995e-04
-2.750000e-02	8.353849e-04
-2.500000e-02	8.407636e-04
-2.250000e-02	8.481283e-04
-2.000000e-02	8.574922e-04
-1.750000e-02	8.688887e-04
-1.500000e-02	8.823718e-04
-1.250000e-02	8.980164e-04
-1.000000e-02	9.159192e-04
-7.500000e-03	9.362003e-04
-5.000000e-03	9.590050e-04
-2.500000e-03	9.845065e-04
9.379164e-13	1.012909e-03
2.500000e-03	1.044451e-03
5.000000e-03	1.079412e-03
7.500000e-03	1.118115e-03
1.000000e-02	1.160938e-03
1.250000e-02	1.208319e-03
1.500000e-02	1.260767e-03
1.750000e-02	1.318879e-03
2.000000e-02	1.383351e-03
2.250000e-02	1.455001e-03
2.500000e-02	1.534793e-03
2.750000e-02	1.623868e-03
3.000000e-02	1.723581e-03
3.250000e-02	1.835557e-03
3.500000e-02	1.961743e-03
3.750000e-02	2.104502e-03
4.000000e-02	2.266709e-03
4.250000e-02	2.451892e-03
4.500000e-02	2.664419e-03
4.750000e-02	2.909735e-03
5.000000e-02	3.194701e-03
5.250000e-02	3.528038e-03
5.500000e-02	3.920960e-03
5.750000e-02	4.388041e-03
6.000000e-02	4.948466e-03
6.250000e-02	5.627809e-03
6.500000e-02	6.460633e-03
6.750000e-02	7.494304e-03
7.000000e-02	8.794630e-03
7.250000e-02	1.045419e-02
7.500000e-02	1.260441e-02
7.750000e-02	1.543213e-02
8.000000e-02	1.919885e-02
8.250000e-02	2.425125e-02
8.500000e-02	3.098089e-02
8.750000e-02	3.961599e-02
9.000000e-02	4.962941e-02
9.250000e-02	5.877365e-02
9.500000e-02	6.310315e-02
9.750000e-02	6.005776e-02
1.000000e-01	5.148745e-02
1.025000e-01	4.140383e-02
1.050000e-01	3.244134e-02
1.075000e-01	2.537010e-02
1.100000e-01	2.004153e-02
1.125000e-01	1.607048e-02
1.150000e-01	1.309627e-02
1.175000e-01	1.084190e-02
1.200000e-01	9.108295e-03
1.225000e-01	7.755284e-03
1.250000e-01	6.684271e-03
1.275000e-01	5.825364e-03
1.300000e-01	5.128443e-03
1.325000e-01	4.557109e-03
1.350000e-01	4.084596e-03
1.375000e-01	3.691004e-03
1.400000e-01	3.361413e-03
1.425000e-01	3.084590e-03
1.450000e-01	2.852110e-03
1.475000e-01	2.657759e-03
1.500000e-01	2.497169e-03
1.525000e-01	2.367615e-03
1.550000e-01	2.267966e-03
1.575000e-01	2.198706e-03
1.600000e-01	2.161846e-03
1.625000e-01	2.160087e-03
1.650000e-01	2.193701e-03
1.675000e-01	2.252923e-03
1.700000e-01	2.308916e-03
1.725000e-01	2.323007e-03
1.750000e-01	2.285620e-03
1.775000e-01	2.232782e-03
1.800000e-01	2.211560e-03
1.825000e-01	2.253554e-03
1.850000e-01	2.378102e-03
1.875000e-01	2.600391e-03
1.900000e-01	2.927917e-03
1.925000e-01	3.336068e-03
1.950000e-01	3.723404e-03
1.975000e-01	3.905500e-03
2.000000e-01	3.749818e-03
2.025000e-01	3.328289e-03
2.050000e-01	2.827770e-03
2.075000e-01	2.377922e-03
2.100000e-01	2.019124e-03
2.125000e-01	1.745736e-03
2.150000e-01	1.539649e-03
2.175000e-01	1.383523e-03
2.200000e-01	1.263941e-03
2.225000e-01	1.171231e-03
2.250000e-01	1.098574e-03
2.275000e-01	1.041182e-03
2.300000e-01	9.956698e-04
2.325000e-01	9.596289e-04
2.350000e-01	9.313320e-04
2.375000e-01	9.095373e-04
2.400000e-01	8.933565e-04
2.425000e-01	8.821644e-04
2.450000e-01	8.755396e-04
2.475000e-01	8.732240e-04
2.500000e-01	8.750976e-04
2.525000e-01	8.811636e-04
2.550000e-01	8.915430e-04
2.575000e-01	9.064758e-04
2.600000e-01	9.263299e-04
2.625000e-01	9.516186e-04
2.650000e-01	9.830263e-04
2.675000e-01	1.021446e-03
2.700000e-01	1.068033e-03
2.725000e-01	1.124277e-03
2.750000e-01	1.192106e-03
2.775000e-01	1.274025e-03
2.800000e-01	1.373323e-03
2.825000e-01	1.494354e-03
2.850000e-01	1.642955e-03
2.875000e-01	1.827043e-03
2.900000e-01	2.057507e-03
2.925000e-01	2.349518e-03
2.950000e-01	2.724464e-03
2.975000e-01	3.212745e-03
3.000000e-01	3.857546e-03
3.025000e-01	4.719049e-03
3.050000e-01	5.875960e-03
3.075000e-01	7.413489e-03
3.100000e-01	9.368694e-03
3.125000e-01	1.158482e-02
3.150000e-01	1.350124e-02
3.175000e-01	1.423596e-02
3.200000e-01	1.334463e-02
3.225000e-01	1.135768e-02
3.250000e-01	9.149039e-03
3.275000e-01	7.232429e-03
3.300000e-01	5.735184e-03
3.325000e-01	4.610617e-03
3.350000e-01	3.772746e-03
3.375000e-01	3.144561e-03
3.400000e-01	2.667753e-03
3.425000e-01	2.300618e-03
3.450000e-01	2.013814e-03
3.475000e-01	1.786679e-03
3.500000e-01	1.604540e-03
3.525000e-01	1.456841e-03
3.550000e-01	1.335891e-03
3.575000e-01	1.236006e-03
3.600000e-01	1.152929e-03
3.625000e-01	1.083431e-03
3.650000e-01	1.025039e-03
3.675000e-01	9.758302e-04
3.700000e-01	9.343036e-04
3.725000e-01	8.992725e-04
3.750000e-01	8.697939e-04
3.775000e-01	8.451131e-04
3.800000e-01	8.246241e-04
3.825000e-01	8.078386e-04
3.850000e-01	7.943633e-04
3.875000e-01	7.838818e-04
3.900000e-01	7.761416e-04
3.925000e-01	7.709432e-04
3.950000e-01	7.681326e-04
3.975000e-01	7.675949e-04
4.000000e-01	7.692500e-04
4.025000e-01	7.730488e-04
4.050000e-01	7.789716e-04
4.075000e-01	7.870259e-04
4.100000e-01	7.972466e-04
4.125000e-01	8.096955e-04
4.150000e-01	8.244624e-04
4.175000e-01	8.416670e-04
4.200000e-01	8.614611e-04
4.225000e-01	8.840319e-04
4.250000e-01	9.096068e-04
4.275000e-01	9.384589e-04
4.300000e-01	9.709143e-04
4.325000e-01	1.007361e-03
4.350000e-01	1.048261e-03
4.375000e-01	1.094163e-03
4.400000e-01	1.145724e-03
4.425000e-01	1.203727e-03
4.450000e-01	1.269117e-03
4.475000e-01	1.343032e-03
4.500000e-01	1.426858e-03
4.525000e-01	1.522289e-03
4.550000e-01	1.631411e-03
4.575000e-01	1.756816e-03
4.600000e-01	1.901751e-03
4.625000e-01	2.070325e-03
4.650000e-01	2.267783e-03
4.675000e-01	2.500907e-03
4.700000e-01	2.778563e-03
4.725000e-01	3.112488e-03
4.750000e-01	3.518439e-03
4.775000e-01	4.017853e-03
4.800000e-01	4.640317e-03
4.825000e-01	5.427209e-03
4.850000e-01	6.437038e-03
4.875000e-01	7.753001e-03
4.900000e-01	9.492655e-03
4.925000e-01	1.181673e-02
4.950000e-01	1.492427e-02
4.975000e-01	1.899413e-02
5.000000e-01	2.398014e-02
5.025000e-01	2.916726e-02
5.050000e-01	3.280527e-02
5.075000e-01	3.297131e-02
5.100000e-01	2.959038e-02
5.125000e-01	2.452980e-02
5.150000e-01	1.959638e-02
5.175000e-01	1.556578e-02
5.200000e-01	1.251234e-02
5.225000e-01	1.026544e-02
5.250000e-01	8.627623e-03
5.275000e-01	7.439049e-03
5.300000e-01	6.584292e-03
5.325000e-01	5.984210e-03
5.350000e-01	5.586679e-03
5.375000e-01	5.359593e-03
5.400000e-01	5.286425e-03
5.425000e-01	5.364001e-03
5.450000e-01	5.602200e-03
5.475000e-01	6.025524e-03
5.500000e-01	6.676674e-03
5.525000e-01	7.622207e-03
5.550000e-01	8.959341e-03
5.575000e-01	1.081896e-02
5.600000e-01	1.334732e-02
5.625000e-01	1.661881e-02
5.650000e-01	2.039591e-02
5.675000e-01	2.375984e-02
5.700000e-01	2.518216e-02
5.725000e-01	2.377845e-02
5.750000e-01	2.036463e-02
5.775000e-01	1.647365e-02
5.800000e-01	1.305877e-02
5.825000e-01	1.037819e-02
5.850000e-01	8.362506e-03
5.875000e-01	6.863164e-03
5.900000e-01	5.744447e-03
5.925000e-01	4.903351e-03
5.950000e-01	4.266733e-03
5.975000e-01	3.784134e-03
6.000000e-01	3.421499e-03
6.025000e-01	3.156737e-03
6.050000e-01	2.976937e-03
6.075000e-01	2.876877e-03
6.100000e-01	2.858420e-03
6.125000e-01	2.930115e-03
6.150000e-01	3.105118e-03
6.175000e-01	3.392352e-03
6.200000e-01	3.770833e-03
6.225000e-01	4.143584e-03
6.250000e-01	4.324226e-03
6.275000e-01	4.164992e-03
6.300000e-01	3.724236e-03
6.325000e-01	3.192914e-03
6.350000e-01	2.711924e-03
6.375000e-01	2.328412e-03
6.400000e-01	2.038800e-03
6.425000e-01	1.825112e-03
6.450000e-01	1.669868e-03
6.475000e-01	1.559863e-03
6.500000e-01	1.486214e-03
6.525000e-01	1.443615e-03
6.550000e-01	1.429690e-03
6.575000e-01	1.444685e-03
6.600000e-01	1.491504e-03
6.625000e-01	1.576135e-03
6.650000e-01	1.708449e-03
6.675000e-01	1.903265e-03
6.700000e-01	2.181010e-03
6.725000e-01	2.565586e-03
6.750000e-01	3.072600e-03
6.775000e-01	3.674734e-03
6.800000e-01	4.241653e-03
6.825000e-01	4.530113e-03
6.850000e-01	4.361797e-03
6.875000e-01	3.830259e-03
6.900000e-01	3.185938e-03
6.925000e-01	2.604695e-03
6.950000e-01	2.142361e-03
6.975000e-01	1.792286e-03
7.000000e-01	1.530649e-03
7.025000e-01	1.334472e-03
7.050000e-01	1.185971e-03
7.075000e-01	1.072357e-03
7.100000e-01	9.846691e-04
7.125000e-01	9.166693e-04
7.150000e-01	8.640258e-04
7.175000e-01	8.237475e-04
7.200000e-01	7.938109e-04
7.225000e-01	7.729225e-04
7.250000e-01	7.603778e-04
7.275000e-01	7.559944e-04
7.300000e-01	7.601089e-04
7.325000e-01	7.736382e-04
7.350000e-01	7.982159e-04
7.375000e-01	8.364274e-04
7.400000e-01	8.921725e-04
7.425000e-01	9.711827e-04
7.450000e-01	1.081643e-03
7.475000e-01	1.234584e-03
7.500000e-01	1.442787e-03
7.525000e-01	1.714630e-03
7.550000e-01	2.035899e-03
7.575000e-01	2.338226e-03
7.600000e-01	2.493862e-03
7.625000e-01	2.409101e-03
7.650000e-01	2.133089e-03
7.675000e-01	1.797475e-03
7.700000e-01	1.494737e-03
7.725000e-01	1.254253e-03
7.750000e-01	1.072541e-03
7.775000e-01	9.370765e-04
7.800000e-01	8.357704e-04
7.825000e-01	7.592491e-04
7.850000e-01	7.007539e-04
7.875000e-01	6.555221e-04
7.900000e-01	6.202044e-04
7.925000e-01	5.924294e-04
7.950000e-01	5.704991e-04
7.975000e-01	5.531826e-04
8.000000e-01	5.395767e-04
8.025000e-01	5.290115e-04
8.050000e-01	5.209853e-04
8.075000e-01	5.151198e-04
8.100000e-01	5.111288e-04
8.125000e-01	5.087957e-04
8.150000e-01	5.079581e-04
8.175000e-01	5.084956e-04
8.200000e-01	5.103224e-04
8.225000e-01	5.133807e-04
8.250000e-01	5.176370e-04
8.275000e-01	5.230788e-04
8.300000e-01	5.297127e-04
8.325000e-01	5.375638e-04
8.350000e-01	5.466750e-04
8.375000e-01	5.571074e-04
8.400000e-01	5.689413e-04
8.425000e-01	5.822781e-04
8.450000e-01	5.972425e-04
8.475000e-01	6.139858e-04
8.500000e-01	6.326905e-04
8.525000e-01	6.535756e-04
8.550000e-01	6.769040e-04
8.575000e-01	7.029922e-04
8.600000e-01	7.322219e-04
8.625000e-01	7.650561e-04
8.650000e-01	8.020599e-04
8.675000e-01	8.439278e-04
8.700000e-01	8.915203e-04
8.725000e-01	9.459133e-04
8.750000e-01	1.008466e-03
8.775000e-01	1.080913e-03
8.800000e-01	1.165498e-03
8.825000e-01	1.265156e-03
8.850000e-01	1.383783e-03
8.875000e-01	1.526622e-03
8.900000e-01	1.700836e-03
8.925000e-01	1.916351e-03
8.950000e-01	2.187094e-03
8.975000e-01	2.532773e-03
9.000000e-01	2.981259e-03
9.025000e-01	3.571122e-03
9.050000e-01	4.352140e-03
9.075000e-01	5.376258e-03
9.100000e-01	6.659635e-03
9.125000e-01	8.086542e-03
9.150000e-01	9.285382e-03
9.175000e-01	9.720556e-03
9.200000e-01	9.185287e-03
9.225000e-01	8.057806e-03
9.250000e-01	6.864012e-03
9.275000e-01	5.890914e-03
9.300000e-01	5.204239e-03
9.325000e-01	4.777829e-03
9.350000e-01	4.569383e-03
9.375000e-01	4.547058e-03
9.400000e-01	4.695569e-03
9.425000e-01	5.016826e-03
9.450000e-01	5.530649e-03
9.475000e-01	6.277389e-03
9.500000e-01	7.323000e-03
9.525000e-01	8.765953e-03
9.550000e-01	1.074188e-02
9.575000e-01	1.341078e-02
9.600000e-01	1.688323e-02
9.625000e-01	2.099900e-02
9.650000e-01	2.493172e-02
9.675000e-01	2.708941e-02
9.700000e-01	2.623948e-02
9.725000e-01	2.292904e-02
9.750000e-01	1.881321e-02
9.775000e-01	1.509620e-02
9.800000e-01	1.217936e-02
9.825000e-01	1.003532e-02
9.850000e-01	8.517205e-03
9.875000e-01	7.484838e-03
9.900000e-01	6.837437e-03
9.925000e-01	6.515351e-03
9.950000e-01	6.495628e-03
9.975000e-01	6.788170e-03
1.000000e+00	7.431044e-03
1.002500e+00	8.474671e-03
1.005000e+00	9.928018e-03
1.007500e+00	1.162528e-02
1.010000e+00	1.304892e-02
1.012500e+00	1.343956e-02
1.015000e+00	1.247404e-02
1.017500e+00	1.065477e-02
1.020000e+00	8.717293e-03
1.022500e+00	7.070422e-03
1.025000e+00	5.807418e-03
1.027500e+00	4.887216e-03
1.030000e+00	4.242139e-03
1.032500e+00	3.812981e-03
1.035000e+00	3.548255e-03
1.037500e+00	3.385645e-03
1.040000e+00	3.235390e-03
1.042500e+00	3.010101e-03
1.045000e+00	2.696266e-03
1.047500e+00	2.353760e-03
1.050000e+00	2.041230e-03
1.052500e+00	1.781223e-03
1.055000e+00	1.572258e-03
1.057500e+00	1.405020e-03
1.060000e+00	1.269939e-03
1.062500e+00	1.159297e-03
1.065000e+00	1.067327e-03
1.067500e+00	9.898135e-04
1.070000e+00	9.236719e-04
1.072500e+00	8.666210e-04
1.075000e+00	8.169490e-04
1.077500e+00	7.733517e-04
1.080000e+00	7.348198e-04
1.082500e+00	7.005605e-04
1.085000e+00	6.699433e-04
1.087500e+00	6.424603e-04
1.090000e+00	6.176977e-04
1.092500e+00	5.953156e-04
1.095000e+00	5.750320e-04
1.097500e+00	5.566114e-04
1.100000e+00	5.398557e-04
1.102500e+00	5.245978e-04
1.105000e+00	5.106955e-04
1.107500e+00	4.980283e-04
1.110000e+00	4.864932e-04
1.112500e+00	4.760027e-04
1.115000e+00	4.664823e-04
1.117500e+00	4.578693e-04
1.120000e+00	4.501110e-04
1.122500e+00	4.431643e-04
1.125000e+00	4.369942e-04
1.127500e+00	4.315742e-04
1.130000e+00	4.268850e-04
1.132500e+00	4.229152e-04
1.135000e+00	4.196609e-04
1.137500e+00	4.171259e-04
1.140000e+00	4.153226e-04
1.142500e+00	4.142725e-04
1.145000e+00	4.140071e-04
1.147500e+00	4.145697e-04
1.150000e+00	4.160168e-04
1.152500e+00	4.184209e-04
1.155000e+00	4.218734e-04
1.157500e+00	4.264891e-04
1.160000e+00	4.324109e-04
1.162500e+00	4.398179e-04
1.165000e+00	4.489337e-04
1.167500e+00	4.600397e-04
1.170000e+00	4.734917e-04
1.172500e+00	4.897429e-04
1.175000e+00	5.093754e-04
1.177500e+00	5.331447e-04
1.180000e+00	5.620415e-04
1.182500e+00	5.973809e-04
1.185000e+00	6.409311e-04
1.187500e+00	6.951015e-04
1.190000e+00	7.632209e-04
1.192500e+00	8.499478e-04
1.195000e+00	9.618739e-04
1.197500e+00	1.108377e-03
1.200000e+00	1.302719e-03
1.202500e+00	1.563050e-03
1.205000e+00	1.911912e-03
1.207500e+00	2.369752e-03
1.210000e+00	2.932037e-03
1.212500e+00	3.519222e-03
1.215000e+00	3.934119e-03
1.217500e+00	3.956641e-03
1.220000e+00	3.573615e-03
1.222500e+00	2.995201e-03
1.225000e+00	2.428155e-03
1.227500e+00	1.962269e-03
1.230000e+00	1.606625e-03
1.232500e+00	1.341797e-03
1.235000e+00	1.145023e-03
1.237500e+00	9.976842e-04
1.240000e+00	8.861081e-04
1.242500e+00	8.006168e-04
1.245000e+00	7.344143e-04
1.247500e+00	6.827085e-04
1.250000e+00	6.420871e-04
1.252500e+00	6.100909e-04
1.255000e+00	5.849267e-04
1.257500e+00	5.652716e-04
1.260000e+00	5.501405e-04
1.262500e+00	5.387943e-04
1.265000e+00	5.306764e-04
1.267500e+00	5.253674e-04
1.270000e+00	5.225535e-04
1.272500e+00	5.220036e-04
1.275000e+00	5.235532e-04
1.277500e+00	5.270925e-04
1.280000e+00	5.325582e-04
1.282500e+00	5.399285e-04
1.285000e+00	5.492194e-04
1.287500e+00	5.604830e-04
1.290000e+00	5.738077e-04
1.292500e+00	5.893196e-04
1.295000e+00	6.071854e-04
1.297500e+00	6.276169e-04
1.300000e+00	6.508772e-04
1.302500e+00	6.772897e-04
1.305000e+00	7.072491e-04
1.307500e+00	7.412360e-04
1.310000e+00	7.798363e-04
1.312500e+00	8.237662e-04
1.315000e+00	8.739046e-04
1.317500e+00	9.313365e-04
1.320000e+00	9.974101e-04
1.322500e+00	1.073814e-03
1.325000e+00	1.162682e-03
1.327500e+00	1.266736e-03
1.330000e+00	1.389485e-03
1.332500e+00	1.535504e-03
1.335000e+00	1.710836e-03
1.337500e+00	1.923559e-03
1.340000e+00	2.184630e-03
1.342500e+00	2.509117e-03
1.345000e+00	2.918018e-03
1.347500e+00	3.440955e-03
1.350000e+00	4.120024e-03
1.352500e+00	5.014945e-03
1.355000e+00	6.208528e-03
1.357500e+00	7.807589e-03
1.360000e+00	9.922802e-03
1.362500e+00	1.258501e-02
1.365000e+00	1.553475e-02
1.367500e+00	1.795473e-02
1.370000e+00	1.868049e-02
1.372500e+00	1.727580e-02
1.375000e+00	1.456790e-02
1.377500e+00	1.168633e-02
1.380000e+00	9.235819e-03
1.382500e+00	7.341815e-03
1.385000e+00	5.929652e-03
1.387500e+00	4.885443e-03
1.390000e+00	4.110584e-03
1.392500e+00	3.531400e-03
1.395000e+00	3.095621e-03
1.397500e+00	2.766795e-03
1.400000e+00	2.519603e-03
1.402500e+00	2.336490e-03
1.405000e+00	2.205374e-03
1.407500e+00	2.118132e-03
1.410000e+00	2.069630e-03
1.412500e+00	2.057140e-03
1.415000e+00	2.080034e-03
1.417500e+00	2.139720e-03
1.420000e+00	2.239806e-03
1.422500e+00	2.386504e-03
1.425000e+00	2.589369e-03
1.427500e+00	2.862470e-03
1.430000e+00	3.226203e-03
1.432500e+00	3.709990e-03
1.435000e+00	4.356176e-03
1.437500e+00	5.225133e-03
1.440000e+00	6.400287e-03
1.442500e+00	7.987221e-03
1.445000e+00	1.008785e-02
1.447500e+00	1.270348e-02
1.450000e+00	1.550983e-02
1.452500e+00	1.762499e-02
1.455000e+00	1.795563e-02
1.457500e+00	1.628784e-02
1.460000e+00	1.355245e-02
1.462500e+00	1.078556e-02
1.465000e+00	8.477825e-03
1.467500e+00	6.701787e-03
1.470000e+00	5.371732e-03
1.472500e+00	4.377831e-03
1.475000e+00	3.628271e-03
1.477500e+00	3.055105e-03
1.480000e+00	2.610083e-03
1.482500e+00	2.259280e-03
1.485000e+00	1.978751e-03
1.487500e+00	1.751421e-03
1.490000e+00	1.564954e-03
1.492500e+00	1.410315e-03
1.495000e+00	1.280792e-03
1.497500e+00	1.171333e-03
1.500000e+00	1.078086e-03
1.502500e+00	9.980780e-04
1.505000e+00	9.289909e-04
1.507500e+00	8.689973e-04
1.510000e+00	8.166435e-04
1.512500e+00	7.707636e-04
1.515000e+00	7.304152e-04
1.517500e+00	6.948319e-04
1.520000e+00	6.633869e-04
1.522500e+00	6.355654e-04
1.525000e+00	6.109437e-04
1.527500e+00	5.891726e-04
1.530000e+00	5.699652e-04
1.532500e+00	5.530868e-04
1.535000e+00	5.383478e-04
1.537500e+00	5.255980e-04
1.540000e+00	5.147227e-04
1.542500e+00	5.056399e-04
1.545000e+00	4.982989e-04
1.547500e+00	4.926803e-04
1.550000e+00	4.887967e-04
1.552500e+00	4.866955e-04
1.555000e+00	4.864626e-04
1.557500e+00	4.882288e-04
1.560000e+00	4.921781e-04
1.562500e+00	4.985603e-04
1.565000e+00	5.077074e-04
1.567500e+00	5.200572e-04
1.570000e+00	5.361852e-04
1.572500e+00	5.568505e-04
1.575000e+00	5.830596e-04
1.577500e+00	6.161586e-04
1.580000e+00	6.579668e-04
1.582500e+00	7.109713e-04
1.585000e+00	7.786155e-04
1.587500e+00	8.657252e-04
1.590000e+00	9.791343e-04
1.592500e+00	1.128573e-03
1.595000e+00	1.327813e-03
1.597500e+00	1.595747e-03
1.600000e+00	1.955962e-03
1.602500e+00	2.430273e-03
1.605000e+00	3.015481e-03
1.607500e+00	3.631639e-03
1.610000e+00	4.075182e-03
1.612500e+00	4.111574e-03
1.615000e+00	3.717114e-03
1.617500e+00	3.108435e-03
1.620000e+00	2.506263e-03
1.622500e+00	2.008948e-03
1.625000e+00	1.627845e-03
1.627500e+00	1.342946e-03
1.630000e+00	1.130227e-03
1.632500e+00	9.699130e-04
1.635000e+00	8.474505e-04
1.637500e+00	7.525226e-04
1.640000e+00	6.778783e-04
1.642500e+00	6.183982e-04
1.645000e+00	5.704301e-04
1.647500e+00	5.313347e-04
1.650000e+00	4.991779e-04
1.652500e+00	4.725236e-04
1.655000e+00	4.502912e-04
1.657500e+00	4.316577e-04
1.660000e+00	4.159890e-04
1.662500e+00	4.027920e-04
1.665000e+00	3.916795e-04
1.667500e+00	3.823450e-04
1.670000e+00	3.745444e-04
1.672500e+00	3.680823e-04
1.675000e+00	3.628016e-04
1.677500e+00	3.585762e-04
1.680000e+00	3.553044e-04
1.682500e+00	3.529050e-04
1.685000e+00	3.513138e-04
1.687500e+00	3.504805e-04
1.690000e+00	3.503671e-04
1.692500e+00	3.509461e-04
1.695000e+00	3.521996e-04
1.697500e+00	3.541179e-04
1.700000e+00	3.566997e-04
1.702500e+00	3.599509e-04
1.705000e+00	3.638850e-04
1.707500e+00	3.685230e-04
1.710000e+00	3.738935e-04
1.712500e+00	3.800333e-04
1.715000e+00	3.869878e-04
1.717500e+00	3.948118e-04
1.720000e+00	4.035708e-04
1.722500e+00	4.133419e-04
1.725000e+00	4.242159e-04
1.727500e+00	4.362988e-04
1.730000e+00	4.497150e-04
1.732500e+00	4.646097e-04
1.735000e+00	4.811531e-04
1.737500e+00	4.995449e-04
1.740000e+00	5.200203e-04
1.742500e+00	5.428570e-04
1.745000e+00	5.683850e-04
1.747500e+00	5.969972e-04
1.750000e+00	6.291651e-04
1.752500e+00	6.654570e-04
1.755000e+00	7.065627e-04
1.757500e+00	7.533252e-04
1.760000e+00	8.067828e-04
1.762500e+00	8.682248e-04
1.765000e+00	9.392662e-04
1.767500e+00	1.021950e-03
1.770000e+00	1.118886e-03
1.772500e+00	1.233449e-03
1.775000e+00	1.370047e-03
1.777500e+00	1.534523e-03
1.780000e+00	1.734712e-03
1.782500e+00	1.981280e-03
1.785000e+00	2.288942e-03
1.787500e+00	2.678274e-03
1.790000e+00	3.178371e-03
1.792500e+00	3.830615e-03
1.795000e+00	4.693534e-03
1.797500e+00	5.847362e-03
1.800000e+00	7.392196e-03
1.802500e+00	9.420405e-03
1.805000e+00	1.191774e-02
1.807500e+00	1.454367e-02
1.810000e+00	1.643376e-02
1.812500e+00	1.659576e-02
1.815000e+00	1.493434e-02
1.817500e+00	1.236990e-02
1.820000e+00	9.836277e-03
1.822500e+00	7.748393e-03
1.825000e+00	6.153657e-03
1.827500e+00	4.967313e-03
1.830000e+00	4.087897e-03
1.832500e+00	3.432078e-03
1.835000e+00	2.938710e-03
1.837500e+00	2.564687e-03
1.840000e+00	2.280006e-03
1.842500e+00	2.063860e-03
1.845000e+00	1.901878e-03
1.847500e+00	1.784281e-03
1.850000e+00	1.704689e-03
1.852500e+00	1.659399e-03
1.855000e+00	1.646998e-03
1.857500e+00	1.668273e-03
1.860000e+00	1.726384e-03
1.862500e+00	1.827357e-03
1.865000e+00	1.980960e-03
1.867500e+00	2.202083e-03
1.870000e+00	2.512725e-03
1.872500e+00	2.944404e-03
1.875000e+00	3.539748e-03
1.877500e+00	4.348510e-03
1.880000e+00	5.404430e-03
1.882500e+00	6.656046e-03
1.885000e+00	7.844195e-03
1.887500e+00	8.474550e-03
1.890000e+00	8.170730e-03
1.892500e+00	7.108683e-03
1.895000e+00	5.800027e-03
1.897500e+00	4.612406e-03
1.900000e+00	3.665685e-03
1.902500e+00	2.948256e-03
1.905000e+00	2.411571e-03
1.907500e+00	2.008252e-03
1.910000e+00	1.701434e-03
1.912500e+00	1.464496e-03
1.915000e+00	1.278658e-03
1.917500e+00	1.130700e-03
1.920000e+00	1.011249e-03
1.922500e+00	9.135769e-04
1.925000e+00	8.327880e-04
1.927500e+00	7.652715e-04
1.930000e+00	7.083259e-04
1.932500e+00	6.599038e-04
1.935000e+00	6.184343e-04
1.937500e+00	5.826983e-04
1.940000e+00	5.517395e-04
1.942500e+00	5.248012e-04
1.945000e+00	5.012790e-04
1.947500e+00	4.806870e-04
1.950000e+00	4.626322e-04
1.952500e+00	4.467950e-04
1.955000e+00	4.329148e-04
1.957500e+00	4.207794e-04
1.960000e+00	4.102156e-04
1.962500e+00	4.010835e-04
1.965000e+00	3.932713e-04
1.967500e+00	3.866913e-04
1.970000e+00	3.812778e-04
1.972500e+00	3.769845e-04
1.975000e+00	3.737838e-04
1.977500e+00	3.716660e-04
1.980000e+00	3.706397e-04
1.982500e+00	3.707326e-04
1.985000e+00	3.719930e-04
1.987500e+00	3.744922e-04
1.990000e+00	3.783279e-04
1.992500e+00	3.836295e-04
1.995000e+00	3.905640e-04
1.997500e+00	3.993450e-04
2.000000e+00	4.102445e-04
2.002500e+00	4.236084e-04
2.005000e+00	4.398783e-04
2.007500e+00	4.596206e-04
2.010000e+00	4.835672e-04
2.012500e+00	5.126722e-04
2.015000e+00	5.481924e-04
2.017500e+00	5.918025e-04
2.020000e+00	6.457622e-04
2.022500e+00	7.131613e-04
2.025000e+00	7.982816e-04
2.027500e+00	9.071324e-04
2.030000e+00	1.048233e-03
2.032500e+00	1.233705e-03
2.035000e+00	1.480630e-03
2.037500e+00	1.812117e-03
2.040000e+00	2.255882e-03
2.042500e+00	2.833804e-03
2.045000e+00	3.528432e-03
2.047500e+00	4.217589e-03
2.050000e+00	4.640687e-03
2.052500e+00	4.560035e-03
2.055000e+00	4.025247e-03
2.057500e+00	3.311612e-03
2.060000e+00	2.643837e-03
2.062500e+00	2.105434e-03
2.065000e+00	1.696652e-03
2.067500e+00	1.391765e-03
2.070000e+00	1.163934e-03
2.072500e+00	9.918721e-04
2.075000e+00	8.601089e-04
2.077500e+00	7.577200e-04
2.080000e+00	6.770261e-04
2.082500e+00	6.125946e-04
2.085000e+00	5.605395e-04
2.087500e+00	5.180438e-04
2.090000e+00	4.830375e-04
2.092500e+00	4.539787e-04
2.095000e+00	4.297043e-04
2.097500e+00	4.093262e-04
2.100000e+00	3.921590e-04
2.102500e+00	3.776684e-04
2.105000e+00	3.654345e-04
2.107500e+00	3.551243e-04
2.110000e+00	3.464727e-04
2.112500e+00	3.392676e-04
2.115000e+00	3.333385e-04
2.117500e+00	3.285487e-04
2.120000e+00	3.247890e-04
2.122500e+00	3.219723e-04
2.125000e+00	3.200306e-04
2.127500e+00	3.189119e-04
2.130000e+00	3.185779e-04
2.132500e+00	3.190028e-04
2.135000e+00	3.201719e-04
2.137500e+00	3.220809e-04
2.140000e+00	3.247352e-04
2.142500e+00	3.281504e-04
2.145000e+00	3.323519e-04
2.147500e+00	3.373753e-04
2.150000e+00	3.432674e-04
2.152500e+00	3.500870e-04
2.155000e+00	3.579064e-04
2.157500e+00	3.668130e-04
2.160000e+00	3.769116e-04
2.162500e+00	3.883274e-04
2.165000e+00	4.012094e-04
2.167500e+00	4.157351e-04
2.170000e+00	4.321160e-04
2.172500e+00	4.506047e-04
2.175000e+00	4.715041e-04
2.177500e+00	4.951792e-04
2.180000e+00	5.220713e-04
2.182500e+00	5.527183e-04
2.185000e+00	5.877789e-04
2.187500e+00	6.280665e-04
2.190000e+00	6.745931e-04
2.192500e+00	7.286290e-04
2.195000e+00	7.917838e-04
2.197500e+00	8.661176e-04
2.200000e+00	9.542967e-04
2.202500e+00	1.059813e-03
2.205000e+00	1.187295e-03
2.207500e+00	1.342967e-03
2.210000e+00	1.535307e-03
2.212500e+00	1.776027e-03
2.215000e+00	2.081525e-03
2.217500e+00	2.475008e-03
2.220000e+00	2.989489e-03
2.222500e+00	3.671621e-03
2.225000e+00	4.585132e-03
2.227500e+00	5.808690e-03
2.230000e+00	7.412058e-03
2.232500e+00	9.373527e-03
2.235000e+00	1.140300e-02
2.237500e+00	1.280191e-02
2.240000e+00	1.281788e-02
2.242500e+00	1.144077e-02
2.245000e+00	9.415350e-03
2.247500e+00	7.447526e-03
2.250000e+00	5.835247e-03
2.252500e+00	4.603700e-03
2.255000e+00	3.683893e-03
2.257500e+00	2.996976e-03
2.260000e+00	2.478849e-03
2.262500e+00	2.082532e-03
2.265000e+00	1.774763e-03
2.267500e+00	1.532167e-03
2.270000e+00	1.338224e-03
2.272500e+00	1.181140e-03
2.275000e+00	1.052378e-03
2.277500e+00	9.456741e-04
2.280000e+00	8.563690e-04
2.282500e+00	7.809484e-04
2.285000e+00	7.167290e-04
2.287500e+00	6.616374e-04
2.290000e+00	6.140531e-04
2.292500e+00	5.726968e-04
2.295000e+00	5.365486e-04
2.297500e+00	5.047879e-04
2.300000e+00	4.767493e-04
2.302500e+00	4.518887e-04
2.305000e+00	4.297582e-04
2.307500e+00	4.099867e-04
2.310000e+00	3.922643e-04
2.312500e+00	3.763314e-04
2.315000e+00	3.619690e-04
2.317500e+00	3.489914e-04
2.320000e+00	3.372409e-04
2.322500e+00	3.265825e-04
2.325000e+00	3.169008e-04
2.327500e+00	3.080968e-04
2.330000e+00	3.000850e-04
2.332500e+00	2.927915e-04
2.335000e+00	2.861507e-04
2.337500e+00	2.801010e-04
2.340000e+00	2.745820e-04
2.342500e+00	2.695404e-04
2.345000e+00	2.649404e-04
2.347500e+00	2.607613e-04
2.350000e+00	2.569850e-04
2.352500e+00	2.535912e-04
2.355000e+00	2.505593e-04
2.357500e+00	2.478708e-04
2.360000e+00	2.455101e-04
2.362500e+00	2.434643e-04
2.365000e+00	2.417238e-04
2.367500e+00	2.402815e-04
2.370000e+00	2.391327e-04
2.372500e+00	2.382755e-04
2.375000e+00	2.377106e-04
2.377500e+00	2.374411e-04
2.380000e+00	2.374728e-04
2.382500e+00	2.378146e-04
2.385000e+00	2.384783e-04
2.387500e+00	2.394795e-04
2.390000e+00	2.408374e-04
2.392500e+00	2.425757e-04
2.395000e+00	2.447229e-04
2.397500e+00	2.473138e-04
2.400000e+00	2.503897e-04
2.402500e+00	2.540000e-04
2.405000e+00	2.582038e-04
2.407500e+00	2.630719e-04
2.410000e+00	2.686890e-04
2.412500e+00	2.751571e-04
2.415000e+00	2.825991e-04
2.417500e+00	2.911645e-04
2.420000e+00	3.010356e-04
2.422500e+00	3.124365e-04
2.425000e+00	3.256442e-04
2.427500e+00	3.410046e-04
2.430000e+00	3.589526e-04
2.432500e+00	3.800408e-04
2.435000e+00	4.049783e-04
2.437500e+00	4.346854e-04
2.440000e+00	4.703704e-04
2.442500e+00	5.136410e-04
2.445000e+00	5.666640e-04
2.447500e+00	6.324018e-04
2.450000e+00	7.149596e-04
2.452500e+00	8.201005e-04
2.455000e+00	9.559954e-04
2.457500e+00	1.134267e-03
2.460000e+00	1.371262e-03
2.462500e+00	1.688975e-03
2.465000e+00	2.113380e-03
2.467500e+00	2.663601e-03
2.470000e+00	3.318408e-03
2.472500e+00	3.953865e-03
2.475000e+00	4.320138e-03
2.477500e+00	4.208547e-03
2.480000e+00	3.688417e-03
2.482500e+00	3.021335e-03
2.485000e+00	2.407206e-03
2.487500e+00	1.915701e-03
2.490000e+00	1.543780e-03
2.492500e+00	1.266867e-03
2.495000e+00	1.060220e-03
2.497500e+00	9.044185e-04
2.500000e+00	7.854031e-04
2.502500e+00	6.932616e-04
2.505000e+00	6.210309e-04
2.507500e+00	5.637888e-04
2.510000e+00	5.180195e-04
2.512500e+00	4.811810e-04
2.515000e+00	4.514143e-04
2.517500e+00	4.273457e-04
2.520000e+00	4.079521e-04
2.522500e+00	3.924684e-04
2.525000e+00	3.803228e-04
2.527500e+00	3.710922e-04
2.530000e+00	3.644705e-04
2.532500e+00	3.602478e-04
2.535000e+00	3.582956e-04
2.537500e+00	3.585586e-04
2.540000e+00	3.610518e-04
2.542500e+00	3.658614e-04
2.545000e+00	3.731502e-04
2.547500e+00	3.831684e-04
2.550000e+00	3.962707e-04
2.552500e+00	4.129419e-04
2.555000e+00	4.338339e-04
2.557500e+00	4.598186e-04
2.560000e+00	4.920646e-04
2.562500e+00	5.321471e-04
2.565000e+00	5.822088e-04
2.567500e+00	6.451965e-04
2.570000e+00	7.252114e-04
2.572500e+00	8.280273e-04
2.575000e+00	9.618448e-04
2.577500e+00	1.138337e-03
2.580000e+00	1.373913e-03
2.582500e+00	1.690571e-03
2.585000e+00	2.114002e-03
2.587500e+00	2.662122e-03
2.590000e+00	3.310426e-03
2.592500e+00	3.929673e-03
2.595000e+00	4.269068e-03
2.597500e+00	4.132058e-03
2.600000e+00	3.602173e-03
2.602500e+00	2.940088e-03
2.605000e+00	2.336614e-03
2.607500e+00	1.855283e-03
2.610000e+00	1.491059e-03
2.612500e+00	1.219318e-03
2.615000e+00	1.015805e-03
2.617500e+00	8.616020e-04
2.620000e+00	7.430389e-04
2.622500e+00	6.504753e-04
2.625000e+00	5.771304e-04
2.627500e+00	5.182004e-04
2.630000e+00	4.702417e-04
2.632500e+00	4.307522e-04
2.635000e+00	3.978885e-04
2.637500e+00	3.702734e-04
2.640000e+00	3.468645e-04
2.642500e+00	3.268631e-04
2.645000e+00	3.096497e-04
2.647500e+00	2.947389e-04
2.650000e+00	2.817462e-04
2.652500e+00	2.703647e-04
2.655000e+00	2.603468e-04
2.657500e+00	2.514915e-04
2.660000e+00	2.436338e-04
2.662500e+00	2.366362e-04
2.665000e+00	2.303811e-04
2.667500e+00	2.247675e-04
2.670000e+00	2.197131e-04
2.672500e+00	2.151551e-04
2.675000e+00	2.110430e-04
2.677500e+00	2.073322e-04
2.680000e+00	2.039824e-04
2.682500e+00	2.009577e-04
2.685000e+00	1.982272e-04
2.687500e+00	1.957644e-04
2.690000e+00	1.935464e-04
2.692500e+00	1.915536e-04
2.695000e+00	1.897695e-04
2.697500e+00	1.881797e-04
2.700000e+00	1.867724e-04
2.702500e+00	1.855376e-04
2.705000e+00	1.844670e-04
2.707500e+00	1.835544e-04
2.710000e+00	1.827951e-04
2.712500e+00	1.821860e-04
2.715000e+00	1.817260e-04
2.717500e+00	1.814161e-04
2.720000e+00	1.812593e-04
2.722500e+00	1.812611e-04
2.725000e+00	1.814279e-04
2.727500e+00	1.817637e-04
2.730000e+00	1.822596e-04
2.732500e+00	1.828834e-04
2.735000e+00	1.835926e-04
2.737500e+00	1.843835e-04
2.740000e+00	1.853072e-04
2.742500e+00	1.864255e-04
2.745000e+00	1.877784e-04
2.747500e+00	1.893896e-04
2.750000e+00	1.912785e-04
2.752500e+00	1.934673e-04
2.755000e+00	1.959841e-04
2.757500e+00	1.988641e-04
2.760000e+00	2.021504e-04
2.762500e+00	2.058960e-04
2.765000e+00	2.101646e-04
2.767500e+00	2.150339e-04
2.770000e+00	2.205982e-04
2.772500e+00	2.269727e-04
2.775000e+00	2.342986e-04
2.777500e+00	2.427508e-04
2.780000e+00	2.525474e-04
2.782500e+00	2.639620e-04
2.785000e+00	2.773424e-04
2.787500e+00	2.931338e-04
2.790000e+00	3.119137e-04
2.792500e+00	3.344394e-04
2.795000e+00	3.617164e-04
2.797500e+00	3.950989e-04
2.800000e+00	4.364344e-04
2.802500e+00	4.882802e-04
2.805000e+00	5.542213e-04
2.807500e+00	6.393362e-04
2.810000e+00	7.508505e-04
2.812500e+00	8.989521e-04
2.815000e+00	1.097458e-03
2.817500e+00	1.363072e-03
2.820000e+00	1.709415e-03
2.822500e+00	2.127554e-03
2.825000e+00	2.547010e-03
2.827500e+00	2.812854e-03
2.830000e+00	2.777392e-03
2.832500e+00	2.462564e-03
2.835000e+00	2.032653e-03
2.837500e+00	1.626699e-03
2.840000e+00	1.298112e-03
2.842500e+00	1.048254e-03
2.845000e+00	8.618221e-04
2.847500e+00	7.225129e-04
2.850000e+00	6.173234e-04
2.852500e+00	5.367890e-04
2.855000e+00	4.742239e-04
2.857500e+00	4.249187e-04
2.860000e+00	3.855045e-04
2.862500e+00	3.534999e-04
2.865000e+00	3.270651e-04
2.867500e+00	3.049215e-04
2.870000e+00	2.862300e-04
2.872500e+00	2.703832e-04
2.875000e+00	2.568825e-04
2.877500e+00	2.453103e-04
2.880000e+00	2.353261e-04
2.882500e+00	2.266569e-04
2.885000e+00	2.190845e-04
2.887500e+00	2.124335e-04
2.890000e+00	2.065627e-04
2.892500e+00	2.013568e-04
2.895000e+00	1.967213e-04
2.897500e+00	1.925780e-04
2.900000e+00	1.888617e-04
2.902500e+00	1.855181e-04
2.905000e+00	1.825012e-04
2.907500e+00	1.797719e-04
2.910000e+00	1.772973e-04
2.912500e+00	1.750488e-04
2.915000e+00	1.730022e-04
2.917500e+00	1.711364e-04
2.920000e+00	1.694332e-04
2.922500e+00	1.678770e-04
2.925000e+00	1.664539e-04
2.927500e+00	1.651520e-04
2.930000e+00	1.639608e-04
2.932500e+00	1.628713e-04
2.935000e+00	1.618755e-04
2.937500e+00	1.609663e-04
2.940000e+00	1.601379e-04
2.942500e+00	1.593849e-04
2.945000e+00	1.587028e-04
2.947500e+00	1.580878e-04
2.950000e+00	1.575367e-04
2.952500e+00	1.570470e-04
2.955000e+00	1.566168e-04
2.957500e+00	1.562446e-04
2.960000e+00	1.559298e-04
2.962500e+00	1.556724e-04
2.965000e+00	1.554733e-04
2.967500e+00	1.553345e-04
2.970000e+00	1.552590e-04
2.972500e+00	1.552517e-04
2.975000e+00	1.553195e-04
2.977500e+00	1.554724e-04
2.980000e+00	1.557237e-04
2.982500e+00	1.560898e-04
2.985000e+00	1.565864e-04
2.987500e+00	1.572145e-04
2.990000e+00	1.579330e-04
2.992500e+00	1.586413e-04
2.995000e+00	1.592441e-04
2.997500e+00	1.597719e-04
