#omega	spectral weight
-6.000000e+00	1.506181e-05
-5.997500e+00	1.506723e-05
-5.995000e+00	1.507266e-05
-5.992500e+00	1.507809e-05
-5.990000e+00	1.508352e-05
-5.987500e+00	1.508895e-05
-5.985000e+00	1.509439e-05
-5.982500e+00	1.509983e-05
-5.980000e+00	1.510528e-05
-5.977500e+00	1.511073e-05
-5.975000e+00	1.511618e-05
-5.972500e+00	1.512163e-05
-5.970000e+00	1.512709e-05
-5.967500e+00	1.513255e-05
-5.965000e+00	1.513801e-05
-5.962500e+00	1.514348e-05
-5.960000e+00	1.514895e-05
-5.957500e+00	1.515442e-05
-5.955000e+00	1.515990e-05
-5.952500e+00	1.516538e-05
-5.950000e+00	1.517086e-05
-5.947500e+00	1.517635e-05
-5.945000e+00	1.518184e-05
-5.942500e+00	1.518733e-05
-5.940000e+00	1.519283e-05
-5.937500e+00	1.519832e-05
-5.935000e+00	1.520383e-05
-5.932500e+00	1.520933e-05
-5.930000e+00	1.521484e-05
-5.927500e+00	1.522035e-05
-5.925000e+00	1.522586e-05
-5.922500e+00	1.523138e-05
-5.920000e+00	1.523690e-05
-5.917500e+00	1.524243e-05
-5.915000e+00	1.524795e-05
-5.912500e+00	1.525348e-05
-5.910000e+00	1.525902e-05
-5.907500e+00	1.526456e-05
-5.905000e+00	1.527010e-05
-5.902500e+00	1.527564e-05
-5.900000e+00	1.528118e-05
-5.897500e+00	1.528673e-05
-5.895000e+00	1.529229e-05
-5.892500e+00	1.529784e-05
-5.890000e+00	1.530340e-05
-5.887500e+00	1.530897e-05
-5.885000e+00	1.531453e-05
-5.882500e+00	1.532010e-05
-5.880000e+00	1.532567e-05
-5.877500e+00	1.533125e-05
-5.875000e+00	1.533683e-05
-5.872500e+00	1.534241e-05
-5.870000e+00	1.534799e-05
-5.867500e+00	1.535358e-05
-5.865000e+00	1.535917e-05
-5.862500e+00	1.536477e-05
-5.860000e+00	1.537037e-05
-5.857500e+00	1.537597e-05
-5.855000e+00	1.538157e-05
-5.852500e+00	1.538718e-05
-5.850000e+00	1.539279e-05
-5.847500e+00	1.539841e-05
-5.845000e+00	1.540403e-05
-5.842500e+00	1.540965e-05
-5.840000e+00	1.541527e-05
-5.837500e+00	1.542090e-05
-5.835000e+00	1.542653e-05
-5.832500e+00	1.543216e-05
-5.830000e+00	1.543780e-05
-5.827500e+00	1.544344e-05
-5.825000e+00	1.544909e-05
-5.822500e+00	1.545473e-05
-5.820000e+00	1.546039e-05
-5.817500e+00	1.546604e-05
-5.815000e+00	1.547170e-05
-5.812500e+00	1.547736e-05
-5.810000e+00	1.548302e-05
-5.807500e+00	1.548869e-05
-5.805000e+00	1.549436e-05
-5.802500e+00	1.550003e-05
-5.800000e+00	1.550571e-05
-5.797500e+00	1.551139e-05
-5.795000e+00	1.551707e-05
-5.792500e+00	1.552276e-05
-5.790000e+00	1.552845e-05
-5.787500e+00	1.553415e-05
-5.785000e+00	1.553984e-05
-5.782500e+00	1.554554e-05
-5.780000e+00	1.555125e-05
-5.777500e+00	1.555696e-05
-5.775000e+00	1.556267e-05
-5.772500e+00	1.556838e-05
-5.770000e+00	1.557410e-05
-5.767500e+00	1.557982e-05
-5.765000e+00	1.558554e-05
-5.762500e+00	1.559127e-05
-5.760000e+00	1.559700e-05
-5.757500e+00	1.560274e-05
-5.755000e+00	1.560847e-05
-5.752500e+00	1.561421e-05
-5.750000e+00	1.561996e-05
-5.747500e+00	1.562571e-05
-5.745000e+00	1.563146e-05
-5.742500e+00	1.563721e-05
-5.740000e+00	1.564297e-05
-5.737500e+00	1.564873e-05
-5.735000e+00	1.565450e-05
-5.732500e+00	1.566026e-05
-5.730000e+00	1.566604e-05
-5.727500e+00	1.567181e-05
-5.725000e+00	1.567759e-05
-5.722500e+00	1.568337e-05
-5.720000e+00	1.568916e-05
-5.717500e+00	1.569495e-05
-5.715000e+00	1.570074e-05
-5.712500e+00	1.570653e-05
-5.710000e+00	1.571233e-05
-5.707500e+00	1.571813e-05
-5.705000e+00	1.572394e-05
-5.702500e+00	1.572975e-05
-5.700000e+00	1.573556e-05
-5.697500e+00	1.574138e-05
-5.695000e+00	1.574720e-05
-5.692500e+00	1.575302e-05
-5.690000e+00	1.575885e-05
-5.687500e+00	1.576468e-05
-5.685000e+00	1.577051e-05
-5.682500e+00	1.577635e-05
-5.680000e+00	1.578219e-05
-5.677500e+00	1.578803e-05
-5.675000e+00	1.579388e-05
-5.672500e+00	1.579973e-05
-5.670000e+00	1.580558e-05
-5.667500e+00	1.581144e-05
-5.665000e+00	1.581730e-05
-5.662500e+00	1.582317e-05
-5.660000e+00	1.582904e-05
-5.657500e+00	1.583491e-05
-5.655000e+00	1.584078e-05
-5.652500e+00	1.584666e-05
-5.650000e+00	1.585254e-05
-5.647500e+00	1.585843e-05
-5.645000e+00	1.586432e-05
-5.642500e+00	1.587021e-05
-5.640000e+00	1.587611e-05
-5.637500e+00	1.588201e-05
-5.635000e+00	1.588791e-05
-5.632500e+00	1.589382e-05
-5.630000e+00	1.589973e-05
-5.627500e+00	1.590564e-05
-5.625000e+00	1.591156e-05
-5.622500e+00	1.591748e-05
-5.620000e+00	1.592340e-05
-5.617500e+00	1.592933e-05
-5.615000e+00	1.593526e-05
-5.612500e+00	1.594120e-05
-5.610000e+00	1.594714e-05
-5.607500e+00	1.595308e-05
-5.605000e+00	1.595903e-05
-5.602500e+00	1.596498e-05
-5.600000e+00	1.597093e-05
-5.597500e+00	1.597689e-05
-5.595000e+00	1.598285e-05
-5.592500e+00	1.598881e-05
-5.590000e+00	1.599478e-05
-5.587500e+00	1.600075e-05
-5.585000e+00	1.600672e-05
-5.582500e+00	1.601270e-05
-5.580000e+00	1.601868e-05
-5.577500e+00	1.602467e-05
-5.575000e+00	1.603066e-05
-5.572500e+00	1.603665e-05
-5.570000e+00	1.604264e-05
-5.567500e+00	1.604864e-05
-5.565000e+00	1.605465e-05
-5.562500e+00	1.606065e-05
-5.560000e+00	1.606666e-05
-5.557500e+00	1.607268e-05
-5.555000e+00	1.607870e-05
-5.552500e+00	1.608472e-05
-5.550000e+00	1.609074e-05
-5.547500e+00	1.609677e-05
-5.545000e+00	1.610280e-05
-5.542500e+00	1.610884e-05
-5.540000e+00	1.611488e-05
-5.537500e+00	1.612092e-05
-5.535000e+00	1.612697e-05
-5.532500e+00	1.613302e-05
-5.530000e+00	1.613907e-05
-5.527500e+00	1.614513e-05
-5.525000e+00	1.615119e-05
-5.522500e+00	1.615726e-05
-5.520000e+00	1.616333e-05
-5.517500e+00	1.616940e-05
-5.515000e+00	1.617547e-05
-5.512500e+00	1.618155e-05
-5.510000e+00	1.618764e-05
-5.507500e+00	1.619372e-05
-5.505000e+00	1.619982e-05
-5.502500e+00	1.620591e-05
-5.500000e+00	1.621201e-05
-5.497500e+00	1.621811e-05
-5.495000e+00	1.622422e-05
-5.492500e+00	1.623032e-05
-5.490000e+00	1.623644e-05
-5.487500e+00	1.624255e-05
-5.485000e+00	1.624868e-05
-5.482500e+00	1.625480e-05
-5.480000e+00	1.626093e-05
-5.477500e+00	1.626706e-05
-5.475000e+00	1.627319e-05
-5.472500e+00	1.627933e-05
-5.470000e+00	1.628548e-05
-5.467500e+00	1.629162e-05
-5.465000e+00	1.629777e-05
-5.462500e+00	1.630393e-05
-5.460000e+00	1.631009e-05
-5.457500e+00	1.631625e-05
-5.455000e+00	1.632241e-05
-5.452500e+00	1.632858e-05
-5.450000e+00	1.633475e-05
-5.447500e+00	1.634093e-05
-5.445000e+00	1.634711e-05
-5.442500e+00	1.635330e-05
-5.440000e+00	1.635948e-05
-5.437500e+00	1.636568e-05
-5.435000e+00	1.637187e-05
-5.432500e+00	1.637807e-05
-5.430000e+00	1.638427e-05
-5.427500e+00	1.639048e-05
-5.425000e+00	1.639669e-05
-5.422500e+00	1.640291e-05
-5.420000e+00	1.640912e-05
-5.417500e+00	1.641535e-05
-5.415000e+00	1.642157e-05
-5.412500e+00	1.642780e-05
-5.410000e+00	1.643404e-05
-5.407500e+00	1.644027e-05
-5.405000e+00	1.644651e-05
-5.402500e+00	1.645276e-05
-5.400000e+00	1.645901e-05
-5.397500e+00	1.646526e-05
-5.395000e+00	1.647152e-05
-5.392500e+00	1.647778e-05
-5.390000e+00	1.648404e-05
-5.387500e+00	1.649031e-05
-5.385000e+00	1.649658e-05
-5.382500e+00	1.650286e-05
-5.380000e+00	1.650914e-05
-5.377500e+00	1.651542e-05
-5.375000e+00	1.652171e-05
-5.372500e+00	1.652800e-05
-5.370000e+00	1.653429e-05
-5.367500e+00	1.654059e-05
-5.365000e+00	1.654690e-05
-5.362500e+00	1.655320e-05
-5.360000e+00	1.655951e-05
-5.357500e+00	1.656583e-05
-5.355000e+00	1.657215e-05
-5.352500e+00	1.657847e-05
-5.350000e+00	1.658480e-05
-5.347500e+00	1.659113e-05
-5.345000e+00	1.659746e-05
-5.342500e+00	1.660380e-05
-5.340000e+00	1.661014e-05
-5.337500e+00	1.661649e-05
-5.335000e+00	1.662284e-05
-5.332500e+00	1.662919e-05
-5.330000e+00	1.663555e-05
-5.327500e+00	1.664191e-05
-5.325000e+00	1.664827e-05
-5.322500e+00	1.665464e-05
-5.320000e+00	1.666102e-05
-5.317500e+00	1.666739e-05
-5.315000e+00	1.667378e-05
-5.312500e+00	1.668016e-05
-5.310000e+00	1.668655e-05
-5.307500e+00	1.669294e-05
-5.305000e+00	1.669934e-05
-5.302500e+00	1.670574e-05
-5.300000e+00	1.671215e-05
-5.297500e+00	1.671856e-05
-5.295000e+00	1.672497e-05
-5.292500e+00	1.673139e-05
-5.290000e+00	1.673781e-05
-5.287500e+00	1.674423e-05
-5.285000e+00	1.675066e-05
-5.282500e+00	1.675710e-05
-5.280000e+00	1.676353e-05
-5.277500e+00	1.676997e-05
-5.275000e+00	1.677642e-05
-5.272500e+00	1.678287e-05
-5.270000e+00	1.678932e-05
-5.267500e+00	1.679578e-05
-5.265000e+00	1.680224e-05
-5.262500e+00	1.680870e-05
-5.260000e+00	1.681517e-05
-5.257500e+00	1.682165e-05
-5.255000e+00	1.682812e-05
-5.252500e+00	1.683461e-05
-5.250000e+00	1.684109e-05
-5.247500e+00	1.684758e-05
-5.245000e+00	1.685407e-05
-5.242500e+00	1.686057e-05
-5.240000e+00	1.686707e-05
-5.237500e+00	1.687358e-05
-5.235000e+00	1.688009e-05
-5.232500e+00	1.688660e-05
-5.230000e+00	1.689312e-05
-5.227500e+00	1.689964e-05
-5.225000e+00	1.690617e-05
-5.222500e+00	1.691270e-05
-5.220000e+00	1.691923e-05
-5.217500e+00	1.692577e-05
-5.215000e+00	1.693232e-05
-5.212500e+00	1.693886e-05
-5.210000e+00	1.694541e-05
-5.207500e+00	1.695197e-05
-5.205000e+00	1.695853e-05
-5.202500e+00	1.696509e-05
-5.200000e+00	1.697166e-05
-5.197500e+00	1.697823e-05
-5.195000e+00	1.698481e-05
-5.192500e+00	1.699138e-05
-5.190000e+00	1.699797e-05
-5.187500e+00	1.700456e-05
-5.185000e+00	1.701115e-05
-5.182500e+00	1.701775e-05
-5.180000e+00	1.702435e-05
-5.177500e+00	1.703095e-05
-5.175000e+00	1.703756e-05
-5.172500e+00	1.704417e-05
-5.170000e+00	1.705079e-05
-5.167500e+00	1.705741e-05
-5.165000e+00	1.706404e-05
-5.162500e+00	1.707067e-05
-5.160000e+00	1.707730e-05
-5.157500e+00	1.708394e-05
-5.155000e+00	1.709058e-05
-5.152500e+00	1.709723e-05
-5.150000e+00	1.710388e-05
-5.147500e+00	1.711053e-05
-5.145000e+00	1.711719e-05
-5.142500e+00	1.712386e-05
-5.140000e+00	1.713052e-05
-5.137500e+00	1.713720e-05
-5.135000e+00	1.714387e-05
-5.132500e+00	1.715055e-05
-5.130000e+00	1.715724e-05
-5.127500e+00	1.716393e-05
-5.125000e+00	1.717062e-05
-5.122500e+00	1.717732e-05
-5.120000e+00	1.718402e-05
-5.117500e+00	1.719072e-05
-5.115000e+00	1.719743e-05
-5.112500e+00	1.720415e-05
-5.110000e+00	1.721087e-05
-5.107500e+00	1.721759e-05
-5.105000e+00	1.722432e-05
-5.102500e+00	1.723105e-05
-5.100000e+00	1.723778e-05
-5.097500e+00	1.724452e-05
-5.095000e+00	1.725127e-05
-5.092500e+00	1.725802e-05
-5.090000e+00	1.726477e-05
-5.087500e+00	1.727153e-05
-5.085000e+00	1.727829e-05
-5.082500e+00	1.728505e-05
-5.080000e+00	1.729182e-05
-5.077500e+00	1.729860e-05
-5.075000e+00	1.730538e-05
-5.072500e+00	1.731216e-05
-5.070000e+00	1.731895e-05
-5.067500e+00	1.732574e-05
-5.065000e+00	1.733254e-05
-5.062500e+00	1.733934e-05
-5.060000e+00	1.734614e-05
-5.057500e+00	1.735295e-05
-5.055000e+00	1.735977e-05
-5.052500e+00	1.736658e-05
-5.050000e+00	1.737341e-05
-5.047500e+00	1.738023e-05
-5.045000e+00	1.738706e-05
-5.042500e+00	1.739390e-05
-5.040000e+00	1.740074e-05
-5.037500e+00	1.740758e-05
-5.035000e+00	1.741443e-05
-5.032500e+00	1.742129e-05
-5.030000e+00	1.742814e-05
-5.027500e+00	1.743501e-05
-5.025000e+00	1.744187e-05
-5.022500e+00	1.744874e-05
-5.020000e+00	1.745562e-05
-5.017500e+00	1.746250e-05
-5.015000e+00	1.746938e-05
-5.012500e+00	1.747627e-05
-5.010000e+00	1.748316e-05
-5.007500e+00	1.749006e-05
-5.005000e+00	1.749696e-05
-5.002500e+00	1.750387e-05
-5.000000e+00	1.751078e-05
-4.997500e+00	1.751770e-05
-4.995000e+00	1.752462e-05
-4.992500e+00	1.753154e-05
-4.990000e+00	1.753847e-05
-4.987500e+00	1.754540e-05
-4.985000e+00	1.755234e-05
-4.982500e+00	1.755928e-05
-4.980000e+00	1.756623e-05
-4.977500e+00	1.757318e-05
-4.975000e+00	1.758014e-05
-4.972500e+00	1.758710e-05
-4.970000e+00	1.759406e-05
-4.967500e+00	1.760103e-05
-4.965000e+00	1.760800e-05
-4.962500e+00	1.761498e-05
-4.960000e+00	1.762197e-05
-4.957500e+00	1.762895e-05
-4.955000e+00	1.763594e-05
-4.952500e+00	1.764294e-05
-4.950000e+00	1.764994e-05
-4.947500e+00	1.765695e-05
-4.945000e+00	1.766396e-05
-4.942500e+00	1.767097e-05
-4.940000e+00	1.767799e-05
-4.937500e+00	1.768502e-05
-4.935000e+00	1.769204e-05
-4.932500e+00	1.769908e-05
-4.930000e+00	1.770611e-05
-4.927500e+00	1.771316e-05
-4.925000e+00	1.772020e-05
-4.922500e+00	1.772725e-05
-4.920000e+00	1.773431e-05
-4.917500e+00	1.774137e-05
-4.915000e+00	1.774844e-05
-4.912500e+00	1.775551e-05
-4.910000e+00	1.776258e-05
-4.907500e+00	1.776966e-05
-4.905000e+00	1.777674e-05
-4.902500e+00	1.778383e-05
-4.900000e+00	1.779092e-05
-4.897500e+00	1.779802e-05
-4.895000e+00	1.780512e-05
-4.892500e+00	1.781223e-05
-4.890000e+00	1.781934e-05
-4.887500e+00	1.782646e-05
-4.885000e+00	1.783358e-05
-4.882500e+00	1.784070e-05
-4.880000e+00	1.784783e-05
-4.877500e+00	1.785497e-05
-4.875000e+00	1.786211e-05
-4.872500e+00	1.786925e-05
-4.870000e+00	1.787640e-05
-4.867500e+00	1.788356e-05
-4.865000e+00	1.789071e-05
-4.862500e+00	1.789788e-05
-4.860000e+00	1.790505e-05
-4.857500e+00	1.791222e-05
-4.855000e+00	1.791939e-05
-4.852500e+00	1.792658e-05
-4.850000e+00	1.793376e-05
-4.847500e+00	1.794096e-05
-4.845000e+00	1.794815e-05
-4.842500e+00	1.795535e-05
-4.840000e+00	1.796256e-05
-4.837500e+00	1.796977e-05
-4.835000e+00	1.797698e-05
-4.832500e+00	1.798420e-05
-4.830000e+00	1.799143e-05
-4.827500e+00	1.799866e-05
-4.825000e+00	1.800589e-05
-4.822500e+00	1.801313e-05
-4.820000e+00	1.802037e-05
-4.817500e+00	1.802762e-05
-4.815000e+00	1.803488e-05
-4.812500e+00	1.804214e-05
-4.810000e+00	1.804940e-05
-4.807500e+00	1.805667e-05
-4.805000e+00	1.806394e-05
-4.802500e+00	1.807122e-05
-4.800000e+00	1.807850e-05
-4.797500e+00	1.808579e-05
-4.795000e+00	1.809308e-05
-4.792500e+00	1.810038e-05
-4.790000e+00	1.810768e-05
-4.787500e+00	1.811498e-05
-4.785000e+00	1.812230e-05
-4.782500e+00	1.812961e-05
-4.780000e+00	1.813693e-05
-4.777500e+00	1.814426e-05
-4.775000e+00	1.815159e-05
-4.772500e+00	1.815893e-05
-4.770000e+00	1.816627e-05
-4.767500e+00	1.817361e-05
-4.765000e+00	1.818096e-05
-4.762500e+00	1.818832e-05
-4.760000e+00	1.819568e-05
-4.757500e+00	1.820304e-05
-4.755000e+00	1.821041e-05
-4.752500e+00	1.821779e-05
-4.750000e+00	1.822517e-05
-4.747500e+00	1.823255e-05
-4.745000e+00	1.823994e-05
-4.742500e+00	1.824734e-05
-4.740000e+00	1.825474e-05
-4.737500e+00	1.826214e-05
-4.735000e+00	1.826955e-05
-4.732500e+00	1.827697e-05
-4.730000e+00	1.828439e-05
-4.727500e+00	1.829181e-05
-4.725000e+00	1.829924e-05
-4.722500e+00	1.830668e-05
-4.720000e+00	1.831412e-05
-4.717500e+00	1.832156e-05
-4.715000e+00	1.832901e-05
-4.712500e+00	1.833646e-05
-4.710000e+00	1.834392e-05
-4.707500e+00	1.835139e-05
-4.705000e+00	1.835886e-05
-4.702500e+00	1.836633e-05
-4.700000e+00	1.837381e-05
-4.697500e+00	1.838130e-05
-4.695000e+00	1.838879e-05
-4.692500e+00	1.839628e-05
-4.690000e+00	1.840378e-05
-4.687500e+00	1.841129e-05
-4.685000e+00	1.841880e-05
-4.682500e+00	1.842631e-05
-4.680000e+00	1.843383e-05
-4.677500e+00	1.844136e-05
-4.675000e+00	1.844889e-05
-4.672500e+00	1.845642e-05
-4.670000e+00	1.846396e-05
-4.667500e+00	1.847151e-05
-4.665000e+00	1.847906e-05
-4.662500e+00	1.848662e-05
-4.660000e+00	1.849418e-05
-4.657500e+00	1.850174e-05
-4.655000e+00	1.850931e-05
-4.652500e+00	1.851689e-05
-4.650000e+00	1.852447e-05
-4.647500e+00	1.853206e-05
-4.645000e+00	1.853965e-05
-4.642500e+00	1.854725e-05
-4.640000e+00	1.855485e-05
-4.637500e+00	1.856246e-05
-4.635000e+00	1.857007e-05
-4.632500e+00	1.857769e-05
-4.630000e+00	1.858531e-05
-4.627500e+00	1.859294e-05
-4.625000e+00	1.860057e-05
-4.622500e+00	1.860821e-05
-4.620000e+00	1.861585e-05
-4.617500e+00	1.862350e-05
-4.615000e+00	1.863116e-05
-4.612500e+00	1.863882e-05
-4.610000e+00	1.864648e-05
-4.607500e+00	1.865415e-05
-4.605000e+00	1.866182e-05
-4.602500e+00	1.866950e-05
-4.600000e+00	1.867719e-05
-4.597500e+00	1.868488e-05
-4.595000e+00	1.869258e-05
-4.592500e+00	1.870028e-05
-4.590000e+00	1.870798e-05
-4.587500e+00	1.871570e-05
-4.585000e+00	1.872341e-05
-4.582500e+00	1.873114e-05
-4.580000e+00	1.873886e-05
-4.577500e+00	1.874660e-05
-4.575000e+00	1.875433e-05
-4.572500e+00	1.876208e-05
-4.570000e+00	1.876983e-05
-4.567500e+00	1.877758e-05
-4.565000e+00	1.878534e-05
-4.562500e+00	1.879311e-05
-4.560000e+00	1.880088e-05
-4.557500e+00	1.880865e-05
-4.555000e+00	1.881643e-05
-4.552500e+00	1.882422e-05
-4.550000e+00	1.883201e-05
-4.547500e+00	1.883981e-05
-4.545000e+00	1.884761e-05
-4.542500e+00	1.885542e-05
-4.540000e+00	1.886323e-05
-4.537500e+00	1.887105e-05
-4.535000e+00	1.887887e-05
-4.532500e+00	1.888670e-05
-4.530000e+00	1.889454e-05
-4.527500e+00	1.890238e-05
-4.525000e+00	1.891022e-05
-4.522500e+00	1.891807e-05
-4.520000e+00	1.892593e-05
-4.517500e+00	1.893379e-05
-4.515000e+00	1.894166e-05
-4.512500e+00	1.894953e-05
-4.510000e+00	1.895741e-05
-4.507500e+00	1.896529e-05
-4.505000e+00	1.897318e-05
-4.502500e+00	1.898108e-05
-4.500000e+00	1.898898e-05
-4.497500e+00	1.899688e-05
-4.495000e+00	1.900479e-05
-4.492500e+00	1.901271e-05
-4.490000e+00	1.902063e-05
-4.487500e+00	1.902856e-05
-4.485000e+00	1.903649e-05
-4.482500e+00	1.904443e-05
-4.480000e+00	1.905237e-05
-4.477500e+00	1.906032e-05
-4.475000e+00	1.906828e-05
-4.472500e+00	1.907624e-05
-4.470000e+00	1.908420e-05
-4.467500e+00	1.909218e-05
-4.465000e+00	1.910015e-05
-4.462500e+00	1.910814e-05
-4.460000e+00	1.911613e-05
-4.457500e+00	1.912412e-05
-4.455000e+00	1.913212e-05
-4.452500e+00	1.914012e-05
-4.450000e+00	1.914813e-05
-4.447500e+00	1.915615e-05
-4.445000e+00	1.916417e-05
-4.442500e+00	1.917220e-05
-4.440000e+00	1.918023e-05
-4.437500e+00	1.918827e-05
-4.435000e+00	1.919632e-05
-4.432500e+00	1.920437e-05
-4.430000e+00	1.921242e-05
-4.427500e+00	1.922048e-05
-4.425000e+00	1.922855e-05
-4.422500e+00	1.923662e-05
-4.420000e+00	1.924470e-05
-4.417500e+00	1.925279e-05
-4.415000e+00	1.926088e-05
-4.412500e+00	1.926897e-05
-4.410000e+00	1.927707e-05
-4.407500e+00	1.928518e-05
-4.405000e+00	1.929329e-05
-4.402500e+00	1.930141e-05
-4.400000e+00	1.930954e-05
-4.397500e+00	1.931767e-05
-4.395000e+00	1.932580e-05
-4.392500e+00	1.933394e-05
-4.390000e+00	1.934209e-05
-4.387500e+00	1.935024e-05
-4.385000e+00	1.935840e-05
-4.382500e+00	1.936656e-05
-4.380000e+00	1.937473e-05
-4.377500e+00	1.938291e-05
-4.375000e+00	1.939109e-05
-4.372500e+00	1.939928e-05
-4.370000e+00	1.940747e-05
-4.367500e+00	1.941567e-05
-4.365000e+00	1.942388e-05
-4.362500e+00	1.943209e-05
-4.360000e+00	1.944030e-05
-4.357500e+00	1.944853e-05
-4.355000e+00	1.945675e-05
-4.352500e+00	1.946499e-05
-4.350000e+00	1.947323e-05
-4.347500e+00	1.948147e-05
-4.345000e+00	1.948973e-05
-4.342500e+00	1.949798e-05
-4.340000e+00	1.950625e-05
-4.337500e+00	1.951452e-05
-4.335000e+00	1.952279e-05
-4.332500e+00	1.953107e-05
-4.330000e+00	1.953936e-05
-4.327500e+00	1.954765e-05
-4.325000e+00	1.955595e-05
-4.322500e+00	1.956425e-05
-4.320000e+00	1.957256e-05
-4.317500e+00	1.958088e-05
-4.315000e+00	1.958920e-05
-4.312500e+00	1.959753e-05
-4.310000e+00	1.960587e-05
-4.307500e+00	1.961421e-05
-4.305000e+00	1.962255e-05
-4.302500e+00	1.963090e-05
-4.300000e+00	1.963926e-05
-4.297500e+00	1.964763e-05
-4.295000e+00	1.965600e-05
-4.292500e+00	1.966437e-05
-4.290000e+00	1.967276e-05
-4.287500e+00	1.968114e-05
-4.285000e+00	1.968954e-05
-4.282500e+00	1.969794e-05
-4.280000e+00	1.970634e-05
-4.277500e+00	1.971476e-05
-4.275000e+00	1.972318e-05
-4.272500e+00	1.973160e-05
-4.270000e+00	1.974003e-05
-4.267500e+00	1.974847e-05
-4.265000e+00	1.975691e-05
-4.262500e+00	1.976536e-05
-4.260000e+00	1.977381e-05
-4.257500e+00	1.978227e-05
-4.255000e+00	1.979074e-05
-4.252500e+00	1.979921e-05
-4.250000e+00	1.980769e-05
-4.247500e+00	1.981618e-05
-4.245000e+00	1.982467e-05
-4.242500e+00	1.983317e-05
-4.240000e+00	1.984167e-05
-4.237500e+00	1.985018e-05
-4.235000e+00	1.985870e-05
-4.232500e+00	1.986722e-05
-4.230000e+00	1.987575e-05
-4.227500e+00	1.988428e-05
-4.225000e+00	1.989282e-05
-4.222500e+00	1.990137e-05
-4.220000e+00	1.990992e-05
-4.217500e+00	1.991848e-05
-4.215000e+00	1.992705e-05
-4.212500e+00	1.993562e-05
-4.210000e+00	1.994420e-05
-4.207500e+00	1.995278e-05
-4.205000e+00	1.996138e-05
-4.202500e+00	1.996997e-05
-4.200000e+00	1.997858e-05
-4.197500e+00	1.998718e-05
-4.195000e+00	1.999580e-05
-4.192500e+00	2.000442e-05
-4.190000e+00	2.001305e-05
-4.187500e+00	2.002169e-05
-4.185000e+00	2.003033e-05
-4.182500e+00	2.003897e-05
-4.180000e+00	2.004763e-05
-4.177500e+00	2.005629e-05
-4.175000e+00	2.006495e-05
-4.172500e+00	2.007363e-05
-4.170000e+00	2.008230e-05
-4.167500e+00	2.009099e-05
-4.165000e+00	2.009968e-05
-4.162500e+00	2.010838e-05
-4.160000e+00	2.011708e-05
-4.157500e+00	2.012579e-05
-4.155000e+00	2.013451e-05
-4.152500e+00	2.014323e-05
-4.150000e+00	2.015196e-05
-4.147500e+00	2.016070e-05
-4.145000e+00	2.016944e-05
-4.142500e+00	2.017819e-05
-4.140000e+00	2.018695e-05
-4.137500e+00	2.019571e-05
-4.135000e+00	2.020448e-05
-4.132500e+00	2.021325e-05
-4.130000e+00	2.022204e-05
-4.127500e+00	2.023082e-05
-4.125000e+00	2.023962e-05
-4.122500e+00	2.024842e-05
-4.120000e+00	2.025723e-05
-4.117500e+00	2.026604e-05
-4.115000e+00	2.027486e-05
-4.112500e+00	2.028369e-05
-4.110000e+00	2.029252e-05
-4.107500e+00	2.030136e-05
-4.105000e+00	2.031021e-05
-4.102500e+00	2.031906e-05
-4.100000e+00	2.032792e-05
-4.097500e+00	2.033679e-05
-4.095000e+00	2.034566e-05
-4.092500e+00	2.035454e-05
-4.090000e+00	2.036342e-05
-4.087500e+00	2.037232e-05
-4.085000e+00	2.038122e-05
-4.082500e+00	2.039012e-05
-4.080000e+00	2.039903e-05
-4.077500e+00	2.040795e-05
-4.075000e+00	2.041688e-05
-4.072500e+00	2.042581e-05
-4.070000e+00	2.043475e-05
-4.067500e+00	2.044370e-05
-4.065000e+00	2.045265e-05
-4.062500e+00	2.046161e-05
-4.060000e+00	2.047057e-05
-4.057500e+00	2.047954e-05
-4.055000e+00	2.048852e-05
-4.052500e+00	2.049751e-05
-4.050000e+00	2.050650e-05
-4.047500e+00	2.051550e-05
-4.045000e+00	2.052451e-05
-4.042500e+00	2.053352e-05
-4.040000e+00	2.054254e-05
-4.037500e+00	2.055157e-05
-4.035000e+00	2.056060e-05
-4.032500e+00	2.056964e-05
-4.030000e+00	2.057869e-05
-4.027500e+00	2.058774e-05
-4.025000e+00	2.059680e-05
-4.022500e+00	2.060587e-05
-4.020000e+00	2.061494e-05
-4.017500e+00	2.062402e-05
-4.015000e+00	2.063311e-05
-4.012500e+00	2.064220e-05
-4.010000e+00	2.065130e-05
-4.007500e+00	2.066041e-05
-4.005000e+00	2.066953e-05
-4.002500e+00	2.067865e-05
-4.000000e+00	2.068778e-05
-3.997500e+00	2.069691e-05
-3.995000e+00	2.070605e-05
-3.992500e+00	2.071520e-05
-3.990000e+00	2.072436e-05
-3.987500e+00	2.073352e-05
-3.985000e+00	2.074269e-05
-3.982500e+00	2.075187e-05
-3.980000e+00	2.076105e-05
-3.977500e+00	2.077024e-05
-3.975000e+00	2.077944e-05
-3.972500e+00	2.078865e-05
-3.970000e+00	2.079786e-05
-3.967500e+00	2.080708e-05
-3.965000e+00	2.081630e-05
-3.962500e+00	2.082554e-05
-3.960000e+00	2.083478e-05
-3.957500e+00	2.084402e-05
-3.955000e+00	2.085328e-05
-3.952500e+00	2.086254e-05
-3.950000e+00	2.087180e-05
-3.947500e+00	2.088108e-05
-3.945000e+00	2.089036e-05
-3.942500e+00	2.089965e-05
-3.940000e+00	2.090895e-05
-3.937500e+00	2.091825e-05
-3.935000e+00	2.092756e-05
-3.932500e+00	2.093688e-05
-3.930000e+00	2.094620e-05
-3.927500e+00	2.095553e-05
-3.925000e+00	2.096487e-05
-3.922500e+00	2.097422e-05
-3.920000e+00	2.098357e-05
-3.917500e+00	2.099293e-05
-3.915000e+00	2.100230e-05
-3.912500e+00	2.101168e-05
-3.910000e+00	2.102106e-05
-3.907500e+00	2.103045e-05
-3.905000e+00	2.103984e-05
-3.902500e+00	2.104925e-05
-3.900000e+00	2.105866e-05
-3.897500e+00	2.106808e-05
-3.895000e+00	2.107750e-05
-3.892500e+00	2.108693e-05
-3.890000e+00	2.109637e-05
-3.887500e+00	2.110582e-05
-3.885000e+00	2.111527e-05
-3.882500e+00	2.112474e-05
-3.880000e+00	2.113421e-05
-3.877500e+00	2.114368e-05
-3.875000e+00	2.115316e-05
-3.872500e+00	2.116266e-05
-3.870000e+00	2.117215e-05
-3.867500e+00	2.118166e-05
-3.865000e+00	2.119117e-05
-3.862500e+00	2.120069e-05
-3.860000e+00	2.121022e-05
-3.857500e+00	2.121976e-05
-3.855000e+00	2.122930e-05
-3.852500e+00	2.123885e-05
-3.850000e+00	2.124840e-05
-3.847500e+00	2.125797e-05
-3.845000e+00	2.126754e-05
-3.842500e+00	2.127712e-05
-3.840000e+00	2.128671e-05
-3.837500e+00	2.129630e-05
-3.835000e+00	2.130590e-05
-3.832500e+00	2.131551e-05
-3.830000e+00	2.132513e-05
-3.827500e+00	2.133475e-05
-3.825000e+00	2.134439e-05
-3.822500e+00	2.135403e-05
-3.820000e+00	2.136367e-05
-3.817500e+00	2.137333e-05
-3.815000e+00	2.138299e-05
-3.812500e+00	2.139266e-05
-3.810000e+00	2.140234e-05
-3.807500e+00	2.141202e-05
-3.805000e+00	2.142171e-05
-3.802500e+00	2.143141e-05
-3.800000e+00	2.144112e-05
-3.797500e+00	2.145083e-05
-3.795000e+00	2.146056e-05
-3.792500e+00	2.147029e-05
-3.790000e+00	2.148003e-05
-3.787500e+00	2.148977e-05
-3.785000e+00	2.149952e-05
-3.782500e+00	2.150928e-05
-3.780000e+00	2.151905e-05
-3.777500e+00	2.152883e-05
-3.775000e+00	2.153861e-05
-3.772500e+00	2.154840e-05
-3.770000e+00	2.155820e-05
-3.767500e+00	2.156801e-05
-3.765000e+00	2.157783e-05
-3.762500e+00	2.158765e-05
-3.760000e+00	2.159748e-05
-3.757500e+00	2.160732e-05
-3.755000e+00	2.161716e-05
-3.752500e+00	2.162702e-05
-3.750000e+00	2.163688e-05
-3.747500e+00	2.164675e-05
-3.745000e+00	2.165662e-05
-3.742500e+00	2.166651e-05
-3.740000e+00	2.167640e-05
-3.737500e+00	2.168630e-05
-3.735000e+00	2.169621e-05
-3.732500e+00	2.170613e-05
-3.730000e+00	2.171605e-05
-3.727500e+00	2.172598e-05
-3.725000e+00	2.173592e-05
-3.722500e+00	2.174587e-05
-3.720000e+00	2.175583e-05
-3.717500e+00	2.176579e-05
-3.715000e+00	2.177576e-05
-3.712500e+00	2.178574e-05
-3.710000e+00	2.179573e-05
-3.707500e+00	2.180572e-05
-3.705000e+00	2.181573e-05
-3.702500e+00	2.182574e-05
-3.700000e+00	2.183576e-05
-3.697500e+00	2.184579e-05
-3.695000e+00	2.185582e-05
-3.692500e+00	2.186586e-05
-3.690000e+00	2.187592e-05
-3.687500e+00	2.188598e-05
-3.685000e+00	2.189604e-05
-3.682500e+00	2.190612e-05
-3.680000e+00	2.191620e-05
-3.677500e+00	2.192630e-05
-3.675000e+00	2.193640e-05
-3.672500e+00	2.194650e-05
-3.670000e+00	2.195662e-05
-3.667500e+00	2.196674e-05
-3.665000e+00	2.197688e-05
-3.662500e+00	2.198702e-05
-3.660000e+00	2.199717e-05
-3.657500e+00	2.200732e-05
-3.655000e+00	2.201749e-05
-3.652500e+00	2.202766e-05
-3.650000e+00	2.203784e-05
-3.647500e+00	2.204803e-05
-3.645000e+00	2.205823e-05
-3.642500e+00	2.206844e-05
-3.640000e+00	2.207865e-05
-3.637500e+00	2.208888e-05
-3.635000e+00	2.209911e-05
-3.632500e+00	2.210935e-05
-3.630000e+00	2.211959e-05
-3.627500e+00	2.212985e-05
-3.625000e+00	2.214011e-05
-3.622500e+00	2.215039e-05
-3.620000e+00	2.216067e-05
-3.617500e+00	2.217096e-05
-3.615000e+00	2.218126e-05
-3.612500e+00	2.219156e-05
-3.610000e+00	2.220188e-05
-3.607500e+00	2.221220e-05
-3.605000e+00	2.222253e-05
-3.602500e+00	2.223287e-05
-3.600000e+00	2.224322e-05
-3.597500e+00	2.225358e-05
-3.595000e+00	2.226394e-05
-3.592500e+00	2.227431e-05
-3.590000e+00	2.228470e-05
-3.587500e+00	2.229509e-05
-3.585000e+00	2.230549e-05
-3.582500e+00	2.231589e-05
-3.580000e+00	2.232631e-05
-3.577500e+00	2.233673e-05
-3.575000e+00	2.234717e-05
-3.572500e+00	2.235761e-05
-3.570000e+00	2.236806e-05
-3.567500e+00	2.237852e-05
-3.565000e+00	2.238899e-05
-3.562500e+00	2.239946e-05
-3.560000e+00	2.240995e-05
-3.557500e+00	2.242044e-05
-3.555000e+00	2.243094e-05
-3.552500e+00	2.244145e-05
-3.550000e+00	2.245197e-05
-3.547500e+00	2.246250e-05
-3.545000e+00	2.247304e-05
-3.542500e+00	2.248358e-05
-3.540000e+00	2.249414e-05
-3.537500e+00	2.250470e-05
-3.535000e+00	2.251527e-05
-3.532500e+00	2.252585e-05
-3.530000e+00	2.253644e-05
-3.527500e+00	2.254704e-05
-3.525000e+00	2.255765e-05
-3.522500e+00	2.256826e-05
-3.520000e+00	2.257889e-05
-3.517500e+00	2.258952e-05
-3.515000e+00	2.260016e-05
-3.512500e+00	2.261081e-05
-3.510000e+00	2.262147e-05
-3.507500e+00	2.263214e-05
-3.505000e+00	2.264282e-05
-3.502500e+00	2.265350e-05
-3.500000e+00	2.266420e-05
-3.497500e+00	2.267490e-05
-3.495000e+00	2.268562e-05
-3.492500e+00	2.269634e-05
-3.490000e+00	2.270707e-05
-3.487500e+00	2.271781e-05
-3.485000e+00	2.272856e-05
-3.482500e+00	2.273932e-05
-3.480000e+00	2.275008e-05
-3.477500e+00	2.276086e-05
-3.475000e+00	2.277164e-05
-3.472500e+00	2.278244e-05
-3.470000e+00	2.279324e-05
-3.467500e+00	2.280405e-05
-3.465000e+00	2.281487e-05
-3.462500e+00	2.282570e-05
-3.460000e+00	2.283654e-05
-3.457500e+00	2.284739e-05
-3.455000e+00	2.285825e-05
-3.452500e+00	2.286912e-05
-3.450000e+00	2.287999e-05
-3.447500e+00	2.289088e-05
-3.445000e+00	2.290177e-05
-3.442500e+00	2.291268e-05
-3.440000e+00	2.292359e-05
-3.437500e+00	2.293451e-05
-3.435000e+00	2.294544e-05
-3.432500e+00	2.295638e-05
-3.430000e+00	2.296733e-05
-3.427500e+00	2.297829e-05
-3.425000e+00	2.298926e-05
-3.422500e+00	2.300024e-05
-3.420000e+00	2.301122e-05
-3.417500e+00	2.302222e-05
-3.415000e+00	2.303323e-05
-3.412500e+00	2.304424e-05
-3.410000e+00	2.305527e-05
-3.407500e+00	2.306630e-05
-3.405000e+00	2.307734e-05
-3.402500e+00	2.308840e-05
-3.400000e+00	2.309946e-05
-3.397500e+00	2.311053e-05
-3.395000e+00	2.312161e-05
-3.392500e+00	2.313270e-05
-3.390000e+00	2.314380e-05
-3.387500e+00	2.315491e-05
-3.385000e+00	2.316603e-05
-3.382500e+00	2.317716e-05
-3.380000e+00	2.318829e-05
-3.377500e+00	2.319944e-05
-3.375000e+00	2.321060e-05
-3.372500e+00	2.322176e-05
-3.370000e+00	2.323294e-05
-3.367500e+00	2.324413e-05
-3.365000e+00	2.325532e-05
-3.362500e+00	2.326653e-05
-3.360000e+00	2.327774e-05
-3.357500e+00	2.328896e-05
-3.355000e+00	2.330020e-05
-3.352500e+00	2.331144e-05
-3.350000e+00	2.332270e-05
-3.347500e+00	2.333396e-05
-3.345000e+00	2.334523e-05
-3.342500e+00	2.335651e-05
-3.340000e+00	2.336781e-05
-3.337500e+00	2.337911e-05
-3.335000e+00	2.339042e-05
-3.332500e+00	2.340174e-05
-3.330000e+00	2.341307e-05
-3.327500e+00	2.342441e-05
-3.325000e+00	2.343576e-05
-3.322500e+00	2.344713e-05
-3.320000e+00	2.345850e-05
-3.317500e+00	2.346988e-05
-3.315000e+00	2.348127e-05
-3.312500e+00	2.349267e-05
-3.310000e+00	2.350408e-05
-3.307500e+00	2.351550e-05
-3.305000e+00	2.352693e-05
-3.302500e+00	2.353837e-05
-3.300000e+00	2.354982e-05
-3.297500e+00	2.356128e-05
-3.295000e+00	2.357275e-05
-3.292500e+00	2.358423e-05
-3.290000e+00	2.359572e-05
-3.287500e+00	2.360722e-05
-3.285000e+00	2.361873e-05
-3.282500e+00	2.363025e-05
-3.280000e+00	2.364178e-05
-3.277500e+00	2.365332e-05
-3.275000e+00	2.366487e-05
-3.272500e+00	2.367643e-05
-3.270000e+00	2.368800e-05
-3.267500e+00	2.369959e-05
-3.265000e+00	2.371118e-05
-3.262500e+00	2.372278e-05
-3.260000e+00	2.373439e-05
-3.257500e+00	2.374601e-05
-3.255000e+00	2.375765e-05
-3.252500e+00	2.376929e-05
-3.250000e+00	2.378094e-05
-3.247500e+00	2.379260e-05
-3.245000e+00	2.380428e-05
-3.242500e+00	2.381596e-05
-3.240000e+00	2.382766e-05
-3.237500e+00	2.383936e-05
-3.235000e+00	2.385108e-05
-3.232500e+00	2.386280e-05
-3.230000e+00	2.387454e-05
-3.227500e+00	2.388628e-05
-3.225000e+00	2.389804e-05
-3.222500e+00	2.390981e-05
-3.220000e+00	2.392158e-05
-3.217500e+00	2.393337e-05
-3.215000e+00	2.394517e-05
-3.212500e+00	2.395698e-05
-3.210000e+00	2.396880e-05
-3.207500e+00	2.398063e-05
-3.205000e+00	2.399247e-05
-3.202500e+00	2.400432e-05
-3.200000e+00	2.401618e-05
-3.197500e+00	2.402806e-05
-3.195000e+00	2.403994e-05
-3.192500e+00	2.405183e-05
-3.190000e+00	2.406374e-05
-3.187500e+00	2.407565e-05
-3.185000e+00	2.408758e-05
-3.182500e+00	2.409951e-05
-3.180000e+00	2.411146e-05
-3.177500e+00	2.412342e-05
-3.175000e+00	2.413539e-05
-3.172500e+00	2.414737e-05
-3.170000e+00	2.415936e-05
-3.167500e+00	2.417136e-05
-3.165000e+00	2.418337e-05
-3.162500e+00	2.419539e-05
-3.160000e+00	2.420743e-05
-3.157500e+00	2.421947e-05
-3.155000e+00	2.423153e-05
-3.152500e+00	2.424359e-05
-3.150000e+00	2.425567e-05
-3.147500e+00	2.426776e-05
-3.145000e+00	2.427986e-05
-3.142500e+00	2.429197e-05
-3.140000e+00	2.430409e-05
-3.137500e+00	2.431622e-05
-3.135000e+00	2.432837e-05
-3.132500e+00	2.434052e-05
-3.130000e+00	2.435269e-05
-3.127500e+00	2.436486e-05
-3.125000e+00	2.437705e-05
-3.122500e+00	2.438925e-05
-3.120000e+00	2.440146e-05
-3.117500e+00	2.441368e-05
-3.115000e+00	2.442591e-05
-3.112500e+00	2.443815e-05
-3.110000e+00	2.445041e-05
-3.107500e+00	2.446267e-05
-3.105000e+00	2.447495e-05
-3.102500e+00	2.448724e-05
-3.100000e+00	2.449954e-05
-3.097500e+00	2.451185e-05
-3.095000e+00	2.452417e-05
-3.092500e+00	2.453650e-05
-3.090000e+00	2.454885e-05
-3.087500e+00	2.456120e-05
-3.085000e+00	2.457357e-05
-3.082500e+00	2.458595e-05
-3.080000e+00	2.459834e-05
-3.077500e+00	2.461074e-05
-3.075000e+00	2.462316e-05
-3.072500e+00	2.463558e-05
-3.070000e+00	2.464802e-05
-3.067500e+00	2.466046e-05
-3.065000e+00	2.467292e-05
-3.062500e+00	2.468539e-05
-3.060000e+00	2.469788e-05
-3.057500e+00	2.471037e-05
-3.055000e+00	2.472287e-05
-3.052500e+00	2.473539e-05
-3.050000e+00	2.474792e-05
-3.047500e+00	2.476046e-05
-3.045000e+00	2.477301e-05
-3.042500e+00	2.478558e-05
-3.040000e+00	2.479815e-05
-3.037500e+00	2.481074e-05
-3.035000e+00	2.482334e-05
-3.032500e+00	2.483595e-05
-3.030000e+00	2.484857e-05
-3.027500e+00	2.486120e-05
-3.025000e+00	2.487385e-05
-3.022500e+00	2.488651e-05
-3.020000e+00	2.489918e-05
-3.017500e+00	2.491186e-05
-3.015000e+00	2.492455e-05
-3.012500e+00	2.493726e-05
-3.010000e+00	2.494997e-05
-3.007500e+00	2.496270e-05
-3.005000e+00	2.497544e-05
-3.002500e+00	2.498820e-05
-3.000000e+00	2.500096e-05
-2.997500e+00	2.501374e-05
-2.995000e+00	2.502653e-05
-2.992500e+00	2.503933e-05
-2.990000e+00	2.505214e-05
-2.987500e+00	2.506497e-05
-2.985000e+00	2.507781e-05
-2.982500e+00	2.509066e-05
-2.980000e+00	2.510352e-05
-2.977500e+00	2.511639e-05
-2.975000e+00	2.512928e-05
-2.972500e+00	2.514218e-05
-2.970000e+00	2.515509e-05
-2.967500e+00	2.516801e-05
-2.965000e+00	2.518095e-05
-2.962500e+00	2.519390e-05
-2.960000e+00	2.520686e-05
-2.957500e+00	2.521983e-05
-2.955000e+00	2.523281e-05
-2.952500e+00	2.524581e-05
-2.950000e+00	2.525882e-05
-2.947500e+00	2.527184e-05
-2.945000e+00	2.528488e-05
-2.942500e+00	2.529792e-05
-2.940000e+00	2.531098e-05
-2.937500e+00	2.532406e-05
-2.935000e+00	2.533714e-05
-2.932500e+00	2.535024e-05
-2.930000e+00	2.536335e-05
-2.927500e+00	2.537647e-05
-2.925000e+00	2.538960e-05
-2.922500e+00	2.540275e-05
-2.920000e+00	2.541591e-05
-2.917500e+00	2.542908e-05
-2.915000e+00	2.544227e-05
-2.912500e+00	2.545547e-05
-2.910000e+00	2.546868e-05
-2.907500e+00	2.548190e-05
-2.905000e+00	2.549514e-05
-2.902500e+00	2.550839e-05
-2.900000e+00	2.552165e-05
-2.897500e+00	2.553493e-05
-2.895000e+00	2.554821e-05
-2.892500e+00	2.556152e-05
-2.890000e+00	2.557483e-05
-2.887500e+00	2.558816e-05
-2.885000e+00	2.560150e-05
-2.882500e+00	2.561485e-05
-2.880000e+00	2.562821e-05
-2.877500e+00	2.564159e-05
-2.875000e+00	2.565498e-05
-2.872500e+00	2.566839e-05
-2.870000e+00	2.568181e-05
-2.867500e+00	2.569524e-05
-2.865000e+00	2.570868e-05
-2.862500e+00	2.572214e-05
-2.860000e+00	2.573561e-05
-2.857500e+00	2.574909e-05
-2.855000e+00	2.576259e-05
-2.852500e+00	2.577610e-05
-2.850000e+00	2.578963e-05
-2.847500e+00	2.580316e-05
-2.845000e+00	2.581671e-05
-2.842500e+00	2.583028e-05
-2.840000e+00	2.584385e-05
-2.837500e+00	2.585744e-05
-2.835000e+00	2.587105e-05
-2.832500e+00	2.588466e-05
-2.830000e+00	2.589829e-05
-2.827500e+00	2.591194e-05
-2.825000e+00	2.592560e-05
-2.822500e+00	2.593927e-05
-2.820000e+00	2.595295e-05
-2.817500e+00	2.596665e-05
-2.815000e+00	2.598036e-05
-2.812500e+00	2.599409e-05
-2.810000e+00	2.600783e-05
-2.807500e+00	2.602158e-05
-2.805000e+00	2.603535e-05
-2.802500e+00	2.604913e-05
-2.800000e+00	2.606292e-05
-2.797500e+00	2.607673e-05
-2.795000e+00	2.609055e-05
-2.792500e+00	2.610438e-05
-2.790000e+00	2.611823e-05
-2.787500e+00	2.613210e-05
-2.785000e+00	2.614597e-05
-2.782500e+00	2.615986e-05
-2.780000e+00	2.617377e-05
-2.777500e+00	2.618769e-05
-2.775000e+00	2.620162e-05
-2.772500e+00	2.621557e-05
-2.770000e+00	2.622953e-05
-2.767500e+00	2.624350e-05
-2.765000e+00	2.625749e-05
-2.762500e+00	2.627149e-05
-2.760000e+00	2.628551e-05
-2.757500e+00	2.629954e-05
-2.755000e+00	2.631359e-05
-2.752500e+00	2.632765e-05
-2.750000e+00	2.634172e-05
-2.747500e+00	2.635581e-05
-2.745000e+00	2.636991e-05
-2.742500e+00	2.638403e-05
-2.740000e+00	2.639816e-05
-2.737500e+00	2.641230e-05
-2.735000e+00	2.642646e-05
-2.732500e+00	2.644064e-05
-2.730000e+00	2.645483e-05
-2.727500e+00	2.646903e-05
-2.725000e+00	2.648325e-05
-2.722500e+00	2.649748e-05
-2.720000e+00	2.651173e-05
-2.717500e+00	2.652599e-05
-2.715000e+00	2.654026e-05
-2.712500e+00	2.655455e-05
-2.710000e+00	2.656886e-05
-2.707500e+00	2.658318e-05
-2.705000e+00	2.659751e-05
-2.702500e+00	2.661186e-05
-2.700000e+00	2.662623e-05
-2.697500e+00	2.664061e-05
-2.695000e+00	2.665500e-05
-2.692500e+00	2.666941e-05
-2.690000e+00	2.668383e-05
-2.687500e+00	2.669827e-05
-2.685000e+00	2.671272e-05
-2.682500e+00	2.672719e-05
-2.680000e+00	2.674167e-05
-2.677500e+00	2.675617e-05
-2.675000e+00	2.677069e-05
-2.672500e+00	2.678521e-05
-2.670000e+00	2.679976e-05
-2.667500e+00	2.681431e-05
-2.665000e+00	2.682889e-05
-2.662500e+00	2.684348e-05
-2.660000e+00	2.685808e-05
-2.657500e+00	2.687270e-05
-2.655000e+00	2.688733e-05
-2.652500e+00	2.690198e-05
-2.650000e+00	2.691665e-05
-2.647500e+00	2.693133e-05
-2.645000e+00	2.694602e-05
-2.642500e+00	2.696073e-05
-2.640000e+00	2.697546e-05
-2.637500e+00	2.699020e-05
-2.635000e+00	2.700496e-05
-2.632500e+00	2.701973e-05
-2.630000e+00	2.703452e-05
-2.627500e+00	2.704932e-05
-2.625000e+00	2.706414e-05
-2.622500e+00	2.707898e-05
-2.620000e+00	2.709383e-05
-2.617500e+00	2.710870e-05
-2.615000e+00	2.712358e-05
-2.612500e+00	2.713848e-05
-2.610000e+00	2.715339e-05
-2.607500e+00	2.716832e-05
-2.605000e+00	2.718326e-05
-2.602500e+00	2.719823e-05
-2.600000e+00	2.721320e-05
-2.597500e+00	2.722820e-05
-2.595000e+00	2.724320e-05
-2.592500e+00	2.725823e-05
-2.590000e+00	2.727327e-05
-2.587500e+00	2.728833e-05
-2.585000e+00	2.730340e-05
-2.582500e+00	2.731849e-05
-2.580000e+00	2.733359e-05
-2.577500e+00	2.734872e-05
-2.575000e+00	2.736385e-05
-2.572500e+00	2.737901e-05
-2.570000e+00	2.739418e-05
-2.567500e+00	2.740936e-05
-2.565000e+00	2.742457e-05
-2.562500e+00	2.743978e-05
-2.560000e+00	2.745502e-05
-2.557500e+00	2.747027e-05
-2.555000e+00	2.748554e-05
-2.552500e+00	2.750082e-05
-2.550000e+00	2.751613e-05
-2.547500e+00	2.753144e-05
-2.545000e+00	2.754678e-05
-2.542500e+00	2.756213e-05
-2.540000e+00	2.757750e-05
-2.537500e+00	2.759288e-05
-2.535000e+00	2.760828e-05
-2.532500e+00	2.762370e-05
-2.530000e+00	2.763913e-05
-2.527500e+00	2.765458e-05
-2.525000e+00	2.767005e-05
-2.522500e+00	2.768554e-05
-2.520000e+00	2.770104e-05
-2.517500e+00	2.771656e-05
-2.515000e+00	2.773209e-05
-2.512500e+00	2.774764e-05
-2.510000e+00	2.776321e-05
-2.507500e+00	2.777880e-05
-2.505000e+00	2.779440e-05
-2.502500e+00	2.781002e-05
-2.500000e+00	2.782566e-05
-2.497500e+00	2.784132e-05
-2.495000e+00	2.785699e-05
-2.492500e+00	2.787268e-05
-2.490000e+00	2.788839e-05
-2.487500e+00	2.790411e-05
-2.485000e+00	2.791985e-05
-2.482500e+00	2.793561e-05
-2.480000e+00	2.795139e-05
-2.477500e+00	2.796718e-05
-2.475000e+00	2.798299e-05
-2.472500e+00	2.799882e-05
-2.470000e+00	2.801467e-05
-2.467500e+00	2.803053e-05
-2.465000e+00	2.804641e-05
-2.462500e+00	2.806231e-05
-2.460000e+00	2.807823e-05
-2.457500e+00	2.809417e-05
-2.455000e+00	2.811012e-05
-2.452500e+00	2.812609e-05
-2.450000e+00	2.814208e-05
-2.447500e+00	2.815808e-05
-2.445000e+00	2.817411e-05
-2.442500e+00	2.819015e-05
-2.440000e+00	2.820621e-05
-2.437500e+00	2.822229e-05
-2.435000e+00	2.823838e-05
-2.432500e+00	2.825450e-05
-2.430000e+00	2.827063e-05
-2.427500e+00	2.828678e-05
-2.425000e+00	2.830295e-05
-2.422500e+00	2.831914e-05
-2.420000e+00	2.833534e-05
-2.417500e+00	2.835157e-05
-2.415000e+00	2.836781e-05
-2.412500e+00	2.838407e-05
-2.410000e+00	2.840035e-05
-2.407500e+00	2.841665e-05
-2.405000e+00	2.843296e-05
-2.402500e+00	2.844930e-05
-2.400000e+00	2.846565e-05
-2.397500e+00	2.848202e-05
-2.395000e+00	2.849841e-05
-2.392500e+00	2.851482e-05
-2.390000e+00	2.853125e-05
-2.387500e+00	2.854769e-05
-2.385000e+00	2.856416e-05
-2.382500e+00	2.858064e-05
-2.380000e+00	2.859715e-05
-2.377500e+00	2.861367e-05
-2.375000e+00	2.863021e-05
-2.372500e+00	2.864677e-05
-2.370000e+00	2.866335e-05
-2.367500e+00	2.867995e-05
-2.365000e+00	2.869656e-05
-2.362500e+00	2.871320e-05
-2.360000e+00	2.872986e-05
-2.357500e+00	2.874653e-05
-2.355000e+00	2.876323e-05
-2.352500e+00	2.877994e-05
-2.350000e+00	2.879667e-05
-2.347500e+00	2.881342e-05
-2.345000e+00	2.883020e-05
-2.342500e+00	2.884699e-05
-2.340000e+00	2.886380e-05
-2.337500e+00	2.888063e-05
-2.335000e+00	2.889748e-05
-2.332500e+00	2.891435e-05
-2.330000e+00	2.893124e-05
-2.327500e+00	2.894815e-05
-2.325000e+00	2.896508e-05
-2.322500e+00	2.898202e-05
-2.320000e+00	2.899899e-05
-2.317500e+00	2.901598e-05
-2.315000e+00	2.903299e-05
-2.312500e+00	2.905002e-05
-2.310000e+00	2.906707e-05
-2.307500e+00	2.908414e-05
-2.305000e+00	2.910122e-05
-2.302500e+00	2.911833e-05
-2.300000e+00	2.913546e-05
-2.297500e+00	2.915261e-05
-2.295000e+00	2.916978e-05
-2.292500e+00	2.918697e-05
-2.290000e+00	2.920418e-05
-2.287500e+00	2.922141e-05
-2.285000e+00	2.923866e-05
-2.282500e+00	2.925594e-05
-2.280000e+00	2.927323e-05
-2.277500e+00	2.929054e-05
-2.275000e+00	2.930788e-05
-2.272500e+00	2.932523e-05
-2.270000e+00	2.934260e-05
-2.267500e+00	2.936000e-05
-2.265000e+00	2.937742e-05
-2.262500e+00	2.939485e-05
-2.260000e+00	2.941231e-05
-2.257500e+00	2.942979e-05
-2.255000e+00	2.944729e-05
-2.252500e+00	2.946481e-05
-2.250000e+00	2.948236e-05
-2.247500e+00	2.949992e-05
-2.245000e+00	2.951751e-05
-2.242500e+00	2.953511e-05
-2.240000e+00	2.955274e-05
-2.237500e+00	2.957039e-05
-2.235000e+00	2.958806e-05
-2.232500e+00	2.960575e-05
-2.230000e+00	2.962346e-05
-2.227500e+00	2.964120e-05
-2.225000e+00	2.965895e-05
-2.222500e+00	2.967673e-05
-2.220000e+00	2.969453e-05
-2.217500e+00	2.971235e-05
-2.215000e+00	2.973020e-05
-2.212500e+00	2.974806e-05
-2.210000e+00	2.976595e-05
-2.207500e+00	2.978386e-05
-2.205000e+00	2.980179e-05
-2.202500e+00	2.981974e-05
-2.200000e+00	2.983771e-05
-2.197500e+00	2.985571e-05
-2.195000e+00	2.987373e-05
-2.192500e+00	2.989177e-05
-2.190000e+00	2.990983e-05
-2.187500e+00	2.992792e-05
-2.185000e+00	2.994603e-05
-2.182500e+00	2.996416e-05
-2.180000e+00	2.998231e-05
-2.177500e+00	3.000049e-05
-2.175000e+00	3.001868e-05
-2.172500e+00	3.003691e-05
-2.170000e+00	3.005515e-05
-2.167500e+00	3.007341e-05
-2.165000e+00	3.009170e-05
-2.162500e+00	3.011002e-05
-2.160000e+00	3.012835e-05
-2.157500e+00	3.014671e-05
-2.155000e+00	3.016509e-05
-2.152500e+00	3.018349e-05
-2.150000e+00	3.020192e-05
-2.147500e+00	3.022037e-05
-2.145000e+00	3.023884e-05
-2.142500e+00	3.025734e-05
-2.140000e+00	3.027585e-05
-2.137500e+00	3.029440e-05
-2.135000e+00	3.031296e-05
-2.132500e+00	3.033155e-05
-2.130000e+00	3.035017e-05
-2.127500e+00	3.036880e-05
-2.125000e+00	3.038746e-05
-2.122500e+00	3.040615e-05
-2.120000e+00	3.042485e-05
-2.117500e+00	3.044359e-05
-2.115000e+00	3.046234e-05
-2.112500e+00	3.048112e-05
-2.110000e+00	3.049992e-05
-2.107500e+00	3.051875e-05
-2.105000e+00	3.053760e-05
-2.102500e+00	3.055648e-05
-2.100000e+00	3.057538e-05
-2.097500e+00	3.059430e-05
-2.095000e+00	3.061325e-05
-2.092500e+00	3.063222e-05
-2.090000e+00	3.065122e-05
-2.087500e+00	3.067024e-05
-2.085000e+00	3.068928e-05
-2.082500e+00	3.070835e-05
-2.080000e+00	3.072745e-05
-2.077500e+00	3.074657e-05
-2.075000e+00	3.076571e-05
-2.072500e+00	3.078488e-05
-2.070000e+00	3.080408e-05
-2.067500e+00	3.082329e-05
-2.065000e+00	3.084254e-05
-2.062500e+00	3.086181e-05
-2.060000e+00	3.088110e-05
-2.057500e+00	3.090042e-05
-2.055000e+00	3.091976e-05
-2.052500e+00	3.093913e-05
-2.050000e+00	3.095853e-05
-2.047500e+00	3.097795e-05
-2.045000e+00	3.099740e-05
-2.042500e+00	3.101687e-05
-2.040000e+00	3.103637e-05
-2.037500e+00	3.105589e-05
-2.035000e+00	3.107544e-05
-2.032500e+00	3.109501e-05
-2.030000e+00	3.111461e-05
-2.027500e+00	3.113424e-05
-2.025000e+00	3.115389e-05
-2.022500e+00	3.117357e-05
-2.020000e+00	3.119327e-05
-2.017500e+00	3.121300e-05
-2.015000e+00	3.123276e-05
-2.012500e+00	3.125254e-05
-2.010000e+00	3.127235e-05
-2.007500e+00	3.129219e-05
-2.005000e+00	3.131205e-05
-2.002500e+00	3.133194e-05
-2.000000e+00	3.135185e-05
-1.997500e+00	3.137179e-05
-1.995000e+00	3.139176e-05
-1.992500e+00	3.141176e-05
-1.990000e+00	3.143178e-05
-1.987500e+00	3.145183e-05
-1.985000e+00	3.147191e-05
-1.982500e+00	3.149201e-05
-1.980000e+00	3.151214e-05
-1.977500e+00	3.153230e-05
-1.975000e+00	3.155248e-05
-1.972500e+00	3.157269e-05
-1.970000e+00	3.159293e-05
-1.967500e+00	3.161320e-05
-1.965000e+00	3.163350e-05
-1.962500e+00	3.165382e-05
-1.960000e+00	3.167417e-05
-1.957500e+00	3.169455e-05
-1.955000e+00	3.171495e-05
-1.952500e+00	3.173539e-05
-1.950000e+00	3.175585e-05
-1.947500e+00	3.177634e-05
-1.945000e+00	3.179686e-05
-1.942500e+00	3.181740e-05
-1.940000e+00	3.183798e-05
-1.937500e+00	3.185858e-05
-1.935000e+00	3.187921e-05
-1.932500e+00	3.189987e-05
-1.930000e+00	3.192056e-05
-1.927500e+00	3.194127e-05
-1.925000e+00	3.196202e-05
-1.922500e+00	3.198279e-05
-1.920000e+00	3.200360e-05
-1.917500e+00	3.202443e-05
-1.915000e+00	3.204529e-05
-1.912500e+00	3.206618e-05
-1.910000e+00	3.208710e-05
-1.907500e+00	3.210805e-05
-1.905000e+00	3.212902e-05
-1.902500e+00	3.215003e-05
-1.900000e+00	3.217107e-05
-1.897500e+00	3.219213e-05
-1.895000e+00	3.221323e-05
-1.892500e+00	3.223435e-05
-1.890000e+00	3.225551e-05
-1.887500e+00	3.227669e-05
-1.885000e+00	3.229791e-05
-1.882500e+00	3.231915e-05
-1.880000e+00	3.234043e-05
-1.877500e+00	3.236173e-05
-1.875000e+00	3.238307e-05
-1.872500e+00	3.240443e-05
-1.870000e+00	3.242583e-05
-1.867500e+00	3.244725e-05
-1.865000e+00	3.246871e-05
-1.862500e+00	3.249020e-05
-1.860000e+00	3.251171e-05
-1.857500e+00	3.253326e-05
-1.855000e+00	3.255484e-05
-1.852500e+00	3.257645e-05
-1.850000e+00	3.259809e-05
-1.847500e+00	3.261977e-05
-1.845000e+00	3.264147e-05
-1.842500e+00	3.266321e-05
-1.840000e+00	3.268497e-05
-1.837500e+00	3.270677e-05
-1.835000e+00	3.272860e-05
-1.832500e+00	3.275046e-05
-1.830000e+00	3.277235e-05
-1.827500e+00	3.279428e-05
-1.825000e+00	3.281623e-05
-1.822500e+00	3.283822e-05
-1.820000e+00	3.286024e-05
-1.817500e+00	3.288230e-05
-1.815000e+00	3.290438e-05
-1.812500e+00	3.292650e-05
-1.810000e+00	3.294865e-05
-1.807500e+00	3.297083e-05
-1.805000e+00	3.299304e-05
-1.802500e+00	3.301529e-05
-1.800000e+00	3.303757e-05
-1.797500e+00	3.305988e-05
-1.795000e+00	3.308223e-05
-1.792500e+00	3.310461e-05
-1.790000e+00	3.312702e-05
-1.787500e+00	3.314946e-05
-1.785000e+00	3.317194e-05
-1.782500e+00	3.319445e-05
-1.780000e+00	3.321700e-05
-1.777500e+00	3.323958e-05
-1.775000e+00	3.326219e-05
-1.772500e+00	3.328483e-05
-1.770000e+00	3.330751e-05
-1.767500e+00	3.333023e-05
-1.765000e+00	3.335297e-05
-1.762500e+00	3.337576e-05
-1.760000e+00	3.339857e-05
-1.757500e+00	3.342142e-05
-1.755000e+00	3.344431e-05
-1.752500e+00	3.346723e-05
-1.750000e+00	3.349018e-05
-1.747500e+00	3.351317e-05
-1.745000e+00	3.353619e-05
-1.742500e+00	3.355925e-05
-1.740000e+00	3.358234e-05
-1.737500e+00	3.360547e-05
-1.735000e+00	3.362863e-05
-1.732500e+00	3.365183e-05
-1.730000e+00	3.367507e-05
-1.727500e+00	3.369834e-05
-1.725000e+00	3.372164e-05
-1.722500e+00	3.374498e-05
-1.720000e+00	3.376836e-05
-1.717500e+00	3.379177e-05
-1.715000e+00	3.381522e-05
-1.712500e+00	3.383870e-05
-1.710000e+00	3.386222e-05
-1.707500e+00	3.388578e-05
-1.705000e+00	3.390938e-05
-1.702500e+00	3.393301e-05
-1.700000e+00	3.395667e-05
-1.697500e+00	3.398037e-05
-1.695000e+00	3.400412e-05
-1.692500e+00	3.402789e-05
-1.690000e+00	3.405171e-05
-1.687500e+00	3.407556e-05
-1.685000e+00	3.409945e-05
-1.682500e+00	3.412337e-05
-1.680000e+00	3.414733e-05
-1.677500e+00	3.417134e-05
-1.675000e+00	3.419537e-05
-1.672500e+00	3.421945e-05
-1.670000e+00	3.424356e-05
-1.667500e+00	3.426772e-05
-1.665000e+00	3.429191e-05
-1.662500e+00	3.431614e-05
-1.660000e+00	3.434040e-05
-1.657500e+00	3.436471e-05
-1.655000e+00	3.438905e-05
-1.652500e+00	3.441344e-05
-1.650000e+00	3.443786e-05
-1.647500e+00	3.446232e-05
-1.645000e+00	3.448682e-05
-1.642500e+00	3.451136e-05
-1.640000e+00	3.453593e-05
-1.637500e+00	3.456055e-05
-1.635000e+00	3.458521e-05
-1.632500e+00	3.460990e-05
-1.630000e+00	3.463464e-05
-1.627500e+00	3.465942e-05
-1.625000e+00	3.468423e-05
-1.622500e+00	3.470909e-05
-1.620000e+00	3.473399e-05
-1.617500e+00	3.475892e-05
-1.615000e+00	3.478390e-05
-1.612500e+00	3.480892e-05
-1.610000e+00	3.483398e-05
-1.607500e+00	3.485907e-05
-1.605000e+00	3.488422e-05
-1.602500e+00	3.490940e-05
-1.600000e+00	3.493462e-05
-1.597500e+00	3.495988e-05
-1.595000e+00	3.498519e-05
-1.592500e+00	3.501054e-05
-1.590000e+00	3.503592e-05
-1.587500e+00	3.506135e-05
-1.585000e+00	3.508683e-05
-1.582500e+00	3.511234e-05
-1.580000e+00	3.513790e-05
-1.577500e+00	3.516350e-05
-1.575000e+00	3.518914e-05
-1.572500e+00	3.521482e-05
-1.570000e+00	3.524055e-05
-1.567500e+00	3.526632e-05
-1.565000e+00	3.529213e-05
-1.562500e+00	3.531799e-05
-1.560000e+00	3.534389e-05
-1.557500e+00	3.536983e-05
-1.555000e+00	3.539582e-05
-1.552500e+00	3.542185e-05
-1.550000e+00	3.544792e-05
-1.547500e+00	3.547404e-05
-1.545000e+00	3.550020e-05
-1.542500e+00	3.552641e-05
-1.540000e+00	3.555266e-05
-1.537500e+00	3.557895e-05
-1.535000e+00	3.560529e-05
-1.532500e+00	3.563167e-05
-1.530000e+00	3.565810e-05
-1.527500e+00	3.568458e-05
-1.525000e+00	3.571110e-05
-1.522500e+00	3.573766e-05
-1.520000e+00	3.576427e-05
-1.517500e+00	3.579093e-05
-1.515000e+00	3.581763e-05
-1.512500e+00	3.584438e-05
-1.510000e+00	3.587117e-05
-1.507500e+00	3.589801e-05
-1.505000e+00	3.592490e-05
-1.502500e+00	3.595183e-05
-1.500000e+00	3.597881e-05
-1.497500e+00	3.600584e-05
-1.495000e+00	3.603291e-05
-1.492500e+00	3.606003e-05
-1.490000e+00	3.608720e-05
-1.487500e+00	3.611442e-05
-1.485000e+00	3.614168e-05
-1.482500e+00	3.616899e-05
-1.480000e+00	3.619635e-05
-1.477500e+00	3.622376e-05
-1.475000e+00	3.625121e-05
-1.472500e+00	3.627871e-05
-1.470000e+00	3.630627e-05
-1.467500e+00	3.633387e-05
-1.465000e+00	3.636152e-05
-1.462500e+00	3.638921e-05
-1.460000e+00	3.641696e-05
-1.457500e+00	3.644476e-05
-1.455000e+00	3.647261e-05
-1.452500e+00	3.650050e-05
-1.450000e+00	3.652845e-05
-1.447500e+00	3.655644e-05
-1.445000e+00	3.658449e-05
-1.442500e+00	3.661259e-05
-1.440000e+00	3.664073e-05
-1.437500e+00	3.666893e-05
-1.435000e+00	3.669718e-05
-1.432500e+00	3.672548e-05
-1.430000e+00	3.675383e-05
-1.427500e+00	3.678223e-05
-1.425000e+00	3.681069e-05
-1.422500e+00	3.683919e-05
-1.420000e+00	3.686775e-05
-1.417500e+00	3.689636e-05
-1.415000e+00	3.692502e-05
-1.412500e+00	3.695373e-05
-1.410000e+00	3.698250e-05
-1.407500e+00	3.701132e-05
-1.405000e+00	3.704019e-05
-1.402500e+00	3.706912e-05
-1.400000e+00	3.709809e-05
-1.397500e+00	3.712713e-05
-1.395000e+00	3.715621e-05
-1.392500e+00	3.718535e-05
-1.390000e+00	3.721455e-05
-1.387500e+00	3.724379e-05
-1.385000e+00	3.727310e-05
-1.382500e+00	3.730245e-05
-1.380000e+00	3.733186e-05
-1.377500e+00	3.736133e-05
-1.375000e+00	3.739085e-05
-1.372500e+00	3.742043e-05
-1.370000e+00	3.745006e-05
-1.367500e+00	3.747975e-05
-1.365000e+00	3.750949e-05
-1.362500e+00	3.753929e-05
-1.360000e+00	3.756915e-05
-1.357500e+00	3.759906e-05
-1.355000e+00	3.762903e-05
-1.352500e+00	3.765906e-05
-1.350000e+00	3.768914e-05
-1.347500e+00	3.771929e-05
-1.345000e+00	3.774948e-05
-1.342500e+00	3.777974e-05
-1.340000e+00	3.781005e-05
-1.337500e+00	3.784043e-05
-1.335000e+00	3.787086e-05
-1.332500e+00	3.790135e-05
-1.330000e+00	3.793190e-05
-1.327500e+00	3.796250e-05
-1.325000e+00	3.799317e-05
-1.322500e+00	3.802389e-05
-1.320000e+00	3.805468e-05
-1.317500e+00	3.808552e-05
-1.315000e+00	3.811643e-05
-1.312500e+00	3.814740e-05
-1.310000e+00	3.817842e-05
-1.307500e+00	3.820951e-05
-1.305000e+00	3.824065e-05
-1.302500e+00	3.827186e-05
-1.300000e+00	3.830313e-05
-1.297500e+00	3.833446e-05
-1.295000e+00	3.836586e-05
-1.292500e+00	3.839731e-05
-1.290000e+00	3.842883e-05
-1.287500e+00	3.846041e-05
-1.285000e+00	3.849205e-05
-1.282500e+00	3.852376e-05
-1.280000e+00	3.855553e-05
-1.277500e+00	3.858736e-05
-1.275000e+00	3.861925e-05
-1.272500e+00	3.865121e-05
-1.270000e+00	3.868324e-05
-1.267500e+00	3.871533e-05
-1.265000e+00	3.874748e-05
-1.262500e+00	3.877969e-05
-1.260000e+00	3.881198e-05
-1.257500e+00	3.884432e-05
-1.255000e+00	3.887674e-05
-1.252500e+00	3.890922e-05
-1.250000e+00	3.894176e-05
-1.247500e+00	3.897437e-05
-1.245000e+00	3.900705e-05
-1.242500e+00	3.903979e-05
-1.240000e+00	3.907261e-05
-1.237500e+00	3.910549e-05
-1.235000e+00	3.913843e-05
-1.232500e+00	3.917145e-05
-1.230000e+00	3.920453e-05
-1.227500e+00	3.923768e-05
-1.225000e+00	3.927090e-05
-1.222500e+00	3.930418e-05
-1.220000e+00	3.933754e-05
-1.217500e+00	3.937097e-05
-1.215000e+00	3.940446e-05
-1.212500e+00	3.943803e-05
-1.210000e+00	3.947166e-05
-1.207500e+00	3.950537e-05
-1.205000e+00	3.953915e-05
-1.202500e+00	3.957300e-05
-1.200000e+00	3.960691e-05
-1.197500e+00	3.964091e-05
-1.195000e+00	3.967497e-05
-1.192500e+00	3.970910e-05
-1.190000e+00	3.974331e-05
-1.187500e+00	3.977759e-05
-1.185000e+00	3.981194e-05
-1.182500e+00	3.984637e-05
-1.180000e+00	3.988087e-05
-1.177500e+00	3.991544e-05
-1.175000e+00	3.995008e-05
-1.172500e+00	3.998481e-05
-1.170000e+00	4.001960e-05
-1.167500e+00	4.005447e-05
-1.165000e+00	4.008942e-05
-1.162500e+00	4.012444e-05
-1.160000e+00	4.015954e-05
-1.157500e+00	4.019471e-05
-1.155000e+00	4.022996e-05
-1.152500e+00	4.026529e-05
-1.150000e+00	4.030069e-05
-1.147500e+00	4.033617e-05
-1.145000e+00	4.037173e-05
-1.142500e+00	4.040737e-05
-1.140000e+00	4.044308e-05
-1.137500e+00	4.047888e-05
-1.135000e+00	4.051475e-05
-1.132500e+00	4.055070e-05
-1.130000e+00	4.058673e-05
-1.127500e+00	4.062284e-05
-1.125000e+00	4.065903e-05
-1.122500e+00	4.069530e-05
-1.120000e+00	4.073166e-05
-1.117500e+00	4.076809e-05
-1.115000e+00	4.080461e-05
-1.112500e+00	4.084120e-05
-1.110000e+00	4.087788e-05
-1.107500e+00	4.091465e-05
-1.105000e+00	4.095149e-05
-1.102500e+00	4.098842e-05
-1.100000e+00	4.102543e-05
-1.097500e+00	4.106252e-05
-1.095000e+00	4.109970e-05
-1.092500e+00	4.113697e-05
-1.090000e+00	4.117432e-05
-1.087500e+00	4.121175e-05
-1.085000e+00	4.124927e-05
-1.082500e+00	4.128688e-05
-1.080000e+00	4.132457e-05
-1.077500e+00	4.136235e-05
-1.075000e+00	4.140022e-05
-1.072500e+00	4.143817e-05
-1.070000e+00	4.147621e-05
-1.067500e+00	4.151434e-05
-1.065000e+00	4.155256e-05
-1.062500e+00	4.159087e-05
-1.060000e+00	4.162926e-05
-1.057500e+00	4.166775e-05
-1.055000e+00	4.170633e-05
-1.052500e+00	4.174499e-05
-1.050000e+00	4.178375e-05
-1.047500e+00	4.182260e-05
-1.045000e+00	4.186154e-05
-1.042500e+00	4.190057e-05
-1.040000e+00	4.193970e-05
-1.037500e+00	4.197891e-05
-1.035000e+00	4.201822e-05
-1.032500e+00	4.205763e-05
-1.030000e+00	4.209713e-05
-1.027500e+00	4.213672e-05
-1.025000e+00	4.217641e-05
-1.022500e+00	4.221619e-05
-1.020000e+00	4.225607e-05
-1.017500e+00	4.229604e-05
-1.015000e+00	4.233611e-05
-1.012500e+00	4.237628e-05
-1.010000e+00	4.241655e-05
-1.007500e+00	4.245691e-05
-1.005000e+00	4.249737e-05
-1.002500e+00	4.253793e-05
-1.000000e+00	4.257859e-05
-9.975000e-01	4.261935e-05
-9.950000e-01	4.266021e-05
-9.925000e-01	4.270117e-05
-9.900000e-01	4.274223e-05
-9.875000e-01	4.278339e-05
-9.850000e-01	4.282465e-05
-9.825000e-01	4.286602e-05
-9.800000e-01	4.290748e-05
-9.775000e-01	4.294905e-05
-9.750000e-01	4.299073e-05
-9.725000e-01	4.303251e-05
-9.700000e-01	4.307439e-05
-9.675000e-01	4.311638e-05
-9.650000e-01	4.315847e-05
-9.625000e-01	4.320067e-05
-9.600000e-01	4.324297e-05
-9.575000e-01	4.328539e-05
-9.550000e-01	4.332791e-05
-9.525000e-01	4.337053e-05
-9.500000e-01	4.341327e-05
-9.475000e-01	4.345611e-05
-9.450000e-01	4.349907e-05
-9.425000e-01	4.354213e-05
-9.400000e-01	4.358531e-05
-9.375000e-01	4.362859e-05
-9.350000e-01	4.367199e-05
-9.325000e-01	4.371550e-05
-9.300000e-01	4.375912e-05
-9.275000e-01	4.380285e-05
-9.250000e-01	4.384670e-05
-9.225000e-01	4.389066e-05
-9.200000e-01	4.393474e-05
-9.175000e-01	4.397893e-05
-9.150000e-01	4.402323e-05
-9.125000e-01	4.406766e-05
-9.100000e-01	4.411220e-05
-9.075000e-01	4.415685e-05
-9.050000e-01	4.420163e-05
-9.025000e-01	4.424652e-05
-9.000000e-01	4.429153e-05
-8.975000e-01	4.433666e-05
-8.950000e-01	4.438191e-05
-8.925000e-01	4.442728e-05
-8.900000e-01	4.447278e-05
-8.875000e-01	4.451839e-05
-8.850000e-01	4.456413e-05
-8.825000e-01	4.460999e-05
-8.800000e-01	4.465597e-05
-8.775000e-01	4.470208e-05
-8.750000e-01	4.474831e-05
-8.725000e-01	4.479467e-05
-8.700000e-01	4.484115e-05
-8.675000e-01	4.488776e-05
-8.650000e-01	4.493450e-05
-8.625000e-01	4.498136e-05
-8.600000e-01	4.502836e-05
-8.575000e-01	4.507548e-05
-8.550000e-01	4.512273e-05
-8.525000e-01	4.517011e-05
-8.500000e-01	4.521763e-05
-8.475000e-01	4.526527e-05
-8.450000e-01	4.531305e-05
-8.425000e-01	4.536096e-05
-8.400000e-01	4.540900e-05
-8.375000e-01	4.545718e-05
-8.350000e-01	4.550549e-05
-8.325000e-01	4.555394e-05
-8.300000e-01	4.560252e-05
-8.275000e-01	4.565124e-05
-8.250000e-01	4.570010e-05
-8.225000e-01	4.574910e-05
-8.200000e-01	4.579824e-05
-8.175000e-01	4.584751e-05
-8.150000e-01	4.589693e-05
-8.125000e-01	4.594648e-05
-8.100000e-01	4.599618e-05
-8.075000e-01	4.604602e-05
-8.050000e-01	4.609601e-05
-8.025000e-01	4.614614e-05
-8.000000e-01	4.619641e-05
-7.975000e-01	4.624683e-05
-7.950000e-01	4.629739e-05
-7.925000e-01	4.634810e-05
-7.900000e-01	4.639896e-05
-7.875000e-01	4.644997e-05
-7.850000e-01	4.650113e-05
-7.825000e-01	4.655243e-05
-7.800000e-01	4.660389e-05
-7.775000e-01	4.665550e-05
-7.750000e-01	4.670726e-05
-7.725000e-01	4.675918e-05
-7.700000e-01	4.681124e-05
-7.675000e-01	4.686347e-05
-7.650000e-01	4.691584e-05
-7.625000e-01	4.696838e-05
-7.600000e-01	4.702107e-05
-7.575000e-01	4.707392e-05
-7.550000e-01	4.712693e-05
-7.525000e-01	4.718010e-05
-7.500000e-01	4.723343e-05
-7.475000e-01	4.728692e-05
-7.450000e-01	4.734057e-05
-7.425000e-01	4.739438e-05
-7.400000e-01	4.744836e-05
-7.375000e-01	4.750251e-05
-7.350000e-01	4.755682e-05
-7.325000e-01	4.761129e-05
-7.300000e-01	4.766594e-05
-7.275000e-01	4.772075e-05
-7.250000e-01	4.777573e-05
-7.225000e-01	4.783088e-05
-7.200000e-01	4.788621e-05
-7.175000e-01	4.794170e-05
-7.150000e-01	4.799737e-05
-7.125000e-01	4.805321e-05
-7.100000e-01	4.810923e-05
-7.075000e-01	4.816542e-05
-7.050000e-01	4.822179e-05
-7.025000e-01	4.827834e-05
-7.000000e-01	4.833506e-05
-6.975000e-01	4.839197e-05
-6.950000e-01	4.844905e-05
-6.925000e-01	4.850632e-05
-6.900000e-01	4.856377e-05
-6.875000e-01	4.862141e-05
-6.850000e-01	4.867923e-05
-6.825000e-01	4.873723e-05
-6.800000e-01	4.879542e-05
-6.775000e-01	4.885380e-05
-6.750000e-01	4.891237e-05
-6.725000e-01	4.897113e-05
-6.700000e-01	4.903008e-05
-6.675000e-01	4.908922e-05
-6.650000e-01	4.914856e-05
-6.625000e-01	4.920809e-05
-6.600000e-01	4.926781e-05
-6.575000e-01	4.932774e-05
-6.550000e-01	4.938786e-05
-6.525000e-01	4.944817e-05
-6.500000e-01	4.950869e-05
-6.475000e-01	4.956941e-05
-6.450000e-01	4.963033e-05
-6.425000e-01	4.969146e-05
-6.400000e-01	4.975279e-05
-6.375000e-01	4.981432e-05
-6.350000e-01	4.987607e-05
-6.325000e-01	4.993802e-05
-6.300000e-01	5.000018e-05
-6.275000e-01	5.006255e-05
-6.250000e-01	5.012513e-05
-6.225000e-01	5.018792e-05
-6.200000e-01	5.025093e-05
-6.175000e-01	5.031416e-05
-6.150000e-01	5.037760e-05
-6.125000e-01	5.044126e-05
-6.100000e-01	5.050514e-05
-6.075000e-01	5.056924e-05
-6.050000e-01	5.063357e-05
-6.025000e-01	5.069811e-05
-6.000000e-01	5.076288e-05
-5.975000e-01	5.082788e-05
-5.950000e-01	5.089310e-05
-5.925000e-01	5.095856e-05
-5.900000e-01	5.102424e-05
-5.875000e-01	5.109015e-05
-5.850000e-01	5.115630e-05
-5.825000e-01	5.122268e-05
-5.800000e-01	5.128930e-05
-5.775000e-01	5.135616e-05
-5.750000e-01	5.142325e-05
-5.725000e-01	5.149058e-05
-5.700000e-01	5.155816e-05
-5.675000e-01	5.162598e-05
-5.650000e-01	5.169404e-05
-5.625000e-01	5.176235e-05
-5.600000e-01	5.183091e-05
-5.575000e-01	5.189971e-05
-5.550000e-01	5.196877e-05
-5.525000e-01	5.203808e-05
-5.500000e-01	5.210764e-05
-5.475000e-01	5.217746e-05
-5.450000e-01	5.224753e-05
-5.425000e-01	5.231786e-05
-5.400000e-01	5.238846e-05
-5.375000e-01	5.245931e-05
-5.350000e-01	5.253043e-05
-5.325000e-01	5.260181e-05
-5.300000e-01	5.267346e-05
-5.275000e-01	5.274538e-05
-5.250000e-01	5.281757e-05
-5.225000e-01	5.289003e-05
-5.200000e-01	5.296277e-05
-5.175000e-01	5.303578e-05
-5.150000e-01	5.310907e-05
-5.125000e-01	5.318263e-05
-5.100000e-01	5.325648e-05
-5.075000e-01	5.333061e-05
-5.050000e-01	5.340503e-05
-5.025000e-01	5.347973e-05
-5.000000e-01	5.355471e-05
-4.975000e-01	5.362999e-05
-4.950000e-01	5.370556e-05
-4.925000e-01	5.378143e-05
-4.900000e-01	5.385759e-05
-4.875000e-01	5.393405e-05
-4.850000e-01	5.401080e-05
-4.825000e-01	5.408786e-05
-4.800000e-01	5.416523e-05
-4.775000e-01	5.424289e-05
-4.750000e-01	5.432087e-05
-4.725000e-01	5.439916e-05
-4.700000e-01	5.447775e-05
-4.675000e-01	5.455666e-05
-4.650000e-01	5.463589e-05
-4.625000e-01	5.471544e-05
-4.600000e-01	5.479530e-05
-4.575000e-01	5.487549e-05
-4.550000e-01	5.495600e-05
-4.525000e-01	5.503684e-05
-4.500000e-01	5.511801e-05
-4.475000e-01	5.519951e-05
-4.450000e-01	5.528134e-05
-4.425000e-01	5.536351e-05
-4.400000e-01	5.544602e-05
-4.375000e-01	5.552886e-05
-4.350000e-01	5.561205e-05
-4.325000e-01	5.569559e-05
-4.300000e-01	5.577947e-05
-4.275000e-01	5.586370e-05
-4.250000e-01	5.594829e-05
-4.225000e-01	5.603323e-05
-4.200000e-01	5.611852e-05
-4.175000e-01	5.620418e-05
-4.150000e-01	5.629020e-05
-4.125000e-01	5.637658e-05
-4.100000e-01	5.646333e-05
-4.075000e-01	5.655046e-05
-4.050000e-01	5.663795e-05
-4.025000e-01	5.672582e-05
-4.000000e-01	5.681406e-05
-3.975000e-01	5.690269e-05
-3.950000e-01	5.699170e-05
-3.925000e-01	5.708110e-05
-3.900000e-01	5.717089e-05
-3.875000e-01	5.726106e-05
-3.850000e-01	5.735164e-05
-3.825000e-01	5.744261e-05
-3.800000e-01	5.753398e-05
-3.775000e-01	5.762575e-05
-3.750000e-01	5.771793e-05
-3.725000e-01	5.781051e-05
-3.700000e-01	5.790351e-05
-3.675000e-01	5.799693e-05
-3.650000e-01	5.809076e-05
-3.625000e-01	5.818502e-05
-3.600000e-01	5.827970e-05
-3.575000e-01	5.837480e-05
-3.550000e-01	5.847034e-05
-3.525000e-01	5.856631e-05
-3.500000e-01	5.866272e-05
-3.475000e-01	5.875957e-05
-3.450000e-01	5.885686e-05
-3.425000e-01	5.895460e-05
-3.400000e-01	5.905279e-05
-3.375000e-01	5.915143e-05
-3.350000e-01	5.925053e-05
-3.325000e-01	5.935009e-05
-3.300000e-01	5.945012e-05
-3.275000e-01	5.955061e-05
-3.250000e-01	5.965157e-05
-3.225000e-01	5.975301e-05
-3.200000e-01	5.985493e-05
-3.175000e-01	5.995733e-05
-3.150000e-01	6.006021e-05
-3.125000e-01	6.016359e-05
-3.100000e-01	6.026746e-05
-3.075000e-01	6.037183e-05
-3.050000e-01	6.047669e-05
-3.025000e-01	6.058207e-05
-3.000000e-01	6.068795e-05
-2.975000e-01	6.079434e-05
-2.950000e-01	6.090126e-05
-2.925000e-01	6.100869e-05
-2.900000e-01	6.111665e-05
-2.875000e-01	6.122514e-05
-2.850000e-01	6.133416e-05
-2.825000e-01	6.144372e-05
-2.800000e-01	6.155382e-05
-2.775000e-01	6.166447e-05
-2.750000e-01	6.177567e-05
-2.725000e-01	6.188743e-05
-2.700000e-01	6.199974e-05
-2.675000e-01	6.211262e-05
-2.650000e-01	6.222607e-05
-2.625000e-01	6.234010e-05
-2.600000e-01	6.245470e-05
-2.575000e-01	6.256988e-05
-2.550000e-01	6.268566e-05
-2.525000e-01	6.280202e-05
-2.500000e-01	6.291899e-05
-2.475000e-01	6.303655e-05
-2.450000e-01	6.315473e-05
-2.425000e-01	6.327351e-05
-2.400000e-01	6.339292e-05
-2.375000e-01	6.351295e-05
-2.350000e-01	6.363360e-05
-2.325000e-01	6.375489e-05
-2.300000e-01	6.387682e-05
-2.275000e-01	6.399939e-05
-2.250000e-01	6.412261e-05
-2.225000e-01	6.424649e-05
-2.200000e-01	6.437103e-05
-2.175000e-01	6.449623e-05
-2.150000e-01	6.462211e-05
-2.125000e-01	6.474867e-05
-2.100000e-01	6.487590e-05
-2.075000e-01	6.500383e-05
-2.050000e-01	6.513246e-05
-2.025000e-01	6.526178e-05
-2.000000e-01	6.539181e-05
-1.975000e-01	6.552256e-05
-1.950000e-01	6.565403e-05
-1.925000e-01	6.578622e-05
-1.900000e-01	6.591915e-05
-1.875000e-01	6.605282e-05
-1.850000e-01	6.618723e-05
-1.825000e-01	6.632239e-05
-1.800000e-01	6.645832e-05
-1.775000e-01	6.659501e-05
-1.750000e-01	6.673247e-05
-1.725000e-01	6.687071e-05
-1.700000e-01	6.700974e-05
-1.675000e-01	6.714957e-05
-1.650000e-01	6.729019e-05
-1.625000e-01	6.743162e-05
-1.600000e-01	6.757387e-05
-1.575000e-01	6.771694e-05
-1.550000e-01	6.786085e-05
-1.525000e-01	6.800559e-05
-1.500000e-01	6.815117e-05
-1.475000e-01	6.829762e-05
-1.450000e-01	6.844492e-05
-1.425000e-01	6.859309e-05
-1.400000e-01	6.874214e-05
-1.375000e-01	6.889208e-05
-1.350000e-01	6.904291e-05
-1.325000e-01	6.919464e-05
-1.300000e-01	6.934729e-05
-1.275000e-01	6.950085e-05
-1.250000e-01	6.965534e-05
-1.225000e-01	6.981077e-05
-1.200000e-01	6.996715e-05
-1.175000e-01	7.012448e-05
-1.150000e-01	7.028278e-05
-1.125000e-01	7.044205e-05
-1.100000e-01	7.060231e-05
-1.075000e-01	7.076355e-05
-1.050000e-01	7.092580e-05
-1.025000e-01	7.108906e-05
-1.000000e-01	7.125335e-05
-9.750000e-02	7.141866e-05
-9.500000e-02	7.158502e-05
-9.250000e-02	7.175243e-05
-9.000000e-02	7.192090e-05
-8.750000e-02	7.209044e-05
-8.500000e-02	7.226107e-05
-8.250000e-02	7.243280e-05
-8.000000e-02	7.260563e-05
-7.750000e-02	7.277957e-05
-7.500000e-02	7.295465e-05
-7.250000e-02	7.313086e-05
-7.000000e-02	7.330823e-05
-6.750000e-02	7.348675e-05
-6.500000e-02	7.366646e-05
-6.250000e-02	7.384734e-05
-6.000000e-02	7.402943e-05
-5.750000e-02	7.421273e-05
-5.500000e-02	7.439725e-05
-5.250000e-02	7.458301e-05
-5.000000e-02	7.477001e-05
-4.750000e-02	7.495828e-05
-4.500000e-02	7.514782e-05
-4.250000e-02	7.533865e-05
-4.000000e-02	7.553079e-05
-3.750000e-02	7.572424e-05
-3.500000e-02	7.591901e-05
-3.250000e-02	7.611513e-05
-3.000000e-02	7.631261e-05
-2.750000e-02	7.651147e-05
-2.500000e-02	7.671171e-05
-2.250000e-02	7.691335e-05
-2.000000e-02	7.711641e-05
-1.750000e-02	7.732090e-05
-1.500000e-02	7.752683e-05
-1.250000e-02	7.773424e-05
-1.000000e-02	7.794312e-05
-7.500000e-03	7.815350e-05
-5.000000e-03	7.836539e-05
-2.500000e-03	7.857881e-05
9.379164e-13	7.879377e-05
2.500000e-03	7.901030e-05
5.000000e-03	7.922841e-05
7.500000e-03	7.944812e-05
1.000000e-02	7.966945e-05
1.250000e-02	7.989240e-05
1.500000e-02	8.011702e-05
1.750000e-02	8.034330e-05
2.000000e-02	8.057127e-05
2.250000e-02	8.080096e-05
2.500000e-02	8.103237e-05
2.750000e-02	8.126553e-05
3.000000e-02	8.150046e-05
3.250000e-02	8.173718e-05
3.500000e-02	8.197572e-05
3.750000e-02	8.221608e-05
4.000000e-02	8.245830e-05
4.250000e-02	8.270239e-05
4.500000e-02	8.294838e-05
4.750000e-02	8.319629e-05
5.000000e-02	8.344614e-05
5.250000e-02	8.369796e-05
5.500000e-02	8.395176e-05
5.750000e-02	8.420758e-05
6.000000e-02	8.446543e-05
6.250000e-02	8.472535e-05
6.500000e-02	8.498735e-05
6.750000e-02	8.525146e-05
7.000000e-02	8.551771e-05
7.250000e-02	8.578613e-05
7.500000e-02	8.605673e-05
7.750000e-02	8.632955e-05
8.000000e-02	8.660462e-05
8.250000e-02	8.688196e-05
8.500000e-02	8.716160e-05
8.750000e-02	8.744357e-05
9.000000e-02	8.772789e-05
9.250000e-02	8.801461e-05
9.500000e-02	8.830375e-05
9.750000e-02	8.859533e-05
1.000000e-01	8.888940e-05
1.025000e-01	8.918597e-05
1.050000e-01	8.948510e-05
1.075000e-01	8.978680e-05
1.100000e-01	9.009111e-05
1.125000e-01	9.039806e-05
1.150000e-01	9.070770e-05
1.175000e-01	9.102005e-05
1.200000e-01	9.133515e-05
1.225000e-01	9.165303e-05
1.250000e-01	9.197374e-05
1.275000e-01	9.229731e-05
1.300000e-01	9.262378e-05
1.325000e-01	9.295319e-05
1.350000e-01	9.328557e-05
1.375000e-01	9.362097e-05
1.400000e-01	9.395943e-05
1.425000e-01	9.430100e-05
1.450000e-01	9.464570e-05
1.475000e-01	9.499359e-05
1.500000e-01	9.534471e-05
1.525000e-01	9.569910e-05
1.550000e-01	9.605681e-05
1.575000e-01	9.641789e-05
1.600000e-01	9.678238e-05
1.625000e-01	9.715034e-05
1.650000e-01	9.752180e-05
1.675000e-01	9.789682e-05
1.700000e-01	9.827546e-05
1.725000e-01	9.865776e-05
1.750000e-01	9.904377e-05
1.775000e-01	9.943355e-05
1.800000e-01	9.982715e-05
1.825000e-01	1.002246e-04
1.850000e-01	1.006260e-04
1.875000e-01	1.010315e-04
1.900000e-01	1.014409e-04
1.925000e-01	1.018545e-04
1.950000e-01	1.022722e-04
1.975000e-01	1.026942e-04
2.000000e-01	1.031205e-04
2.025000e-01	1.035511e-04
2.050000e-01	1.039862e-04
2.075000e-01	1.044258e-04
2.100000e-01	1.048699e-04
2.125000e-01	1.053187e-04
2.150000e-01	1.057722e-04
2.175000e-01	1.062304e-04
2.200000e-01	1.066935e-04
2.225000e-01	1.071616e-04
2.250000e-01	1.076346e-04
2.275000e-01	1.081127e-04
2.300000e-01	1.085960e-04
2.325000e-01	1.090846e-04
2.350000e-01	1.095785e-04
2.375000e-01	1.100777e-04
2.400000e-01	1.105825e-04
2.425000e-01	1.110929e-04
2.450000e-01	1.116090e-04
2.475000e-01	1.121309e-04
2.500000e-01	1.126586e-04
2.525000e-01	1.131923e-04
2.550000e-01	1.137320e-04
2.575000e-01	1.142779e-04
2.600000e-01	1.148301e-04
2.625000e-01	1.153887e-04
2.650000e-01	1.159538e-04
2.675000e-01	1.165254e-04
2.700000e-01	1.171038e-04
2.725000e-01	1.176890e-04
2.750000e-01	1.182811e-04
2.775000e-01	1.188803e-04
2.800000e-01	1.194867e-04
2.825000e-01	1.201003e-04
2.850000e-01	1.207214e-04
2.875000e-01	1.213501e-04
2.900000e-01	1.219865e-04
2.925000e-01	1.226307e-04
2.950000e-01	1.232829e-04
2.975000e-01	1.239433e-04
3.000000e-01	1.246119e-04
3.025000e-01	1.252889e-04
3.050000e-01	1.259745e-04
3.075000e-01	1.266688e-04
3.100000e-01	1.273721e-04
3.125000e-01	1.280844e-04
3.150000e-01	1.288059e-04
3.175000e-01	1.295368e-04
3.200000e-01	1.302773e-04
3.225000e-01	1.310276e-04
3.250000e-01	1.317879e-04
3.275000e-01	1.325582e-04
3.300000e-01	1.333390e-04
3.325000e-01	1.341302e-04
3.350000e-01	1.349322e-04
3.375000e-01	1.357452e-04
3.400000e-01	1.365693e-04
3.425000e-01	1.374048e-04
3.450000e-01	1.382520e-04
3.475000e-01	1.391110e-04
3.500000e-01	1.399821e-04
3.525000e-01	1.408655e-04
3.550000e-01	1.417616e-04
3.575000e-01	1.426705e-04
3.600000e-01	1.435925e-04
3.625000e-01	1.445279e-04
3.650000e-01	1.454770e-04
3.675000e-01	1.464400e-04
3.700000e-01	1.474174e-04
3.725000e-01	1.484092e-04
3.750000e-01	1.494160e-04
3.775000e-01	1.504379e-04
3.800000e-01	1.514754e-04
3.825000e-01	1.525287e-04
3.850000e-01	1.535982e-04
3.875000e-01	1.546843e-04
3.900000e-01	1.557874e-04
3.925000e-01	1.569077e-04
3.950000e-01	1.580458e-04
3.975000e-01	1.592020e-04
4.000000e-01	1.603767e-04
4.025000e-01	1.615704e-04
4.050000e-01	1.627834e-04
4.075000e-01	1.640163e-04
4.100000e-01	1.652695e-04
4.125000e-01	1.665435e-04
4.150000e-01	1.678387e-04
4.175000e-01	1.691558e-04
4.200000e-01	1.704951e-04
4.225000e-01	1.718573e-04
4.250000e-01	1.732429e-04
4.275000e-01	1.746525e-04
4.300000e-01	1.760867e-04
4.325000e-01	1.775461e-04
4.350000e-01	1.790313e-04
4.375000e-01	1.805429e-04
4.400000e-01	1.820817e-04
4.425000e-01	1.836484e-04
4.450000e-01	1.852436e-04
4.475000e-01	1.868681e-04
4.500000e-01	1.885227e-04
4.525000e-01	1.902081e-04
4.550000e-01	1.919252e-04
4.575000e-01	1.936749e-04
4.600000e-01	1.954580e-04
4.625000e-01	1.972754e-04
4.650000e-01	1.991281e-04
4.675000e-01	2.010169e-04
4.700000e-01	2.029431e-04
4.725000e-01	2.049075e-04
4.750000e-01	2.069113e-04
4.775000e-01	2.089556e-04
4.800000e-01	2.110415e-04
4.825000e-01	2.131703e-04
4.850000e-01	2.153432e-04
4.875000e-01	2.175615e-04
4.900000e-01	2.198265e-04
4.925000e-01	2.221397e-04
4.950000e-01	2.245025e-04
4.975000e-01	2.269164e-04
5.000000e-01	2.293830e-04
5.025000e-01	2.319038e-04
5.050000e-01	2.344807e-04
5.075000e-01	2.371154e-04
5.100000e-01	2.398096e-04
5.125000e-01	2.425653e-04
5.150000e-01	2.453846e-04
5.175000e-01	2.482693e-04
5.200000e-01	2.512218e-04
5.225000e-01	2.542443e-04
5.250000e-01	2.573391e-04
5.275000e-01	2.605086e-04
5.300000e-01	2.637554e-04
5.325000e-01	2.670822e-04
5.350000e-01	2.704917e-04
5.375000e-01	2.739869e-04
5.400000e-01	2.775708e-04
5.425000e-01	2.812465e-04
5.450000e-01	2.850175e-04
5.475000e-01	2.888871e-04
5.500000e-01	2.928590e-04
5.525000e-01	2.969371e-04
5.550000e-01	3.011252e-04
5.575000e-01	3.054277e-04
5.600000e-01	3.098489e-04
5.625000e-01	3.143933e-04
5.650000e-01	3.190660e-04
5.675000e-01	3.238719e-04
5.700000e-01	3.288164e-04
5.725000e-01	3.339051e-04
5.750000e-01	3.391439e-04
5.775000e-01	3.445391e-04
5.800000e-01	3.500972e-04
5.825000e-01	3.558251e-04
5.850000e-01	3.617302e-04
5.875000e-01	3.678201e-04
5.900000e-01	3.741030e-04
5.925000e-01	3.805874e-04
5.950000e-01	3.872824e-04
5.975000e-01	3.941976e-04
6.000000e-01	4.013432e-04
6.025000e-01	4.087300e-04
6.050000e-01	4.163692e-04
6.075000e-01	4.242732e-04
6.100000e-01	4.324546e-04
6.125000e-01	4.409273e-04
6.150000e-01	4.497056e-04
6.175000e-01	4.588050e-04
6.200000e-01	4.682420e-04
6.225000e-01	4.780341e-04
6.250000e-01	4.882001e-04
6.275000e-01	4.987598e-04
6.300000e-01	5.097347e-04
6.325000e-01	5.211475e-04
6.350000e-01	5.330227e-04
6.375000e-01	5.453865e-04
6.400000e-01	5.582670e-04
6.425000e-01	5.716943e-04
6.450000e-01	5.857009e-04
6.475000e-01	6.003217e-04
6.500000e-01	6.155943e-04
6.525000e-01	6.315592e-04
6.550000e-01	6.482603e-04
6.575000e-01	6.657449e-04
6.600000e-01	6.840643e-04
6.625000e-01	7.032740e-04
6.650000e-01	7.234344e-04
6.675000e-01	7.446112e-04
6.700000e-01	7.668756e-04
6.725000e-01	7.903056e-04
6.750000e-01	8.149861e-04
6.775000e-01	8.410100e-04
6.800000e-01	8.684793e-04
6.825000e-01	8.975056e-04
6.850000e-01	9.282118e-04
6.875000e-01	9.607332e-04
6.900000e-01	9.952189e-04
6.925000e-01	1.031834e-03
6.950000e-01	1.070762e-03
6.975000e-01	1.112205e-03
7.000000e-01	1.156389e-03
7.025000e-01	1.203566e-03
7.050000e-01	1.254019e-03
7.075000e-01	1.308062e-03
7.100000e-01	1.366052e-03
7.125000e-01	1.428387e-03
7.150000e-01	1.495521e-03
7.175000e-01	1.567967e-03
7.200000e-01	1.646307e-03
7.225000e-01	1.731208e-03
7.250000e-01	1.823432e-03
7.275000e-01	1.923857e-03
7.300000e-01	2.033494e-03
7.325000e-01	2.153516e-03
7.350000e-01	2.285288e-03
7.375000e-01	2.430407e-03
7.400000e-01	2.590750e-03
7.425000e-01	2.768532e-03
7.450000e-01	2.966388e-03
7.475000e-01	3.187462e-03
7.500000e-01	3.435538e-03
7.525000e-01	3.715195e-03
7.550000e-01	4.032014e-03
7.575000e-01	4.392855e-03
7.600000e-01	4.806210e-03
7.625000e-01	5.282695e-03
7.650000e-01	5.835698e-03
7.675000e-01	6.482280e-03
7.700000e-01	7.244417e-03
7.725000e-01	8.150753e-03
7.750000e-01	9.239079e-03
7.775000e-01	1.055993e-02
7.800000e-01	1.218178e-02
7.825000e-01	1.419878e-02
7.850000e-01	1.674207e-02
7.875000e-01	1.999662e-02
7.900000e-01	2.422526e-02
7.925000e-01	2.980112e-02
7.950000e-01	3.724267e-02
7.975000e-01	4.722261e-02
8.000000e-01	6.045116e-02
8.025000e-01	7.717388e-02
8.050000e-01	9.587843e-02
8.075000e-01	1.115592e-01
8.100000e-01	1.167860e-01
8.125000e-01	1.083801e-01
8.150000e-01	9.129209e-02
8.175000e-01	7.278901e-02
8.200000e-01	5.691133e-02
8.225000e-01	4.456437e-02
8.250000e-01	3.530347e-02
8.275000e-01	2.840242e-02
8.300000e-01	2.322365e-02
8.325000e-01	1.928761e-02
8.350000e-01	1.625200e-02
8.375000e-01	1.387610e-02
8.400000e-01	1.199033e-02
8.425000e-01	1.047413e-02
8.450000e-01	9.240715e-03
8.475000e-01	8.226746e-03
8.500000e-01	7.385373e-03
8.525000e-01	6.681470e-03
8.550000e-01	6.088369e-03
8.575000e-01	5.585587e-03
8.600000e-01	5.157222e-03
8.625000e-01	4.790808e-03
8.650000e-01	4.476493e-03
8.675000e-01	4.206428e-03
8.700000e-01	3.974327e-03
8.725000e-01	3.775132e-03
8.750000e-01	3.604764e-03
8.775000e-01	3.459934e-03
8.800000e-01	3.338000e-03
8.825000e-01	3.236857e-03
8.850000e-01	3.154858e-03
8.875000e-01	3.090748e-03
8.900000e-01	3.043626e-03
8.925000e-01	3.012910e-03
8.950000e-01	2.998324e-03
8.975000e-01	2.999891e-03
9.000000e-01	3.017938e-03
9.025000e-01	3.053115e-03
9.050000e-01	3.106429e-03
9.075000e-01	3.179287e-03
9.100000e-01	3.273569e-03
9.125000e-01	3.391713e-03
9.150000e-01	3.536845e-03
9.175000e-01	3.712945e-03
9.200000e-01	3.925068e-03
9.225000e-01	4.179653e-03
9.250000e-01	4.484940e-03
9.275000e-01	4.851541e-03
9.300000e-01	5.293244e-03
9.325000e-01	5.828138e-03
9.350000e-01	6.480228e-03
9.375000e-01	7.281761e-03
9.400000e-01	8.276628e-03
9.425000e-01	9.525380e-03
9.450000e-01	1.111265e-02
9.475000e-01	1.315808e-02
9.500000e-01	1.583185e-02
9.525000e-01	1.937510e-02
9.550000e-01	2.412026e-02
9.575000e-01	3.048852e-02
9.600000e-01	3.889061e-02
9.625000e-01	4.934930e-02
9.650000e-01	6.061332e-02
9.675000e-01	6.921397e-02
9.700000e-01	7.076638e-02
9.725000e-01	6.430345e-02
9.750000e-01	5.347494e-02
9.775000e-01	4.244772e-02
9.800000e-01	3.322808e-02
9.825000e-01	2.612991e-02
9.850000e-01	2.081787e-02
9.875000e-01	1.685358e-02
9.900000e-01	1.386892e-02
9.925000e-01	1.159111e-02
9.950000e-01	9.826345e-03
9.975000e-01	8.438413e-03
1.000000e+00	7.331204e-03
1.002500e+00	6.436221e-03
1.005000e+00	5.704016e-03
1.007500e+00	5.098394e-03
1.010000e+00	4.592488e-03
1.012500e+00	4.166090e-03
1.015000e+00	3.803803e-03
1.017500e+00	3.493754e-03
1.020000e+00	3.226685e-03
1.022500e+00	2.995305e-03
1.025000e+00	2.793812e-03
1.027500e+00	2.617553e-03
1.030000e+00	2.462760e-03
1.032500e+00	2.326368e-03
1.035000e+00	2.205858e-03
1.037500e+00	2.099155e-03
1.040000e+00	2.004534e-03
1.042500e+00	1.920562e-03
1.045000e+00	1.846038e-03
1.047500e+00	1.779958e-03
1.050000e+00	1.721477e-03
1.052500e+00	1.669889e-03
1.055000e+00	1.624602e-03
1.057500e+00	1.585124e-03
1.060000e+00	1.551048e-03
1.062500e+00	1.522047e-03
1.065000e+00	1.497857e-03
1.067500e+00	1.478281e-03
1.070000e+00	1.463178e-03
1.072500e+00	1.452464e-03
1.075000e+00	1.446109e-03
1.077500e+00	1.444138e-03
1.080000e+00	1.446636e-03
1.082500e+00	1.453743e-03
1.085000e+00	1.465672e-03
1.087500e+00	1.482704e-03
1.090000e+00	1.505209e-03
1.092500e+00	1.533649e-03
1.095000e+00	1.568607e-03
1.097500e+00	1.610799e-03
1.100000e+00	1.661108e-03
1.102500e+00	1.720625e-03
1.105000e+00	1.790690e-03
1.107500e+00	1.872964e-03
1.110000e+00	1.969511e-03
1.112500e+00	2.082914e-03
1.115000e+00	2.216426e-03
1.117500e+00	2.374180e-03
1.120000e+00	2.561479e-03
1.122500e+00	2.785197e-03
1.125000e+00	3.054345e-03
1.127500e+00	3.380883e-03
1.130000e+00	3.780894e-03
1.132500e+00	4.276306e-03
1.135000e+00	4.897424e-03
1.137500e+00	5.686688e-03
1.140000e+00	6.704171e-03
1.142500e+00	8.035341e-03
1.145000e+00	9.800927e-03
1.147500e+00	1.216565e-02
1.150000e+00	1.533217e-02
1.152500e+00	1.947786e-02
1.155000e+00	2.453824e-02
1.157500e+00	2.974811e-02
1.160000e+00	3.329378e-02
1.162500e+00	3.326076e-02
1.165000e+00	2.967380e-02
1.167500e+00	2.446613e-02
1.170000e+00	1.943359e-02
1.172500e+00	1.532231e-02
1.175000e+00	1.218836e-02
1.177500e+00	9.852601e-03
1.180000e+00	8.112924e-03
1.182500e+00	6.805638e-03
1.185000e+00	5.810949e-03
1.187500e+00	5.044133e-03
1.190000e+00	4.445700e-03
1.192500e+00	3.973681e-03
1.195000e+00	3.598174e-03
1.197500e+00	3.297625e-03
1.200000e+00	3.056312e-03
1.202500e+00	2.862645e-03
1.205000e+00	2.708012e-03
1.207500e+00	2.585979e-03
1.210000e+00	2.491737e-03
1.212500e+00	2.421719e-03
1.215000e+00	2.373329e-03
1.217500e+00	2.344752e-03
1.220000e+00	2.334833e-03
1.222500e+00	2.342989e-03
1.225000e+00	2.369174e-03
1.227500e+00	2.413860e-03
1.230000e+00	2.478062e-03
1.232500e+00	2.563391e-03
1.235000e+00	2.672139e-03
1.237500e+00	2.807422e-03
1.240000e+00	2.973368e-03
1.242500e+00	3.175400e-03
1.245000e+00	3.420618e-03
1.247500e+00	3.718351e-03
1.250000e+00	4.080934e-03
1.252500e+00	4.524819e-03
1.255000e+00	5.072194e-03
1.257500e+00	5.753348e-03
1.260000e+00	6.610161e-03
1.262500e+00	7.701275e-03
1.265000e+00	9.109679e-03
1.267500e+00	1.095349e-02
1.270000e+00	1.339990e-02
1.272500e+00	1.667838e-02
1.275000e+00	2.107606e-02
1.277500e+00	2.686068e-02
1.280000e+00	3.400148e-02
1.282500e+00	4.154316e-02
1.285000e+00	4.702400e-02
1.287500e+00	4.756865e-02
1.290000e+00	4.283571e-02
1.292500e+00	3.544253e-02
1.295000e+00	2.809809e-02
1.297500e+00	2.202303e-02
1.300000e+00	1.736586e-02
1.302500e+00	1.388500e-02
1.305000e+00	1.128714e-02
1.307500e+00	9.330214e-03
1.310000e+00	7.835871e-03
1.312500e+00	6.677657e-03
1.315000e+00	5.766697e-03
1.317500e+00	5.040248e-03
1.320000e+00	4.453553e-03
1.322500e+00	3.974270e-03
1.325000e+00	3.578705e-03
1.327500e+00	3.249259e-03
1.330000e+00	2.972688e-03
1.332500e+00	2.738901e-03
1.335000e+00	2.540120e-03
1.337500e+00	2.370289e-03
1.340000e+00	2.224646e-03
1.342500e+00	2.099416e-03
1.345000e+00	1.991583e-03
1.347500e+00	1.898728e-03
1.350000e+00	1.818895e-03
1.352500e+00	1.750506e-03
1.355000e+00	1.692283e-03
1.357500e+00	1.643194e-03
1.360000e+00	1.602415e-03
1.362500e+00	1.569295e-03
1.365000e+00	1.543333e-03
1.367500e+00	1.524159e-03
1.370000e+00	1.511526e-03
1.372500e+00	1.505295e-03
1.375000e+00	1.505439e-03
1.377500e+00	1.512035e-03
1.380000e+00	1.525276e-03
1.382500e+00	1.545472e-03
1.385000e+00	1.573065e-03
1.387500e+00	1.608647e-03
1.390000e+00	1.652984e-03
1.392500e+00	1.707052e-03
1.395000e+00	1.772073e-03
1.397500e+00	1.849581e-03
1.400000e+00	1.941492e-03
1.402500e+00	2.050208e-03
1.405000e+00	2.178756e-03
1.407500e+00	2.330966e-03
1.410000e+00	2.511727e-03
1.412500e+00	2.727335e-03
1.415000e+00	2.985979e-03
1.417500e+00	3.298430e-03
1.420000e+00	3.679026e-03
1.422500e+00	4.147109e-03
1.425000e+00	4.729124e-03
1.427500e+00	5.461727e-03
1.430000e+00	6.396371e-03
1.432500e+00	7.606009e-03
1.435000e+00	9.194434e-03
1.437500e+00	1.130775e-02
1.440000e+00	1.414299e-02
1.442500e+00	1.793438e-02
1.445000e+00	2.285963e-02
1.447500e+00	2.874583e-02
1.450000e+00	3.451083e-02
1.452500e+00	3.792196e-02
1.455000e+00	3.704363e-02
1.457500e+00	3.241666e-02
1.460000e+00	2.638797e-02
1.462500e+00	2.079994e-02
1.465000e+00	1.631215e-02
1.467500e+00	1.290895e-02
1.470000e+00	1.037032e-02
1.472500e+00	8.471554e-03
1.475000e+00	7.035508e-03
1.477500e+00	5.933723e-03
1.480000e+00	5.075524e-03
1.482500e+00	4.397157e-03
1.485000e+00	3.853493e-03
1.487500e+00	3.412221e-03
1.490000e+00	3.049894e-03
1.492500e+00	2.749257e-03
1.495000e+00	2.497441e-03
1.497500e+00	2.284714e-03
1.500000e+00	2.103630e-03
1.502500e+00	1.948420e-03
1.505000e+00	1.814570e-03
1.507500e+00	1.698508e-03
1.510000e+00	1.597384e-03
1.512500e+00	1.508902e-03
1.515000e+00	1.431199e-03
1.517500e+00	1.362751e-03
1.520000e+00	1.302304e-03
1.522500e+00	1.248820e-03
1.525000e+00	1.201433e-03
1.527500e+00	1.159419e-03
1.530000e+00	1.122170e-03
1.532500e+00	1.089173e-03
1.535000e+00	1.059993e-03
1.537500e+00	1.034262e-03
1.540000e+00	1.011668e-03
1.542500e+00	9.919443e-04
1.545000e+00	9.748667e-04
1.547500e+00	9.602449e-04
1.550000e+00	9.479189e-04
1.552500e+00	9.377552e-04
1.555000e+00	9.296443e-04
1.557500e+00	9.234974e-04
1.560000e+00	9.192453e-04
1.562500e+00	9.168364e-04
1.565000e+00	9.162359e-04
1.567500e+00	9.174248e-04
1.570000e+00	9.203994e-04
1.572500e+00	9.251714e-04
1.575000e+00	9.317677e-04
1.577500e+00	9.402308e-04
1.580000e+00	9.506195e-04
1.582500e+00	9.630100e-04
1.585000e+00	9.774969e-04
1.587500e+00	9.941950e-04
1.590000e+00	1.013242e-03
1.592500e+00	1.034798e-03
1.595000e+00	1.059056e-03
1.597500e+00	1.086236e-03
1.600000e+00	1.116597e-03
1.602500e+00	1.150439e-03
1.605000e+00	1.188114e-03
1.607500e+00	1.230028e-03
1.610000e+00	1.276657e-03
1.612500e+00	1.328558e-03
1.615000e+00	1.386384e-03
1.617500e+00	1.450902e-03
1.620000e+00	1.523022e-03
1.622500e+00	1.603824e-03
1.625000e+00	1.694596e-03
1.627500e+00	1.796885e-03
1.630000e+00	1.912561e-03
1.632500e+00	2.043899e-03
1.635000e+00	2.193681e-03
1.637500e+00	2.365345e-03
1.640000e+00	2.563171e-03
1.642500e+00	2.792531e-03
1.645000e+00	3.060243e-03
1.647500e+00	3.375042e-03
1.650000e+00	3.748254e-03
1.652500e+00	4.194733e-03
1.655000e+00	4.734220e-03
1.657500e+00	5.393303e-03
1.660000e+00	6.208288e-03
1.662500e+00	7.229453e-03
1.665000e+00	8.527326e-03
1.667500e+00	1.020185e-02
1.670000e+00	1.239521e-02
1.672500e+00	1.530759e-02
1.675000e+00	1.920938e-02
1.677500e+00	2.442353e-02
1.680000e+00	3.120021e-02
1.682500e+00	3.931945e-02
1.685000e+00	4.732533e-02
1.687500e+00	5.216217e-02
1.690000e+00	5.110994e-02
1.692500e+00	4.482825e-02
1.695000e+00	3.653808e-02
1.697500e+00	2.881894e-02
1.700000e+00	2.261256e-02
1.702500e+00	1.791004e-02
1.705000e+00	1.441029e-02
1.707500e+00	1.180249e-02
1.710000e+00	9.841030e-03
1.712500e+00	8.347814e-03
1.715000e+00	7.197389e-03
1.717500e+00	6.301910e-03
1.720000e+00	5.599656e-03
1.722500e+00	5.047007e-03
1.725000e+00	4.613024e-03
1.727500e+00	4.275840e-03
1.730000e+00	4.020301e-03
1.732500e+00	3.836465e-03
1.735000e+00	3.718723e-03
1.737500e+00	3.665431e-03
1.740000e+00	3.678995e-03
1.742500e+00	3.766451e-03
1.745000e+00	3.940644e-03
1.747500e+00	4.222175e-03
1.750000e+00	4.642286e-03
1.752500e+00	5.246556e-03
1.755000e+00	6.097946e-03
1.757500e+00	7.273339e-03
1.760000e+00	8.835834e-03
1.762500e+00	1.074406e-02
1.765000e+00	1.266989e-02
1.767500e+00	1.388872e-02
1.770000e+00	1.370394e-02
1.772500e+00	1.221054e-02
1.775000e+00	1.017642e-02
1.777500e+00	8.256316e-03
1.780000e+00	6.703325e-03
1.782500e+00	5.524945e-03
1.785000e+00	4.649677e-03
1.787500e+00	4.001112e-03
1.790000e+00	3.518348e-03
1.792500e+00	3.157196e-03
1.795000e+00	2.886655e-03
1.797500e+00	2.685226e-03
1.800000e+00	2.538063e-03
1.802500e+00	2.434994e-03
1.805000e+00	2.369197e-03
1.807500e+00	2.336338e-03
1.810000e+00	2.334034e-03
1.812500e+00	2.361550e-03
1.815000e+00	2.419670e-03
1.817500e+00	2.510736e-03
1.820000e+00	2.638831e-03
1.822500e+00	2.810152e-03
1.825000e+00	3.033623e-03
1.827500e+00	3.321824e-03
1.830000e+00	3.692422e-03
1.832500e+00	4.170290e-03
1.835000e+00	4.790682e-03
1.837500e+00	5.603864e-03
1.840000e+00	6.681557e-03
1.842500e+00	8.124742e-03
1.845000e+00	1.006909e-02
1.847500e+00	1.267373e-02
1.850000e+00	1.605185e-02
1.852500e+00	2.005916e-02
1.855000e+00	2.390888e-02
1.857500e+00	2.605374e-02
1.860000e+00	2.525309e-02
1.862500e+00	2.199231e-02
1.865000e+00	1.788378e-02
1.867500e+00	1.412556e-02
1.870000e+00	1.112309e-02
1.872500e+00	8.849410e-03
1.875000e+00	7.152465e-03
1.877500e+00	5.881341e-03
1.880000e+00	4.918064e-03
1.882500e+00	4.177315e-03
1.885000e+00	3.598915e-03
1.887500e+00	3.140533e-03
1.890000e+00	2.772185e-03
1.892500e+00	2.472378e-03
1.895000e+00	2.225498e-03
1.897500e+00	2.020043e-03
1.900000e+00	1.847421e-03
1.902500e+00	1.701129e-03
1.905000e+00	1.576182e-03
1.907500e+00	1.468717e-03
1.910000e+00	1.375704e-03
1.912500e+00	1.294743e-03
1.915000e+00	1.223917e-03
1.917500e+00	1.161677e-03
1.920000e+00	1.106767e-03
1.922500e+00	1.058155e-03
1.925000e+00	1.014991e-03
1.927500e+00	9.765703e-04
1.930000e+00	9.423027e-04
1.932500e+00	9.116934e-04
1.935000e+00	8.843247e-04
1.937500e+00	8.598428e-04
1.940000e+00	8.379464e-04
1.942500e+00	8.183784e-04
1.945000e+00	8.009187e-04
1.947500e+00	7.853784e-04
1.950000e+00	7.715950e-04
1.952500e+00	7.594287e-04
1.955000e+00	7.487595e-04
1.957500e+00	7.394840e-04
1.960000e+00	7.315135e-04
1.962500e+00	7.247726e-04
1.965000e+00	7.191970e-04
1.967500e+00	7.147328e-04
1.970000e+00	7.113351e-04
1.972500e+00	7.089676e-04
1.975000e+00	7.076016e-04
1.977500e+00	7.072154e-04
1.980000e+00	7.077942e-04
1.982500e+00	7.093295e-04
1.985000e+00	7.118189e-04
1.987500e+00	7.152662e-04
1.990000e+00	7.196809e-04
1.992500e+00	7.250788e-04
1.995000e+00	7.314818e-04
1.997500e+00	7.389180e-04
2.000000e+00	7.474222e-04
2.002500e+00	7.570361e-04
2.005000e+00	7.678090e-04
2.007500e+00	7.797983e-04
2.010000e+00	7.930700e-04
2.012500e+00	8.076997e-04
2.015000e+00	8.237739e-04
2.017500e+00	8.413905e-04
2.020000e+00	8.606609e-04
2.022500e+00	8.817112e-04
2.025000e+00	9.046843e-04
2.027500e+00	9.297420e-04
2.030000e+00	9.570681e-04
2.032500e+00	9.868710e-04
2.035000e+00	1.019388e-03
2.037500e+00	1.054889e-03
2.040000e+00	1.093684e-03
2.042500e+00	1.136125e-03
2.045000e+00	1.182620e-03
2.047500e+00	1.233636e-03
2.050000e+00	1.289716e-03
2.052500e+00	1.351488e-03
2.055000e+00	1.419686e-03
2.057500e+00	1.495167e-03
2.060000e+00	1.578943e-03
2.062500e+00	1.672207e-03
2.065000e+00	1.776379e-03
2.067500e+00	1.893158e-03
2.070000e+00	2.024586e-03
2.072500e+00	2.173137e-03
2.075000e+00	2.341832e-03
2.077500e+00	2.534382e-03
2.080000e+00	2.755386e-03
2.082500e+00	3.010598e-03
2.085000e+00	3.307281e-03
2.087500e+00	3.654698e-03
2.090000e+00	4.064790e-03
2.092500e+00	4.553140e-03
2.095000e+00	5.140330e-03
2.097500e+00	5.853913e-03
2.100000e+00	6.731279e-03
2.102500e+00	7.823891e-03
2.105000e+00	9.203536e-03
2.107500e+00	1.097153e-02
2.110000e+00	1.327192e-02
2.112500e+00	1.630890e-02
2.115000e+00	2.036488e-02
2.117500e+00	2.580142e-02
2.120000e+00	3.298387e-02
2.122500e+00	4.198080e-02
2.125000e+00	5.183055e-02
2.127500e+00	5.967459e-02
2.130000e+00	6.164602e-02
2.132500e+00	5.655608e-02
2.135000e+00	4.736253e-02
2.137500e+00	3.778316e-02
2.140000e+00	2.971961e-02
2.142500e+00	2.352945e-02
2.145000e+00	1.895099e-02
2.147500e+00	1.561396e-02
2.150000e+00	1.320851e-02
2.152500e+00	1.151352e-02
2.155000e+00	1.038196e-02
2.157500e+00	9.711217e-03
2.160000e+00	9.393991e-03
2.162500e+00	9.244623e-03
2.165000e+00	8.968730e-03
2.167500e+00	8.326090e-03
2.170000e+00	7.363487e-03
2.172500e+00	6.324961e-03
2.175000e+00	5.396332e-03
2.177500e+00	4.636347e-03
2.180000e+00	4.033600e-03
2.182500e+00	3.557024e-03
2.185000e+00	3.176757e-03
2.187500e+00	2.869284e-03
2.190000e+00	2.617239e-03
2.192500e+00	2.408017e-03
2.195000e+00	2.232445e-03
2.197500e+00	2.083780e-03
2.200000e+00	1.956995e-03
2.202500e+00	1.848289e-03
2.205000e+00	1.754752e-03
2.207500e+00	1.674130e-03
2.210000e+00	1.604659e-03
2.212500e+00	1.544957e-03
2.215000e+00	1.493930e-03
2.217500e+00	1.450724e-03
2.220000e+00	1.414675e-03
2.222500e+00	1.385279e-03
2.225000e+00	1.362173e-03
2.227500e+00	1.345117e-03
2.230000e+00	1.333987e-03
2.232500e+00	1.328772e-03
2.235000e+00	1.329575e-03
2.237500e+00	1.336618e-03
2.240000e+00	1.350255e-03
2.242500e+00	1.370988e-03
2.245000e+00	1.399495e-03
2.247500e+00	1.436664e-03
2.250000e+00	1.483641e-03
2.252500e+00	1.541896e-03
2.255000e+00	1.613307e-03
2.257500e+00	1.700288e-03
2.260000e+00	1.805947e-03
2.262500e+00	1.934324e-03
2.265000e+00	2.090710e-03
2.267500e+00	2.282113e-03
2.270000e+00	2.517922e-03
2.272500e+00	2.810875e-03
2.275000e+00	3.178493e-03
2.277500e+00	3.645187e-03
2.280000e+00	4.245373e-03
2.282500e+00	5.027969e-03
2.285000e+00	6.062461e-03
2.287500e+00	7.445647e-03
2.290000e+00	9.304005e-03
2.292500e+00	1.177409e-02
2.295000e+00	1.491399e-02
2.297500e+00	1.846848e-02
2.300000e+00	2.153358e-02
2.302500e+00	2.269824e-02
2.305000e+00	2.126688e-02
2.307500e+00	1.810115e-02
2.310000e+00	1.459263e-02
2.312500e+00	1.154509e-02
2.315000e+00	9.147949e-03
2.317500e+00	7.327085e-03
2.320000e+00	5.956151e-03
2.322500e+00	4.921423e-03
2.325000e+00	4.133307e-03
2.327500e+00	3.525285e-03
2.330000e+00	3.049488e-03
2.332500e+00	2.671845e-03
2.335000e+00	2.368053e-03
2.337500e+00	2.120621e-03
2.340000e+00	1.916805e-03
2.342500e+00	1.747196e-03
2.345000e+00	1.604752e-03
2.347500e+00	1.484136e-03
2.350000e+00	1.381250e-03
2.352500e+00	1.292914e-03
2.355000e+00	1.216630e-03
2.357500e+00	1.150419e-03
2.360000e+00	1.092698e-03
2.362500e+00	1.042190e-03
2.365000e+00	9.978560e-04
2.367500e+00	9.588452e-04
2.370000e+00	9.244568e-04
2.372500e+00	8.941094e-04
2.375000e+00	8.673188e-04
2.377500e+00	8.436796e-04
2.380000e+00	8.228512e-04
2.382500e+00	8.045467e-04
2.385000e+00	7.885237e-04
2.387500e+00	7.745776e-04
2.390000e+00	7.625353e-04
2.392500e+00	7.522509e-04
2.395000e+00	7.436021e-04
2.397500e+00	7.364868e-04
2.400000e+00	7.308209e-04
2.402500e+00	7.265364e-04
2.405000e+00	7.235797e-04
2.407500e+00	7.219106e-04
2.410000e+00	7.215014e-04
2.412500e+00	7.223366e-04
2.415000e+00	7.244123e-04
2.417500e+00	7.277362e-04
2.420000e+00	7.323284e-04
2.422500e+00	7.382217e-04
2.425000e+00	7.454625e-04
2.427500e+00	7.541125e-04
2.430000e+00	7.642508e-04
2.432500e+00	7.759762e-04
2.435000e+00	7.894110e-04
2.437500e+00	8.047057e-04
2.440000e+00	8.220455e-04
2.442500e+00	8.416582e-04
2.445000e+00	8.638263e-04
2.447500e+00	8.889024e-04
2.450000e+00	9.173306e-04
2.452500e+00	9.496778e-04
2.455000e+00	9.866765e-04
2.457500e+00	1.029288e-03
2.460000e+00	1.078794e-03
2.462500e+00	1.136930e-03
2.465000e+00	1.206086e-03
2.467500e+00	1.289588e-03
2.470000e+00	1.392087e-03
2.472500e+00	1.519999e-03
2.475000e+00	1.681708e-03
2.477500e+00	1.886500e-03
2.480000e+00	2.139395e-03
2.482500e+00	2.426957e-03
2.485000e+00	2.695618e-03
2.487500e+00	2.856436e-03
2.490000e+00	2.859395e-03
2.492500e+00	2.754704e-03
2.495000e+00	2.634117e-03
2.497500e+00	2.555257e-03
2.500000e+00	2.535462e-03
2.502500e+00	2.573540e-03
2.505000e+00	2.664435e-03
2.507500e+00	2.804788e-03
2.510000e+00	2.994369e-03
2.512500e+00	3.236304e-03
2.515000e+00	3.537196e-03
2.517500e+00	3.907538e-03
2.520000e+00	4.362552e-03
2.522500e+00	4.923631e-03
2.525000e+00	5.620592e-03
2.527500e+00	6.495108e-03
2.530000e+00	7.605858e-03
2.532500e+00	9.036102e-03
2.535000e+00	1.090437e-02
2.537500e+00	1.337800e-02
2.540000e+00	1.668471e-02
2.542500e+00	2.110282e-02
2.545000e+00	2.687001e-02
2.547500e+00	3.387718e-02
2.550000e+00	4.103546e-02
2.552500e+00	4.584419e-02
2.555000e+00	4.578221e-02
2.557500e+00	4.104914e-02
2.560000e+00	3.434082e-02
2.562500e+00	2.806716e-02
2.565000e+00	2.321436e-02
2.567500e+00	1.983953e-02
2.570000e+00	1.761214e-02
2.572500e+00	1.602094e-02
2.575000e+00	1.453912e-02
2.577500e+00	1.293887e-02
2.580000e+00	1.137637e-02
2.582500e+00	1.009152e-02
2.585000e+00	9.202867e-03
2.587500e+00	8.733887e-03
2.590000e+00	8.686030e-03
2.592500e+00	9.073905e-03
2.595000e+00	9.917033e-03
2.597500e+00	1.117325e-02
2.600000e+00	1.258830e-02
2.602500e+00	1.356187e-02
2.605000e+00	1.341620e-02
2.607500e+00	1.208364e-02
2.610000e+00	1.017845e-02
2.612500e+00	8.321006e-03
2.615000e+00	6.783678e-03
2.617500e+00	5.593894e-03
2.620000e+00	4.691736e-03
2.622500e+00	4.006839e-03
2.625000e+00	3.481375e-03
2.627500e+00	3.072453e-03
2.630000e+00	2.749163e-03
2.632500e+00	2.489578e-03
2.635000e+00	2.278715e-03
2.637500e+00	2.106533e-03
2.640000e+00	1.965989e-03
2.642500e+00	1.851975e-03
2.645000e+00	1.760925e-03
2.647500e+00	1.690639e-03
2.650000e+00	1.640119e-03
2.652500e+00	1.609256e-03
2.655000e+00	1.597860e-03
2.657500e+00	1.603040e-03
2.660000e+00	1.614555e-03
2.662500e+00	1.613373e-03
2.665000e+00	1.584354e-03
2.667500e+00	1.533072e-03
2.670000e+00	1.478634e-03
2.672500e+00	1.435366e-03
2.675000e+00	1.408360e-03
2.677500e+00	1.397775e-03
2.680000e+00	1.402514e-03
2.682500e+00	1.421773e-03
2.685000e+00	1.455472e-03
2.687500e+00	1.504351e-03
2.690000e+00	1.570003e-03
2.692500e+00	1.654971e-03
2.695000e+00	1.762934e-03
2.697500e+00	1.899031e-03
2.700000e+00	2.070357e-03
2.702500e+00	2.286720e-03
2.705000e+00	2.561769e-03
2.707500e+00	2.914684e-03
2.710000e+00	3.372654e-03
2.712500e+00	3.974424e-03
2.715000e+00	4.774899e-03
2.717500e+00	5.849631e-03
2.720000e+00	7.293769e-03
2.722500e+00	9.198050e-03
2.725000e+00	1.155983e-02
2.727500e+00	1.407904e-02
2.730000e+00	1.595504e-02
2.732500e+00	1.621577e-02
2.735000e+00	1.469731e-02
2.737500e+00	1.224761e-02
2.740000e+00	9.785943e-03
2.742500e+00	7.740115e-03
2.745000e+00	6.169618e-03
2.747500e+00	4.996494e-03
2.750000e+00	4.122821e-03
2.752500e+00	3.467230e-03
2.755000e+00	2.969774e-03
2.757500e+00	2.588164e-03
2.760000e+00	2.293036e-03
2.762500e+00	2.064173e-03
2.765000e+00	1.887862e-03
2.767500e+00	1.755093e-03
2.770000e+00	1.660188e-03
2.772500e+00	1.599135e-03
2.775000e+00	1.566435e-03
2.777500e+00	1.549631e-03
2.780000e+00	1.526405e-03
2.782500e+00	1.476931e-03
2.785000e+00	1.404490e-03
2.787500e+00	1.330878e-03
2.790000e+00	1.274965e-03
2.792500e+00	1.245601e-03
2.795000e+00	1.245808e-03
2.797500e+00	1.275614e-03
2.800000e+00	1.329108e-03
2.802500e+00	1.386093e-03
2.805000e+00	1.409500e-03
2.807500e+00	1.369936e-03
2.810000e+00	1.277989e-03
2.812500e+00	1.170087e-03
2.815000e+00	1.073154e-03
2.817500e+00	9.960700e-04
2.820000e+00	9.379375e-04
2.822500e+00	8.950799e-04
2.825000e+00	8.639063e-04
2.827500e+00	8.416228e-04
2.830000e+00	8.262176e-04
2.832500e+00	8.162836e-04
2.835000e+00	8.108492e-04
2.837500e+00	8.092502e-04
2.840000e+00	8.110416e-04
2.842500e+00	8.159381e-04
2.845000e+00	8.237748e-04
2.847500e+00	8.344821e-04
2.850000e+00	8.480704e-04
2.852500e+00	8.646208e-04
2.855000e+00	8.842821e-04
2.857500e+00	9.072715e-04
2.860000e+00	9.338793e-04
2.862500e+00	9.644776e-04
2.865000e+00	9.995333e-04
2.867500e+00	1.039626e-03
2.870000e+00	1.085472e-03
2.872500e+00	1.137959e-03
2.875000e+00	1.198188e-03
2.877500e+00	1.267531e-03
2.880000e+00	1.347714e-03
2.882500e+00	1.440922e-03
2.885000e+00	1.549952e-03
2.887500e+00	1.678415e-03
2.890000e+00	1.831038e-03
2.892500e+00	2.014078e-03
2.895000e+00	2.235936e-03
2.897500e+00	2.508046e-03
2.900000e+00	2.846190e-03
2.902500e+00	3.272444e-03
2.905000e+00	3.818021e-03
2.907500e+00	4.527251e-03
2.910000e+00	5.462565e-03
2.912500e+00	6.708579e-03
2.915000e+00	8.367645e-03
2.917500e+00	1.052376e-02
2.920000e+00	1.312454e-02
2.922500e+00	1.574500e-02
2.925000e+00	1.744884e-02
2.927500e+00	1.734496e-02
2.930000e+00	1.557234e-02
2.932500e+00	1.313356e-02
2.935000e+00	1.087557e-02
2.937500e+00	9.118159e-03
2.940000e+00	7.856201e-03
2.942500e+00	6.989746e-03
2.945000e+00	6.435427e-03
2.947500e+00	6.133220e-03
2.950000e+00	6.013647e-03
2.952500e+00	5.974009e-03
2.955000e+00	5.882390e-03
2.957500e+00	5.662343e-03
2.960000e+00	5.373080e-03
2.962500e+00	5.135013e-03
2.965000e+00	5.027578e-03
2.967500e+00	5.080583e-03
2.970000e+00	5.305264e-03
2.972500e+00	5.716781e-03
2.975000e+00	6.345395e-03
2.977500e+00	7.243597e-03
2.980000e+00	8.493356e-03
2.982500e+00	1.021341e-02
2.985000e+00	1.255940e-02
2.987500e+00	1.569135e-02
2.990000e+00	1.964378e-02
2.992500e+00	2.400601e-02
2.995000e+00	2.753496e-02
2.997500e+00	2.852047e-02
