#omega	spectral weight
-6.000000e+00	2.291384e-05
-5.997500e+00	2.292875e-05
-5.995000e+00	2.294367e-05
-5.992500e+00	2.295861e-05
-5.990000e+00	2.297357e-05
-5.987500e+00	2.298855e-05
-5.985000e+00	2.300355e-05
-5.982500e+00	2.301856e-05
-5.980000e+00	2.303360e-05
-5.977500e+00	2.304865e-05
-5.975000e+00	2.306373e-05
-5.972500e+00	2.307882e-05
-5.970000e+00	2.309393e-05
-5.967500e+00	2.310906e-05
-5.965000e+00	2.312422e-05
-5.962500e+00	2.313939e-05
-5.960000e+00	2.315458e-05
-5.957500e+00	2.316978e-05
-5.955000e+00	2.318501e-05
-5.952500e+00	2.320026e-05
-5.950000e+00	2.321553e-05
-5.947500e+00	2.323082e-05
-5.945000e+00	2.324612e-05
-5.942500e+00	2.326145e-05
-5.940000e+00	2.327679e-05
-5.937500e+00	2.329216e-05
-5.935000e+00	2.330755e-05
-5.932500e+00	2.332295e-05
-5.930000e+00	2.333838e-05
-5.927500e+00	2.335382e-05
-5.925000e+00	2.336928e-05
-5.922500e+00	2.338477e-05
-5.920000e+00	2.340027e-05
-5.917500e+00	2.341580e-05
-5.915000e+00	2.343134e-05
-5.912500e+00	2.344691e-05
-5.910000e+00	2.346249e-05
-5.907500e+00	2.347810e-05
-5.905000e+00	2.349372e-05
-5.902500e+00	2.350937e-05
-5.900000e+00	2.352503e-05
-5.897500e+00	2.354072e-05
-5.895000e+00	2.355643e-05
-5.892500e+00	2.357215e-05
-5.890000e+00	2.358790e-05
-5.887500e+00	2.360367e-05
-5.885000e+00	2.361945e-05
-5.882500e+00	2.363526e-05
-5.880000e+00	2.365109e-05
-5.877500e+00	2.366694e-05
-5.875000e+00	2.368281e-05
-5.872500e+00	2.369870e-05
-5.870000e+00	2.371462e-05
-5.867500e+00	2.373055e-05
-5.865000e+00	2.374650e-05
-5.862500e+00	2.376248e-05
-5.860000e+00	2.377847e-05
-5.857500e+00	2.379449e-05
-5.855000e+00	2.381053e-05
-5.852500e+00	2.382659e-05
-5.850000e+00	2.384267e-05
-5.847500e+00	2.385877e-05
-5.845000e+00	2.387489e-05
-5.842500e+00	2.389103e-05
-5.840000e+00	2.390720e-05
-5.837500e+00	2.392339e-05
-5.835000e+00	2.393959e-05
-5.832500e+00	2.395582e-05
-5.830000e+00	2.397207e-05
-5.827500e+00	2.398834e-05
-5.825000e+00	2.400464e-05
-5.822500e+00	2.402095e-05
-5.820000e+00	2.403729e-05
-5.817500e+00	2.405365e-05
-5.815000e+00	2.407003e-05
-5.812500e+00	2.408643e-05
-5.810000e+00	2.410285e-05
-5.807500e+00	2.411930e-05
-5.805000e+00	2.413576e-05
-5.802500e+00	2.415225e-05
-5.800000e+00	2.416876e-05
-5.797500e+00	2.418530e-05
-5.795000e+00	2.420185e-05
-5.792500e+00	2.421843e-05
-5.790000e+00	2.423503e-05
-5.787500e+00	2.425165e-05
-5.785000e+00	2.426830e-05
-5.782500e+00	2.428496e-05
-5.780000e+00	2.430165e-05
-5.777500e+00	2.431836e-05
-5.775000e+00	2.433509e-05
-5.772500e+00	2.435185e-05
-5.770000e+00	2.436863e-05
-5.767500e+00	2.438543e-05
-5.765000e+00	2.440225e-05
-5.762500e+00	2.441910e-05
-5.760000e+00	2.443597e-05
-5.757500e+00	2.445286e-05
-5.755000e+00	2.446977e-05
-5.752500e+00	2.448671e-05
-5.750000e+00	2.450367e-05
-5.747500e+00	2.452065e-05
-5.745000e+00	2.453766e-05
-5.742500e+00	2.455469e-05
-5.740000e+00	2.457174e-05
-5.737500e+00	2.458882e-05
-5.735000e+00	2.460592e-05
-5.732500e+00	2.462304e-05
-5.730000e+00	2.464018e-05
-5.727500e+00	2.465735e-05
-5.725000e+00	2.467454e-05
-5.722500e+00	2.469176e-05
-5.720000e+00	2.470900e-05
-5.717500e+00	2.472626e-05
-5.715000e+00	2.474355e-05
-5.712500e+00	2.476086e-05
-5.710000e+00	2.477819e-05
-5.707500e+00	2.479554e-05
-5.705000e+00	2.481293e-05
-5.702500e+00	2.483033e-05
-5.700000e+00	2.484776e-05
-5.697500e+00	2.486521e-05
-5.695000e+00	2.488269e-05
-5.692500e+00	2.490019e-05
-5.690000e+00	2.491771e-05
-5.687500e+00	2.493526e-05
-5.685000e+00	2.495283e-05
-5.682500e+00	2.497043e-05
-5.680000e+00	2.498805e-05
-5.677500e+00	2.500569e-05
-5.675000e+00	2.502336e-05
-5.672500e+00	2.504106e-05
-5.670000e+00	2.505878e-05
-5.667500e+00	2.507652e-05
-5.665000e+00	2.509429e-05
-5.662500e+00	2.511208e-05
-5.660000e+00	2.512990e-05
-5.657500e+00	2.514774e-05
-5.655000e+00	2.516560e-05
-5.652500e+00	2.518350e-05
-5.650000e+00	2.520141e-05
-5.647500e+00	2.521935e-05
-5.645000e+00	2.523732e-05
-5.642500e+00	2.525531e-05
-5.640000e+00	2.527333e-05
-5.637500e+00	2.529137e-05
-5.635000e+00	2.530943e-05
-5.632500e+00	2.532753e-05
-5.630000e+00	2.534564e-05
-5.627500e+00	2.536379e-05
-5.625000e+00	2.538195e-05
-5.622500e+00	2.540015e-05
-5.620000e+00	2.541837e-05
-5.617500e+00	2.543661e-05
-5.615000e+00	2.545488e-05
-5.612500e+00	2.547318e-05
-5.610000e+00	2.549150e-05
-5.607500e+00	2.550985e-05
-5.605000e+00	2.552822e-05
-5.602500e+00	2.554662e-05
-5.600000e+00	2.556504e-05
-5.597500e+00	2.558349e-05
-5.595000e+00	2.560197e-05
-5.592500e+00	2.562048e-05
-5.590000e+00	2.563900e-05
-5.587500e+00	2.565756e-05
-5.585000e+00	2.567614e-05
-5.582500e+00	2.569475e-05
-5.580000e+00	2.571339e-05
-5.577500e+00	2.573205e-05
-5.575000e+00	2.575074e-05
-5.572500e+00	2.576945e-05
-5.570000e+00	2.578819e-05
-5.567500e+00	2.580696e-05
-5.565000e+00	2.582575e-05
-5.562500e+00	2.584458e-05
-5.560000e+00	2.586342e-05
-5.557500e+00	2.588230e-05
-5.555000e+00	2.590120e-05
-5.552500e+00	2.592013e-05
-5.550000e+00	2.593909e-05
-5.547500e+00	2.595807e-05
-5.545000e+00	2.597708e-05
-5.542500e+00	2.599612e-05
-5.540000e+00	2.601519e-05
-5.537500e+00	2.603428e-05
-5.535000e+00	2.605340e-05
-5.532500e+00	2.607255e-05
-5.530000e+00	2.609172e-05
-5.527500e+00	2.611093e-05
-5.525000e+00	2.613016e-05
-5.522500e+00	2.614941e-05
-5.520000e+00	2.616870e-05
-5.517500e+00	2.618802e-05
-5.515000e+00	2.620736e-05
-5.512500e+00	2.622673e-05
-5.510000e+00	2.624613e-05
-5.507500e+00	2.626555e-05
-5.505000e+00	2.628501e-05
-5.502500e+00	2.630449e-05
-5.500000e+00	2.632400e-05
-5.497500e+00	2.634354e-05
-5.495000e+00	2.636311e-05
-5.492500e+00	2.638271e-05
-5.490000e+00	2.640233e-05
-5.487500e+00	2.642199e-05
-5.485000e+00	2.644167e-05
-5.482500e+00	2.646138e-05
-5.480000e+00	2.648112e-05
-5.477500e+00	2.650089e-05
-5.475000e+00	2.652069e-05
-5.472500e+00	2.654051e-05
-5.470000e+00	2.656037e-05
-5.467500e+00	2.658026e-05
-5.465000e+00	2.660017e-05
-5.462500e+00	2.662011e-05
-5.460000e+00	2.664009e-05
-5.457500e+00	2.666009e-05
-5.455000e+00	2.668012e-05
-5.452500e+00	2.670018e-05
-5.450000e+00	2.672028e-05
-5.447500e+00	2.674040e-05
-5.445000e+00	2.676055e-05
-5.442500e+00	2.678073e-05
-5.440000e+00	2.680094e-05
-5.437500e+00	2.682118e-05
-5.435000e+00	2.684145e-05
-5.432500e+00	2.686175e-05
-5.430000e+00	2.688208e-05
-5.427500e+00	2.690244e-05
-5.425000e+00	2.692283e-05
-5.422500e+00	2.694325e-05
-5.420000e+00	2.696370e-05
-5.417500e+00	2.698419e-05
-5.415000e+00	2.700470e-05
-5.412500e+00	2.702524e-05
-5.410000e+00	2.704582e-05
-5.407500e+00	2.706642e-05
-5.405000e+00	2.708706e-05
-5.402500e+00	2.710772e-05
-5.400000e+00	2.712842e-05
-5.397500e+00	2.714915e-05
-5.395000e+00	2.716991e-05
-5.392500e+00	2.719070e-05
-5.390000e+00	2.721152e-05
-5.387500e+00	2.723238e-05
-5.385000e+00	2.725326e-05
-5.382500e+00	2.727418e-05
-5.380000e+00	2.729513e-05
-5.377500e+00	2.731611e-05
-5.375000e+00	2.733712e-05
-5.372500e+00	2.735816e-05
-5.370000e+00	2.737924e-05
-5.367500e+00	2.740034e-05
-5.365000e+00	2.742148e-05
-5.362500e+00	2.744265e-05
-5.360000e+00	2.746385e-05
-5.357500e+00	2.748509e-05
-5.355000e+00	2.750636e-05
-5.352500e+00	2.752766e-05
-5.350000e+00	2.754899e-05
-5.347500e+00	2.757035e-05
-5.345000e+00	2.759175e-05
-5.342500e+00	2.761318e-05
-5.340000e+00	2.763464e-05
-5.337500e+00	2.765614e-05
-5.335000e+00	2.767767e-05
-5.332500e+00	2.769923e-05
-5.330000e+00	2.772082e-05
-5.327500e+00	2.774245e-05
-5.325000e+00	2.776411e-05
-5.322500e+00	2.778580e-05
-5.320000e+00	2.780753e-05
-5.317500e+00	2.782929e-05
-5.315000e+00	2.785108e-05
-5.312500e+00	2.787291e-05
-5.310000e+00	2.789477e-05
-5.307500e+00	2.791667e-05
-5.305000e+00	2.793860e-05
-5.302500e+00	2.796056e-05
-5.300000e+00	2.798255e-05
-5.297500e+00	2.800458e-05
-5.295000e+00	2.802665e-05
-5.292500e+00	2.804875e-05
-5.290000e+00	2.807088e-05
-5.287500e+00	2.809305e-05
-5.285000e+00	2.811525e-05
-5.282500e+00	2.813749e-05
-5.280000e+00	2.815976e-05
-5.277500e+00	2.818206e-05
-5.275000e+00	2.820440e-05
-5.272500e+00	2.822678e-05
-5.270000e+00	2.824919e-05
-5.267500e+00	2.827163e-05
-5.265000e+00	2.829411e-05
-5.262500e+00	2.831663e-05
-5.260000e+00	2.833918e-05
-5.257500e+00	2.836176e-05
-5.255000e+00	2.838439e-05
-5.252500e+00	2.840704e-05
-5.250000e+00	2.842973e-05
-5.247500e+00	2.845246e-05
-5.245000e+00	2.847523e-05
-5.242500e+00	2.849803e-05
-5.240000e+00	2.852086e-05
-5.237500e+00	2.854373e-05
-5.235000e+00	2.856664e-05
-5.232500e+00	2.858958e-05
-5.230000e+00	2.861256e-05
-5.227500e+00	2.863558e-05
-5.225000e+00	2.865863e-05
-5.222500e+00	2.868172e-05
-5.220000e+00	2.870485e-05
-5.217500e+00	2.872801e-05
-5.215000e+00	2.875121e-05
-5.212500e+00	2.877445e-05
-5.210000e+00	2.879772e-05
-5.207500e+00	2.882103e-05
-5.205000e+00	2.884438e-05
-5.202500e+00	2.886776e-05
-5.200000e+00	2.889119e-05
-5.197500e+00	2.891464e-05
-5.195000e+00	2.893814e-05
-5.192500e+00	2.896168e-05
-5.190000e+00	2.898525e-05
-5.187500e+00	2.900886e-05
-5.185000e+00	2.903251e-05
-5.182500e+00	2.905619e-05
-5.180000e+00	2.907992e-05
-5.177500e+00	2.910368e-05
-5.175000e+00	2.912748e-05
-5.172500e+00	2.915132e-05
-5.170000e+00	2.917519e-05
-5.167500e+00	2.919911e-05
-5.165000e+00	2.922306e-05
-5.162500e+00	2.924706e-05
-5.160000e+00	2.927109e-05
-5.157500e+00	2.929516e-05
-5.155000e+00	2.931927e-05
-5.152500e+00	2.934341e-05
-5.150000e+00	2.936760e-05
-5.147500e+00	2.939183e-05
-5.145000e+00	2.941610e-05
-5.142500e+00	2.944040e-05
-5.140000e+00	2.946475e-05
-5.137500e+00	2.948913e-05
-5.135000e+00	2.951356e-05
-5.132500e+00	2.953802e-05
-5.130000e+00	2.956252e-05
-5.127500e+00	2.958707e-05
-5.125000e+00	2.961165e-05
-5.122500e+00	2.963628e-05
-5.120000e+00	2.966094e-05
-5.117500e+00	2.968565e-05
-5.115000e+00	2.971039e-05
-5.112500e+00	2.973518e-05
-5.110000e+00	2.976001e-05
-5.107500e+00	2.978488e-05
-5.105000e+00	2.980979e-05
-5.102500e+00	2.983474e-05
-5.100000e+00	2.985973e-05
-5.097500e+00	2.988476e-05
-5.095000e+00	2.990983e-05
-5.092500e+00	2.993495e-05
-5.090000e+00	2.996011e-05
-5.087500e+00	2.998530e-05
-5.085000e+00	3.001054e-05
-5.082500e+00	3.003583e-05
-5.080000e+00	3.006115e-05
-5.077500e+00	3.008652e-05
-5.075000e+00	3.011192e-05
-5.072500e+00	3.013737e-05
-5.070000e+00	3.016287e-05
-5.067500e+00	3.018840e-05
-5.065000e+00	3.021398e-05
-5.062500e+00	3.023960e-05
-5.060000e+00	3.026526e-05
-5.057500e+00	3.029097e-05
-5.055000e+00	3.031672e-05
-5.052500e+00	3.034251e-05
-5.050000e+00	3.036835e-05
-5.047500e+00	3.039423e-05
-5.045000e+00	3.042015e-05
-5.042500e+00	3.044612e-05
-5.040000e+00	3.047213e-05
-5.037500e+00	3.049818e-05
-5.035000e+00	3.052428e-05
-5.032500e+00	3.055042e-05
-5.030000e+00	3.057660e-05
-5.027500e+00	3.060283e-05
-5.025000e+00	3.062911e-05
-5.022500e+00	3.065543e-05
-5.020000e+00	3.068179e-05
-5.017500e+00	3.070820e-05
-5.015000e+00	3.073465e-05
-5.012500e+00	3.076115e-05
-5.010000e+00	3.078769e-05
-5.007500e+00	3.081428e-05
-5.005000e+00	3.084091e-05
-5.002500e+00	3.086759e-05
-5.000000e+00	3.089431e-05
-4.997500e+00	3.092108e-05
-4.995000e+00	3.094789e-05
-4.992500e+00	3.097476e-05
-4.990000e+00	3.100166e-05
-4.987500e+00	3.102861e-05
-4.985000e+00	3.105561e-05
-4.982500e+00	3.108266e-05
-4.980000e+00	3.110975e-05
-4.977500e+00	3.113689e-05
-4.975000e+00	3.116407e-05
-4.972500e+00	3.119130e-05
-4.970000e+00	3.121858e-05
-4.967500e+00	3.124591e-05
-4.965000e+00	3.127328e-05
-4.962500e+00	3.130070e-05
-4.960000e+00	3.132817e-05
-4.957500e+00	3.135568e-05
-4.955000e+00	3.138324e-05
-4.952500e+00	3.141085e-05
-4.950000e+00	3.143851e-05
-4.947500e+00	3.146622e-05
-4.945000e+00	3.149397e-05
-4.942500e+00	3.152177e-05
-4.940000e+00	3.154962e-05
-4.937500e+00	3.157752e-05
-4.935000e+00	3.160547e-05
-4.932500e+00	3.163347e-05
-4.930000e+00	3.166151e-05
-4.927500e+00	3.168961e-05
-4.925000e+00	3.171775e-05
-4.922500e+00	3.174594e-05
-4.920000e+00	3.177418e-05
-4.917500e+00	3.180248e-05
-4.915000e+00	3.183082e-05
-4.912500e+00	3.185921e-05
-4.910000e+00	3.188765e-05
-4.907500e+00	3.191614e-05
-4.905000e+00	3.194468e-05
-4.902500e+00	3.197327e-05
-4.900000e+00	3.200191e-05
-4.897500e+00	3.203061e-05
-4.895000e+00	3.205935e-05
-4.892500e+00	3.208814e-05
-4.890000e+00	3.211699e-05
-4.887500e+00	3.214588e-05
-4.885000e+00	3.217483e-05
-4.882500e+00	3.220383e-05
-4.880000e+00	3.223288e-05
-4.877500e+00	3.226198e-05
-4.875000e+00	3.229113e-05
-4.872500e+00	3.232034e-05
-4.870000e+00	3.234959e-05
-4.867500e+00	3.237890e-05
-4.865000e+00	3.240827e-05
-4.862500e+00	3.243768e-05
-4.860000e+00	3.246715e-05
-4.857500e+00	3.249667e-05
-4.855000e+00	3.252624e-05
-4.852500e+00	3.255586e-05
-4.850000e+00	3.258554e-05
-4.847500e+00	3.261527e-05
-4.845000e+00	3.264506e-05
-4.842500e+00	3.267490e-05
-4.840000e+00	3.270479e-05
-4.837500e+00	3.273474e-05
-4.835000e+00	3.276474e-05
-4.832500e+00	3.279479e-05
-4.830000e+00	3.282490e-05
-4.827500e+00	3.285507e-05
-4.825000e+00	3.288528e-05
-4.822500e+00	3.291556e-05
-4.820000e+00	3.294588e-05
-4.817500e+00	3.297627e-05
-4.815000e+00	3.300671e-05
-4.812500e+00	3.303720e-05
-4.810000e+00	3.306775e-05
-4.807500e+00	3.309835e-05
-4.805000e+00	3.312901e-05
-4.802500e+00	3.315973e-05
-4.800000e+00	3.319050e-05
-4.797500e+00	3.322133e-05
-4.795000e+00	3.325221e-05
-4.792500e+00	3.328316e-05
-4.790000e+00	3.331415e-05
-4.787500e+00	3.334521e-05
-4.785000e+00	3.337632e-05
-4.782500e+00	3.340749e-05
-4.780000e+00	3.343872e-05
-4.777500e+00	3.347000e-05
-4.775000e+00	3.350134e-05
-4.772500e+00	3.353274e-05
-4.770000e+00	3.356420e-05
-4.767500e+00	3.359572e-05
-4.765000e+00	3.362729e-05
-4.762500e+00	3.365892e-05
-4.760000e+00	3.369061e-05
-4.757500e+00	3.372236e-05
-4.755000e+00	3.375417e-05
-4.752500e+00	3.378604e-05
-4.750000e+00	3.381797e-05
-4.747500e+00	3.384995e-05
-4.745000e+00	3.388200e-05
-4.742500e+00	3.391411e-05
-4.740000e+00	3.394627e-05
-4.737500e+00	3.397850e-05
-4.735000e+00	3.401078e-05
-4.732500e+00	3.404313e-05
-4.730000e+00	3.407554e-05
-4.727500e+00	3.410800e-05
-4.725000e+00	3.414053e-05
-4.722500e+00	3.417312e-05
-4.720000e+00	3.420577e-05
-4.717500e+00	3.423849e-05
-4.715000e+00	3.427126e-05
-4.712500e+00	3.430410e-05
-4.710000e+00	3.433699e-05
-4.707500e+00	3.436995e-05
-4.705000e+00	3.440298e-05
-4.702500e+00	3.443606e-05
-4.700000e+00	3.446921e-05
-4.697500e+00	3.450242e-05
-4.695000e+00	3.453569e-05
-4.692500e+00	3.456903e-05
-4.690000e+00	3.460243e-05
-4.687500e+00	3.463589e-05
-4.685000e+00	3.466942e-05
-4.682500e+00	3.470301e-05
-4.680000e+00	3.473666e-05
-4.677500e+00	3.477038e-05
-4.675000e+00	3.480416e-05
-4.672500e+00	3.483801e-05
-4.670000e+00	3.487192e-05
-4.667500e+00	3.490590e-05
-4.665000e+00	3.493994e-05
-4.662500e+00	3.497405e-05
-4.660000e+00	3.500823e-05
-4.657500e+00	3.504247e-05
-4.655000e+00	3.507677e-05
-4.652500e+00	3.511114e-05
-4.650000e+00	3.514558e-05
-4.647500e+00	3.518008e-05
-4.645000e+00	3.521465e-05
-4.642500e+00	3.524929e-05
-4.640000e+00	3.528400e-05
-4.637500e+00	3.531877e-05
-4.635000e+00	3.535361e-05
-4.632500e+00	3.538852e-05
-4.630000e+00	3.542349e-05
-4.627500e+00	3.545853e-05
-4.625000e+00	3.549364e-05
-4.622500e+00	3.552882e-05
-4.620000e+00	3.556407e-05
-4.617500e+00	3.559939e-05
-4.615000e+00	3.563477e-05
-4.612500e+00	3.567023e-05
-4.610000e+00	3.570575e-05
-4.607500e+00	3.574135e-05
-4.605000e+00	3.577701e-05
-4.602500e+00	3.581274e-05
-4.600000e+00	3.584855e-05
-4.597500e+00	3.588442e-05
-4.595000e+00	3.592037e-05
-4.592500e+00	3.595638e-05
-4.590000e+00	3.599247e-05
-4.587500e+00	3.602862e-05
-4.585000e+00	3.606485e-05
-4.582500e+00	3.610115e-05
-4.580000e+00	3.613753e-05
-4.577500e+00	3.617397e-05
-4.575000e+00	3.621049e-05
-4.572500e+00	3.624708e-05
-4.570000e+00	3.628374e-05
-4.567500e+00	3.632048e-05
-4.565000e+00	3.635728e-05
-4.562500e+00	3.639416e-05
-4.560000e+00	3.643112e-05
-4.557500e+00	3.646815e-05
-4.555000e+00	3.650525e-05
-4.552500e+00	3.654243e-05
-4.550000e+00	3.657968e-05
-4.547500e+00	3.661700e-05
-4.545000e+00	3.665441e-05
-4.542500e+00	3.669188e-05
-4.540000e+00	3.672943e-05
-4.537500e+00	3.676706e-05
-4.535000e+00	3.680476e-05
-4.532500e+00	3.684254e-05
-4.530000e+00	3.688039e-05
-4.527500e+00	3.691832e-05
-4.525000e+00	3.695633e-05
-4.522500e+00	3.699442e-05
-4.520000e+00	3.703258e-05
-4.517500e+00	3.707082e-05
-4.515000e+00	3.710913e-05
-4.512500e+00	3.714753e-05
-4.510000e+00	3.718600e-05
-4.507500e+00	3.722455e-05
-4.505000e+00	3.726318e-05
-4.502500e+00	3.730189e-05
-4.500000e+00	3.734067e-05
-4.497500e+00	3.737954e-05
-4.495000e+00	3.741848e-05
-4.492500e+00	3.745751e-05
-4.490000e+00	3.749661e-05
-4.487500e+00	3.753580e-05
-4.485000e+00	3.757506e-05
-4.482500e+00	3.761441e-05
-4.480000e+00	3.765384e-05
-4.477500e+00	3.769334e-05
-4.475000e+00	3.773293e-05
-4.472500e+00	3.777261e-05
-4.470000e+00	3.781236e-05
-4.467500e+00	3.785219e-05
-4.465000e+00	3.789211e-05
-4.462500e+00	3.793211e-05
-4.460000e+00	3.797219e-05
-4.457500e+00	3.801236e-05
-4.455000e+00	3.805261e-05
-4.452500e+00	3.809294e-05
-4.450000e+00	3.813336e-05
-4.447500e+00	3.817386e-05
-4.445000e+00	3.821444e-05
-4.442500e+00	3.825511e-05
-4.440000e+00	3.829587e-05
-4.437500e+00	3.833671e-05
-4.435000e+00	3.837763e-05
-4.432500e+00	3.841865e-05
-4.430000e+00	3.845974e-05
-4.427500e+00	3.850093e-05
-4.425000e+00	3.854220e-05
-4.422500e+00	3.858355e-05
-4.420000e+00	3.862500e-05
-4.417500e+00	3.866653e-05
-4.415000e+00	3.870814e-05
-4.412500e+00	3.874985e-05
-4.410000e+00	3.879165e-05
-4.407500e+00	3.883353e-05
-4.405000e+00	3.887550e-05
-4.402500e+00	3.891756e-05
-4.400000e+00	3.895971e-05
-4.397500e+00	3.900195e-05
-4.395000e+00	3.904428e-05
-4.392500e+00	3.908670e-05
-4.390000e+00	3.912920e-05
-4.387500e+00	3.917180e-05
-4.385000e+00	3.921449e-05
-4.382500e+00	3.925728e-05
-4.380000e+00	3.930015e-05
-4.377500e+00	3.934311e-05
-4.375000e+00	3.938617e-05
-4.372500e+00	3.942932e-05
-4.370000e+00	3.947256e-05
-4.367500e+00	3.951590e-05
-4.365000e+00	3.955932e-05
-4.362500e+00	3.960285e-05
-4.360000e+00	3.964646e-05
-4.357500e+00	3.969017e-05
-4.355000e+00	3.973397e-05
-4.352500e+00	3.977787e-05
-4.350000e+00	3.982186e-05
-4.347500e+00	3.986595e-05
-4.345000e+00	3.991014e-05
-4.342500e+00	3.995442e-05
-4.340000e+00	3.999879e-05
-4.337500e+00	4.004326e-05
-4.335000e+00	4.008783e-05
-4.332500e+00	4.013250e-05
-4.330000e+00	4.017726e-05
-4.327500e+00	4.022213e-05
-4.325000e+00	4.026708e-05
-4.322500e+00	4.031214e-05
-4.320000e+00	4.035730e-05
-4.317500e+00	4.040255e-05
-4.315000e+00	4.044791e-05
-4.312500e+00	4.049336e-05
-4.310000e+00	4.053892e-05
-4.307500e+00	4.058457e-05
-4.305000e+00	4.063033e-05
-4.302500e+00	4.067618e-05
-4.300000e+00	4.072214e-05
-4.297500e+00	4.076820e-05
-4.295000e+00	4.081436e-05
-4.292500e+00	4.086062e-05
-4.290000e+00	4.090699e-05
-4.287500e+00	4.095345e-05
-4.285000e+00	4.100002e-05
-4.282500e+00	4.104670e-05
-4.280000e+00	4.109348e-05
-4.277500e+00	4.114036e-05
-4.275000e+00	4.118735e-05
-4.272500e+00	4.123444e-05
-4.270000e+00	4.128164e-05
-4.267500e+00	4.132894e-05
-4.265000e+00	4.137635e-05
-4.262500e+00	4.142386e-05
-4.260000e+00	4.147148e-05
-4.257500e+00	4.151921e-05
-4.255000e+00	4.156705e-05
-4.252500e+00	4.161499e-05
-4.250000e+00	4.166304e-05
-4.247500e+00	4.171120e-05
-4.245000e+00	4.175947e-05
-4.242500e+00	4.180785e-05
-4.240000e+00	4.185634e-05
-4.237500e+00	4.190493e-05
-4.235000e+00	4.195364e-05
-4.232500e+00	4.200246e-05
-4.230000e+00	4.205139e-05
-4.227500e+00	4.210043e-05
-4.225000e+00	4.214958e-05
-4.222500e+00	4.219884e-05
-4.220000e+00	4.224821e-05
-4.217500e+00	4.229770e-05
-4.215000e+00	4.234730e-05
-4.212500e+00	4.239702e-05
-4.210000e+00	4.244685e-05
-4.207500e+00	4.249679e-05
-4.205000e+00	4.254685e-05
-4.202500e+00	4.259702e-05
-4.200000e+00	4.264731e-05
-4.197500e+00	4.269771e-05
-4.195000e+00	4.274823e-05
-4.192500e+00	4.279887e-05
-4.190000e+00	4.284962e-05
-4.187500e+00	4.290049e-05
-4.185000e+00	4.295148e-05
-4.182500e+00	4.300258e-05
-4.180000e+00	4.305381e-05
-4.177500e+00	4.310515e-05
-4.175000e+00	4.315662e-05
-4.172500e+00	4.320820e-05
-4.170000e+00	4.325990e-05
-4.167500e+00	4.331172e-05
-4.165000e+00	4.336367e-05
-4.162500e+00	4.341573e-05
-4.160000e+00	4.346792e-05
-4.157500e+00	4.352023e-05
-4.155000e+00	4.357266e-05
-4.152500e+00	4.362522e-05
-4.150000e+00	4.367790e-05
-4.147500e+00	4.373070e-05
-4.145000e+00	4.378363e-05
-4.142500e+00	4.383668e-05
-4.140000e+00	4.388985e-05
-4.137500e+00	4.394315e-05
-4.135000e+00	4.399658e-05
-4.132500e+00	4.405014e-05
-4.130000e+00	4.410382e-05
-4.127500e+00	4.415763e-05
-4.125000e+00	4.421156e-05
-4.122500e+00	4.426563e-05
-4.120000e+00	4.431982e-05
-4.117500e+00	4.437414e-05
-4.115000e+00	4.442859e-05
-4.112500e+00	4.448317e-05
-4.110000e+00	4.453789e-05
-4.107500e+00	4.459273e-05
-4.105000e+00	4.464770e-05
-4.102500e+00	4.470281e-05
-4.100000e+00	4.475804e-05
-4.097500e+00	4.481341e-05
-4.095000e+00	4.486892e-05
-4.092500e+00	4.492456e-05
-4.090000e+00	4.498033e-05
-4.087500e+00	4.503623e-05
-4.085000e+00	4.509227e-05
-4.082500e+00	4.514845e-05
-4.080000e+00	4.520476e-05
-4.077500e+00	4.526121e-05
-4.075000e+00	4.531779e-05
-4.072500e+00	4.537452e-05
-4.070000e+00	4.543138e-05
-4.067500e+00	4.548837e-05
-4.065000e+00	4.554551e-05
-4.062500e+00	4.560279e-05
-4.060000e+00	4.566021e-05
-4.057500e+00	4.571776e-05
-4.055000e+00	4.577546e-05
-4.052500e+00	4.583330e-05
-4.050000e+00	4.589128e-05
-4.047500e+00	4.594940e-05
-4.045000e+00	4.600767e-05
-4.042500e+00	4.606608e-05
-4.040000e+00	4.612463e-05
-4.037500e+00	4.618333e-05
-4.035000e+00	4.624217e-05
-4.032500e+00	4.630116e-05
-4.030000e+00	4.636029e-05
-4.027500e+00	4.641957e-05
-4.025000e+00	4.647899e-05
-4.022500e+00	4.653857e-05
-4.020000e+00	4.659829e-05
-4.017500e+00	4.665816e-05
-4.015000e+00	4.671818e-05
-4.012500e+00	4.677835e-05
-4.010000e+00	4.683867e-05
-4.007500e+00	4.689914e-05
-4.005000e+00	4.695976e-05
-4.002500e+00	4.702053e-05
-4.000000e+00	4.708146e-05
-3.997500e+00	4.714253e-05
-3.995000e+00	4.720376e-05
-3.992500e+00	4.726515e-05
-3.990000e+00	4.732669e-05
-3.987500e+00	4.738838e-05
-3.985000e+00	4.745023e-05
-3.982500e+00	4.751224e-05
-3.980000e+00	4.757440e-05
-3.977500e+00	4.763672e-05
-3.975000e+00	4.769920e-05
-3.972500e+00	4.776184e-05
-3.970000e+00	4.782463e-05
-3.967500e+00	4.788759e-05
-3.965000e+00	4.795070e-05
-3.962500e+00	4.801398e-05
-3.960000e+00	4.807742e-05
-3.957500e+00	4.814102e-05
-3.955000e+00	4.820478e-05
-3.952500e+00	4.826871e-05
-3.950000e+00	4.833280e-05
-3.947500e+00	4.839705e-05
-3.945000e+00	4.846147e-05
-3.942500e+00	4.852605e-05
-3.940000e+00	4.859080e-05
-3.937500e+00	4.865572e-05
-3.935000e+00	4.872080e-05
-3.932500e+00	4.878606e-05
-3.930000e+00	4.885148e-05
-3.927500e+00	4.891707e-05
-3.925000e+00	4.898283e-05
-3.922500e+00	4.904876e-05
-3.920000e+00	4.911486e-05
-3.917500e+00	4.918114e-05
-3.915000e+00	4.924759e-05
-3.912500e+00	4.931421e-05
-3.910000e+00	4.938100e-05
-3.907500e+00	4.944797e-05
-3.905000e+00	4.951511e-05
-3.902500e+00	4.958243e-05
-3.900000e+00	4.964993e-05
-3.897500e+00	4.971760e-05
-3.895000e+00	4.978545e-05
-3.892500e+00	4.985348e-05
-3.890000e+00	4.992169e-05
-3.887500e+00	4.999008e-05
-3.885000e+00	5.005864e-05
-3.882500e+00	5.012739e-05
-3.880000e+00	5.019632e-05
-3.877500e+00	5.026544e-05
-3.875000e+00	5.033474e-05
-3.872500e+00	5.040422e-05
-3.870000e+00	5.047388e-05
-3.867500e+00	5.054373e-05
-3.865000e+00	5.061377e-05
-3.862500e+00	5.068399e-05
-3.860000e+00	5.075440e-05
-3.857500e+00	5.082500e-05
-3.855000e+00	5.089579e-05
-3.852500e+00	5.096677e-05
-3.850000e+00	5.103794e-05
-3.847500e+00	5.110930e-05
-3.845000e+00	5.118085e-05
-3.842500e+00	5.125259e-05
-3.840000e+00	5.132453e-05
-3.837500e+00	5.139666e-05
-3.835000e+00	5.146898e-05
-3.832500e+00	5.154151e-05
-3.830000e+00	5.161422e-05
-3.827500e+00	5.168714e-05
-3.825000e+00	5.176025e-05
-3.822500e+00	5.183356e-05
-3.820000e+00	5.190707e-05
-3.817500e+00	5.198078e-05
-3.815000e+00	5.205469e-05
-3.812500e+00	5.212881e-05
-3.810000e+00	5.220312e-05
-3.807500e+00	5.227764e-05
-3.805000e+00	5.235236e-05
-3.802500e+00	5.242729e-05
-3.800000e+00	5.250243e-05
-3.797500e+00	5.257777e-05
-3.795000e+00	5.265331e-05
-3.792500e+00	5.272907e-05
-3.790000e+00	5.280503e-05
-3.787500e+00	5.288121e-05
-3.785000e+00	5.295759e-05
-3.782500e+00	5.303419e-05
-3.780000e+00	5.311100e-05
-3.777500e+00	5.318802e-05
-3.775000e+00	5.326525e-05
-3.772500e+00	5.334270e-05
-3.770000e+00	5.342037e-05
-3.767500e+00	5.349825e-05
-3.765000e+00	5.357635e-05
-3.762500e+00	5.365467e-05
-3.760000e+00	5.373321e-05
-3.757500e+00	5.381196e-05
-3.755000e+00	5.389094e-05
-3.752500e+00	5.397014e-05
-3.750000e+00	5.404957e-05
-3.747500e+00	5.412921e-05
-3.745000e+00	5.420908e-05
-3.742500e+00	5.428918e-05
-3.740000e+00	5.436950e-05
-3.737500e+00	5.445005e-05
-3.735000e+00	5.453083e-05
-3.732500e+00	5.461183e-05
-3.730000e+00	5.469307e-05
-3.727500e+00	5.477454e-05
-3.725000e+00	5.485623e-05
-3.722500e+00	5.493817e-05
-3.720000e+00	5.502033e-05
-3.717500e+00	5.510273e-05
-3.715000e+00	5.518537e-05
-3.712500e+00	5.526824e-05
-3.710000e+00	5.535135e-05
-3.707500e+00	5.543470e-05
-3.705000e+00	5.551828e-05
-3.702500e+00	5.560211e-05
-3.700000e+00	5.568618e-05
-3.697500e+00	5.577049e-05
-3.695000e+00	5.585505e-05
-3.692500e+00	5.593985e-05
-3.690000e+00	5.602489e-05
-3.687500e+00	5.611019e-05
-3.685000e+00	5.619572e-05
-3.682500e+00	5.628151e-05
-3.680000e+00	5.636755e-05
-3.677500e+00	5.645384e-05
-3.675000e+00	5.654037e-05
-3.672500e+00	5.662717e-05
-3.670000e+00	5.671421e-05
-3.667500e+00	5.680151e-05
-3.665000e+00	5.688907e-05
-3.662500e+00	5.697688e-05
-3.660000e+00	5.706495e-05
-3.657500e+00	5.715328e-05
-3.655000e+00	5.724187e-05
-3.652500e+00	5.733072e-05
-3.650000e+00	5.741983e-05
-3.647500e+00	5.750921e-05
-3.645000e+00	5.759885e-05
-3.642500e+00	5.768876e-05
-3.640000e+00	5.777893e-05
-3.637500e+00	5.786937e-05
-3.635000e+00	5.796008e-05
-3.632500e+00	5.805106e-05
-3.630000e+00	5.814231e-05
-3.627500e+00	5.823384e-05
-3.625000e+00	5.832563e-05
-3.622500e+00	5.841771e-05
-3.620000e+00	5.851005e-05
-3.617500e+00	5.860268e-05
-3.615000e+00	5.869558e-05
-3.612500e+00	5.878876e-05
-3.610000e+00	5.888223e-05
-3.607500e+00	5.897597e-05
-3.605000e+00	5.907000e-05
-3.602500e+00	5.916431e-05
-3.600000e+00	5.925891e-05
-3.597500e+00	5.935379e-05
-3.595000e+00	5.944897e-05
-3.592500e+00	5.954443e-05
-3.590000e+00	5.964018e-05
-3.587500e+00	5.973622e-05
-3.585000e+00	5.983256e-05
-3.582500e+00	5.992919e-05
-3.580000e+00	6.002611e-05
-3.577500e+00	6.012334e-05
-3.575000e+00	6.022086e-05
-3.572500e+00	6.031868e-05
-3.570000e+00	6.041680e-05
-3.567500e+00	6.051522e-05
-3.565000e+00	6.061395e-05
-3.562500e+00	6.071298e-05
-3.560000e+00	6.081231e-05
-3.557500e+00	6.091195e-05
-3.555000e+00	6.101191e-05
-3.552500e+00	6.111217e-05
-3.550000e+00	6.121274e-05
-3.547500e+00	6.131363e-05
-3.545000e+00	6.141483e-05
-3.542500e+00	6.151634e-05
-3.540000e+00	6.161817e-05
-3.537500e+00	6.172032e-05
-3.535000e+00	6.182279e-05
-3.532500e+00	6.192559e-05
-3.530000e+00	6.202870e-05
-3.527500e+00	6.213214e-05
-3.525000e+00	6.223590e-05
-3.522500e+00	6.233999e-05
-3.520000e+00	6.244441e-05
-3.517500e+00	6.254915e-05
-3.515000e+00	6.265423e-05
-3.512500e+00	6.275964e-05
-3.510000e+00	6.286539e-05
-3.507500e+00	6.297147e-05
-3.505000e+00	6.307789e-05
-3.502500e+00	6.318464e-05
-3.500000e+00	6.329174e-05
-3.497500e+00	6.339918e-05
-3.495000e+00	6.350696e-05
-3.492500e+00	6.361509e-05
-3.490000e+00	6.372356e-05
-3.487500e+00	6.383238e-05
-3.485000e+00	6.394155e-05
-3.482500e+00	6.405107e-05
-3.480000e+00	6.416095e-05
-3.477500e+00	6.427117e-05
-3.475000e+00	6.438176e-05
-3.472500e+00	6.449270e-05
-3.470000e+00	6.460400e-05
-3.467500e+00	6.471566e-05
-3.465000e+00	6.482769e-05
-3.462500e+00	6.494008e-05
-3.460000e+00	6.505283e-05
-3.457500e+00	6.516595e-05
-3.455000e+00	6.527944e-05
-3.452500e+00	6.539330e-05
-3.450000e+00	6.550754e-05
-3.447500e+00	6.562215e-05
-3.445000e+00	6.573713e-05
-3.442500e+00	6.585249e-05
-3.440000e+00	6.596824e-05
-3.437500e+00	6.608436e-05
-3.435000e+00	6.620086e-05
-3.432500e+00	6.631775e-05
-3.430000e+00	6.643503e-05
-3.427500e+00	6.655270e-05
-3.425000e+00	6.667075e-05
-3.422500e+00	6.678920e-05
-3.420000e+00	6.690804e-05
-3.417500e+00	6.702728e-05
-3.415000e+00	6.714692e-05
-3.412500e+00	6.726695e-05
-3.410000e+00	6.738739e-05
-3.407500e+00	6.750823e-05
-3.405000e+00	6.762947e-05
-3.402500e+00	6.775112e-05
-3.400000e+00	6.787318e-05
-3.397500e+00	6.799565e-05
-3.395000e+00	6.811854e-05
-3.392500e+00	6.824184e-05
-3.390000e+00	6.836555e-05
-3.387500e+00	6.848969e-05
-3.385000e+00	6.861424e-05
-3.382500e+00	6.873922e-05
-3.380000e+00	6.886462e-05
-3.377500e+00	6.899045e-05
-3.375000e+00	6.911671e-05
-3.372500e+00	6.924340e-05
-3.370000e+00	6.937052e-05
-3.367500e+00	6.949807e-05
-3.365000e+00	6.962607e-05
-3.362500e+00	6.975450e-05
-3.360000e+00	6.988338e-05
-3.357500e+00	7.001269e-05
-3.355000e+00	7.014246e-05
-3.352500e+00	7.027267e-05
-3.350000e+00	7.040333e-05
-3.347500e+00	7.053444e-05
-3.345000e+00	7.066601e-05
-3.342500e+00	7.079804e-05
-3.340000e+00	7.093052e-05
-3.337500e+00	7.106346e-05
-3.335000e+00	7.119687e-05
-3.332500e+00	7.133074e-05
-3.330000e+00	7.146508e-05
-3.327500e+00	7.159989e-05
-3.325000e+00	7.173518e-05
-3.322500e+00	7.187094e-05
-3.320000e+00	7.200717e-05
-3.317500e+00	7.214388e-05
-3.315000e+00	7.228108e-05
-3.312500e+00	7.241876e-05
-3.310000e+00	7.255693e-05
-3.307500e+00	7.269558e-05
-3.305000e+00	7.283473e-05
-3.302500e+00	7.297437e-05
-3.300000e+00	7.311451e-05
-3.297500e+00	7.325515e-05
-3.295000e+00	7.339628e-05
-3.292500e+00	7.353792e-05
-3.290000e+00	7.368007e-05
-3.287500e+00	7.382273e-05
-3.285000e+00	7.396590e-05
-3.282500e+00	7.410958e-05
-3.280000e+00	7.425378e-05
-3.277500e+00	7.439849e-05
-3.275000e+00	7.454373e-05
-3.272500e+00	7.468949e-05
-3.270000e+00	7.483578e-05
-3.267500e+00	7.498260e-05
-3.265000e+00	7.512996e-05
-3.262500e+00	7.527784e-05
-3.260000e+00	7.542627e-05
-3.257500e+00	7.557524e-05
-3.255000e+00	7.572474e-05
-3.252500e+00	7.587480e-05
-3.250000e+00	7.602540e-05
-3.247500e+00	7.617656e-05
-3.245000e+00	7.632827e-05
-3.242500e+00	7.648054e-05
-3.240000e+00	7.663337e-05
-3.237500e+00	7.678676e-05
-3.235000e+00	7.694071e-05
-3.232500e+00	7.709524e-05
-3.230000e+00	7.725034e-05
-3.227500e+00	7.740601e-05
-3.225000e+00	7.756226e-05
-3.222500e+00	7.771909e-05
-3.220000e+00	7.787650e-05
-3.217500e+00	7.803451e-05
-3.215000e+00	7.819310e-05
-3.212500e+00	7.835228e-05
-3.210000e+00	7.851206e-05
-3.207500e+00	7.867244e-05
-3.205000e+00	7.883342e-05
-3.202500e+00	7.899501e-05
-3.200000e+00	7.915721e-05
-3.197500e+00	7.932001e-05
-3.195000e+00	7.948344e-05
-3.192500e+00	7.964748e-05
-3.190000e+00	7.981214e-05
-3.187500e+00	7.997743e-05
-3.185000e+00	8.014335e-05
-3.182500e+00	8.030989e-05
-3.180000e+00	8.047708e-05
-3.177500e+00	8.064490e-05
-3.175000e+00	8.081336e-05
-3.172500e+00	8.098247e-05
-3.170000e+00	8.115222e-05
-3.167500e+00	8.132263e-05
-3.165000e+00	8.149369e-05
-3.162500e+00	8.166541e-05
-3.160000e+00	8.183780e-05
-3.157500e+00	8.201085e-05
-3.155000e+00	8.218457e-05
-3.152500e+00	8.235896e-05
-3.150000e+00	8.253404e-05
-3.147500e+00	8.270979e-05
-3.145000e+00	8.288622e-05
-3.142500e+00	8.306335e-05
-3.140000e+00	8.324116e-05
-3.137500e+00	8.341967e-05
-3.135000e+00	8.359888e-05
-3.132500e+00	8.377880e-05
-3.130000e+00	8.395942e-05
-3.127500e+00	8.414075e-05
-3.125000e+00	8.432279e-05
-3.122500e+00	8.450556e-05
-3.120000e+00	8.468904e-05
-3.117500e+00	8.487326e-05
-3.115000e+00	8.505820e-05
-3.112500e+00	8.524388e-05
-3.110000e+00	8.543030e-05
-3.107500e+00	8.561746e-05
-3.105000e+00	8.580536e-05
-3.102500e+00	8.599402e-05
-3.100000e+00	8.618343e-05
-3.097500e+00	8.637360e-05
-3.095000e+00	8.656454e-05
-3.092500e+00	8.675624e-05
-3.090000e+00	8.694872e-05
-3.087500e+00	8.714197e-05
-3.085000e+00	8.733600e-05
-3.082500e+00	8.753082e-05
-3.080000e+00	8.772643e-05
-3.077500e+00	8.792283e-05
-3.075000e+00	8.812003e-05
-3.072500e+00	8.831804e-05
-3.070000e+00	8.851685e-05
-3.067500e+00	8.871647e-05
-3.065000e+00	8.891691e-05
-3.062500e+00	8.911817e-05
-3.060000e+00	8.932026e-05
-3.057500e+00	8.952318e-05
-3.055000e+00	8.972693e-05
-3.052500e+00	8.993153e-05
-3.050000e+00	9.013697e-05
-3.047500e+00	9.034326e-05
-3.045000e+00	9.055040e-05
-3.042500e+00	9.075841e-05
-3.040000e+00	9.096728e-05
-3.037500e+00	9.117702e-05
-3.035000e+00	9.138763e-05
-3.032500e+00	9.159912e-05
-3.030000e+00	9.181150e-05
-3.027500e+00	9.202477e-05
-3.025000e+00	9.223893e-05
-3.022500e+00	9.245400e-05
-3.020000e+00	9.266997e-05
-3.017500e+00	9.288685e-05
-3.015000e+00	9.310465e-05
-3.012500e+00	9.332336e-05
-3.010000e+00	9.354301e-05
-3.007500e+00	9.376359e-05
-3.005000e+00	9.398510e-05
-3.002500e+00	9.420757e-05
-3.000000e+00	9.443097e-05
-2.997500e+00	9.465534e-05
-2.995000e+00	9.488066e-05
-2.992500e+00	9.510695e-05
-2.990000e+00	9.533421e-05
-2.987500e+00	9.556245e-05
-2.985000e+00	9.579168e-05
-2.982500e+00	9.602189e-05
-2.980000e+00	9.625310e-05
-2.977500e+00	9.648531e-05
-2.975000e+00	9.671852e-05
-2.972500e+00	9.695275e-05
-2.970000e+00	9.718800e-05
-2.967500e+00	9.742427e-05
-2.965000e+00	9.766158e-05
-2.962500e+00	9.789992e-05
-2.960000e+00	9.813931e-05
-2.957500e+00	9.837975e-05
-2.955000e+00	9.862124e-05
-2.952500e+00	9.886380e-05
-2.950000e+00	9.910743e-05
-2.947500e+00	9.935213e-05
-2.945000e+00	9.959792e-05
-2.942500e+00	9.984480e-05
-2.940000e+00	1.000928e-04
-2.937500e+00	1.003418e-04
-2.935000e+00	1.005920e-04
-2.932500e+00	1.008433e-04
-2.930000e+00	1.010958e-04
-2.927500e+00	1.013493e-04
-2.925000e+00	1.016040e-04
-2.922500e+00	1.018598e-04
-2.920000e+00	1.021168e-04
-2.917500e+00	1.023750e-04
-2.915000e+00	1.026343e-04
-2.912500e+00	1.028948e-04
-2.910000e+00	1.031564e-04
-2.907500e+00	1.034193e-04
-2.905000e+00	1.036833e-04
-2.902500e+00	1.039486e-04
-2.900000e+00	1.042151e-04
-2.897500e+00	1.044827e-04
-2.895000e+00	1.047516e-04
-2.892500e+00	1.050218e-04
-2.890000e+00	1.052932e-04
-2.887500e+00	1.055658e-04
-2.885000e+00	1.058397e-04
-2.882500e+00	1.061148e-04
-2.880000e+00	1.063912e-04
-2.877500e+00	1.066690e-04
-2.875000e+00	1.069479e-04
-2.872500e+00	1.072282e-04
-2.870000e+00	1.075098e-04
-2.867500e+00	1.077927e-04
-2.865000e+00	1.080770e-04
-2.862500e+00	1.083626e-04
-2.860000e+00	1.086495e-04
-2.857500e+00	1.089377e-04
-2.855000e+00	1.092273e-04
-2.852500e+00	1.095183e-04
-2.850000e+00	1.098107e-04
-2.847500e+00	1.101044e-04
-2.845000e+00	1.103995e-04
-2.842500e+00	1.106961e-04
-2.840000e+00	1.109940e-04
-2.837500e+00	1.112934e-04
-2.835000e+00	1.115942e-04
-2.832500e+00	1.118964e-04
-2.830000e+00	1.122001e-04
-2.827500e+00	1.125052e-04
-2.825000e+00	1.128118e-04
-2.822500e+00	1.131199e-04
-2.820000e+00	1.134295e-04
-2.817500e+00	1.137405e-04
-2.815000e+00	1.140531e-04
-2.812500e+00	1.143672e-04
-2.810000e+00	1.146828e-04
-2.807500e+00	1.150000e-04
-2.805000e+00	1.153187e-04
-2.802500e+00	1.156390e-04
-2.800000e+00	1.159608e-04
-2.797500e+00	1.162842e-04
-2.795000e+00	1.166092e-04
-2.792500e+00	1.169358e-04
-2.790000e+00	1.172640e-04
-2.787500e+00	1.175939e-04
-2.785000e+00	1.179254e-04
-2.782500e+00	1.182585e-04
-2.780000e+00	1.185932e-04
-2.777500e+00	1.189297e-04
-2.775000e+00	1.192678e-04
-2.772500e+00	1.196076e-04
-2.770000e+00	1.199491e-04
-2.767500e+00	1.202924e-04
-2.765000e+00	1.206373e-04
-2.762500e+00	1.209840e-04
-2.760000e+00	1.213324e-04
-2.757500e+00	1.216826e-04
-2.755000e+00	1.220346e-04
-2.752500e+00	1.223884e-04
-2.750000e+00	1.227439e-04
-2.747500e+00	1.231013e-04
-2.745000e+00	1.234605e-04
-2.742500e+00	1.238215e-04
-2.740000e+00	1.241844e-04
-2.737500e+00	1.245491e-04
-2.735000e+00	1.249157e-04
-2.732500e+00	1.252842e-04
-2.730000e+00	1.256546e-04
-2.727500e+00	1.260270e-04
-2.725000e+00	1.264012e-04
-2.722500e+00	1.267774e-04
-2.720000e+00	1.271555e-04
-2.717500e+00	1.275357e-04
-2.715000e+00	1.279178e-04
-2.712500e+00	1.283019e-04
-2.710000e+00	1.286880e-04
-2.707500e+00	1.290761e-04
-2.705000e+00	1.294663e-04
-2.702500e+00	1.298586e-04
-2.700000e+00	1.302529e-04
-2.697500e+00	1.306493e-04
-2.695000e+00	1.310478e-04
-2.692500e+00	1.314484e-04
-2.690000e+00	1.318512e-04
-2.687500e+00	1.322561e-04
-2.685000e+00	1.326631e-04
-2.682500e+00	1.330724e-04
-2.680000e+00	1.334838e-04
-2.677500e+00	1.338975e-04
-2.675000e+00	1.343133e-04
-2.672500e+00	1.347315e-04
-2.670000e+00	1.351519e-04
-2.667500e+00	1.355745e-04
-2.665000e+00	1.359995e-04
-2.662500e+00	1.364267e-04
-2.660000e+00	1.368563e-04
-2.657500e+00	1.372883e-04
-2.655000e+00	1.377226e-04
-2.652500e+00	1.381593e-04
-2.650000e+00	1.385984e-04
-2.647500e+00	1.390399e-04
-2.645000e+00	1.394838e-04
-2.642500e+00	1.399303e-04
-2.640000e+00	1.403791e-04
-2.637500e+00	1.408305e-04
-2.635000e+00	1.412844e-04
-2.632500e+00	1.417408e-04
-2.630000e+00	1.421997e-04
-2.627500e+00	1.426612e-04
-2.625000e+00	1.431254e-04
-2.622500e+00	1.435921e-04
-2.620000e+00	1.440614e-04
-2.617500e+00	1.445334e-04
-2.615000e+00	1.450081e-04
-2.612500e+00	1.454854e-04
-2.610000e+00	1.459655e-04
-2.607500e+00	1.464483e-04
-2.605000e+00	1.469338e-04
-2.602500e+00	1.474222e-04
-2.600000e+00	1.479133e-04
-2.597500e+00	1.484072e-04
-2.595000e+00	1.489040e-04
-2.592500e+00	1.494036e-04
-2.590000e+00	1.499061e-04
-2.587500e+00	1.504116e-04
-2.585000e+00	1.509199e-04
-2.582500e+00	1.514312e-04
-2.580000e+00	1.519455e-04
-2.577500e+00	1.524628e-04
-2.575000e+00	1.529831e-04
-2.572500e+00	1.535064e-04
-2.570000e+00	1.540329e-04
-2.567500e+00	1.545624e-04
-2.565000e+00	1.550950e-04
-2.562500e+00	1.556308e-04
-2.560000e+00	1.561698e-04
-2.557500e+00	1.567120e-04
-2.555000e+00	1.572574e-04
-2.552500e+00	1.578060e-04
-2.550000e+00	1.583579e-04
-2.547500e+00	1.589131e-04
-2.545000e+00	1.594717e-04
-2.542500e+00	1.600336e-04
-2.540000e+00	1.605989e-04
-2.537500e+00	1.611676e-04
-2.535000e+00	1.617397e-04
-2.532500e+00	1.623154e-04
-2.530000e+00	1.628945e-04
-2.527500e+00	1.634771e-04
-2.525000e+00	1.640633e-04
-2.522500e+00	1.646531e-04
-2.520000e+00	1.652465e-04
-2.517500e+00	1.658435e-04
-2.515000e+00	1.664442e-04
-2.512500e+00	1.670487e-04
-2.510000e+00	1.676568e-04
-2.507500e+00	1.682688e-04
-2.505000e+00	1.688845e-04
-2.502500e+00	1.695041e-04
-2.500000e+00	1.701275e-04
-2.497500e+00	1.707549e-04
-2.495000e+00	1.713861e-04
-2.492500e+00	1.720214e-04
-2.490000e+00	1.726606e-04
-2.487500e+00	1.733039e-04
-2.485000e+00	1.739512e-04
-2.482500e+00	1.746027e-04
-2.480000e+00	1.752583e-04
-2.477500e+00	1.759180e-04
-2.475000e+00	1.765820e-04
-2.472500e+00	1.772502e-04
-2.470000e+00	1.779227e-04
-2.467500e+00	1.785996e-04
-2.465000e+00	1.792808e-04
-2.462500e+00	1.799663e-04
-2.460000e+00	1.806564e-04
-2.457500e+00	1.813509e-04
-2.455000e+00	1.820499e-04
-2.452500e+00	1.827535e-04
-2.450000e+00	1.834616e-04
-2.447500e+00	1.841745e-04
-2.445000e+00	1.848919e-04
-2.442500e+00	1.856141e-04
-2.440000e+00	1.863411e-04
-2.437500e+00	1.870729e-04
-2.435000e+00	1.878095e-04
-2.432500e+00	1.885510e-04
-2.430000e+00	1.892975e-04
-2.427500e+00	1.900489e-04
-2.425000e+00	1.908054e-04
-2.422500e+00	1.915669e-04
-2.420000e+00	1.923335e-04
-2.417500e+00	1.931054e-04
-2.415000e+00	1.938824e-04
-2.412500e+00	1.946647e-04
-2.410000e+00	1.954523e-04
-2.407500e+00	1.962452e-04
-2.405000e+00	1.970436e-04
-2.402500e+00	1.978474e-04
-2.400000e+00	1.986567e-04
-2.397500e+00	1.994716e-04
-2.395000e+00	2.002921e-04
-2.392500e+00	2.011182e-04
-2.390000e+00	2.019501e-04
-2.387500e+00	2.027877e-04
-2.385000e+00	2.036312e-04
-2.382500e+00	2.044805e-04
-2.380000e+00	2.053358e-04
-2.377500e+00	2.061971e-04
-2.375000e+00	2.070644e-04
-2.372500e+00	2.079378e-04
-2.370000e+00	2.088174e-04
-2.367500e+00	2.097032e-04
-2.365000e+00	2.105953e-04
-2.362500e+00	2.114937e-04
-2.360000e+00	2.123986e-04
-2.357500e+00	2.133099e-04
-2.355000e+00	2.142277e-04
-2.352500e+00	2.151521e-04
-2.350000e+00	2.160832e-04
-2.347500e+00	2.170210e-04
-2.345000e+00	2.179656e-04
-2.342500e+00	2.189171e-04
-2.340000e+00	2.198754e-04
-2.337500e+00	2.208408e-04
-2.335000e+00	2.218132e-04
-2.332500e+00	2.227927e-04
-2.330000e+00	2.237795e-04
-2.327500e+00	2.247735e-04
-2.325000e+00	2.257749e-04
-2.322500e+00	2.267837e-04
-2.320000e+00	2.277999e-04
-2.317500e+00	2.288238e-04
-2.315000e+00	2.298552e-04
-2.312500e+00	2.308945e-04
-2.310000e+00	2.319415e-04
-2.307500e+00	2.329963e-04
-2.305000e+00	2.340592e-04
-2.302500e+00	2.351301e-04
-2.300000e+00	2.362091e-04
-2.297500e+00	2.372963e-04
-2.295000e+00	2.383918e-04
-2.292500e+00	2.394957e-04
-2.290000e+00	2.406081e-04
-2.287500e+00	2.417290e-04
-2.285000e+00	2.428585e-04
-2.282500e+00	2.439968e-04
-2.280000e+00	2.451439e-04
-2.277500e+00	2.462999e-04
-2.275000e+00	2.474649e-04
-2.272500e+00	2.486390e-04
-2.270000e+00	2.498224e-04
-2.267500e+00	2.510150e-04
-2.265000e+00	2.522170e-04
-2.262500e+00	2.534285e-04
-2.260000e+00	2.546496e-04
-2.257500e+00	2.558804e-04
-2.255000e+00	2.571211e-04
-2.252500e+00	2.583716e-04
-2.250000e+00	2.596322e-04
-2.247500e+00	2.609028e-04
-2.245000e+00	2.621838e-04
-2.242500e+00	2.634750e-04
-2.240000e+00	2.647768e-04
-2.237500e+00	2.660891e-04
-2.235000e+00	2.674121e-04
-2.232500e+00	2.687459e-04
-2.230000e+00	2.700906e-04
-2.227500e+00	2.714464e-04
-2.225000e+00	2.728134e-04
-2.222500e+00	2.741917e-04
-2.220000e+00	2.755813e-04
-2.217500e+00	2.769826e-04
-2.215000e+00	2.783955e-04
-2.212500e+00	2.798203e-04
-2.210000e+00	2.812570e-04
-2.207500e+00	2.827057e-04
-2.205000e+00	2.841667e-04
-2.202500e+00	2.856401e-04
-2.200000e+00	2.871260e-04
-2.197500e+00	2.886245e-04
-2.195000e+00	2.901358e-04
-2.192500e+00	2.916600e-04
-2.190000e+00	2.931974e-04
-2.187500e+00	2.947479e-04
-2.185000e+00	2.963119e-04
-2.182500e+00	2.978894e-04
-2.180000e+00	2.994806e-04
-2.177500e+00	3.010857e-04
-2.175000e+00	3.027049e-04
-2.172500e+00	3.043382e-04
-2.170000e+00	3.059859e-04
-2.167500e+00	3.076481e-04
-2.165000e+00	3.093251e-04
-2.162500e+00	3.110169e-04
-2.160000e+00	3.127238e-04
-2.157500e+00	3.144460e-04
-2.155000e+00	3.161835e-04
-2.152500e+00	3.179367e-04
-2.150000e+00	3.197058e-04
-2.147500e+00	3.214908e-04
-2.145000e+00	3.232920e-04
-2.142500e+00	3.251096e-04
-2.140000e+00	3.269438e-04
-2.137500e+00	3.287948e-04
-2.135000e+00	3.306628e-04
-2.132500e+00	3.325480e-04
-2.130000e+00	3.344506e-04
-2.127500e+00	3.363710e-04
-2.125000e+00	3.383091e-04
-2.122500e+00	3.402654e-04
-2.120000e+00	3.422400e-04
-2.117500e+00	3.442332e-04
-2.115000e+00	3.462451e-04
-2.112500e+00	3.482761e-04
-2.110000e+00	3.503263e-04
-2.107500e+00	3.523961e-04
-2.105000e+00	3.544857e-04
-2.102500e+00	3.565952e-04
-2.100000e+00	3.587251e-04
-2.097500e+00	3.608755e-04
-2.095000e+00	3.630467e-04
-2.092500e+00	3.652390e-04
-2.090000e+00	3.674527e-04
-2.087500e+00	3.696880e-04
-2.085000e+00	3.719452e-04
-2.082500e+00	3.742247e-04
-2.080000e+00	3.765266e-04
-2.077500e+00	3.788514e-04
-2.075000e+00	3.811993e-04
-2.072500e+00	3.835707e-04
-2.070000e+00	3.859658e-04
-2.067500e+00	3.883849e-04
-2.065000e+00	3.908284e-04
-2.062500e+00	3.932967e-04
-2.060000e+00	3.957900e-04
-2.057500e+00	3.983088e-04
-2.055000e+00	4.008532e-04
-2.052500e+00	4.034238e-04
-2.050000e+00	4.060209e-04
-2.047500e+00	4.086448e-04
-2.045000e+00	4.112958e-04
-2.042500e+00	4.139745e-04
-2.040000e+00	4.166812e-04
-2.037500e+00	4.194162e-04
-2.035000e+00	4.221800e-04
-2.032500e+00	4.249730e-04
-2.030000e+00	4.277956e-04
-2.027500e+00	4.306482e-04
-2.025000e+00	4.335312e-04
-2.022500e+00	4.364451e-04
-2.020000e+00	4.393904e-04
-2.017500e+00	4.423674e-04
-2.015000e+00	4.453767e-04
-2.012500e+00	4.484187e-04
-2.010000e+00	4.514939e-04
-2.007500e+00	4.546028e-04
-2.005000e+00	4.577458e-04
-2.002500e+00	4.609236e-04
-2.000000e+00	4.641365e-04
-1.997500e+00	4.673852e-04
-1.995000e+00	4.706701e-04
-1.992500e+00	4.739919e-04
-1.990000e+00	4.773510e-04
-1.987500e+00	4.807480e-04
-1.985000e+00	4.841836e-04
-1.982500e+00	4.876582e-04
-1.980000e+00	4.911725e-04
-1.977500e+00	4.947272e-04
-1.975000e+00	4.983227e-04
-1.972500e+00	5.019598e-04
-1.970000e+00	5.056391e-04
-1.967500e+00	5.093613e-04
-1.965000e+00	5.131271e-04
-1.962500e+00	5.169370e-04
-1.960000e+00	5.207919e-04
-1.957500e+00	5.246924e-04
-1.955000e+00	5.286393e-04
-1.952500e+00	5.326332e-04
-1.950000e+00	5.366751e-04
-1.947500e+00	5.407656e-04
-1.945000e+00	5.449055e-04
-1.942500e+00	5.490956e-04
-1.940000e+00	5.533367e-04
-1.937500e+00	5.576298e-04
-1.935000e+00	5.619756e-04
-1.932500e+00	5.663750e-04
-1.930000e+00	5.708289e-04
-1.927500e+00	5.753382e-04
-1.925000e+00	5.799038e-04
-1.922500e+00	5.845267e-04
-1.920000e+00	5.892078e-04
-1.917500e+00	5.939482e-04
-1.915000e+00	5.987489e-04
-1.912500e+00	6.036108e-04
-1.910000e+00	6.085350e-04
-1.907500e+00	6.135227e-04
-1.905000e+00	6.185748e-04
-1.902500e+00	6.236925e-04
-1.900000e+00	6.288771e-04
-1.897500e+00	6.341295e-04
-1.895000e+00	6.394511e-04
-1.892500e+00	6.448431e-04
-1.890000e+00	6.503067e-04
-1.887500e+00	6.558431e-04
-1.885000e+00	6.614538e-04
-1.882500e+00	6.671400e-04
-1.880000e+00	6.729031e-04
-1.877500e+00	6.787445e-04
-1.875000e+00	6.846657e-04
-1.872500e+00	6.906680e-04
-1.870000e+00	6.967531e-04
-1.867500e+00	7.029224e-04
-1.865000e+00	7.091774e-04
-1.862500e+00	7.155199e-04
-1.860000e+00	7.219514e-04
-1.857500e+00	7.284737e-04
-1.855000e+00	7.350884e-04
-1.852500e+00	7.417973e-04
-1.850000e+00	7.486022e-04
-1.847500e+00	7.555049e-04
-1.845000e+00	7.625075e-04
-1.842500e+00	7.696117e-04
-1.840000e+00	7.768196e-04
-1.837500e+00	7.841332e-04
-1.835000e+00	7.915546e-04
-1.832500e+00	7.990859e-04
-1.830000e+00	8.067293e-04
-1.827500e+00	8.144872e-04
-1.825000e+00	8.223616e-04
-1.822500e+00	8.303551e-04
-1.820000e+00	8.384701e-04
-1.817500e+00	8.467090e-04
-1.815000e+00	8.550743e-04
-1.812500e+00	8.635687e-04
-1.810000e+00	8.721949e-04
-1.807500e+00	8.809556e-04
-1.805000e+00	8.898536e-04
-1.802500e+00	8.988918e-04
-1.800000e+00	9.080732e-04
-1.797500e+00	9.174009e-04
-1.795000e+00	9.268779e-04
-1.792500e+00	9.365075e-04
-1.790000e+00	9.462930e-04
-1.787500e+00	9.562377e-04
-1.785000e+00	9.663452e-04
-1.782500e+00	9.766191e-04
-1.780000e+00	9.870630e-04
-1.777500e+00	9.976807e-04
-1.775000e+00	1.008476e-03
-1.772500e+00	1.019453e-03
-1.770000e+00	1.030616e-03
-1.767500e+00	1.041969e-03
-1.765000e+00	1.053516e-03
-1.762500e+00	1.065262e-03
-1.760000e+00	1.077212e-03
-1.757500e+00	1.089370e-03
-1.755000e+00	1.101741e-03
-1.752500e+00	1.114330e-03
-1.750000e+00	1.127142e-03
-1.747500e+00	1.140183e-03
-1.745000e+00	1.153458e-03
-1.742500e+00	1.166972e-03
-1.740000e+00	1.180732e-03
-1.737500e+00	1.194744e-03
-1.735000e+00	1.209013e-03
-1.732500e+00	1.223547e-03
-1.730000e+00	1.238351e-03
-1.727500e+00	1.253432e-03
-1.725000e+00	1.268798e-03
-1.722500e+00	1.284456e-03
-1.720000e+00	1.300412e-03
-1.717500e+00	1.316675e-03
-1.715000e+00	1.333253e-03
-1.712500e+00	1.350154e-03
-1.710000e+00	1.367386e-03
-1.707500e+00	1.384958e-03
-1.705000e+00	1.402880e-03
-1.702500e+00	1.421159e-03
-1.700000e+00	1.439807e-03
-1.697500e+00	1.458832e-03
-1.695000e+00	1.478246e-03
-1.692500e+00	1.498059e-03
-1.690000e+00	1.518282e-03
-1.687500e+00	1.538926e-03
-1.685000e+00	1.560003e-03
-1.682500e+00	1.581526e-03
-1.680000e+00	1.603506e-03
-1.677500e+00	1.625958e-03
-1.675000e+00	1.648894e-03
-1.672500e+00	1.672330e-03
-1.670000e+00	1.696278e-03
-1.667500e+00	1.720755e-03
-1.665000e+00	1.745777e-03
-1.662500e+00	1.771359e-03
-1.660000e+00	1.797518e-03
-1.657500e+00	1.824272e-03
-1.655000e+00	1.851639e-03
-1.652500e+00	1.879638e-03
-1.650000e+00	1.908288e-03
-1.647500e+00	1.937611e-03
-1.645000e+00	1.967626e-03
-1.642500e+00	1.998357e-03
-1.640000e+00	2.029826e-03
-1.637500e+00	2.062057e-03
-1.635000e+00	2.095075e-03
-1.632500e+00	2.128905e-03
-1.630000e+00	2.163575e-03
-1.627500e+00	2.199113e-03
-1.625000e+00	2.235547e-03
-1.622500e+00	2.272909e-03
-1.620000e+00	2.311230e-03
-1.617500e+00	2.350543e-03
-1.615000e+00	2.390882e-03
-1.612500e+00	2.432284e-03
-1.610000e+00	2.474787e-03
-1.607500e+00	2.518430e-03
-1.605000e+00	2.563253e-03
-1.602500e+00	2.609301e-03
-1.600000e+00	2.656618e-03
-1.597500e+00	2.705250e-03
-1.595000e+00	2.755248e-03
-1.592500e+00	2.806664e-03
-1.590000e+00	2.859550e-03
-1.587500e+00	2.913964e-03
-1.585000e+00	2.969965e-03
-1.582500e+00	3.027615e-03
-1.580000e+00	3.086981e-03
-1.577500e+00	3.148130e-03
-1.575000e+00	3.211135e-03
-1.572500e+00	3.276072e-03
-1.570000e+00	3.343020e-03
-1.567500e+00	3.412064e-03
-1.565000e+00	3.483292e-03
-1.562500e+00	3.556796e-03
-1.560000e+00	3.632676e-03
-1.557500e+00	3.711034e-03
-1.555000e+00	3.791980e-03
-1.552500e+00	3.875628e-03
-1.550000e+00	3.962101e-03
-1.547500e+00	4.051527e-03
-1.545000e+00	4.144042e-03
-1.542500e+00	4.239790e-03
-1.540000e+00	4.338923e-03
-1.537500e+00	4.441603e-03
-1.535000e+00	4.548001e-03
-1.532500e+00	4.658299e-03
-1.530000e+00	4.772688e-03
-1.527500e+00	4.891375e-03
-1.525000e+00	5.014577e-03
-1.522500e+00	5.142527e-03
-1.520000e+00	5.275470e-03
-1.517500e+00	5.413670e-03
-1.515000e+00	5.557408e-03
-1.512500e+00	5.706983e-03
-1.510000e+00	5.862716e-03
-1.507500e+00	6.024949e-03
-1.505000e+00	6.194049e-03
-1.502500e+00	6.370409e-03
-1.500000e+00	6.554449e-03
-1.497500e+00	6.746621e-03
-1.495000e+00	6.947413e-03
-1.492500e+00	7.157346e-03
-1.490000e+00	7.376983e-03
-1.487500e+00	7.606931e-03
-1.485000e+00	7.847845e-03
-1.482500e+00	8.100433e-03
-1.480000e+00	8.365461e-03
-1.477500e+00	8.643756e-03
-1.475000e+00	8.936221e-03
-1.472500e+00	9.243830e-03
-1.470000e+00	9.567647e-03
-1.467500e+00	9.908828e-03
-1.465000e+00	1.026864e-02
-1.462500e+00	1.064845e-02
-1.460000e+00	1.104978e-02
-1.457500e+00	1.147427e-02
-1.455000e+00	1.192375e-02
-1.452500e+00	1.240020e-02
-1.450000e+00	1.290583e-02
-1.447500e+00	1.344306e-02
-1.445000e+00	1.401457e-02
-1.442500e+00	1.462333e-02
-1.440000e+00	1.527266e-02
-1.437500e+00	1.596621e-02
-1.435000e+00	1.670810e-02
-1.432500e+00	1.750291e-02
-1.430000e+00	1.835576e-02
-1.427500e+00	1.927244e-02
-1.425000e+00	2.025946e-02
-1.422500e+00	2.132417e-02
-1.420000e+00	2.247492e-02
-1.417500e+00	2.372118e-02
-1.415000e+00	2.507378e-02
-1.412500e+00	2.654511e-02
-1.410000e+00	2.814942e-02
-1.407500e+00	2.990314e-02
-1.405000e+00	3.182530e-02
-1.402500e+00	3.393805e-02
-1.400000e+00	3.626728e-02
-1.397500e+00	3.884338e-02
-1.395000e+00	4.170223e-02
-1.392500e+00	4.488644e-02
-1.390000e+00	4.844685e-02
-1.387500e+00	5.244454e-02
-1.385000e+00	5.695337e-02
-1.382500e+00	6.206330e-02
-1.380000e+00	6.788466e-02
-1.377500e+00	7.455396e-02
-1.375000e+00	8.224152e-02
-1.372500e+00	9.116182e-02
-1.370000e+00	1.015877e-01
-1.367500e+00	1.138699e-01
-1.365000e+00	1.284647e-01
-1.362500e+00	1.459727e-01
-1.360000e+00	1.671951e-01
-1.357500e+00	1.932153e-01
-1.355000e+00	2.255188e-01
-1.352500e+00	2.661702e-01
-1.350000e+00	3.180759e-01
-1.347500e+00	3.853623e-01
-1.345000e+00	4.738944e-01
-1.342500e+00	5.918718e-01
-1.340000e+00	7.501264e-01
-1.337500e+00	9.607608e-01
-1.335000e+00	1.230375e+00
-1.332500e+00	1.541147e+00
-1.330000e+00	1.820941e+00
-1.327500e+00	1.946813e+00
-1.325000e+00	1.843835e+00
-1.322500e+00	1.574234e+00
-1.320000e+00	1.262143e+00
-1.317500e+00	9.866148e-01
-1.315000e+00	7.698140e-01
-1.312500e+00	6.065593e-01
-1.310000e+00	4.848615e-01
-1.307500e+00	3.936371e-01
-1.305000e+00	3.244084e-01
-1.302500e+00	2.710907e-01
-1.300000e+00	2.293996e-01
-1.297500e+00	1.963198e-01
-1.295000e+00	1.697113e-01
-1.292500e+00	1.480367e-01
-1.290000e+00	1.301765e-01
-1.287500e+00	1.153039e-01
-1.285000e+00	1.028000e-01
-1.282500e+00	9.219540e-02
-1.280000e+00	8.312947e-02
-1.277500e+00	7.532221e-02
-1.275000e+00	6.855367e-02
-1.272500e+00	6.264940e-02
-1.270000e+00	5.746972e-02
-1.267500e+00	5.290179e-02
-1.265000e+00	4.885373e-02
-1.262500e+00	4.525014e-02
-1.260000e+00	4.202872e-02
-1.257500e+00	3.913763e-02
-1.255000e+00	3.653347e-02
-1.252500e+00	3.417973e-02
-1.250000e+00	3.204545e-02
-1.247500e+00	3.010433e-02
-1.245000e+00	2.833384e-02
-1.242500e+00	2.671465e-02
-1.240000e+00	2.523007e-02
-1.237500e+00	2.386565e-02
-1.235000e+00	2.260880e-02
-1.232500e+00	2.144855e-02
-1.230000e+00	2.037529e-02
-1.227500e+00	1.938056e-02
-1.225000e+00	1.845690e-02
-1.222500e+00	1.759772e-02
-1.220000e+00	1.679718e-02
-1.217500e+00	1.605007e-02
-1.215000e+00	1.535175e-02
-1.212500e+00	1.469809e-02
-1.210000e+00	1.408535e-02
-1.207500e+00	1.351020e-02
-1.205000e+00	1.296964e-02
-1.202500e+00	1.246095e-02
-1.200000e+00	1.198168e-02
-1.197500e+00	1.152961e-02
-1.195000e+00	1.110273e-02
-1.192500e+00	1.069920e-02
-1.190000e+00	1.031735e-02
-1.187500e+00	9.955661e-03
-1.185000e+00	9.612740e-03
-1.182500e+00	9.287313e-03
-1.180000e+00	8.978212e-03
-1.177500e+00	8.684366e-03
-1.175000e+00	8.404788e-03
-1.172500e+00	8.138571e-03
-1.170000e+00	7.884879e-03
-1.167500e+00	7.642940e-03
-1.165000e+00	7.412040e-03
-1.162500e+00	7.191518e-03
-1.160000e+00	6.980764e-03
-1.157500e+00	6.779209e-03
-1.155000e+00	6.586327e-03
-1.152500e+00	6.401628e-03
-1.150000e+00	6.224657e-03
-1.147500e+00	6.054990e-03
-1.145000e+00	5.892230e-03
-1.142500e+00	5.736008e-03
-1.140000e+00	5.585980e-03
-1.137500e+00	5.441823e-03
-1.135000e+00	5.303236e-03
-1.132500e+00	5.169934e-03
-1.130000e+00	5.041655e-03
-1.127500e+00	4.918149e-03
-1.125000e+00	4.799182e-03
-1.122500e+00	4.684536e-03
-1.120000e+00	4.574003e-03
-1.117500e+00	4.467391e-03
-1.115000e+00	4.364517e-03
-1.112500e+00	4.265207e-03
-1.110000e+00	4.169300e-03
-1.107500e+00	4.076643e-03
-1.105000e+00	3.987090e-03
-1.102500e+00	3.900505e-03
-1.100000e+00	3.816758e-03
-1.097500e+00	3.735727e-03
-1.095000e+00	3.657297e-03
-1.092500e+00	3.581357e-03
-1.090000e+00	3.507804e-03
-1.087500e+00	3.436539e-03
-1.085000e+00	3.367468e-03
-1.082500e+00	3.300502e-03
-1.080000e+00	3.235558e-03
-1.077500e+00	3.172554e-03
-1.075000e+00	3.111415e-03
-1.072500e+00	3.052068e-03
-1.070000e+00	2.994444e-03
-1.067500e+00	2.938477e-03
-1.065000e+00	2.884105e-03
-1.062500e+00	2.831267e-03
-1.060000e+00	2.779908e-03
-1.057500e+00	2.729971e-03
-1.055000e+00	2.681407e-03
-1.052500e+00	2.634165e-03
-1.050000e+00	2.588197e-03
-1.047500e+00	2.543460e-03
-1.045000e+00	2.499908e-03
-1.042500e+00	2.457502e-03
-1.040000e+00	2.416202e-03
-1.037500e+00	2.375969e-03
-1.035000e+00	2.336768e-03
-1.032500e+00	2.298563e-03
-1.030000e+00	2.261322e-03
-1.027500e+00	2.225013e-03
-1.025000e+00	2.189605e-03
-1.022500e+00	2.155069e-03
-1.020000e+00	2.121376e-03
-1.017500e+00	2.088500e-03
-1.015000e+00	2.056415e-03
-1.012500e+00	2.025095e-03
-1.010000e+00	1.994518e-03
-1.007500e+00	1.964659e-03
-1.005000e+00	1.935497e-03
-1.002500e+00	1.907010e-03
-1.000000e+00	1.879178e-03
-9.975000e-01	1.851982e-03
-9.950000e-01	1.825402e-03
-9.925000e-01	1.799420e-03
-9.900000e-01	1.774019e-03
-9.875000e-01	1.749181e-03
-9.850000e-01	1.724891e-03
-9.825000e-01	1.701132e-03
-9.800000e-01	1.677890e-03
-9.775000e-01	1.655150e-03
-9.750000e-01	1.632897e-03
-9.725000e-01	1.611118e-03
-9.700000e-01	1.589801e-03
-9.675000e-01	1.568931e-03
-9.650000e-01	1.548498e-03
-9.625000e-01	1.528489e-03
-9.600000e-01	1.508892e-03
-9.575000e-01	1.489698e-03
-9.550000e-01	1.470894e-03
-9.525000e-01	1.452472e-03
-9.500000e-01	1.434420e-03
-9.475000e-01	1.416729e-03
-9.450000e-01	1.399391e-03
-9.425000e-01	1.382395e-03
-9.400000e-01	1.365733e-03
-9.375000e-01	1.349397e-03
-9.350000e-01	1.333378e-03
-9.325000e-01	1.317669e-03
-9.300000e-01	1.302262e-03
-9.275000e-01	1.287149e-03
-9.250000e-01	1.272323e-03
-9.225000e-01	1.257778e-03
-9.200000e-01	1.243506e-03
-9.175000e-01	1.229501e-03
-9.150000e-01	1.215757e-03
-9.125000e-01	1.202267e-03
-9.100000e-01	1.189026e-03
-9.075000e-01	1.176027e-03
-9.050000e-01	1.163265e-03
-9.025000e-01	1.150735e-03
-9.000000e-01	1.138431e-03
-8.975000e-01	1.126348e-03
-8.950000e-01	1.114481e-03
-8.925000e-01	1.102826e-03
-8.900000e-01	1.091377e-03
-8.875000e-01	1.080130e-03
-8.850000e-01	1.069081e-03
-8.825000e-01	1.058225e-03
-8.800000e-01	1.047558e-03
-8.775000e-01	1.037076e-03
-8.750000e-01	1.026775e-03
-8.725000e-01	1.016651e-03
-8.700000e-01	1.006700e-03
-8.675000e-01	9.969193e-04
-8.650000e-01	9.873048e-04
-8.625000e-01	9.778532e-04
-8.600000e-01	9.685609e-04
-8.575000e-01	9.594249e-04
-8.550000e-01	9.504419e-04
-8.525000e-01	9.416088e-04
-8.500000e-01	9.329227e-04
-8.475000e-01	9.243806e-04
-8.450000e-01	9.159798e-04
-8.425000e-01	9.077174e-04
-8.400000e-01	8.995907e-04
-8.375000e-01	8.915972e-04
-8.350000e-01	8.837343e-04
-8.325000e-01	8.759994e-04
-8.300000e-01	8.683903e-04
-8.275000e-01	8.609045e-04
-8.250000e-01	8.535398e-04
-8.225000e-01	8.462940e-04
-8.200000e-01	8.391648e-04
-8.175000e-01	8.321501e-04
-8.150000e-01	8.252480e-04
-8.125000e-01	8.184563e-04
-8.100000e-01	8.117732e-04
-8.075000e-01	8.051968e-04
-8.050000e-01	7.987251e-04
-8.025000e-01	7.923565e-04
-8.000000e-01	7.860891e-04
-7.975000e-01	7.799212e-04
-7.950000e-01	7.738513e-04
-7.925000e-01	7.678776e-04
-7.900000e-01	7.619986e-04
-7.875000e-01	7.562127e-04
-7.850000e-01	7.505185e-04
-7.825000e-01	7.449146e-04
-7.800000e-01	7.393994e-04
-7.775000e-01	7.339717e-04
-7.750000e-01	7.286301e-04
-7.725000e-01	7.233733e-04
-7.700000e-01	7.182000e-04
-7.675000e-01	7.131090e-04
-7.650000e-01	7.080991e-04
-7.625000e-01	7.031692e-04
-7.600000e-01	6.983181e-04
-7.575000e-01	6.935447e-04
-7.550000e-01	6.888480e-04
-7.525000e-01	6.842269e-04
-7.500000e-01	6.796804e-04
-7.475000e-01	6.752077e-04
-7.450000e-01	6.708076e-04
-7.425000e-01	6.664794e-04
-7.400000e-01	6.622221e-04
-7.375000e-01	6.580349e-04
-7.350000e-01	6.539170e-04
-7.325000e-01	6.498675e-04
-7.300000e-01	6.458858e-04
-7.275000e-01	6.419710e-04
-7.250000e-01	6.381225e-04
-7.225000e-01	6.343396e-04
-7.200000e-01	6.306216e-04
-7.175000e-01	6.269679e-04
-7.150000e-01	6.233779e-04
-7.125000e-01	6.198510e-04
-7.100000e-01	6.163867e-04
-7.075000e-01	6.129844e-04
-7.050000e-01	6.096437e-04
-7.025000e-01	6.063641e-04
-7.000000e-01	6.031452e-04
-6.975000e-01	5.999865e-04
-6.950000e-01	5.968876e-04
-6.925000e-01	5.938483e-04
-6.900000e-01	5.908682e-04
-6.875000e-01	5.879469e-04
-6.850000e-01	5.850843e-04
-6.825000e-01	5.822801e-04
-6.800000e-01	5.795340e-04
-6.775000e-01	5.768458e-04
-6.750000e-01	5.742155e-04
-6.725000e-01	5.716430e-04
-6.700000e-01	5.691280e-04
-6.675000e-01	5.666706e-04
-6.650000e-01	5.642708e-04
-6.625000e-01	5.619285e-04
-6.600000e-01	5.596438e-04
-6.575000e-01	5.574168e-04
-6.550000e-01	5.552477e-04
-6.525000e-01	5.531365e-04
-6.500000e-01	5.510835e-04
-6.475000e-01	5.490889e-04
-6.450000e-01	5.471530e-04
-6.425000e-01	5.452761e-04
-6.400000e-01	5.434587e-04
-6.375000e-01	5.417010e-04
-6.350000e-01	5.400037e-04
-6.325000e-01	5.383672e-04
-6.300000e-01	5.367921e-04
-6.275000e-01	5.352791e-04
-6.250000e-01	5.338288e-04
-6.225000e-01	5.324420e-04
-6.200000e-01	5.311195e-04
-6.175000e-01	5.298623e-04
-6.150000e-01	5.286713e-04
-6.125000e-01	5.275475e-04
-6.100000e-01	5.264920e-04
-6.075000e-01	5.255062e-04
-6.050000e-01	5.245912e-04
-6.025000e-01	5.237485e-04
-6.000000e-01	5.229796e-04
-5.975000e-01	5.222860e-04
-5.950000e-01	5.216696e-04
-5.925000e-01	5.211322e-04
-5.900000e-01	5.206756e-04
-5.875000e-01	5.203022e-04
-5.850000e-01	5.200140e-04
-5.825000e-01	5.198136e-04
-5.800000e-01	5.197035e-04
-5.775000e-01	5.196865e-04
-5.750000e-01	5.197655e-04
-5.725000e-01	5.199438e-04
-5.700000e-01	5.202246e-04
-5.675000e-01	5.206118e-04
-5.650000e-01	5.211091e-04
-5.625000e-01	5.217207e-04
-5.600000e-01	5.224511e-04
-5.575000e-01	5.233051e-04
-5.550000e-01	5.242878e-04
-5.525000e-01	5.254049e-04
-5.500000e-01	5.266621e-04
-5.475000e-01	5.280660e-04
-5.450000e-01	5.296234e-04
-5.425000e-01	5.313416e-04
-5.400000e-01	5.332288e-04
-5.375000e-01	5.352935e-04
-5.350000e-01	5.375451e-04
-5.325000e-01	5.399935e-04
-5.300000e-01	5.426498e-04
-5.275000e-01	5.455257e-04
-5.250000e-01	5.486341e-04
-5.225000e-01	5.519888e-04
-5.200000e-01	5.556050e-04
-5.175000e-01	5.594992e-04
-5.150000e-01	5.636893e-04
-5.125000e-01	5.681951e-04
-5.100000e-01	5.730379e-04
-5.075000e-01	5.782413e-04
-5.050000e-01	5.838312e-04
-5.025000e-01	5.898357e-04
-5.000000e-01	5.962863e-04
-4.975000e-01	6.032174e-04
-4.950000e-01	6.106669e-04
-4.925000e-01	6.186771e-04
-4.900000e-01	6.272948e-04
-4.875000e-01	6.365720e-04
-4.850000e-01	6.465667e-04
-4.825000e-01	6.573437e-04
-4.800000e-01	6.689755e-04
-4.775000e-01	6.815438e-04
-4.750000e-01	6.951403e-04
-4.725000e-01	7.098687e-04
-4.700000e-01	7.258464e-04
-4.675000e-01	7.432068e-04
-4.650000e-01	7.621021e-04
-4.625000e-01	7.827062e-04
-4.600000e-01	8.052190e-04
-4.575000e-01	8.298708e-04
-4.550000e-01	8.569280e-04
-4.525000e-01	8.867005e-04
-4.500000e-01	9.195499e-04
-4.475000e-01	9.559005e-04
-4.450000e-01	9.962527e-04
-4.425000e-01	1.041200e-03
-4.400000e-01	1.091448e-03
-4.375000e-01	1.147848e-03
-4.350000e-01	1.211423e-03
-4.325000e-01	1.283420e-03
-4.300000e-01	1.365365e-03
-4.275000e-01	1.459145e-03
-4.250000e-01	1.567109e-03
-4.225000e-01	1.692211e-03
-4.200000e-01	1.838201e-03
-4.175000e-01	2.009892e-03
-4.150000e-01	2.213532e-03
-4.125000e-01	2.457329e-03
-4.100000e-01	2.752206e-03
-4.075000e-01	3.112900e-03
-4.050000e-01	3.559570e-03
-4.025000e-01	4.120178e-03
-4.000000e-01	4.834001e-03
-3.975000e-01	5.756753e-03
-3.950000e-01	6.967670e-03
-3.925000e-01	8.578041e-03
-3.900000e-01	1.073693e-02
-3.875000e-01	1.361804e-02
-3.850000e-01	1.734134e-02
-3.825000e-01	2.173713e-02
-3.800000e-01	2.592430e-02
-3.775000e-01	2.820400e-02
-3.750000e-01	2.725978e-02
-3.725000e-01	2.367325e-02
-3.700000e-01	1.920793e-02
-3.675000e-01	1.514538e-02
-3.650000e-01	1.190896e-02
-3.625000e-01	9.462428e-03
-3.600000e-01	7.639071e-03
-3.575000e-01	6.275278e-03
-3.550000e-01	5.243569e-03
-3.525000e-01	4.451869e-03
-3.500000e-01	3.835259e-03
-3.475000e-01	3.348082e-03
-3.450000e-01	2.957994e-03
-3.425000e-01	2.641812e-03
-3.400000e-01	2.382696e-03
-3.375000e-01	2.168241e-03
-3.350000e-01	1.989185e-03
-3.325000e-01	1.838521e-03
-3.300000e-01	1.710883e-03
-3.275000e-01	1.602114e-03
-3.250000e-01	1.508961e-03
-3.225000e-01	1.428850e-03
-3.200000e-01	1.359729e-03
-3.175000e-01	1.299949e-03
-3.150000e-01	1.248174e-03
-3.125000e-01	1.203314e-03
-3.100000e-01	1.164477e-03
-3.075000e-01	1.130927e-03
-3.050000e-01	1.102057e-03
-3.025000e-01	1.077364e-03
-3.000000e-01	1.056430e-03
-2.975000e-01	1.038910e-03
-2.950000e-01	1.024518e-03
-2.925000e-01	1.013020e-03
-2.900000e-01	1.004226e-03
-2.875000e-01	9.979837e-04
-2.850000e-01	9.941753e-04
-2.825000e-01	9.927136e-04
-2.800000e-01	9.935394e-04
-2.775000e-01	9.966199e-04
-2.750000e-01	1.001947e-03
-2.725000e-01	1.009539e-03
-2.700000e-01	1.019435e-03
-2.675000e-01	1.031703e-03
-2.650000e-01	1.046437e-03
-2.625000e-01	1.063757e-03
-2.600000e-01	1.083816e-03
-2.575000e-01	1.106800e-03
-2.550000e-01	1.132933e-03
-2.525000e-01	1.162485e-03
-2.500000e-01	1.195773e-03
-2.475000e-01	1.233175e-03
-2.450000e-01	1.275135e-03
-2.425000e-01	1.322181e-03
-2.400000e-01	1.374937e-03
-2.375000e-01	1.434144e-03
-2.350000e-01	1.500686e-03
-2.325000e-01	1.575619e-03
-2.300000e-01	1.660215e-03
-2.275000e-01	1.756010e-03
-2.250000e-01	1.864874e-03
-2.225000e-01	1.989099e-03
-2.200000e-01	2.131511e-03
-2.175000e-01	2.295629e-03
-2.150000e-01	2.485869e-03
-2.125000e-01	2.707828e-03
-2.100000e-01	2.968673e-03
-2.075000e-01	3.277685e-03
-2.050000e-01	3.647023e-03
-2.025000e-01	4.092822e-03
-2.000000e-01	4.636785e-03
-1.975000e-01	5.308503e-03
-1.950000e-01	6.148895e-03
-1.925000e-01	7.215286e-03
-1.900000e-01	8.588843e-03
-1.875000e-01	1.038504e-02
-1.850000e-01	1.276684e-02
-1.825000e-01	1.595597e-02
-1.800000e-01	2.022292e-02
-1.775000e-01	2.579686e-02
-1.750000e-01	3.256386e-02
-1.725000e-01	3.944496e-02
-1.700000e-01	4.397546e-02
-1.675000e-01	4.367692e-02
-1.650000e-01	3.874034e-02
-1.625000e-01	3.178826e-02
-1.600000e-01	2.514708e-02
-1.575000e-01	1.974756e-02
-1.550000e-01	1.563796e-02
-1.525000e-01	1.257462e-02
-1.500000e-01	1.029057e-02
-1.475000e-01	8.571203e-03
-1.450000e-01	7.259875e-03
-1.425000e-01	6.245854e-03
-1.400000e-01	5.451361e-03
-1.375000e-01	4.821473e-03
-1.350000e-01	4.316999e-03
-1.325000e-01	3.909634e-03
-1.300000e-01	3.578674e-03
-1.275000e-01	3.308802e-03
-1.250000e-01	3.088572e-03
-1.225000e-01	2.909364e-03
-1.200000e-01	2.764661e-03
-1.175000e-01	2.649539e-03
-1.150000e-01	2.560306e-03
-1.125000e-01	2.494252e-03
-1.100000e-01	2.449472e-03
-1.075000e-01	2.424749e-03
-1.050000e-01	2.419484e-03
-1.025000e-01	2.433662e-03
-1.000000e-01	2.467856e-03
-9.750000e-02	2.523269e-03
-9.500000e-02	2.601810e-03
-9.250000e-02	2.706228e-03
-9.000000e-02	2.840305e-03
-8.750000e-02	3.009139e-03
-8.500000e-02	3.219540e-03
-8.250000e-02	3.480612e-03
-8.000000e-02	3.804577e-03
-7.750000e-02	4.207978e-03
-7.500000e-02	4.713442e-03
-7.250000e-02	5.352276e-03
-7.000000e-02	6.168326e-03
-6.750000e-02	7.223636e-03
-6.500000e-02	8.606538e-03
-6.250000e-02	1.044226e-02
-6.000000e-02	1.290357e-02
-5.750000e-02	1.620970e-02
-5.500000e-02	2.057544e-02
-5.250000e-02	2.601644e-02
-5.000000e-02	3.188980e-02
-4.750000e-02	3.639814e-02
-4.500000e-02	3.724940e-02
-4.250000e-02	3.391233e-02
-4.000000e-02	2.827473e-02
-3.750000e-02	2.251724e-02
-3.500000e-02	1.769772e-02
-3.250000e-02	1.398565e-02
-3.000000e-02	1.120767e-02
-2.750000e-02	9.135040e-03
-2.500000e-02	7.575312e-03
-2.250000e-02	6.385749e-03
-2.000000e-02	5.464943e-03
-1.750000e-02	4.741606e-03
-1.500000e-02	4.165453e-03
-1.250000e-02	3.700651e-03
-1.000000e-02	3.321342e-03
-7.500000e-03	3.008604e-03
-5.000000e-03	2.748400e-03
-2.500000e-03	2.530180e-03
9.379164e-13	2.345915e-03
2.500000e-03	2.189419e-03
5.000000e-03	2.055882e-03
7.500000e-03	1.941521e-03
1.000000e-02	1.843342e-03
1.250000e-02	1.758952e-03
1.500000e-02	1.686428e-03
1.750000e-02	1.624219e-03
2.000000e-02	1.571068e-03
2.250000e-02	1.525957e-03
2.500000e-02	1.488059e-03
2.750000e-02	1.456710e-03
3.000000e-02	1.431379e-03
3.250000e-02	1.411652e-03
3.500000e-02	1.397211e-03
3.750000e-02	1.387832e-03
4.000000e-02	1.383369e-03
4.250000e-02	1.383752e-03
4.500000e-02	1.388989e-03
4.750000e-02	1.399157e-03
5.000000e-02	1.414415e-03
5.250000e-02	1.434999e-03
5.500000e-02	1.461237e-03
5.750000e-02	1.493556e-03
6.000000e-02	1.532500e-03
6.250000e-02	1.578745e-03
6.500000e-02	1.633129e-03
6.750000e-02	1.696684e-03
7.000000e-02	1.770677e-03
7.250000e-02	1.856668e-03
7.500000e-02	1.956586e-03
7.750000e-02	2.072822e-03
8.000000e-02	2.208360e-03
8.250000e-02	2.366956e-03
8.500000e-02	2.553367e-03
8.750000e-02	2.773685e-03
9.000000e-02	3.035786e-03
9.250000e-02	3.349968e-03
9.500000e-02	3.729862e-03
9.750000e-02	4.193748e-03
1.000000e-01	4.766472e-03
1.025000e-01	5.482274e-03
1.050000e-01	6.388980e-03
1.075000e-01	7.554152e-03
1.100000e-01	9.073881e-03
1.125000e-01	1.108434e-02
1.150000e-01	1.377343e-02
1.175000e-01	1.737998e-02
1.200000e-01	2.213942e-02
1.225000e-01	2.807434e-02
1.250000e-01	3.449721e-02
1.275000e-01	3.946346e-02
1.300000e-01	4.046466e-02
1.325000e-01	3.688226e-02
1.350000e-01	3.075351e-02
1.375000e-01	2.446902e-02
1.400000e-01	1.920008e-02
1.425000e-01	1.514016e-02
1.450000e-01	1.210238e-02
1.475000e-01	9.837009e-03
1.500000e-01	8.133346e-03
1.525000e-01	6.834970e-03
1.550000e-01	5.830720e-03
1.575000e-01	5.042455e-03
1.600000e-01	4.415058e-03
1.625000e-01	3.909263e-03
1.650000e-01	3.496735e-03
1.675000e-01	3.156745e-03
1.700000e-01	2.873915e-03
1.725000e-01	2.636685e-03
1.750000e-01	2.436254e-03
1.775000e-01	2.265842e-03
1.800000e-01	2.120167e-03
1.825000e-01	1.995073e-03
1.850000e-01	1.887260e-03
1.875000e-01	1.794085e-03
1.900000e-01	1.713412e-03
1.925000e-01	1.643510e-03
1.950000e-01	1.582959e-03
1.975000e-01	1.530597e-03
2.000000e-01	1.485462e-03
2.025000e-01	1.446761e-03
2.050000e-01	1.413834e-03
2.075000e-01	1.386136e-03
2.100000e-01	1.363218e-03
2.125000e-01	1.344707e-03
2.150000e-01	1.330302e-03
2.175000e-01	1.319759e-03
2.200000e-01	1.312887e-03
2.225000e-01	1.309542e-03
2.250000e-01	1.309622e-03
2.275000e-01	1.313063e-03
2.300000e-01	1.319840e-03
2.325000e-01	1.329961e-03
2.350000e-01	1.343472e-03
2.375000e-01	1.360453e-03
2.400000e-01	1.381021e-03
2.425000e-01	1.405333e-03
2.450000e-01	1.433586e-03
2.475000e-01	1.466022e-03
2.500000e-01	1.502936e-03
2.525000e-01	1.544678e-03
2.550000e-01	1.591662e-03
2.575000e-01	1.644376e-03
2.600000e-01	1.703395e-03
2.625000e-01	1.769393e-03
2.650000e-01	1.843164e-03
2.675000e-01	1.925641e-03
2.700000e-01	2.017928e-03
2.725000e-01	2.121329e-03
2.750000e-01	2.237398e-03
2.775000e-01	2.367988e-03
2.800000e-01	2.515325e-03
2.825000e-01	2.682099e-03
2.850000e-01	2.871573e-03
2.875000e-01	3.087744e-03
2.900000e-01	3.335537e-03
2.925000e-01	3.621072e-03
2.950000e-01	3.952019e-03
2.975000e-01	4.338087e-03
3.000000e-01	4.791686e-03
3.025000e-01	5.328860e-03
3.050000e-01	5.970590e-03
3.075000e-01	6.744664e-03
3.100000e-01	7.688378e-03
3.125000e-01	8.852480e-03
3.150000e-01	1.030699e-02
3.175000e-01	1.214983e-02
3.200000e-01	1.451944e-02
3.225000e-01	1.761277e-02
3.250000e-01	2.170850e-02
3.275000e-01	2.718920e-02
3.300000e-01	3.453393e-02
3.325000e-01	4.419077e-02
3.350000e-01	5.611372e-02
3.375000e-01	6.872080e-02
3.400000e-01	7.791620e-02
3.425000e-01	7.889050e-02
3.450000e-01	7.103987e-02
3.475000e-01	5.871738e-02
3.500000e-01	4.645620e-02
3.525000e-01	3.630796e-02
3.550000e-01	2.852711e-02
3.575000e-01	2.271203e-02
3.600000e-01	1.837289e-02
3.625000e-01	1.510500e-02
3.650000e-01	1.261010e-02
3.675000e-01	1.067669e-02
3.700000e-01	9.156126e-03
3.725000e-01	7.943473e-03
3.750000e-01	6.963889e-03
3.775000e-01	6.163296e-03
3.800000e-01	5.502080e-03
3.825000e-01	4.950819e-03
3.850000e-01	4.487376e-03
3.875000e-01	4.094886e-03
3.900000e-01	3.760354e-03
3.925000e-01	3.473662e-03
3.950000e-01	3.226861e-03
3.975000e-01	3.013653e-03
4.000000e-01	2.829017e-03
4.025000e-01	2.668931e-03
4.050000e-01	2.530164e-03
4.075000e-01	2.410123e-03
4.100000e-01	2.306736e-03
4.125000e-01	2.218369e-03
4.150000e-01	2.143762e-03
4.175000e-01	2.081989e-03
4.200000e-01	2.032430e-03
4.225000e-01	1.994765e-03
4.250000e-01	1.968976e-03
4.275000e-01	1.955376e-03
4.300000e-01	1.954655e-03
4.325000e-01	1.967952e-03
4.350000e-01	1.996974e-03
4.375000e-01	2.044160e-03
4.400000e-01	2.112929e-03
4.425000e-01	2.208045e-03
4.450000e-01	2.336153e-03
4.475000e-01	2.506574e-03
4.500000e-01	2.732490e-03
4.525000e-01	3.032670e-03
4.550000e-01	3.433902e-03
4.575000e-01	3.974037e-03
4.600000e-01	4.704504e-03
4.625000e-01	5.687664e-03
4.650000e-01	6.974932e-03
4.675000e-01	8.534877e-03
4.700000e-01	1.010821e-02
4.725000e-01	1.111912e-02
4.750000e-01	1.101092e-02
4.775000e-01	9.855887e-03
4.800000e-01	8.265598e-03
4.825000e-01	6.764089e-03
4.850000e-01	5.555099e-03
4.875000e-01	4.645728e-03
4.900000e-01	3.979646e-03
4.925000e-01	3.496505e-03
4.950000e-01	3.148379e-03
4.975000e-01	2.900800e-03
5.000000e-01	2.730000e-03
5.025000e-01	2.620018e-03
5.050000e-01	2.560511e-03
5.075000e-01	2.545269e-03
5.100000e-01	2.571308e-03
5.125000e-01	2.638375e-03
5.150000e-01	2.748815e-03
5.175000e-01	2.907737e-03
5.200000e-01	3.123521e-03
5.225000e-01	3.408735e-03
5.250000e-01	3.781619e-03
5.275000e-01	4.268362e-03
5.300000e-01	4.906524e-03
5.325000e-01	5.749990e-03
5.350000e-01	6.875592e-03
5.375000e-01	8.390128e-03
5.400000e-01	1.043136e-02
5.425000e-01	1.314142e-02
5.450000e-01	1.655722e-02
5.475000e-01	2.033655e-02
5.500000e-01	2.341466e-02
5.525000e-01	2.428974e-02
5.550000e-01	2.241848e-02
5.575000e-01	1.888309e-02
5.600000e-01	1.513685e-02
5.625000e-01	1.195051e-02
5.650000e-01	9.480434e-03
5.675000e-01	7.628304e-03
5.700000e-01	6.246614e-03
5.725000e-01	5.207884e-03
5.750000e-01	4.416716e-03
5.775000e-01	3.805128e-03
5.800000e-01	3.325312e-03
5.825000e-01	2.943567e-03
5.850000e-01	2.635908e-03
5.875000e-01	2.385051e-03
5.900000e-01	2.178364e-03
5.925000e-01	2.006488e-03
5.950000e-01	1.862394e-03
5.975000e-01	1.740737e-03
6.000000e-01	1.637403e-03
6.025000e-01	1.549188e-03
6.050000e-01	1.473574e-03
6.075000e-01	1.408562e-03
6.100000e-01	1.352552e-03
6.125000e-01	1.304253e-03
6.150000e-01	1.262616e-03
6.175000e-01	1.226785e-03
6.200000e-01	1.196055e-03
6.225000e-01	1.169847e-03
6.250000e-01	1.147680e-03
6.275000e-01	1.129157e-03
6.300000e-01	1.113948e-03
6.325000e-01	1.101780e-03
6.350000e-01	1.092429e-03
6.375000e-01	1.085713e-03
6.400000e-01	1.081481e-03
6.425000e-01	1.079618e-03
6.450000e-01	1.080033e-03
6.475000e-01	1.082662e-03
6.500000e-01	1.087461e-03
6.525000e-01	1.094409e-03
6.550000e-01	1.103504e-03
6.575000e-01	1.114763e-03
6.600000e-01	1.128221e-03
6.625000e-01	1.143935e-03
6.650000e-01	1.161978e-03
6.675000e-01	1.182444e-03
6.700000e-01	1.205449e-03
6.725000e-01	1.231133e-03
6.750000e-01	1.259657e-03
6.775000e-01	1.291214e-03
6.800000e-01	1.326023e-03
6.825000e-01	1.364341e-03
6.850000e-01	1.406460e-03
6.875000e-01	1.452718e-03
6.900000e-01	1.503504e-03
6.925000e-01	1.559262e-03
6.950000e-01	1.620506e-03
6.975000e-01	1.687826e-03
7.000000e-01	1.761908e-03
7.025000e-01	1.843542e-03
7.050000e-01	1.933650e-03
7.075000e-01	2.033307e-03
7.100000e-01	2.143773e-03
7.125000e-01	2.266529e-03
7.150000e-01	2.403328e-03
7.175000e-01	2.556253e-03
7.200000e-01	2.727793e-03
7.225000e-01	2.920943e-03
7.250000e-01	3.139324e-03
7.275000e-01	3.387352e-03
7.300000e-01	3.670448e-03
7.325000e-01	3.995320e-03
7.350000e-01	4.370346e-03
7.375000e-01	4.806079e-03
7.400000e-01	5.315954e-03
7.425000e-01	5.917253e-03
7.450000e-01	6.632467e-03
7.475000e-01	7.491226e-03
7.500000e-01	8.533079e-03
7.525000e-01	9.811537e-03
7.550000e-01	1.140002e-02
7.575000e-01	1.340064e-02
7.600000e-01	1.595722e-02
7.625000e-01	1.927398e-02
7.650000e-01	2.364116e-02
7.675000e-01	2.946389e-02
7.700000e-01	3.727502e-02
7.725000e-01	4.766190e-02
7.750000e-01	6.091702e-02
7.775000e-01	7.608246e-02
7.800000e-01	8.949872e-02
7.825000e-01	9.514649e-02
7.850000e-01	8.964070e-02
7.875000e-01	7.628836e-02
7.900000e-01	6.111613e-02
7.925000e-01	4.782606e-02
7.950000e-01	3.740272e-02
7.975000e-01	2.956235e-02
8.000000e-01	2.371832e-02
8.025000e-01	1.933624e-02
8.050000e-01	1.600928e-02
8.075000e-01	1.344588e-02
8.100000e-01	1.144087e-02
8.125000e-01	9.849779e-03
8.150000e-01	8.570063e-03
8.175000e-01	7.528016e-03
8.200000e-01	6.669948e-03
8.225000e-01	5.956200e-03
8.250000e-01	5.357090e-03
8.275000e-01	4.850117e-03
8.300000e-01	4.418027e-03
8.325000e-01	4.047454e-03
8.350000e-01	3.727948e-03
8.375000e-01	3.451286e-03
8.400000e-01	3.210968e-03
8.425000e-01	3.001857e-03
8.450000e-01	2.819922e-03
8.475000e-01	2.662058e-03
8.500000e-01	2.525986e-03
8.525000e-01	2.410201e-03
8.550000e-01	2.314001e-03
8.575000e-01	2.237589e-03
8.600000e-01	2.182264e-03
8.625000e-01	2.150701e-03
8.650000e-01	2.147217e-03
8.675000e-01	2.177611e-03
8.700000e-01	2.247270e-03
8.725000e-01	2.354478e-03
8.750000e-01	2.475619e-03
8.775000e-01	2.552022e-03
8.800000e-01	2.516880e-03
8.825000e-01	2.363942e-03
8.850000e-01	2.154827e-03
8.875000e-01	1.951688e-03
8.900000e-01	1.781890e-03
8.925000e-01	1.648302e-03
8.950000e-01	1.545038e-03
8.975000e-01	1.465146e-03
9.000000e-01	1.402922e-03
9.025000e-01	1.354168e-03
9.050000e-01	1.315917e-03
9.075000e-01	1.286097e-03
9.100000e-01	1.263263e-03
9.125000e-01	1.246419e-03
9.150000e-01	1.234883e-03
9.175000e-01	1.228208e-03
9.200000e-01	1.226123e-03
9.225000e-01	1.228501e-03
9.250000e-01	1.235332e-03
9.275000e-01	1.246719e-03
9.300000e-01	1.262867e-03
9.325000e-01	1.284089e-03
9.350000e-01	1.310814e-03
9.375000e-01	1.343600e-03
9.400000e-01	1.383160e-03
9.425000e-01	1.430389e-03
9.450000e-01	1.486408e-03
9.475000e-01	1.552615e-03
9.500000e-01	1.630766e-03
9.525000e-01	1.723071e-03
9.550000e-01	1.832332e-03
9.575000e-01	1.962132e-03
9.600000e-01	2.117090e-03
9.625000e-01	2.303236e-03
9.650000e-01	2.528517e-03
9.675000e-01	2.803554e-03
9.700000e-01	3.142723e-03
9.725000e-01	3.565753e-03
9.750000e-01	4.100087e-03
9.775000e-01	4.784371e-03
9.800000e-01	5.673496e-03
9.825000e-01	6.845474e-03
9.850000e-01	8.409287e-03
9.875000e-01	1.050855e-02
9.900000e-01	1.330250e-02
9.925000e-01	1.687375e-02
9.950000e-01	2.097355e-02
9.975000e-01	2.462832e-02
1.000000e+00	2.621200e-02
1.002500e+00	2.477717e-02
1.005000e+00	2.118722e-02
1.007500e+00	1.707612e-02
1.010000e+00	1.346318e-02
1.012500e+00	1.062585e-02
1.015000e+00	8.490889e-03
1.017500e+00	6.899795e-03
1.020000e+00	5.707282e-03
1.022500e+00	4.802523e-03
1.025000e+00	4.106043e-03
1.027500e+00	3.561898e-03
1.030000e+00	3.130712e-03
1.032500e+00	2.784532e-03
1.035000e+00	2.503273e-03
1.037500e+00	2.272308e-03
1.040000e+00	2.080833e-03
1.042500e+00	1.920760e-03
1.045000e+00	1.785956e-03
1.047500e+00	1.671716e-03
1.050000e+00	1.574385e-03
1.052500e+00	1.491099e-03
1.055000e+00	1.419587e-03
1.057500e+00	1.358039e-03
1.060000e+00	1.304996e-03
1.062500e+00	1.259274e-03
1.065000e+00	1.219911e-03
1.067500e+00	1.186114e-03
1.070000e+00	1.157234e-03
1.072500e+00	1.132732e-03
1.075000e+00	1.112164e-03
1.077500e+00	1.095161e-03
1.080000e+00	1.081419e-03
1.082500e+00	1.070688e-03
1.085000e+00	1.062762e-03
1.087500e+00	1.057477e-03
1.090000e+00	1.054703e-03
1.092500e+00	1.054338e-03
1.095000e+00	1.056309e-03
1.097500e+00	1.060571e-03
1.100000e+00	1.067097e-03
1.102500e+00	1.075885e-03
1.105000e+00	1.086954e-03
1.107500e+00	1.100346e-03
1.110000e+00	1.116120e-03
1.112500e+00	1.134361e-03
1.115000e+00	1.155176e-03
1.117500e+00	1.178695e-03
1.120000e+00	1.205075e-03
1.122500e+00	1.234504e-03
1.125000e+00	1.267199e-03
1.127500e+00	1.303415e-03
1.130000e+00	1.343449e-03
1.132500e+00	1.387640e-03
1.135000e+00	1.436386e-03
1.137500e+00	1.490141e-03
1.140000e+00	1.549436e-03
1.142500e+00	1.614884e-03
1.145000e+00	1.687197e-03
1.147500e+00	1.767205e-03
1.150000e+00	1.855881e-03
1.152500e+00	1.954363e-03
1.155000e+00	2.063998e-03
1.157500e+00	2.186375e-03
1.160000e+00	2.323392e-03
1.162500e+00	2.477318e-03
1.165000e+00	2.650885e-03
1.167500e+00	2.847410e-03
1.170000e+00	3.070937e-03
1.172500e+00	3.326445e-03
1.175000e+00	3.620107e-03
1.177500e+00	3.959647e-03
1.180000e+00	4.354824e-03
1.182500e+00	4.818086e-03
1.185000e+00	5.365491e-03
1.187500e+00	6.018000e-03
1.190000e+00	6.803311e-03
1.192500e+00	7.758512e-03
1.195000e+00	8.933955e-03
1.197500e+00	1.039896e-02
1.200000e+00	1.225024e-02
1.202500e+00	1.462435e-02
1.205000e+00	1.771543e-02
1.207500e+00	2.179878e-02
1.210000e+00	2.725519e-02
1.212500e+00	3.457215e-02
1.215000e+00	4.424220e-02
1.217500e+00	5.635728e-02
1.220000e+00	6.961887e-02
1.222500e+00	8.016819e-02
1.225000e+00	8.278468e-02
1.227500e+00	7.586101e-02
1.230000e+00	6.338564e-02
1.232500e+00	5.037249e-02
1.235000e+00	3.938300e-02
1.237500e+00	3.089228e-02
1.240000e+00	2.453631e-02
1.242500e+00	1.979980e-02
1.245000e+00	1.624271e-02
1.247500e+00	1.353715e-02
1.250000e+00	1.144994e-02
1.252500e+00	9.817380e-03
1.255000e+00	8.524315e-03
1.257500e+00	7.489153e-03
1.260000e+00	6.653568e-03
1.262500e+00	5.975611e-03
1.265000e+00	5.425147e-03
1.267500e+00	4.980866e-03
1.270000e+00	4.628388e-03
1.272500e+00	4.359108e-03
1.275000e+00	4.169301e-03
1.277500e+00	4.058550e-03
1.280000e+00	4.025127e-03
1.282500e+00	4.054333e-03
1.285000e+00	4.101082e-03
1.287500e+00	4.094026e-03
1.290000e+00	3.995519e-03
1.292500e+00	3.850895e-03
1.295000e+00	3.742115e-03
1.297500e+00	3.728726e-03
1.300000e+00	3.844384e-03
1.302500e+00	4.113703e-03
1.305000e+00	4.556126e-03
1.307500e+00	5.162177e-03
1.310000e+00	5.831034e-03
1.312500e+00	6.309857e-03
1.315000e+00	6.300585e-03
1.317500e+00	5.760055e-03
1.320000e+00	4.950693e-03
1.322500e+00	4.149599e-03
1.325000e+00	3.482865e-03
1.327500e+00	2.966086e-03
1.330000e+00	2.574327e-03
1.332500e+00	2.277164e-03
1.335000e+00	2.049423e-03
1.337500e+00	1.872516e-03
1.340000e+00	1.733237e-03
1.342500e+00	1.622289e-03
1.345000e+00	1.533103e-03
1.347500e+00	1.460998e-03
1.350000e+00	1.402607e-03
1.352500e+00	1.355485e-03
1.355000e+00	1.317851e-03
1.357500e+00	1.288409e-03
1.360000e+00	1.266225e-03
1.362500e+00	1.250649e-03
1.365000e+00	1.241257e-03
1.367500e+00	1.237814e-03
1.370000e+00	1.240254e-03
1.372500e+00	1.248673e-03
1.375000e+00	1.263321e-03
1.377500e+00	1.284620e-03
1.380000e+00	1.313177e-03
1.382500e+00	1.349819e-03
1.385000e+00	1.395637e-03
1.387500e+00	1.452049e-03
1.390000e+00	1.520891e-03
1.392500e+00	1.604539e-03
1.395000e+00	1.706080e-03
1.397500e+00	1.829558e-03
1.400000e+00	1.980312e-03
1.402500e+00	2.165478e-03
1.405000e+00	2.394700e-03
1.407500e+00	2.681187e-03
1.410000e+00	3.043270e-03
1.412500e+00	3.506708e-03
1.415000e+00	4.108045e-03
1.417500e+00	4.899274e-03
1.420000e+00	5.953527e-03
1.422500e+00	7.369132e-03
1.425000e+00	9.261954e-03
1.427500e+00	1.171638e-02
1.430000e+00	1.463449e-02
1.432500e+00	1.745719e-02
1.435000e+00	1.906632e-02
1.437500e+00	1.853988e-02
1.440000e+00	1.620118e-02
1.442500e+00	1.321924e-02
1.445000e+00	1.047940e-02
1.447500e+00	8.287362e-03
1.450000e+00	6.627584e-03
1.452500e+00	5.390088e-03
1.455000e+00	4.464657e-03
1.457500e+00	3.764884e-03
1.460000e+00	3.228230e-03
1.462500e+00	2.810574e-03
1.465000e+00	2.480893e-03
1.467500e+00	2.217223e-03
1.470000e+00	2.003832e-03
1.472500e+00	1.829300e-03
1.475000e+00	1.685225e-03
1.477500e+00	1.565338e-03
1.480000e+00	1.464902e-03
1.482500e+00	1.380295e-03
1.485000e+00	1.308717e-03
1.487500e+00	1.247978e-03
1.490000e+00	1.196353e-03
1.492500e+00	1.152471e-03
1.495000e+00	1.115235e-03
1.497500e+00	1.083761e-03
1.500000e+00	1.057334e-03
1.502500e+00	1.035376e-03
1.505000e+00	1.017417e-03
1.507500e+00	1.003076e-03
1.510000e+00	9.920460e-04
1.512500e+00	9.840831e-04
1.515000e+00	9.789948e-04
1.517500e+00	9.766349e-04
1.520000e+00	9.768971e-04
1.522500e+00	9.797115e-04
1.525000e+00	9.850419e-04
1.527500e+00	9.928834e-04
1.530000e+00	1.003262e-03
1.532500e+00	1.016233e-03
1.535000e+00	1.031886e-03
1.537500e+00	1.050340e-03
1.540000e+00	1.071751e-03
1.542500e+00	1.096314e-03
1.545000e+00	1.124265e-03
1.547500e+00	1.155891e-03
1.550000e+00	1.191535e-03
1.552500e+00	1.231603e-03
1.555000e+00	1.276581e-03
1.557500e+00	1.327046e-03
1.560000e+00	1.383683e-03
1.562500e+00	1.447312e-03
1.565000e+00	1.518916e-03
1.567500e+00	1.599678e-03
1.570000e+00	1.691030e-03
1.572500e+00	1.794716e-03
1.575000e+00	1.912876e-03
1.577500e+00	2.048154e-03
1.580000e+00	2.203848e-03
1.582500e+00	2.384102e-03
1.585000e+00	2.594184e-03
1.587500e+00	2.840855e-03
1.590000e+00	3.132895e-03
1.592500e+00	3.481852e-03
1.595000e+00	3.903105e-03
1.597500e+00	4.417427e-03
1.600000e+00	5.053272e-03
1.602500e+00	5.850153e-03
1.605000e+00	6.863639e-03
1.607500e+00	8.172580e-03
1.610000e+00	9.888967e-03
1.612500e+00	1.216926e-02
1.615000e+00	1.521990e-02
1.617500e+00	1.927098e-02
1.620000e+00	2.444616e-02
1.622500e+00	3.040088e-02
1.625000e+00	3.575520e-02
1.627500e+00	3.817337e-02
1.630000e+00	3.625428e-02
1.632500e+00	3.120239e-02
1.635000e+00	2.537471e-02
1.637500e+00	2.026248e-02
1.640000e+00	1.628144e-02
1.642500e+00	1.333387e-02
1.645000e+00	1.119584e-02
1.647500e+00	9.662369e-03
1.650000e+00	8.579388e-03
1.652500e+00	7.840073e-03
1.655000e+00	7.374291e-03
1.657500e+00	7.139539e-03
1.660000e+00	7.114962e-03
1.662500e+00	7.298352e-03
1.665000e+00	7.705838e-03
1.667500e+00	8.374219e-03
1.670000e+00	9.366196e-03
1.672500e+00	1.077868e-02
1.675000e+00	1.275314e-02
1.677500e+00	1.548185e-02
1.680000e+00	1.918709e-02
1.682500e+00	2.400927e-02
1.685000e+00	2.968075e-02
1.687500e+00	3.497089e-02
1.690000e+00	3.762670e-02
1.692500e+00	3.605689e-02
1.695000e+00	3.118998e-02
1.697500e+00	2.533746e-02
1.700000e+00	2.008820e-02
1.702500e+00	1.593454e-02
1.705000e+00	1.280822e-02
1.707500e+00	1.049019e-02
1.710000e+00	8.771819e-03
1.712500e+00	7.493173e-03
1.715000e+00	6.541055e-03
1.717500e+00	5.838641e-03
1.720000e+00	5.336113e-03
1.722500e+00	5.004175e-03
1.725000e+00	4.830220e-03
1.727500e+00	4.816158e-03
1.730000e+00	4.975740e-03
1.732500e+00	5.325648e-03
1.735000e+00	5.857152e-03
1.737500e+00	6.472295e-03
1.740000e+00	6.918708e-03
1.742500e+00	6.887078e-03
1.745000e+00	6.316030e-03
1.747500e+00	5.464285e-03
1.750000e+00	4.619334e-03
1.752500e+00	3.916499e-03
1.755000e+00	3.374998e-03
1.757500e+00	2.970472e-03
1.760000e+00	2.672371e-03
1.762500e+00	2.455714e-03
1.765000e+00	2.302806e-03
1.767500e+00	2.202238e-03
1.770000e+00	2.147643e-03
1.772500e+00	2.136884e-03
1.775000e+00	2.171783e-03
1.777500e+00	2.258413e-03
1.780000e+00	2.407967e-03
1.782500e+00	2.638145e-03
1.785000e+00	2.974593e-03
1.787500e+00	3.450429e-03
1.790000e+00	4.097619e-03
1.792500e+00	4.915091e-03
1.795000e+00	5.795325e-03
1.797500e+00	6.450107e-03
1.800000e+00	6.526442e-03
1.802500e+00	5.960316e-03
1.805000e+00	5.055788e-03
1.807500e+00	4.146421e-03
1.810000e+00	3.388585e-03
1.812500e+00	2.804537e-03
1.815000e+00	2.366182e-03
1.817500e+00	2.037978e-03
1.820000e+00	1.790319e-03
1.822500e+00	1.601360e-03
1.825000e+00	1.455652e-03
1.827500e+00	1.342413e-03
1.830000e+00	1.254143e-03
1.832500e+00	1.185631e-03
1.835000e+00	1.133299e-03
1.837500e+00	1.094766e-03
1.840000e+00	1.068584e-03
1.842500e+00	1.054088e-03
1.845000e+00	1.051348e-03
1.847500e+00	1.061207e-03
1.850000e+00	1.085421e-03
1.852500e+00	1.126918e-03
1.855000e+00	1.190219e-03
1.857500e+00	1.282059e-03
1.860000e+00	1.412187e-03
1.862500e+00	1.594089e-03
1.865000e+00	1.844474e-03
1.867500e+00	2.178033e-03
1.870000e+00	2.589421e-03
1.872500e+00	3.014985e-03
1.875000e+00	3.303409e-03
1.877500e+00	3.294105e-03
1.880000e+00	2.987910e-03
1.882500e+00	2.545944e-03
1.885000e+00	2.118696e-03
1.887500e+00	1.768933e-03
1.890000e+00	1.501496e-03
1.892500e+00	1.301410e-03
1.895000e+00	1.151732e-03
1.897500e+00	1.038725e-03
1.900000e+00	9.523280e-04
1.902500e+00	8.854177e-04
1.905000e+00	8.329876e-04
1.907500e+00	7.915007e-04
1.910000e+00	7.584321e-04
1.912500e+00	7.319570e-04
1.915000e+00	7.107393e-04
1.917500e+00	6.937892e-04
1.920000e+00	6.803654e-04
1.922500e+00	6.699074e-04
1.925000e+00	6.619889e-04
1.927500e+00	6.562845e-04
1.930000e+00	6.525456e-04
1.932500e+00	6.505840e-04
1.935000e+00	6.502588e-04
1.937500e+00	6.514677e-04
1.940000e+00	6.541407e-04
1.942500e+00	6.582350e-04
1.945000e+00	6.637321e-04
1.947500e+00	6.706356e-04
1.950000e+00	6.789698e-04
1.952500e+00	6.887797e-04
1.955000e+00	7.001311e-04
1.957500e+00	7.131119e-04
1.960000e+00	7.278336e-04
1.962500e+00	7.444349e-04
1.965000e+00	7.630846e-04
1.967500e+00	7.839868e-04
1.970000e+00	8.073876e-04
1.972500e+00	8.335832e-04
1.975000e+00	8.629307e-04
1.977500e+00	8.958622e-04
1.980000e+00	9.329030e-04
1.982500e+00	9.746957e-04
1.985000e+00	1.022032e-03
1.987500e+00	1.075896e-03
1.990000e+00	1.137520e-03
1.992500e+00	1.208469e-03
1.995000e+00	1.290746e-03
1.997500e+00	1.386949e-03
2.000000e+00	1.500493e-03
2.002500e+00	1.635932e-03
2.005000e+00	1.799421e-03
2.007500e+00	1.999408e-03
2.010000e+00	2.247646e-03
2.012500e+00	2.560687e-03
2.015000e+00	2.961978e-03
2.017500e+00	3.484546e-03
2.020000e+00	4.173431e-03
2.022500e+00	5.084273e-03
2.025000e+00	6.266893e-03
2.027500e+00	7.708114e-03
2.030000e+00	9.208681e-03
2.032500e+00	1.028413e-02
2.035000e+00	1.040866e-02
2.037500e+00	9.571899e-03
2.040000e+00	8.294854e-03
2.042500e+00	7.076301e-03
2.045000e+00	6.131162e-03
2.047500e+00	5.483875e-03
2.050000e+00	5.094068e-03
2.052500e+00	4.916597e-03
2.055000e+00	4.919877e-03
2.057500e+00	5.088945e-03
2.060000e+00	5.425064e-03
2.062500e+00	5.945951e-03
2.065000e+00	6.687956e-03
2.067500e+00	7.710775e-03
2.070000e+00	9.104899e-03
2.072500e+00	1.100062e-02
2.075000e+00	1.357221e-02
2.077500e+00	1.701459e-02
2.080000e+00	2.143059e-02
2.082500e+00	2.651894e-02
2.085000e+00	3.108927e-02
2.087500e+00	3.314191e-02
2.090000e+00	3.149801e-02
2.092500e+00	2.720997e-02
2.095000e+00	2.229727e-02
2.097500e+00	1.803134e-02
2.100000e+00	1.476965e-02
2.102500e+00	1.243824e-02
2.105000e+00	1.086241e-02
2.107500e+00	9.891766e-03
2.110000e+00	9.430563e-03
2.112500e+00	9.439068e-03
2.115000e+00	9.929397e-03
2.117500e+00	1.095825e-02
2.120000e+00	1.260212e-02
2.122500e+00	1.487393e-02
2.125000e+00	1.751733e-02
2.127500e+00	1.973487e-02
2.130000e+00	2.035970e-02
2.132500e+00	1.890014e-02
2.135000e+00	1.613318e-02
2.137500e+00	1.319036e-02
2.140000e+00	1.070011e-02
2.142500e+00	8.807179e-03
2.145000e+00	7.450714e-03
2.147500e+00	6.527288e-03
2.150000e+00	5.938396e-03
2.152500e+00	5.577550e-03
2.155000e+00	5.299122e-03
2.157500e+00	4.940814e-03
2.160000e+00	4.436842e-03
2.162500e+00	3.862165e-03
2.165000e+00	3.321914e-03
2.167500e+00	2.866832e-03
2.170000e+00	2.500646e-03
2.172500e+00	2.208943e-03
2.175000e+00	1.975044e-03
2.177500e+00	1.785041e-03
2.180000e+00	1.628430e-03
2.182500e+00	1.497513e-03
2.185000e+00	1.386668e-03
2.187500e+00	1.291753e-03
2.190000e+00	1.209672e-03
2.192500e+00	1.138080e-03
2.195000e+00	1.075170e-03
2.197500e+00	1.019530e-03
2.200000e+00	9.700429e-04
2.202500e+00	9.258130e-04
2.205000e+00	8.861142e-04
2.207500e+00	8.503522e-04
2.210000e+00	8.180360e-04
2.212500e+00	7.887571e-04
2.215000e+00	7.621730e-04
2.217500e+00	7.379950e-04
2.220000e+00	7.159783e-04
2.222500e+00	6.959150e-04
2.225000e+00	6.776277e-04
2.227500e+00	6.609650e-04
2.230000e+00	6.457973e-04
2.232500e+00	6.320148e-04
2.235000e+00	6.195238e-04
2.237500e+00	6.082461e-04
2.240000e+00	5.981163e-04
2.242500e+00	5.890819e-04
2.245000e+00	5.811015e-04
2.247500e+00	5.741450e-04
2.250000e+00	5.681928e-04
2.252500e+00	5.632364e-04
2.255000e+00	5.592785e-04
2.257500e+00	5.563336e-04
2.260000e+00	5.544292e-04
2.262500e+00	5.536073e-04
2.265000e+00	5.539260e-04
2.267500e+00	5.554631e-04
2.270000e+00	5.583184e-04
2.272500e+00	5.626194e-04
2.275000e+00	5.685266e-04
2.277500e+00	5.762420e-04
2.280000e+00	5.860190e-04
2.282500e+00	5.981769e-04
2.285000e+00	6.131195e-04
2.287500e+00	6.313605e-04
2.290000e+00	6.535586e-04
2.292500e+00	6.805660e-04
2.295000e+00	7.134963e-04
2.297500e+00	7.538218e-04
2.300000e+00	8.035127e-04
2.302500e+00	8.652409e-04
2.305000e+00	9.426787e-04
2.307500e+00	1.040942e-03
2.310000e+00	1.167242e-03
2.312500e+00	1.331828e-03
2.315000e+00	1.549257e-03
2.317500e+00	1.839796e-03
2.320000e+00	2.229895e-03
2.322500e+00	2.748005e-03
2.325000e+00	3.405843e-03
2.327500e+00	4.148959e-03
2.330000e+00	4.786812e-03
2.332500e+00	5.024380e-03
2.335000e+00	4.719081e-03
2.337500e+00	4.053185e-03
2.340000e+00	3.317399e-03
2.342500e+00	2.680429e-03
2.345000e+00	2.183558e-03
2.347500e+00	1.811042e-03
2.350000e+00	1.534269e-03
2.352500e+00	1.327618e-03
2.355000e+00	1.171686e-03
2.357500e+00	1.052594e-03
2.360000e+00	9.605798e-04
2.362500e+00	8.887757e-04
2.365000e+00	8.323103e-04
2.367500e+00	7.876885e-04
2.370000e+00	7.523715e-04
2.372500e+00	7.244932e-04
2.375000e+00	7.026671e-04
2.377500e+00	6.858536e-04
2.380000e+00	6.732684e-04
2.382500e+00	6.643180e-04
2.385000e+00	6.585539e-04
2.387500e+00	6.556398e-04
2.390000e+00	6.553286e-04
2.392500e+00	6.574450e-04
2.395000e+00	6.618739e-04
2.397500e+00	6.685517e-04
2.400000e+00	6.774610e-04
2.402500e+00	6.886270e-04
2.405000e+00	7.021161e-04
2.407500e+00	7.180362e-04
2.410000e+00	7.365387e-04
2.412500e+00	7.578218e-04
2.415000e+00	7.821362e-04
2.417500e+00	8.097925e-04
2.420000e+00	8.411712e-04
2.422500e+00	8.767360e-04
2.425000e+00	9.170508e-04
2.427500e+00	9.628019e-04
2.430000e+00	1.014827e-03
2.432500e+00	1.074154e-03
2.435000e+00	1.142050e-03
2.437500e+00	1.220085e-03
2.440000e+00	1.310227e-03
2.442500e+00	1.414958e-03
2.445000e+00	1.537437e-03
2.447500e+00	1.681736e-03
2.450000e+00	1.853152e-03
2.452500e+00	2.058669e-03
2.455000e+00	2.307613e-03
2.457500e+00	2.612606e-03
2.460000e+00	2.990977e-03
2.462500e+00	3.466839e-03
2.465000e+00	4.074156e-03
2.467500e+00	4.861174e-03
2.470000e+00	5.896402e-03
2.472500e+00	7.275270e-03
2.475000e+00	9.122524e-03
2.477500e+00	1.157309e-02
2.480000e+00	1.468525e-02
2.482500e+00	1.820960e-02
2.485000e+00	2.125678e-02
2.487500e+00	2.243078e-02
2.490000e+00	2.103261e-02
2.492500e+00	1.790587e-02
2.495000e+00	1.443344e-02
2.497500e+00	1.142653e-02
2.500000e+00	9.085694e-03
2.502500e+00	7.337003e-03
2.505000e+00	6.044783e-03
2.507500e+00	5.087753e-03
2.510000e+00	4.374344e-03
2.512500e+00	3.839370e-03
2.515000e+00	3.437360e-03
2.517500e+00	3.136771e-03
2.520000e+00	2.915782e-03
2.522500e+00	2.759424e-03
2.525000e+00	2.657672e-03
2.527500e+00	2.604221e-03
2.530000e+00	2.595727e-03
2.532500e+00	2.631446e-03
2.535000e+00	2.713244e-03
2.537500e+00	2.845847e-03
2.540000e+00	3.037284e-03
2.542500e+00	3.299738e-03
2.545000e+00	3.651022e-03
2.547500e+00	4.116870e-03
2.550000e+00	4.734348e-03
2.552500e+00	5.556768e-03
2.555000e+00	6.660231e-03
2.557500e+00	8.150421e-03
2.560000e+00	1.016304e-02
2.562500e+00	1.283574e-02
2.565000e+00	1.619571e-02
2.567500e+00	1.988418e-02
2.570000e+00	2.282755e-02
2.572500e+00	2.356332e-02
2.575000e+00	2.162792e-02
2.577500e+00	1.812788e-02
2.580000e+00	1.446917e-02
2.582500e+00	1.137446e-02
2.585000e+00	8.979805e-03
2.587500e+00	7.184146e-03
2.590000e+00	5.843168e-03
2.592500e+00	4.833368e-03
2.595000e+00	4.062621e-03
2.597500e+00	3.465341e-03
2.600000e+00	2.995409e-03
2.602500e+00	2.620299e-03
2.605000e+00	2.316848e-03
2.607500e+00	2.068349e-03
2.610000e+00	1.862581e-03
2.612500e+00	1.690484e-03
2.615000e+00	1.545247e-03
2.617500e+00	1.421684e-03
2.620000e+00	1.315799e-03
2.622500e+00	1.224480e-03
2.625000e+00	1.145276e-03
2.627500e+00	1.076241e-03
2.630000e+00	1.015815e-03
2.632500e+00	9.627392e-04
2.635000e+00	9.159909e-04
2.637500e+00	8.747348e-04
2.640000e+00	8.382858e-04
2.642500e+00	8.060809e-04
2.645000e+00	7.776572e-04
2.647500e+00	7.526351e-04
2.650000e+00	7.307053e-04
2.652500e+00	7.116194e-04
2.655000e+00	6.951818e-04
2.657500e+00	6.812452e-04
2.660000e+00	6.697073e-04
2.662500e+00	6.605083e-04
2.665000e+00	6.536323e-04
2.667500e+00	6.491086e-04
2.670000e+00	6.470157e-04
2.672500e+00	6.474879e-04
2.675000e+00	6.507246e-04
2.677500e+00	6.570040e-04
2.680000e+00	6.667019e-04
2.682500e+00	6.803182e-04
2.685000e+00	6.985133e-04
2.687500e+00	7.221593e-04
2.690000e+00	7.524129e-04
2.692500e+00	7.908180e-04
2.695000e+00	8.394557e-04
2.697500e+00	9.011616e-04
2.700000e+00	9.798467e-04
2.702500e+00	1.080972e-03
2.705000e+00	1.212247e-03
2.707500e+00	1.384638e-03
2.710000e+00	1.613716e-03
2.712500e+00	1.921129e-03
2.715000e+00	2.334991e-03
2.717500e+00	2.885112e-03
2.720000e+00	3.582465e-03
2.722500e+00	4.366613e-03
2.725000e+00	5.034954e-03
2.727500e+00	5.280616e-03
2.730000e+00	4.955692e-03
2.732500e+00	4.247429e-03
2.735000e+00	3.461193e-03
2.737500e+00	2.778097e-03
2.740000e+00	2.243746e-03
2.742500e+00	1.841902e-03
2.745000e+00	1.542135e-03
2.747500e+00	1.317094e-03
2.750000e+00	1.146039e-03
2.752500e+00	1.014126e-03
2.755000e+00	9.109067e-04
2.757500e+00	8.290239e-04
2.760000e+00	7.632494e-04
2.762500e+00	7.098232e-04
2.765000e+00	6.660043e-04
2.767500e+00	6.297669e-04
2.770000e+00	5.995939e-04
2.772500e+00	5.743349e-04
2.775000e+00	5.531076e-04
2.777500e+00	5.352279e-04
2.780000e+00	5.201609e-04
2.782500e+00	5.074847e-04
2.785000e+00	4.968644e-04
2.787500e+00	4.880332e-04
2.790000e+00	4.807777e-04
2.792500e+00	4.749275e-04
2.795000e+00	4.703471e-04
2.797500e+00	4.669304e-04
2.800000e+00	4.645959e-04
2.802500e+00	4.632842e-04
2.805000e+00	4.629565e-04
2.807500e+00	4.635941e-04
2.810000e+00	4.651994e-04
2.812500e+00	4.677986e-04
2.815000e+00	4.714459e-04
2.817500e+00	4.762270e-04
2.820000e+00	4.822559e-04
2.822500e+00	4.896436e-04
2.825000e+00	4.983942e-04
2.827500e+00	5.081880e-04
2.830000e+00	5.182372e-04
2.832500e+00	5.277718e-04
2.835000e+00	5.369866e-04
2.837500e+00	5.469666e-04
2.840000e+00	5.587420e-04
2.842500e+00	5.729150e-04
2.845000e+00	5.898449e-04
2.847500e+00	6.098190e-04
2.850000e+00	6.329890e-04
2.852500e+00	6.589932e-04
2.855000e+00	6.864425e-04
2.857500e+00	7.133264e-04
2.860000e+00	7.391086e-04
2.862500e+00	7.657905e-04
2.865000e+00	7.960594e-04
2.867500e+00	8.316862e-04
2.870000e+00	8.736321e-04
2.872500e+00	9.226235e-04
2.875000e+00	9.795065e-04
2.877500e+00	1.045408e-03
2.880000e+00	1.121824e-03
2.882500e+00	1.210714e-03
2.885000e+00	1.314615e-03
2.887500e+00	1.436819e-03
2.890000e+00	1.581616e-03
2.892500e+00	1.754649e-03
2.895000e+00	1.963417e-03
2.897500e+00	2.218019e-03
2.900000e+00	2.532231e-03
2.902500e+00	2.925109e-03
2.905000e+00	3.423352e-03
2.907500e+00	4.064764e-03
2.910000e+00	4.903122e-03
2.912500e+00	6.014299e-03
2.915000e+00	7.501421e-03
2.917500e+00	9.489991e-03
2.920000e+00	1.208527e-02
2.922500e+00	1.523063e-02
2.925000e+00	1.841783e-02
2.927500e+00	2.049812e-02
2.930000e+00	2.033304e-02
2.932500e+00	1.803245e-02
2.935000e+00	1.481795e-02
2.937500e+00	1.175910e-02
2.940000e+00	9.279184e-03
2.942500e+00	7.397427e-03
2.945000e+00	6.000585e-03
2.947500e+00	4.965610e-03
2.950000e+00	4.193980e-03
2.952500e+00	3.614080e-03
2.955000e+00	3.175630e-03
2.957500e+00	2.843735e-03
2.960000e+00	2.594293e-03
2.962500e+00	2.410802e-03
2.965000e+00	2.282250e-03
2.967500e+00	2.201773e-03
2.970000e+00	2.165882e-03
2.972500e+00	2.174121e-03
2.975000e+00	2.229103e-03
2.977500e+00	2.336916e-03
2.980000e+00	2.507942e-03
2.982500e+00	2.758151e-03
2.985000e+00	3.111005e-03
2.987500e+00	3.600418e-03
2.990000e+00	4.274662e-03
2.992500e+00	5.196718e-03
2.995000e+00	6.427809e-03
2.997500e+00	7.967546e-03
