#omega	spectral weight
-6.000000e+00	1.460049e-05
-5.997500e+00	1.460549e-05
-5.995000e+00	1.461050e-05
-5.992500e+00	1.461550e-05
-5.990000e+00	1.462051e-05
-5.987500e+00	1.462552e-05
-5.985000e+00	1.463054e-05
-5.982500e+00	1.463556e-05
-5.980000e+00	1.464058e-05
-5.977500e+00	1.464560e-05
-5.975000e+00	1.465062e-05
-5.972500e+00	1.465565e-05
-5.970000e+00	1.466068e-05
-5.967500e+00	1.466571e-05
-5.965000e+00	1.467075e-05
-5.962500e+00	1.467579e-05
-5.960000e+00	1.468083e-05
-5.957500e+00	1.468587e-05
-5.955000e+00	1.469092e-05
-5.952500e+00	1.469597e-05
-5.950000e+00	1.470102e-05
-5.947500e+00	1.470607e-05
-5.945000e+00	1.471113e-05
-5.942500e+00	1.471619e-05
-5.940000e+00	1.472125e-05
-5.937500e+00	1.472631e-05
-5.935000e+00	1.473138e-05
-5.932500e+00	1.473645e-05
-5.930000e+00	1.474152e-05
-5.927500e+00	1.474660e-05
-5.925000e+00	1.475168e-05
-5.922500e+00	1.475676e-05
-5.920000e+00	1.476184e-05
-5.917500e+00	1.476693e-05
-5.915000e+00	1.477201e-05
-5.912500e+00	1.477711e-05
-5.910000e+00	1.478220e-05
-5.907500e+00	1.478730e-05
-5.905000e+00	1.479240e-05
-5.902500e+00	1.479750e-05
-5.900000e+00	1.480260e-05
-5.897500e+00	1.480771e-05
-5.895000e+00	1.481282e-05
-5.892500e+00	1.481793e-05
-5.890000e+00	1.482305e-05
-5.887500e+00	1.482817e-05
-5.885000e+00	1.483329e-05
-5.882500e+00	1.483841e-05
-5.880000e+00	1.484354e-05
-5.877500e+00	1.484867e-05
-5.875000e+00	1.485380e-05
-5.872500e+00	1.485893e-05
-5.870000e+00	1.486407e-05
-5.867500e+00	1.486921e-05
-5.865000e+00	1.487435e-05
-5.862500e+00	1.487950e-05
-5.860000e+00	1.488464e-05
-5.857500e+00	1.488979e-05
-5.855000e+00	1.489495e-05
-5.852500e+00	1.490010e-05
-5.850000e+00	1.490526e-05
-5.847500e+00	1.491042e-05
-5.845000e+00	1.491559e-05
-5.842500e+00	1.492075e-05
-5.840000e+00	1.492592e-05
-5.837500e+00	1.493110e-05
-5.835000e+00	1.493627e-05
-5.832500e+00	1.494145e-05
-5.830000e+00	1.494663e-05
-5.827500e+00	1.495181e-05
-5.825000e+00	1.495700e-05
-5.822500e+00	1.496219e-05
-5.820000e+00	1.496738e-05
-5.817500e+00	1.497257e-05
-5.815000e+00	1.497777e-05
-5.812500e+00	1.498297e-05
-5.810000e+00	1.498817e-05
-5.807500e+00	1.499338e-05
-5.805000e+00	1.499859e-05
-5.802500e+00	1.500380e-05
-5.800000e+00	1.500901e-05
-5.797500e+00	1.501423e-05
-5.795000e+00	1.501945e-05
-5.792500e+00	1.502467e-05
-5.790000e+00	1.502989e-05
-5.787500e+00	1.503512e-05
-5.785000e+00	1.504035e-05
-5.782500e+00	1.504558e-05
-5.780000e+00	1.505082e-05
-5.777500e+00	1.505606e-05
-5.775000e+00	1.506130e-05
-5.772500e+00	1.506654e-05
-5.770000e+00	1.507179e-05
-5.767500e+00	1.507704e-05
-5.765000e+00	1.508229e-05
-5.762500e+00	1.508755e-05
-5.760000e+00	1.509281e-05
-5.757500e+00	1.509807e-05
-5.755000e+00	1.510333e-05
-5.752500e+00	1.510860e-05
-5.750000e+00	1.511387e-05
-5.747500e+00	1.511914e-05
-5.745000e+00	1.512441e-05
-5.742500e+00	1.512969e-05
-5.740000e+00	1.513497e-05
-5.737500e+00	1.514026e-05
-5.735000e+00	1.514554e-05
-5.732500e+00	1.515083e-05
-5.730000e+00	1.515612e-05
-5.727500e+00	1.516142e-05
-5.725000e+00	1.516672e-05
-5.722500e+00	1.517202e-05
-5.720000e+00	1.517732e-05
-5.717500e+00	1.518263e-05
-5.715000e+00	1.518793e-05
-5.712500e+00	1.519325e-05
-5.710000e+00	1.519856e-05
-5.707500e+00	1.520388e-05
-5.705000e+00	1.520920e-05
-5.702500e+00	1.521452e-05
-5.700000e+00	1.521985e-05
-5.697500e+00	1.522517e-05
-5.695000e+00	1.523051e-05
-5.692500e+00	1.523584e-05
-5.690000e+00	1.524118e-05
-5.687500e+00	1.524652e-05
-5.685000e+00	1.525186e-05
-5.682500e+00	1.525721e-05
-5.680000e+00	1.526256e-05
-5.677500e+00	1.526791e-05
-5.675000e+00	1.527326e-05
-5.672500e+00	1.527862e-05
-5.670000e+00	1.528398e-05
-5.667500e+00	1.528934e-05
-5.665000e+00	1.529471e-05
-5.662500e+00	1.530008e-05
-5.660000e+00	1.530545e-05
-5.657500e+00	1.531082e-05
-5.655000e+00	1.531620e-05
-5.652500e+00	1.532158e-05
-5.650000e+00	1.532696e-05
-5.647500e+00	1.533235e-05
-5.645000e+00	1.533774e-05
-5.642500e+00	1.534313e-05
-5.640000e+00	1.534853e-05
-5.637500e+00	1.535392e-05
-5.635000e+00	1.535932e-05
-5.632500e+00	1.536473e-05
-5.630000e+00	1.537013e-05
-5.627500e+00	1.537554e-05
-5.625000e+00	1.538095e-05
-5.622500e+00	1.538637e-05
-5.620000e+00	1.539179e-05
-5.617500e+00	1.539721e-05
-5.615000e+00	1.540263e-05
-5.612500e+00	1.540806e-05
-5.610000e+00	1.541349e-05
-5.607500e+00	1.541892e-05
-5.605000e+00	1.542436e-05
-5.602500e+00	1.542980e-05
-5.600000e+00	1.543524e-05
-5.597500e+00	1.544068e-05
-5.595000e+00	1.544613e-05
-5.592500e+00	1.545158e-05
-5.590000e+00	1.545703e-05
-5.587500e+00	1.546249e-05
-5.585000e+00	1.546795e-05
-5.582500e+00	1.547341e-05
-5.580000e+00	1.547887e-05
-5.577500e+00	1.548434e-05
-5.575000e+00	1.548981e-05
-5.572500e+00	1.549529e-05
-5.570000e+00	1.550076e-05
-5.567500e+00	1.550624e-05
-5.565000e+00	1.551172e-05
-5.562500e+00	1.551721e-05
-5.560000e+00	1.552270e-05
-5.557500e+00	1.552819e-05
-5.555000e+00	1.553369e-05
-5.552500e+00	1.553918e-05
-5.550000e+00	1.554468e-05
-5.547500e+00	1.555019e-05
-5.545000e+00	1.555569e-05
-5.542500e+00	1.556120e-05
-5.540000e+00	1.556671e-05
-5.537500e+00	1.557223e-05
-5.535000e+00	1.557775e-05
-5.532500e+00	1.558327e-05
-5.530000e+00	1.558879e-05
-5.527500e+00	1.559432e-05
-5.525000e+00	1.559985e-05
-5.522500e+00	1.560539e-05
-5.520000e+00	1.561092e-05
-5.517500e+00	1.561646e-05
-5.515000e+00	1.562200e-05
-5.512500e+00	1.562755e-05
-5.510000e+00	1.563310e-05
-5.507500e+00	1.563865e-05
-5.505000e+00	1.564420e-05
-5.502500e+00	1.564976e-05
-5.500000e+00	1.565532e-05
-5.497500e+00	1.566088e-05
-5.495000e+00	1.566645e-05
-5.492500e+00	1.567202e-05
-5.490000e+00	1.567759e-05
-5.487500e+00	1.568317e-05
-5.485000e+00	1.568875e-05
-5.482500e+00	1.569433e-05
-5.480000e+00	1.569991e-05
-5.477500e+00	1.570550e-05
-5.475000e+00	1.571109e-05
-5.472500e+00	1.571668e-05
-5.470000e+00	1.572228e-05
-5.467500e+00	1.572788e-05
-5.465000e+00	1.573348e-05
-5.462500e+00	1.573909e-05
-5.460000e+00	1.574470e-05
-5.457500e+00	1.575031e-05
-5.455000e+00	1.575593e-05
-5.452500e+00	1.576154e-05
-5.450000e+00	1.576717e-05
-5.447500e+00	1.577279e-05
-5.445000e+00	1.577842e-05
-5.442500e+00	1.578405e-05
-5.440000e+00	1.578968e-05
-5.437500e+00	1.579532e-05
-5.435000e+00	1.580096e-05
-5.432500e+00	1.580660e-05
-5.430000e+00	1.581225e-05
-5.427500e+00	1.581790e-05
-5.425000e+00	1.582355e-05
-5.422500e+00	1.582920e-05
-5.420000e+00	1.583486e-05
-5.417500e+00	1.584052e-05
-5.415000e+00	1.584619e-05
-5.412500e+00	1.585186e-05
-5.410000e+00	1.585753e-05
-5.407500e+00	1.586320e-05
-5.405000e+00	1.586888e-05
-5.402500e+00	1.587456e-05
-5.400000e+00	1.588024e-05
-5.397500e+00	1.588593e-05
-5.395000e+00	1.589161e-05
-5.392500e+00	1.589731e-05
-5.390000e+00	1.590300e-05
-5.387500e+00	1.590870e-05
-5.385000e+00	1.591440e-05
-5.382500e+00	1.592011e-05
-5.380000e+00	1.592582e-05
-5.377500e+00	1.593153e-05
-5.375000e+00	1.593724e-05
-5.372500e+00	1.594296e-05
-5.370000e+00	1.594868e-05
-5.367500e+00	1.595440e-05
-5.365000e+00	1.596013e-05
-5.362500e+00	1.596586e-05
-5.360000e+00	1.597159e-05
-5.357500e+00	1.597733e-05
-5.355000e+00	1.598307e-05
-5.352500e+00	1.598881e-05
-5.350000e+00	1.599456e-05
-5.347500e+00	1.600031e-05
-5.345000e+00	1.600606e-05
-5.342500e+00	1.601181e-05
-5.340000e+00	1.601757e-05
-5.337500e+00	1.602333e-05
-5.335000e+00	1.602910e-05
-5.332500e+00	1.603487e-05
-5.330000e+00	1.604064e-05
-5.327500e+00	1.604641e-05
-5.325000e+00	1.605219e-05
-5.322500e+00	1.605797e-05
-5.320000e+00	1.606376e-05
-5.317500e+00	1.606954e-05
-5.315000e+00	1.607533e-05
-5.312500e+00	1.608113e-05
-5.310000e+00	1.608692e-05
-5.307500e+00	1.609272e-05
-5.305000e+00	1.609853e-05
-5.302500e+00	1.610433e-05
-5.300000e+00	1.611014e-05
-5.297500e+00	1.611595e-05
-5.295000e+00	1.612177e-05
-5.292500e+00	1.612759e-05
-5.290000e+00	1.613341e-05
-5.287500e+00	1.613924e-05
-5.285000e+00	1.614507e-05
-5.282500e+00	1.615090e-05
-5.280000e+00	1.615673e-05
-5.277500e+00	1.616257e-05
-5.275000e+00	1.616841e-05
-5.272500e+00	1.617426e-05
-5.270000e+00	1.618011e-05
-5.267500e+00	1.618596e-05
-5.265000e+00	1.619181e-05
-5.262500e+00	1.619767e-05
-5.260000e+00	1.620353e-05
-5.257500e+00	1.620940e-05
-5.255000e+00	1.621526e-05
-5.252500e+00	1.622114e-05
-5.250000e+00	1.622701e-05
-5.247500e+00	1.623289e-05
-5.245000e+00	1.623877e-05
-5.242500e+00	1.624465e-05
-5.240000e+00	1.625054e-05
-5.237500e+00	1.625643e-05
-5.235000e+00	1.626232e-05
-5.232500e+00	1.626822e-05
-5.230000e+00	1.627412e-05
-5.227500e+00	1.628002e-05
-5.225000e+00	1.628593e-05
-5.222500e+00	1.629184e-05
-5.220000e+00	1.629776e-05
-5.217500e+00	1.630367e-05
-5.215000e+00	1.630959e-05
-5.212500e+00	1.631552e-05
-5.210000e+00	1.632144e-05
-5.207500e+00	1.632737e-05
-5.205000e+00	1.633331e-05
-5.202500e+00	1.633924e-05
-5.200000e+00	1.634518e-05
-5.197500e+00	1.635113e-05
-5.195000e+00	1.635707e-05
-5.192500e+00	1.636302e-05
-5.190000e+00	1.636897e-05
-5.187500e+00	1.637493e-05
-5.185000e+00	1.638089e-05
-5.182500e+00	1.638685e-05
-5.180000e+00	1.639282e-05
-5.177500e+00	1.639879e-05
-5.175000e+00	1.640476e-05
-5.172500e+00	1.641074e-05
-5.170000e+00	1.641672e-05
-5.167500e+00	1.642270e-05
-5.165000e+00	1.642869e-05
-5.162500e+00	1.643468e-05
-5.160000e+00	1.644067e-05
-5.157500e+00	1.644667e-05
-5.155000e+00	1.645267e-05
-5.152500e+00	1.645867e-05
-5.150000e+00	1.646468e-05
-5.147500e+00	1.647069e-05
-5.145000e+00	1.647670e-05
-5.142500e+00	1.648272e-05
-5.140000e+00	1.648874e-05
-5.137500e+00	1.649476e-05
-5.135000e+00	1.650079e-05
-5.132500e+00	1.650682e-05
-5.130000e+00	1.651285e-05
-5.127500e+00	1.651889e-05
-5.125000e+00	1.652493e-05
-5.122500e+00	1.653097e-05
-5.120000e+00	1.653702e-05
-5.117500e+00	1.654307e-05
-5.115000e+00	1.654913e-05
-5.112500e+00	1.655518e-05
-5.110000e+00	1.656124e-05
-5.107500e+00	1.656731e-05
-5.105000e+00	1.657337e-05
-5.102500e+00	1.657945e-05
-5.100000e+00	1.658552e-05
-5.097500e+00	1.659160e-05
-5.095000e+00	1.659768e-05
-5.092500e+00	1.660376e-05
-5.090000e+00	1.660985e-05
-5.087500e+00	1.661594e-05
-5.085000e+00	1.662204e-05
-5.082500e+00	1.662814e-05
-5.080000e+00	1.663424e-05
-5.077500e+00	1.664034e-05
-5.075000e+00	1.664645e-05
-5.072500e+00	1.665256e-05
-5.070000e+00	1.665868e-05
-5.067500e+00	1.666480e-05
-5.065000e+00	1.667092e-05
-5.062500e+00	1.667705e-05
-5.060000e+00	1.668318e-05
-5.057500e+00	1.668931e-05
-5.055000e+00	1.669545e-05
-5.052500e+00	1.670158e-05
-5.050000e+00	1.670773e-05
-5.047500e+00	1.671387e-05
-5.045000e+00	1.672002e-05
-5.042500e+00	1.672618e-05
-5.040000e+00	1.673234e-05
-5.037500e+00	1.673850e-05
-5.035000e+00	1.674466e-05
-5.032500e+00	1.675083e-05
-5.030000e+00	1.675700e-05
-5.027500e+00	1.676317e-05
-5.025000e+00	1.676935e-05
-5.022500e+00	1.677553e-05
-5.020000e+00	1.678172e-05
-5.017500e+00	1.678791e-05
-5.015000e+00	1.679410e-05
-5.012500e+00	1.680029e-05
-5.010000e+00	1.680649e-05
-5.007500e+00	1.681269e-05
-5.005000e+00	1.681890e-05
-5.002500e+00	1.682511e-05
-5.000000e+00	1.683132e-05
-4.997500e+00	1.683754e-05
-4.995000e+00	1.684376e-05
-4.992500e+00	1.684998e-05
-4.990000e+00	1.685621e-05
-4.987500e+00	1.686244e-05
-4.985000e+00	1.686868e-05
-4.982500e+00	1.687491e-05
-4.980000e+00	1.688116e-05
-4.977500e+00	1.688740e-05
-4.975000e+00	1.689365e-05
-4.972500e+00	1.689990e-05
-4.970000e+00	1.690616e-05
-4.967500e+00	1.691242e-05
-4.965000e+00	1.691868e-05
-4.962500e+00	1.692494e-05
-4.960000e+00	1.693121e-05
-4.957500e+00	1.693749e-05
-4.955000e+00	1.694376e-05
-4.952500e+00	1.695005e-05
-4.950000e+00	1.695633e-05
-4.947500e+00	1.696262e-05
-4.945000e+00	1.696891e-05
-4.942500e+00	1.697520e-05
-4.940000e+00	1.698150e-05
-4.937500e+00	1.698780e-05
-4.935000e+00	1.699411e-05
-4.932500e+00	1.700042e-05
-4.930000e+00	1.700673e-05
-4.927500e+00	1.701305e-05
-4.925000e+00	1.701937e-05
-4.922500e+00	1.702569e-05
-4.920000e+00	1.703202e-05
-4.917500e+00	1.703835e-05
-4.915000e+00	1.704468e-05
-4.912500e+00	1.705102e-05
-4.910000e+00	1.705736e-05
-4.907500e+00	1.706371e-05
-4.905000e+00	1.707006e-05
-4.902500e+00	1.707641e-05
-4.900000e+00	1.708277e-05
-4.897500e+00	1.708913e-05
-4.895000e+00	1.709549e-05
-4.892500e+00	1.710186e-05
-4.890000e+00	1.710823e-05
-4.887500e+00	1.711460e-05
-4.885000e+00	1.712098e-05
-4.882500e+00	1.712736e-05
-4.880000e+00	1.713375e-05
-4.877500e+00	1.714014e-05
-4.875000e+00	1.714653e-05
-4.872500e+00	1.715293e-05
-4.870000e+00	1.715933e-05
-4.867500e+00	1.716573e-05
-4.865000e+00	1.717214e-05
-4.862500e+00	1.717855e-05
-4.860000e+00	1.718496e-05
-4.857500e+00	1.719138e-05
-4.855000e+00	1.719781e-05
-4.852500e+00	1.720423e-05
-4.850000e+00	1.721066e-05
-4.847500e+00	1.721709e-05
-4.845000e+00	1.722353e-05
-4.842500e+00	1.722997e-05
-4.840000e+00	1.723642e-05
-4.837500e+00	1.724286e-05
-4.835000e+00	1.724932e-05
-4.832500e+00	1.725577e-05
-4.830000e+00	1.726223e-05
-4.827500e+00	1.726869e-05
-4.825000e+00	1.727516e-05
-4.822500e+00	1.728163e-05
-4.820000e+00	1.728810e-05
-4.817500e+00	1.729458e-05
-4.815000e+00	1.730106e-05
-4.812500e+00	1.730755e-05
-4.810000e+00	1.731404e-05
-4.807500e+00	1.732053e-05
-4.805000e+00	1.732703e-05
-4.802500e+00	1.733353e-05
-4.800000e+00	1.734003e-05
-4.797500e+00	1.734654e-05
-4.795000e+00	1.735305e-05
-4.792500e+00	1.735957e-05
-4.790000e+00	1.736609e-05
-4.787500e+00	1.737261e-05
-4.785000e+00	1.737914e-05
-4.782500e+00	1.738567e-05
-4.780000e+00	1.739220e-05
-4.777500e+00	1.739874e-05
-4.775000e+00	1.740528e-05
-4.772500e+00	1.741183e-05
-4.770000e+00	1.741838e-05
-4.767500e+00	1.742493e-05
-4.765000e+00	1.743149e-05
-4.762500e+00	1.743805e-05
-4.760000e+00	1.744461e-05
-4.757500e+00	1.745118e-05
-4.755000e+00	1.745775e-05
-4.752500e+00	1.746433e-05
-4.750000e+00	1.747091e-05
-4.747500e+00	1.747749e-05
-4.745000e+00	1.748408e-05
-4.742500e+00	1.749067e-05
-4.740000e+00	1.749727e-05
-4.737500e+00	1.750386e-05
-4.735000e+00	1.751047e-05
-4.732500e+00	1.751707e-05
-4.730000e+00	1.752368e-05
-4.727500e+00	1.753030e-05
-4.725000e+00	1.753692e-05
-4.722500e+00	1.754354e-05
-4.720000e+00	1.755016e-05
-4.717500e+00	1.755679e-05
-4.715000e+00	1.756343e-05
-4.712500e+00	1.757007e-05
-4.710000e+00	1.757671e-05
-4.707500e+00	1.758335e-05
-4.705000e+00	1.759000e-05
-4.702500e+00	1.759665e-05
-4.700000e+00	1.760331e-05
-4.697500e+00	1.760997e-05
-4.695000e+00	1.761664e-05
-4.692500e+00	1.762330e-05
-4.690000e+00	1.762998e-05
-4.687500e+00	1.763665e-05
-4.685000e+00	1.764333e-05
-4.682500e+00	1.765002e-05
-4.680000e+00	1.765671e-05
-4.677500e+00	1.766340e-05
-4.675000e+00	1.767009e-05
-4.672500e+00	1.767679e-05
-4.670000e+00	1.768350e-05
-4.667500e+00	1.769020e-05
-4.665000e+00	1.769691e-05
-4.662500e+00	1.770363e-05
-4.660000e+00	1.771035e-05
-4.657500e+00	1.771707e-05
-4.655000e+00	1.772380e-05
-4.652500e+00	1.773053e-05
-4.650000e+00	1.773727e-05
-4.647500e+00	1.774400e-05
-4.645000e+00	1.775075e-05
-4.642500e+00	1.775749e-05
-4.640000e+00	1.776425e-05
-4.637500e+00	1.777100e-05
-4.635000e+00	1.777776e-05
-4.632500e+00	1.778452e-05
-4.630000e+00	1.779129e-05
-4.627500e+00	1.779806e-05
-4.625000e+00	1.780483e-05
-4.622500e+00	1.781161e-05
-4.620000e+00	1.781840e-05
-4.617500e+00	1.782518e-05
-4.615000e+00	1.783197e-05
-4.612500e+00	1.783877e-05
-4.610000e+00	1.784557e-05
-4.607500e+00	1.785237e-05
-4.605000e+00	1.785917e-05
-4.602500e+00	1.786598e-05
-4.600000e+00	1.787280e-05
-4.597500e+00	1.787962e-05
-4.595000e+00	1.788644e-05
-4.592500e+00	1.789327e-05
-4.590000e+00	1.790010e-05
-4.587500e+00	1.790693e-05
-4.585000e+00	1.791377e-05
-4.582500e+00	1.792061e-05
-4.580000e+00	1.792746e-05
-4.577500e+00	1.793431e-05
-4.575000e+00	1.794117e-05
-4.572500e+00	1.794803e-05
-4.570000e+00	1.795489e-05
-4.567500e+00	1.796176e-05
-4.565000e+00	1.796863e-05
-4.562500e+00	1.797550e-05
-4.560000e+00	1.798238e-05
-4.557500e+00	1.798926e-05
-4.555000e+00	1.799615e-05
-4.552500e+00	1.800304e-05
-4.550000e+00	1.800994e-05
-4.547500e+00	1.801684e-05
-4.545000e+00	1.802374e-05
-4.542500e+00	1.803065e-05
-4.540000e+00	1.803756e-05
-4.537500e+00	1.804448e-05
-4.535000e+00	1.805140e-05
-4.532500e+00	1.805832e-05
-4.530000e+00	1.806525e-05
-4.527500e+00	1.807218e-05
-4.525000e+00	1.807912e-05
-4.522500e+00	1.808606e-05
-4.520000e+00	1.809300e-05
-4.517500e+00	1.809995e-05
-4.515000e+00	1.810690e-05
-4.512500e+00	1.811386e-05
-4.510000e+00	1.812082e-05
-4.507500e+00	1.812779e-05
-4.505000e+00	1.813476e-05
-4.502500e+00	1.814173e-05
-4.500000e+00	1.814871e-05
-4.497500e+00	1.815569e-05
-4.495000e+00	1.816267e-05
-4.492500e+00	1.816966e-05
-4.490000e+00	1.817666e-05
-4.487500e+00	1.818366e-05
-4.485000e+00	1.819066e-05
-4.482500e+00	1.819767e-05
-4.480000e+00	1.820468e-05
-4.477500e+00	1.821169e-05
-4.475000e+00	1.821871e-05
-4.472500e+00	1.822574e-05
-4.470000e+00	1.823276e-05
-4.467500e+00	1.823979e-05
-4.465000e+00	1.824683e-05
-4.462500e+00	1.825387e-05
-4.460000e+00	1.826092e-05
-4.457500e+00	1.826796e-05
-4.455000e+00	1.827502e-05
-4.452500e+00	1.828207e-05
-4.450000e+00	1.828913e-05
-4.447500e+00	1.829620e-05
-4.445000e+00	1.830327e-05
-4.442500e+00	1.831034e-05
-4.440000e+00	1.831742e-05
-4.437500e+00	1.832450e-05
-4.435000e+00	1.833159e-05
-4.432500e+00	1.833868e-05
-4.430000e+00	1.834578e-05
-4.427500e+00	1.835288e-05
-4.425000e+00	1.835998e-05
-4.422500e+00	1.836709e-05
-4.420000e+00	1.837420e-05
-4.417500e+00	1.838132e-05
-4.415000e+00	1.838844e-05
-4.412500e+00	1.839556e-05
-4.410000e+00	1.840269e-05
-4.407500e+00	1.840982e-05
-4.405000e+00	1.841696e-05
-4.402500e+00	1.842410e-05
-4.400000e+00	1.843125e-05
-4.397500e+00	1.843840e-05
-4.395000e+00	1.844556e-05
-4.392500e+00	1.845271e-05
-4.390000e+00	1.845988e-05
-4.387500e+00	1.846705e-05
-4.385000e+00	1.847422e-05
-4.382500e+00	1.848139e-05
-4.380000e+00	1.848857e-05
-4.377500e+00	1.849576e-05
-4.375000e+00	1.850295e-05
-4.372500e+00	1.851014e-05
-4.370000e+00	1.851734e-05
-4.367500e+00	1.852454e-05
-4.365000e+00	1.853175e-05
-4.362500e+00	1.853896e-05
-4.360000e+00	1.854618e-05
-4.357500e+00	1.855340e-05
-4.355000e+00	1.856062e-05
-4.352500e+00	1.856785e-05
-4.350000e+00	1.857508e-05
-4.347500e+00	1.858232e-05
-4.345000e+00	1.858956e-05
-4.342500e+00	1.859681e-05
-4.340000e+00	1.860406e-05
-4.337500e+00	1.861131e-05
-4.335000e+00	1.861857e-05
-4.332500e+00	1.862583e-05
-4.330000e+00	1.863310e-05
-4.327500e+00	1.864037e-05
-4.325000e+00	1.864765e-05
-4.322500e+00	1.865493e-05
-4.320000e+00	1.866222e-05
-4.317500e+00	1.866950e-05
-4.315000e+00	1.867680e-05
-4.312500e+00	1.868410e-05
-4.310000e+00	1.869140e-05
-4.307500e+00	1.869871e-05
-4.305000e+00	1.870602e-05
-4.302500e+00	1.871334e-05
-4.300000e+00	1.872066e-05
-4.297500e+00	1.872798e-05
-4.295000e+00	1.873531e-05
-4.292500e+00	1.874265e-05
-4.290000e+00	1.874998e-05
-4.287500e+00	1.875733e-05
-4.285000e+00	1.876467e-05
-4.282500e+00	1.877203e-05
-4.280000e+00	1.877938e-05
-4.277500e+00	1.878674e-05
-4.275000e+00	1.879411e-05
-4.272500e+00	1.880148e-05
-4.270000e+00	1.880885e-05
-4.267500e+00	1.881623e-05
-4.265000e+00	1.882361e-05
-4.262500e+00	1.883100e-05
-4.260000e+00	1.883839e-05
-4.257500e+00	1.884579e-05
-4.255000e+00	1.885319e-05
-4.252500e+00	1.886060e-05
-4.250000e+00	1.886801e-05
-4.247500e+00	1.887542e-05
-4.245000e+00	1.888284e-05
-4.242500e+00	1.889027e-05
-4.240000e+00	1.889769e-05
-4.237500e+00	1.890513e-05
-4.235000e+00	1.891256e-05
-4.232500e+00	1.892001e-05
-4.230000e+00	1.892745e-05
-4.227500e+00	1.893490e-05
-4.225000e+00	1.894236e-05
-4.222500e+00	1.894982e-05
-4.220000e+00	1.895728e-05
-4.217500e+00	1.896475e-05
-4.215000e+00	1.897223e-05
-4.212500e+00	1.897971e-05
-4.210000e+00	1.898719e-05
-4.207500e+00	1.899468e-05
-4.205000e+00	1.900217e-05
-4.202500e+00	1.900966e-05
-4.200000e+00	1.901717e-05
-4.197500e+00	1.902467e-05
-4.195000e+00	1.903218e-05
-4.192500e+00	1.903970e-05
-4.190000e+00	1.904722e-05
-4.187500e+00	1.905474e-05
-4.185000e+00	1.906227e-05
-4.182500e+00	1.906980e-05
-4.180000e+00	1.907734e-05
-4.177500e+00	1.908488e-05
-4.175000e+00	1.909243e-05
-4.172500e+00	1.909998e-05
-4.170000e+00	1.910754e-05
-4.167500e+00	1.911510e-05
-4.165000e+00	1.912267e-05
-4.162500e+00	1.913024e-05
-4.160000e+00	1.913781e-05
-4.157500e+00	1.914539e-05
-4.155000e+00	1.915298e-05
-4.152500e+00	1.916057e-05
-4.150000e+00	1.916816e-05
-4.147500e+00	1.917576e-05
-4.145000e+00	1.918336e-05
-4.142500e+00	1.919097e-05
-4.140000e+00	1.919858e-05
-4.137500e+00	1.920620e-05
-4.135000e+00	1.921382e-05
-4.132500e+00	1.922145e-05
-4.130000e+00	1.922908e-05
-4.127500e+00	1.923672e-05
-4.125000e+00	1.924436e-05
-4.122500e+00	1.925200e-05
-4.120000e+00	1.925965e-05
-4.117500e+00	1.926731e-05
-4.115000e+00	1.927497e-05
-4.112500e+00	1.928263e-05
-4.110000e+00	1.929030e-05
-4.107500e+00	1.929798e-05
-4.105000e+00	1.930565e-05
-4.102500e+00	1.931334e-05
-4.100000e+00	1.932103e-05
-4.097500e+00	1.932872e-05
-4.095000e+00	1.933642e-05
-4.092500e+00	1.934412e-05
-4.090000e+00	1.935183e-05
-4.087500e+00	1.935954e-05
-4.085000e+00	1.936726e-05
-4.082500e+00	1.937498e-05
-4.080000e+00	1.938270e-05
-4.077500e+00	1.939043e-05
-4.075000e+00	1.939817e-05
-4.072500e+00	1.940591e-05
-4.070000e+00	1.941366e-05
-4.067500e+00	1.942141e-05
-4.065000e+00	1.942916e-05
-4.062500e+00	1.943692e-05
-4.060000e+00	1.944469e-05
-4.057500e+00	1.945246e-05
-4.055000e+00	1.946023e-05
-4.052500e+00	1.946801e-05
-4.050000e+00	1.947580e-05
-4.047500e+00	1.948358e-05
-4.045000e+00	1.949138e-05
-4.042500e+00	1.949918e-05
-4.040000e+00	1.950698e-05
-4.037500e+00	1.951479e-05
-4.035000e+00	1.952260e-05
-4.032500e+00	1.953042e-05
-4.030000e+00	1.953824e-05
-4.027500e+00	1.954607e-05
-4.025000e+00	1.955390e-05
-4.022500e+00	1.956174e-05
-4.020000e+00	1.956958e-05
-4.017500e+00	1.957743e-05
-4.015000e+00	1.958528e-05
-4.012500e+00	1.959314e-05
-4.010000e+00	1.960100e-05
-4.007500e+00	1.960887e-05
-4.005000e+00	1.961674e-05
-4.002500e+00	1.962462e-05
-4.000000e+00	1.963250e-05
-3.997500e+00	1.964039e-05
-3.995000e+00	1.964828e-05
-3.992500e+00	1.965618e-05
-3.990000e+00	1.966408e-05
-3.987500e+00	1.967199e-05
-3.985000e+00	1.967990e-05
-3.982500e+00	1.968781e-05
-3.980000e+00	1.969574e-05
-3.977500e+00	1.970366e-05
-3.975000e+00	1.971159e-05
-3.972500e+00	1.971953e-05
-3.970000e+00	1.972747e-05
-3.967500e+00	1.973542e-05
-3.965000e+00	1.974337e-05
-3.962500e+00	1.975132e-05
-3.960000e+00	1.975929e-05
-3.957500e+00	1.976725e-05
-3.955000e+00	1.977522e-05
-3.952500e+00	1.978320e-05
-3.950000e+00	1.979118e-05
-3.947500e+00	1.979917e-05
-3.945000e+00	1.980716e-05
-3.942500e+00	1.981516e-05
-3.940000e+00	1.982316e-05
-3.937500e+00	1.983116e-05
-3.935000e+00	1.983917e-05
-3.932500e+00	1.984719e-05
-3.930000e+00	1.985521e-05
-3.927500e+00	1.986324e-05
-3.925000e+00	1.987127e-05
-3.922500e+00	1.987931e-05
-3.920000e+00	1.988735e-05
-3.917500e+00	1.989540e-05
-3.915000e+00	1.990345e-05
-3.912500e+00	1.991151e-05
-3.910000e+00	1.991957e-05
-3.907500e+00	1.992764e-05
-3.905000e+00	1.993571e-05
-3.902500e+00	1.994379e-05
-3.900000e+00	1.995187e-05
-3.897500e+00	1.995996e-05
-3.895000e+00	1.996805e-05
-3.892500e+00	1.997615e-05
-3.890000e+00	1.998425e-05
-3.887500e+00	1.999236e-05
-3.885000e+00	2.000047e-05
-3.882500e+00	2.000859e-05
-3.880000e+00	2.001671e-05
-3.877500e+00	2.002484e-05
-3.875000e+00	2.003298e-05
-3.872500e+00	2.004112e-05
-3.870000e+00	2.004926e-05
-3.867500e+00	2.005741e-05
-3.865000e+00	2.006556e-05
-3.862500e+00	2.007372e-05
-3.860000e+00	2.008189e-05
-3.857500e+00	2.009006e-05
-3.855000e+00	2.009823e-05
-3.852500e+00	2.010642e-05
-3.850000e+00	2.011460e-05
-3.847500e+00	2.012279e-05
-3.845000e+00	2.013099e-05
-3.842500e+00	2.013919e-05
-3.840000e+00	2.014740e-05
-3.837500e+00	2.015561e-05
-3.835000e+00	2.016382e-05
-3.832500e+00	2.017205e-05
-3.830000e+00	2.018027e-05
-3.827500e+00	2.018851e-05
-3.825000e+00	2.019675e-05
-3.822500e+00	2.020499e-05
-3.820000e+00	2.021324e-05
-3.817500e+00	2.022149e-05
-3.815000e+00	2.022975e-05
-3.812500e+00	2.023801e-05
-3.810000e+00	2.024628e-05
-3.807500e+00	2.025456e-05
-3.805000e+00	2.026284e-05
-3.802500e+00	2.027113e-05
-3.800000e+00	2.027942e-05
-3.797500e+00	2.028771e-05
-3.795000e+00	2.029601e-05
-3.792500e+00	2.030432e-05
-3.790000e+00	2.031263e-05
-3.787500e+00	2.032095e-05
-3.785000e+00	2.032927e-05
-3.782500e+00	2.033760e-05
-3.780000e+00	2.034593e-05
-3.777500e+00	2.035427e-05
-3.775000e+00	2.036262e-05
-3.772500e+00	2.037097e-05
-3.770000e+00	2.037932e-05
-3.767500e+00	2.038768e-05
-3.765000e+00	2.039605e-05
-3.762500e+00	2.040442e-05
-3.760000e+00	2.041279e-05
-3.757500e+00	2.042118e-05
-3.755000e+00	2.042956e-05
-3.752500e+00	2.043795e-05
-3.750000e+00	2.044635e-05
-3.747500e+00	2.045476e-05
-3.745000e+00	2.046316e-05
-3.742500e+00	2.047158e-05
-3.740000e+00	2.048000e-05
-3.737500e+00	2.048842e-05
-3.735000e+00	2.049685e-05
-3.732500e+00	2.050529e-05
-3.730000e+00	2.051373e-05
-3.727500e+00	2.052218e-05
-3.725000e+00	2.053063e-05
-3.722500e+00	2.053909e-05
-3.720000e+00	2.054755e-05
-3.717500e+00	2.055602e-05
-3.715000e+00	2.056449e-05
-3.712500e+00	2.057297e-05
-3.710000e+00	2.058146e-05
-3.707500e+00	2.058995e-05
-3.705000e+00	2.059844e-05
-3.702500e+00	2.060694e-05
-3.700000e+00	2.061545e-05
-3.697500e+00	2.062396e-05
-3.695000e+00	2.063248e-05
-3.692500e+00	2.064100e-05
-3.690000e+00	2.064953e-05
-3.687500e+00	2.065807e-05
-3.685000e+00	2.066661e-05
-3.682500e+00	2.067515e-05
-3.680000e+00	2.068370e-05
-3.677500e+00	2.069226e-05
-3.675000e+00	2.070082e-05
-3.672500e+00	2.070939e-05
-3.670000e+00	2.071796e-05
-3.667500e+00	2.072654e-05
-3.665000e+00	2.073513e-05
-3.662500e+00	2.074372e-05
-3.660000e+00	2.075231e-05
-3.657500e+00	2.076091e-05
-3.655000e+00	2.076952e-05
-3.652500e+00	2.077813e-05
-3.650000e+00	2.078675e-05
-3.647500e+00	2.079537e-05
-3.645000e+00	2.080400e-05
-3.642500e+00	2.081264e-05
-3.640000e+00	2.082128e-05
-3.637500e+00	2.082992e-05
-3.635000e+00	2.083858e-05
-3.632500e+00	2.084723e-05
-3.630000e+00	2.085590e-05
-3.627500e+00	2.086456e-05
-3.625000e+00	2.087324e-05
-3.622500e+00	2.088192e-05
-3.620000e+00	2.089060e-05
-3.617500e+00	2.089930e-05
-3.615000e+00	2.090799e-05
-3.612500e+00	2.091670e-05
-3.610000e+00	2.092540e-05
-3.607500e+00	2.093412e-05
-3.605000e+00	2.094284e-05
-3.602500e+00	2.095156e-05
-3.600000e+00	2.096029e-05
-3.597500e+00	2.096903e-05
-3.595000e+00	2.097777e-05
-3.592500e+00	2.098652e-05
-3.590000e+00	2.099528e-05
-3.587500e+00	2.100404e-05
-3.585000e+00	2.101280e-05
-3.582500e+00	2.102157e-05
-3.580000e+00	2.103035e-05
-3.577500e+00	2.103913e-05
-3.575000e+00	2.104792e-05
-3.572500e+00	2.105671e-05
-3.570000e+00	2.106551e-05
-3.567500e+00	2.107432e-05
-3.565000e+00	2.108313e-05
-3.562500e+00	2.109195e-05
-3.560000e+00	2.110077e-05
-3.557500e+00	2.110960e-05
-3.555000e+00	2.111844e-05
-3.552500e+00	2.112728e-05
-3.550000e+00	2.113612e-05
-3.547500e+00	2.114498e-05
-3.545000e+00	2.115383e-05
-3.542500e+00	2.116270e-05
-3.540000e+00	2.117157e-05
-3.537500e+00	2.118044e-05
-3.535000e+00	2.118933e-05
-3.532500e+00	2.119821e-05
-3.530000e+00	2.120711e-05
-3.527500e+00	2.121601e-05
-3.525000e+00	2.122491e-05
-3.522500e+00	2.123382e-05
-3.520000e+00	2.124274e-05
-3.517500e+00	2.125166e-05
-3.515000e+00	2.126059e-05
-3.512500e+00	2.126952e-05
-3.510000e+00	2.127847e-05
-3.507500e+00	2.128741e-05
-3.505000e+00	2.129636e-05
-3.502500e+00	2.130532e-05
-3.500000e+00	2.131429e-05
-3.497500e+00	2.132326e-05
-3.495000e+00	2.133223e-05
-3.492500e+00	2.134121e-05
-3.490000e+00	2.135020e-05
-3.487500e+00	2.135920e-05
-3.485000e+00	2.136820e-05
-3.482500e+00	2.137720e-05
-3.480000e+00	2.138621e-05
-3.477500e+00	2.139523e-05
-3.475000e+00	2.140426e-05
-3.472500e+00	2.141329e-05
-3.470000e+00	2.142232e-05
-3.467500e+00	2.143136e-05
-3.465000e+00	2.144041e-05
-3.462500e+00	2.144947e-05
-3.460000e+00	2.145853e-05
-3.457500e+00	2.146759e-05
-3.455000e+00	2.147666e-05
-3.452500e+00	2.148574e-05
-3.450000e+00	2.149483e-05
-3.447500e+00	2.150392e-05
-3.445000e+00	2.151301e-05
-3.442500e+00	2.152211e-05
-3.440000e+00	2.153122e-05
-3.437500e+00	2.154034e-05
-3.435000e+00	2.154946e-05
-3.432500e+00	2.155858e-05
-3.430000e+00	2.156772e-05
-3.427500e+00	2.157686e-05
-3.425000e+00	2.158600e-05
-3.422500e+00	2.159515e-05
-3.420000e+00	2.160431e-05
-3.417500e+00	2.161347e-05
-3.415000e+00	2.162264e-05
-3.412500e+00	2.163182e-05
-3.410000e+00	2.164100e-05
-3.407500e+00	2.165019e-05
-3.405000e+00	2.165938e-05
-3.402500e+00	2.166858e-05
-3.400000e+00	2.167779e-05
-3.397500e+00	2.168700e-05
-3.395000e+00	2.169622e-05
-3.392500e+00	2.170544e-05
-3.390000e+00	2.171468e-05
-3.387500e+00	2.172391e-05
-3.385000e+00	2.173316e-05
-3.382500e+00	2.174241e-05
-3.380000e+00	2.175166e-05
-3.377500e+00	2.176093e-05
-3.375000e+00	2.177019e-05
-3.372500e+00	2.177947e-05
-3.370000e+00	2.178875e-05
-3.367500e+00	2.179804e-05
-3.365000e+00	2.180733e-05
-3.362500e+00	2.181663e-05
-3.360000e+00	2.182594e-05
-3.357500e+00	2.183525e-05
-3.355000e+00	2.184457e-05
-3.352500e+00	2.185389e-05
-3.350000e+00	2.186322e-05
-3.347500e+00	2.187256e-05
-3.345000e+00	2.188190e-05
-3.342500e+00	2.189125e-05
-3.340000e+00	2.190061e-05
-3.337500e+00	2.190997e-05
-3.335000e+00	2.191934e-05
-3.332500e+00	2.192872e-05
-3.330000e+00	2.193810e-05
-3.327500e+00	2.194749e-05
-3.325000e+00	2.195688e-05
-3.322500e+00	2.196628e-05
-3.320000e+00	2.197569e-05
-3.317500e+00	2.198511e-05
-3.315000e+00	2.199453e-05
-3.312500e+00	2.200395e-05
-3.310000e+00	2.201338e-05
-3.307500e+00	2.202282e-05
-3.305000e+00	2.203227e-05
-3.302500e+00	2.204172e-05
-3.300000e+00	2.205118e-05
-3.297500e+00	2.206065e-05
-3.295000e+00	2.207012e-05
-3.292500e+00	2.207959e-05
-3.290000e+00	2.208908e-05
-3.287500e+00	2.209857e-05
-3.285000e+00	2.210807e-05
-3.282500e+00	2.211757e-05
-3.280000e+00	2.212708e-05
-3.277500e+00	2.213660e-05
-3.275000e+00	2.214612e-05
-3.272500e+00	2.215565e-05
-3.270000e+00	2.216519e-05
-3.267500e+00	2.217473e-05
-3.265000e+00	2.218428e-05
-3.262500e+00	2.219383e-05
-3.260000e+00	2.220340e-05
-3.257500e+00	2.221296e-05
-3.255000e+00	2.222254e-05
-3.252500e+00	2.223212e-05
-3.250000e+00	2.224171e-05
-3.247500e+00	2.225130e-05
-3.245000e+00	2.226091e-05
-3.242500e+00	2.227051e-05
-3.240000e+00	2.228013e-05
-3.237500e+00	2.228975e-05
-3.235000e+00	2.229938e-05
-3.232500e+00	2.230901e-05
-3.230000e+00	2.231865e-05
-3.227500e+00	2.232830e-05
-3.225000e+00	2.233796e-05
-3.222500e+00	2.234762e-05
-3.220000e+00	2.235728e-05
-3.217500e+00	2.236696e-05
-3.215000e+00	2.237664e-05
-3.212500e+00	2.238633e-05
-3.210000e+00	2.239602e-05
-3.207500e+00	2.240572e-05
-3.205000e+00	2.241543e-05
-3.202500e+00	2.242514e-05
-3.200000e+00	2.243487e-05
-3.197500e+00	2.244459e-05
-3.195000e+00	2.245433e-05
-3.192500e+00	2.246407e-05
-3.190000e+00	2.247382e-05
-3.187500e+00	2.248357e-05
-3.185000e+00	2.249333e-05
-3.182500e+00	2.250310e-05
-3.180000e+00	2.251287e-05
-3.177500e+00	2.252266e-05
-3.175000e+00	2.253244e-05
-3.172500e+00	2.254224e-05
-3.170000e+00	2.255204e-05
-3.167500e+00	2.256185e-05
-3.165000e+00	2.257167e-05
-3.162500e+00	2.258149e-05
-3.160000e+00	2.259132e-05
-3.157500e+00	2.260115e-05
-3.155000e+00	2.261099e-05
-3.152500e+00	2.262084e-05
-3.150000e+00	2.263070e-05
-3.147500e+00	2.264056e-05
-3.145000e+00	2.265043e-05
-3.142500e+00	2.266031e-05
-3.140000e+00	2.267019e-05
-3.137500e+00	2.268008e-05
-3.135000e+00	2.268998e-05
-3.132500e+00	2.269989e-05
-3.130000e+00	2.270980e-05
-3.127500e+00	2.271972e-05
-3.125000e+00	2.272964e-05
-3.122500e+00	2.273957e-05
-3.120000e+00	2.274951e-05
-3.117500e+00	2.275946e-05
-3.115000e+00	2.276941e-05
-3.112500e+00	2.277937e-05
-3.110000e+00	2.278934e-05
-3.107500e+00	2.279931e-05
-3.105000e+00	2.280929e-05
-3.102500e+00	2.281928e-05
-3.100000e+00	2.282927e-05
-3.097500e+00	2.283927e-05
-3.095000e+00	2.284928e-05
-3.092500e+00	2.285930e-05
-3.090000e+00	2.286932e-05
-3.087500e+00	2.287935e-05
-3.085000e+00	2.288939e-05
-3.082500e+00	2.289943e-05
-3.080000e+00	2.290948e-05
-3.077500e+00	2.291954e-05
-3.075000e+00	2.292960e-05
-3.072500e+00	2.293967e-05
-3.070000e+00	2.294975e-05
-3.067500e+00	2.295984e-05
-3.065000e+00	2.296993e-05
-3.062500e+00	2.298003e-05
-3.060000e+00	2.299014e-05
-3.057500e+00	2.300025e-05
-3.055000e+00	2.301037e-05
-3.052500e+00	2.302050e-05
-3.050000e+00	2.303064e-05
-3.047500e+00	2.304078e-05
-3.045000e+00	2.305093e-05
-3.042500e+00	2.306109e-05
-3.040000e+00	2.307125e-05
-3.037500e+00	2.308142e-05
-3.035000e+00	2.309160e-05
-3.032500e+00	2.310179e-05
-3.030000e+00	2.311198e-05
-3.027500e+00	2.312218e-05
-3.025000e+00	2.313239e-05
-3.022500e+00	2.314260e-05
-3.020000e+00	2.315282e-05
-3.017500e+00	2.316305e-05
-3.015000e+00	2.317329e-05
-3.012500e+00	2.318353e-05
-3.010000e+00	2.319378e-05
-3.007500e+00	2.320404e-05
-3.005000e+00	2.321431e-05
-3.002500e+00	2.322458e-05
-3.000000e+00	2.323486e-05
-2.997500e+00	2.324514e-05
-2.995000e+00	2.325544e-05
-2.992500e+00	2.326574e-05
-2.990000e+00	2.327605e-05
-2.987500e+00	2.328637e-05
-2.985000e+00	2.329669e-05
-2.982500e+00	2.330702e-05
-2.980000e+00	2.331736e-05
-2.977500e+00	2.332770e-05
-2.975000e+00	2.333806e-05
-2.972500e+00	2.334842e-05
-2.970000e+00	2.335878e-05
-2.967500e+00	2.336916e-05
-2.965000e+00	2.337954e-05
-2.962500e+00	2.338993e-05
-2.960000e+00	2.340033e-05
-2.957500e+00	2.341073e-05
-2.955000e+00	2.342115e-05
-2.952500e+00	2.343157e-05
-2.950000e+00	2.344199e-05
-2.947500e+00	2.345243e-05
-2.945000e+00	2.346287e-05
-2.942500e+00	2.347332e-05
-2.940000e+00	2.348377e-05
-2.937500e+00	2.349424e-05
-2.935000e+00	2.350471e-05
-2.932500e+00	2.351519e-05
-2.930000e+00	2.352568e-05
-2.927500e+00	2.353617e-05
-2.925000e+00	2.354667e-05
-2.922500e+00	2.355718e-05
-2.920000e+00	2.356770e-05
-2.917500e+00	2.357822e-05
-2.915000e+00	2.358876e-05
-2.912500e+00	2.359929e-05
-2.910000e+00	2.360984e-05
-2.907500e+00	2.362040e-05
-2.905000e+00	2.363096e-05
-2.902500e+00	2.364153e-05
-2.900000e+00	2.365211e-05
-2.897500e+00	2.366269e-05
-2.895000e+00	2.367328e-05
-2.892500e+00	2.368388e-05
-2.890000e+00	2.369449e-05
-2.887500e+00	2.370511e-05
-2.885000e+00	2.371573e-05
-2.882500e+00	2.372636e-05
-2.880000e+00	2.373700e-05
-2.877500e+00	2.374765e-05
-2.875000e+00	2.375830e-05
-2.872500e+00	2.376896e-05
-2.870000e+00	2.377963e-05
-2.867500e+00	2.379031e-05
-2.865000e+00	2.380099e-05
-2.862500e+00	2.381169e-05
-2.860000e+00	2.382239e-05
-2.857500e+00	2.383309e-05
-2.855000e+00	2.384381e-05
-2.852500e+00	2.385453e-05
-2.850000e+00	2.386527e-05
-2.847500e+00	2.387600e-05
-2.845000e+00	2.388675e-05
-2.842500e+00	2.389751e-05
-2.840000e+00	2.390827e-05
-2.837500e+00	2.391904e-05
-2.835000e+00	2.392982e-05
-2.832500e+00	2.394060e-05
-2.830000e+00	2.395140e-05
-2.827500e+00	2.396220e-05
-2.825000e+00	2.397301e-05
-2.822500e+00	2.398383e-05
-2.820000e+00	2.399465e-05
-2.817500e+00	2.400548e-05
-2.815000e+00	2.401632e-05
-2.812500e+00	2.402717e-05
-2.810000e+00	2.403803e-05
-2.807500e+00	2.404890e-05
-2.805000e+00	2.405977e-05
-2.802500e+00	2.407065e-05
-2.800000e+00	2.408154e-05
-2.797500e+00	2.409243e-05
-2.795000e+00	2.410334e-05
-2.792500e+00	2.411425e-05
-2.790000e+00	2.412517e-05
-2.787500e+00	2.413610e-05
-2.785000e+00	2.414704e-05
-2.782500e+00	2.415798e-05
-2.780000e+00	2.416893e-05
-2.777500e+00	2.417989e-05
-2.775000e+00	2.419086e-05
-2.772500e+00	2.420184e-05
-2.770000e+00	2.421282e-05
-2.767500e+00	2.422382e-05
-2.765000e+00	2.423482e-05
-2.762500e+00	2.424583e-05
-2.760000e+00	2.425684e-05
-2.757500e+00	2.426787e-05
-2.755000e+00	2.427890e-05
-2.752500e+00	2.428994e-05
-2.750000e+00	2.430099e-05
-2.747500e+00	2.431205e-05
-2.745000e+00	2.432312e-05
-2.742500e+00	2.433419e-05
-2.740000e+00	2.434527e-05
-2.737500e+00	2.435636e-05
-2.735000e+00	2.436746e-05
-2.732500e+00	2.437857e-05
-2.730000e+00	2.438968e-05
-2.727500e+00	2.440081e-05
-2.725000e+00	2.441194e-05
-2.722500e+00	2.442308e-05
-2.720000e+00	2.443423e-05
-2.717500e+00	2.444538e-05
-2.715000e+00	2.445655e-05
-2.712500e+00	2.446772e-05
-2.710000e+00	2.447890e-05
-2.707500e+00	2.449009e-05
-2.705000e+00	2.450129e-05
-2.702500e+00	2.451249e-05
-2.700000e+00	2.452371e-05
-2.697500e+00	2.453493e-05
-2.695000e+00	2.454616e-05
-2.692500e+00	2.455740e-05
-2.690000e+00	2.456865e-05
-2.687500e+00	2.457990e-05
-2.685000e+00	2.459117e-05
-2.682500e+00	2.460244e-05
-2.680000e+00	2.461372e-05
-2.677500e+00	2.462501e-05
-2.675000e+00	2.463631e-05
-2.672500e+00	2.464762e-05
-2.670000e+00	2.465893e-05
-2.667500e+00	2.467025e-05
-2.665000e+00	2.468159e-05
-2.662500e+00	2.469293e-05
-2.660000e+00	2.470427e-05
-2.657500e+00	2.471563e-05
-2.655000e+00	2.472700e-05
-2.652500e+00	2.473837e-05
-2.650000e+00	2.474975e-05
-2.647500e+00	2.476115e-05
-2.645000e+00	2.477254e-05
-2.642500e+00	2.478395e-05
-2.640000e+00	2.479537e-05
-2.637500e+00	2.480680e-05
-2.635000e+00	2.481823e-05
-2.632500e+00	2.482967e-05
-2.630000e+00	2.484112e-05
-2.627500e+00	2.485258e-05
-2.625000e+00	2.486405e-05
-2.622500e+00	2.487553e-05
-2.620000e+00	2.488701e-05
-2.617500e+00	2.489851e-05
-2.615000e+00	2.491001e-05
-2.612500e+00	2.492152e-05
-2.610000e+00	2.493304e-05
-2.607500e+00	2.494457e-05
-2.605000e+00	2.495611e-05
-2.602500e+00	2.496766e-05
-2.600000e+00	2.497921e-05
-2.597500e+00	2.499078e-05
-2.595000e+00	2.500235e-05
-2.592500e+00	2.501393e-05
-2.590000e+00	2.502552e-05
-2.587500e+00	2.503712e-05
-2.585000e+00	2.504873e-05
-2.582500e+00	2.506034e-05
-2.580000e+00	2.507197e-05
-2.577500e+00	2.508360e-05
-2.575000e+00	2.509525e-05
-2.572500e+00	2.510690e-05
-2.570000e+00	2.511856e-05
-2.567500e+00	2.513023e-05
-2.565000e+00	2.514191e-05
-2.562500e+00	2.515359e-05
-2.560000e+00	2.516529e-05
-2.557500e+00	2.517699e-05
-2.555000e+00	2.518871e-05
-2.552500e+00	2.520043e-05
-2.550000e+00	2.521216e-05
-2.547500e+00	2.522390e-05
-2.545000e+00	2.523565e-05
-2.542500e+00	2.524741e-05
-2.540000e+00	2.525918e-05
-2.537500e+00	2.527096e-05
-2.535000e+00	2.528274e-05
-2.532500e+00	2.529454e-05
-2.530000e+00	2.530634e-05
-2.527500e+00	2.531815e-05
-2.525000e+00	2.532997e-05
-2.522500e+00	2.534180e-05
-2.520000e+00	2.535364e-05
-2.517500e+00	2.536549e-05
-2.515000e+00	2.537735e-05
-2.512500e+00	2.538922e-05
-2.510000e+00	2.540109e-05
-2.507500e+00	2.541298e-05
-2.505000e+00	2.542487e-05
-2.502500e+00	2.543678e-05
-2.500000e+00	2.544869e-05
-2.497500e+00	2.546061e-05
-2.495000e+00	2.547254e-05
-2.492500e+00	2.548448e-05
-2.490000e+00	2.549643e-05
-2.487500e+00	2.550839e-05
-2.485000e+00	2.552036e-05
-2.482500e+00	2.553234e-05
-2.480000e+00	2.554432e-05
-2.477500e+00	2.555632e-05
-2.475000e+00	2.556832e-05
-2.472500e+00	2.558034e-05
-2.470000e+00	2.559236e-05
-2.467500e+00	2.560439e-05
-2.465000e+00	2.561644e-05
-2.462500e+00	2.562849e-05
-2.460000e+00	2.564055e-05
-2.457500e+00	2.565262e-05
-2.455000e+00	2.566470e-05
-2.452500e+00	2.567679e-05
-2.450000e+00	2.568888e-05
-2.447500e+00	2.570099e-05
-2.445000e+00	2.571311e-05
-2.442500e+00	2.572524e-05
-2.440000e+00	2.573737e-05
-2.437500e+00	2.574952e-05
-2.435000e+00	2.576167e-05
-2.432500e+00	2.577384e-05
-2.430000e+00	2.578601e-05
-2.427500e+00	2.579819e-05
-2.425000e+00	2.581039e-05
-2.422500e+00	2.582259e-05
-2.420000e+00	2.583480e-05
-2.417500e+00	2.584702e-05
-2.415000e+00	2.585925e-05
-2.412500e+00	2.587149e-05
-2.410000e+00	2.588374e-05
-2.407500e+00	2.589600e-05
-2.405000e+00	2.590827e-05
-2.402500e+00	2.592055e-05
-2.400000e+00	2.593284e-05
-2.397500e+00	2.594513e-05
-2.395000e+00	2.595744e-05
-2.392500e+00	2.596976e-05
-2.390000e+00	2.598209e-05
-2.387500e+00	2.599442e-05
-2.385000e+00	2.600677e-05
-2.382500e+00	2.601912e-05
-2.380000e+00	2.603149e-05
-2.377500e+00	2.604387e-05
-2.375000e+00	2.605625e-05
-2.372500e+00	2.606865e-05
-2.370000e+00	2.608105e-05
-2.367500e+00	2.609347e-05
-2.365000e+00	2.610589e-05
-2.362500e+00	2.611832e-05
-2.360000e+00	2.613077e-05
-2.357500e+00	2.614322e-05
-2.355000e+00	2.615568e-05
-2.352500e+00	2.616816e-05
-2.350000e+00	2.618064e-05
-2.347500e+00	2.619313e-05
-2.345000e+00	2.620564e-05
-2.342500e+00	2.621815e-05
-2.340000e+00	2.623067e-05
-2.337500e+00	2.624321e-05
-2.335000e+00	2.625575e-05
-2.332500e+00	2.626830e-05
-2.330000e+00	2.628086e-05
-2.327500e+00	2.629344e-05
-2.325000e+00	2.630602e-05
-2.322500e+00	2.631861e-05
-2.320000e+00	2.633121e-05
-2.317500e+00	2.634383e-05
-2.315000e+00	2.635645e-05
-2.312500e+00	2.636908e-05
-2.310000e+00	2.638173e-05
-2.307500e+00	2.639438e-05
-2.305000e+00	2.640704e-05
-2.302500e+00	2.641971e-05
-2.300000e+00	2.643240e-05
-2.297500e+00	2.644509e-05
-2.295000e+00	2.645779e-05
-2.292500e+00	2.647051e-05
-2.290000e+00	2.648323e-05
-2.287500e+00	2.649597e-05
-2.285000e+00	2.650871e-05
-2.282500e+00	2.652147e-05
-2.280000e+00	2.653423e-05
-2.277500e+00	2.654700e-05
-2.275000e+00	2.655979e-05
-2.272500e+00	2.657259e-05
-2.270000e+00	2.658539e-05
-2.267500e+00	2.659821e-05
-2.265000e+00	2.661103e-05
-2.262500e+00	2.662387e-05
-2.260000e+00	2.663672e-05
-2.257500e+00	2.664958e-05
-2.255000e+00	2.666244e-05
-2.252500e+00	2.667532e-05
-2.250000e+00	2.668821e-05
-2.247500e+00	2.670111e-05
-2.245000e+00	2.671402e-05
-2.242500e+00	2.672694e-05
-2.240000e+00	2.673987e-05
-2.237500e+00	2.675281e-05
-2.235000e+00	2.676576e-05
-2.232500e+00	2.677872e-05
-2.230000e+00	2.679169e-05
-2.227500e+00	2.680468e-05
-2.225000e+00	2.681767e-05
-2.222500e+00	2.683067e-05
-2.220000e+00	2.684369e-05
-2.217500e+00	2.685671e-05
-2.215000e+00	2.686975e-05
-2.212500e+00	2.688280e-05
-2.210000e+00	2.689585e-05
-2.207500e+00	2.690892e-05
-2.205000e+00	2.692200e-05
-2.202500e+00	2.693509e-05
-2.200000e+00	2.694819e-05
-2.197500e+00	2.696130e-05
-2.195000e+00	2.697442e-05
-2.192500e+00	2.698755e-05
-2.190000e+00	2.700069e-05
-2.187500e+00	2.701384e-05
-2.185000e+00	2.702701e-05
-2.182500e+00	2.704018e-05
-2.180000e+00	2.705337e-05
-2.177500e+00	2.706656e-05
-2.175000e+00	2.707977e-05
-2.172500e+00	2.709299e-05
-2.170000e+00	2.710622e-05
-2.167500e+00	2.711946e-05
-2.165000e+00	2.713271e-05
-2.162500e+00	2.714597e-05
-2.160000e+00	2.715924e-05
-2.157500e+00	2.717252e-05
-2.155000e+00	2.718582e-05
-2.152500e+00	2.719912e-05
-2.150000e+00	2.721244e-05
-2.147500e+00	2.722577e-05
-2.145000e+00	2.723910e-05
-2.142500e+00	2.725245e-05
-2.140000e+00	2.726581e-05
-2.137500e+00	2.727918e-05
-2.135000e+00	2.729257e-05
-2.132500e+00	2.730596e-05
-2.130000e+00	2.731936e-05
-2.127500e+00	2.733278e-05
-2.125000e+00	2.734621e-05
-2.122500e+00	2.735964e-05
-2.120000e+00	2.737309e-05
-2.117500e+00	2.738655e-05
-2.115000e+00	2.740002e-05
-2.112500e+00	2.741351e-05
-2.110000e+00	2.742700e-05
-2.107500e+00	2.744050e-05
-2.105000e+00	2.745402e-05
-2.102500e+00	2.746755e-05
-2.100000e+00	2.748109e-05
-2.097500e+00	2.749464e-05
-2.095000e+00	2.750820e-05
-2.092500e+00	2.752177e-05
-2.090000e+00	2.753535e-05
-2.087500e+00	2.754895e-05
-2.085000e+00	2.756256e-05
-2.082500e+00	2.757617e-05
-2.080000e+00	2.758980e-05
-2.077500e+00	2.760345e-05
-2.075000e+00	2.761710e-05
-2.072500e+00	2.763076e-05
-2.070000e+00	2.764444e-05
-2.067500e+00	2.765812e-05
-2.065000e+00	2.767182e-05
-2.062500e+00	2.768553e-05
-2.060000e+00	2.769925e-05
-2.057500e+00	2.771299e-05
-2.055000e+00	2.772673e-05
-2.052500e+00	2.774049e-05
-2.050000e+00	2.775425e-05
-2.047500e+00	2.776803e-05
-2.045000e+00	2.778182e-05
-2.042500e+00	2.779563e-05
-2.040000e+00	2.780944e-05
-2.037500e+00	2.782327e-05
-2.035000e+00	2.783710e-05
-2.032500e+00	2.785095e-05
-2.030000e+00	2.786481e-05
-2.027500e+00	2.787869e-05
-2.025000e+00	2.789257e-05
-2.022500e+00	2.790647e-05
-2.020000e+00	2.792038e-05
-2.017500e+00	2.793430e-05
-2.015000e+00	2.794823e-05
-2.012500e+00	2.796217e-05
-2.010000e+00	2.797613e-05
-2.007500e+00	2.799010e-05
-2.005000e+00	2.800407e-05
-2.002500e+00	2.801807e-05
-2.000000e+00	2.803207e-05
-1.997500e+00	2.804608e-05
-1.995000e+00	2.806011e-05
-1.992500e+00	2.807415e-05
-1.990000e+00	2.808820e-05
-1.987500e+00	2.810227e-05
-1.985000e+00	2.811634e-05
-1.982500e+00	2.813043e-05
-1.980000e+00	2.814453e-05
-1.977500e+00	2.815864e-05
-1.975000e+00	2.817276e-05
-1.972500e+00	2.818690e-05
-1.970000e+00	2.820105e-05
-1.967500e+00	2.821521e-05
-1.965000e+00	2.822938e-05
-1.962500e+00	2.824356e-05
-1.960000e+00	2.825776e-05
-1.957500e+00	2.827197e-05
-1.955000e+00	2.828619e-05
-1.952500e+00	2.830042e-05
-1.950000e+00	2.831467e-05
-1.947500e+00	2.832893e-05
-1.945000e+00	2.834320e-05
-1.942500e+00	2.835748e-05
-1.940000e+00	2.837178e-05
-1.937500e+00	2.838608e-05
-1.935000e+00	2.840040e-05
-1.932500e+00	2.841474e-05
-1.930000e+00	2.842908e-05
-1.927500e+00	2.844344e-05
-1.925000e+00	2.845781e-05
-1.922500e+00	2.847219e-05
-1.920000e+00	2.848658e-05
-1.917500e+00	2.850099e-05
-1.915000e+00	2.851541e-05
-1.912500e+00	2.852984e-05
-1.910000e+00	2.854429e-05
-1.907500e+00	2.855875e-05
-1.905000e+00	2.857322e-05
-1.902500e+00	2.858770e-05
-1.900000e+00	2.860220e-05
-1.897500e+00	2.861670e-05
-1.895000e+00	2.863123e-05
-1.892500e+00	2.864576e-05
-1.890000e+00	2.866031e-05
-1.887500e+00	2.867487e-05
-1.885000e+00	2.868944e-05
-1.882500e+00	2.870402e-05
-1.880000e+00	2.871862e-05
-1.877500e+00	2.873323e-05
-1.875000e+00	2.874785e-05
-1.872500e+00	2.876249e-05
-1.870000e+00	2.877714e-05
-1.867500e+00	2.879180e-05
-1.865000e+00	2.880648e-05
-1.862500e+00	2.882117e-05
-1.860000e+00	2.883587e-05
-1.857500e+00	2.885058e-05
-1.855000e+00	2.886531e-05
-1.852500e+00	2.888005e-05
-1.850000e+00	2.889480e-05
-1.847500e+00	2.890957e-05
-1.845000e+00	2.892435e-05
-1.842500e+00	2.893914e-05
-1.840000e+00	2.895395e-05
-1.837500e+00	2.896876e-05
-1.835000e+00	2.898360e-05
-1.832500e+00	2.899844e-05
-1.830000e+00	2.901330e-05
-1.827500e+00	2.902817e-05
-1.825000e+00	2.904306e-05
-1.822500e+00	2.905796e-05
-1.820000e+00	2.907287e-05
-1.817500e+00	2.908779e-05
-1.815000e+00	2.910273e-05
-1.812500e+00	2.911768e-05
-1.810000e+00	2.913265e-05
-1.807500e+00	2.914763e-05
-1.805000e+00	2.916262e-05
-1.802500e+00	2.917762e-05
-1.800000e+00	2.919264e-05
-1.797500e+00	2.920768e-05
-1.795000e+00	2.922272e-05
-1.792500e+00	2.923778e-05
-1.790000e+00	2.925285e-05
-1.787500e+00	2.926794e-05
-1.785000e+00	2.928304e-05
-1.782500e+00	2.929816e-05
-1.780000e+00	2.931328e-05
-1.777500e+00	2.932842e-05
-1.775000e+00	2.934358e-05
-1.772500e+00	2.935875e-05
-1.770000e+00	2.937393e-05
-1.767500e+00	2.938913e-05
-1.765000e+00	2.940434e-05
-1.762500e+00	2.941956e-05
-1.760000e+00	2.943480e-05
-1.757500e+00	2.945005e-05
-1.755000e+00	2.946532e-05
-1.752500e+00	2.948059e-05
-1.750000e+00	2.949589e-05
-1.747500e+00	2.951120e-05
-1.745000e+00	2.952652e-05
-1.742500e+00	2.954185e-05
-1.740000e+00	2.955720e-05
-1.737500e+00	2.957256e-05
-1.735000e+00	2.958794e-05
-1.732500e+00	2.960333e-05
-1.730000e+00	2.961874e-05
-1.727500e+00	2.963416e-05
-1.725000e+00	2.964959e-05
-1.722500e+00	2.966504e-05
-1.720000e+00	2.968050e-05
-1.717500e+00	2.969598e-05
-1.715000e+00	2.971147e-05
-1.712500e+00	2.972697e-05
-1.710000e+00	2.974249e-05
-1.707500e+00	2.975803e-05
-1.705000e+00	2.977357e-05
-1.702500e+00	2.978914e-05
-1.700000e+00	2.980471e-05
-1.697500e+00	2.982030e-05
-1.695000e+00	2.983591e-05
-1.692500e+00	2.985153e-05
-1.690000e+00	2.986716e-05
-1.687500e+00	2.988281e-05
-1.685000e+00	2.989848e-05
-1.682500e+00	2.991415e-05
-1.680000e+00	2.992985e-05
-1.677500e+00	2.994555e-05
-1.675000e+00	2.996128e-05
-1.672500e+00	2.997701e-05
-1.670000e+00	2.999276e-05
-1.667500e+00	3.000853e-05
-1.665000e+00	3.002431e-05
-1.662500e+00	3.004011e-05
-1.660000e+00	3.005592e-05
-1.657500e+00	3.007174e-05
-1.655000e+00	3.008758e-05
-1.652500e+00	3.010343e-05
-1.650000e+00	3.011930e-05
-1.647500e+00	3.013519e-05
-1.645000e+00	3.015109e-05
-1.642500e+00	3.016700e-05
-1.640000e+00	3.018293e-05
-1.637500e+00	3.019888e-05
-1.635000e+00	3.021484e-05
-1.632500e+00	3.023081e-05
-1.630000e+00	3.024680e-05
-1.627500e+00	3.026280e-05
-1.625000e+00	3.027882e-05
-1.622500e+00	3.029486e-05
-1.620000e+00	3.031091e-05
-1.617500e+00	3.032697e-05
-1.615000e+00	3.034306e-05
-1.612500e+00	3.035915e-05
-1.610000e+00	3.037526e-05
-1.607500e+00	3.039139e-05
-1.605000e+00	3.040753e-05
-1.602500e+00	3.042369e-05
-1.600000e+00	3.043986e-05
-1.597500e+00	3.045605e-05
-1.595000e+00	3.047225e-05
-1.592500e+00	3.048847e-05
-1.590000e+00	3.050471e-05
-1.587500e+00	3.052096e-05
-1.585000e+00	3.053722e-05
-1.582500e+00	3.055350e-05
-1.580000e+00	3.056980e-05
-1.577500e+00	3.058611e-05
-1.575000e+00	3.060244e-05
-1.572500e+00	3.061878e-05
-1.570000e+00	3.063514e-05
-1.567500e+00	3.065152e-05
-1.565000e+00	3.066791e-05
-1.562500e+00	3.068432e-05
-1.560000e+00	3.070074e-05
-1.557500e+00	3.071718e-05
-1.555000e+00	3.073363e-05
-1.552500e+00	3.075010e-05
-1.550000e+00	3.076659e-05
-1.547500e+00	3.078309e-05
-1.545000e+00	3.079961e-05
-1.542500e+00	3.081615e-05
-1.540000e+00	3.083270e-05
-1.537500e+00	3.084926e-05
-1.535000e+00	3.086585e-05
-1.532500e+00	3.088245e-05
-1.530000e+00	3.089906e-05
-1.527500e+00	3.091569e-05
-1.525000e+00	3.093234e-05
-1.522500e+00	3.094900e-05
-1.520000e+00	3.096568e-05
-1.517500e+00	3.098238e-05
-1.515000e+00	3.099909e-05
-1.512500e+00	3.101582e-05
-1.510000e+00	3.103257e-05
-1.507500e+00	3.104933e-05
-1.505000e+00	3.106611e-05
-1.502500e+00	3.108291e-05
-1.500000e+00	3.109972e-05
-1.497500e+00	3.111655e-05
-1.495000e+00	3.113339e-05
-1.492500e+00	3.115025e-05
-1.490000e+00	3.116713e-05
-1.487500e+00	3.118403e-05
-1.485000e+00	3.120094e-05
-1.482500e+00	3.121787e-05
-1.480000e+00	3.123481e-05
-1.477500e+00	3.125177e-05
-1.475000e+00	3.126875e-05
-1.472500e+00	3.128575e-05
-1.470000e+00	3.130276e-05
-1.467500e+00	3.131979e-05
-1.465000e+00	3.133684e-05
-1.462500e+00	3.135390e-05
-1.460000e+00	3.137098e-05
-1.457500e+00	3.138808e-05
-1.455000e+00	3.140520e-05
-1.452500e+00	3.142233e-05
-1.450000e+00	3.143948e-05
-1.447500e+00	3.145665e-05
-1.445000e+00	3.147383e-05
-1.442500e+00	3.149103e-05
-1.440000e+00	3.150825e-05
-1.437500e+00	3.152549e-05
-1.435000e+00	3.154274e-05
-1.432500e+00	3.156001e-05
-1.430000e+00	3.157730e-05
-1.427500e+00	3.159460e-05
-1.425000e+00	3.161193e-05
-1.422500e+00	3.162927e-05
-1.420000e+00	3.164663e-05
-1.417500e+00	3.166400e-05
-1.415000e+00	3.168140e-05
-1.412500e+00	3.169881e-05
-1.410000e+00	3.171624e-05
-1.407500e+00	3.173368e-05
-1.405000e+00	3.175115e-05
-1.402500e+00	3.176863e-05
-1.400000e+00	3.178613e-05
-1.397500e+00	3.180365e-05
-1.395000e+00	3.182119e-05
-1.392500e+00	3.183874e-05
-1.390000e+00	3.185631e-05
-1.387500e+00	3.187390e-05
-1.385000e+00	3.189151e-05
-1.382500e+00	3.190914e-05
-1.380000e+00	3.192678e-05
-1.377500e+00	3.194444e-05
-1.375000e+00	3.196212e-05
-1.372500e+00	3.197982e-05
-1.370000e+00	3.199754e-05
-1.367500e+00	3.201528e-05
-1.365000e+00	3.203303e-05
-1.362500e+00	3.205080e-05
-1.360000e+00	3.206859e-05
-1.357500e+00	3.208640e-05
-1.355000e+00	3.210423e-05
-1.352500e+00	3.212208e-05
-1.350000e+00	3.213994e-05
-1.347500e+00	3.215783e-05
-1.345000e+00	3.217573e-05
-1.342500e+00	3.219365e-05
-1.340000e+00	3.221159e-05
-1.337500e+00	3.222955e-05
-1.335000e+00	3.224752e-05
-1.332500e+00	3.226552e-05
-1.330000e+00	3.228354e-05
-1.327500e+00	3.230157e-05
-1.325000e+00	3.231962e-05
-1.322500e+00	3.233769e-05
-1.320000e+00	3.235578e-05
-1.317500e+00	3.237389e-05
-1.315000e+00	3.239202e-05
-1.312500e+00	3.241017e-05
-1.310000e+00	3.242834e-05
-1.307500e+00	3.244653e-05
-1.305000e+00	3.246473e-05
-1.302500e+00	3.248296e-05
-1.300000e+00	3.250120e-05
-1.297500e+00	3.251947e-05
-1.295000e+00	3.253775e-05
-1.292500e+00	3.255605e-05
-1.290000e+00	3.257438e-05
-1.287500e+00	3.259272e-05
-1.285000e+00	3.261108e-05
-1.282500e+00	3.262946e-05
-1.280000e+00	3.264786e-05
-1.277500e+00	3.266628e-05
-1.275000e+00	3.268472e-05
-1.272500e+00	3.270318e-05
-1.270000e+00	3.272166e-05
-1.267500e+00	3.274016e-05
-1.265000e+00	3.275868e-05
-1.262500e+00	3.277722e-05
-1.260000e+00	3.279578e-05
-1.257500e+00	3.281436e-05
-1.255000e+00	3.283296e-05
-1.252500e+00	3.285158e-05
-1.250000e+00	3.287022e-05
-1.247500e+00	3.288889e-05
-1.245000e+00	3.290757e-05
-1.242500e+00	3.292627e-05
-1.240000e+00	3.294499e-05
-1.237500e+00	3.296373e-05
-1.235000e+00	3.298249e-05
-1.232500e+00	3.300128e-05
-1.230000e+00	3.302008e-05
-1.227500e+00	3.303891e-05
-1.225000e+00	3.305775e-05
-1.222500e+00	3.307662e-05
-1.220000e+00	3.309550e-05
-1.217500e+00	3.311441e-05
-1.215000e+00	3.313334e-05
-1.212500e+00	3.315229e-05
-1.210000e+00	3.317126e-05
-1.207500e+00	3.319025e-05
-1.205000e+00	3.320926e-05
-1.202500e+00	3.322829e-05
-1.200000e+00	3.324734e-05
-1.197500e+00	3.326642e-05
-1.195000e+00	3.328552e-05
-1.192500e+00	3.330463e-05
-1.190000e+00	3.332377e-05
-1.187500e+00	3.334293e-05
-1.185000e+00	3.336211e-05
-1.182500e+00	3.338132e-05
-1.180000e+00	3.340054e-05
-1.177500e+00	3.341979e-05
-1.175000e+00	3.343905e-05
-1.172500e+00	3.345834e-05
-1.170000e+00	3.347765e-05
-1.167500e+00	3.349698e-05
-1.165000e+00	3.351634e-05
-1.162500e+00	3.353571e-05
-1.160000e+00	3.355511e-05
-1.157500e+00	3.357453e-05
-1.155000e+00	3.359397e-05
-1.152500e+00	3.361344e-05
-1.150000e+00	3.363292e-05
-1.147500e+00	3.365243e-05
-1.145000e+00	3.367196e-05
-1.142500e+00	3.369151e-05
-1.140000e+00	3.371109e-05
-1.137500e+00	3.373068e-05
-1.135000e+00	3.375030e-05
-1.132500e+00	3.376995e-05
-1.130000e+00	3.378961e-05
-1.127500e+00	3.380930e-05
-1.125000e+00	3.382901e-05
-1.122500e+00	3.384874e-05
-1.120000e+00	3.386849e-05
-1.117500e+00	3.388827e-05
-1.115000e+00	3.390807e-05
-1.112500e+00	3.392789e-05
-1.110000e+00	3.394774e-05
-1.107500e+00	3.396761e-05
-1.105000e+00	3.398750e-05
-1.102500e+00	3.400741e-05
-1.100000e+00	3.402735e-05
-1.097500e+00	3.404731e-05
-1.095000e+00	3.406730e-05
-1.092500e+00	3.408730e-05
-1.090000e+00	3.410734e-05
-1.087500e+00	3.412739e-05
-1.085000e+00	3.414747e-05
-1.082500e+00	3.416757e-05
-1.080000e+00	3.418769e-05
-1.077500e+00	3.420784e-05
-1.075000e+00	3.422802e-05
-1.072500e+00	3.424821e-05
-1.070000e+00	3.426843e-05
-1.067500e+00	3.428867e-05
-1.065000e+00	3.430894e-05
-1.062500e+00	3.432923e-05
-1.060000e+00	3.434955e-05
-1.057500e+00	3.436989e-05
-1.055000e+00	3.439025e-05
-1.052500e+00	3.441064e-05
-1.050000e+00	3.443105e-05
-1.047500e+00	3.445149e-05
-1.045000e+00	3.447195e-05
-1.042500e+00	3.449244e-05
-1.040000e+00	3.451295e-05
-1.037500e+00	3.453348e-05
-1.035000e+00	3.455404e-05
-1.032500e+00	3.457462e-05
-1.030000e+00	3.459523e-05
-1.027500e+00	3.461587e-05
-1.025000e+00	3.463652e-05
-1.022500e+00	3.465721e-05
-1.020000e+00	3.467792e-05
-1.017500e+00	3.469865e-05
-1.015000e+00	3.471941e-05
-1.012500e+00	3.474019e-05
-1.010000e+00	3.476100e-05
-1.007500e+00	3.478184e-05
-1.005000e+00	3.480270e-05
-1.002500e+00	3.482358e-05
-1.000000e+00	3.484449e-05
-9.975000e-01	3.486543e-05
-9.950000e-01	3.488639e-05
-9.925000e-01	3.490738e-05
-9.900000e-01	3.492839e-05
-9.875000e-01	3.494943e-05
-9.850000e-01	3.497049e-05
-9.825000e-01	3.499159e-05
-9.800000e-01	3.501270e-05
-9.775000e-01	3.503385e-05
-9.750000e-01	3.505502e-05
-9.725000e-01	3.507621e-05
-9.700000e-01	3.509743e-05
-9.675000e-01	3.511868e-05
-9.650000e-01	3.513996e-05
-9.625000e-01	3.516126e-05
-9.600000e-01	3.518259e-05
-9.575000e-01	3.520394e-05
-9.550000e-01	3.522532e-05
-9.525000e-01	3.524673e-05
-9.500000e-01	3.526816e-05
-9.475000e-01	3.528963e-05
-9.450000e-01	3.531112e-05
-9.425000e-01	3.533263e-05
-9.400000e-01	3.535418e-05
-9.375000e-01	3.537575e-05
-9.350000e-01	3.539734e-05
-9.325000e-01	3.541897e-05
-9.300000e-01	3.544062e-05
-9.275000e-01	3.546230e-05
-9.250000e-01	3.548401e-05
-9.225000e-01	3.550575e-05
-9.200000e-01	3.552751e-05
-9.175000e-01	3.554930e-05
-9.150000e-01	3.557112e-05
-9.125000e-01	3.559297e-05
-9.100000e-01	3.561484e-05
-9.075000e-01	3.563675e-05
-9.050000e-01	3.565868e-05
-9.025000e-01	3.568064e-05
-9.000000e-01	3.570262e-05
-8.975000e-01	3.572464e-05
-8.950000e-01	3.574669e-05
-8.925000e-01	3.576876e-05
-8.900000e-01	3.579086e-05
-8.875000e-01	3.581299e-05
-8.850000e-01	3.583515e-05
-8.825000e-01	3.585734e-05
-8.800000e-01	3.587956e-05
-8.775000e-01	3.590181e-05
-8.750000e-01	3.592409e-05
-8.725000e-01	3.594639e-05
-8.700000e-01	3.596873e-05
-8.675000e-01	3.599109e-05
-8.650000e-01	3.601348e-05
-8.625000e-01	3.603591e-05
-8.600000e-01	3.605836e-05
-8.575000e-01	3.608084e-05
-8.550000e-01	3.610336e-05
-8.525000e-01	3.612590e-05
-8.500000e-01	3.614847e-05
-8.475000e-01	3.617108e-05
-8.450000e-01	3.619371e-05
-8.425000e-01	3.621637e-05
-8.400000e-01	3.623907e-05
-8.375000e-01	3.626179e-05
-8.350000e-01	3.628455e-05
-8.325000e-01	3.630733e-05
-8.300000e-01	3.633015e-05
-8.275000e-01	3.635299e-05
-8.250000e-01	3.637587e-05
-8.225000e-01	3.639878e-05
-8.200000e-01	3.642172e-05
-8.175000e-01	3.644469e-05
-8.150000e-01	3.646769e-05
-8.125000e-01	3.649073e-05
-8.100000e-01	3.651379e-05
-8.075000e-01	3.653689e-05
-8.050000e-01	3.656002e-05
-8.025000e-01	3.658318e-05
-8.000000e-01	3.660637e-05
-7.975000e-01	3.662960e-05
-7.950000e-01	3.665285e-05
-7.925000e-01	3.667614e-05
-7.900000e-01	3.669946e-05
-7.875000e-01	3.672281e-05
-7.850000e-01	3.674620e-05
-7.825000e-01	3.676962e-05
-7.800000e-01	3.679307e-05
-7.775000e-01	3.681655e-05
-7.750000e-01	3.684007e-05
-7.725000e-01	3.686361e-05
-7.700000e-01	3.688720e-05
-7.675000e-01	3.691081e-05
-7.650000e-01	3.693446e-05
-7.625000e-01	3.695814e-05
-7.600000e-01	3.698186e-05
-7.575000e-01	3.700560e-05
-7.550000e-01	3.702939e-05
-7.525000e-01	3.705320e-05
-7.500000e-01	3.707705e-05
-7.475000e-01	3.710094e-05
-7.450000e-01	3.712485e-05
-7.425000e-01	3.714881e-05
-7.400000e-01	3.717279e-05
-7.375000e-01	3.719681e-05
-7.350000e-01	3.722087e-05
-7.325000e-01	3.724496e-05
-7.300000e-01	3.726908e-05
-7.275000e-01	3.729324e-05
-7.250000e-01	3.731743e-05
-7.225000e-01	3.734166e-05
-7.200000e-01	3.736593e-05
-7.175000e-01	3.739023e-05
-7.150000e-01	3.741456e-05
-7.125000e-01	3.743893e-05
-7.100000e-01	3.746334e-05
-7.075000e-01	3.748778e-05
-7.050000e-01	3.751226e-05
-7.025000e-01	3.753677e-05
-7.000000e-01	3.756132e-05
-6.975000e-01	3.758591e-05
-6.950000e-01	3.761053e-05
-6.925000e-01	3.763519e-05
-6.900000e-01	3.765989e-05
-6.875000e-01	3.768462e-05
-6.850000e-01	3.770939e-05
-6.825000e-01	3.773419e-05
-6.800000e-01	3.775904e-05
-6.775000e-01	3.778392e-05
-6.750000e-01	3.780883e-05
-6.725000e-01	3.783379e-05
-6.700000e-01	3.785878e-05
-6.675000e-01	3.788381e-05
-6.650000e-01	3.790888e-05
-6.625000e-01	3.793399e-05
-6.600000e-01	3.795913e-05
-6.575000e-01	3.798431e-05
-6.550000e-01	3.800953e-05
-6.525000e-01	3.803479e-05
-6.500000e-01	3.806009e-05
-6.475000e-01	3.808542e-05
-6.450000e-01	3.811080e-05
-6.425000e-01	3.813621e-05
-6.400000e-01	3.816167e-05
-6.375000e-01	3.818716e-05
-6.350000e-01	3.821269e-05
-6.325000e-01	3.823826e-05
-6.300000e-01	3.826387e-05
-6.275000e-01	3.828952e-05
-6.250000e-01	3.831522e-05
-6.225000e-01	3.834095e-05
-6.200000e-01	3.836672e-05
-6.175000e-01	3.839253e-05
-6.150000e-01	3.841838e-05
-6.125000e-01	3.844427e-05
-6.100000e-01	3.847021e-05
-6.075000e-01	3.849618e-05
-6.050000e-01	3.852220e-05
-6.025000e-01	3.854825e-05
-6.000000e-01	3.857435e-05
-5.975000e-01	3.860049e-05
-5.950000e-01	3.862667e-05
-5.925000e-01	3.865290e-05
-5.900000e-01	3.867916e-05
-5.875000e-01	3.870547e-05
-5.850000e-01	3.873182e-05
-5.825000e-01	3.875821e-05
-5.800000e-01	3.878465e-05
-5.775000e-01	3.881112e-05
-5.750000e-01	3.883764e-05
-5.725000e-01	3.886421e-05
-5.700000e-01	3.889081e-05
-5.675000e-01	3.891746e-05
-5.650000e-01	3.894416e-05
-5.625000e-01	3.897089e-05
-5.600000e-01	3.899768e-05
-5.575000e-01	3.902450e-05
-5.550000e-01	3.905137e-05
-5.525000e-01	3.907828e-05
-5.500000e-01	3.910524e-05
-5.475000e-01	3.913225e-05
-5.450000e-01	3.915929e-05
-5.425000e-01	3.918639e-05
-5.400000e-01	3.921352e-05
-5.375000e-01	3.924071e-05
-5.350000e-01	3.926794e-05
-5.325000e-01	3.929521e-05
-5.300000e-01	3.932253e-05
-5.275000e-01	3.934990e-05
-5.250000e-01	3.937731e-05
-5.225000e-01	3.940477e-05
-5.200000e-01	3.943228e-05
-5.175000e-01	3.945983e-05
-5.150000e-01	3.948743e-05
-5.125000e-01	3.951508e-05
-5.100000e-01	3.954277e-05
-5.075000e-01	3.957052e-05
-5.050000e-01	3.959831e-05
-5.025000e-01	3.962614e-05
-5.000000e-01	3.965403e-05
-4.975000e-01	3.968196e-05
-4.950000e-01	3.970995e-05
-4.925000e-01	3.973798e-05
-4.900000e-01	3.976606e-05
-4.875000e-01	3.979419e-05
-4.850000e-01	3.982237e-05
-4.825000e-01	3.985059e-05
-4.800000e-01	3.987887e-05
-4.775000e-01	3.990720e-05
-4.750000e-01	3.993558e-05
-4.725000e-01	3.996400e-05
-4.700000e-01	3.999248e-05
-4.675000e-01	4.002101e-05
-4.650000e-01	4.004959e-05
-4.625000e-01	4.007822e-05
-4.600000e-01	4.010690e-05
-4.575000e-01	4.013564e-05
-4.550000e-01	4.016442e-05
-4.525000e-01	4.019326e-05
-4.500000e-01	4.022215e-05
-4.475000e-01	4.025109e-05
-4.450000e-01	4.028009e-05
-4.425000e-01	4.030914e-05
-4.400000e-01	4.033824e-05
-4.375000e-01	4.036739e-05
-4.350000e-01	4.039660e-05
-4.325000e-01	4.042586e-05
-4.300000e-01	4.045517e-05
-4.275000e-01	4.048454e-05
-4.250000e-01	4.051396e-05
-4.225000e-01	4.054344e-05
-4.200000e-01	4.057298e-05
-4.175000e-01	4.060256e-05
-4.150000e-01	4.063221e-05
-4.125000e-01	4.066191e-05
-4.100000e-01	4.069166e-05
-4.075000e-01	4.072147e-05
-4.050000e-01	4.075134e-05
-4.025000e-01	4.078126e-05
-4.000000e-01	4.081124e-05
-3.975000e-01	4.084128e-05
-3.950000e-01	4.087137e-05
-3.925000e-01	4.090153e-05
-3.900000e-01	4.093174e-05
-3.875000e-01	4.096200e-05
-3.850000e-01	4.099233e-05
-3.825000e-01	4.102272e-05
-3.800000e-01	4.105316e-05
-3.775000e-01	4.108366e-05
-3.750000e-01	4.111422e-05
-3.725000e-01	4.114485e-05
-3.700000e-01	4.117553e-05
-3.675000e-01	4.120627e-05
-3.650000e-01	4.123707e-05
-3.625000e-01	4.126793e-05
-3.600000e-01	4.129886e-05
-3.575000e-01	4.132984e-05
-3.550000e-01	4.136089e-05
-3.525000e-01	4.139200e-05
-3.500000e-01	4.142317e-05
-3.475000e-01	4.145440e-05
-3.450000e-01	4.148570e-05
-3.425000e-01	4.151706e-05
-3.400000e-01	4.154848e-05
-3.375000e-01	4.157996e-05
-3.350000e-01	4.161151e-05
-3.325000e-01	4.164313e-05
-3.300000e-01	4.167481e-05
-3.275000e-01	4.170655e-05
-3.250000e-01	4.173836e-05
-3.225000e-01	4.177023e-05
-3.200000e-01	4.180217e-05
-3.175000e-01	4.183417e-05
-3.150000e-01	4.186624e-05
-3.125000e-01	4.189838e-05
-3.100000e-01	4.193059e-05
-3.075000e-01	4.196286e-05
-3.050000e-01	4.199520e-05
-3.025000e-01	4.202761e-05
-3.000000e-01	4.206008e-05
-2.975000e-01	4.209263e-05
-2.950000e-01	4.212524e-05
-2.925000e-01	4.215792e-05
-2.900000e-01	4.219067e-05
-2.875000e-01	4.222350e-05
-2.850000e-01	4.225639e-05
-2.825000e-01	4.228935e-05
-2.800000e-01	4.232239e-05
-2.775000e-01	4.235549e-05
-2.750000e-01	4.238867e-05
-2.725000e-01	4.242192e-05
-2.700000e-01	4.245524e-05
-2.675000e-01	4.248863e-05
-2.650000e-01	4.252210e-05
-2.625000e-01	4.255564e-05
-2.600000e-01	4.258926e-05
-2.575000e-01	4.262295e-05
-2.550000e-01	4.265671e-05
-2.525000e-01	4.269055e-05
-2.500000e-01	4.272446e-05
-2.475000e-01	4.275845e-05
-2.450000e-01	4.279252e-05
-2.425000e-01	4.282666e-05
-2.400000e-01	4.286088e-05
-2.375000e-01	4.289518e-05
-2.350000e-01	4.292955e-05
-2.325000e-01	4.296401e-05
-2.300000e-01	4.299854e-05
-2.275000e-01	4.303315e-05
-2.250000e-01	4.306784e-05
-2.225000e-01	4.310261e-05
-2.200000e-01	4.313746e-05
-2.175000e-01	4.317239e-05
-2.150000e-01	4.320740e-05
-2.125000e-01	4.324249e-05
-2.100000e-01	4.327767e-05
-2.075000e-01	4.331293e-05
-2.050000e-01	4.334827e-05
-2.025000e-01	4.338369e-05
-2.000000e-01	4.341920e-05
-1.975000e-01	4.345479e-05
-1.950000e-01	4.349047e-05
-1.925000e-01	4.352623e-05
-1.900000e-01	4.356208e-05
-1.875000e-01	4.359801e-05
-1.850000e-01	4.363403e-05
-1.825000e-01	4.367014e-05
-1.800000e-01	4.370634e-05
-1.775000e-01	4.374262e-05
-1.750000e-01	4.377899e-05
-1.725000e-01	4.381545e-05
-1.700000e-01	4.385200e-05
-1.675000e-01	4.388864e-05
-1.650000e-01	4.392537e-05
-1.625000e-01	4.396219e-05
-1.600000e-01	4.399910e-05
-1.575000e-01	4.403611e-05
-1.550000e-01	4.407321e-05
-1.525000e-01	4.411040e-05
-1.500000e-01	4.414768e-05
-1.475000e-01	4.418506e-05
-1.450000e-01	4.422253e-05
-1.425000e-01	4.426010e-05
-1.400000e-01	4.429777e-05
-1.375000e-01	4.433553e-05
-1.350000e-01	4.437339e-05
-1.325000e-01	4.441134e-05
-1.300000e-01	4.444939e-05
-1.275000e-01	4.448755e-05
-1.250000e-01	4.452580e-05
-1.225000e-01	4.456415e-05
-1.200000e-01	4.460260e-05
-1.175000e-01	4.464115e-05
-1.150000e-01	4.467981e-05
-1.125000e-01	4.471856e-05
-1.100000e-01	4.475742e-05
-1.075000e-01	4.479639e-05
-1.050000e-01	4.483545e-05
-1.025000e-01	4.487463e-05
-1.000000e-01	4.491390e-05
-9.750000e-02	4.495329e-05
-9.500000e-02	4.499278e-05
-9.250000e-02	4.503237e-05
-9.000000e-02	4.507208e-05
-8.750000e-02	4.511189e-05
-8.500000e-02	4.515182e-05
-8.250000e-02	4.519185e-05
-8.000000e-02	4.523199e-05
-7.750000e-02	4.527225e-05
-7.500000e-02	4.531262e-05
-7.250000e-02	4.535310e-05
-7.000000e-02	4.539369e-05
-6.750000e-02	4.543440e-05
-6.500000e-02	4.547522e-05
-6.250000e-02	4.551616e-05
-6.000000e-02	4.555722e-05
-5.750000e-02	4.559839e-05
-5.500000e-02	4.563968e-05
-5.250000e-02	4.568109e-05
-5.000000e-02	4.572262e-05
-4.750000e-02	4.576427e-05
-4.500000e-02	4.580604e-05
-4.250000e-02	4.584793e-05
-4.000000e-02	4.588994e-05
-3.750000e-02	4.593208e-05
-3.500000e-02	4.597434e-05
-3.250000e-02	4.601673e-05
-3.000000e-02	4.605924e-05
-2.750000e-02	4.610188e-05
-2.500000e-02	4.614465e-05
-2.250000e-02	4.618755e-05
-2.000000e-02	4.623057e-05
-1.750000e-02	4.627373e-05
-1.500000e-02	4.631701e-05
-1.250000e-02	4.636043e-05
-1.000000e-02	4.640398e-05
-7.500000e-03	4.644766e-05
-5.000000e-03	4.649148e-05
-2.500000e-03	4.653544e-05
9.379164e-13	4.657953e-05
2.500000e-03	4.662376e-05
5.000000e-03	4.666812e-05
7.500000e-03	4.671263e-05
1.000000e-02	4.675728e-05
1.250000e-02	4.680207e-05
1.500000e-02	4.684700e-05
1.750000e-02	4.689207e-05
2.000000e-02	4.693729e-05
2.250000e-02	4.698265e-05
2.500000e-02	4.702816e-05
2.750000e-02	4.707382e-05
3.000000e-02	4.711962e-05
3.250000e-02	4.716558e-05
3.500000e-02	4.721168e-05
3.750000e-02	4.725794e-05
4.000000e-02	4.730435e-05
4.250000e-02	4.735091e-05
4.500000e-02	4.739763e-05
4.750000e-02	4.744451e-05
5.000000e-02	4.749154e-05
5.250000e-02	4.753873e-05
5.500000e-02	4.758608e-05
5.750000e-02	4.763359e-05
6.000000e-02	4.768127e-05
6.250000e-02	4.772910e-05
6.500000e-02	4.777710e-05
6.750000e-02	4.782527e-05
7.000000e-02	4.787360e-05
7.250000e-02	4.792211e-05
7.500000e-02	4.797078e-05
7.750000e-02	4.801962e-05
8.000000e-02	4.806863e-05
8.250000e-02	4.811782e-05
8.500000e-02	4.816718e-05
8.750000e-02	4.821672e-05
9.000000e-02	4.826644e-05
9.250000e-02	4.831633e-05
9.500000e-02	4.836640e-05
9.750000e-02	4.841666e-05
1.000000e-01	4.846710e-05
1.025000e-01	4.851772e-05
1.050000e-01	4.856853e-05
1.075000e-01	4.861953e-05
1.100000e-01	4.867071e-05
1.125000e-01	4.872209e-05
1.150000e-01	4.877366e-05
1.175000e-01	4.882542e-05
1.200000e-01	4.887738e-05
1.225000e-01	4.892953e-05
1.250000e-01	4.898188e-05
1.275000e-01	4.903443e-05
1.300000e-01	4.908718e-05
1.325000e-01	4.914014e-05
1.350000e-01	4.919330e-05
1.375000e-01	4.924666e-05
1.400000e-01	4.930024e-05
1.425000e-01	4.935402e-05
1.450000e-01	4.940802e-05
1.475000e-01	4.946223e-05
1.500000e-01	4.951665e-05
1.525000e-01	4.957129e-05
1.550000e-01	4.962615e-05
1.575000e-01	4.968123e-05
1.600000e-01	4.973654e-05
1.625000e-01	4.979206e-05
1.650000e-01	4.984782e-05
1.675000e-01	4.990380e-05
1.700000e-01	4.996001e-05
1.725000e-01	5.001646e-05
1.750000e-01	5.007314e-05
1.775000e-01	5.013005e-05
1.800000e-01	5.018720e-05
1.825000e-01	5.024460e-05
1.850000e-01	5.030224e-05
1.875000e-01	5.036012e-05
1.900000e-01	5.041825e-05
1.925000e-01	5.047662e-05
1.950000e-01	5.053525e-05
1.975000e-01	5.059413e-05
2.000000e-01	5.065327e-05
2.025000e-01	5.071267e-05
2.050000e-01	5.077233e-05
2.075000e-01	5.083225e-05
2.100000e-01	5.089243e-05
2.125000e-01	5.095289e-05
2.150000e-01	5.101361e-05
2.175000e-01	5.107461e-05
2.200000e-01	5.113588e-05
2.225000e-01	5.119743e-05
2.250000e-01	5.125926e-05
2.275000e-01	5.132137e-05
2.300000e-01	5.138377e-05
2.325000e-01	5.144645e-05
2.350000e-01	5.150943e-05
2.375000e-01	5.157270e-05
2.400000e-01	5.163627e-05
2.425000e-01	5.170014e-05
2.450000e-01	5.176431e-05
2.475000e-01	5.182878e-05
2.500000e-01	5.189357e-05
2.525000e-01	5.195866e-05
2.550000e-01	5.202407e-05
2.575000e-01	5.208980e-05
2.600000e-01	5.215585e-05
2.625000e-01	5.222222e-05
2.650000e-01	5.228891e-05
2.675000e-01	5.235594e-05
2.700000e-01	5.242330e-05
2.725000e-01	5.249100e-05
2.750000e-01	5.255904e-05
2.775000e-01	5.262742e-05
2.800000e-01	5.269615e-05
2.825000e-01	5.276523e-05
2.850000e-01	5.283467e-05
2.875000e-01	5.290446e-05
2.900000e-01	5.297461e-05
2.925000e-01	5.304513e-05
2.950000e-01	5.311602e-05
2.975000e-01	5.318728e-05
3.000000e-01	5.325892e-05
3.025000e-01	5.333094e-05
3.050000e-01	5.340334e-05
3.075000e-01	5.347614e-05
3.100000e-01	5.354932e-05
3.125000e-01	5.362290e-05
3.150000e-01	5.369689e-05
3.175000e-01	5.377128e-05
3.200000e-01	5.384608e-05
3.225000e-01	5.392129e-05
3.250000e-01	5.399693e-05
3.275000e-01	5.407299e-05
3.300000e-01	5.414947e-05
3.325000e-01	5.422639e-05
3.350000e-01	5.430375e-05
3.375000e-01	5.438155e-05
3.400000e-01	5.445980e-05
3.425000e-01	5.453850e-05
3.450000e-01	5.461766e-05
3.475000e-01	5.469728e-05
3.500000e-01	5.477737e-05
3.525000e-01	5.485794e-05
3.550000e-01	5.493898e-05
3.575000e-01	5.502051e-05
3.600000e-01	5.510252e-05
3.625000e-01	5.518504e-05
3.650000e-01	5.526805e-05
3.675000e-01	5.535157e-05
3.700000e-01	5.543561e-05
3.725000e-01	5.552017e-05
3.750000e-01	5.560525e-05
3.775000e-01	5.569086e-05
3.800000e-01	5.577701e-05
3.825000e-01	5.586371e-05
3.850000e-01	5.595096e-05
3.875000e-01	5.603876e-05
3.900000e-01	5.612713e-05
3.925000e-01	5.621607e-05
3.950000e-01	5.630559e-05
3.975000e-01	5.639570e-05
4.000000e-01	5.648640e-05
4.025000e-01	5.657770e-05
4.050000e-01	5.666960e-05
4.075000e-01	5.676212e-05
4.100000e-01	5.685527e-05
4.125000e-01	5.694905e-05
4.150000e-01	5.704346e-05
4.175000e-01	5.713852e-05
4.200000e-01	5.723424e-05
4.225000e-01	5.733063e-05
4.250000e-01	5.742768e-05
4.275000e-01	5.752542e-05
4.300000e-01	5.762384e-05
4.325000e-01	5.772297e-05
4.350000e-01	5.782280e-05
4.375000e-01	5.792335e-05
4.400000e-01	5.802463e-05
4.425000e-01	5.812665e-05
4.450000e-01	5.822941e-05
4.475000e-01	5.833293e-05
4.500000e-01	5.843722e-05
4.525000e-01	5.854228e-05
4.550000e-01	5.864813e-05
4.575000e-01	5.875479e-05
4.600000e-01	5.886225e-05
4.625000e-01	5.897053e-05
4.650000e-01	5.907965e-05
4.675000e-01	5.918961e-05
4.700000e-01	5.930043e-05
4.725000e-01	5.941211e-05
4.750000e-01	5.952468e-05
4.775000e-01	5.963814e-05
4.800000e-01	5.975251e-05
4.825000e-01	5.986779e-05
4.850000e-01	5.998401e-05
4.875000e-01	6.010118e-05
4.900000e-01	6.021930e-05
4.925000e-01	6.033840e-05
4.950000e-01	6.045849e-05
4.975000e-01	6.057958e-05
5.000000e-01	6.070169e-05
5.025000e-01	6.082483e-05
5.050000e-01	6.094902e-05
5.075000e-01	6.107428e-05
5.100000e-01	6.120062e-05
5.125000e-01	6.132805e-05
5.150000e-01	6.145660e-05
5.175000e-01	6.158629e-05
5.200000e-01	6.171712e-05
5.225000e-01	6.184912e-05
5.250000e-01	6.198230e-05
5.275000e-01	6.211669e-05
5.300000e-01	6.225231e-05
5.325000e-01	6.238917e-05
5.350000e-01	6.252729e-05
5.375000e-01	6.266669e-05
5.400000e-01	6.280740e-05
5.425000e-01	6.294944e-05
5.450000e-01	6.309282e-05
5.475000e-01	6.323758e-05
5.500000e-01	6.338372e-05
5.525000e-01	6.353129e-05
5.550000e-01	6.368029e-05
5.575000e-01	6.383076e-05
5.600000e-01	6.398271e-05
5.625000e-01	6.413618e-05
5.650000e-01	6.429119e-05
5.675000e-01	6.444777e-05
5.700000e-01	6.460594e-05
5.725000e-01	6.476574e-05
5.750000e-01	6.492718e-05
5.775000e-01	6.509031e-05
5.800000e-01	6.525514e-05
5.825000e-01	6.542172e-05
5.850000e-01	6.559006e-05
5.875000e-01	6.576021e-05
5.900000e-01	6.593220e-05
5.925000e-01	6.610606e-05
5.950000e-01	6.628182e-05
5.975000e-01	6.645952e-05
6.000000e-01	6.663920e-05
6.025000e-01	6.682089e-05
6.050000e-01	6.700463e-05
6.075000e-01	6.719046e-05
6.100000e-01	6.737842e-05
6.125000e-01	6.756856e-05
6.150000e-01	6.776091e-05
6.175000e-01	6.795551e-05
6.200000e-01	6.815241e-05
6.225000e-01	6.835166e-05
6.250000e-01	6.855330e-05
6.275000e-01	6.875739e-05
6.300000e-01	6.896396e-05
6.325000e-01	6.917307e-05
6.350000e-01	6.938478e-05
6.375000e-01	6.959913e-05
6.400000e-01	6.981617e-05
6.425000e-01	7.003598e-05
6.450000e-01	7.025860e-05
6.475000e-01	7.048409e-05
6.500000e-01	7.071251e-05
6.525000e-01	7.094393e-05
6.550000e-01	7.117842e-05
6.575000e-01	7.141603e-05
6.600000e-01	7.165683e-05
6.625000e-01	7.190090e-05
6.650000e-01	7.214831e-05
6.675000e-01	7.239913e-05
6.700000e-01	7.265345e-05
6.725000e-01	7.291132e-05
6.750000e-01	7.317285e-05
6.775000e-01	7.343812e-05
6.800000e-01	7.370720e-05
6.825000e-01	7.398019e-05
6.850000e-01	7.425718e-05
6.875000e-01	7.453826e-05
6.900000e-01	7.482354e-05
6.925000e-01	7.511311e-05
6.950000e-01	7.540708e-05
6.975000e-01	7.570555e-05
7.000000e-01	7.600864e-05
7.025000e-01	7.631645e-05
7.050000e-01	7.662911e-05
7.075000e-01	7.694675e-05
7.100000e-01	7.726947e-05
7.125000e-01	7.759742e-05
7.150000e-01	7.793073e-05
7.175000e-01	7.826954e-05
7.200000e-01	7.861400e-05
7.225000e-01	7.896424e-05
7.250000e-01	7.932044e-05
7.275000e-01	7.968273e-05
7.300000e-01	8.005130e-05
7.325000e-01	8.042632e-05
7.350000e-01	8.080795e-05
7.375000e-01	8.119639e-05
7.400000e-01	8.159183e-05
7.425000e-01	8.199445e-05
7.450000e-01	8.240448e-05
7.475000e-01	8.282212e-05
7.500000e-01	8.324759e-05
7.525000e-01	8.368113e-05
7.550000e-01	8.412297e-05
7.575000e-01	8.457336e-05
7.600000e-01	8.503255e-05
7.625000e-01	8.550083e-05
7.650000e-01	8.597845e-05
7.675000e-01	8.646573e-05
7.700000e-01	8.696295e-05
7.725000e-01	8.747043e-05
7.750000e-01	8.798850e-05
7.775000e-01	8.851751e-05
7.800000e-01	8.905780e-05
7.825000e-01	8.960976e-05
7.850000e-01	9.017376e-05
7.875000e-01	9.075022e-05
7.900000e-01	9.133955e-05
7.925000e-01	9.194220e-05
7.950000e-01	9.255863e-05
7.975000e-01	9.318933e-05
8.000000e-01	9.383479e-05
8.025000e-01	9.449556e-05
8.050000e-01	9.517217e-05
8.075000e-01	9.586523e-05
8.100000e-01	9.657532e-05
8.125000e-01	9.730309e-05
8.150000e-01	9.804922e-05
8.175000e-01	9.881440e-05
8.200000e-01	9.959938e-05
8.225000e-01	1.004049e-04
8.250000e-01	1.012319e-04
8.275000e-01	1.020811e-04
8.300000e-01	1.029534e-04
8.325000e-01	1.038499e-04
8.350000e-01	1.047714e-04
8.375000e-01	1.057192e-04
8.400000e-01	1.066942e-04
8.425000e-01	1.076978e-04
8.450000e-01	1.087310e-04
8.475000e-01	1.097953e-04
8.500000e-01	1.108921e-04
8.525000e-01	1.120229e-04
8.550000e-01	1.131891e-04
8.575000e-01	1.143925e-04
8.600000e-01	1.156349e-04
8.625000e-01	1.169182e-04
8.650000e-01	1.182442e-04
8.675000e-01	1.196153e-04
8.700000e-01	1.210336e-04
8.725000e-01	1.225016e-04
8.750000e-01	1.240219e-04
8.775000e-01	1.255972e-04
8.800000e-01	1.272305e-04
8.825000e-01	1.289249e-04
8.850000e-01	1.306839e-04
8.875000e-01	1.325110e-04
8.900000e-01	1.344102e-04
8.925000e-01	1.363857e-04
8.950000e-01	1.384419e-04
8.975000e-01	1.405838e-04
9.000000e-01	1.428166e-04
9.025000e-01	1.451460e-04
9.050000e-01	1.475781e-04
9.075000e-01	1.501195e-04
9.100000e-01	1.527776e-04
9.125000e-01	1.555599e-04
9.150000e-01	1.584752e-04
9.175000e-01	1.615327e-04
9.200000e-01	1.647424e-04
9.225000e-01	1.681155e-04
9.250000e-01	1.716641e-04
9.275000e-01	1.754014e-04
9.300000e-01	1.793420e-04
9.325000e-01	1.835020e-04
9.350000e-01	1.878991e-04
9.375000e-01	1.925528e-04
9.400000e-01	1.974849e-04
9.425000e-01	2.027194e-04
9.450000e-01	2.082830e-04
9.475000e-01	2.142057e-04
9.500000e-01	2.205207e-04
9.525000e-01	2.272655e-04
9.550000e-01	2.344822e-04
9.575000e-01	2.422180e-04
9.600000e-01	2.505267e-04
9.625000e-01	2.594689e-04
9.650000e-01	2.691137e-04
9.675000e-01	2.795401e-04
9.700000e-01	2.908385e-04
9.725000e-01	3.031128e-04
9.750000e-01	3.164832e-04
9.775000e-01	3.310890e-04
9.800000e-01	3.470924e-04
9.825000e-01	3.646832e-04
9.850000e-01	3.840849e-04
9.875000e-01	4.055617e-04
9.900000e-01	4.294276e-04
9.925000e-01	4.560586e-04
9.950000e-01	4.859073e-04
9.975000e-01	5.195223e-04
1.000000e+00	5.575739e-04
1.002500e+00	6.008869e-04
1.005000e+00	6.504852e-04
1.007500e+00	7.076511e-04
1.010000e+00	7.740062e-04
1.012500e+00	8.516224e-04
1.015000e+00	9.431765e-04
1.017500e+00	1.052168e-03
1.020000e+00	1.183231e-03
1.022500e+00	1.342583e-03
1.025000e+00	1.538682e-03
1.027500e+00	1.783197e-03
1.030000e+00	2.092443e-03
1.032500e+00	2.489485e-03
1.035000e+00	3.007133e-03
1.037500e+00	3.691817e-03
1.040000e+00	4.607279e-03
1.042500e+00	5.833379e-03
1.045000e+00	7.444937e-03
1.047500e+00	9.434772e-03
1.050000e+00	1.154024e-02
1.052500e+00	1.307958e-02
1.055000e+00	1.324991e-02
1.057500e+00	1.194740e-02
1.060000e+00	9.896494e-03
1.062500e+00	7.854146e-03
1.065000e+00	6.163778e-03
1.067500e+00	4.868440e-03
1.070000e+00	3.901315e-03
1.072500e+00	3.180712e-03
1.075000e+00	2.639101e-03
1.077500e+00	2.226703e-03
1.080000e+00	1.908225e-03
1.082500e+00	1.658866e-03
1.085000e+00	1.461127e-03
1.087500e+00	1.302533e-03
1.090000e+00	1.174077e-03
1.092500e+00	1.069169e-03
1.095000e+00	9.829249e-04
1.097500e+00	9.116764e-04
1.100000e+00	8.526397e-04
1.102500e+00	8.036802e-04
1.105000e+00	7.631470e-04
1.107500e+00	7.297553e-04
1.110000e+00	7.025010e-04
1.112500e+00	6.805984e-04
1.115000e+00	6.634346e-04
1.117500e+00	6.505358e-04
1.120000e+00	6.415426e-04
1.122500e+00	6.361917e-04
1.125000e+00	6.343028e-04
1.127500e+00	6.357702e-04
1.130000e+00	6.405565e-04
1.132500e+00	6.486908e-04
1.135000e+00	6.602685e-04
1.137500e+00	6.754543e-04
1.140000e+00	6.944879e-04
1.142500e+00	7.176933e-04
1.145000e+00	7.454915e-04
1.147500e+00	7.784182e-04
1.150000e+00	8.171476e-04
1.152500e+00	8.625240e-04
1.155000e+00	9.156038e-04
1.157500e+00	9.777118e-04
1.160000e+00	1.050517e-03
1.162500e+00	1.136136e-03
1.165000e+00	1.237271e-03
1.167500e+00	1.357409e-03
1.170000e+00	1.501091e-03
1.172500e+00	1.674301e-03
1.175000e+00	1.885024e-03
1.177500e+00	2.144053e-03
1.180000e+00	2.466181e-03
1.182500e+00	2.871958e-03
1.185000e+00	3.390288e-03
1.187500e+00	4.062201e-03
1.190000e+00	4.946040e-03
1.192500e+00	6.123565e-03
1.195000e+00	7.703527e-03
1.197500e+00	9.810009e-03
1.200000e+00	1.251968e-02
1.202500e+00	1.568023e-02
1.205000e+00	1.860558e-02
1.207500e+00	2.005589e-02
1.210000e+00	1.917864e-02
1.212500e+00	1.650844e-02
1.215000e+00	1.331433e-02
1.217500e+00	1.045557e-02
1.220000e+00	8.193433e-03
1.222500e+00	6.486998e-03
1.225000e+00	5.215068e-03
1.227500e+00	4.262585e-03
1.230000e+00	3.540811e-03
1.232500e+00	2.985872e-03
1.235000e+00	2.552770e-03
1.237500e+00	2.209847e-03
1.240000e+00	1.934654e-03
1.242500e+00	1.711085e-03
1.245000e+00	1.527424e-03
1.247500e+00	1.375030e-03
1.250000e+00	1.247446e-03
1.252500e+00	1.139780e-03
1.255000e+00	1.048282e-03
1.257500e+00	9.700450e-04
1.260000e+00	9.027922e-04
1.262500e+00	8.447225e-04
1.265000e+00	7.943993e-04
1.267500e+00	7.506682e-04
1.270000e+00	7.125947e-04
1.272500e+00	6.794189e-04
1.275000e+00	6.505194e-04
1.277500e+00	6.253875e-04
1.280000e+00	6.036054e-04
1.282500e+00	5.848312e-04
1.285000e+00	5.687859e-04
1.287500e+00	5.552444e-04
1.290000e+00	5.440276e-04
1.292500e+00	5.349975e-04
1.295000e+00	5.280526e-04
1.297500e+00	5.231261e-04
1.300000e+00	5.201834e-04
1.302500e+00	5.192225e-04
1.305000e+00	5.202745e-04
1.307500e+00	5.234055e-04
1.310000e+00	5.287198e-04
1.312500e+00	5.363652e-04
1.315000e+00	5.465393e-04
1.317500e+00	5.594991e-04
1.320000e+00	5.755733e-04
1.322500e+00	5.951789e-04
1.325000e+00	6.188432e-04
1.327500e+00	6.472338e-04
1.330000e+00	6.811987e-04
1.332500e+00	7.218211e-04
1.335000e+00	7.704948e-04
1.337500e+00	8.290302e-04
1.340000e+00	8.998024e-04
1.342500e+00	9.859636e-04
1.345000e+00	1.091750e-03
1.347500e+00	1.222932e-03
1.350000e+00	1.387474e-03
1.352500e+00	1.596515e-03
1.355000e+00	1.865810e-03
1.357500e+00	2.217770e-03
1.360000e+00	2.684123e-03
1.362500e+00	3.308460e-03
1.365000e+00	4.145507e-03
1.367500e+00	5.246910e-03
1.370000e+00	6.609150e-03
1.372500e+00	8.055290e-03
1.375000e+00	9.120911e-03
1.377500e+00	9.252229e-03
1.380000e+00	8.368738e-03
1.382500e+00	6.963336e-03
1.385000e+00	5.558746e-03
1.387500e+00	4.394578e-03
1.390000e+00	3.502205e-03
1.392500e+00	2.836203e-03
1.395000e+00	2.340436e-03
1.397500e+00	1.968378e-03
1.400000e+00	1.685713e-03
1.402500e+00	1.468111e-03
1.405000e+00	1.298482e-03
1.407500e+00	1.164781e-03
1.410000e+00	1.058433e-03
1.412500e+00	9.732605e-04
1.415000e+00	9.047605e-04
1.417500e+00	8.496111e-04
1.420000e+00	8.053380e-04
1.422500e+00	7.700847e-04
1.425000e+00	7.424523e-04
1.427500e+00	7.213880e-04
1.430000e+00	7.061052e-04
1.432500e+00	6.960284e-04
1.435000e+00	6.907534e-04
1.437500e+00	6.900204e-04
1.440000e+00	6.936964e-04
1.442500e+00	7.017651e-04
1.445000e+00	7.143237e-04
1.447500e+00	7.315849e-04
1.450000e+00	7.538860e-04
1.452500e+00	7.817042e-04
1.455000e+00	8.156803e-04
1.457500e+00	8.566524e-04
1.460000e+00	9.057026e-04
1.462500e+00	9.642215e-04
1.465000e+00	1.033997e-03
1.467500e+00	1.117339e-03
1.470000e+00	1.217249e-03
1.472500e+00	1.337663e-03
1.475000e+00	1.483798e-03
1.477500e+00	1.662652e-03
1.480000e+00	1.883726e-03
1.482500e+00	2.160104e-03
1.485000e+00	2.510031e-03
1.487500e+00	2.959255e-03
1.490000e+00	3.544384e-03
1.492500e+00	4.317386e-03
1.495000e+00	5.350429e-03
1.497500e+00	6.736959e-03
1.500000e+00	8.574956e-03
1.502500e+00	1.089588e-02
1.505000e+00	1.348326e-02
1.507500e+00	1.563408e-02
1.510000e+00	1.632061e-02
1.512500e+00	1.512347e-02
1.515000e+00	1.274435e-02
1.517500e+00	1.018519e-02
1.520000e+00	7.995166e-03
1.522500e+00	6.293895e-03
1.525000e+00	5.018110e-03
1.527500e+00	4.067240e-03
1.530000e+00	3.353425e-03
1.532500e+00	2.810682e-03
1.535000e+00	2.391940e-03
1.537500e+00	2.064099e-03
1.540000e+00	1.803839e-03
1.542500e+00	1.594577e-03
1.545000e+00	1.424372e-03
1.547500e+00	1.284512e-03
1.550000e+00	1.168549e-03
1.552500e+00	1.071650e-03
1.555000e+00	9.901439e-04
1.557500e+00	9.212148e-04
1.560000e+00	8.626766e-04
1.562500e+00	8.128176e-04
1.565000e+00	7.702865e-04
1.567500e+00	7.340096e-04
1.570000e+00	7.031297e-04
1.572500e+00	6.769600e-04
1.575000e+00	6.549503e-04
1.577500e+00	6.366611e-04
1.580000e+00	6.217441e-04
1.582500e+00	6.099276e-04
1.585000e+00	6.010055e-04
1.587500e+00	5.948294e-04
1.590000e+00	5.913031e-04
1.592500e+00	5.903788e-04
1.595000e+00	5.920561e-04
1.597500e+00	5.963821e-04
1.600000e+00	6.034527e-04
1.602500e+00	6.134177e-04
1.605000e+00	6.264857e-04
1.607500e+00	6.429341e-04
1.610000e+00	6.631198e-04
1.612500e+00	6.874965e-04
1.615000e+00	7.166354e-04
1.617500e+00	7.512539e-04
1.620000e+00	7.922540e-04
1.622500e+00	8.407735e-04
1.625000e+00	8.982554e-04
1.627500e+00	9.665427e-04
1.630000e+00	1.048010e-03
1.632500e+00	1.145748e-03
1.635000e+00	1.263820e-03
1.637500e+00	1.407641e-03
1.640000e+00	1.584511e-03
1.642500e+00	1.804415e-03
1.645000e+00	2.081190e-03
1.647500e+00	2.434263e-03
1.650000e+00	2.891175e-03
1.652500e+00	3.491110e-03
1.655000e+00	4.289233e-03
1.657500e+00	5.359959e-03
1.660000e+00	6.791828e-03
1.662500e+00	8.652274e-03
1.665000e+00	1.087685e-02
1.667500e+00	1.305825e-02
1.670000e+00	1.435358e-02
1.672500e+00	1.402855e-02
1.675000e+00	1.228333e-02
1.677500e+00	1.000443e-02
1.680000e+00	7.890240e-03
1.682500e+00	6.191687e-03
1.685000e+00	4.903464e-03
1.687500e+00	3.942486e-03
1.690000e+00	3.223738e-03
1.692500e+00	2.680168e-03
1.695000e+00	2.263135e-03
1.697500e+00	1.938308e-03
1.700000e+00	1.681546e-03
1.702500e+00	1.475762e-03
1.705000e+00	1.308724e-03
1.707500e+00	1.171553e-03
1.710000e+00	1.057718e-03
1.712500e+00	9.623461e-04
1.715000e+00	8.817542e-04
1.717500e+00	8.131226e-04
1.720000e+00	7.542676e-04
1.722500e+00	7.034797e-04
1.725000e+00	6.594067e-04
1.727500e+00	6.209688e-04
1.730000e+00	5.872965e-04
1.732500e+00	5.576838e-04
1.735000e+00	5.315530e-04
1.737500e+00	5.084287e-04
1.740000e+00	4.879164e-04
1.742500e+00	4.696877e-04
1.745000e+00	4.534670e-04
1.747500e+00	4.390227e-04
1.750000e+00	4.261589e-04
1.752500e+00	4.147094e-04
1.755000e+00	4.045328e-04
1.757500e+00	3.955088e-04
1.760000e+00	3.875345e-04
1.762500e+00	3.805223e-04
1.765000e+00	3.743974e-04
1.767500e+00	3.690960e-04
1.770000e+00	3.645645e-04
1.772500e+00	3.607574e-04
1.775000e+00	3.576371e-04
1.777500e+00	3.551728e-04
1.780000e+00	3.533399e-04
1.782500e+00	3.521198e-04
1.785000e+00	3.514989e-04
1.787500e+00	3.514691e-04
1.790000e+00	3.520269e-04
1.792500e+00	3.531740e-04
1.795000e+00	3.549168e-04
1.797500e+00	3.572668e-04
1.800000e+00	3.602407e-04
1.802500e+00	3.638605e-04
1.805000e+00	3.681541e-04
1.807500e+00	3.731560e-04
1.810000e+00	3.789074e-04
1.812500e+00	3.854574e-04
1.815000e+00	3.928639e-04
1.817500e+00	4.011947e-04
1.820000e+00	4.105292e-04
1.822500e+00	4.209597e-04
1.825000e+00	4.325941e-04
1.827500e+00	4.455582e-04
1.830000e+00	4.599988e-04
1.832500e+00	4.760882e-04
1.835000e+00	4.940286e-04
1.837500e+00	5.140585e-04
1.840000e+00	5.364603e-04
1.842500e+00	5.615698e-04
1.845000e+00	5.897885e-04
1.847500e+00	6.215994e-04
1.850000e+00	6.575867e-04
1.852500e+00	6.984623e-04
1.855000e+00	7.450996e-04
1.857500e+00	7.985791e-04
1.860000e+00	8.602491e-04
1.862500e+00	9.318073e-04
1.865000e+00	1.015413e-03
1.867500e+00	1.113842e-03
1.870000e+00	1.230705e-03
1.872500e+00	1.370755e-03
1.875000e+00	1.540333e-03
1.877500e+00	1.748014e-03
1.880000e+00	2.005557e-03
1.882500e+00	2.329312e-03
1.885000e+00	2.742291e-03
1.887500e+00	3.277174e-03
1.890000e+00	3.980382e-03
1.892500e+00	4.916722e-03
1.895000e+00	6.171460e-03
1.897500e+00	7.838709e-03
1.900000e+00	9.965837e-03
1.902500e+00	1.240104e-02
1.905000e+00	1.456096e-02
1.907500e+00	1.548266e-02
1.910000e+00	1.462018e-02
1.912500e+00	1.249878e-02
1.915000e+00	1.008370e-02
1.917500e+00	7.970125e-03
1.920000e+00	6.317423e-03
1.922500e+00	5.081034e-03
1.925000e+00	4.167571e-03
1.927500e+00	3.492003e-03
1.930000e+00	2.989862e-03
1.932500e+00	2.615365e-03
1.935000e+00	2.336848e-03
1.937500e+00	2.132770e-03
1.940000e+00	1.988832e-03
1.942500e+00	1.896093e-03
1.945000e+00	1.849857e-03
1.947500e+00	1.849171e-03
1.950000e+00	1.896830e-03
1.952500e+00	1.999913e-03
1.955000e+00	2.170853e-03
1.957500e+00	2.428992e-03
1.960000e+00	2.802054e-03
1.962500e+00	3.325204e-03
1.965000e+00	4.030417e-03
1.967500e+00	4.909249e-03
1.970000e+00	5.831694e-03
1.972500e+00	6.477522e-03
1.975000e+00	6.490706e-03
1.977500e+00	5.851191e-03
1.980000e+00	4.899432e-03
1.982500e+00	3.969192e-03
1.985000e+00	3.204943e-03
1.987500e+00	2.620958e-03
1.990000e+00	2.185651e-03
1.992500e+00	1.862153e-03
1.995000e+00	1.620358e-03
1.997500e+00	1.438199e-03
2.000000e+00	1.300107e-03
2.002500e+00	1.195216e-03
2.005000e+00	1.115951e-03
2.007500e+00	1.057023e-03
2.010000e+00	1.014760e-03
2.012500e+00	9.866507e-04
2.015000e+00	9.710532e-04
2.017500e+00	9.670097e-04
2.020000e+00	9.741357e-04
2.022500e+00	9.925695e-04
2.025000e+00	1.022971e-03
2.027500e+00	1.066571e-03
2.030000e+00	1.125269e-03
2.032500e+00	1.201807e-03
2.035000e+00	1.300032e-03
2.037500e+00	1.425289e-03
2.040000e+00	1.585011e-03
2.042500e+00	1.789605e-03
2.045000e+00	2.053750e-03
2.047500e+00	2.398324e-03
2.050000e+00	2.853108e-03
2.052500e+00	3.460198e-03
2.055000e+00	4.276925e-03
2.057500e+00	5.373309e-03
2.060000e+00	6.808798e-03
2.062500e+00	8.554313e-03
2.065000e+00	1.033123e-02
2.067500e+00	1.150156e-02
2.070000e+00	1.142162e-02
2.072500e+00	1.013807e-02
2.075000e+00	8.329784e-03
2.077500e+00	6.600814e-03
2.080000e+00	5.193437e-03
2.082500e+00	4.120578e-03
2.085000e+00	3.319134e-03
2.087500e+00	2.719834e-03
2.090000e+00	2.266957e-03
2.092500e+00	1.919811e-03
2.095000e+00	1.649616e-03
2.097500e+00	1.436139e-03
2.100000e+00	1.265075e-03
2.102500e+00	1.126197e-03
2.105000e+00	1.012098e-03
2.107500e+00	9.173336e-04
2.110000e+00	8.378511e-04
2.112500e+00	7.705899e-04
2.115000e+00	7.132103e-04
2.117500e+00	6.639022e-04
2.120000e+00	6.212497e-04
2.122500e+00	5.841334e-04
2.125000e+00	5.516600e-04
2.127500e+00	5.231102e-04
2.130000e+00	4.978999e-04
2.132500e+00	4.755512e-04
2.135000e+00	4.556701e-04
2.137500e+00	4.379298e-04
2.140000e+00	4.220575e-04
2.142500e+00	4.078242e-04
2.145000e+00	3.950366e-04
2.147500e+00	3.835305e-04
2.150000e+00	3.731665e-04
2.152500e+00	3.638249e-04
2.155000e+00	3.554033e-04
2.157500e+00	3.478134e-04
2.160000e+00	3.409787e-04
2.162500e+00	3.348335e-04
2.165000e+00	3.293203e-04
2.167500e+00	3.243897e-04
2.170000e+00	3.199983e-04
2.172500e+00	3.161089e-04
2.175000e+00	3.126889e-04
2.177500e+00	3.097102e-04
2.180000e+00	3.071489e-04
2.182500e+00	3.049840e-04
2.185000e+00	3.031981e-04
2.187500e+00	3.017766e-04
2.190000e+00	3.007072e-04
2.192500e+00	2.999803e-04
2.195000e+00	2.995885e-04
2.197500e+00	2.995265e-04
2.200000e+00	2.997910e-04
2.202500e+00	3.003808e-04
2.205000e+00	3.012966e-04
2.207500e+00	3.025411e-04
2.210000e+00	3.041187e-04
2.212500e+00	3.060363e-04
2.215000e+00	3.083024e-04
2.217500e+00	3.109280e-04
2.220000e+00	3.139262e-04
2.222500e+00	3.173129e-04
2.225000e+00	3.211065e-04
2.227500e+00	3.253282e-04
2.230000e+00	3.300030e-04
2.232500e+00	3.351590e-04
2.235000e+00	3.408289e-04
2.237500e+00	3.470498e-04
2.240000e+00	3.538642e-04
2.242500e+00	3.613208e-04
2.245000e+00	3.694757e-04
2.247500e+00	3.783931e-04
2.250000e+00	3.881474e-04
2.252500e+00	3.988251e-04
2.255000e+00	4.105270e-04
2.257500e+00	4.233721e-04
2.260000e+00	4.375014e-04
2.262500e+00	4.530842e-04
2.265000e+00	4.703264e-04
2.267500e+00	4.894814e-04
2.270000e+00	5.108662e-04
2.272500e+00	5.348845e-04
2.275000e+00	5.620569e-04
2.277500e+00	5.930623e-04
2.280000e+00	6.287778e-04
2.282500e+00	6.702819e-04
2.285000e+00	7.186926e-04
2.287500e+00	7.745375e-04
2.290000e+00	8.362954e-04
2.292500e+00	8.989628e-04
2.295000e+00	9.565029e-04
2.297500e+00	1.008983e-03
2.300000e+00	1.064058e-03
2.302500e+00	1.130236e-03
2.305000e+00	1.212962e-03
2.307500e+00	1.315678e-03
2.310000e+00	1.441721e-03
2.312500e+00	1.595482e-03
2.315000e+00	1.783120e-03
2.317500e+00	2.013257e-03
2.320000e+00	2.297903e-03
2.322500e+00	2.653838e-03
2.325000e+00	3.104671e-03
2.327500e+00	3.683862e-03
2.330000e+00	4.438961e-03
2.332500e+00	5.436856e-03
2.335000e+00	6.767907e-03
2.337500e+00	8.540458e-03
2.340000e+00	1.084046e-02
2.342500e+00	1.360266e-02
2.345000e+00	1.636185e-02
2.347500e+00	1.813432e-02
2.350000e+00	1.804830e-02
2.352500e+00	1.633943e-02
2.355000e+00	1.408877e-02
2.357500e+00	1.217553e-02
2.360000e+00	1.093395e-02
2.362500e+00	1.032776e-02
2.365000e+00	1.007563e-02
2.367500e+00	9.716662e-03
2.370000e+00	8.883362e-03
2.372500e+00	7.631271e-03
2.375000e+00	6.293667e-03
2.377500e+00	5.119218e-03
2.380000e+00	4.181173e-03
2.382500e+00	3.458491e-03
2.385000e+00	2.905240e-03
2.387500e+00	2.478609e-03
2.390000e+00	2.145425e-03
2.392500e+00	1.881520e-03
2.395000e+00	1.669591e-03
2.397500e+00	1.497238e-03
2.400000e+00	1.355494e-03
2.402500e+00	1.237792e-03
2.405000e+00	1.139259e-03
2.407500e+00	1.056231e-03
2.410000e+00	9.859235e-04
2.412500e+00	9.261962e-04
2.415000e+00	8.753955e-04
2.417500e+00	8.322381e-04
2.420000e+00	7.957315e-04
2.422500e+00	7.651173e-04
2.425000e+00	7.398331e-04
2.427500e+00	7.194899e-04
2.430000e+00	7.038624e-04
2.432500e+00	6.928930e-04
2.435000e+00	6.867124e-04
2.437500e+00	6.856782e-04
2.440000e+00	6.904364e-04
2.442500e+00	7.019995e-04
2.445000e+00	7.218016e-04
2.447500e+00	7.515815e-04
2.450000e+00	7.926582e-04
2.452500e+00	8.437272e-04
2.455000e+00	8.968751e-04
2.457500e+00	9.364619e-04
2.460000e+00	9.503506e-04
2.462500e+00	9.445339e-04
2.465000e+00	9.367263e-04
2.467500e+00	9.405208e-04
2.470000e+00	9.617042e-04
2.472500e+00	1.002149e-03
2.475000e+00	1.063165e-03
2.477500e+00	1.147068e-03
2.480000e+00	1.257902e-03
2.482500e+00	1.402025e-03
2.485000e+00	1.588902e-03
2.487500e+00	1.832318e-03
2.490000e+00	2.152174e-03
2.492500e+00	2.576976e-03
2.495000e+00	3.146633e-03
2.497500e+00	3.913583e-03
2.500000e+00	4.935143e-03
2.502500e+00	6.237992e-03
2.505000e+00	7.722334e-03
2.507500e+00	9.020132e-03
2.510000e+00	9.539793e-03
2.512500e+00	8.966501e-03
2.515000e+00	7.641260e-03
2.517500e+00	6.153130e-03
2.520000e+00	4.855785e-03
2.522500e+00	3.839980e-03
2.525000e+00	3.076011e-03
2.527500e+00	2.506215e-03
2.530000e+00	2.078532e-03
2.532500e+00	1.753439e-03
2.535000e+00	1.502642e-03
2.537500e+00	1.306227e-03
2.540000e+00	1.150175e-03
2.542500e+00	1.024527e-03
2.545000e+00	9.221243e-04
2.547500e+00	8.377485e-04
2.550000e+00	7.675446e-04
2.552500e+00	7.086264e-04
2.555000e+00	6.588060e-04
2.557500e+00	6.164060e-04
2.560000e+00	5.801276e-04
2.562500e+00	5.489565e-04
2.565000e+00	5.220958e-04
2.567500e+00	4.989171e-04
2.570000e+00	4.789255e-04
2.572500e+00	4.617339e-04
2.575000e+00	4.470461e-04
2.577500e+00	4.346447e-04
2.580000e+00	4.243859e-04
2.582500e+00	4.161988e-04
2.585000e+00	4.100922e-04
2.587500e+00	4.061678e-04
2.590000e+00	4.046451e-04
2.592500e+00	4.058986e-04
2.595000e+00	4.105095e-04
2.597500e+00	4.193226e-04
2.600000e+00	4.334590e-04
2.602500e+00	4.541307e-04
2.605000e+00	4.818917e-04
2.607500e+00	5.149716e-04
2.610000e+00	5.479507e-04
2.612500e+00	5.750652e-04
2.615000e+00	5.968939e-04
2.617500e+00	6.174611e-04
2.620000e+00	6.325149e-04
2.622500e+00	6.282013e-04
2.625000e+00	5.972995e-04
2.627500e+00	5.500202e-04
2.630000e+00	5.019833e-04
2.632500e+00	4.617900e-04
2.635000e+00	4.310996e-04
2.637500e+00	4.086148e-04
2.640000e+00	3.924803e-04
2.642500e+00	3.811035e-04
2.645000e+00	3.732955e-04
2.647500e+00	3.682124e-04
2.650000e+00	3.652652e-04
2.652500e+00	3.640446e-04
2.655000e+00	3.642670e-04
2.657500e+00	3.657373e-04
2.660000e+00	3.683236e-04
2.662500e+00	3.719404e-04
2.665000e+00	3.765377e-04
2.667500e+00	3.820929e-04
2.670000e+00	3.886064e-04
2.672500e+00	3.960984e-04
2.675000e+00	4.046071e-04
2.677500e+00	4.141883e-04
2.680000e+00	4.249153e-04
2.682500e+00	4.368799e-04
2.685000e+00	4.501944e-04
2.687500e+00	4.649938e-04
2.690000e+00	4.814393e-04
2.692500e+00	4.997228e-04
2.695000e+00	5.200725e-04
2.697500e+00	5.427601e-04
2.700000e+00	5.681104e-04
2.702500e+00	5.965128e-04
2.705000e+00	6.284371e-04
2.707500e+00	6.644535e-04
2.710000e+00	7.052586e-04
2.712500e+00	7.517106e-04
2.715000e+00	8.048755e-04
2.717500e+00	8.660904e-04
2.720000e+00	9.370500e-04
2.722500e+00	1.019926e-03
2.725000e+00	1.117538e-03
2.727500e+00	1.233588e-03
2.730000e+00	1.373009e-03
2.732500e+00	1.542458e-03
2.735000e+00	1.751012e-03
2.737500e+00	2.011136e-03
2.740000e+00	2.339836e-03
2.742500e+00	2.759608e-03
2.745000e+00	3.297775e-03
2.747500e+00	3.981634e-03
2.750000e+00	4.830098e-03
2.752500e+00	5.857803e-03
2.755000e+00	7.103061e-03
2.757500e+00	8.608008e-03
2.760000e+00	1.026905e-02
2.762500e+00	1.168034e-02
2.765000e+00	1.231599e-02
2.767500e+00	1.209882e-02
2.770000e+00	1.150176e-02
2.772500e+00	1.093798e-02
2.775000e+00	1.038095e-02
2.777500e+00	9.571174e-03
2.780000e+00	8.446444e-03
2.782500e+00	7.238831e-03
2.785000e+00	6.204153e-03
2.787500e+00	5.457171e-03
2.790000e+00	5.010888e-03
2.792500e+00	4.849739e-03
2.795000e+00	4.966860e-03
2.797500e+00	5.371077e-03
2.800000e+00	6.067419e-03
2.802500e+00	6.994692e-03
2.805000e+00	7.914292e-03
2.807500e+00	8.377703e-03
2.810000e+00	8.031148e-03
2.812500e+00	7.012553e-03
2.815000e+00	5.774512e-03
2.817500e+00	4.650002e-03
2.820000e+00	3.749269e-03
2.822500e+00	3.062167e-03
2.825000e+00	2.544235e-03
2.827500e+00	2.151831e-03
2.830000e+00	1.850873e-03
2.832500e+00	1.616658e-03
2.835000e+00	1.431696e-03
2.837500e+00	1.283627e-03
2.840000e+00	1.163651e-03
2.842500e+00	1.065428e-03
2.845000e+00	9.843313e-04
2.847500e+00	9.169402e-04
2.850000e+00	8.606977e-04
2.852500e+00	8.136731e-04
2.855000e+00	7.743992e-04
2.857500e+00	7.417581e-04
2.860000e+00	7.149015e-04
2.862500e+00	6.931940e-04
2.865000e+00	6.761747e-04
2.867500e+00	6.635308e-04
2.870000e+00	6.550828e-04
2.872500e+00	6.507770e-04
2.875000e+00	6.506885e-04
2.877500e+00	6.550317e-04
2.880000e+00	6.641828e-04
2.882500e+00	6.787161e-04
2.885000e+00	6.994606e-04
2.887500e+00	7.275829e-04
2.890000e+00	7.647113e-04
2.892500e+00	8.131113e-04
2.895000e+00	8.759271e-04
2.897500e+00	9.574639e-04
2.900000e+00	1.063376e-03
2.902500e+00	1.200279e-03
2.905000e+00	1.373652e-03
2.907500e+00	1.582760e-03
2.910000e+00	1.815404e-03
2.912500e+00	2.052106e-03
2.915000e+00	2.278566e-03
2.917500e+00	2.496194e-03
2.920000e+00	2.739959e-03
2.922500e+00	3.077972e-03
2.925000e+00	3.577780e-03
2.927500e+00	4.276909e-03
2.930000e+00	5.149727e-03
2.932500e+00	6.034840e-03
2.935000e+00	6.584274e-03
2.937500e+00	6.461995e-03
2.940000e+00	5.712092e-03
2.942500e+00	4.704631e-03
2.945000e+00	3.755791e-03
2.947500e+00	2.987308e-03
2.950000e+00	2.401851e-03
2.952500e+00	1.963870e-03
2.955000e+00	1.635572e-03
2.957500e+00	1.386800e-03
2.960000e+00	1.195573e-03
2.962500e+00	1.046346e-03
2.965000e+00	9.281752e-04
2.967500e+00	8.333093e-04
2.970000e+00	7.561969e-04
2.972500e+00	6.928081e-04
2.975000e+00	6.401767e-04
2.977500e+00	5.960895e-04
2.980000e+00	5.588734e-04
2.982500e+00	5.272478e-04
2.985000e+00	5.002220e-04
2.987500e+00	4.770211e-04
2.990000e+00	4.570337e-04
2.992500e+00	4.397736e-04
2.995000e+00	4.248514e-04
2.997500e+00	4.119538e-04
