#omega	spectral weight
-6.000000e+00	1.590792e-05
-5.997500e+00	1.591417e-05
-5.995000e+00	1.592041e-05
-5.992500e+00	1.592666e-05
-5.990000e+00	1.593292e-05
-5.987500e+00	1.593918e-05
-5.985000e+00	1.594544e-05
-5.982500e+00	1.595171e-05
-5.980000e+00	1.595798e-05
-5.977500e+00	1.596425e-05
-5.975000e+00	1.597053e-05
-5.972500e+00	1.597682e-05
-5.970000e+00	1.598310e-05
-5.967500e+00	1.598940e-05
-5.965000e+00	1.599569e-05
-5.962500e+00	1.600199e-05
-5.960000e+00	1.600830e-05
-5.957500e+00	1.601461e-05
-5.955000e+00	1.602092e-05
-5.952500e+00	1.602724e-05
-5.950000e+00	1.603356e-05
-5.947500e+00	1.603989e-05
-5.945000e+00	1.604622e-05
-5.942500e+00	1.605255e-05
-5.940000e+00	1.605889e-05
-5.937500e+00	1.606523e-05
-5.935000e+00	1.607158e-05
-5.932500e+00	1.607793e-05
-5.930000e+00	1.608429e-05
-5.927500e+00	1.609065e-05
-5.925000e+00	1.609701e-05
-5.922500e+00	1.610338e-05
-5.920000e+00	1.610975e-05
-5.917500e+00	1.611613e-05
-5.915000e+00	1.612251e-05
-5.912500e+00	1.612890e-05
-5.910000e+00	1.613529e-05
-5.907500e+00	1.614168e-05
-5.905000e+00	1.614808e-05
-5.902500e+00	1.615449e-05
-5.900000e+00	1.616089e-05
-5.897500e+00	1.616730e-05
-5.895000e+00	1.617372e-05
-5.892500e+00	1.618014e-05
-5.890000e+00	1.618657e-05
-5.887500e+00	1.619300e-05
-5.885000e+00	1.619943e-05
-5.882500e+00	1.620587e-05
-5.880000e+00	1.621231e-05
-5.877500e+00	1.621876e-05
-5.875000e+00	1.622521e-05
-5.872500e+00	1.623166e-05
-5.870000e+00	1.623812e-05
-5.867500e+00	1.624458e-05
-5.865000e+00	1.625105e-05
-5.862500e+00	1.625753e-05
-5.860000e+00	1.626400e-05
-5.857500e+00	1.627049e-05
-5.855000e+00	1.627697e-05
-5.852500e+00	1.628346e-05
-5.850000e+00	1.628996e-05
-5.847500e+00	1.629646e-05
-5.845000e+00	1.630296e-05
-5.842500e+00	1.630947e-05
-5.840000e+00	1.631598e-05
-5.837500e+00	1.632250e-05
-5.835000e+00	1.632902e-05
-5.832500e+00	1.633554e-05
-5.830000e+00	1.634207e-05
-5.827500e+00	1.634861e-05
-5.825000e+00	1.635515e-05
-5.822500e+00	1.636169e-05
-5.820000e+00	1.636824e-05
-5.817500e+00	1.637479e-05
-5.815000e+00	1.638135e-05
-5.812500e+00	1.638791e-05
-5.810000e+00	1.639448e-05
-5.807500e+00	1.640105e-05
-5.805000e+00	1.640762e-05
-5.802500e+00	1.641420e-05
-5.800000e+00	1.642079e-05
-5.797500e+00	1.642738e-05
-5.795000e+00	1.643397e-05
-5.792500e+00	1.644057e-05
-5.790000e+00	1.644717e-05
-5.787500e+00	1.645378e-05
-5.785000e+00	1.646039e-05
-5.782500e+00	1.646700e-05
-5.780000e+00	1.647362e-05
-5.777500e+00	1.648025e-05
-5.775000e+00	1.648688e-05
-5.772500e+00	1.649351e-05
-5.770000e+00	1.650015e-05
-5.767500e+00	1.650679e-05
-5.765000e+00	1.651344e-05
-5.762500e+00	1.652009e-05
-5.760000e+00	1.652675e-05
-5.757500e+00	1.653341e-05
-5.755000e+00	1.654008e-05
-5.752500e+00	1.654675e-05
-5.750000e+00	1.655342e-05
-5.747500e+00	1.656010e-05
-5.745000e+00	1.656679e-05
-5.742500e+00	1.657348e-05
-5.740000e+00	1.658017e-05
-5.737500e+00	1.658687e-05
-5.735000e+00	1.659357e-05
-5.732500e+00	1.660028e-05
-5.730000e+00	1.660699e-05
-5.727500e+00	1.661371e-05
-5.725000e+00	1.662043e-05
-5.722500e+00	1.662716e-05
-5.720000e+00	1.663389e-05
-5.717500e+00	1.664063e-05
-5.715000e+00	1.664737e-05
-5.712500e+00	1.665411e-05
-5.710000e+00	1.666086e-05
-5.707500e+00	1.666762e-05
-5.705000e+00	1.667438e-05
-5.702500e+00	1.668114e-05
-5.700000e+00	1.668791e-05
-5.697500e+00	1.669468e-05
-5.695000e+00	1.670146e-05
-5.692500e+00	1.670824e-05
-5.690000e+00	1.671503e-05
-5.687500e+00	1.672182e-05
-5.685000e+00	1.672862e-05
-5.682500e+00	1.673542e-05
-5.680000e+00	1.674223e-05
-5.677500e+00	1.674904e-05
-5.675000e+00	1.675585e-05
-5.672500e+00	1.676267e-05
-5.670000e+00	1.676950e-05
-5.667500e+00	1.677633e-05
-5.665000e+00	1.678316e-05
-5.662500e+00	1.679000e-05
-5.660000e+00	1.679685e-05
-5.657500e+00	1.680370e-05
-5.655000e+00	1.681055e-05
-5.652500e+00	1.681741e-05
-5.650000e+00	1.682428e-05
-5.647500e+00	1.683114e-05
-5.645000e+00	1.683802e-05
-5.642500e+00	1.684490e-05
-5.640000e+00	1.685178e-05
-5.637500e+00	1.685867e-05
-5.635000e+00	1.686556e-05
-5.632500e+00	1.687246e-05
-5.630000e+00	1.687936e-05
-5.627500e+00	1.688627e-05
-5.625000e+00	1.689318e-05
-5.622500e+00	1.690010e-05
-5.620000e+00	1.690702e-05
-5.617500e+00	1.691395e-05
-5.615000e+00	1.692088e-05
-5.612500e+00	1.692781e-05
-5.610000e+00	1.693476e-05
-5.607500e+00	1.694170e-05
-5.605000e+00	1.694865e-05
-5.602500e+00	1.695561e-05
-5.600000e+00	1.696257e-05
-5.597500e+00	1.696954e-05
-5.595000e+00	1.697651e-05
-5.592500e+00	1.698348e-05
-5.590000e+00	1.699047e-05
-5.587500e+00	1.699745e-05
-5.585000e+00	1.700444e-05
-5.582500e+00	1.701144e-05
-5.580000e+00	1.701844e-05
-5.577500e+00	1.702544e-05
-5.575000e+00	1.703246e-05
-5.572500e+00	1.703947e-05
-5.570000e+00	1.704649e-05
-5.567500e+00	1.705352e-05
-5.565000e+00	1.706055e-05
-5.562500e+00	1.706758e-05
-5.560000e+00	1.707462e-05
-5.557500e+00	1.708167e-05
-5.555000e+00	1.708872e-05
-5.552500e+00	1.709578e-05
-5.550000e+00	1.710284e-05
-5.547500e+00	1.710990e-05
-5.545000e+00	1.711697e-05
-5.542500e+00	1.712405e-05
-5.540000e+00	1.713113e-05
-5.537500e+00	1.713822e-05
-5.535000e+00	1.714531e-05
-5.532500e+00	1.715240e-05
-5.530000e+00	1.715951e-05
-5.527500e+00	1.716661e-05
-5.525000e+00	1.717372e-05
-5.522500e+00	1.718084e-05
-5.520000e+00	1.718796e-05
-5.517500e+00	1.719509e-05
-5.515000e+00	1.720222e-05
-5.512500e+00	1.720936e-05
-5.510000e+00	1.721650e-05
-5.507500e+00	1.722365e-05
-5.505000e+00	1.723080e-05
-5.502500e+00	1.723796e-05
-5.500000e+00	1.724512e-05
-5.497500e+00	1.725229e-05
-5.495000e+00	1.725946e-05
-5.492500e+00	1.726664e-05
-5.490000e+00	1.727382e-05
-5.487500e+00	1.728101e-05
-5.485000e+00	1.728820e-05
-5.482500e+00	1.729540e-05
-5.480000e+00	1.730261e-05
-5.477500e+00	1.730981e-05
-5.475000e+00	1.731703e-05
-5.472500e+00	1.732425e-05
-5.470000e+00	1.733147e-05
-5.467500e+00	1.733870e-05
-5.465000e+00	1.734594e-05
-5.462500e+00	1.735318e-05
-5.460000e+00	1.736043e-05
-5.457500e+00	1.736768e-05
-5.455000e+00	1.737493e-05
-5.452500e+00	1.738219e-05
-5.450000e+00	1.738946e-05
-5.447500e+00	1.739673e-05
-5.445000e+00	1.740401e-05
-5.442500e+00	1.741129e-05
-5.440000e+00	1.741858e-05
-5.437500e+00	1.742587e-05
-5.435000e+00	1.743317e-05
-5.432500e+00	1.744048e-05
-5.430000e+00	1.744779e-05
-5.427500e+00	1.745510e-05
-5.425000e+00	1.746242e-05
-5.422500e+00	1.746975e-05
-5.420000e+00	1.747708e-05
-5.417500e+00	1.748441e-05
-5.415000e+00	1.749175e-05
-5.412500e+00	1.749910e-05
-5.410000e+00	1.750645e-05
-5.407500e+00	1.751381e-05
-5.405000e+00	1.752117e-05
-5.402500e+00	1.752854e-05
-5.400000e+00	1.753591e-05
-5.397500e+00	1.754329e-05
-5.395000e+00	1.755068e-05
-5.392500e+00	1.755806e-05
-5.390000e+00	1.756546e-05
-5.387500e+00	1.757286e-05
-5.385000e+00	1.758027e-05
-5.382500e+00	1.758768e-05
-5.380000e+00	1.759509e-05
-5.377500e+00	1.760252e-05
-5.375000e+00	1.760994e-05
-5.372500e+00	1.761738e-05
-5.370000e+00	1.762482e-05
-5.367500e+00	1.763226e-05
-5.365000e+00	1.763971e-05
-5.362500e+00	1.764716e-05
-5.360000e+00	1.765462e-05
-5.357500e+00	1.766209e-05
-5.355000e+00	1.766956e-05
-5.352500e+00	1.767704e-05
-5.350000e+00	1.768452e-05
-5.347500e+00	1.769201e-05
-5.345000e+00	1.769950e-05
-5.342500e+00	1.770700e-05
-5.340000e+00	1.771451e-05
-5.337500e+00	1.772202e-05
-5.335000e+00	1.772953e-05
-5.332500e+00	1.773705e-05
-5.330000e+00	1.774458e-05
-5.327500e+00	1.775211e-05
-5.325000e+00	1.775965e-05
-5.322500e+00	1.776719e-05
-5.320000e+00	1.777474e-05
-5.317500e+00	1.778230e-05
-5.315000e+00	1.778986e-05
-5.312500e+00	1.779742e-05
-5.310000e+00	1.780500e-05
-5.307500e+00	1.781257e-05
-5.305000e+00	1.782016e-05
-5.302500e+00	1.782774e-05
-5.300000e+00	1.783534e-05
-5.297500e+00	1.784294e-05
-5.295000e+00	1.785054e-05
-5.292500e+00	1.785815e-05
-5.290000e+00	1.786577e-05
-5.287500e+00	1.787339e-05
-5.285000e+00	1.788102e-05
-5.282500e+00	1.788866e-05
-5.280000e+00	1.789630e-05
-5.277500e+00	1.790394e-05
-5.275000e+00	1.791159e-05
-5.272500e+00	1.791925e-05
-5.270000e+00	1.792691e-05
-5.267500e+00	1.793458e-05
-5.265000e+00	1.794225e-05
-5.262500e+00	1.794993e-05
-5.260000e+00	1.795762e-05
-5.257500e+00	1.796531e-05
-5.255000e+00	1.797301e-05
-5.252500e+00	1.798071e-05
-5.250000e+00	1.798842e-05
-5.247500e+00	1.799613e-05
-5.245000e+00	1.800385e-05
-5.242500e+00	1.801158e-05
-5.240000e+00	1.801931e-05
-5.237500e+00	1.802705e-05
-5.235000e+00	1.803479e-05
-5.232500e+00	1.804254e-05
-5.230000e+00	1.805029e-05
-5.227500e+00	1.805805e-05
-5.225000e+00	1.806582e-05
-5.222500e+00	1.807359e-05
-5.220000e+00	1.808137e-05
-5.217500e+00	1.808916e-05
-5.215000e+00	1.809695e-05
-5.212500e+00	1.810474e-05
-5.210000e+00	1.811254e-05
-5.207500e+00	1.812035e-05
-5.205000e+00	1.812817e-05
-5.202500e+00	1.813599e-05
-5.200000e+00	1.814381e-05
-5.197500e+00	1.815164e-05
-5.195000e+00	1.815948e-05
-5.192500e+00	1.816732e-05
-5.190000e+00	1.817517e-05
-5.187500e+00	1.818303e-05
-5.185000e+00	1.819089e-05
-5.182500e+00	1.819876e-05
-5.180000e+00	1.820663e-05
-5.177500e+00	1.821451e-05
-5.175000e+00	1.822239e-05
-5.172500e+00	1.823029e-05
-5.170000e+00	1.823818e-05
-5.167500e+00	1.824609e-05
-5.165000e+00	1.825400e-05
-5.162500e+00	1.826191e-05
-5.160000e+00	1.826983e-05
-5.157500e+00	1.827776e-05
-5.155000e+00	1.828569e-05
-5.152500e+00	1.829363e-05
-5.150000e+00	1.830158e-05
-5.147500e+00	1.830953e-05
-5.145000e+00	1.831749e-05
-5.142500e+00	1.832545e-05
-5.140000e+00	1.833342e-05
-5.137500e+00	1.834140e-05
-5.135000e+00	1.834938e-05
-5.132500e+00	1.835737e-05
-5.130000e+00	1.836536e-05
-5.127500e+00	1.837336e-05
-5.125000e+00	1.838137e-05
-5.122500e+00	1.838938e-05
-5.120000e+00	1.839740e-05
-5.117500e+00	1.840542e-05
-5.115000e+00	1.841346e-05
-5.112500e+00	1.842149e-05
-5.110000e+00	1.842954e-05
-5.107500e+00	1.843759e-05
-5.105000e+00	1.844564e-05
-5.102500e+00	1.845371e-05
-5.100000e+00	1.846177e-05
-5.097500e+00	1.846985e-05
-5.095000e+00	1.847793e-05
-5.092500e+00	1.848602e-05
-5.090000e+00	1.849411e-05
-5.087500e+00	1.850221e-05
-5.085000e+00	1.851032e-05
-5.082500e+00	1.851843e-05
-5.080000e+00	1.852655e-05
-5.077500e+00	1.853467e-05
-5.075000e+00	1.854280e-05
-5.072500e+00	1.855094e-05
-5.070000e+00	1.855908e-05
-5.067500e+00	1.856723e-05
-5.065000e+00	1.857539e-05
-5.062500e+00	1.858355e-05
-5.060000e+00	1.859172e-05
-5.057500e+00	1.859990e-05
-5.055000e+00	1.860808e-05
-5.052500e+00	1.861627e-05
-5.050000e+00	1.862446e-05
-5.047500e+00	1.863266e-05
-5.045000e+00	1.864087e-05
-5.042500e+00	1.864908e-05
-5.040000e+00	1.865730e-05
-5.037500e+00	1.866553e-05
-5.035000e+00	1.867376e-05
-5.032500e+00	1.868200e-05
-5.030000e+00	1.869025e-05
-5.027500e+00	1.869850e-05
-5.025000e+00	1.870676e-05
-5.022500e+00	1.871502e-05
-5.020000e+00	1.872329e-05
-5.017500e+00	1.873157e-05
-5.015000e+00	1.873986e-05
-5.012500e+00	1.874815e-05
-5.010000e+00	1.875645e-05
-5.007500e+00	1.876475e-05
-5.005000e+00	1.877306e-05
-5.002500e+00	1.878138e-05
-5.000000e+00	1.878970e-05
-4.997500e+00	1.879803e-05
-4.995000e+00	1.880637e-05
-4.992500e+00	1.881471e-05
-4.990000e+00	1.882306e-05
-4.987500e+00	1.883142e-05
-4.985000e+00	1.883978e-05
-4.982500e+00	1.884815e-05
-4.980000e+00	1.885653e-05
-4.977500e+00	1.886491e-05
-4.975000e+00	1.887330e-05
-4.972500e+00	1.888170e-05
-4.970000e+00	1.889010e-05
-4.967500e+00	1.889851e-05
-4.965000e+00	1.890692e-05
-4.962500e+00	1.891535e-05
-4.960000e+00	1.892378e-05
-4.957500e+00	1.893221e-05
-4.955000e+00	1.894066e-05
-4.952500e+00	1.894910e-05
-4.950000e+00	1.895756e-05
-4.947500e+00	1.896602e-05
-4.945000e+00	1.897449e-05
-4.942500e+00	1.898297e-05
-4.940000e+00	1.899145e-05
-4.937500e+00	1.899994e-05
-4.935000e+00	1.900844e-05
-4.932500e+00	1.901694e-05
-4.930000e+00	1.902545e-05
-4.927500e+00	1.903397e-05
-4.925000e+00	1.904249e-05
-4.922500e+00	1.905102e-05
-4.920000e+00	1.905956e-05
-4.917500e+00	1.906811e-05
-4.915000e+00	1.907666e-05
-4.912500e+00	1.908521e-05
-4.910000e+00	1.909378e-05
-4.907500e+00	1.910235e-05
-4.905000e+00	1.911093e-05
-4.902500e+00	1.911951e-05
-4.900000e+00	1.912811e-05
-4.897500e+00	1.913670e-05
-4.895000e+00	1.914531e-05
-4.892500e+00	1.915392e-05
-4.890000e+00	1.916254e-05
-4.887500e+00	1.917117e-05
-4.885000e+00	1.917980e-05
-4.882500e+00	1.918844e-05
-4.880000e+00	1.919709e-05
-4.877500e+00	1.920575e-05
-4.875000e+00	1.921441e-05
-4.872500e+00	1.922308e-05
-4.870000e+00	1.923175e-05
-4.867500e+00	1.924043e-05
-4.865000e+00	1.924912e-05
-4.862500e+00	1.925782e-05
-4.860000e+00	1.926652e-05
-4.857500e+00	1.927523e-05
-4.855000e+00	1.928395e-05
-4.852500e+00	1.929268e-05
-4.850000e+00	1.930141e-05
-4.847500e+00	1.931015e-05
-4.845000e+00	1.931889e-05
-4.842500e+00	1.932764e-05
-4.840000e+00	1.933640e-05
-4.837500e+00	1.934517e-05
-4.835000e+00	1.935395e-05
-4.832500e+00	1.936273e-05
-4.830000e+00	1.937151e-05
-4.827500e+00	1.938031e-05
-4.825000e+00	1.938911e-05
-4.822500e+00	1.939792e-05
-4.820000e+00	1.940674e-05
-4.817500e+00	1.941556e-05
-4.815000e+00	1.942440e-05
-4.812500e+00	1.943323e-05
-4.810000e+00	1.944208e-05
-4.807500e+00	1.945093e-05
-4.805000e+00	1.945979e-05
-4.802500e+00	1.946866e-05
-4.800000e+00	1.947754e-05
-4.797500e+00	1.948642e-05
-4.795000e+00	1.949531e-05
-4.792500e+00	1.950420e-05
-4.790000e+00	1.951311e-05
-4.787500e+00	1.952202e-05
-4.785000e+00	1.953094e-05
-4.782500e+00	1.953986e-05
-4.780000e+00	1.954880e-05
-4.777500e+00	1.955774e-05
-4.775000e+00	1.956669e-05
-4.772500e+00	1.957564e-05
-4.770000e+00	1.958460e-05
-4.767500e+00	1.959357e-05
-4.765000e+00	1.960255e-05
-4.762500e+00	1.961153e-05
-4.760000e+00	1.962053e-05
-4.757500e+00	1.962953e-05
-4.755000e+00	1.963853e-05
-4.752500e+00	1.964755e-05
-4.750000e+00	1.965657e-05
-4.747500e+00	1.966560e-05
-4.745000e+00	1.967464e-05
-4.742500e+00	1.968368e-05
-4.740000e+00	1.969273e-05
-4.737500e+00	1.970179e-05
-4.735000e+00	1.971086e-05
-4.732500e+00	1.971993e-05
-4.730000e+00	1.972901e-05
-4.727500e+00	1.973810e-05
-4.725000e+00	1.974720e-05
-4.722500e+00	1.975630e-05
-4.720000e+00	1.976542e-05
-4.717500e+00	1.977454e-05
-4.715000e+00	1.978366e-05
-4.712500e+00	1.979280e-05
-4.710000e+00	1.980194e-05
-4.707500e+00	1.981109e-05
-4.705000e+00	1.982025e-05
-4.702500e+00	1.982941e-05
-4.700000e+00	1.983859e-05
-4.697500e+00	1.984777e-05
-4.695000e+00	1.985695e-05
-4.692500e+00	1.986615e-05
-4.690000e+00	1.987535e-05
-4.687500e+00	1.988457e-05
-4.685000e+00	1.989378e-05
-4.682500e+00	1.990301e-05
-4.680000e+00	1.991225e-05
-4.677500e+00	1.992149e-05
-4.675000e+00	1.993074e-05
-4.672500e+00	1.994000e-05
-4.670000e+00	1.994926e-05
-4.667500e+00	1.995853e-05
-4.665000e+00	1.996782e-05
-4.662500e+00	1.997710e-05
-4.660000e+00	1.998640e-05
-4.657500e+00	1.999571e-05
-4.655000e+00	2.000502e-05
-4.652500e+00	2.001434e-05
-4.650000e+00	2.002367e-05
-4.647500e+00	2.003300e-05
-4.645000e+00	2.004235e-05
-4.642500e+00	2.005170e-05
-4.640000e+00	2.006106e-05
-4.637500e+00	2.007042e-05
-4.635000e+00	2.007980e-05
-4.632500e+00	2.008918e-05
-4.630000e+00	2.009858e-05
-4.627500e+00	2.010797e-05
-4.625000e+00	2.011738e-05
-4.622500e+00	2.012680e-05
-4.620000e+00	2.013622e-05
-4.617500e+00	2.014565e-05
-4.615000e+00	2.015509e-05
-4.612500e+00	2.016454e-05
-4.610000e+00	2.017399e-05
-4.607500e+00	2.018346e-05
-4.605000e+00	2.019293e-05
-4.602500e+00	2.020241e-05
-4.600000e+00	2.021190e-05
-4.597500e+00	2.022139e-05
-4.595000e+00	2.023090e-05
-4.592500e+00	2.024041e-05
-4.590000e+00	2.024993e-05
-4.587500e+00	2.025946e-05
-4.585000e+00	2.026899e-05
-4.582500e+00	2.027854e-05
-4.580000e+00	2.028809e-05
-4.577500e+00	2.029765e-05
-4.575000e+00	2.030722e-05
-4.572500e+00	2.031680e-05
-4.570000e+00	2.032638e-05
-4.567500e+00	2.033598e-05
-4.565000e+00	2.034558e-05
-4.562500e+00	2.035519e-05
-4.560000e+00	2.036481e-05
-4.557500e+00	2.037443e-05
-4.555000e+00	2.038407e-05
-4.552500e+00	2.039371e-05
-4.550000e+00	2.040336e-05
-4.547500e+00	2.041302e-05
-4.545000e+00	2.042269e-05
-4.542500e+00	2.043237e-05
-4.540000e+00	2.044205e-05
-4.537500e+00	2.045175e-05
-4.535000e+00	2.046145e-05
-4.532500e+00	2.047116e-05
-4.530000e+00	2.048088e-05
-4.527500e+00	2.049060e-05
-4.525000e+00	2.050034e-05
-4.522500e+00	2.051008e-05
-4.520000e+00	2.051983e-05
-4.517500e+00	2.052960e-05
-4.515000e+00	2.053936e-05
-4.512500e+00	2.054914e-05
-4.510000e+00	2.055893e-05
-4.507500e+00	2.056872e-05
-4.505000e+00	2.057853e-05
-4.502500e+00	2.058834e-05
-4.500000e+00	2.059816e-05
-4.497500e+00	2.060799e-05
-4.495000e+00	2.061783e-05
-4.492500e+00	2.062767e-05
-4.490000e+00	2.063753e-05
-4.487500e+00	2.064739e-05
-4.485000e+00	2.065726e-05
-4.482500e+00	2.066714e-05
-4.480000e+00	2.067703e-05
-4.477500e+00	2.068693e-05
-4.475000e+00	2.069684e-05
-4.472500e+00	2.070675e-05
-4.470000e+00	2.071667e-05
-4.467500e+00	2.072661e-05
-4.465000e+00	2.073655e-05
-4.462500e+00	2.074650e-05
-4.460000e+00	2.075646e-05
-4.457500e+00	2.076643e-05
-4.455000e+00	2.077640e-05
-4.452500e+00	2.078639e-05
-4.450000e+00	2.079638e-05
-4.447500e+00	2.080638e-05
-4.445000e+00	2.081640e-05
-4.442500e+00	2.082642e-05
-4.440000e+00	2.083644e-05
-4.437500e+00	2.084648e-05
-4.435000e+00	2.085653e-05
-4.432500e+00	2.086659e-05
-4.430000e+00	2.087665e-05
-4.427500e+00	2.088672e-05
-4.425000e+00	2.089681e-05
-4.422500e+00	2.090690e-05
-4.420000e+00	2.091700e-05
-4.417500e+00	2.092711e-05
-4.415000e+00	2.093723e-05
-4.412500e+00	2.094735e-05
-4.410000e+00	2.095749e-05
-4.407500e+00	2.096764e-05
-4.405000e+00	2.097779e-05
-4.402500e+00	2.098796e-05
-4.400000e+00	2.099813e-05
-4.397500e+00	2.100831e-05
-4.395000e+00	2.101850e-05
-4.392500e+00	2.102870e-05
-4.390000e+00	2.103891e-05
-4.387500e+00	2.104913e-05
-4.385000e+00	2.105935e-05
-4.382500e+00	2.106959e-05
-4.380000e+00	2.107984e-05
-4.377500e+00	2.109009e-05
-4.375000e+00	2.110036e-05
-4.372500e+00	2.111063e-05
-4.370000e+00	2.112091e-05
-4.367500e+00	2.113120e-05
-4.365000e+00	2.114150e-05
-4.362500e+00	2.115181e-05
-4.360000e+00	2.116213e-05
-4.357500e+00	2.117246e-05
-4.355000e+00	2.118280e-05
-4.352500e+00	2.119315e-05
-4.350000e+00	2.120350e-05
-4.347500e+00	2.121387e-05
-4.345000e+00	2.122425e-05
-4.342500e+00	2.123463e-05
-4.340000e+00	2.124503e-05
-4.337500e+00	2.125543e-05
-4.335000e+00	2.126584e-05
-4.332500e+00	2.127626e-05
-4.330000e+00	2.128670e-05
-4.327500e+00	2.129714e-05
-4.325000e+00	2.130759e-05
-4.322500e+00	2.131805e-05
-4.320000e+00	2.132852e-05
-4.317500e+00	2.133900e-05
-4.315000e+00	2.134949e-05
-4.312500e+00	2.135998e-05
-4.310000e+00	2.137049e-05
-4.307500e+00	2.138101e-05
-4.305000e+00	2.139154e-05
-4.302500e+00	2.140207e-05
-4.300000e+00	2.141262e-05
-4.297500e+00	2.142318e-05
-4.295000e+00	2.143374e-05
-4.292500e+00	2.144432e-05
-4.290000e+00	2.145490e-05
-4.287500e+00	2.146550e-05
-4.285000e+00	2.147610e-05
-4.282500e+00	2.148671e-05
-4.280000e+00	2.149734e-05
-4.277500e+00	2.150797e-05
-4.275000e+00	2.151861e-05
-4.272500e+00	2.152927e-05
-4.270000e+00	2.153993e-05
-4.267500e+00	2.155060e-05
-4.265000e+00	2.156129e-05
-4.262500e+00	2.157198e-05
-4.260000e+00	2.158268e-05
-4.257500e+00	2.159339e-05
-4.255000e+00	2.160411e-05
-4.252500e+00	2.161485e-05
-4.250000e+00	2.162559e-05
-4.247500e+00	2.163634e-05
-4.245000e+00	2.164710e-05
-4.242500e+00	2.165787e-05
-4.240000e+00	2.166865e-05
-4.237500e+00	2.167944e-05
-4.235000e+00	2.169025e-05
-4.232500e+00	2.170106e-05
-4.230000e+00	2.171188e-05
-4.227500e+00	2.172271e-05
-4.225000e+00	2.173355e-05
-4.222500e+00	2.174440e-05
-4.220000e+00	2.175527e-05
-4.217500e+00	2.176614e-05
-4.215000e+00	2.177702e-05
-4.212500e+00	2.178791e-05
-4.210000e+00	2.179881e-05
-4.207500e+00	2.180973e-05
-4.205000e+00	2.182065e-05
-4.202500e+00	2.183158e-05
-4.200000e+00	2.184253e-05
-4.197500e+00	2.185348e-05
-4.195000e+00	2.186444e-05
-4.192500e+00	2.187542e-05
-4.190000e+00	2.188640e-05
-4.187500e+00	2.189739e-05
-4.185000e+00	2.190840e-05
-4.182500e+00	2.191941e-05
-4.180000e+00	2.193044e-05
-4.177500e+00	2.194148e-05
-4.175000e+00	2.195252e-05
-4.172500e+00	2.196358e-05
-4.170000e+00	2.197465e-05
-4.167500e+00	2.198572e-05
-4.165000e+00	2.199681e-05
-4.162500e+00	2.200791e-05
-4.160000e+00	2.201902e-05
-4.157500e+00	2.203014e-05
-4.155000e+00	2.204127e-05
-4.152500e+00	2.205241e-05
-4.150000e+00	2.206356e-05
-4.147500e+00	2.207472e-05
-4.145000e+00	2.208589e-05
-4.142500e+00	2.209707e-05
-4.140000e+00	2.210827e-05
-4.137500e+00	2.211947e-05
-4.135000e+00	2.213069e-05
-4.132500e+00	2.214191e-05
-4.130000e+00	2.215315e-05
-4.127500e+00	2.216439e-05
-4.125000e+00	2.217565e-05
-4.122500e+00	2.218692e-05
-4.120000e+00	2.219820e-05
-4.117500e+00	2.220949e-05
-4.115000e+00	2.222079e-05
-4.112500e+00	2.223210e-05
-4.110000e+00	2.224342e-05
-4.107500e+00	2.225475e-05
-4.105000e+00	2.226610e-05
-4.102500e+00	2.227745e-05
-4.100000e+00	2.228882e-05
-4.097500e+00	2.230019e-05
-4.095000e+00	2.231158e-05
-4.092500e+00	2.232298e-05
-4.090000e+00	2.233439e-05
-4.087500e+00	2.234581e-05
-4.085000e+00	2.235724e-05
-4.082500e+00	2.236868e-05
-4.080000e+00	2.238013e-05
-4.077500e+00	2.239160e-05
-4.075000e+00	2.240307e-05
-4.072500e+00	2.241456e-05
-4.070000e+00	2.242606e-05
-4.067500e+00	2.243756e-05
-4.065000e+00	2.244908e-05
-4.062500e+00	2.246061e-05
-4.060000e+00	2.247216e-05
-4.057500e+00	2.248371e-05
-4.055000e+00	2.249527e-05
-4.052500e+00	2.250685e-05
-4.050000e+00	2.251844e-05
-4.047500e+00	2.253003e-05
-4.045000e+00	2.254164e-05
-4.042500e+00	2.255326e-05
-4.040000e+00	2.256489e-05
-4.037500e+00	2.257654e-05
-4.035000e+00	2.258819e-05
-4.032500e+00	2.259986e-05
-4.030000e+00	2.261154e-05
-4.027500e+00	2.262322e-05
-4.025000e+00	2.263492e-05
-4.022500e+00	2.264664e-05
-4.020000e+00	2.265836e-05
-4.017500e+00	2.267009e-05
-4.015000e+00	2.268184e-05
-4.012500e+00	2.269360e-05
-4.010000e+00	2.270537e-05
-4.007500e+00	2.271715e-05
-4.005000e+00	2.272894e-05
-4.002500e+00	2.274074e-05
-4.000000e+00	2.275256e-05
-3.997500e+00	2.276438e-05
-3.995000e+00	2.277622e-05
-3.992500e+00	2.278807e-05
-3.990000e+00	2.279994e-05
-3.987500e+00	2.281181e-05
-3.985000e+00	2.282369e-05
-3.982500e+00	2.283559e-05
-3.980000e+00	2.284750e-05
-3.977500e+00	2.285942e-05
-3.975000e+00	2.287135e-05
-3.972500e+00	2.288330e-05
-3.970000e+00	2.289525e-05
-3.967500e+00	2.290722e-05
-3.965000e+00	2.291920e-05
-3.962500e+00	2.293119e-05
-3.960000e+00	2.294320e-05
-3.957500e+00	2.295521e-05
-3.955000e+00	2.296724e-05
-3.952500e+00	2.297928e-05
-3.950000e+00	2.299133e-05
-3.947500e+00	2.300340e-05
-3.945000e+00	2.301547e-05
-3.942500e+00	2.302756e-05
-3.940000e+00	2.303966e-05
-3.937500e+00	2.305177e-05
-3.935000e+00	2.306389e-05
-3.932500e+00	2.307603e-05
-3.930000e+00	2.308818e-05
-3.927500e+00	2.310034e-05
-3.925000e+00	2.311251e-05
-3.922500e+00	2.312470e-05
-3.920000e+00	2.313689e-05
-3.917500e+00	2.314910e-05
-3.915000e+00	2.316133e-05
-3.912500e+00	2.317356e-05
-3.910000e+00	2.318581e-05
-3.907500e+00	2.319806e-05
-3.905000e+00	2.321034e-05
-3.902500e+00	2.322262e-05
-3.900000e+00	2.323491e-05
-3.897500e+00	2.324722e-05
-3.895000e+00	2.325954e-05
-3.892500e+00	2.327188e-05
-3.890000e+00	2.328422e-05
-3.887500e+00	2.329658e-05
-3.885000e+00	2.330895e-05
-3.882500e+00	2.332133e-05
-3.880000e+00	2.333373e-05
-3.877500e+00	2.334614e-05
-3.875000e+00	2.335856e-05
-3.872500e+00	2.337099e-05
-3.870000e+00	2.338344e-05
-3.867500e+00	2.339590e-05
-3.865000e+00	2.340837e-05
-3.862500e+00	2.342086e-05
-3.860000e+00	2.343335e-05
-3.857500e+00	2.344586e-05
-3.855000e+00	2.345839e-05
-3.852500e+00	2.347092e-05
-3.850000e+00	2.348347e-05
-3.847500e+00	2.349603e-05
-3.845000e+00	2.350861e-05
-3.842500e+00	2.352119e-05
-3.840000e+00	2.353379e-05
-3.837500e+00	2.354641e-05
-3.835000e+00	2.355903e-05
-3.832500e+00	2.357167e-05
-3.830000e+00	2.358432e-05
-3.827500e+00	2.359699e-05
-3.825000e+00	2.360967e-05
-3.822500e+00	2.362236e-05
-3.820000e+00	2.363506e-05
-3.817500e+00	2.364778e-05
-3.815000e+00	2.366051e-05
-3.812500e+00	2.367325e-05
-3.810000e+00	2.368601e-05
-3.807500e+00	2.369878e-05
-3.805000e+00	2.371157e-05
-3.802500e+00	2.372436e-05
-3.800000e+00	2.373717e-05
-3.797500e+00	2.375000e-05
-3.795000e+00	2.376283e-05
-3.792500e+00	2.377568e-05
-3.790000e+00	2.378855e-05
-3.787500e+00	2.380142e-05
-3.785000e+00	2.381431e-05
-3.782500e+00	2.382722e-05
-3.780000e+00	2.384013e-05
-3.777500e+00	2.385306e-05
-3.775000e+00	2.386601e-05
-3.772500e+00	2.387897e-05
-3.770000e+00	2.389194e-05
-3.767500e+00	2.390492e-05
-3.765000e+00	2.391792e-05
-3.762500e+00	2.393093e-05
-3.760000e+00	2.394396e-05
-3.757500e+00	2.395700e-05
-3.755000e+00	2.397005e-05
-3.752500e+00	2.398312e-05
-3.750000e+00	2.399620e-05
-3.747500e+00	2.400929e-05
-3.745000e+00	2.402240e-05
-3.742500e+00	2.403553e-05
-3.740000e+00	2.404866e-05
-3.737500e+00	2.406181e-05
-3.735000e+00	2.407498e-05
-3.732500e+00	2.408815e-05
-3.730000e+00	2.410135e-05
-3.727500e+00	2.411455e-05
-3.725000e+00	2.412777e-05
-3.722500e+00	2.414101e-05
-3.720000e+00	2.415425e-05
-3.717500e+00	2.416752e-05
-3.715000e+00	2.418079e-05
-3.712500e+00	2.419408e-05
-3.710000e+00	2.420739e-05
-3.707500e+00	2.422070e-05
-3.705000e+00	2.423404e-05
-3.702500e+00	2.424738e-05
-3.700000e+00	2.426075e-05
-3.697500e+00	2.427412e-05
-3.695000e+00	2.428751e-05
-3.692500e+00	2.430092e-05
-3.690000e+00	2.431433e-05
-3.687500e+00	2.432777e-05
-3.685000e+00	2.434122e-05
-3.682500e+00	2.435468e-05
-3.680000e+00	2.436815e-05
-3.677500e+00	2.438164e-05
-3.675000e+00	2.439515e-05
-3.672500e+00	2.440867e-05
-3.670000e+00	2.442220e-05
-3.667500e+00	2.443575e-05
-3.665000e+00	2.444932e-05
-3.662500e+00	2.446290e-05
-3.660000e+00	2.447649e-05
-3.657500e+00	2.449010e-05
-3.655000e+00	2.450372e-05
-3.652500e+00	2.451736e-05
-3.650000e+00	2.453101e-05
-3.647500e+00	2.454468e-05
-3.645000e+00	2.455836e-05
-3.642500e+00	2.457206e-05
-3.640000e+00	2.458577e-05
-3.637500e+00	2.459949e-05
-3.635000e+00	2.461324e-05
-3.632500e+00	2.462699e-05
-3.630000e+00	2.464076e-05
-3.627500e+00	2.465455e-05
-3.625000e+00	2.466835e-05
-3.622500e+00	2.468217e-05
-3.620000e+00	2.469600e-05
-3.617500e+00	2.470985e-05
-3.615000e+00	2.472371e-05
-3.612500e+00	2.473759e-05
-3.610000e+00	2.475148e-05
-3.607500e+00	2.476539e-05
-3.605000e+00	2.477931e-05
-3.602500e+00	2.479325e-05
-3.600000e+00	2.480720e-05
-3.597500e+00	2.482117e-05
-3.595000e+00	2.483516e-05
-3.592500e+00	2.484916e-05
-3.590000e+00	2.486317e-05
-3.587500e+00	2.487720e-05
-3.585000e+00	2.489125e-05
-3.582500e+00	2.490531e-05
-3.580000e+00	2.491939e-05
-3.577500e+00	2.493348e-05
-3.575000e+00	2.494759e-05
-3.572500e+00	2.496172e-05
-3.570000e+00	2.497586e-05
-3.567500e+00	2.499001e-05
-3.565000e+00	2.500418e-05
-3.562500e+00	2.501837e-05
-3.560000e+00	2.503258e-05
-3.557500e+00	2.504679e-05
-3.555000e+00	2.506103e-05
-3.552500e+00	2.507528e-05
-3.550000e+00	2.508955e-05
-3.547500e+00	2.510383e-05
-3.545000e+00	2.511813e-05
-3.542500e+00	2.513244e-05
-3.540000e+00	2.514678e-05
-3.537500e+00	2.516112e-05
-3.535000e+00	2.517549e-05
-3.532500e+00	2.518987e-05
-3.530000e+00	2.520426e-05
-3.527500e+00	2.521867e-05
-3.525000e+00	2.523310e-05
-3.522500e+00	2.524754e-05
-3.520000e+00	2.526201e-05
-3.517500e+00	2.527648e-05
-3.515000e+00	2.529098e-05
-3.512500e+00	2.530549e-05
-3.510000e+00	2.532001e-05
-3.507500e+00	2.533455e-05
-3.505000e+00	2.534911e-05
-3.502500e+00	2.536369e-05
-3.500000e+00	2.537828e-05
-3.497500e+00	2.539289e-05
-3.495000e+00	2.540751e-05
-3.492500e+00	2.542216e-05
-3.490000e+00	2.543681e-05
-3.487500e+00	2.545149e-05
-3.485000e+00	2.546618e-05
-3.482500e+00	2.548089e-05
-3.480000e+00	2.549562e-05
-3.477500e+00	2.551036e-05
-3.475000e+00	2.552512e-05
-3.472500e+00	2.553990e-05
-3.470000e+00	2.555469e-05
-3.467500e+00	2.556950e-05
-3.465000e+00	2.558433e-05
-3.462500e+00	2.559917e-05
-3.460000e+00	2.561403e-05
-3.457500e+00	2.562891e-05
-3.455000e+00	2.564381e-05
-3.452500e+00	2.565872e-05
-3.450000e+00	2.567365e-05
-3.447500e+00	2.568860e-05
-3.445000e+00	2.570356e-05
-3.442500e+00	2.571854e-05
-3.440000e+00	2.573354e-05
-3.437500e+00	2.574856e-05
-3.435000e+00	2.576359e-05
-3.432500e+00	2.577864e-05
-3.430000e+00	2.579371e-05
-3.427500e+00	2.580880e-05
-3.425000e+00	2.582390e-05
-3.422500e+00	2.583902e-05
-3.420000e+00	2.585416e-05
-3.417500e+00	2.586932e-05
-3.415000e+00	2.588449e-05
-3.412500e+00	2.589969e-05
-3.410000e+00	2.591490e-05
-3.407500e+00	2.593012e-05
-3.405000e+00	2.594537e-05
-3.402500e+00	2.596063e-05
-3.400000e+00	2.597591e-05
-3.397500e+00	2.599121e-05
-3.395000e+00	2.600653e-05
-3.392500e+00	2.602186e-05
-3.390000e+00	2.603722e-05
-3.387500e+00	2.605259e-05
-3.385000e+00	2.606798e-05
-3.382500e+00	2.608339e-05
-3.380000e+00	2.609881e-05
-3.377500e+00	2.611426e-05
-3.375000e+00	2.612972e-05
-3.372500e+00	2.614520e-05
-3.370000e+00	2.616070e-05
-3.367500e+00	2.617622e-05
-3.365000e+00	2.619175e-05
-3.362500e+00	2.620731e-05
-3.360000e+00	2.622288e-05
-3.357500e+00	2.623847e-05
-3.355000e+00	2.625408e-05
-3.352500e+00	2.626971e-05
-3.350000e+00	2.628535e-05
-3.347500e+00	2.630102e-05
-3.345000e+00	2.631670e-05
-3.342500e+00	2.633241e-05
-3.340000e+00	2.634813e-05
-3.337500e+00	2.636387e-05
-3.335000e+00	2.637963e-05
-3.332500e+00	2.639541e-05
-3.330000e+00	2.641120e-05
-3.327500e+00	2.642702e-05
-3.325000e+00	2.644286e-05
-3.322500e+00	2.645871e-05
-3.320000e+00	2.647458e-05
-3.317500e+00	2.649048e-05
-3.315000e+00	2.650639e-05
-3.312500e+00	2.652232e-05
-3.310000e+00	2.653827e-05
-3.307500e+00	2.655424e-05
-3.305000e+00	2.657023e-05
-3.302500e+00	2.658623e-05
-3.300000e+00	2.660226e-05
-3.297500e+00	2.661831e-05
-3.295000e+00	2.663438e-05
-3.292500e+00	2.665046e-05
-3.290000e+00	2.666657e-05
-3.287500e+00	2.668269e-05
-3.285000e+00	2.669884e-05
-3.282500e+00	2.671500e-05
-3.280000e+00	2.673119e-05
-3.277500e+00	2.674739e-05
-3.275000e+00	2.676361e-05
-3.272500e+00	2.677986e-05
-3.270000e+00	2.679612e-05
-3.267500e+00	2.681240e-05
-3.265000e+00	2.682871e-05
-3.262500e+00	2.684503e-05
-3.260000e+00	2.686137e-05
-3.257500e+00	2.687774e-05
-3.255000e+00	2.689412e-05
-3.252500e+00	2.691053e-05
-3.250000e+00	2.692695e-05
-3.247500e+00	2.694340e-05
-3.245000e+00	2.695986e-05
-3.242500e+00	2.697634e-05
-3.240000e+00	2.699285e-05
-3.237500e+00	2.700938e-05
-3.235000e+00	2.702592e-05
-3.232500e+00	2.704249e-05
-3.230000e+00	2.705908e-05
-3.227500e+00	2.707569e-05
-3.225000e+00	2.709231e-05
-3.222500e+00	2.710896e-05
-3.220000e+00	2.712563e-05
-3.217500e+00	2.714233e-05
-3.215000e+00	2.715904e-05
-3.212500e+00	2.717577e-05
-3.210000e+00	2.719252e-05
-3.207500e+00	2.720930e-05
-3.205000e+00	2.722609e-05
-3.202500e+00	2.724291e-05
-3.200000e+00	2.725975e-05
-3.197500e+00	2.727661e-05
-3.195000e+00	2.729349e-05
-3.192500e+00	2.731039e-05
-3.190000e+00	2.732731e-05
-3.187500e+00	2.734426e-05
-3.185000e+00	2.736122e-05
-3.182500e+00	2.737821e-05
-3.180000e+00	2.739522e-05
-3.177500e+00	2.741225e-05
-3.175000e+00	2.742930e-05
-3.172500e+00	2.744637e-05
-3.170000e+00	2.746346e-05
-3.167500e+00	2.748058e-05
-3.165000e+00	2.749772e-05
-3.162500e+00	2.751488e-05
-3.160000e+00	2.753206e-05
-3.157500e+00	2.754926e-05
-3.155000e+00	2.756649e-05
-3.152500e+00	2.758374e-05
-3.150000e+00	2.760101e-05
-3.147500e+00	2.761830e-05
-3.145000e+00	2.763561e-05
-3.142500e+00	2.765295e-05
-3.140000e+00	2.767031e-05
-3.137500e+00	2.768769e-05
-3.135000e+00	2.770509e-05
-3.132500e+00	2.772251e-05
-3.130000e+00	2.773996e-05
-3.127500e+00	2.775743e-05
-3.125000e+00	2.777492e-05
-3.122500e+00	2.779244e-05
-3.120000e+00	2.780998e-05
-3.117500e+00	2.782754e-05
-3.115000e+00	2.784512e-05
-3.112500e+00	2.786272e-05
-3.110000e+00	2.788035e-05
-3.107500e+00	2.789800e-05
-3.105000e+00	2.791568e-05
-3.102500e+00	2.793338e-05
-3.100000e+00	2.795110e-05
-3.097500e+00	2.796884e-05
-3.095000e+00	2.798661e-05
-3.092500e+00	2.800439e-05
-3.090000e+00	2.802221e-05
-3.087500e+00	2.804004e-05
-3.085000e+00	2.805790e-05
-3.082500e+00	2.807579e-05
-3.080000e+00	2.809369e-05
-3.077500e+00	2.811162e-05
-3.075000e+00	2.812957e-05
-3.072500e+00	2.814755e-05
-3.070000e+00	2.816555e-05
-3.067500e+00	2.818358e-05
-3.065000e+00	2.820162e-05
-3.062500e+00	2.821970e-05
-3.060000e+00	2.823779e-05
-3.057500e+00	2.825591e-05
-3.055000e+00	2.827405e-05
-3.052500e+00	2.829222e-05
-3.050000e+00	2.831041e-05
-3.047500e+00	2.832863e-05
-3.045000e+00	2.834687e-05
-3.042500e+00	2.836513e-05
-3.040000e+00	2.838342e-05
-3.037500e+00	2.840173e-05
-3.035000e+00	2.842007e-05
-3.032500e+00	2.843843e-05
-3.030000e+00	2.845682e-05
-3.027500e+00	2.847523e-05
-3.025000e+00	2.849366e-05
-3.022500e+00	2.851212e-05
-3.020000e+00	2.853061e-05
-3.017500e+00	2.854912e-05
-3.015000e+00	2.856765e-05
-3.012500e+00	2.858621e-05
-3.010000e+00	2.860479e-05
-3.007500e+00	2.862340e-05
-3.005000e+00	2.864204e-05
-3.002500e+00	2.866069e-05
-3.000000e+00	2.867938e-05
-2.997500e+00	2.869809e-05
-2.995000e+00	2.871682e-05
-2.992500e+00	2.873558e-05
-2.990000e+00	2.875437e-05
-2.987500e+00	2.877318e-05
-2.985000e+00	2.879202e-05
-2.982500e+00	2.881088e-05
-2.980000e+00	2.882977e-05
-2.977500e+00	2.884868e-05
-2.975000e+00	2.886762e-05
-2.972500e+00	2.888659e-05
-2.970000e+00	2.890558e-05
-2.967500e+00	2.892459e-05
-2.965000e+00	2.894364e-05
-2.962500e+00	2.896271e-05
-2.960000e+00	2.898180e-05
-2.957500e+00	2.900092e-05
-2.955000e+00	2.902007e-05
-2.952500e+00	2.903924e-05
-2.950000e+00	2.905844e-05
-2.947500e+00	2.907767e-05
-2.945000e+00	2.909692e-05
-2.942500e+00	2.911620e-05
-2.940000e+00	2.913551e-05
-2.937500e+00	2.915484e-05
-2.935000e+00	2.917420e-05
-2.932500e+00	2.919359e-05
-2.930000e+00	2.921300e-05
-2.927500e+00	2.923244e-05
-2.925000e+00	2.925191e-05
-2.922500e+00	2.927141e-05
-2.920000e+00	2.929093e-05
-2.917500e+00	2.931048e-05
-2.915000e+00	2.933005e-05
-2.912500e+00	2.934966e-05
-2.910000e+00	2.936929e-05
-2.907500e+00	2.938895e-05
-2.905000e+00	2.940863e-05
-2.902500e+00	2.942835e-05
-2.900000e+00	2.944809e-05
-2.897500e+00	2.946786e-05
-2.895000e+00	2.948765e-05
-2.892500e+00	2.950748e-05
-2.890000e+00	2.952733e-05
-2.887500e+00	2.954721e-05
-2.885000e+00	2.956712e-05
-2.882500e+00	2.958706e-05
-2.880000e+00	2.960702e-05
-2.877500e+00	2.962701e-05
-2.875000e+00	2.964703e-05
-2.872500e+00	2.966708e-05
-2.870000e+00	2.968716e-05
-2.867500e+00	2.970727e-05
-2.865000e+00	2.972740e-05
-2.862500e+00	2.974757e-05
-2.860000e+00	2.976776e-05
-2.857500e+00	2.978798e-05
-2.855000e+00	2.980823e-05
-2.852500e+00	2.982851e-05
-2.850000e+00	2.984882e-05
-2.847500e+00	2.986916e-05
-2.845000e+00	2.988952e-05
-2.842500e+00	2.990992e-05
-2.840000e+00	2.993035e-05
-2.837500e+00	2.995080e-05
-2.835000e+00	2.997128e-05
-2.832500e+00	2.999180e-05
-2.830000e+00	3.001234e-05
-2.827500e+00	3.003291e-05
-2.825000e+00	3.005352e-05
-2.822500e+00	3.007415e-05
-2.820000e+00	3.009481e-05
-2.817500e+00	3.011550e-05
-2.815000e+00	3.013622e-05
-2.812500e+00	3.015698e-05
-2.810000e+00	3.017776e-05
-2.807500e+00	3.019857e-05
-2.805000e+00	3.021941e-05
-2.802500e+00	3.024029e-05
-2.800000e+00	3.026119e-05
-2.797500e+00	3.028213e-05
-2.795000e+00	3.030309e-05
-2.792500e+00	3.032409e-05
-2.790000e+00	3.034511e-05
-2.787500e+00	3.036617e-05
-2.785000e+00	3.038726e-05
-2.782500e+00	3.040838e-05
-2.780000e+00	3.042953e-05
-2.777500e+00	3.045071e-05
-2.775000e+00	3.047192e-05
-2.772500e+00	3.049317e-05
-2.770000e+00	3.051444e-05
-2.767500e+00	3.053575e-05
-2.765000e+00	3.055709e-05
-2.762500e+00	3.057846e-05
-2.760000e+00	3.059986e-05
-2.757500e+00	3.062129e-05
-2.755000e+00	3.064276e-05
-2.752500e+00	3.066426e-05
-2.750000e+00	3.068579e-05
-2.747500e+00	3.070735e-05
-2.745000e+00	3.072894e-05
-2.742500e+00	3.075057e-05
-2.740000e+00	3.077223e-05
-2.737500e+00	3.079392e-05
-2.735000e+00	3.081564e-05
-2.732500e+00	3.083740e-05
-2.730000e+00	3.085919e-05
-2.727500e+00	3.088101e-05
-2.725000e+00	3.090286e-05
-2.722500e+00	3.092475e-05
-2.720000e+00	3.094667e-05
-2.717500e+00	3.096863e-05
-2.715000e+00	3.099061e-05
-2.712500e+00	3.101263e-05
-2.710000e+00	3.103469e-05
-2.707500e+00	3.105677e-05
-2.705000e+00	3.107889e-05
-2.702500e+00	3.110105e-05
-2.700000e+00	3.112324e-05
-2.697500e+00	3.114546e-05
-2.695000e+00	3.116771e-05
-2.692500e+00	3.119000e-05
-2.690000e+00	3.121233e-05
-2.687500e+00	3.123468e-05
-2.685000e+00	3.125708e-05
-2.682500e+00	3.127950e-05
-2.680000e+00	3.130196e-05
-2.677500e+00	3.132446e-05
-2.675000e+00	3.134699e-05
-2.672500e+00	3.136955e-05
-2.670000e+00	3.139215e-05
-2.667500e+00	3.141479e-05
-2.665000e+00	3.143746e-05
-2.662500e+00	3.146016e-05
-2.660000e+00	3.148290e-05
-2.657500e+00	3.150568e-05
-2.655000e+00	3.152849e-05
-2.652500e+00	3.155133e-05
-2.650000e+00	3.157421e-05
-2.647500e+00	3.159713e-05
-2.645000e+00	3.162008e-05
-2.642500e+00	3.164307e-05
-2.640000e+00	3.166610e-05
-2.637500e+00	3.168916e-05
-2.635000e+00	3.171225e-05
-2.632500e+00	3.173538e-05
-2.630000e+00	3.175855e-05
-2.627500e+00	3.178176e-05
-2.625000e+00	3.180500e-05
-2.622500e+00	3.182828e-05
-2.620000e+00	3.185159e-05
-2.617500e+00	3.187494e-05
-2.615000e+00	3.189833e-05
-2.612500e+00	3.192176e-05
-2.610000e+00	3.194522e-05
-2.607500e+00	3.196872e-05
-2.605000e+00	3.199226e-05
-2.602500e+00	3.201583e-05
-2.600000e+00	3.203944e-05
-2.597500e+00	3.206309e-05
-2.595000e+00	3.208678e-05
-2.592500e+00	3.211051e-05
-2.590000e+00	3.213427e-05
-2.587500e+00	3.215807e-05
-2.585000e+00	3.218191e-05
-2.582500e+00	3.220579e-05
-2.580000e+00	3.222970e-05
-2.577500e+00	3.225366e-05
-2.575000e+00	3.227765e-05
-2.572500e+00	3.230168e-05
-2.570000e+00	3.232575e-05
-2.567500e+00	3.234986e-05
-2.565000e+00	3.237400e-05
-2.562500e+00	3.239819e-05
-2.560000e+00	3.242242e-05
-2.557500e+00	3.244668e-05
-2.555000e+00	3.247098e-05
-2.552500e+00	3.249533e-05
-2.550000e+00	3.251971e-05
-2.547500e+00	3.254413e-05
-2.545000e+00	3.256860e-05
-2.542500e+00	3.259310e-05
-2.540000e+00	3.261764e-05
-2.537500e+00	3.264222e-05
-2.535000e+00	3.266685e-05
-2.532500e+00	3.269151e-05
-2.530000e+00	3.271621e-05
-2.527500e+00	3.274096e-05
-2.525000e+00	3.276574e-05
-2.522500e+00	3.279057e-05
-2.520000e+00	3.281544e-05
-2.517500e+00	3.284034e-05
-2.515000e+00	3.286529e-05
-2.512500e+00	3.289028e-05
-2.510000e+00	3.291531e-05
-2.507500e+00	3.294039e-05
-2.505000e+00	3.296550e-05
-2.502500e+00	3.299066e-05
-2.500000e+00	3.301586e-05
-2.497500e+00	3.304110e-05
-2.495000e+00	3.306638e-05
-2.492500e+00	3.309170e-05
-2.490000e+00	3.311707e-05
-2.487500e+00	3.314248e-05
-2.485000e+00	3.316793e-05
-2.482500e+00	3.319342e-05
-2.480000e+00	3.321896e-05
-2.477500e+00	3.324454e-05
-2.475000e+00	3.327016e-05
-2.472500e+00	3.329583e-05
-2.470000e+00	3.332154e-05
-2.467500e+00	3.334729e-05
-2.465000e+00	3.337309e-05
-2.462500e+00	3.339893e-05
-2.460000e+00	3.342481e-05
-2.457500e+00	3.345074e-05
-2.455000e+00	3.347671e-05
-2.452500e+00	3.350273e-05
-2.450000e+00	3.352879e-05
-2.447500e+00	3.355489e-05
-2.445000e+00	3.358104e-05
-2.442500e+00	3.360723e-05
-2.440000e+00	3.363347e-05
-2.437500e+00	3.365975e-05
-2.435000e+00	3.368608e-05
-2.432500e+00	3.371246e-05
-2.430000e+00	3.373888e-05
-2.427500e+00	3.376534e-05
-2.425000e+00	3.379185e-05
-2.422500e+00	3.381841e-05
-2.420000e+00	3.384501e-05
-2.417500e+00	3.387165e-05
-2.415000e+00	3.389835e-05
-2.412500e+00	3.392509e-05
-2.410000e+00	3.395187e-05
-2.407500e+00	3.397871e-05
-2.405000e+00	3.400559e-05
-2.402500e+00	3.403251e-05
-2.400000e+00	3.405948e-05
-2.397500e+00	3.408650e-05
-2.395000e+00	3.411357e-05
-2.392500e+00	3.414069e-05
-2.390000e+00	3.416785e-05
-2.387500e+00	3.419506e-05
-2.385000e+00	3.422232e-05
-2.382500e+00	3.424962e-05
-2.380000e+00	3.427697e-05
-2.377500e+00	3.430438e-05
-2.375000e+00	3.433183e-05
-2.372500e+00	3.435932e-05
-2.370000e+00	3.438687e-05
-2.367500e+00	3.441447e-05
-2.365000e+00	3.444211e-05
-2.362500e+00	3.446981e-05
-2.360000e+00	3.449755e-05
-2.357500e+00	3.452534e-05
-2.355000e+00	3.455318e-05
-2.352500e+00	3.458107e-05
-2.350000e+00	3.460902e-05
-2.347500e+00	3.463701e-05
-2.345000e+00	3.466505e-05
-2.342500e+00	3.469314e-05
-2.340000e+00	3.472128e-05
-2.337500e+00	3.474947e-05
-2.335000e+00	3.477772e-05
-2.332500e+00	3.480601e-05
-2.330000e+00	3.483436e-05
-2.327500e+00	3.486275e-05
-2.325000e+00	3.489120e-05
-2.322500e+00	3.491970e-05
-2.320000e+00	3.494825e-05
-2.317500e+00	3.497685e-05
-2.315000e+00	3.500551e-05
-2.312500e+00	3.503421e-05
-2.310000e+00	3.506297e-05
-2.307500e+00	3.509178e-05
-2.305000e+00	3.512065e-05
-2.302500e+00	3.514956e-05
-2.300000e+00	3.517853e-05
-2.297500e+00	3.520755e-05
-2.295000e+00	3.523663e-05
-2.292500e+00	3.526576e-05
-2.290000e+00	3.529494e-05
-2.287500e+00	3.532418e-05
-2.285000e+00	3.535347e-05
-2.282500e+00	3.538281e-05
-2.280000e+00	3.541221e-05
-2.277500e+00	3.544166e-05
-2.275000e+00	3.547117e-05
-2.272500e+00	3.550073e-05
-2.270000e+00	3.553035e-05
-2.267500e+00	3.556002e-05
-2.265000e+00	3.558975e-05
-2.262500e+00	3.561953e-05
-2.260000e+00	3.564937e-05
-2.257500e+00	3.567927e-05
-2.255000e+00	3.570922e-05
-2.252500e+00	3.573922e-05
-2.250000e+00	3.576929e-05
-2.247500e+00	3.579940e-05
-2.245000e+00	3.582958e-05
-2.242500e+00	3.585981e-05
-2.240000e+00	3.589010e-05
-2.237500e+00	3.592045e-05
-2.235000e+00	3.595085e-05
-2.232500e+00	3.598132e-05
-2.230000e+00	3.601184e-05
-2.227500e+00	3.604241e-05
-2.225000e+00	3.607305e-05
-2.222500e+00	3.610374e-05
-2.220000e+00	3.613449e-05
-2.217500e+00	3.616531e-05
-2.215000e+00	3.619618e-05
-2.212500e+00	3.622710e-05
-2.210000e+00	3.625809e-05
-2.207500e+00	3.628914e-05
-2.205000e+00	3.632025e-05
-2.202500e+00	3.635141e-05
-2.200000e+00	3.638264e-05
-2.197500e+00	3.641393e-05
-2.195000e+00	3.644528e-05
-2.192500e+00	3.647668e-05
-2.190000e+00	3.650815e-05
-2.187500e+00	3.653968e-05
-2.185000e+00	3.657127e-05
-2.182500e+00	3.660293e-05
-2.180000e+00	3.663464e-05
-2.177500e+00	3.666642e-05
-2.175000e+00	3.669825e-05
-2.172500e+00	3.673015e-05
-2.170000e+00	3.676212e-05
-2.167500e+00	3.679414e-05
-2.165000e+00	3.682623e-05
-2.162500e+00	3.685838e-05
-2.160000e+00	3.689059e-05
-2.157500e+00	3.692287e-05
-2.155000e+00	3.695521e-05
-2.152500e+00	3.698761e-05
-2.150000e+00	3.702008e-05
-2.147500e+00	3.705262e-05
-2.145000e+00	3.708521e-05
-2.142500e+00	3.711788e-05
-2.140000e+00	3.715060e-05
-2.137500e+00	3.718339e-05
-2.135000e+00	3.721625e-05
-2.132500e+00	3.724917e-05
-2.130000e+00	3.728216e-05
-2.127500e+00	3.731522e-05
-2.125000e+00	3.734834e-05
-2.122500e+00	3.738153e-05
-2.120000e+00	3.741478e-05
-2.117500e+00	3.744810e-05
-2.115000e+00	3.748149e-05
-2.112500e+00	3.751494e-05
-2.110000e+00	3.754846e-05
-2.107500e+00	3.758206e-05
-2.105000e+00	3.761571e-05
-2.102500e+00	3.764944e-05
-2.100000e+00	3.768323e-05
-2.097500e+00	3.771710e-05
-2.095000e+00	3.775103e-05
-2.092500e+00	3.778503e-05
-2.090000e+00	3.781910e-05
-2.087500e+00	3.785324e-05
-2.085000e+00	3.788745e-05
-2.082500e+00	3.792174e-05
-2.080000e+00	3.795609e-05
-2.077500e+00	3.799051e-05
-2.075000e+00	3.802500e-05
-2.072500e+00	3.805956e-05
-2.070000e+00	3.809420e-05
-2.067500e+00	3.812890e-05
-2.065000e+00	3.816368e-05
-2.062500e+00	3.819853e-05
-2.060000e+00	3.823345e-05
-2.057500e+00	3.826845e-05
-2.055000e+00	3.830352e-05
-2.052500e+00	3.833866e-05
-2.050000e+00	3.837387e-05
-2.047500e+00	3.840916e-05
-2.045000e+00	3.844452e-05
-2.042500e+00	3.847995e-05
-2.040000e+00	3.851546e-05
-2.037500e+00	3.855105e-05
-2.035000e+00	3.858671e-05
-2.032500e+00	3.862244e-05
-2.030000e+00	3.865825e-05
-2.027500e+00	3.869413e-05
-2.025000e+00	3.873010e-05
-2.022500e+00	3.876613e-05
-2.020000e+00	3.880225e-05
-2.017500e+00	3.883844e-05
-2.015000e+00	3.887470e-05
-2.012500e+00	3.891105e-05
-2.010000e+00	3.894747e-05
-2.007500e+00	3.898397e-05
-2.005000e+00	3.902054e-05
-2.002500e+00	3.905720e-05
-2.000000e+00	3.909393e-05
-1.997500e+00	3.913075e-05
-1.995000e+00	3.916764e-05
-1.992500e+00	3.920461e-05
-1.990000e+00	3.924166e-05
-1.987500e+00	3.927880e-05
-1.985000e+00	3.931601e-05
-1.982500e+00	3.935330e-05
-1.980000e+00	3.939067e-05
-1.977500e+00	3.942813e-05
-1.975000e+00	3.946566e-05
-1.972500e+00	3.950328e-05
-1.970000e+00	3.954098e-05
-1.967500e+00	3.957876e-05
-1.965000e+00	3.961663e-05
-1.962500e+00	3.965457e-05
-1.960000e+00	3.969260e-05
-1.957500e+00	3.973072e-05
-1.955000e+00	3.976892e-05
-1.952500e+00	3.980720e-05
-1.950000e+00	3.984557e-05
-1.947500e+00	3.988402e-05
-1.945000e+00	3.992255e-05
-1.942500e+00	3.996118e-05
-1.940000e+00	3.999988e-05
-1.937500e+00	4.003868e-05
-1.935000e+00	4.007756e-05
-1.932500e+00	4.011652e-05
-1.930000e+00	4.015558e-05
-1.927500e+00	4.019472e-05
-1.925000e+00	4.023394e-05
-1.922500e+00	4.027326e-05
-1.920000e+00	4.031266e-05
-1.917500e+00	4.035216e-05
-1.915000e+00	4.039174e-05
-1.912500e+00	4.043141e-05
-1.910000e+00	4.047117e-05
-1.907500e+00	4.051102e-05
-1.905000e+00	4.055096e-05
-1.902500e+00	4.059099e-05
-1.900000e+00	4.063111e-05
-1.897500e+00	4.067133e-05
-1.895000e+00	4.071163e-05
-1.892500e+00	4.075203e-05
-1.890000e+00	4.079252e-05
-1.887500e+00	4.083310e-05
-1.885000e+00	4.087377e-05
-1.882500e+00	4.091454e-05
-1.880000e+00	4.095540e-05
-1.877500e+00	4.099636e-05
-1.875000e+00	4.103741e-05
-1.872500e+00	4.107855e-05
-1.870000e+00	4.111979e-05
-1.867500e+00	4.116113e-05
-1.865000e+00	4.120256e-05
-1.862500e+00	4.124409e-05
-1.860000e+00	4.128571e-05
-1.857500e+00	4.132743e-05
-1.855000e+00	4.136925e-05
-1.852500e+00	4.141116e-05
-1.850000e+00	4.145318e-05
-1.847500e+00	4.149529e-05
-1.845000e+00	4.153750e-05
-1.842500e+00	4.157981e-05
-1.840000e+00	4.162222e-05
-1.837500e+00	4.166473e-05
-1.835000e+00	4.170734e-05
-1.832500e+00	4.175005e-05
-1.830000e+00	4.179286e-05
-1.827500e+00	4.183577e-05
-1.825000e+00	4.187878e-05
-1.822500e+00	4.192190e-05
-1.820000e+00	4.196512e-05
-1.817500e+00	4.200844e-05
-1.815000e+00	4.205187e-05
-1.812500e+00	4.209540e-05
-1.810000e+00	4.213903e-05
-1.807500e+00	4.218277e-05
-1.805000e+00	4.222662e-05
-1.802500e+00	4.227056e-05
-1.800000e+00	4.231462e-05
-1.797500e+00	4.235878e-05
-1.795000e+00	4.240305e-05
-1.792500e+00	4.244743e-05
-1.790000e+00	4.249191e-05
-1.787500e+00	4.253650e-05
-1.785000e+00	4.258120e-05
-1.782500e+00	4.262601e-05
-1.780000e+00	4.267093e-05
-1.777500e+00	4.271595e-05
-1.775000e+00	4.276109e-05
-1.772500e+00	4.280634e-05
-1.770000e+00	4.285170e-05
-1.767500e+00	4.289717e-05
-1.765000e+00	4.294275e-05
-1.762500e+00	4.298845e-05
-1.760000e+00	4.303426e-05
-1.757500e+00	4.308018e-05
-1.755000e+00	4.312621e-05
-1.752500e+00	4.317236e-05
-1.750000e+00	4.321863e-05
-1.747500e+00	4.326500e-05
-1.745000e+00	4.331150e-05
-1.742500e+00	4.335811e-05
-1.740000e+00	4.340484e-05
-1.737500e+00	4.345168e-05
-1.735000e+00	4.349864e-05
-1.732500e+00	4.354572e-05
-1.730000e+00	4.359292e-05
-1.727500e+00	4.364024e-05
-1.725000e+00	4.368768e-05
-1.722500e+00	4.373523e-05
-1.720000e+00	4.378291e-05
-1.717500e+00	4.383071e-05
-1.715000e+00	4.387863e-05
-1.712500e+00	4.392667e-05
-1.710000e+00	4.397484e-05
-1.707500e+00	4.402312e-05
-1.705000e+00	4.407153e-05
-1.702500e+00	4.412007e-05
-1.700000e+00	4.416873e-05
-1.697500e+00	4.421751e-05
-1.695000e+00	4.426642e-05
-1.692500e+00	4.431545e-05
-1.690000e+00	4.436462e-05
-1.687500e+00	4.441391e-05
-1.685000e+00	4.446332e-05
-1.682500e+00	4.451287e-05
-1.680000e+00	4.456254e-05
-1.677500e+00	4.461234e-05
-1.675000e+00	4.466228e-05
-1.672500e+00	4.471234e-05
-1.670000e+00	4.476253e-05
-1.667500e+00	4.481286e-05
-1.665000e+00	4.486331e-05
-1.662500e+00	4.491390e-05
-1.660000e+00	4.496463e-05
-1.657500e+00	4.501548e-05
-1.655000e+00	4.506647e-05
-1.652500e+00	4.511760e-05
-1.650000e+00	4.516886e-05
-1.647500e+00	4.522026e-05
-1.645000e+00	4.527179e-05
-1.642500e+00	4.532346e-05
-1.640000e+00	4.537527e-05
-1.637500e+00	4.542721e-05
-1.635000e+00	4.547930e-05
-1.632500e+00	4.553152e-05
-1.630000e+00	4.558389e-05
-1.627500e+00	4.563640e-05
-1.625000e+00	4.568904e-05
-1.622500e+00	4.574183e-05
-1.620000e+00	4.579476e-05
-1.617500e+00	4.584784e-05
-1.615000e+00	4.590106e-05
-1.612500e+00	4.595442e-05
-1.610000e+00	4.600793e-05
-1.607500e+00	4.606158e-05
-1.605000e+00	4.611538e-05
-1.602500e+00	4.616933e-05
-1.600000e+00	4.622342e-05
-1.597500e+00	4.627767e-05
-1.595000e+00	4.633206e-05
-1.592500e+00	4.638660e-05
-1.590000e+00	4.644129e-05
-1.587500e+00	4.649613e-05
-1.585000e+00	4.655113e-05
-1.582500e+00	4.660627e-05
-1.580000e+00	4.666157e-05
-1.577500e+00	4.671703e-05
-1.575000e+00	4.677263e-05
-1.572500e+00	4.682839e-05
-1.570000e+00	4.688431e-05
-1.567500e+00	4.694039e-05
-1.565000e+00	4.699662e-05
-1.562500e+00	4.705301e-05
-1.560000e+00	4.710955e-05
-1.557500e+00	4.716626e-05
-1.555000e+00	4.722313e-05
-1.552500e+00	4.728015e-05
-1.550000e+00	4.733734e-05
-1.547500e+00	4.739469e-05
-1.545000e+00	4.745221e-05
-1.542500e+00	4.750988e-05
-1.540000e+00	4.756773e-05
-1.537500e+00	4.762573e-05
-1.535000e+00	4.768390e-05
-1.532500e+00	4.774224e-05
-1.530000e+00	4.780075e-05
-1.527500e+00	4.785942e-05
-1.525000e+00	4.791827e-05
-1.522500e+00	4.797728e-05
-1.520000e+00	4.803646e-05
-1.517500e+00	4.809582e-05
-1.515000e+00	4.815534e-05
-1.512500e+00	4.821504e-05
-1.510000e+00	4.827491e-05
-1.507500e+00	4.833496e-05
-1.505000e+00	4.839518e-05
-1.502500e+00	4.845558e-05
-1.500000e+00	4.851616e-05
-1.497500e+00	4.857691e-05
-1.495000e+00	4.863784e-05
-1.492500e+00	4.869895e-05
-1.490000e+00	4.876024e-05
-1.487500e+00	4.882171e-05
-1.485000e+00	4.888337e-05
-1.482500e+00	4.894520e-05
-1.480000e+00	4.900722e-05
-1.477500e+00	4.906943e-05
-1.475000e+00	4.913182e-05
-1.472500e+00	4.919440e-05
-1.470000e+00	4.925716e-05
-1.467500e+00	4.932011e-05
-1.465000e+00	4.938325e-05
-1.462500e+00	4.944658e-05
-1.460000e+00	4.951010e-05
-1.457500e+00	4.957381e-05
-1.455000e+00	4.963772e-05
-1.452500e+00	4.970181e-05
-1.450000e+00	4.976611e-05
-1.447500e+00	4.983059e-05
-1.445000e+00	4.989528e-05
-1.442500e+00	4.996016e-05
-1.440000e+00	5.002524e-05
-1.437500e+00	5.009052e-05
-1.435000e+00	5.015600e-05
-1.432500e+00	5.022167e-05
-1.430000e+00	5.028756e-05
-1.427500e+00	5.035364e-05
-1.425000e+00	5.041993e-05
-1.422500e+00	5.048642e-05
-1.420000e+00	5.055312e-05
-1.417500e+00	5.062003e-05
-1.415000e+00	5.068714e-05
-1.412500e+00	5.075447e-05
-1.410000e+00	5.082200e-05
-1.407500e+00	5.088974e-05
-1.405000e+00	5.095770e-05
-1.402500e+00	5.102587e-05
-1.400000e+00	5.109425e-05
-1.397500e+00	5.116285e-05
-1.395000e+00	5.123167e-05
-1.392500e+00	5.130070e-05
-1.390000e+00	5.136995e-05
-1.387500e+00	5.143942e-05
-1.385000e+00	5.150912e-05
-1.382500e+00	5.157903e-05
-1.380000e+00	5.164917e-05
-1.377500e+00	5.171953e-05
-1.375000e+00	5.179011e-05
-1.372500e+00	5.186092e-05
-1.370000e+00	5.193196e-05
-1.367500e+00	5.200323e-05
-1.365000e+00	5.207473e-05
-1.362500e+00	5.214646e-05
-1.360000e+00	5.221842e-05
-1.357500e+00	5.229061e-05
-1.355000e+00	5.236304e-05
-1.352500e+00	5.243571e-05
-1.350000e+00	5.250861e-05
-1.347500e+00	5.258175e-05
-1.345000e+00	5.265513e-05
-1.342500e+00	5.272874e-05
-1.340000e+00	5.280261e-05
-1.337500e+00	5.287671e-05
-1.335000e+00	5.295106e-05
-1.332500e+00	5.302565e-05
-1.330000e+00	5.310049e-05
-1.327500e+00	5.317558e-05
-1.325000e+00	5.325092e-05
-1.322500e+00	5.332651e-05
-1.320000e+00	5.340235e-05
-1.317500e+00	5.347844e-05
-1.315000e+00	5.355479e-05
-1.312500e+00	5.363139e-05
-1.310000e+00	5.370825e-05
-1.307500e+00	5.378537e-05
-1.305000e+00	5.386276e-05
-1.302500e+00	5.394040e-05
-1.300000e+00	5.401830e-05
-1.297500e+00	5.409647e-05
-1.295000e+00	5.417490e-05
-1.292500e+00	5.425360e-05
-1.290000e+00	5.433257e-05
-1.287500e+00	5.441181e-05
-1.285000e+00	5.449132e-05
-1.282500e+00	5.457111e-05
-1.280000e+00	5.465116e-05
-1.277500e+00	5.473149e-05
-1.275000e+00	5.481210e-05
-1.272500e+00	5.489299e-05
-1.270000e+00	5.497416e-05
-1.267500e+00	5.505561e-05
-1.265000e+00	5.513734e-05
-1.262500e+00	5.521936e-05
-1.260000e+00	5.530166e-05
-1.257500e+00	5.538426e-05
-1.255000e+00	5.546714e-05
-1.252500e+00	5.555031e-05
-1.250000e+00	5.563377e-05
-1.247500e+00	5.571753e-05
-1.245000e+00	5.580158e-05
-1.242500e+00	5.588594e-05
-1.240000e+00	5.597059e-05
-1.237500e+00	5.605554e-05
-1.235000e+00	5.614079e-05
-1.232500e+00	5.622634e-05
-1.230000e+00	5.631221e-05
-1.227500e+00	5.639838e-05
-1.225000e+00	5.648485e-05
-1.222500e+00	5.657164e-05
-1.220000e+00	5.665874e-05
-1.217500e+00	5.674616e-05
-1.215000e+00	5.683389e-05
-1.212500e+00	5.692194e-05
-1.210000e+00	5.701031e-05
-1.207500e+00	5.709900e-05
-1.205000e+00	5.718801e-05
-1.202500e+00	5.727735e-05
-1.200000e+00	5.736701e-05
-1.197500e+00	5.745701e-05
-1.195000e+00	5.754733e-05
-1.192500e+00	5.763799e-05
-1.190000e+00	5.772897e-05
-1.187500e+00	5.782030e-05
-1.185000e+00	5.791196e-05
-1.182500e+00	5.800397e-05
-1.180000e+00	5.809631e-05
-1.177500e+00	5.818900e-05
-1.175000e+00	5.828204e-05
-1.172500e+00	5.837542e-05
-1.170000e+00	5.846915e-05
-1.167500e+00	5.856324e-05
-1.165000e+00	5.865768e-05
-1.162500e+00	5.875247e-05
-1.160000e+00	5.884762e-05
-1.157500e+00	5.894314e-05
-1.155000e+00	5.903901e-05
-1.152500e+00	5.913525e-05
-1.150000e+00	5.923185e-05
-1.147500e+00	5.932883e-05
-1.145000e+00	5.942617e-05
-1.142500e+00	5.952389e-05
-1.140000e+00	5.962198e-05
-1.137500e+00	5.972045e-05
-1.135000e+00	5.981930e-05
-1.132500e+00	5.991853e-05
-1.130000e+00	6.001814e-05
-1.127500e+00	6.011815e-05
-1.125000e+00	6.021854e-05
-1.122500e+00	6.031932e-05
-1.120000e+00	6.042049e-05
-1.117500e+00	6.052206e-05
-1.115000e+00	6.062403e-05
-1.112500e+00	6.072639e-05
-1.110000e+00	6.082916e-05
-1.107500e+00	6.093234e-05
-1.105000e+00	6.103592e-05
-1.102500e+00	6.113991e-05
-1.100000e+00	6.124432e-05
-1.097500e+00	6.134914e-05
-1.095000e+00	6.145438e-05
-1.092500e+00	6.156004e-05
-1.090000e+00	6.166612e-05
-1.087500e+00	6.177263e-05
-1.085000e+00	6.187956e-05
-1.082500e+00	6.198693e-05
-1.080000e+00	6.209472e-05
-1.077500e+00	6.220296e-05
-1.075000e+00	6.231163e-05
-1.072500e+00	6.242074e-05
-1.070000e+00	6.253030e-05
-1.067500e+00	6.264030e-05
-1.065000e+00	6.275076e-05
-1.062500e+00	6.286166e-05
-1.060000e+00	6.297303e-05
-1.057500e+00	6.308484e-05
-1.055000e+00	6.319712e-05
-1.052500e+00	6.330987e-05
-1.050000e+00	6.342308e-05
-1.047500e+00	6.353676e-05
-1.045000e+00	6.365091e-05
-1.042500e+00	6.376554e-05
-1.040000e+00	6.388064e-05
-1.037500e+00	6.399623e-05
-1.035000e+00	6.411230e-05
-1.032500e+00	6.422886e-05
-1.030000e+00	6.434591e-05
-1.027500e+00	6.446346e-05
-1.025000e+00	6.458150e-05
-1.022500e+00	6.470004e-05
-1.020000e+00	6.481909e-05
-1.017500e+00	6.493864e-05
-1.015000e+00	6.505870e-05
-1.012500e+00	6.517928e-05
-1.010000e+00	6.530037e-05
-1.007500e+00	6.542198e-05
-1.005000e+00	6.554412e-05
-1.002500e+00	6.566678e-05
-1.000000e+00	6.578998e-05
-9.975000e-01	6.591370e-05
-9.950000e-01	6.603797e-05
-9.925000e-01	6.616277e-05
-9.900000e-01	6.628812e-05
-9.875000e-01	6.641402e-05
-9.850000e-01	6.654046e-05
-9.825000e-01	6.666747e-05
-9.800000e-01	6.679503e-05
-9.775000e-01	6.692315e-05
-9.750000e-01	6.705184e-05
-9.725000e-01	6.718110e-05
-9.700000e-01	6.731094e-05
-9.675000e-01	6.744135e-05
-9.650000e-01	6.757234e-05
-9.625000e-01	6.770392e-05
-9.600000e-01	6.783609e-05
-9.575000e-01	6.796885e-05
-9.550000e-01	6.810221e-05
-9.525000e-01	6.823617e-05
-9.500000e-01	6.837074e-05
-9.475000e-01	6.850591e-05
-9.450000e-01	6.864170e-05
-9.425000e-01	6.877811e-05
-9.400000e-01	6.891514e-05
-9.375000e-01	6.905280e-05
-9.350000e-01	6.919108e-05
-9.325000e-01	6.933001e-05
-9.300000e-01	6.946957e-05
-9.275000e-01	6.960977e-05
-9.250000e-01	6.975063e-05
-9.225000e-01	6.989213e-05
-9.200000e-01	7.003430e-05
-9.175000e-01	7.017712e-05
-9.150000e-01	7.032062e-05
-9.125000e-01	7.046478e-05
-9.100000e-01	7.060962e-05
-9.075000e-01	7.075514e-05
-9.050000e-01	7.090135e-05
-9.025000e-01	7.104824e-05
-9.000000e-01	7.119583e-05
-8.975000e-01	7.134413e-05
-8.950000e-01	7.149312e-05
-8.925000e-01	7.164283e-05
-8.900000e-01	7.179325e-05
-8.875000e-01	7.194439e-05
-8.850000e-01	7.209626e-05
-8.825000e-01	7.224886e-05
-8.800000e-01	7.240220e-05
-8.775000e-01	7.255627e-05
-8.750000e-01	7.271109e-05
-8.725000e-01	7.286667e-05
-8.700000e-01	7.302300e-05
-8.675000e-01	7.318009e-05
-8.650000e-01	7.333796e-05
-8.625000e-01	7.349659e-05
-8.600000e-01	7.365601e-05
-8.575000e-01	7.381621e-05
-8.550000e-01	7.397720e-05
-8.525000e-01	7.413899e-05
-8.500000e-01	7.430159e-05
-8.475000e-01	7.446499e-05
-8.450000e-01	7.462920e-05
-8.425000e-01	7.479424e-05
-8.400000e-01	7.496010e-05
-8.375000e-01	7.512680e-05
-8.350000e-01	7.529434e-05
-8.325000e-01	7.546272e-05
-8.300000e-01	7.563195e-05
-8.275000e-01	7.580204e-05
-8.250000e-01	7.597300e-05
-8.225000e-01	7.614483e-05
-8.200000e-01	7.631753e-05
-8.175000e-01	7.649112e-05
-8.150000e-01	7.666560e-05
-8.125000e-01	7.684098e-05
-8.100000e-01	7.701727e-05
-8.075000e-01	7.719446e-05
-8.050000e-01	7.737258e-05
-8.025000e-01	7.755162e-05
-8.000000e-01	7.773159e-05
-7.975000e-01	7.791250e-05
-7.950000e-01	7.809436e-05
-7.925000e-01	7.827718e-05
-7.900000e-01	7.846096e-05
-7.875000e-01	7.864570e-05
-7.850000e-01	7.883143e-05
-7.825000e-01	7.901814e-05
-7.800000e-01	7.920584e-05
-7.775000e-01	7.939454e-05
-7.750000e-01	7.958425e-05
-7.725000e-01	7.977497e-05
-7.700000e-01	7.996672e-05
-7.675000e-01	8.015951e-05
-7.650000e-01	8.035333e-05
-7.625000e-01	8.054820e-05
-7.600000e-01	8.074413e-05
-7.575000e-01	8.094112e-05
-7.550000e-01	8.113919e-05
-7.525000e-01	8.133834e-05
-7.500000e-01	8.153858e-05
-7.475000e-01	8.173992e-05
-7.450000e-01	8.194238e-05
-7.425000e-01	8.214594e-05
-7.400000e-01	8.235064e-05
-7.375000e-01	8.255647e-05
-7.350000e-01	8.276345e-05
-7.325000e-01	8.297158e-05
-7.300000e-01	8.318088e-05
-7.275000e-01	8.339135e-05
-7.250000e-01	8.360301e-05
-7.225000e-01	8.381586e-05
-7.200000e-01	8.402991e-05
-7.175000e-01	8.424517e-05
-7.150000e-01	8.446166e-05
-7.125000e-01	8.467938e-05
-7.100000e-01	8.489835e-05
-7.075000e-01	8.511857e-05
-7.050000e-01	8.534005e-05
-7.025000e-01	8.556281e-05
-7.000000e-01	8.578686e-05
-6.975000e-01	8.601220e-05
-6.950000e-01	8.623885e-05
-6.925000e-01	8.646683e-05
-6.900000e-01	8.669613e-05
-6.875000e-01	8.692677e-05
-6.850000e-01	8.715876e-05
-6.825000e-01	8.739212e-05
-6.800000e-01	8.762686e-05
-6.775000e-01	8.786299e-05
-6.750000e-01	8.810051e-05
-6.725000e-01	8.833945e-05
-6.700000e-01	8.857981e-05
-6.675000e-01	8.882161e-05
-6.650000e-01	8.906486e-05
-6.625000e-01	8.930957e-05
-6.600000e-01	8.955576e-05
-6.575000e-01	8.980344e-05
-6.550000e-01	9.005261e-05
-6.525000e-01	9.030330e-05
-6.500000e-01	9.055552e-05
-6.475000e-01	9.080928e-05
-6.450000e-01	9.106460e-05
-6.425000e-01	9.132148e-05
-6.400000e-01	9.157995e-05
-6.375000e-01	9.184001e-05
-6.350000e-01	9.210169e-05
-6.325000e-01	9.236499e-05
-6.300000e-01	9.262994e-05
-6.275000e-01	9.289653e-05
-6.250000e-01	9.316480e-05
-6.225000e-01	9.343476e-05
-6.200000e-01	9.370641e-05
-6.175000e-01	9.397979e-05
-6.150000e-01	9.425489e-05
-6.125000e-01	9.453175e-05
-6.100000e-01	9.481037e-05
-6.075000e-01	9.509076e-05
-6.050000e-01	9.537296e-05
-6.025000e-01	9.565697e-05
-6.000000e-01	9.594281e-05
-5.975000e-01	9.623050e-05
-5.950000e-01	9.652006e-05
-5.925000e-01	9.681150e-05
-5.900000e-01	9.710484e-05
-5.875000e-01	9.740009e-05
-5.850000e-01	9.769729e-05
-5.825000e-01	9.799644e-05
-5.800000e-01	9.829756e-05
-5.775000e-01	9.860067e-05
-5.750000e-01	9.890580e-05
-5.725000e-01	9.921296e-05
-5.700000e-01	9.952216e-05
-5.675000e-01	9.983344e-05
-5.650000e-01	1.001468e-04
-5.625000e-01	1.004623e-04
-5.600000e-01	1.007799e-04
-5.575000e-01	1.010997e-04
-5.550000e-01	1.014216e-04
-5.525000e-01	1.017457e-04
-5.500000e-01	1.020721e-04
-5.475000e-01	1.024006e-04
-5.450000e-01	1.027315e-04
-5.425000e-01	1.030646e-04
-5.400000e-01	1.034000e-04
-5.375000e-01	1.037378e-04
-5.350000e-01	1.040779e-04
-5.325000e-01	1.044203e-04
-5.300000e-01	1.047652e-04
-5.275000e-01	1.051125e-04
-5.250000e-01	1.054623e-04
-5.225000e-01	1.058145e-04
-5.200000e-01	1.061692e-04
-5.175000e-01	1.065264e-04
-5.150000e-01	1.068862e-04
-5.125000e-01	1.072485e-04
-5.100000e-01	1.076135e-04
-5.075000e-01	1.079811e-04
-5.050000e-01	1.083513e-04
-5.025000e-01	1.087242e-04
-5.000000e-01	1.090998e-04
-4.975000e-01	1.094782e-04
-4.950000e-01	1.098593e-04
-4.925000e-01	1.102433e-04
-4.900000e-01	1.106300e-04
-4.875000e-01	1.110196e-04
-4.850000e-01	1.114121e-04
-4.825000e-01	1.118075e-04
-4.800000e-01	1.122058e-04
-4.775000e-01	1.126072e-04
-4.750000e-01	1.130115e-04
-4.725000e-01	1.134189e-04
-4.700000e-01	1.138293e-04
-4.675000e-01	1.142429e-04
-4.650000e-01	1.146596e-04
-4.625000e-01	1.150794e-04
-4.600000e-01	1.155025e-04
-4.575000e-01	1.159288e-04
-4.550000e-01	1.163584e-04
-4.525000e-01	1.167914e-04
-4.500000e-01	1.172276e-04
-4.475000e-01	1.176673e-04
-4.450000e-01	1.181104e-04
-4.425000e-01	1.185569e-04
-4.400000e-01	1.190070e-04
-4.375000e-01	1.194606e-04
-4.350000e-01	1.199178e-04
-4.325000e-01	1.203786e-04
-4.300000e-01	1.208430e-04
-4.275000e-01	1.213112e-04
-4.250000e-01	1.217831e-04
-4.225000e-01	1.222589e-04
-4.200000e-01	1.227384e-04
-4.175000e-01	1.232218e-04
-4.150000e-01	1.237092e-04
-4.125000e-01	1.242005e-04
-4.100000e-01	1.246958e-04
-4.075000e-01	1.251952e-04
-4.050000e-01	1.256987e-04
-4.025000e-01	1.262063e-04
-4.000000e-01	1.267182e-04
-3.975000e-01	1.272343e-04
-3.950000e-01	1.277547e-04
-3.925000e-01	1.282795e-04
-3.900000e-01	1.288086e-04
-3.875000e-01	1.293423e-04
-3.850000e-01	1.298804e-04
-3.825000e-01	1.304231e-04
-3.800000e-01	1.309704e-04
-3.775000e-01	1.315224e-04
-3.750000e-01	1.320792e-04
-3.725000e-01	1.326407e-04
-3.700000e-01	1.332071e-04
-3.675000e-01	1.337783e-04
-3.650000e-01	1.343546e-04
-3.625000e-01	1.349359e-04
-3.600000e-01	1.355223e-04
-3.575000e-01	1.361138e-04
-3.550000e-01	1.367105e-04
-3.525000e-01	1.373126e-04
-3.500000e-01	1.379199e-04
-3.475000e-01	1.385327e-04
-3.450000e-01	1.391510e-04
-3.425000e-01	1.397748e-04
-3.400000e-01	1.404043e-04
-3.375000e-01	1.410395e-04
-3.350000e-01	1.416804e-04
-3.325000e-01	1.423272e-04
-3.300000e-01	1.429799e-04
-3.275000e-01	1.436386e-04
-3.250000e-01	1.443033e-04
-3.225000e-01	1.449742e-04
-3.200000e-01	1.456514e-04
-3.175000e-01	1.463348e-04
-3.150000e-01	1.470247e-04
-3.125000e-01	1.477210e-04
-3.100000e-01	1.484239e-04
-3.075000e-01	1.491335e-04
-3.050000e-01	1.498498e-04
-3.025000e-01	1.505729e-04
-3.000000e-01	1.513030e-04
-2.975000e-01	1.520401e-04
-2.950000e-01	1.527843e-04
-2.925000e-01	1.535357e-04
-2.900000e-01	1.542944e-04
-2.875000e-01	1.550605e-04
-2.850000e-01	1.558341e-04
-2.825000e-01	1.566154e-04
-2.800000e-01	1.574043e-04
-2.775000e-01	1.582011e-04
-2.750000e-01	1.590058e-04
-2.725000e-01	1.598186e-04
-2.700000e-01	1.606395e-04
-2.675000e-01	1.614687e-04
-2.650000e-01	1.623063e-04
-2.625000e-01	1.631524e-04
-2.600000e-01	1.640071e-04
-2.575000e-01	1.648706e-04
-2.550000e-01	1.657430e-04
-2.525000e-01	1.666243e-04
-2.500000e-01	1.675149e-04
-2.475000e-01	1.684146e-04
-2.450000e-01	1.693238e-04
-2.425000e-01	1.702425e-04
-2.400000e-01	1.711710e-04
-2.375000e-01	1.721092e-04
-2.350000e-01	1.730574e-04
-2.325000e-01	1.740158e-04
-2.300000e-01	1.749844e-04
-2.275000e-01	1.759634e-04
-2.250000e-01	1.769530e-04
-2.225000e-01	1.779534e-04
-2.200000e-01	1.789646e-04
-2.175000e-01	1.799870e-04
-2.150000e-01	1.810206e-04
-2.125000e-01	1.820656e-04
-2.100000e-01	1.831222e-04
-2.075000e-01	1.841905e-04
-2.050000e-01	1.852708e-04
-2.025000e-01	1.863633e-04
-2.000000e-01	1.874681e-04
-1.975000e-01	1.885854e-04
-1.950000e-01	1.897154e-04
-1.925000e-01	1.908584e-04
-1.900000e-01	1.920145e-04
-1.875000e-01	1.931839e-04
-1.850000e-01	1.943669e-04
-1.825000e-01	1.955637e-04
-1.800000e-01	1.967744e-04
-1.775000e-01	1.979994e-04
-1.750000e-01	1.992389e-04
-1.725000e-01	2.004930e-04
-1.700000e-01	2.017621e-04
-1.675000e-01	2.030464e-04
-1.650000e-01	2.043461e-04
-1.625000e-01	2.056616e-04
-1.600000e-01	2.069930e-04
-1.575000e-01	2.083406e-04
-1.550000e-01	2.097047e-04
-1.525000e-01	2.110857e-04
-1.500000e-01	2.124837e-04
-1.475000e-01	2.138990e-04
-1.450000e-01	2.153321e-04
-1.425000e-01	2.167831e-04
-1.400000e-01	2.182524e-04
-1.375000e-01	2.197404e-04
-1.350000e-01	2.212473e-04
-1.325000e-01	2.227734e-04
-1.300000e-01	2.243192e-04
-1.275000e-01	2.258849e-04
-1.250000e-01	2.274710e-04
-1.225000e-01	2.290777e-04
-1.200000e-01	2.307055e-04
-1.175000e-01	2.323548e-04
-1.150000e-01	2.340259e-04
-1.125000e-01	2.357193e-04
-1.100000e-01	2.374353e-04
-1.075000e-01	2.391744e-04
-1.050000e-01	2.409369e-04
-1.025000e-01	2.427235e-04
-1.000000e-01	2.445344e-04
-9.750000e-02	2.463702e-04
-9.500000e-02	2.482313e-04
-9.250000e-02	2.501182e-04
-9.000000e-02	2.520314e-04
-8.750000e-02	2.539715e-04
-8.500000e-02	2.559389e-04
-8.250000e-02	2.579341e-04
-8.000000e-02	2.599578e-04
-7.750000e-02	2.620104e-04
-7.500000e-02	2.640926e-04
-7.250000e-02	2.662049e-04
-7.000000e-02	2.683480e-04
-6.750000e-02	2.705224e-04
-6.500000e-02	2.727288e-04
-6.250000e-02	2.749679e-04
-6.000000e-02	2.772403e-04
-5.750000e-02	2.795467e-04
-5.500000e-02	2.818877e-04
-5.250000e-02	2.842642e-04
-5.000000e-02	2.866769e-04
-4.750000e-02	2.891265e-04
-4.500000e-02	2.916138e-04
-4.250000e-02	2.941395e-04
-4.000000e-02	2.967046e-04
-3.750000e-02	2.993099e-04
-3.500000e-02	3.019562e-04
-3.250000e-02	3.046444e-04
-3.000000e-02	3.073755e-04
-2.750000e-02	3.101504e-04
-2.500000e-02	3.129700e-04
-2.250000e-02	3.158354e-04
-2.000000e-02	3.187475e-04
-1.750000e-02	3.217075e-04
-1.500000e-02	3.247163e-04
-1.250000e-02	3.277752e-04
-1.000000e-02	3.308853e-04
-7.500000e-03	3.340477e-04
-5.000000e-03	3.372636e-04
-2.500000e-03	3.405344e-04
9.379164e-13	3.438612e-04
2.500000e-03	3.472455e-04
5.000000e-03	3.506885e-04
7.500000e-03	3.541918e-04
1.000000e-02	3.577566e-04
1.250000e-02	3.613846e-04
1.500000e-02	3.650772e-04
1.750000e-02	3.688361e-04
2.000000e-02	3.726629e-04
2.250000e-02	3.765592e-04
2.500000e-02	3.805269e-04
2.750000e-02	3.845676e-04
3.000000e-02	3.886832e-04
3.250000e-02	3.928758e-04
3.500000e-02	3.971471e-04
3.750000e-02	4.014994e-04
4.000000e-02	4.059345e-04
4.250000e-02	4.104549e-04
4.500000e-02	4.150626e-04
4.750000e-02	4.197600e-04
5.000000e-02	4.245495e-04
5.250000e-02	4.294336e-04
5.500000e-02	4.344148e-04
5.750000e-02	4.394958e-04
6.000000e-02	4.446793e-04
6.250000e-02	4.499683e-04
6.500000e-02	4.553655e-04
6.750000e-02	4.608741e-04
7.000000e-02	4.664971e-04
7.250000e-02	4.722380e-04
7.500000e-02	4.781000e-04
7.750000e-02	4.840866e-04
8.000000e-02	4.902015e-04
8.250000e-02	4.964485e-04
8.500000e-02	5.028314e-04
8.750000e-02	5.093544e-04
9.000000e-02	5.160215e-04
9.250000e-02	5.228372e-04
9.500000e-02	5.298061e-04
9.750000e-02	5.369328e-04
1.000000e-01	5.442222e-04
1.025000e-01	5.516794e-04
1.050000e-01	5.593097e-04
1.075000e-01	5.671185e-04
1.100000e-01	5.751118e-04
1.125000e-01	5.832952e-04
1.150000e-01	5.916752e-04
1.175000e-01	6.002580e-04
1.200000e-01	6.090505e-04
1.225000e-01	6.180596e-04
1.250000e-01	6.272927e-04
1.275000e-01	6.367573e-04
1.300000e-01	6.464614e-04
1.325000e-01	6.564133e-04
1.350000e-01	6.666216e-04
1.375000e-01	6.770953e-04
1.400000e-01	6.878440e-04
1.425000e-01	6.988774e-04
1.450000e-01	7.102058e-04
1.475000e-01	7.218400e-04
1.500000e-01	7.337914e-04
1.525000e-01	7.460717e-04
1.550000e-01	7.586933e-04
1.575000e-01	7.716690e-04
1.600000e-01	7.850126e-04
1.625000e-01	7.987383e-04
1.650000e-01	8.128609e-04
1.675000e-01	8.273962e-04
1.700000e-01	8.423605e-04
1.725000e-01	8.577713e-04
1.750000e-01	8.736467e-04
1.775000e-01	8.900057e-04
1.800000e-01	9.068685e-04
1.825000e-01	9.242563e-04
1.850000e-01	9.421914e-04
1.875000e-01	9.606972e-04
1.900000e-01	9.797986e-04
1.925000e-01	9.995216e-04
1.950000e-01	1.019894e-03
1.975000e-01	1.040945e-03
2.000000e-01	1.062705e-03
2.025000e-01	1.085207e-03
2.050000e-01	1.108485e-03
2.075000e-01	1.132576e-03
2.100000e-01	1.157518e-03
2.125000e-01	1.183354e-03
2.150000e-01	1.210125e-03
2.175000e-01	1.237878e-03
2.200000e-01	1.266664e-03
2.225000e-01	1.296533e-03
2.250000e-01	1.327541e-03
2.275000e-01	1.359748e-03
2.300000e-01	1.393217e-03
2.325000e-01	1.428015e-03
2.350000e-01	1.464214e-03
2.375000e-01	1.501891e-03
2.400000e-01	1.541128e-03
2.425000e-01	1.582014e-03
2.450000e-01	1.624642e-03
2.475000e-01	1.669114e-03
2.500000e-01	1.715539e-03
2.525000e-01	1.764033e-03
2.550000e-01	1.814723e-03
2.575000e-01	1.867743e-03
2.600000e-01	1.923240e-03
2.625000e-01	1.981371e-03
2.650000e-01	2.042307e-03
2.675000e-01	2.106232e-03
2.700000e-01	2.173347e-03
2.725000e-01	2.243867e-03
2.750000e-01	2.318029e-03
2.775000e-01	2.396089e-03
2.800000e-01	2.478327e-03
2.825000e-01	2.565047e-03
2.850000e-01	2.656583e-03
2.875000e-01	2.753299e-03
2.900000e-01	2.855595e-03
2.925000e-01	2.963910e-03
2.950000e-01	3.078728e-03
2.975000e-01	3.200581e-03
3.000000e-01	3.330057e-03
3.025000e-01	3.467809e-03
3.050000e-01	3.614556e-03
3.075000e-01	3.771103e-03
3.100000e-01	3.938342e-03
3.125000e-01	4.117272e-03
3.150000e-01	4.309008e-03
3.175000e-01	4.514804e-03
3.200000e-01	4.736069e-03
3.225000e-01	4.974393e-03
3.250000e-01	5.231575e-03
3.275000e-01	5.509656e-03
3.300000e-01	5.810963e-03
3.325000e-01	6.138150e-03
3.350000e-01	6.494263e-03
3.375000e-01	6.882806e-03
3.400000e-01	7.307827e-03
3.425000e-01	7.774024e-03
3.450000e-01	8.286871e-03
3.475000e-01	8.852775e-03
3.500000e-01	9.479277e-03
3.525000e-01	1.017529e-02
3.550000e-01	1.095143e-02
3.575000e-01	1.182038e-02
3.600000e-01	1.279742e-02
3.625000e-01	1.390106e-02
3.650000e-01	1.515393e-02
3.675000e-01	1.658384e-02
3.700000e-01	1.822531e-02
3.725000e-01	2.012157e-02
3.750000e-01	2.232721e-02
3.775000e-01	2.491197e-02
3.800000e-01	2.796587e-02
3.825000e-01	3.160649e-02
3.850000e-01	3.598935e-02
3.875000e-01	4.132293e-02
3.900000e-01	4.789049e-02
3.925000e-01	5.608241e-02
3.950000e-01	6.644390e-02
3.975000e-01	7.974519e-02
4.000000e-01	9.708173e-02
4.025000e-01	1.200055e-01
4.050000e-01	1.506566e-01
4.075000e-01	1.917497e-01
4.100000e-01	2.459432e-01
4.125000e-01	3.134262e-01
4.150000e-01	3.862302e-01
4.175000e-01	4.420969e-01
4.200000e-01	4.526706e-01
4.225000e-01	4.114158e-01
4.250000e-01	3.417166e-01
4.275000e-01	2.705480e-01
4.300000e-01	2.109846e-01
4.325000e-01	1.651157e-01
4.350000e-01	1.307942e-01
4.375000e-01	1.051898e-01
4.400000e-01	8.592187e-02
4.425000e-01	7.122486e-02
4.450000e-01	5.984443e-02
4.475000e-01	5.089882e-02
4.500000e-01	4.376598e-02
4.525000e-01	3.800264e-02
4.550000e-01	3.328883e-02
4.575000e-01	2.939036e-02
4.600000e-01	2.613341e-02
4.625000e-01	2.338724e-02
4.650000e-01	2.105225e-02
4.675000e-01	1.905160e-02
4.700000e-01	1.732538e-02
4.725000e-01	1.582638e-02
4.750000e-01	1.451700e-02
4.775000e-01	1.336705e-02
4.800000e-01	1.235209e-02
4.825000e-01	1.145214e-02
4.850000e-01	1.065078e-02
4.875000e-01	9.934402e-03
4.900000e-01	9.291672e-03
4.925000e-01	8.713079e-03
4.950000e-01	8.190606e-03
4.975000e-01	7.717455e-03
5.000000e-01	7.287835e-03
5.025000e-01	6.896791e-03
5.050000e-01	6.540063e-03
5.075000e-01	6.213976e-03
5.100000e-01	5.915347e-03
5.125000e-01	5.641411e-03
5.150000e-01	5.389755e-03
5.175000e-01	5.158271e-03
5.200000e-01	4.945114e-03
5.225000e-01	4.748659e-03
5.250000e-01	4.567479e-03
5.275000e-01	4.400317e-03
5.300000e-01	4.246063e-03
5.325000e-01	4.103738e-03
5.350000e-01	3.972481e-03
5.375000e-01	3.851529e-03
5.400000e-01	3.740215e-03
5.425000e-01	3.637954e-03
5.450000e-01	3.544235e-03
5.475000e-01	3.458618e-03
5.500000e-01	3.380726e-03
5.525000e-01	3.310242e-03
5.550000e-01	3.246906e-03
5.575000e-01	3.190514e-03
5.600000e-01	3.140915e-03
5.625000e-01	3.098010e-03
5.650000e-01	3.061757e-03
5.675000e-01	3.032168e-03
5.700000e-01	3.009313e-03
5.725000e-01	2.993327e-03
5.750000e-01	2.984410e-03
5.775000e-01	2.982840e-03
5.800000e-01	2.988976e-03
5.825000e-01	3.003277e-03
5.850000e-01	3.026309e-03
5.875000e-01	3.058766e-03
5.900000e-01	3.101496e-03
5.925000e-01	3.155524e-03
5.950000e-01	3.222091e-03
5.975000e-01	3.302701e-03
6.000000e-01	3.399175e-03
6.025000e-01	3.513730e-03
6.050000e-01	3.649070e-03
6.075000e-01	3.808516e-03
6.100000e-01	3.996167e-03
6.125000e-01	4.217118e-03
6.150000e-01	4.477753e-03
6.175000e-01	4.786140e-03
6.200000e-01	5.152569e-03
6.225000e-01	5.590300e-03
6.250000e-01	6.116619e-03
6.275000e-01	6.754326e-03
6.300000e-01	7.533886e-03
6.325000e-01	8.496558e-03
6.350000e-01	9.698998e-03
6.375000e-01	1.122007e-02
6.400000e-01	1.317089e-02
6.425000e-01	1.570933e-02
6.450000e-01	1.905965e-02
6.475000e-01	2.353455e-02
6.500000e-01	2.954371e-02
6.525000e-01	3.753325e-02
6.550000e-01	4.770641e-02
6.575000e-01	5.927282e-02
6.600000e-01	6.934752e-02
6.625000e-01	7.332677e-02
6.650000e-01	6.880519e-02
6.675000e-01	5.847616e-02
6.700000e-01	4.691634e-02
6.725000e-01	3.685377e-02
6.750000e-01	2.898042e-02
6.775000e-01	2.306087e-02
6.800000e-01	1.864639e-02
6.825000e-01	1.533299e-02
6.850000e-01	1.281423e-02
6.875000e-01	1.087081e-02
6.900000e-01	9.348388e-03
6.925000e-01	8.138303e-03
6.950000e-01	7.163357e-03
6.975000e-01	6.368034e-03
7.000000e-01	5.711861e-03
7.025000e-01	5.164912e-03
7.050000e-01	4.704763e-03
7.075000e-01	4.314388e-03
7.100000e-01	3.980704e-03
7.125000e-01	3.693540e-03
7.150000e-01	3.444906e-03
7.175000e-01	3.228464e-03
7.200000e-01	3.039140e-03
7.225000e-01	2.872835e-03
7.250000e-01	2.726219e-03
7.275000e-01	2.596561e-03
7.300000e-01	2.481611e-03
7.325000e-01	2.379502e-03
7.350000e-01	2.288680e-03
7.375000e-01	2.207845e-03
7.400000e-01	2.135903e-03
7.425000e-01	2.071937e-03
7.450000e-01	2.015170e-03
7.475000e-01	1.964949e-03
7.500000e-01	1.920725e-03
7.525000e-01	1.882035e-03
7.550000e-01	1.848495e-03
7.575000e-01	1.819787e-03
7.600000e-01	1.795653e-03
7.625000e-01	1.775891e-03
7.650000e-01	1.760346e-03
7.675000e-01	1.748911e-03
7.700000e-01	1.741522e-03
7.725000e-01	1.738159e-03
7.750000e-01	1.738845e-03
7.775000e-01	1.743647e-03
7.800000e-01	1.752678e-03
7.825000e-01	1.766100e-03
7.850000e-01	1.784129e-03
7.875000e-01	1.807038e-03
7.900000e-01	1.835171e-03
7.925000e-01	1.868944e-03
7.950000e-01	1.908865e-03
7.975000e-01	1.955544e-03
8.000000e-01	2.009716e-03
8.025000e-01	2.072264e-03
8.050000e-01	2.144248e-03
8.075000e-01	2.226948e-03
8.100000e-01	2.321913e-03
8.125000e-01	2.431023e-03
8.150000e-01	2.556580e-03
8.175000e-01	2.701411e-03
8.200000e-01	2.869022e-03
8.225000e-01	3.063788e-03
8.250000e-01	3.291218e-03
8.275000e-01	3.558320e-03
8.300000e-01	3.874094e-03
8.325000e-01	4.250232e-03
8.350000e-01	4.702110e-03
8.375000e-01	5.250202e-03
8.400000e-01	5.922143e-03
8.425000e-01	6.755759e-03
8.450000e-01	7.803535e-03
8.475000e-01	9.139231e-03
8.500000e-01	1.086749e-02
8.525000e-01	1.313712e-02
8.550000e-01	1.615695e-02
8.575000e-01	2.020596e-02
8.600000e-01	2.560674e-02
8.625000e-01	3.257351e-02
8.650000e-01	4.076149e-02
8.675000e-01	4.847973e-02
8.700000e-01	5.254689e-02
8.725000e-01	5.060294e-02
8.750000e-01	4.384649e-02
8.775000e-01	3.556324e-02
8.800000e-01	2.807717e-02
8.825000e-01	2.213293e-02
8.850000e-01	1.764804e-02
8.875000e-01	1.431094e-02
8.900000e-01	1.181980e-02
8.925000e-01	9.940471e-03
8.950000e-01	8.504112e-03
8.975000e-01	7.391804e-03
9.000000e-01	6.519996e-03
9.025000e-01	5.829585e-03
9.050000e-01	5.278314e-03
9.075000e-01	4.835606e-03
9.100000e-01	4.479086e-03
9.125000e-01	4.192215e-03
9.150000e-01	3.962679e-03
9.175000e-01	3.781275e-03
9.200000e-01	3.641144e-03
9.225000e-01	3.537227e-03
9.250000e-01	3.465896e-03
9.275000e-01	3.424691e-03
9.300000e-01	3.412159e-03
9.325000e-01	3.427750e-03
9.350000e-01	3.471780e-03
9.375000e-01	3.545443e-03
9.400000e-01	3.650883e-03
9.425000e-01	3.791328e-03
9.450000e-01	3.971294e-03
9.475000e-01	4.196900e-03
9.500000e-01	4.476301e-03
9.525000e-01	4.820328e-03
9.550000e-01	5.243380e-03
9.575000e-01	5.764716e-03
9.600000e-01	6.410328e-03
9.625000e-01	7.215677e-03
9.650000e-01	8.229728e-03
9.675000e-01	9.520932e-03
9.700000e-01	1.118603e-02
9.725000e-01	1.336267e-02
9.750000e-01	1.624623e-02
9.775000e-01	2.010741e-02
9.800000e-01	2.529425e-02
9.825000e-01	3.216323e-02
9.850000e-01	4.079847e-02
9.875000e-01	5.031560e-02
9.900000e-01	5.800590e-02
9.925000e-01	6.010231e-02
9.950000e-01	5.531100e-02
9.975000e-01	4.640267e-02
1.000000e+00	3.701321e-02
1.002500e+00	2.904644e-02
1.005000e+00	2.287747e-02
1.007500e+00	1.825416e-02
1.010000e+00	1.480595e-02
1.012500e+00	1.221392e-02
1.015000e+00	1.023972e-02
1.017500e+00	8.713608e-03
1.020000e+00	7.516223e-03
1.022500e+00	6.563431e-03
1.025000e+00	5.795354e-03
1.027500e+00	5.168837e-03
1.030000e+00	4.652347e-03
1.032500e+00	4.222523e-03
1.035000e+00	3.861826e-03
1.037500e+00	3.556923e-03
1.040000e+00	3.297556e-03
1.042500e+00	3.075749e-03
1.045000e+00	2.885237e-03
1.047500e+00	2.721057e-03
1.050000e+00	2.579247e-03
1.052500e+00	2.456621e-03
1.055000e+00	2.350605e-03
1.057500e+00	2.259110e-03
1.060000e+00	2.180438e-03
1.062500e+00	2.113209e-03
1.065000e+00	2.056303e-03
1.067500e+00	2.008820e-03
1.070000e+00	1.970046e-03
1.072500e+00	1.939428e-03
1.075000e+00	1.916554e-03
1.077500e+00	1.901142e-03
1.080000e+00	1.893031e-03
1.082500e+00	1.892175e-03
1.085000e+00	1.898643e-03
1.087500e+00	1.912624e-03
1.090000e+00	1.934430e-03
1.092500e+00	1.964513e-03
1.095000e+00	2.003478e-03
1.097500e+00	2.052108e-03
1.100000e+00	2.111393e-03
1.102500e+00	2.182574e-03
1.105000e+00	2.267194e-03
1.107500e+00	2.367171e-03
1.110000e+00	2.484888e-03
1.112500e+00	2.623316e-03
1.115000e+00	2.786181e-03
1.117500e+00	2.978183e-03
1.120000e+00	3.205300e-03
1.122500e+00	3.475198e-03
1.125000e+00	3.797815e-03
1.127500e+00	4.186173e-03
1.130000e+00	4.657547e-03
1.132500e+00	5.235146e-03
1.135000e+00	5.950582e-03
1.137500e+00	6.847508e-03
1.140000e+00	7.986994e-03
1.142500e+00	9.455429e-03
1.145000e+00	1.137572e-02
1.147500e+00	1.392176e-02
1.150000e+00	1.733193e-02
1.152500e+00	2.190369e-02
1.155000e+00	2.791160e-02
1.157500e+00	3.531337e-02
1.160000e+00	4.309691e-02
1.162500e+00	4.869232e-02
1.165000e+00	4.914849e-02
1.167500e+00	4.417986e-02
1.170000e+00	3.652199e-02
1.172500e+00	2.895166e-02
1.175000e+00	2.270284e-02
1.177500e+00	1.791619e-02
1.180000e+00	1.433904e-02
1.182500e+00	1.166880e-02
1.185000e+00	9.656585e-03
1.187500e+00	8.119232e-03
1.190000e+00	6.926918e-03
1.192500e+00	5.988393e-03
1.195000e+00	5.239225e-03
1.197500e+00	4.633439e-03
1.200000e+00	4.137794e-03
1.202500e+00	3.727928e-03
1.205000e+00	3.385730e-03
1.207500e+00	3.097560e-03
1.210000e+00	2.853013e-03
1.212500e+00	2.644057e-03
1.215000e+00	2.464423e-03
1.217500e+00	2.309168e-03
1.220000e+00	2.174355e-03
1.222500e+00	2.056826e-03
1.225000e+00	1.954021e-03
1.227500e+00	1.863855e-03
1.230000e+00	1.784614e-03
1.232500e+00	1.714886e-03
1.235000e+00	1.653494e-03
1.237500e+00	1.599460e-03
1.240000e+00	1.551964e-03
1.242500e+00	1.510317e-03
1.245000e+00	1.473938e-03
1.247500e+00	1.442340e-03
1.250000e+00	1.415111e-03
1.252500e+00	1.391904e-03
1.255000e+00	1.372431e-03
1.257500e+00	1.356449e-03
1.260000e+00	1.343761e-03
1.262500e+00	1.334207e-03
1.265000e+00	1.327659e-03
1.267500e+00	1.324023e-03
1.270000e+00	1.323232e-03
1.272500e+00	1.325246e-03
1.275000e+00	1.330052e-03
1.277500e+00	1.337661e-03
1.280000e+00	1.348110e-03
1.282500e+00	1.361461e-03
1.285000e+00	1.377804e-03
1.287500e+00	1.397255e-03
1.290000e+00	1.419961e-03
1.292500e+00	1.446102e-03
1.295000e+00	1.475891e-03
1.297500e+00	1.509585e-03
1.300000e+00	1.547481e-03
1.302500e+00	1.589931e-03
1.305000e+00	1.637343e-03
1.307500e+00	1.690192e-03
1.310000e+00	1.749034e-03
1.312500e+00	1.814515e-03
1.315000e+00	1.887390e-03
1.317500e+00	1.968544e-03
1.320000e+00	2.059015e-03
1.322500e+00	2.160026e-03
1.325000e+00	2.273028e-03
1.327500e+00	2.399742e-03
1.330000e+00	2.542228e-03
1.332500e+00	2.702963e-03
1.335000e+00	2.884941e-03
1.337500e+00	3.091807e-03
1.340000e+00	3.328036e-03
1.342500e+00	3.599154e-03
1.345000e+00	3.912056e-03
1.347500e+00	4.275413e-03
1.350000e+00	4.700243e-03
1.352500e+00	5.200692e-03
1.355000e+00	5.795133e-03
1.357500e+00	6.507717e-03
1.360000e+00	7.370603e-03
1.362500e+00	8.427197e-03
1.365000e+00	9.736906e-03
1.367500e+00	1.138217e-02
1.370000e+00	1.347884e-02
1.372500e+00	1.619130e-02
1.375000e+00	1.975327e-02
1.377500e+00	2.449276e-02
1.380000e+00	3.084784e-02
1.382500e+00	3.932469e-02
1.385000e+00	5.025819e-02
1.387500e+00	6.310286e-02
1.390000e+00	7.519717e-02
1.392500e+00	8.154501e-02
1.395000e+00	7.845540e-02
1.397500e+00	6.782616e-02
1.400000e+00	5.481466e-02
1.402500e+00	4.305961e-02
1.405000e+00	3.372355e-02
1.407500e+00	2.667479e-02
1.410000e+00	2.142400e-02
1.412500e+00	1.749775e-02
1.415000e+00	1.452878e-02
1.417500e+00	1.225233e-02
1.420000e+00	1.048184e-02
1.422500e+00	9.086187e-03
1.425000e+00	7.972581e-03
1.427500e+00	7.074613e-03
1.430000e+00	6.344183e-03
1.432500e+00	5.746043e-03
1.435000e+00	5.254101e-03
1.437500e+00	4.848902e-03
1.440000e+00	4.515900e-03
1.442500e+00	4.244272e-03
1.445000e+00	4.026107e-03
1.447500e+00	3.855866e-03
1.450000e+00	3.730059e-03
1.452500e+00	3.647092e-03
1.455000e+00	3.607285e-03
1.457500e+00	3.613068e-03
1.460000e+00	3.669407e-03
1.462500e+00	3.784518e-03
1.465000e+00	3.971017e-03
1.467500e+00	4.247668e-03
1.470000e+00	4.641976e-03
1.472500e+00	5.193779e-03
1.475000e+00	5.959512e-03
1.477500e+00	7.014755e-03
1.480000e+00	8.446254e-03
1.482500e+00	1.030848e-02
1.485000e+00	1.249725e-02
1.487500e+00	1.453539e-02
1.490000e+00	1.555262e-02
1.492500e+00	1.493920e-02
1.495000e+00	1.305904e-02
1.497500e+00	1.080471e-02
1.500000e+00	8.786929e-03
1.502500e+00	7.193934e-03
1.505000e+00	5.998689e-03
1.507500e+00	5.116460e-03
1.510000e+00	4.466563e-03
1.512500e+00	3.986928e-03
1.515000e+00	3.633194e-03
1.517500e+00	3.374542e-03
1.520000e+00	3.189831e-03
1.522500e+00	3.064748e-03
1.525000e+00	2.989856e-03
1.527500e+00	2.959331e-03
1.530000e+00	2.970177e-03
1.532500e+00	3.021807e-03
1.535000e+00	3.115887e-03
1.537500e+00	3.256437e-03
1.540000e+00	3.450183e-03
1.542500e+00	3.707218e-03
1.545000e+00	4.042068e-03
1.547500e+00	4.475337e-03
1.550000e+00	5.036203e-03
1.552500e+00	5.766139e-03
1.555000e+00	6.724375e-03
1.557500e+00	7.995504e-03
1.560000e+00	9.698720e-03
1.562500e+00	1.199434e-02
1.565000e+00	1.507089e-02
1.567500e+00	1.906402e-02
1.570000e+00	2.380825e-02
1.572500e+00	2.838164e-02
1.575000e+00	3.095627e-02
1.577500e+00	3.004612e-02
1.580000e+00	2.620273e-02
1.582500e+00	2.133390e-02
1.585000e+00	1.687043e-02
1.587500e+00	1.330128e-02
1.590000e+00	1.059769e-02
1.592500e+00	8.579923e-03
1.595000e+00	7.068750e-03
1.597500e+00	5.923869e-03
1.600000e+00	5.043767e-03
1.602500e+00	4.356830e-03
1.605000e+00	3.812690e-03
1.607500e+00	3.375670e-03
1.610000e+00	3.020203e-03
1.612500e+00	2.727717e-03
1.615000e+00	2.484533e-03
1.617500e+00	2.280437e-03
1.620000e+00	2.107699e-03
1.622500e+00	1.960395e-03
1.625000e+00	1.833934e-03
1.627500e+00	1.724718e-03
1.630000e+00	1.629898e-03
1.632500e+00	1.547199e-03
1.635000e+00	1.474784e-03
1.637500e+00	1.411164e-03
1.640000e+00	1.355118e-03
1.642500e+00	1.305640e-03
1.645000e+00	1.261899e-03
1.647500e+00	1.223197e-03
1.650000e+00	1.188955e-03
1.652500e+00	1.158680e-03
1.655000e+00	1.131961e-03
1.657500e+00	1.108447e-03
1.660000e+00	1.087840e-03
1.662500e+00	1.069887e-03
1.665000e+00	1.054374e-03
1.667500e+00	1.041118e-03
1.670000e+00	1.029963e-03
1.672500e+00	1.020779e-03
1.675000e+00	1.013457e-03
1.677500e+00	1.007905e-03
1.680000e+00	1.004048e-03
1.682500e+00	1.001828e-03
1.685000e+00	1.001199e-03
1.687500e+00	1.002128e-03
1.690000e+00	1.004593e-03
1.692500e+00	1.008585e-03
1.695000e+00	1.014104e-03
1.697500e+00	1.021162e-03
1.700000e+00	1.029781e-03
1.702500e+00	1.039993e-03
1.705000e+00	1.051844e-03
1.707500e+00	1.065386e-03
1.710000e+00	1.080689e-03
1.712500e+00	1.097830e-03
1.715000e+00	1.116904e-03
1.717500e+00	1.138019e-03
1.720000e+00	1.161298e-03
1.722500e+00	1.186886e-03
1.725000e+00	1.214944e-03
1.727500e+00	1.245657e-03
1.730000e+00	1.279236e-03
1.732500e+00	1.315920e-03
1.735000e+00	1.355980e-03
1.737500e+00	1.399725e-03
1.740000e+00	1.447509e-03
1.742500e+00	1.499732e-03
1.745000e+00	1.556855e-03
1.747500e+00	1.619404e-03
1.750000e+00	1.687987e-03
1.752500e+00	1.763301e-03
1.755000e+00	1.846158e-03
1.757500e+00	1.937496e-03
1.760000e+00	2.038413e-03
1.762500e+00	2.150195e-03
1.765000e+00	2.274354e-03
1.767500e+00	2.412682e-03
1.770000e+00	2.567308e-03
1.772500e+00	2.740781e-03
1.775000e+00	2.936169e-03
1.777500e+00	3.157192e-03
1.780000e+00	3.408389e-03
1.782500e+00	3.695347e-03
1.785000e+00	4.024991e-03
1.787500e+00	4.405989e-03
1.790000e+00	4.849291e-03
1.792500e+00	5.368870e-03
1.795000e+00	5.982755e-03
1.797500e+00	6.714485e-03
1.800000e+00	7.595171e-03
1.802500e+00	8.666491e-03
1.805000e+00	9.985043e-03
1.807500e+00	1.162877e-02
1.810000e+00	1.370646e-02
1.812500e+00	1.637175e-02
1.815000e+00	1.984308e-02
1.817500e+00	2.443010e-02
1.820000e+00	3.056066e-02
1.822500e+00	3.878063e-02
1.825000e+00	4.963531e-02
1.827500e+00	6.320385e-02
1.830000e+00	7.797744e-02
1.832500e+00	8.957679e-02
1.835000e+00	9.220775e-02
1.837500e+00	8.425278e-02
1.840000e+00	7.027010e-02
1.842500e+00	5.580381e-02
1.845000e+00	4.363106e-02
1.847500e+00	3.424095e-02
1.850000e+00	2.721672e-02
1.852500e+00	2.198476e-02
1.855000e+00	1.805825e-02
1.857500e+00	1.507546e-02
1.860000e+00	1.277975e-02
1.862500e+00	1.099159e-02
1.865000e+00	9.585554e-03
1.867500e+00	8.474064e-03
1.870000e+00	7.596353e-03
1.872500e+00	6.911391e-03
1.875000e+00	6.393440e-03
1.877500e+00	6.029098e-03
1.880000e+00	5.814008e-03
1.882500e+00	5.745060e-03
1.885000e+00	5.799704e-03
1.887500e+00	5.897199e-03
1.890000e+00	5.878833e-03
1.892500e+00	5.601500e-03
1.895000e+00	5.089936e-03
1.897500e+00	4.499570e-03
1.900000e+00	3.956643e-03
1.902500e+00	3.506353e-03
1.905000e+00	3.146415e-03
1.907500e+00	2.860023e-03
1.910000e+00	2.630071e-03
1.912500e+00	2.442928e-03
1.915000e+00	2.288537e-03
1.917500e+00	2.159642e-03
1.920000e+00	2.051011e-03
1.922500e+00	1.958837e-03
1.925000e+00	1.880317e-03
1.927500e+00	1.813363e-03
1.930000e+00	1.756402e-03
1.932500e+00	1.708247e-03
1.935000e+00	1.668000e-03
1.937500e+00	1.634991e-03
1.940000e+00	1.608733e-03
1.942500e+00	1.588893e-03
1.945000e+00	1.575272e-03
1.947500e+00	1.567793e-03
1.950000e+00	1.566496e-03
1.952500e+00	1.571539e-03
1.955000e+00	1.583205e-03
1.957500e+00	1.601911e-03
1.960000e+00	1.628226e-03
1.962500e+00	1.662903e-03
1.965000e+00	1.706906e-03
1.967500e+00	1.761462e-03
1.970000e+00	1.828128e-03
1.972500e+00	1.908870e-03
1.975000e+00	2.006186e-03
1.977500e+00	2.123265e-03
1.980000e+00	2.264202e-03
1.982500e+00	2.434305e-03
1.985000e+00	2.640522e-03
1.987500e+00	2.892053e-03
1.990000e+00	3.201229e-03
1.992500e+00	3.584794e-03
1.995000e+00	4.065797e-03
1.997500e+00	4.676389e-03
2.000000e+00	5.461940e-03
2.002500e+00	6.486959e-03
2.005000e+00	7.843011e-03
2.007500e+00	9.657178e-03
2.010000e+00	1.209372e-02
2.012500e+00	1.532393e-02
2.015000e+00	1.939937e-02
2.017500e+00	2.393064e-02
2.020000e+00	2.767149e-02
2.022500e+00	2.882186e-02
2.025000e+00	2.667540e-02
2.027500e+00	2.248442e-02
2.030000e+00	1.799931e-02
2.032500e+00	1.416886e-02
2.035000e+00	1.119496e-02
2.037500e+00	8.964398e-03
2.040000e+00	7.300834e-03
2.042500e+00	6.050789e-03
2.045000e+00	5.099137e-03
2.047500e+00	4.363784e-03
2.050000e+00	3.786994e-03
2.052500e+00	3.328081e-03
2.055000e+00	2.958103e-03
2.057500e+00	2.656210e-03
2.060000e+00	2.407174e-03
2.062500e+00	2.199718e-03
2.065000e+00	2.025377e-03
2.067500e+00	1.877714e-03
2.070000e+00	1.751776e-03
2.072500e+00	1.643707e-03
2.075000e+00	1.550474e-03
2.077500e+00	1.469669e-03
2.080000e+00	1.399362e-03
2.082500e+00	1.337995e-03
2.085000e+00	1.284298e-03
2.087500e+00	1.237233e-03
2.090000e+00	1.195940e-03
2.092500e+00	1.159709e-03
2.095000e+00	1.127948e-03
2.097500e+00	1.100162e-03
2.100000e+00	1.075933e-03
2.102500e+00	1.054914e-03
2.105000e+00	1.036807e-03
2.107500e+00	1.021366e-03
2.110000e+00	1.008381e-03
2.112500e+00	9.976766e-04
2.115000e+00	9.891060e-04
2.117500e+00	9.825482e-04
2.120000e+00	9.779042e-04
2.122500e+00	9.750950e-04
2.125000e+00	9.740592e-04
2.127500e+00	9.747519e-04
2.130000e+00	9.771434e-04
2.132500e+00	9.812183e-04
2.135000e+00	9.869748e-04
2.137500e+00	9.944244e-04
2.140000e+00	1.003592e-03
2.142500e+00	1.014516e-03
2.145000e+00	1.027247e-03
2.147500e+00	1.041853e-03
2.150000e+00	1.058415e-03
2.152500e+00	1.077029e-03
2.155000e+00	1.097811e-03
2.157500e+00	1.120894e-03
2.160000e+00	1.146435e-03
2.162500e+00	1.174612e-03
2.165000e+00	1.205632e-03
2.167500e+00	1.239730e-03
2.170000e+00	1.277176e-03
2.172500e+00	1.318283e-03
2.175000e+00	1.363405e-03
2.177500e+00	1.412951e-03
2.180000e+00	1.467393e-03
2.182500e+00	1.527275e-03
2.185000e+00	1.593226e-03
2.187500e+00	1.665977e-03
2.190000e+00	1.746381e-03
2.192500e+00	1.835435e-03
2.195000e+00	1.934312e-03
2.197500e+00	2.044398e-03
2.200000e+00	2.167338e-03
2.202500e+00	2.305096e-03
2.205000e+00	2.460032e-03
2.207500e+00	2.634999e-03
2.210000e+00	2.833470e-03
2.212500e+00	3.059706e-03
2.215000e+00	3.318976e-03
2.217500e+00	3.617850e-03
2.220000e+00	3.964600e-03
2.222500e+00	4.369743e-03
2.225000e+00	4.846797e-03
2.227500e+00	5.413335e-03
2.230000e+00	6.092485e-03
2.232500e+00	6.915088e-03
2.235000e+00	7.922830e-03
2.237500e+00	9.172851e-03
2.240000e+00	1.074456e-02
2.242500e+00	1.274970e-02
2.245000e+00	1.534689e-02
2.247500e+00	1.876154e-02
2.250000e+00	2.330868e-02
2.252500e+00	2.940427e-02
2.255000e+00	3.751250e-02
2.257500e+00	4.788474e-02
2.260000e+00	5.983167e-02
2.262500e+00	7.057801e-02
2.265000e+00	7.540999e-02
2.267500e+00	7.147772e-02
2.270000e+00	6.119037e-02
2.272500e+00	4.930750e-02
2.275000e+00	3.885141e-02
2.277500e+00	3.066949e-02
2.280000e+00	2.456833e-02
2.282500e+00	2.009896e-02
2.285000e+00	1.685182e-02
2.287500e+00	1.452144e-02
2.290000e+00	1.289467e-02
2.292500e+00	1.181383e-02
2.295000e+00	1.112146e-02
2.297500e+00	1.060402e-02
2.300000e+00	1.002404e-02
2.302500e+00	9.290442e-03
2.305000e+00	8.526553e-03
2.307500e+00	7.906644e-03
2.310000e+00	7.531883e-03
2.312500e+00	7.444217e-03
2.315000e+00	7.670933e-03
2.317500e+00	8.241830e-03
2.320000e+00	9.165232e-03
2.322500e+00	1.034377e-02
2.325000e+00	1.144205e-02
2.327500e+00	1.189099e-02
2.330000e+00	1.130205e-02
2.332500e+00	9.907449e-03
2.335000e+00	8.282636e-03
2.337500e+00	6.825941e-03
2.340000e+00	5.660442e-03
2.342500e+00	4.766915e-03
2.345000e+00	4.087643e-03
2.347500e+00	3.567541e-03
2.350000e+00	3.163926e-03
2.352500e+00	2.845924e-03
2.355000e+00	2.591667e-03
2.357500e+00	2.385678e-03
2.360000e+00	2.216912e-03
2.362500e+00	2.077400e-03
2.365000e+00	1.961314e-03
2.367500e+00	1.864342e-03
2.370000e+00	1.783264e-03
2.372500e+00	1.715657e-03
2.375000e+00	1.659694e-03
2.377500e+00	1.614004e-03
2.380000e+00	1.577572e-03
2.382500e+00	1.549672e-03
2.385000e+00	1.529822e-03
2.387500e+00	1.517753e-03
2.390000e+00	1.513393e-03
2.392500e+00	1.516863e-03
2.395000e+00	1.528483e-03
2.397500e+00	1.548788e-03
2.400000e+00	1.578560e-03
2.402500e+00	1.618875e-03
2.405000e+00	1.671164e-03
2.407500e+00	1.737309e-03
2.410000e+00	1.819771e-03
2.412500e+00	1.921768e-03
2.415000e+00	2.047528e-03
2.417500e+00	2.202650e-03
2.420000e+00	2.394621e-03
2.422500e+00	2.633559e-03
2.425000e+00	2.933318e-03
2.427500e+00	3.313108e-03
2.430000e+00	3.799896e-03
2.432500e+00	4.431918e-03
2.435000e+00	5.263599e-03
2.437500e+00	6.371694e-03
2.440000e+00	7.860267e-03
2.442500e+00	9.854935e-03
2.445000e+00	1.245753e-02
2.447500e+00	1.559854e-02
2.450000e+00	1.874322e-02
2.452500e+00	2.072293e-02
2.455000e+00	2.043295e-02
2.457500e+00	1.804993e-02
2.460000e+00	1.481222e-02
2.462500e+00	1.176050e-02
2.465000e+00	9.291998e-03
2.467500e+00	7.415139e-03
2.470000e+00	6.014450e-03
2.472500e+00	4.967431e-03
2.475000e+00	4.176472e-03
2.477500e+00	3.570531e-03
2.480000e+00	3.099432e-03
2.482500e+00	2.727918e-03
2.485000e+00	2.431084e-03
2.487500e+00	2.191157e-03
2.490000e+00	1.995314e-03
2.492500e+00	1.834213e-03
2.495000e+00	1.701003e-03
2.497500e+00	1.590632e-03
2.500000e+00	1.499315e-03
2.502500e+00	1.423936e-03
2.505000e+00	1.361204e-03
2.507500e+00	1.306769e-03
2.510000e+00	1.255886e-03
2.512500e+00	1.206393e-03
2.515000e+00	1.159780e-03
2.517500e+00	1.118293e-03
2.520000e+00	1.082805e-03
2.522500e+00	1.053045e-03
2.525000e+00	1.028338e-03
2.527500e+00	1.007999e-03
2.530000e+00	9.914577e-04
2.532500e+00	9.782674e-04
2.535000e+00	9.680875e-04
2.537500e+00	9.606599e-04
2.540000e+00	9.557922e-04
2.542500e+00	9.533436e-04
2.545000e+00	9.532168e-04
2.547500e+00	9.553505e-04
2.550000e+00	9.597165e-04
2.552500e+00	9.663159e-04
2.555000e+00	9.751789e-04
2.557500e+00	9.863635e-04
2.560000e+00	9.999572e-04
2.562500e+00	1.016078e-03
2.565000e+00	1.034876e-03
2.567500e+00	1.056540e-03
2.570000e+00	1.081300e-03
2.572500e+00	1.109431e-03
2.575000e+00	1.141267e-03
2.577500e+00	1.177205e-03
2.580000e+00	1.217722e-03
2.582500e+00	1.263389e-03
2.585000e+00	1.314892e-03
2.587500e+00	1.373056e-03
2.590000e+00	1.438883e-03
2.592500e+00	1.513595e-03
2.595000e+00	1.598691e-03
2.597500e+00	1.696024e-03
2.600000e+00	1.807904e-03
2.602500e+00	1.937241e-03
2.605000e+00	2.087732e-03
2.607500e+00	2.264128e-03
2.610000e+00	2.472610e-03
2.612500e+00	2.721316e-03
2.615000e+00	3.021109e-03
2.617500e+00	3.386691e-03
2.620000e+00	3.838240e-03
2.622500e+00	4.403817e-03
2.625000e+00	5.122866e-03
2.627500e+00	6.051078e-03
2.630000e+00	7.266396e-03
2.632500e+00	8.873744e-03
2.635000e+00	1.099935e-02
2.637500e+00	1.374974e-02
2.640000e+00	1.709332e-02
2.642500e+00	2.067340e-02
2.645000e+00	2.375400e-02
2.647500e+00	2.545996e-02
2.650000e+00	2.509199e-02
2.652500e+00	2.265294e-02
2.655000e+00	1.911853e-02
2.657500e+00	1.562375e-02
2.660000e+00	1.274557e-02
2.662500e+00	1.057571e-02
2.665000e+00	9.009840e-03
2.667500e+00	7.912772e-03
2.670000e+00	7.173445e-03
2.672500e+00	6.713773e-03
2.675000e+00	6.484513e-03
2.677500e+00	6.459650e-03
2.680000e+00	6.631998e-03
2.682500e+00	7.009089e-03
2.685000e+00	7.605420e-03
2.687500e+00	8.423929e-03
2.690000e+00	9.427089e-03
2.692500e+00	1.054207e-02
2.695000e+00	1.176836e-02
2.697500e+00	1.328748e-02
2.700000e+00	1.540235e-02
2.702500e+00	1.842617e-02
2.705000e+00	2.263202e-02
2.707500e+00	2.812688e-02
2.710000e+00	3.445376e-02
2.712500e+00	3.998565e-02
2.715000e+00	4.214301e-02
2.717500e+00	3.958597e-02
2.720000e+00	3.382419e-02
2.722500e+00	2.741244e-02
2.725000e+00	2.187213e-02
2.727500e+00	1.759200e-02
2.730000e+00	1.444804e-02
2.732500e+00	1.220225e-02
2.735000e+00	1.064789e-02
2.737500e+00	9.641120e-03
2.740000e+00	9.097773e-03
2.742500e+00	8.981973e-03
2.745000e+00	9.287743e-03
2.747500e+00	9.996279e-03
2.750000e+00	1.097742e-02
2.752500e+00	1.185064e-02
2.755000e+00	1.203250e-02
2.757500e+00	1.122024e-02
2.760000e+00	9.741386e-03
2.762500e+00	8.151648e-03
2.765000e+00	6.778790e-03
2.767500e+00	5.702565e-03
2.770000e+00	4.890990e-03
2.772500e+00	4.287425e-03
2.775000e+00	3.841896e-03
2.777500e+00	3.517530e-03
2.780000e+00	3.289394e-03
2.782500e+00	3.142081e-03
2.785000e+00	3.067832e-03
2.787500e+00	3.065550e-03
2.790000e+00	3.140682e-03
2.792500e+00	3.305776e-03
2.795000e+00	3.581205e-03
2.797500e+00	3.994564e-03
2.800000e+00	4.575844e-03
2.802500e+00	5.346188e-03
2.805000e+00	6.299998e-03
2.807500e+00	7.357895e-03
2.810000e+00	8.261137e-03
2.812500e+00	8.574491e-03
2.815000e+00	8.054107e-03
2.817500e+00	6.956367e-03
2.820000e+00	5.737601e-03
2.822500e+00	4.675045e-03
2.825000e+00	3.840092e-03
2.827500e+00	3.208918e-03
2.830000e+00	2.735501e-03
2.832500e+00	2.378298e-03
2.835000e+00	2.105795e-03
2.837500e+00	1.895474e-03
2.840000e+00	1.731559e-03
2.842500e+00	1.603046e-03
2.845000e+00	1.502268e-03
2.847500e+00	1.423914e-03
2.850000e+00	1.364385e-03
2.852500e+00	1.321385e-03
2.855000e+00	1.293689e-03
2.857500e+00	1.281037e-03
2.860000e+00	1.284152e-03
2.862500e+00	1.304887e-03
2.865000e+00	1.346514e-03
2.867500e+00	1.414208e-03
2.870000e+00	1.515762e-03
2.872500e+00	1.662481e-03
2.875000e+00	1.869879e-03
2.877500e+00	2.156624e-03
2.880000e+00	2.537161e-03
2.882500e+00	2.998358e-03
2.885000e+00	3.454496e-03
2.887500e+00	3.725867e-03
2.890000e+00	3.652479e-03
2.892500e+00	3.272941e-03
2.895000e+00	2.776432e-03
2.897500e+00	2.314478e-03
2.900000e+00	1.942371e-03
2.902500e+00	1.659542e-03
2.905000e+00	1.448252e-03
2.907500e+00	1.290203e-03
2.910000e+00	1.170934e-03
2.912500e+00	1.079960e-03
2.915000e+00	1.009899e-03
2.917500e+00	9.555862e-04
2.920000e+00	9.134014e-04
2.922500e+00	8.807964e-04
2.925000e+00	8.559790e-04
2.927500e+00	8.377015e-04
2.930000e+00	8.251245e-04
2.932500e+00	8.177314e-04
2.935000e+00	8.152804e-04
2.937500e+00	8.177884e-04
2.940000e+00	8.255429e-04
2.942500e+00	8.391464e-04
2.945000e+00	8.595984e-04
2.947500e+00	8.884286e-04
2.950000e+00	9.278880e-04
2.952500e+00	9.811861e-04
2.955000e+00	1.052669e-03
2.957500e+00	1.147554e-03
2.960000e+00	1.270215e-03
2.962500e+00	1.419468e-03
2.965000e+00	1.581329e-03
2.967500e+00	1.725940e-03
2.970000e+00	1.817279e-03
2.972500e+00	1.840109e-03
2.975000e+00	1.824719e-03
2.977500e+00	1.825048e-03
2.980000e+00	1.876749e-03
2.982500e+00	1.979426e-03
2.985000e+00	2.090063e-03
2.987500e+00	2.132646e-03
2.990000e+00	2.057955e-03
2.992500e+00	1.897445e-03
2.995000e+00	1.721067e-03
2.997500e+00	1.574126e-03
