#omega	spectral weight
-6.000000e+00	2.872717e-05
-5.997500e+00	2.875130e-05
-5.995000e+00	2.877547e-05
-5.992500e+00	2.879968e-05
-5.990000e+00	2.882393e-05
-5.987500e+00	2.884822e-05
-5.985000e+00	2.887255e-05
-5.982500e+00	2.889692e-05
-5.980000e+00	2.892133e-05
-5.977500e+00	2.894577e-05
-5.975000e+00	2.897026e-05
-5.972500e+00	2.899479e-05
-5.970000e+00	2.901936e-05
-5.967500e+00	2.904396e-05
-5.965000e+00	2.906861e-05
-5.962500e+00	2.909330e-05
-5.960000e+00	2.911802e-05
-5.957500e+00	2.914279e-05
-5.955000e+00	2.916760e-05
-5.952500e+00	2.919245e-05
-5.950000e+00	2.921733e-05
-5.947500e+00	2.924226e-05
-5.945000e+00	2.926724e-05
-5.942500e+00	2.929225e-05
-5.940000e+00	2.931730e-05
-5.937500e+00	2.934239e-05
-5.935000e+00	2.936753e-05
-5.932500e+00	2.939270e-05
-5.930000e+00	2.941792e-05
-5.927500e+00	2.944318e-05
-5.925000e+00	2.946848e-05
-5.922500e+00	2.949383e-05
-5.920000e+00	2.951921e-05
-5.917500e+00	2.954464e-05
-5.915000e+00	2.957011e-05
-5.912500e+00	2.959562e-05
-5.910000e+00	2.962117e-05
-5.907500e+00	2.964677e-05
-5.905000e+00	2.967240e-05
-5.902500e+00	2.969808e-05
-5.900000e+00	2.972381e-05
-5.897500e+00	2.974957e-05
-5.895000e+00	2.977538e-05
-5.892500e+00	2.980123e-05
-5.890000e+00	2.982713e-05
-5.887500e+00	2.985307e-05
-5.885000e+00	2.987905e-05
-5.882500e+00	2.990507e-05
-5.880000e+00	2.993114e-05
-5.877500e+00	2.995725e-05
-5.875000e+00	2.998341e-05
-5.872500e+00	3.000961e-05
-5.870000e+00	3.003585e-05
-5.867500e+00	3.006214e-05
-5.865000e+00	3.008847e-05
-5.862500e+00	3.011485e-05
-5.860000e+00	3.014127e-05
-5.857500e+00	3.016773e-05
-5.855000e+00	3.019424e-05
-5.852500e+00	3.022079e-05
-5.850000e+00	3.024739e-05
-5.847500e+00	3.027404e-05
-5.845000e+00	3.030072e-05
-5.842500e+00	3.032746e-05
-5.840000e+00	3.035424e-05
-5.837500e+00	3.038106e-05
-5.835000e+00	3.040793e-05
-5.832500e+00	3.043485e-05
-5.830000e+00	3.046181e-05
-5.827500e+00	3.048882e-05
-5.825000e+00	3.051587e-05
-5.822500e+00	3.054297e-05
-5.820000e+00	3.057011e-05
-5.817500e+00	3.059731e-05
-5.815000e+00	3.062454e-05
-5.812500e+00	3.065183e-05
-5.810000e+00	3.067916e-05
-5.807500e+00	3.070654e-05
-5.805000e+00	3.073396e-05
-5.802500e+00	3.076143e-05
-5.800000e+00	3.078895e-05
-5.797500e+00	3.081652e-05
-5.795000e+00	3.084413e-05
-5.792500e+00	3.087179e-05
-5.790000e+00	3.089950e-05
-5.787500e+00	3.092726e-05
-5.785000e+00	3.095506e-05
-5.782500e+00	3.098291e-05
-5.780000e+00	3.101081e-05
-5.777500e+00	3.103876e-05
-5.775000e+00	3.106676e-05
-5.772500e+00	3.109480e-05
-5.770000e+00	3.112290e-05
-5.767500e+00	3.115104e-05
-5.765000e+00	3.117923e-05
-5.762500e+00	3.120747e-05
-5.760000e+00	3.123576e-05
-5.757500e+00	3.126410e-05
-5.755000e+00	3.129249e-05
-5.752500e+00	3.132092e-05
-5.750000e+00	3.134941e-05
-5.747500e+00	3.137794e-05
-5.745000e+00	3.140653e-05
-5.742500e+00	3.143517e-05
-5.740000e+00	3.146385e-05
-5.737500e+00	3.149259e-05
-5.735000e+00	3.152137e-05
-5.732500e+00	3.155021e-05
-5.730000e+00	3.157910e-05
-5.727500e+00	3.160804e-05
-5.725000e+00	3.163702e-05
-5.722500e+00	3.166606e-05
-5.720000e+00	3.169516e-05
-5.717500e+00	3.172430e-05
-5.715000e+00	3.175349e-05
-5.712500e+00	3.178274e-05
-5.710000e+00	3.181203e-05
-5.707500e+00	3.184138e-05
-5.705000e+00	3.187078e-05
-5.702500e+00	3.190023e-05
-5.700000e+00	3.192974e-05
-5.697500e+00	3.195929e-05
-5.695000e+00	3.198890e-05
-5.692500e+00	3.201856e-05
-5.690000e+00	3.204828e-05
-5.687500e+00	3.207805e-05
-5.685000e+00	3.210787e-05
-5.682500e+00	3.213774e-05
-5.680000e+00	3.216767e-05
-5.677500e+00	3.219765e-05
-5.675000e+00	3.222768e-05
-5.672500e+00	3.225777e-05
-5.670000e+00	3.228791e-05
-5.667500e+00	3.231810e-05
-5.665000e+00	3.234835e-05
-5.662500e+00	3.237865e-05
-5.660000e+00	3.240901e-05
-5.657500e+00	3.243942e-05
-5.655000e+00	3.246989e-05
-5.652500e+00	3.250041e-05
-5.650000e+00	3.253099e-05
-5.647500e+00	3.256162e-05
-5.645000e+00	3.259231e-05
-5.642500e+00	3.262305e-05
-5.640000e+00	3.265384e-05
-5.637500e+00	3.268470e-05
-5.635000e+00	3.271561e-05
-5.632500e+00	3.274657e-05
-5.630000e+00	3.277759e-05
-5.627500e+00	3.280867e-05
-5.625000e+00	3.283980e-05
-5.622500e+00	3.287099e-05
-5.620000e+00	3.290224e-05
-5.617500e+00	3.293354e-05
-5.615000e+00	3.296491e-05
-5.612500e+00	3.299632e-05
-5.610000e+00	3.302780e-05
-5.607500e+00	3.305933e-05
-5.605000e+00	3.309092e-05
-5.602500e+00	3.312257e-05
-5.600000e+00	3.315428e-05
-5.597500e+00	3.318604e-05
-5.595000e+00	3.321786e-05
-5.592500e+00	3.324974e-05
-5.590000e+00	3.328168e-05
-5.587500e+00	3.331368e-05
-5.585000e+00	3.334574e-05
-5.582500e+00	3.337785e-05
-5.580000e+00	3.341003e-05
-5.577500e+00	3.344226e-05
-5.575000e+00	3.347456e-05
-5.572500e+00	3.350691e-05
-5.570000e+00	3.353932e-05
-5.567500e+00	3.357179e-05
-5.565000e+00	3.360433e-05
-5.562500e+00	3.363692e-05
-5.560000e+00	3.366958e-05
-5.557500e+00	3.370229e-05
-5.555000e+00	3.373507e-05
-5.552500e+00	3.376790e-05
-5.550000e+00	3.380080e-05
-5.547500e+00	3.383376e-05
-5.545000e+00	3.386678e-05
-5.542500e+00	3.389986e-05
-5.540000e+00	3.393300e-05
-5.537500e+00	3.396621e-05
-5.535000e+00	3.399948e-05
-5.532500e+00	3.403281e-05
-5.530000e+00	3.406620e-05
-5.527500e+00	3.409965e-05
-5.525000e+00	3.413317e-05
-5.522500e+00	3.416675e-05
-5.520000e+00	3.420040e-05
-5.517500e+00	3.423410e-05
-5.515000e+00	3.426787e-05
-5.512500e+00	3.430171e-05
-5.510000e+00	3.433561e-05
-5.507500e+00	3.436957e-05
-5.505000e+00	3.440359e-05
-5.502500e+00	3.443768e-05
-5.500000e+00	3.447184e-05
-5.497500e+00	3.450606e-05
-5.495000e+00	3.454034e-05
-5.492500e+00	3.457469e-05
-5.490000e+00	3.460911e-05
-5.487500e+00	3.464359e-05
-5.485000e+00	3.467813e-05
-5.482500e+00	3.471275e-05
-5.480000e+00	3.474742e-05
-5.477500e+00	3.478217e-05
-5.475000e+00	3.481698e-05
-5.472500e+00	3.485186e-05
-5.470000e+00	3.488680e-05
-5.467500e+00	3.492181e-05
-5.465000e+00	3.495689e-05
-5.462500e+00	3.499203e-05
-5.460000e+00	3.502724e-05
-5.457500e+00	3.506252e-05
-5.455000e+00	3.509787e-05
-5.452500e+00	3.513329e-05
-5.450000e+00	3.516877e-05
-5.447500e+00	3.520432e-05
-5.445000e+00	3.523994e-05
-5.442500e+00	3.527563e-05
-5.440000e+00	3.531139e-05
-5.437500e+00	3.534722e-05
-5.435000e+00	3.538311e-05
-5.432500e+00	3.541908e-05
-5.430000e+00	3.545512e-05
-5.427500e+00	3.549122e-05
-5.425000e+00	3.552740e-05
-5.422500e+00	3.556365e-05
-5.420000e+00	3.559996e-05
-5.417500e+00	3.563635e-05
-5.415000e+00	3.567281e-05
-5.412500e+00	3.570934e-05
-5.410000e+00	3.574594e-05
-5.407500e+00	3.578261e-05
-5.405000e+00	3.581936e-05
-5.402500e+00	3.585617e-05
-5.400000e+00	3.589306e-05
-5.397500e+00	3.593002e-05
-5.395000e+00	3.596706e-05
-5.392500e+00	3.600416e-05
-5.390000e+00	3.604134e-05
-5.387500e+00	3.607859e-05
-5.385000e+00	3.611592e-05
-5.382500e+00	3.615332e-05
-5.380000e+00	3.619079e-05
-5.377500e+00	3.622834e-05
-5.375000e+00	3.626596e-05
-5.372500e+00	3.630366e-05
-5.370000e+00	3.634143e-05
-5.367500e+00	3.637927e-05
-5.365000e+00	3.641719e-05
-5.362500e+00	3.645519e-05
-5.360000e+00	3.649326e-05
-5.357500e+00	3.653140e-05
-5.355000e+00	3.656963e-05
-5.352500e+00	3.660793e-05
-5.350000e+00	3.664630e-05
-5.347500e+00	3.668475e-05
-5.345000e+00	3.672328e-05
-5.342500e+00	3.676189e-05
-5.340000e+00	3.680057e-05
-5.337500e+00	3.683933e-05
-5.335000e+00	3.687817e-05
-5.332500e+00	3.691709e-05
-5.330000e+00	3.695608e-05
-5.327500e+00	3.699515e-05
-5.325000e+00	3.703430e-05
-5.322500e+00	3.707353e-05
-5.320000e+00	3.711284e-05
-5.317500e+00	3.715223e-05
-5.315000e+00	3.719170e-05
-5.312500e+00	3.723125e-05
-5.310000e+00	3.727087e-05
-5.307500e+00	3.731058e-05
-5.305000e+00	3.735037e-05
-5.302500e+00	3.739024e-05
-5.300000e+00	3.743019e-05
-5.297500e+00	3.747022e-05
-5.295000e+00	3.751033e-05
-5.292500e+00	3.755053e-05
-5.290000e+00	3.759080e-05
-5.287500e+00	3.763116e-05
-5.285000e+00	3.767160e-05
-5.282500e+00	3.771213e-05
-5.280000e+00	3.775273e-05
-5.277500e+00	3.779342e-05
-5.275000e+00	3.783419e-05
-5.272500e+00	3.787505e-05
-5.270000e+00	3.791599e-05
-5.267500e+00	3.795701e-05
-5.265000e+00	3.799812e-05
-5.262500e+00	3.803932e-05
-5.260000e+00	3.808059e-05
-5.257500e+00	3.812196e-05
-5.255000e+00	3.816340e-05
-5.252500e+00	3.820494e-05
-5.250000e+00	3.824656e-05
-5.247500e+00	3.828826e-05
-5.245000e+00	3.833006e-05
-5.242500e+00	3.837194e-05
-5.240000e+00	3.841390e-05
-5.237500e+00	3.845595e-05
-5.235000e+00	3.849809e-05
-5.232500e+00	3.854032e-05
-5.230000e+00	3.858264e-05
-5.227500e+00	3.862504e-05
-5.225000e+00	3.866753e-05
-5.222500e+00	3.871012e-05
-5.220000e+00	3.875279e-05
-5.217500e+00	3.879555e-05
-5.215000e+00	3.883839e-05
-5.212500e+00	3.888133e-05
-5.210000e+00	3.892436e-05
-5.207500e+00	3.896748e-05
-5.205000e+00	3.901069e-05
-5.202500e+00	3.905399e-05
-5.200000e+00	3.909738e-05
-5.197500e+00	3.914087e-05
-5.195000e+00	3.918444e-05
-5.192500e+00	3.922811e-05
-5.190000e+00	3.927187e-05
-5.187500e+00	3.931572e-05
-5.185000e+00	3.935966e-05
-5.182500e+00	3.940370e-05
-5.180000e+00	3.944783e-05
-5.177500e+00	3.949206e-05
-5.175000e+00	3.953638e-05
-5.172500e+00	3.958079e-05
-5.170000e+00	3.962530e-05
-5.167500e+00	3.966990e-05
-5.165000e+00	3.971460e-05
-5.162500e+00	3.975939e-05
-5.160000e+00	3.980428e-05
-5.157500e+00	3.984926e-05
-5.155000e+00	3.989434e-05
-5.152500e+00	3.993952e-05
-5.150000e+00	3.998480e-05
-5.147500e+00	4.003017e-05
-5.145000e+00	4.007564e-05
-5.142500e+00	4.012120e-05
-5.140000e+00	4.016687e-05
-5.137500e+00	4.021263e-05
-5.135000e+00	4.025849e-05
-5.132500e+00	4.030445e-05
-5.130000e+00	4.035051e-05
-5.127500e+00	4.039667e-05
-5.125000e+00	4.044293e-05
-5.122500e+00	4.048929e-05
-5.120000e+00	4.053576e-05
-5.117500e+00	4.058232e-05
-5.115000e+00	4.062898e-05
-5.112500e+00	4.067574e-05
-5.110000e+00	4.072261e-05
-5.107500e+00	4.076958e-05
-5.105000e+00	4.081665e-05
-5.102500e+00	4.086382e-05
-5.100000e+00	4.091110e-05
-5.097500e+00	4.095848e-05
-5.095000e+00	4.100596e-05
-5.092500e+00	4.105355e-05
-5.090000e+00	4.110124e-05
-5.087500e+00	4.114904e-05
-5.085000e+00	4.119694e-05
-5.082500e+00	4.124495e-05
-5.080000e+00	4.129306e-05
-5.077500e+00	4.134128e-05
-5.075000e+00	4.138960e-05
-5.072500e+00	4.143804e-05
-5.070000e+00	4.148657e-05
-5.067500e+00	4.153522e-05
-5.065000e+00	4.158397e-05
-5.062500e+00	4.163284e-05
-5.060000e+00	4.168181e-05
-5.057500e+00	4.173089e-05
-5.055000e+00	4.178008e-05
-5.052500e+00	4.182937e-05
-5.050000e+00	4.187878e-05
-5.047500e+00	4.192830e-05
-5.045000e+00	4.197793e-05
-5.042500e+00	4.202767e-05
-5.040000e+00	4.207752e-05
-5.037500e+00	4.212748e-05
-5.035000e+00	4.217755e-05
-5.032500e+00	4.222774e-05
-5.030000e+00	4.227804e-05
-5.027500e+00	4.232845e-05
-5.025000e+00	4.237898e-05
-5.022500e+00	4.242961e-05
-5.020000e+00	4.248037e-05
-5.017500e+00	4.253123e-05
-5.015000e+00	4.258222e-05
-5.012500e+00	4.263331e-05
-5.010000e+00	4.268453e-05
-5.007500e+00	4.273586e-05
-5.005000e+00	4.278730e-05
-5.002500e+00	4.283886e-05
-5.000000e+00	4.289054e-05
-4.997500e+00	4.294234e-05
-4.995000e+00	4.299425e-05
-4.992500e+00	4.304629e-05
-4.990000e+00	4.309844e-05
-4.987500e+00	4.315071e-05
-4.985000e+00	4.320310e-05
-4.982500e+00	4.325561e-05
-4.980000e+00	4.330824e-05
-4.977500e+00	4.336099e-05
-4.975000e+00	4.341386e-05
-4.972500e+00	4.346685e-05
-4.970000e+00	4.351997e-05
-4.967500e+00	4.357320e-05
-4.965000e+00	4.362656e-05
-4.962500e+00	4.368004e-05
-4.960000e+00	4.373365e-05
-4.957500e+00	4.378738e-05
-4.955000e+00	4.384123e-05
-4.952500e+00	4.389521e-05
-4.950000e+00	4.394931e-05
-4.947500e+00	4.400354e-05
-4.945000e+00	4.405789e-05
-4.942500e+00	4.411237e-05
-4.940000e+00	4.416698e-05
-4.937500e+00	4.422172e-05
-4.935000e+00	4.427658e-05
-4.932500e+00	4.433157e-05
-4.930000e+00	4.438668e-05
-4.927500e+00	4.444193e-05
-4.925000e+00	4.449731e-05
-4.922500e+00	4.455281e-05
-4.920000e+00	4.460845e-05
-4.917500e+00	4.466421e-05
-4.915000e+00	4.472011e-05
-4.912500e+00	4.477614e-05
-4.910000e+00	4.483230e-05
-4.907500e+00	4.488859e-05
-4.905000e+00	4.494501e-05
-4.902500e+00	4.500157e-05
-4.900000e+00	4.505826e-05
-4.897500e+00	4.511509e-05
-4.895000e+00	4.517205e-05
-4.892500e+00	4.522915e-05
-4.890000e+00	4.528638e-05
-4.887500e+00	4.534374e-05
-4.885000e+00	4.540125e-05
-4.882500e+00	4.545889e-05
-4.880000e+00	4.551666e-05
-4.877500e+00	4.557458e-05
-4.875000e+00	4.563263e-05
-4.872500e+00	4.569082e-05
-4.870000e+00	4.574915e-05
-4.867500e+00	4.580762e-05
-4.865000e+00	4.586623e-05
-4.862500e+00	4.592498e-05
-4.860000e+00	4.598387e-05
-4.857500e+00	4.604291e-05
-4.855000e+00	4.610208e-05
-4.852500e+00	4.616140e-05
-4.850000e+00	4.622086e-05
-4.847500e+00	4.628046e-05
-4.845000e+00	4.634021e-05
-4.842500e+00	4.640010e-05
-4.840000e+00	4.646014e-05
-4.837500e+00	4.652032e-05
-4.835000e+00	4.658065e-05
-4.832500e+00	4.664113e-05
-4.830000e+00	4.670175e-05
-4.827500e+00	4.676252e-05
-4.825000e+00	4.682344e-05
-4.822500e+00	4.688450e-05
-4.820000e+00	4.694572e-05
-4.817500e+00	4.700708e-05
-4.815000e+00	4.706860e-05
-4.812500e+00	4.713026e-05
-4.810000e+00	4.719208e-05
-4.807500e+00	4.725405e-05
-4.805000e+00	4.731617e-05
-4.802500e+00	4.737844e-05
-4.800000e+00	4.744086e-05
-4.797500e+00	4.750344e-05
-4.795000e+00	4.756618e-05
-4.792500e+00	4.762906e-05
-4.790000e+00	4.769211e-05
-4.787500e+00	4.775531e-05
-4.785000e+00	4.781866e-05
-4.782500e+00	4.788218e-05
-4.780000e+00	4.794585e-05
-4.777500e+00	4.800968e-05
-4.775000e+00	4.807366e-05
-4.772500e+00	4.813781e-05
-4.770000e+00	4.820212e-05
-4.767500e+00	4.826658e-05
-4.765000e+00	4.833121e-05
-4.762500e+00	4.839600e-05
-4.760000e+00	4.846095e-05
-4.757500e+00	4.852606e-05
-4.755000e+00	4.859134e-05
-4.752500e+00	4.865678e-05
-4.750000e+00	4.872239e-05
-4.747500e+00	4.878816e-05
-4.745000e+00	4.885409e-05
-4.742500e+00	4.892019e-05
-4.740000e+00	4.898646e-05
-4.737500e+00	4.905290e-05
-4.735000e+00	4.911950e-05
-4.732500e+00	4.918627e-05
-4.730000e+00	4.925321e-05
-4.727500e+00	4.932032e-05
-4.725000e+00	4.938760e-05
-4.722500e+00	4.945506e-05
-4.720000e+00	4.952268e-05
-4.717500e+00	4.959047e-05
-4.715000e+00	4.965844e-05
-4.712500e+00	4.972658e-05
-4.710000e+00	4.979490e-05
-4.707500e+00	4.986339e-05
-4.705000e+00	4.993206e-05
-4.702500e+00	5.000090e-05
-4.700000e+00	5.006992e-05
-4.697500e+00	5.013911e-05
-4.695000e+00	5.020849e-05
-4.692500e+00	5.027804e-05
-4.690000e+00	5.034777e-05
-4.687500e+00	5.041768e-05
-4.685000e+00	5.048777e-05
-4.682500e+00	5.055804e-05
-4.680000e+00	5.062850e-05
-4.677500e+00	5.069913e-05
-4.675000e+00	5.076995e-05
-4.672500e+00	5.084096e-05
-4.670000e+00	5.091215e-05
-4.667500e+00	5.098352e-05
-4.665000e+00	5.105508e-05
-4.662500e+00	5.112682e-05
-4.660000e+00	5.119876e-05
-4.657500e+00	5.127088e-05
-4.655000e+00	5.134319e-05
-4.652500e+00	5.141568e-05
-4.650000e+00	5.148837e-05
-4.647500e+00	5.156125e-05
-4.645000e+00	5.163432e-05
-4.642500e+00	5.170759e-05
-4.640000e+00	5.178104e-05
-4.637500e+00	5.185469e-05
-4.635000e+00	5.192853e-05
-4.632500e+00	5.200257e-05
-4.630000e+00	5.207680e-05
-4.627500e+00	5.215123e-05
-4.625000e+00	5.222586e-05
-4.622500e+00	5.230069e-05
-4.620000e+00	5.237571e-05
-4.617500e+00	5.245093e-05
-4.615000e+00	5.252636e-05
-4.612500e+00	5.260198e-05
-4.610000e+00	5.267781e-05
-4.607500e+00	5.275384e-05
-4.605000e+00	5.283007e-05
-4.602500e+00	5.290650e-05
-4.600000e+00	5.298314e-05
-4.597500e+00	5.305999e-05
-4.595000e+00	5.313704e-05
-4.592500e+00	5.321430e-05
-4.590000e+00	5.329177e-05
-4.587500e+00	5.336944e-05
-4.585000e+00	5.344733e-05
-4.582500e+00	5.352542e-05
-4.580000e+00	5.360373e-05
-4.577500e+00	5.368224e-05
-4.575000e+00	5.376097e-05
-4.572500e+00	5.383992e-05
-4.570000e+00	5.391908e-05
-4.567500e+00	5.399845e-05
-4.565000e+00	5.407804e-05
-4.562500e+00	5.415784e-05
-4.560000e+00	5.423787e-05
-4.557500e+00	5.431811e-05
-4.555000e+00	5.439857e-05
-4.552500e+00	5.447925e-05
-4.550000e+00	5.456015e-05
-4.547500e+00	5.464127e-05
-4.545000e+00	5.472262e-05
-4.542500e+00	5.480419e-05
-4.540000e+00	5.488598e-05
-4.537500e+00	5.496800e-05
-4.535000e+00	5.505024e-05
-4.532500e+00	5.513272e-05
-4.530000e+00	5.521542e-05
-4.527500e+00	5.529834e-05
-4.525000e+00	5.538150e-05
-4.522500e+00	5.546489e-05
-4.520000e+00	5.554851e-05
-4.517500e+00	5.563236e-05
-4.515000e+00	5.571645e-05
-4.512500e+00	5.580076e-05
-4.510000e+00	5.588532e-05
-4.507500e+00	5.597011e-05
-4.505000e+00	5.605514e-05
-4.502500e+00	5.614040e-05
-4.500000e+00	5.622590e-05
-4.497500e+00	5.631165e-05
-4.495000e+00	5.639763e-05
-4.492500e+00	5.648386e-05
-4.490000e+00	5.657033e-05
-4.487500e+00	5.665704e-05
-4.485000e+00	5.674399e-05
-4.482500e+00	5.683119e-05
-4.480000e+00	5.691864e-05
-4.477500e+00	5.700634e-05
-4.475000e+00	5.709428e-05
-4.472500e+00	5.718247e-05
-4.470000e+00	5.727092e-05
-4.467500e+00	5.735961e-05
-4.465000e+00	5.744856e-05
-4.462500e+00	5.753776e-05
-4.460000e+00	5.762721e-05
-4.457500e+00	5.771692e-05
-4.455000e+00	5.780689e-05
-4.452500e+00	5.789711e-05
-4.450000e+00	5.798759e-05
-4.447500e+00	5.807833e-05
-4.445000e+00	5.816934e-05
-4.442500e+00	5.826060e-05
-4.440000e+00	5.835213e-05
-4.437500e+00	5.844392e-05
-4.435000e+00	5.853597e-05
-4.432500e+00	5.862829e-05
-4.430000e+00	5.872088e-05
-4.427500e+00	5.881373e-05
-4.425000e+00	5.890686e-05
-4.422500e+00	5.900025e-05
-4.420000e+00	5.909392e-05
-4.417500e+00	5.918786e-05
-4.415000e+00	5.928207e-05
-4.412500e+00	5.937656e-05
-4.410000e+00	5.947132e-05
-4.407500e+00	5.956636e-05
-4.405000e+00	5.966168e-05
-4.402500e+00	5.975727e-05
-4.400000e+00	5.985315e-05
-4.397500e+00	5.994931e-05
-4.395000e+00	6.004575e-05
-4.392500e+00	6.014247e-05
-4.390000e+00	6.023948e-05
-4.387500e+00	6.033678e-05
-4.385000e+00	6.043436e-05
-4.382500e+00	6.053223e-05
-4.380000e+00	6.063039e-05
-4.377500e+00	6.072884e-05
-4.375000e+00	6.082759e-05
-4.372500e+00	6.092662e-05
-4.370000e+00	6.102595e-05
-4.367500e+00	6.112558e-05
-4.365000e+00	6.122551e-05
-4.362500e+00	6.132573e-05
-4.360000e+00	6.142625e-05
-4.357500e+00	6.152707e-05
-4.355000e+00	6.162820e-05
-4.352500e+00	6.172963e-05
-4.350000e+00	6.183136e-05
-4.347500e+00	6.193340e-05
-4.345000e+00	6.203574e-05
-4.342500e+00	6.213839e-05
-4.340000e+00	6.224136e-05
-4.337500e+00	6.234463e-05
-4.335000e+00	6.244822e-05
-4.332500e+00	6.255212e-05
-4.330000e+00	6.265633e-05
-4.327500e+00	6.276086e-05
-4.325000e+00	6.286571e-05
-4.322500e+00	6.297088e-05
-4.320000e+00	6.307637e-05
-4.317500e+00	6.318218e-05
-4.315000e+00	6.328831e-05
-4.312500e+00	6.339477e-05
-4.310000e+00	6.350155e-05
-4.307500e+00	6.360866e-05
-4.305000e+00	6.371610e-05
-4.302500e+00	6.382387e-05
-4.300000e+00	6.393197e-05
-4.297500e+00	6.404040e-05
-4.295000e+00	6.414917e-05
-4.292500e+00	6.425827e-05
-4.290000e+00	6.436771e-05
-4.287500e+00	6.447749e-05
-4.285000e+00	6.458761e-05
-4.282500e+00	6.469807e-05
-4.280000e+00	6.480887e-05
-4.277500e+00	6.492002e-05
-4.275000e+00	6.503151e-05
-4.272500e+00	6.514335e-05
-4.270000e+00	6.525554e-05
-4.267500e+00	6.536808e-05
-4.265000e+00	6.548098e-05
-4.262500e+00	6.559422e-05
-4.260000e+00	6.570782e-05
-4.257500e+00	6.582178e-05
-4.255000e+00	6.593610e-05
-4.252500e+00	6.605077e-05
-4.250000e+00	6.616581e-05
-4.247500e+00	6.628121e-05
-4.245000e+00	6.639698e-05
-4.242500e+00	6.651311e-05
-4.240000e+00	6.662961e-05
-4.237500e+00	6.674648e-05
-4.235000e+00	6.686372e-05
-4.232500e+00	6.698133e-05
-4.230000e+00	6.709932e-05
-4.227500e+00	6.721768e-05
-4.225000e+00	6.733642e-05
-4.222500e+00	6.745554e-05
-4.220000e+00	6.757504e-05
-4.217500e+00	6.769492e-05
-4.215000e+00	6.781519e-05
-4.212500e+00	6.793585e-05
-4.210000e+00	6.805689e-05
-4.207500e+00	6.817832e-05
-4.205000e+00	6.830015e-05
-4.202500e+00	6.842236e-05
-4.200000e+00	6.854497e-05
-4.197500e+00	6.866798e-05
-4.195000e+00	6.879139e-05
-4.192500e+00	6.891520e-05
-4.190000e+00	6.903940e-05
-4.187500e+00	6.916402e-05
-4.185000e+00	6.928904e-05
-4.182500e+00	6.941446e-05
-4.180000e+00	6.954030e-05
-4.177500e+00	6.966654e-05
-4.175000e+00	6.979320e-05
-4.172500e+00	6.992028e-05
-4.170000e+00	7.004777e-05
-4.167500e+00	7.017568e-05
-4.165000e+00	7.030401e-05
-4.162500e+00	7.043277e-05
-4.160000e+00	7.056195e-05
-4.157500e+00	7.069155e-05
-4.155000e+00	7.082159e-05
-4.152500e+00	7.095205e-05
-4.150000e+00	7.108295e-05
-4.147500e+00	7.121428e-05
-4.145000e+00	7.134605e-05
-4.142500e+00	7.147825e-05
-4.140000e+00	7.161090e-05
-4.137500e+00	7.174399e-05
-4.135000e+00	7.187752e-05
-4.132500e+00	7.201150e-05
-4.130000e+00	7.214593e-05
-4.127500e+00	7.228081e-05
-4.125000e+00	7.241614e-05
-4.122500e+00	7.255193e-05
-4.120000e+00	7.268818e-05
-4.117500e+00	7.282488e-05
-4.115000e+00	7.296205e-05
-4.112500e+00	7.309968e-05
-4.110000e+00	7.323777e-05
-4.107500e+00	7.337633e-05
-4.105000e+00	7.351537e-05
-4.102500e+00	7.365487e-05
-4.100000e+00	7.379485e-05
-4.097500e+00	7.393531e-05
-4.095000e+00	7.407624e-05
-4.092500e+00	7.421766e-05
-4.090000e+00	7.435956e-05
-4.087500e+00	7.450195e-05
-4.085000e+00	7.464482e-05
-4.082500e+00	7.478819e-05
-4.080000e+00	7.493205e-05
-4.077500e+00	7.507640e-05
-4.075000e+00	7.522125e-05
-4.072500e+00	7.536660e-05
-4.070000e+00	7.551246e-05
-4.067500e+00	7.565882e-05
-4.065000e+00	7.580568e-05
-4.062500e+00	7.595306e-05
-4.060000e+00	7.610095e-05
-4.057500e+00	7.624935e-05
-4.055000e+00	7.639827e-05
-4.052500e+00	7.654771e-05
-4.050000e+00	7.669767e-05
-4.047500e+00	7.684815e-05
-4.045000e+00	7.699916e-05
-4.042500e+00	7.715071e-05
-4.040000e+00	7.730278e-05
-4.037500e+00	7.745539e-05
-4.035000e+00	7.760854e-05
-4.032500e+00	7.776222e-05
-4.030000e+00	7.791645e-05
-4.027500e+00	7.807123e-05
-4.025000e+00	7.822655e-05
-4.022500e+00	7.838242e-05
-4.020000e+00	7.853885e-05
-4.017500e+00	7.869583e-05
-4.015000e+00	7.885337e-05
-4.012500e+00	7.901148e-05
-4.010000e+00	7.917014e-05
-4.007500e+00	7.932938e-05
-4.005000e+00	7.948918e-05
-4.002500e+00	7.964956e-05
-4.000000e+00	7.981052e-05
-3.997500e+00	7.997205e-05
-3.995000e+00	8.013416e-05
-3.992500e+00	8.029686e-05
-3.990000e+00	8.046014e-05
-3.987500e+00	8.062402e-05
-3.985000e+00	8.078849e-05
-3.982500e+00	8.095355e-05
-3.980000e+00	8.111921e-05
-3.977500e+00	8.128548e-05
-3.975000e+00	8.145235e-05
-3.972500e+00	8.161983e-05
-3.970000e+00	8.178792e-05
-3.967500e+00	8.195662e-05
-3.965000e+00	8.212594e-05
-3.962500e+00	8.229588e-05
-3.960000e+00	8.246645e-05
-3.957500e+00	8.263764e-05
-3.955000e+00	8.280946e-05
-3.952500e+00	8.298192e-05
-3.950000e+00	8.315501e-05
-3.947500e+00	8.332874e-05
-3.945000e+00	8.350311e-05
-3.942500e+00	8.367813e-05
-3.940000e+00	8.385380e-05
-3.937500e+00	8.403012e-05
-3.935000e+00	8.420710e-05
-3.932500e+00	8.438474e-05
-3.930000e+00	8.456304e-05
-3.927500e+00	8.474201e-05
-3.925000e+00	8.492164e-05
-3.922500e+00	8.510195e-05
-3.920000e+00	8.528294e-05
-3.917500e+00	8.546461e-05
-3.915000e+00	8.564696e-05
-3.912500e+00	8.583000e-05
-3.910000e+00	8.601372e-05
-3.907500e+00	8.619815e-05
-3.905000e+00	8.638327e-05
-3.902500e+00	8.656909e-05
-3.900000e+00	8.675562e-05
-3.897500e+00	8.694286e-05
-3.895000e+00	8.713081e-05
-3.892500e+00	8.731948e-05
-3.890000e+00	8.750886e-05
-3.887500e+00	8.769897e-05
-3.885000e+00	8.788981e-05
-3.882500e+00	8.808138e-05
-3.880000e+00	8.827369e-05
-3.877500e+00	8.846674e-05
-3.875000e+00	8.866053e-05
-3.872500e+00	8.885506e-05
-3.870000e+00	8.905035e-05
-3.867500e+00	8.924640e-05
-3.865000e+00	8.944320e-05
-3.862500e+00	8.964076e-05
-3.860000e+00	8.983910e-05
-3.857500e+00	9.003820e-05
-3.855000e+00	9.023809e-05
-3.852500e+00	9.043875e-05
-3.850000e+00	9.064019e-05
-3.847500e+00	9.084243e-05
-3.845000e+00	9.104545e-05
-3.842500e+00	9.124928e-05
-3.840000e+00	9.145390e-05
-3.837500e+00	9.165933e-05
-3.835000e+00	9.186557e-05
-3.832500e+00	9.207262e-05
-3.830000e+00	9.228049e-05
-3.827500e+00	9.248919e-05
-3.825000e+00	9.269871e-05
-3.822500e+00	9.290907e-05
-3.820000e+00	9.312026e-05
-3.817500e+00	9.333229e-05
-3.815000e+00	9.354517e-05
-3.812500e+00	9.375890e-05
-3.810000e+00	9.397349e-05
-3.807500e+00	9.418893e-05
-3.805000e+00	9.440524e-05
-3.802500e+00	9.462242e-05
-3.800000e+00	9.484047e-05
-3.797500e+00	9.505940e-05
-3.795000e+00	9.527922e-05
-3.792500e+00	9.549992e-05
-3.790000e+00	9.572152e-05
-3.787500e+00	9.594402e-05
-3.785000e+00	9.616742e-05
-3.782500e+00	9.639173e-05
-3.780000e+00	9.661695e-05
-3.777500e+00	9.684310e-05
-3.775000e+00	9.707016e-05
-3.772500e+00	9.729816e-05
-3.770000e+00	9.752709e-05
-3.767500e+00	9.775696e-05
-3.765000e+00	9.798777e-05
-3.762500e+00	9.821954e-05
-3.760000e+00	9.845226e-05
-3.757500e+00	9.868594e-05
-3.755000e+00	9.892059e-05
-3.752500e+00	9.915621e-05
-3.750000e+00	9.939281e-05
-3.747500e+00	9.963040e-05
-3.745000e+00	9.986897e-05
-3.742500e+00	1.001085e-04
-3.740000e+00	1.003491e-04
-3.737500e+00	1.005907e-04
-3.735000e+00	1.008333e-04
-3.732500e+00	1.010769e-04
-3.730000e+00	1.013215e-04
-3.727500e+00	1.015671e-04
-3.725000e+00	1.018138e-04
-3.722500e+00	1.020616e-04
-3.720000e+00	1.023103e-04
-3.717500e+00	1.025602e-04
-3.715000e+00	1.028111e-04
-3.712500e+00	1.030630e-04
-3.710000e+00	1.033160e-04
-3.707500e+00	1.035701e-04
-3.705000e+00	1.038253e-04
-3.702500e+00	1.040816e-04
-3.700000e+00	1.043390e-04
-3.697500e+00	1.045975e-04
-3.695000e+00	1.048571e-04
-3.692500e+00	1.051178e-04
-3.690000e+00	1.053796e-04
-3.687500e+00	1.056426e-04
-3.685000e+00	1.059067e-04
-3.682500e+00	1.061719e-04
-3.680000e+00	1.064383e-04
-3.677500e+00	1.067058e-04
-3.675000e+00	1.069746e-04
-3.672500e+00	1.072444e-04
-3.670000e+00	1.075155e-04
-3.667500e+00	1.077877e-04
-3.665000e+00	1.080612e-04
-3.662500e+00	1.083358e-04
-3.660000e+00	1.086116e-04
-3.657500e+00	1.088887e-04
-3.655000e+00	1.091670e-04
-3.652500e+00	1.094465e-04
-3.650000e+00	1.097272e-04
-3.647500e+00	1.100092e-04
-3.645000e+00	1.102924e-04
-3.642500e+00	1.105769e-04
-3.640000e+00	1.108627e-04
-3.637500e+00	1.111497e-04
-3.635000e+00	1.114380e-04
-3.632500e+00	1.117276e-04
-3.630000e+00	1.120185e-04
-3.627500e+00	1.123107e-04
-3.625000e+00	1.126042e-04
-3.622500e+00	1.128991e-04
-3.620000e+00	1.131952e-04
-3.617500e+00	1.134927e-04
-3.615000e+00	1.137916e-04
-3.612500e+00	1.140918e-04
-3.610000e+00	1.143933e-04
-3.607500e+00	1.146963e-04
-3.605000e+00	1.150006e-04
-3.602500e+00	1.153063e-04
-3.600000e+00	1.156134e-04
-3.597500e+00	1.159219e-04
-3.595000e+00	1.162318e-04
-3.592500e+00	1.165431e-04
-3.590000e+00	1.168559e-04
-3.587500e+00	1.171701e-04
-3.585000e+00	1.174857e-04
-3.582500e+00	1.178029e-04
-3.580000e+00	1.181214e-04
-3.577500e+00	1.184415e-04
-3.575000e+00	1.187631e-04
-3.572500e+00	1.190861e-04
-3.570000e+00	1.194107e-04
-3.567500e+00	1.197367e-04
-3.565000e+00	1.200643e-04
-3.562500e+00	1.203934e-04
-3.560000e+00	1.207241e-04
-3.557500e+00	1.210563e-04
-3.555000e+00	1.213901e-04
-3.552500e+00	1.217255e-04
-3.550000e+00	1.220624e-04
-3.547500e+00	1.224010e-04
-3.545000e+00	1.227411e-04
-3.542500e+00	1.230829e-04
-3.540000e+00	1.234263e-04
-3.537500e+00	1.237713e-04
-3.535000e+00	1.241180e-04
-3.532500e+00	1.244663e-04
-3.530000e+00	1.248163e-04
-3.527500e+00	1.251680e-04
-3.525000e+00	1.255214e-04
-3.522500e+00	1.258764e-04
-3.520000e+00	1.262332e-04
-3.517500e+00	1.265917e-04
-3.515000e+00	1.269520e-04
-3.512500e+00	1.273140e-04
-3.510000e+00	1.276777e-04
-3.507500e+00	1.280432e-04
-3.505000e+00	1.284105e-04
-3.502500e+00	1.287796e-04
-3.500000e+00	1.291505e-04
-3.497500e+00	1.295233e-04
-3.495000e+00	1.298978e-04
-3.492500e+00	1.302742e-04
-3.490000e+00	1.306525e-04
-3.487500e+00	1.310326e-04
-3.485000e+00	1.314146e-04
-3.482500e+00	1.317984e-04
-3.480000e+00	1.321842e-04
-3.477500e+00	1.325719e-04
-3.475000e+00	1.329616e-04
-3.472500e+00	1.333532e-04
-3.470000e+00	1.337467e-04
-3.467500e+00	1.341422e-04
-3.465000e+00	1.345397e-04
-3.462500e+00	1.349392e-04
-3.460000e+00	1.353407e-04
-3.457500e+00	1.357442e-04
-3.455000e+00	1.361498e-04
-3.452500e+00	1.365574e-04
-3.450000e+00	1.369671e-04
-3.447500e+00	1.373789e-04
-3.445000e+00	1.377927e-04
-3.442500e+00	1.382087e-04
-3.440000e+00	1.386268e-04
-3.437500e+00	1.390470e-04
-3.435000e+00	1.394694e-04
-3.432500e+00	1.398940e-04
-3.430000e+00	1.403207e-04
-3.427500e+00	1.407497e-04
-3.425000e+00	1.411809e-04
-3.422500e+00	1.416143e-04
-3.420000e+00	1.420499e-04
-3.417500e+00	1.424878e-04
-3.415000e+00	1.429280e-04
-3.412500e+00	1.433705e-04
-3.410000e+00	1.438152e-04
-3.407500e+00	1.442624e-04
-3.405000e+00	1.447118e-04
-3.402500e+00	1.451636e-04
-3.400000e+00	1.456178e-04
-3.397500e+00	1.460744e-04
-3.395000e+00	1.465334e-04
-3.392500e+00	1.469949e-04
-3.390000e+00	1.474588e-04
-3.387500e+00	1.479251e-04
-3.385000e+00	1.483939e-04
-3.382500e+00	1.488653e-04
-3.380000e+00	1.493391e-04
-3.377500e+00	1.498155e-04
-3.375000e+00	1.502944e-04
-3.372500e+00	1.507759e-04
-3.370000e+00	1.512600e-04
-3.367500e+00	1.517467e-04
-3.365000e+00	1.522361e-04
-3.362500e+00	1.527281e-04
-3.360000e+00	1.532227e-04
-3.357500e+00	1.537201e-04
-3.355000e+00	1.542202e-04
-3.352500e+00	1.547230e-04
-3.350000e+00	1.552285e-04
-3.347500e+00	1.557368e-04
-3.345000e+00	1.562479e-04
-3.342500e+00	1.567618e-04
-3.340000e+00	1.572785e-04
-3.337500e+00	1.577981e-04
-3.335000e+00	1.583206e-04
-3.332500e+00	1.588460e-04
-3.330000e+00	1.593743e-04
-3.327500e+00	1.599055e-04
-3.325000e+00	1.604397e-04
-3.322500e+00	1.609768e-04
-3.320000e+00	1.615170e-04
-3.317500e+00	1.620602e-04
-3.315000e+00	1.626065e-04
-3.312500e+00	1.631558e-04
-3.310000e+00	1.637083e-04
-3.307500e+00	1.642638e-04
-3.305000e+00	1.648225e-04
-3.302500e+00	1.653844e-04
-3.300000e+00	1.659495e-04
-3.297500e+00	1.665178e-04
-3.295000e+00	1.670893e-04
-3.292500e+00	1.676641e-04
-3.290000e+00	1.682423e-04
-3.287500e+00	1.688237e-04
-3.285000e+00	1.694085e-04
-3.282500e+00	1.699966e-04
-3.280000e+00	1.705882e-04
-3.277500e+00	1.711832e-04
-3.275000e+00	1.717816e-04
-3.272500e+00	1.723835e-04
-3.270000e+00	1.729889e-04
-3.267500e+00	1.735979e-04
-3.265000e+00	1.742104e-04
-3.262500e+00	1.748266e-04
-3.260000e+00	1.754463e-04
-3.257500e+00	1.760697e-04
-3.255000e+00	1.766968e-04
-3.252500e+00	1.773275e-04
-3.250000e+00	1.779621e-04
-3.247500e+00	1.786004e-04
-3.245000e+00	1.792424e-04
-3.242500e+00	1.798884e-04
-3.240000e+00	1.805381e-04
-3.237500e+00	1.811918e-04
-3.235000e+00	1.818494e-04
-3.232500e+00	1.825109e-04
-3.230000e+00	1.831765e-04
-3.227500e+00	1.838460e-04
-3.225000e+00	1.845196e-04
-3.222500e+00	1.851973e-04
-3.220000e+00	1.858791e-04
-3.217500e+00	1.865651e-04
-3.215000e+00	1.872553e-04
-3.212500e+00	1.879497e-04
-3.210000e+00	1.886483e-04
-3.207500e+00	1.893512e-04
-3.205000e+00	1.900585e-04
-3.202500e+00	1.907701e-04
-3.200000e+00	1.914861e-04
-3.197500e+00	1.922066e-04
-3.195000e+00	1.929315e-04
-3.192500e+00	1.936610e-04
-3.190000e+00	1.943950e-04
-3.187500e+00	1.951336e-04
-3.185000e+00	1.958768e-04
-3.182500e+00	1.966247e-04
-3.180000e+00	1.973773e-04
-3.177500e+00	1.981346e-04
-3.175000e+00	1.988967e-04
-3.172500e+00	1.996637e-04
-3.170000e+00	2.004355e-04
-3.167500e+00	2.012123e-04
-3.165000e+00	2.019940e-04
-3.162500e+00	2.027807e-04
-3.160000e+00	2.035724e-04
-3.157500e+00	2.043692e-04
-3.155000e+00	2.051712e-04
-3.152500e+00	2.059783e-04
-3.150000e+00	2.067906e-04
-3.147500e+00	2.076082e-04
-3.145000e+00	2.084311e-04
-3.142500e+00	2.092594e-04
-3.140000e+00	2.100931e-04
-3.137500e+00	2.109322e-04
-3.135000e+00	2.117768e-04
-3.132500e+00	2.126270e-04
-3.130000e+00	2.134827e-04
-3.127500e+00	2.143442e-04
-3.125000e+00	2.152113e-04
-3.122500e+00	2.160841e-04
-3.120000e+00	2.169628e-04
-3.117500e+00	2.178473e-04
-3.115000e+00	2.187377e-04
-3.112500e+00	2.196341e-04
-3.110000e+00	2.205365e-04
-3.107500e+00	2.214449e-04
-3.105000e+00	2.223595e-04
-3.102500e+00	2.232803e-04
-3.100000e+00	2.242073e-04
-3.097500e+00	2.251405e-04
-3.095000e+00	2.260802e-04
-3.092500e+00	2.270262e-04
-3.090000e+00	2.279787e-04
-3.087500e+00	2.289377e-04
-3.085000e+00	2.299034e-04
-3.082500e+00	2.308756e-04
-3.080000e+00	2.318546e-04
-3.077500e+00	2.328403e-04
-3.075000e+00	2.338329e-04
-3.072500e+00	2.348324e-04
-3.070000e+00	2.358388e-04
-3.067500e+00	2.368523e-04
-3.065000e+00	2.378728e-04
-3.062500e+00	2.389006e-04
-3.060000e+00	2.399355e-04
-3.057500e+00	2.409778e-04
-3.055000e+00	2.420274e-04
-3.052500e+00	2.430845e-04
-3.050000e+00	2.441490e-04
-3.047500e+00	2.452212e-04
-3.045000e+00	2.463010e-04
-3.042500e+00	2.473885e-04
-3.040000e+00	2.484839e-04
-3.037500e+00	2.495871e-04
-3.035000e+00	2.506983e-04
-3.032500e+00	2.518175e-04
-3.030000e+00	2.529448e-04
-3.027500e+00	2.540803e-04
-3.025000e+00	2.552241e-04
-3.022500e+00	2.563763e-04
-3.020000e+00	2.575368e-04
-3.017500e+00	2.587059e-04
-3.015000e+00	2.598836e-04
-3.012500e+00	2.610700e-04
-3.010000e+00	2.622651e-04
-3.007500e+00	2.634692e-04
-3.005000e+00	2.646821e-04
-3.002500e+00	2.659041e-04
-3.000000e+00	2.671353e-04
-2.997500e+00	2.683756e-04
-2.995000e+00	2.696253e-04
-2.992500e+00	2.708844e-04
-2.990000e+00	2.721530e-04
-2.987500e+00	2.734312e-04
-2.985000e+00	2.747191e-04
-2.982500e+00	2.760168e-04
-2.980000e+00	2.773244e-04
-2.977500e+00	2.786420e-04
-2.975000e+00	2.799697e-04
-2.972500e+00	2.813076e-04
-2.970000e+00	2.826558e-04
-2.967500e+00	2.840145e-04
-2.965000e+00	2.853837e-04
-2.962500e+00	2.867635e-04
-2.960000e+00	2.881541e-04
-2.957500e+00	2.895556e-04
-2.955000e+00	2.909680e-04
-2.952500e+00	2.923915e-04
-2.950000e+00	2.938263e-04
-2.947500e+00	2.952724e-04
-2.945000e+00	2.967299e-04
-2.942500e+00	2.981990e-04
-2.940000e+00	2.996798e-04
-2.937500e+00	3.011725e-04
-2.935000e+00	3.026771e-04
-2.932500e+00	3.041937e-04
-2.930000e+00	3.057226e-04
-2.927500e+00	3.072639e-04
-2.925000e+00	3.088176e-04
-2.922500e+00	3.103839e-04
-2.920000e+00	3.119630e-04
-2.917500e+00	3.135550e-04
-2.915000e+00	3.151600e-04
-2.912500e+00	3.167782e-04
-2.910000e+00	3.184097e-04
-2.907500e+00	3.200547e-04
-2.905000e+00	3.217133e-04
-2.902500e+00	3.233857e-04
-2.900000e+00	3.250720e-04
-2.897500e+00	3.267725e-04
-2.895000e+00	3.284871e-04
-2.892500e+00	3.302162e-04
-2.890000e+00	3.319598e-04
-2.887500e+00	3.337182e-04
-2.885000e+00	3.354914e-04
-2.882500e+00	3.372798e-04
-2.880000e+00	3.390833e-04
-2.877500e+00	3.409023e-04
-2.875000e+00	3.427369e-04
-2.872500e+00	3.445873e-04
-2.870000e+00	3.464536e-04
-2.867500e+00	3.483361e-04
-2.865000e+00	3.502349e-04
-2.862500e+00	3.521502e-04
-2.860000e+00	3.540822e-04
-2.857500e+00	3.560312e-04
-2.855000e+00	3.579972e-04
-2.852500e+00	3.599806e-04
-2.850000e+00	3.619815e-04
-2.847500e+00	3.640001e-04
-2.845000e+00	3.660367e-04
-2.842500e+00	3.680914e-04
-2.840000e+00	3.701645e-04
-2.837500e+00	3.722562e-04
-2.835000e+00	3.743667e-04
-2.832500e+00	3.764962e-04
-2.830000e+00	3.786450e-04
-2.827500e+00	3.808133e-04
-2.825000e+00	3.830014e-04
-2.822500e+00	3.852095e-04
-2.820000e+00	3.874378e-04
-2.817500e+00	3.896866e-04
-2.815000e+00	3.919561e-04
-2.812500e+00	3.942466e-04
-2.810000e+00	3.965584e-04
-2.807500e+00	3.988917e-04
-2.805000e+00	4.012468e-04
-2.802500e+00	4.036239e-04
-2.800000e+00	4.060234e-04
-2.797500e+00	4.084455e-04
-2.795000e+00	4.108906e-04
-2.792500e+00	4.133588e-04
-2.790000e+00	4.158506e-04
-2.787500e+00	4.183661e-04
-2.785000e+00	4.209058e-04
-2.782500e+00	4.234699e-04
-2.780000e+00	4.260587e-04
-2.777500e+00	4.286726e-04
-2.775000e+00	4.313118e-04
-2.772500e+00	4.339768e-04
-2.770000e+00	4.366678e-04
-2.767500e+00	4.393852e-04
-2.765000e+00	4.421294e-04
-2.762500e+00	4.449006e-04
-2.760000e+00	4.476993e-04
-2.757500e+00	4.505258e-04
-2.755000e+00	4.533805e-04
-2.752500e+00	4.562638e-04
-2.750000e+00	4.591761e-04
-2.747500e+00	4.621176e-04
-2.745000e+00	4.650890e-04
-2.742500e+00	4.680904e-04
-2.740000e+00	4.711224e-04
-2.737500e+00	4.741855e-04
-2.735000e+00	4.772799e-04
-2.732500e+00	4.804061e-04
-2.730000e+00	4.835646e-04
-2.727500e+00	4.867558e-04
-2.725000e+00	4.899802e-04
-2.722500e+00	4.932383e-04
-2.720000e+00	4.965305e-04
-2.717500e+00	4.998572e-04
-2.715000e+00	5.032191e-04
-2.712500e+00	5.066165e-04
-2.710000e+00	5.100500e-04
-2.707500e+00	5.135201e-04
-2.705000e+00	5.170273e-04
-2.702500e+00	5.205722e-04
-2.700000e+00	5.241553e-04
-2.697500e+00	5.277771e-04
-2.695000e+00	5.314383e-04
-2.692500e+00	5.351393e-04
-2.690000e+00	5.388808e-04
-2.687500e+00	5.426634e-04
-2.685000e+00	5.464877e-04
-2.682500e+00	5.503543e-04
-2.680000e+00	5.542637e-04
-2.677500e+00	5.582168e-04
-2.675000e+00	5.622140e-04
-2.672500e+00	5.662562e-04
-2.670000e+00	5.703438e-04
-2.667500e+00	5.744778e-04
-2.665000e+00	5.786586e-04
-2.662500e+00	5.828872e-04
-2.660000e+00	5.871641e-04
-2.657500e+00	5.914902e-04
-2.655000e+00	5.958661e-04
-2.652500e+00	6.002928e-04
-2.650000e+00	6.047708e-04
-2.647500e+00	6.093012e-04
-2.645000e+00	6.138846e-04
-2.642500e+00	6.185219e-04
-2.640000e+00	6.232140e-04
-2.637500e+00	6.279618e-04
-2.635000e+00	6.327660e-04
-2.632500e+00	6.376277e-04
-2.630000e+00	6.425477e-04
-2.627500e+00	6.475270e-04
-2.625000e+00	6.525666e-04
-2.622500e+00	6.576673e-04
-2.620000e+00	6.628303e-04
-2.617500e+00	6.680566e-04
-2.615000e+00	6.733471e-04
-2.612500e+00	6.787030e-04
-2.610000e+00	6.841253e-04
-2.607500e+00	6.896151e-04
-2.605000e+00	6.951736e-04
-2.602500e+00	7.008019e-04
-2.600000e+00	7.065012e-04
-2.597500e+00	7.122727e-04
-2.595000e+00	7.181177e-04
-2.592500e+00	7.240373e-04
-2.590000e+00	7.300329e-04
-2.587500e+00	7.361057e-04
-2.585000e+00	7.422572e-04
-2.582500e+00	7.484886e-04
-2.580000e+00	7.548014e-04
-2.577500e+00	7.611970e-04
-2.575000e+00	7.676768e-04
-2.572500e+00	7.742424e-04
-2.570000e+00	7.808953e-04
-2.567500e+00	7.876370e-04
-2.565000e+00	7.944691e-04
-2.562500e+00	8.013933e-04
-2.560000e+00	8.084111e-04
-2.557500e+00	8.155244e-04
-2.555000e+00	8.227348e-04
-2.552500e+00	8.300442e-04
-2.550000e+00	8.374544e-04
-2.547500e+00	8.449671e-04
-2.545000e+00	8.525844e-04
-2.542500e+00	8.603082e-04
-2.540000e+00	8.681405e-04
-2.537500e+00	8.760833e-04
-2.535000e+00	8.841387e-04
-2.532500e+00	8.923089e-04
-2.530000e+00	9.005960e-04
-2.527500e+00	9.090024e-04
-2.525000e+00	9.175303e-04
-2.522500e+00	9.261821e-04
-2.520000e+00	9.349601e-04
-2.517500e+00	9.438669e-04
-2.515000e+00	9.529050e-04
-2.512500e+00	9.620770e-04
-2.510000e+00	9.713856e-04
-2.507500e+00	9.808335e-04
-2.505000e+00	9.904234e-04
-2.502500e+00	1.000158e-03
-2.500000e+00	1.010041e-03
-2.497500e+00	1.020075e-03
-2.495000e+00	1.030263e-03
-2.492500e+00	1.040608e-03
-2.490000e+00	1.051113e-03
-2.487500e+00	1.061782e-03
-2.485000e+00	1.072618e-03
-2.482500e+00	1.083625e-03
-2.480000e+00	1.094807e-03
-2.477500e+00	1.106166e-03
-2.475000e+00	1.117708e-03
-2.472500e+00	1.129435e-03
-2.470000e+00	1.141352e-03
-2.467500e+00	1.153462e-03
-2.465000e+00	1.165771e-03
-2.462500e+00	1.178283e-03
-2.460000e+00	1.191001e-03
-2.457500e+00	1.203931e-03
-2.455000e+00	1.217077e-03
-2.452500e+00	1.230444e-03
-2.450000e+00	1.244038e-03
-2.447500e+00	1.257862e-03
-2.445000e+00	1.271924e-03
-2.442500e+00	1.286227e-03
-2.440000e+00	1.300778e-03
-2.437500e+00	1.315582e-03
-2.435000e+00	1.330645e-03
-2.432500e+00	1.345974e-03
-2.430000e+00	1.361575e-03
-2.427500e+00	1.377453e-03
-2.425000e+00	1.393616e-03
-2.422500e+00	1.410071e-03
-2.420000e+00	1.426825e-03
-2.417500e+00	1.443884e-03
-2.415000e+00	1.461257e-03
-2.412500e+00	1.478951e-03
-2.410000e+00	1.496974e-03
-2.407500e+00	1.515335e-03
-2.405000e+00	1.534042e-03
-2.402500e+00	1.553103e-03
-2.400000e+00	1.572528e-03
-2.397500e+00	1.592325e-03
-2.395000e+00	1.612506e-03
-2.392500e+00	1.633079e-03
-2.390000e+00	1.654054e-03
-2.387500e+00	1.675443e-03
-2.385000e+00	1.697257e-03
-2.382500e+00	1.719505e-03
-2.380000e+00	1.742202e-03
-2.377500e+00	1.765357e-03
-2.375000e+00	1.788985e-03
-2.372500e+00	1.813097e-03
-2.370000e+00	1.837707e-03
-2.367500e+00	1.862830e-03
-2.365000e+00	1.888478e-03
-2.362500e+00	1.914668e-03
-2.360000e+00	1.941414e-03
-2.357500e+00	1.968733e-03
-2.355000e+00	1.996640e-03
-2.352500e+00	2.025153e-03
-2.350000e+00	2.054290e-03
-2.347500e+00	2.084069e-03
-2.345000e+00	2.114508e-03
-2.342500e+00	2.145628e-03
-2.340000e+00	2.177448e-03
-2.337500e+00	2.209991e-03
-2.335000e+00	2.243279e-03
-2.332500e+00	2.277333e-03
-2.330000e+00	2.312178e-03
-2.327500e+00	2.347839e-03
-2.325000e+00	2.384341e-03
-2.322500e+00	2.421711e-03
-2.320000e+00	2.459977e-03
-2.317500e+00	2.499167e-03
-2.315000e+00	2.539311e-03
-2.312500e+00	2.580442e-03
-2.310000e+00	2.622591e-03
-2.307500e+00	2.665792e-03
-2.305000e+00	2.710080e-03
-2.302500e+00	2.755493e-03
-2.300000e+00	2.802069e-03
-2.297500e+00	2.849848e-03
-2.295000e+00	2.898871e-03
-2.292500e+00	2.949183e-03
-2.290000e+00	3.000828e-03
-2.287500e+00	3.053855e-03
-2.285000e+00	3.108313e-03
-2.282500e+00	3.164254e-03
-2.280000e+00	3.221732e-03
-2.277500e+00	3.280804e-03
-2.275000e+00	3.341531e-03
-2.272500e+00	3.403973e-03
-2.270000e+00	3.468196e-03
-2.267500e+00	3.534270e-03
-2.265000e+00	3.602264e-03
-2.262500e+00	3.672256e-03
-2.260000e+00	3.744323e-03
-2.257500e+00	3.818548e-03
-2.255000e+00	3.895019e-03
-2.252500e+00	3.973827e-03
-2.250000e+00	4.055068e-03
-2.247500e+00	4.138844e-03
-2.245000e+00	4.225260e-03
-2.242500e+00	4.314430e-03
-2.240000e+00	4.406470e-03
-2.237500e+00	4.501507e-03
-2.235000e+00	4.599670e-03
-2.232500e+00	4.701099e-03
-2.230000e+00	4.805941e-03
-2.227500e+00	4.914349e-03
-2.225000e+00	5.026488e-03
-2.222500e+00	5.142531e-03
-2.220000e+00	5.262660e-03
-2.217500e+00	5.387070e-03
-2.215000e+00	5.515967e-03
-2.212500e+00	5.649569e-03
-2.210000e+00	5.788107e-03
-2.207500e+00	5.931828e-03
-2.205000e+00	6.080994e-03
-2.202500e+00	6.235881e-03
-2.200000e+00	6.396788e-03
-2.197500e+00	6.564029e-03
-2.195000e+00	6.737941e-03
-2.192500e+00	6.918884e-03
-2.190000e+00	7.107241e-03
-2.187500e+00	7.303423e-03
-2.185000e+00	7.507868e-03
-2.182500e+00	7.721047e-03
-2.180000e+00	7.943465e-03
-2.177500e+00	8.175661e-03
-2.175000e+00	8.418218e-03
-2.172500e+00	8.671761e-03
-2.170000e+00	8.936961e-03
-2.167500e+00	9.214545e-03
-2.165000e+00	9.505294e-03
-2.162500e+00	9.810053e-03
-2.160000e+00	1.012974e-02
-2.157500e+00	1.046533e-02
-2.155000e+00	1.081791e-02
-2.152500e+00	1.118864e-02
-2.150000e+00	1.157879e-02
-2.147500e+00	1.198972e-02
-2.145000e+00	1.242295e-02
-2.142500e+00	1.288012e-02
-2.140000e+00	1.336301e-02
-2.137500e+00	1.387358e-02
-2.135000e+00	1.441400e-02
-2.132500e+00	1.498663e-02
-2.130000e+00	1.559408e-02
-2.127500e+00	1.623921e-02
-2.125000e+00	1.692521e-02
-2.122500e+00	1.765560e-02
-2.120000e+00	1.843426e-02
-2.117500e+00	1.926556e-02
-2.115000e+00	2.015431e-02
-2.112500e+00	2.110593e-02
-2.110000e+00	2.212647e-02
-2.107500e+00	2.322273e-02
-2.105000e+00	2.440236e-02
-2.102500e+00	2.567399e-02
-2.100000e+00	2.704742e-02
-2.097500e+00	2.853376e-02
-2.095000e+00	3.014568e-02
-2.092500e+00	3.189766e-02
-2.090000e+00	3.380635e-02
-2.087500e+00	3.589088e-02
-2.085000e+00	3.817342e-02
-2.082500e+00	4.067972e-02
-2.080000e+00	4.343981e-02
-2.077500e+00	4.648890e-02
-2.075000e+00	4.986849e-02
-2.072500e+00	5.362772e-02
-2.070000e+00	5.782515e-02
-2.067500e+00	6.253096e-02
-2.065000e+00	6.782979e-02
-2.062500e+00	7.382449e-02
-2.060000e+00	8.064085e-02
-2.057500e+00	8.843406e-02
-2.055000e+00	9.739709e-02
-2.052500e+00	1.077722e-01
-2.050000e+00	1.198663e-01
-2.047500e+00	1.340726e-01
-2.045000e+00	1.509004e-01
-2.042500e+00	1.710170e-01
-2.040000e+00	1.953087e-01
-2.037500e+00	2.249677e-01
-2.035000e+00	2.616207e-01
-2.032500e+00	3.075181e-01
-2.030000e+00	3.658140e-01
-2.027500e+00	4.409758e-01
-2.025000e+00	5.393592e-01
-2.022500e+00	6.699289e-01
-2.020000e+00	8.448560e-01
-2.017500e+00	1.078901e+00
-2.015000e+00	1.384267e+00
-2.012500e+00	1.753642e+00
-2.010000e+00	2.125923e+00
-2.007500e+00	2.365010e+00
-2.005000e+00	2.338721e+00
-2.002500e+00	2.063374e+00
-2.000000e+00	1.683482e+00
-1.997500e+00	1.323321e+00
-1.995000e+00	1.031306e+00
-1.992500e+00	8.091180e-01
-1.990000e+00	6.433021e-01
-1.987500e+00	5.193893e-01
-1.985000e+00	4.258064e-01
-1.982500e+00	3.541182e-01
-1.980000e+00	2.983627e-01
-1.977500e+00	2.543490e-01
-1.975000e+00	2.191131e-01
-1.972500e+00	1.905358e-01
-1.970000e+00	1.670813e-01
-1.967500e+00	1.476210e-01
-1.965000e+00	1.313140e-01
-1.962500e+00	1.175257e-01
-1.960000e+00	1.057704e-01
-1.957500e+00	9.567272e-02
-1.955000e+00	8.693877e-02
-1.952500e+00	7.933630e-02
-1.950000e+00	7.267994e-02
-1.947500e+00	6.682040e-02
-1.945000e+00	6.163649e-02
-1.942500e+00	5.702899e-02
-1.940000e+00	5.291614e-02
-1.937500e+00	4.923004e-02
-1.935000e+00	4.591402e-02
-1.932500e+00	4.292042e-02
-1.930000e+00	4.020900e-02
-1.927500e+00	3.774555e-02
-1.925000e+00	3.550088e-02
-1.922500e+00	3.344995e-02
-1.920000e+00	3.157118e-02
-1.917500e+00	2.984591e-02
-1.915000e+00	2.825792e-02
-1.912500e+00	2.679309e-02
-1.910000e+00	2.543903e-02
-1.907500e+00	2.418490e-02
-1.905000e+00	2.302113e-02
-1.902500e+00	2.193926e-02
-1.900000e+00	2.093182e-02
-1.897500e+00	1.999214e-02
-1.895000e+00	1.911431e-02
-1.892500e+00	1.829301e-02
-1.890000e+00	1.752352e-02
-1.887500e+00	1.680157e-02
-1.885000e+00	1.612334e-02
-1.882500e+00	1.548537e-02
-1.880000e+00	1.488455e-02
-1.877500e+00	1.431805e-02
-1.875000e+00	1.378331e-02
-1.872500e+00	1.327801e-02
-1.870000e+00	1.280003e-02
-1.867500e+00	1.234743e-02
-1.865000e+00	1.191846e-02
-1.862500e+00	1.151150e-02
-1.860000e+00	1.112508e-02
-1.857500e+00	1.075783e-02
-1.855000e+00	1.040851e-02
-1.852500e+00	1.007597e-02
-1.850000e+00	9.759167e-03
-1.847500e+00	9.457112e-03
-1.845000e+00	9.168908e-03
-1.842500e+00	8.893723e-03
-1.840000e+00	8.630786e-03
-1.837500e+00	8.379381e-03
-1.835000e+00	8.138844e-03
-1.832500e+00	7.908559e-03
-1.830000e+00	7.687952e-03
-1.827500e+00	7.476489e-03
-1.825000e+00	7.273672e-03
-1.822500e+00	7.079037e-03
-1.820000e+00	6.892150e-03
-1.817500e+00	6.712606e-03
-1.815000e+00	6.540025e-03
-1.812500e+00	6.374053e-03
-1.810000e+00	6.214357e-03
-1.807500e+00	6.060625e-03
-1.805000e+00	5.912563e-03
-1.802500e+00	5.769897e-03
-1.800000e+00	5.632368e-03
-1.797500e+00	5.499732e-03
-1.795000e+00	5.371761e-03
-1.792500e+00	5.248238e-03
-1.790000e+00	5.128960e-03
-1.787500e+00	5.013735e-03
-1.785000e+00	4.902382e-03
-1.782500e+00	4.794729e-03
-1.780000e+00	4.690615e-03
-1.777500e+00	4.589885e-03
-1.775000e+00	4.492396e-03
-1.772500e+00	4.398010e-03
-1.770000e+00	4.306596e-03
-1.767500e+00	4.218032e-03
-1.765000e+00	4.132200e-03
-1.762500e+00	4.048990e-03
-1.760000e+00	3.968295e-03
-1.757500e+00	3.890016e-03
-1.755000e+00	3.814057e-03
-1.752500e+00	3.740328e-03
-1.750000e+00	3.668741e-03
-1.747500e+00	3.599217e-03
-1.745000e+00	3.531675e-03
-1.742500e+00	3.466041e-03
-1.740000e+00	3.402245e-03
-1.737500e+00	3.340218e-03
-1.735000e+00	3.279896e-03
-1.732500e+00	3.221217e-03
-1.730000e+00	3.164121e-03
-1.727500e+00	3.108553e-03
-1.725000e+00	3.054459e-03
-1.722500e+00	3.001787e-03
-1.720000e+00	2.950488e-03
-1.717500e+00	2.900515e-03
-1.715000e+00	2.851821e-03
-1.712500e+00	2.804365e-03
-1.710000e+00	2.758105e-03
-1.707500e+00	2.713001e-03
-1.705000e+00	2.669014e-03
-1.702500e+00	2.626109e-03
-1.700000e+00	2.584250e-03
-1.697500e+00	2.543404e-03
-1.695000e+00	2.503538e-03
-1.692500e+00	2.464621e-03
-1.690000e+00	2.426623e-03
-1.687500e+00	2.389517e-03
-1.685000e+00	2.353274e-03
-1.682500e+00	2.317867e-03
-1.680000e+00	2.283272e-03
-1.677500e+00	2.249463e-03
-1.675000e+00	2.216418e-03
-1.672500e+00	2.184113e-03
-1.670000e+00	2.152527e-03
-1.667500e+00	2.121638e-03
-1.665000e+00	2.091427e-03
-1.662500e+00	2.061873e-03
-1.660000e+00	2.032957e-03
-1.657500e+00	2.004663e-03
-1.655000e+00	1.976971e-03
-1.652500e+00	1.949866e-03
-1.650000e+00	1.923330e-03
-1.647500e+00	1.897348e-03
-1.645000e+00	1.871905e-03
-1.642500e+00	1.846986e-03
-1.640000e+00	1.822576e-03
-1.637500e+00	1.798663e-03
-1.635000e+00	1.775232e-03
-1.632500e+00	1.752271e-03
-1.630000e+00	1.729768e-03
-1.627500e+00	1.707710e-03
-1.625000e+00	1.686086e-03
-1.622500e+00	1.664885e-03
-1.620000e+00	1.644096e-03
-1.617500e+00	1.623707e-03
-1.615000e+00	1.603710e-03
-1.612500e+00	1.584094e-03
-1.610000e+00	1.564850e-03
-1.607500e+00	1.545968e-03
-1.605000e+00	1.527440e-03
-1.602500e+00	1.509256e-03
-1.600000e+00	1.491408e-03
-1.597500e+00	1.473889e-03
-1.595000e+00	1.456690e-03
-1.592500e+00	1.439803e-03
-1.590000e+00	1.423221e-03
-1.587500e+00	1.406937e-03
-1.585000e+00	1.390944e-03
-1.582500e+00	1.375235e-03
-1.580000e+00	1.359803e-03
-1.577500e+00	1.344642e-03
-1.575000e+00	1.329746e-03
-1.572500e+00	1.315108e-03
-1.570000e+00	1.300723e-03
-1.567500e+00	1.286586e-03
-1.565000e+00	1.272689e-03
-1.562500e+00	1.259029e-03
-1.560000e+00	1.245599e-03
-1.557500e+00	1.232395e-03
-1.555000e+00	1.219412e-03
-1.552500e+00	1.206645e-03
-1.550000e+00	1.194089e-03
-1.547500e+00	1.181740e-03
-1.545000e+00	1.169592e-03
-1.542500e+00	1.157643e-03
-1.540000e+00	1.145887e-03
-1.537500e+00	1.134321e-03
-1.535000e+00	1.122941e-03
-1.532500e+00	1.111742e-03
-1.530000e+00	1.100721e-03
-1.527500e+00	1.089875e-03
-1.525000e+00	1.079199e-03
-1.522500e+00	1.068690e-03
-1.520000e+00	1.058345e-03
-1.517500e+00	1.048160e-03
-1.515000e+00	1.038132e-03
-1.512500e+00	1.028259e-03
-1.510000e+00	1.018536e-03
-1.507500e+00	1.008962e-03
-1.505000e+00	9.995324e-04
-1.502500e+00	9.902451e-04
-1.500000e+00	9.810972e-04
-1.497500e+00	9.720860e-04
-1.495000e+00	9.632089e-04
-1.492500e+00	9.544633e-04
-1.490000e+00	9.458466e-04
-1.487500e+00	9.373565e-04
-1.485000e+00	9.289905e-04
-1.482500e+00	9.207462e-04
-1.480000e+00	9.126214e-04
-1.477500e+00	9.046139e-04
-1.475000e+00	8.967215e-04
-1.472500e+00	8.889420e-04
-1.470000e+00	8.812734e-04
-1.467500e+00	8.737136e-04
-1.465000e+00	8.662607e-04
-1.462500e+00	8.589128e-04
-1.460000e+00	8.516679e-04
-1.457500e+00	8.445241e-04
-1.455000e+00	8.374798e-04
-1.452500e+00	8.305331e-04
-1.450000e+00	8.236822e-04
-1.447500e+00	8.169256e-04
-1.445000e+00	8.102615e-04
-1.442500e+00	8.036884e-04
-1.440000e+00	7.972047e-04
-1.437500e+00	7.908088e-04
-1.435000e+00	7.844992e-04
-1.432500e+00	7.782745e-04
-1.430000e+00	7.721331e-04
-1.427500e+00	7.660738e-04
-1.425000e+00	7.600951e-04
-1.422500e+00	7.541956e-04
-1.420000e+00	7.483741e-04
-1.417500e+00	7.426293e-04
-1.415000e+00	7.369598e-04
-1.412500e+00	7.313645e-04
-1.410000e+00	7.258422e-04
-1.407500e+00	7.203915e-04
-1.405000e+00	7.150115e-04
-1.402500e+00	7.097010e-04
-1.400000e+00	7.044588e-04
-1.397500e+00	6.992838e-04
-1.395000e+00	6.941750e-04
-1.392500e+00	6.891314e-04
-1.390000e+00	6.841519e-04
-1.387500e+00	6.792355e-04
-1.385000e+00	6.743812e-04
-1.382500e+00	6.695882e-04
-1.380000e+00	6.648553e-04
-1.377500e+00	6.601818e-04
-1.375000e+00	6.555667e-04
-1.372500e+00	6.510091e-04
-1.370000e+00	6.465082e-04
-1.367500e+00	6.420630e-04
-1.365000e+00	6.376729e-04
-1.362500e+00	6.333369e-04
-1.360000e+00	6.290542e-04
-1.357500e+00	6.248241e-04
-1.355000e+00	6.206459e-04
-1.352500e+00	6.165187e-04
-1.350000e+00	6.124417e-04
-1.347500e+00	6.084144e-04
-1.345000e+00	6.044360e-04
-1.342500e+00	6.005058e-04
-1.340000e+00	5.966230e-04
-1.337500e+00	5.927871e-04
-1.335000e+00	5.889974e-04
-1.332500e+00	5.852532e-04
-1.330000e+00	5.815539e-04
-1.327500e+00	5.778990e-04
-1.325000e+00	5.742877e-04
-1.322500e+00	5.707195e-04
-1.320000e+00	5.671938e-04
-1.317500e+00	5.637101e-04
-1.315000e+00	5.602677e-04
-1.312500e+00	5.568662e-04
-1.310000e+00	5.535049e-04
-1.307500e+00	5.501835e-04
-1.305000e+00	5.469013e-04
-1.302500e+00	5.436578e-04
-1.300000e+00	5.404526e-04
-1.297500e+00	5.372851e-04
-1.295000e+00	5.341549e-04
-1.292500e+00	5.310615e-04
-1.290000e+00	5.280045e-04
-1.287500e+00	5.249834e-04
-1.285000e+00	5.219977e-04
-1.282500e+00	5.190471e-04
-1.280000e+00	5.161311e-04
-1.277500e+00	5.132492e-04
-1.275000e+00	5.104012e-04
-1.272500e+00	5.075865e-04
-1.270000e+00	5.048048e-04
-1.267500e+00	5.020557e-04
-1.265000e+00	4.993388e-04
-1.262500e+00	4.966538e-04
-1.260000e+00	4.940003e-04
-1.257500e+00	4.913779e-04
-1.255000e+00	4.887863e-04
-1.252500e+00	4.862252e-04
-1.250000e+00	4.836942e-04
-1.247500e+00	4.811930e-04
-1.245000e+00	4.787213e-04
-1.242500e+00	4.762787e-04
-1.240000e+00	4.738650e-04
-1.237500e+00	4.714798e-04
-1.235000e+00	4.691230e-04
-1.232500e+00	4.667941e-04
-1.230000e+00	4.644929e-04
-1.227500e+00	4.622191e-04
-1.225000e+00	4.599725e-04
-1.222500e+00	4.577528e-04
-1.220000e+00	4.555597e-04
-1.217500e+00	4.533930e-04
-1.215000e+00	4.512525e-04
-1.212500e+00	4.491378e-04
-1.210000e+00	4.470489e-04
-1.207500e+00	4.449854e-04
-1.205000e+00	4.429471e-04
-1.202500e+00	4.409339e-04
-1.200000e+00	4.389455e-04
-1.197500e+00	4.369816e-04
-1.195000e+00	4.350422e-04
-1.192500e+00	4.331270e-04
-1.190000e+00	4.312358e-04
-1.187500e+00	4.293685e-04
-1.185000e+00	4.275248e-04
-1.182500e+00	4.257046e-04
-1.180000e+00	4.239078e-04
-1.177500e+00	4.221341e-04
-1.175000e+00	4.203835e-04
-1.172500e+00	4.186557e-04
-1.170000e+00	4.169506e-04
-1.167500e+00	4.152682e-04
-1.165000e+00	4.136081e-04
-1.162500e+00	4.119705e-04
-1.160000e+00	4.103550e-04
-1.157500e+00	4.087616e-04
-1.155000e+00	4.071902e-04
-1.152500e+00	4.056406e-04
-1.150000e+00	4.041129e-04
-1.147500e+00	4.026068e-04
-1.145000e+00	4.011223e-04
-1.142500e+00	3.996593e-04
-1.140000e+00	3.982178e-04
-1.137500e+00	3.967976e-04
-1.135000e+00	3.953987e-04
-1.132500e+00	3.940210e-04
-1.130000e+00	3.926646e-04
-1.127500e+00	3.913292e-04
-1.125000e+00	3.900150e-04
-1.122500e+00	3.887218e-04
-1.120000e+00	3.874497e-04
-1.117500e+00	3.861986e-04
-1.115000e+00	3.849685e-04
-1.112500e+00	3.837594e-04
-1.110000e+00	3.825712e-04
-1.107500e+00	3.814041e-04
-1.105000e+00	3.802580e-04
-1.102500e+00	3.791329e-04
-1.100000e+00	3.780289e-04
-1.097500e+00	3.769460e-04
-1.095000e+00	3.758842e-04
-1.092500e+00	3.748436e-04
-1.090000e+00	3.738243e-04
-1.087500e+00	3.728263e-04
-1.085000e+00	3.718498e-04
-1.082500e+00	3.708947e-04
-1.080000e+00	3.699612e-04
-1.077500e+00	3.690494e-04
-1.075000e+00	3.681595e-04
-1.072500e+00	3.672915e-04
-1.070000e+00	3.664455e-04
-1.067500e+00	3.656218e-04
-1.065000e+00	3.648206e-04
-1.062500e+00	3.640418e-04
-1.060000e+00	3.632859e-04
-1.057500e+00	3.625529e-04
-1.055000e+00	3.618430e-04
-1.052500e+00	3.611566e-04
-1.050000e+00	3.604938e-04
-1.047500e+00	3.598549e-04
-1.045000e+00	3.592401e-04
-1.042500e+00	3.586498e-04
-1.040000e+00	3.580843e-04
-1.037500e+00	3.575438e-04
-1.035000e+00	3.570288e-04
-1.032500e+00	3.565395e-04
-1.030000e+00	3.560764e-04
-1.027500e+00	3.556399e-04
-1.025000e+00	3.552303e-04
-1.022500e+00	3.548482e-04
-1.020000e+00	3.544940e-04
-1.017500e+00	3.541683e-04
-1.015000e+00	3.538714e-04
-1.012500e+00	3.536040e-04
-1.010000e+00	3.533668e-04
-1.007500e+00	3.531602e-04
-1.005000e+00	3.529849e-04
-1.002500e+00	3.528417e-04
-1.000000e+00	3.527312e-04
-9.975000e-01	3.526543e-04
-9.950000e-01	3.526116e-04
-9.925000e-01	3.526041e-04
-9.900000e-01	3.526326e-04
-9.875000e-01	3.526982e-04
-9.850000e-01	3.528017e-04
-9.825000e-01	3.529442e-04
-9.800000e-01	3.531268e-04
-9.775000e-01	3.533508e-04
-9.750000e-01	3.536172e-04
-9.725000e-01	3.539275e-04
-9.700000e-01	3.542830e-04
-9.675000e-01	3.546852e-04
-9.650000e-01	3.551356e-04
-9.625000e-01	3.556357e-04
-9.600000e-01	3.561875e-04
-9.575000e-01	3.567926e-04
-9.550000e-01	3.574530e-04
-9.525000e-01	3.581708e-04
-9.500000e-01	3.589482e-04
-9.475000e-01	3.597874e-04
-9.450000e-01	3.606909e-04
-9.425000e-01	3.616614e-04
-9.400000e-01	3.627016e-04
-9.375000e-01	3.638145e-04
-9.350000e-01	3.650032e-04
-9.325000e-01	3.662712e-04
-9.300000e-01	3.676219e-04
-9.275000e-01	3.690593e-04
-9.250000e-01	3.705874e-04
-9.225000e-01	3.722106e-04
-9.200000e-01	3.739336e-04
-9.175000e-01	3.757615e-04
-9.150000e-01	3.776996e-04
-9.125000e-01	3.797537e-04
-9.100000e-01	3.819302e-04
-9.075000e-01	3.842355e-04
-9.050000e-01	3.866771e-04
-9.025000e-01	3.892627e-04
-9.000000e-01	3.920006e-04
-8.975000e-01	3.949000e-04
-8.950000e-01	3.979708e-04
-8.925000e-01	4.012235e-04
-8.900000e-01	4.046698e-04
-8.875000e-01	4.083222e-04
-8.850000e-01	4.121944e-04
-8.825000e-01	4.163013e-04
-8.800000e-01	4.206593e-04
-8.775000e-01	4.252860e-04
-8.750000e-01	4.302011e-04
-8.725000e-01	4.354258e-04
-8.700000e-01	4.409838e-04
-8.675000e-01	4.469008e-04
-8.650000e-01	4.532053e-04
-8.625000e-01	4.599290e-04
-8.600000e-01	4.671068e-04
-8.575000e-01	4.747774e-04
-8.550000e-01	4.829840e-04
-8.525000e-01	4.917746e-04
-8.500000e-01	5.012031e-04
-8.475000e-01	5.113297e-04
-8.450000e-01	5.222220e-04
-8.425000e-01	5.339564e-04
-8.400000e-01	5.466190e-04
-8.375000e-01	5.603076e-04
-8.350000e-01	5.751332e-04
-8.325000e-01	5.912227e-04
-8.300000e-01	6.087211e-04
-8.275000e-01	6.277953e-04
-8.250000e-01	6.486377e-04
-8.225000e-01	6.714715e-04
-8.200000e-01	6.965560e-04
-8.175000e-01	7.241946e-04
-8.150000e-01	7.547439e-04
-8.125000e-01	7.886245e-04
-8.100000e-01	8.263364e-04
-8.075000e-01	8.684766e-04
-8.050000e-01	9.157625e-04
-8.025000e-01	9.690623e-04
-8.000000e-01	1.029434e-03
-7.975000e-01	1.098177e-03
-7.950000e-01	1.176900e-03
-7.925000e-01	1.267612e-03
-7.900000e-01	1.372845e-03
-7.875000e-01	1.495826e-03
-7.850000e-01	1.640708e-03
-7.825000e-01	1.812899e-03
-7.800000e-01	2.019534e-03
-7.775000e-01	2.270142e-03
-7.750000e-01	2.577632e-03
-7.725000e-01	2.959734e-03
-7.700000e-01	3.441135e-03
-7.675000e-01	4.056629e-03
-7.650000e-01	4.855654e-03
-7.625000e-01	5.908415e-03
-7.600000e-01	7.312646e-03
-7.575000e-01	9.195841e-03
-7.550000e-01	1.169494e-02
-7.525000e-01	1.486571e-02
-7.500000e-01	1.844380e-02
-7.475000e-01	2.150798e-02
-7.450000e-01	2.263571e-02
-7.425000e-01	2.114511e-02
-7.400000e-01	1.792190e-02
-7.375000e-01	1.436959e-02
-7.350000e-01	1.129842e-02
-7.325000e-01	8.903026e-03
-7.300000e-01	7.104863e-03
-7.275000e-01	5.765171e-03
-7.250000e-01	4.760504e-03
-7.225000e-01	3.997596e-03
-7.200000e-01	3.409783e-03
-7.175000e-01	2.950170e-03
-7.150000e-01	2.585729e-03
-7.125000e-01	2.292988e-03
-7.100000e-01	2.055063e-03
-7.075000e-01	1.859638e-03
-7.050000e-01	1.697606e-03
-7.025000e-01	1.562139e-03
-7.000000e-01	1.448055e-03
-6.975000e-01	1.351372e-03
-6.950000e-01	1.268995e-03
-6.925000e-01	1.198496e-03
-6.900000e-01	1.137950e-03
-6.875000e-01	1.085818e-03
-6.850000e-01	1.040863e-03
-6.825000e-01	1.002077e-03
-6.800000e-01	9.686435e-04
-6.775000e-01	9.398885e-04
-6.750000e-01	9.152591e-04
-6.725000e-01	8.942987e-04
-6.700000e-01	8.766299e-04
-6.675000e-01	8.619408e-04
-6.650000e-01	8.499744e-04
-6.625000e-01	8.405203e-04
-6.600000e-01	8.334078e-04
-6.575000e-01	8.285007e-04
-6.550000e-01	8.256932e-04
-6.525000e-01	8.249067e-04
-6.500000e-01	8.260875e-04
-6.475000e-01	8.292052e-04
-6.450000e-01	8.342513e-04
-6.425000e-01	8.412388e-04
-6.400000e-01	8.502022e-04
-6.375000e-01	8.611979e-04
-6.350000e-01	8.743051e-04
-6.325000e-01	8.896274e-04
-6.300000e-01	9.072951e-04
-6.275000e-01	9.274674e-04
-6.250000e-01	9.503368e-04
-6.225000e-01	9.761328e-04
-6.200000e-01	1.005128e-03
-6.175000e-01	1.037646e-03
-6.150000e-01	1.074066e-03
-6.125000e-01	1.114841e-03
-6.100000e-01	1.160504e-03
-6.075000e-01	1.211689e-03
-6.050000e-01	1.269151e-03
-6.025000e-01	1.333792e-03
-6.000000e-01	1.406698e-03
-5.975000e-01	1.489180e-03
-5.950000e-01	1.582832e-03
-5.925000e-01	1.689607e-03
-5.900000e-01	1.811913e-03
-5.875000e-01	1.952742e-03
-5.850000e-01	2.115850e-03
-5.825000e-01	2.305991e-03
-5.800000e-01	2.529247e-03
-5.775000e-01	2.793486e-03
-5.750000e-01	3.109004e-03
-5.725000e-01	3.489450e-03
-5.700000e-01	3.953158e-03
-5.675000e-01	4.525096e-03
-5.650000e-01	5.239749e-03
-5.625000e-01	6.145373e-03
-5.600000e-01	7.310241e-03
-5.575000e-01	8.831479e-03
-5.550000e-01	1.084638e-02
-5.525000e-01	1.354269e-02
-5.500000e-01	1.715301e-02
-5.475000e-01	2.188634e-02
-5.450000e-01	2.768867e-02
-5.425000e-01	3.372385e-02
-5.400000e-01	3.794436e-02
-5.375000e-01	3.809859e-02
-5.350000e-01	3.409530e-02
-5.325000e-01	2.811734e-02
-5.300000e-01	2.227849e-02
-5.275000e-01	1.748587e-02
-5.250000e-01	1.382496e-02
-5.225000e-01	1.109382e-02
-5.200000e-01	9.058314e-03
-5.175000e-01	7.527436e-03
-5.150000e-01	6.361049e-03
-5.125000e-01	5.459941e-03
-5.100000e-01	4.754423e-03
-5.075000e-01	4.195315e-03
-5.050000e-01	3.747558e-03
-5.025000e-01	3.385851e-03
-5.000000e-01	3.091703e-03
-4.975000e-01	2.851439e-03
-4.950000e-01	2.654838e-03
-4.925000e-01	2.494198e-03
-4.900000e-01	2.363683e-03
-4.875000e-01	2.258868e-03
-4.850000e-01	2.176413e-03
-4.825000e-01	2.113836e-03
-4.800000e-01	2.069353e-03
-4.775000e-01	2.041768e-03
-4.750000e-01	2.030408e-03
-4.725000e-01	2.035079e-03
-4.700000e-01	2.056065e-03
-4.675000e-01	2.094147e-03
-4.650000e-01	2.150656e-03
-4.625000e-01	2.227565e-03
-4.600000e-01	2.327623e-03
-4.575000e-01	2.454556e-03
-4.550000e-01	2.613353e-03
-4.525000e-01	2.810674e-03
-4.500000e-01	3.055434e-03
-4.475000e-01	3.359653e-03
-4.450000e-01	3.739689e-03
-4.425000e-01	4.218057e-03
-4.400000e-01	4.826120e-03
-4.375000e-01	5.608068e-03
-4.350000e-01	6.626699e-03
-4.325000e-01	7.971371e-03
-4.300000e-01	9.767390e-03
-4.275000e-01	1.218158e-02
-4.250000e-01	1.540467e-02
-4.225000e-01	1.955582e-02
-4.200000e-01	2.440525e-02
-4.175000e-01	2.890589e-02
-4.150000e-01	3.115457e-02
-4.125000e-01	2.982771e-02
-4.100000e-01	2.573116e-02
-4.075000e-01	2.081543e-02
-4.050000e-01	1.640953e-02
-4.025000e-01	1.292065e-02
-4.000000e-01	1.028783e-02
-3.975000e-01	8.324954e-03
-3.950000e-01	6.854845e-03
-3.925000e-01	5.740730e-03
-3.900000e-01	4.884129e-03
-3.875000e-01	4.215658e-03
-3.850000e-01	3.686506e-03
-3.825000e-01	3.262065e-03
-3.800000e-01	2.917503e-03
-3.775000e-01	2.634766e-03
-3.750000e-01	2.400540e-03
-3.725000e-01	2.204876e-03
-3.700000e-01	2.040245e-03
-3.675000e-01	1.900877e-03
-3.650000e-01	1.782304e-03
-3.625000e-01	1.681031e-03
-3.600000e-01	1.594298e-03
-3.575000e-01	1.519911e-03
-3.550000e-01	1.456112e-03
-3.525000e-01	1.401484e-03
-3.500000e-01	1.354884e-03
-3.475000e-01	1.315386e-03
-3.450000e-01	1.282241e-03
-3.425000e-01	1.254845e-03
-3.400000e-01	1.232717e-03
-3.375000e-01	1.215476e-03
-3.350000e-01	1.202834e-03
-3.325000e-01	1.194579e-03
-3.300000e-01	1.190574e-03
-3.275000e-01	1.190746e-03
-3.250000e-01	1.195086e-03
-3.225000e-01	1.203651e-03
-3.200000e-01	1.216561e-03
-3.175000e-01	1.234008e-03
-3.150000e-01	1.256256e-03
-3.125000e-01	1.283654e-03
-3.100000e-01	1.316647e-03
-3.075000e-01	1.355791e-03
-3.050000e-01	1.401774e-03
-3.025000e-01	1.455444e-03
-3.000000e-01	1.517839e-03
-2.975000e-01	1.590238e-03
-2.950000e-01	1.674217e-03
-2.925000e-01	1.771726e-03
-2.900000e-01	1.885196e-03
-2.875000e-01	2.017671e-03
-2.850000e-01	2.173000e-03
-2.825000e-01	2.356093e-03
-2.800000e-01	2.573273e-03
-2.775000e-01	2.832777e-03
-2.750000e-01	3.145457e-03
-2.725000e-01	3.525801e-03
-2.700000e-01	3.993407e-03
-2.675000e-01	4.575155e-03
-2.650000e-01	5.308420e-03
-2.625000e-01	6.245811e-03
-2.600000e-01	7.462035e-03
-2.575000e-01	9.063282e-03
-2.550000e-01	1.119801e-02
-2.525000e-01	1.406235e-02
-2.500000e-01	1.787540e-02
-2.475000e-01	2.275658e-02
-2.450000e-01	2.838296e-02
-2.425000e-01	3.344814e-02
-2.400000e-01	3.572610e-02
-2.375000e-01	3.386094e-02
-2.350000e-01	2.898004e-02
-2.325000e-01	2.333081e-02
-2.300000e-01	1.834414e-02
-2.275000e-01	1.442104e-02
-2.250000e-01	1.146762e-02
-2.225000e-01	9.266823e-03
-2.200000e-01	7.617988e-03
-2.175000e-01	6.367655e-03
-2.150000e-01	5.405673e-03
-2.125000e-01	4.654496e-03
-2.100000e-01	4.059543e-03
-2.075000e-01	3.582084e-03
-2.050000e-01	3.194300e-03
-2.025000e-01	2.875937e-03
-2.000000e-01	2.612042e-03
-1.975000e-01	2.391424e-03
-1.950000e-01	2.205603e-03
-1.925000e-01	2.048069e-03
-1.900000e-01	1.913774e-03
-1.875000e-01	1.798758e-03
-1.850000e-01	1.699888e-03
-1.825000e-01	1.614662e-03
-1.800000e-01	1.541065e-03
-1.775000e-01	1.477467e-03
-1.750000e-01	1.422537e-03
-1.725000e-01	1.375187e-03
-1.700000e-01	1.334520e-03
-1.675000e-01	1.299797e-03
-1.650000e-01	1.270406e-03
-1.625000e-01	1.245843e-03
-1.600000e-01	1.225693e-03
-1.575000e-01	1.209616e-03
-1.550000e-01	1.197335e-03
-1.525000e-01	1.188632e-03
-1.500000e-01	1.183334e-03
-1.475000e-01	1.181315e-03
-1.450000e-01	1.182487e-03
-1.425000e-01	1.186802e-03
-1.400000e-01	1.194244e-03
-1.375000e-01	1.204833e-03
-1.350000e-01	1.218623e-03
-1.325000e-01	1.235703e-03
-1.300000e-01	1.256198e-03
-1.275000e-01	1.280271e-03
-1.250000e-01	1.308128e-03
-1.225000e-01	1.340017e-03
-1.200000e-01	1.376242e-03
-1.175000e-01	1.417162e-03
-1.150000e-01	1.463200e-03
-1.125000e-01	1.514860e-03
-1.100000e-01	1.572732e-03
-1.075000e-01	1.637511e-03
-1.050000e-01	1.710017e-03
-1.025000e-01	1.791221e-03
-1.000000e-01	1.882269e-03
-9.750000e-02	1.984528e-03
-9.500000e-02	2.099630e-03
-9.250000e-02	2.229533e-03
-9.000000e-02	2.376604e-03
-8.750000e-02	2.543716e-03
-8.500000e-02	2.734383e-03
-8.250000e-02	2.952938e-03
-8.000000e-02	3.204762e-03
-7.750000e-02	3.496596e-03
-7.500000e-02	3.836969e-03
-7.250000e-02	4.236780e-03
-7.000000e-02	4.710109e-03
-6.750000e-02	5.275358e-03
-6.500000e-02	5.956888e-03
-6.250000e-02	6.787368e-03
-6.000000e-02	7.811226e-03
-5.750000e-02	9.089719e-03
-5.500000e-02	1.070845e-02
-5.250000e-02	1.278841e-02
-5.000000e-02	1.550169e-02
-4.750000e-02	1.909196e-02
-4.500000e-02	2.389457e-02
-4.250000e-02	3.033250e-02
-4.000000e-02	3.881164e-02
-3.750000e-02	4.933015e-02
-3.500000e-02	6.057649e-02
-3.250000e-02	6.901399e-02
-3.000000e-02	7.029954e-02
-2.750000e-02	6.363723e-02
-2.500000e-02	5.276679e-02
-2.250000e-02	4.180044e-02
-2.000000e-02	3.267005e-02
-1.750000e-02	2.565351e-02
-1.500000e-02	2.040659e-02
-1.250000e-02	1.649221e-02
-1.000000e-02	1.354580e-02
-7.500000e-03	1.129777e-02
-5.000000e-03	9.556754e-03
-2.500000e-03	8.188270e-03
9.379164e-13	7.097405e-03
2.500000e-03	6.216502e-03
5.000000e-03	5.496705e-03
7.500000e-03	4.902243e-03
1.000000e-02	4.406568e-03
1.250000e-02	3.989707e-03
1.500000e-02	3.636449e-03
1.750000e-02	3.335075e-03
2.000000e-02	3.076457e-03
2.250000e-02	2.853414e-03
2.500000e-02	2.660254e-03
2.750000e-02	2.492425e-03
3.000000e-02	2.346267e-03
3.250000e-02	2.218823e-03
3.500000e-02	2.107698e-03
3.750000e-02	2.010951e-03
4.000000e-02	1.927016e-03
4.250000e-02	1.854637e-03
4.500000e-02	1.792830e-03
4.750000e-02	1.740845e-03
5.000000e-02	1.698151e-03
5.250000e-02	1.664420e-03
5.500000e-02	1.639529e-03
5.750000e-02	1.623571e-03
6.000000e-02	1.616876e-03
6.250000e-02	1.620051e-03
6.500000e-02	1.634036e-03
6.750000e-02	1.660194e-03
7.000000e-02	1.700433e-03
7.250000e-02	1.757392e-03
7.500000e-02	1.834707e-03
7.750000e-02	1.937402e-03
8.000000e-02	2.072468e-03
8.250000e-02	2.249720e-03
8.500000e-02	2.483067e-03
8.750000e-02	2.792329e-03
9.000000e-02	3.205691e-03
9.250000e-02	3.762368e-03
9.500000e-02	4.513308e-03
9.750000e-02	5.512478e-03
1.000000e-01	6.779128e-03
1.025000e-01	8.200258e-03
1.050000e-01	9.398669e-03
1.075000e-01	9.810885e-03
1.100000e-01	9.191305e-03
1.125000e-01	7.911816e-03
1.150000e-01	6.524721e-03
1.175000e-01	5.339130e-03
1.200000e-01	4.425461e-03
1.225000e-01	3.750921e-03
1.250000e-01	3.261085e-03
1.275000e-01	2.908302e-03
1.300000e-01	2.657079e-03
1.325000e-01	2.482586e-03
1.350000e-01	2.368016e-03
1.375000e-01	2.302350e-03
1.400000e-01	2.278802e-03
1.425000e-01	2.293814e-03
1.450000e-01	2.346498e-03
1.475000e-01	2.438419e-03
1.500000e-01	2.573679e-03
1.525000e-01	2.759320e-03
1.550000e-01	3.006083e-03
1.575000e-01	3.329682e-03
1.600000e-01	3.752758e-03
1.625000e-01	4.307844e-03
1.650000e-01	5.041655e-03
1.675000e-01	6.020870e-03
1.700000e-01	7.338347e-03
1.725000e-01	9.114455e-03
1.750000e-01	1.147529e-02
1.775000e-01	1.446057e-02
1.800000e-01	1.778885e-02
1.825000e-01	2.055006e-02
1.850000e-01	2.141793e-02
1.875000e-01	1.985656e-02
1.900000e-01	1.677570e-02
1.925000e-01	1.346723e-02
1.950000e-01	1.063723e-02
1.975000e-01	8.438514e-03
2.000000e-01	6.788931e-03
2.025000e-01	5.558638e-03
2.050000e-01	4.634302e-03
2.075000e-01	3.930834e-03
2.100000e-01	3.387531e-03
2.125000e-01	2.961701e-03
2.150000e-01	2.623257e-03
2.175000e-01	2.350797e-03
2.200000e-01	2.128906e-03
2.225000e-01	1.946324e-03
2.250000e-01	1.794716e-03
2.275000e-01	1.667825e-03
2.300000e-01	1.560896e-03
2.325000e-01	1.470272e-03
2.350000e-01	1.393106e-03
2.375000e-01	1.327164e-03
2.400000e-01	1.270672e-03
2.425000e-01	1.222213e-03
2.450000e-01	1.180644e-03
2.475000e-01	1.145039e-03
2.500000e-01	1.114642e-03
2.525000e-01	1.088834e-03
2.550000e-01	1.067105e-03
2.575000e-01	1.049037e-03
2.600000e-01	1.034282e-03
2.625000e-01	1.022557e-03
2.650000e-01	1.013628e-03
2.675000e-01	1.007304e-03
2.700000e-01	1.003434e-03
2.725000e-01	1.001897e-03
2.750000e-01	1.002600e-03
2.775000e-01	1.005479e-03
2.800000e-01	1.010490e-03
2.825000e-01	1.017611e-03
2.850000e-01	1.026842e-03
2.875000e-01	1.038202e-03
2.900000e-01	1.051730e-03
2.925000e-01	1.067482e-03
2.950000e-01	1.085538e-03
2.975000e-01	1.105995e-03
3.000000e-01	1.128976e-03
3.025000e-01	1.154624e-03
3.050000e-01	1.183111e-03
3.075000e-01	1.214636e-03
3.100000e-01	1.249431e-03
3.125000e-01	1.287766e-03
3.150000e-01	1.329948e-03
3.175000e-01	1.376334e-03
3.200000e-01	1.427335e-03
3.225000e-01	1.483424e-03
3.250000e-01	1.545149e-03
3.275000e-01	1.613142e-03
3.300000e-01	1.688138e-03
3.325000e-01	1.770992e-03
3.350000e-01	1.862703e-03
3.375000e-01	1.964443e-03
3.400000e-01	2.077591e-03
3.425000e-01	2.203781e-03
3.450000e-01	2.344958e-03
3.475000e-01	2.503447e-03
3.500000e-01	2.682046e-03
3.525000e-01	2.884149e-03
3.550000e-01	3.113894e-03
3.575000e-01	3.376368e-03
3.600000e-01	3.677877e-03
3.625000e-01	4.026306e-03
3.650000e-01	4.431604e-03
3.675000e-01	4.906456e-03
3.700000e-01	5.467211e-03
3.725000e-01	6.135183e-03
3.750000e-01	6.938512e-03
3.775000e-01	7.914833e-03
3.800000e-01	9.115184e-03
3.825000e-01	1.060974e-02
3.850000e-01	1.249632e-02
3.875000e-01	1.491289e-02
3.900000e-01	1.805558e-02
3.925000e-01	2.220270e-02
3.950000e-01	2.774063e-02
3.975000e-01	3.516912e-02
4.000000e-01	4.501067e-02
4.025000e-01	5.742755e-02
4.050000e-01	7.124797e-02
4.075000e-01	8.269567e-02
4.100000e-01	8.628529e-02
4.125000e-01	7.982396e-02
4.150000e-01	6.709462e-02
4.175000e-01	5.343771e-02
4.200000e-01	4.176323e-02
4.225000e-01	3.269723e-02
4.250000e-01	2.589817e-02
4.275000e-01	2.082898e-02
4.300000e-01	1.702139e-02
4.325000e-01	1.412395e-02
4.350000e-01	1.188601e-02
4.375000e-01	1.013129e-02
4.400000e-01	8.735577e-03
4.425000e-01	7.610520e-03
4.450000e-01	6.692489e-03
4.475000e-01	5.935020e-03
4.500000e-01	5.303715e-03
4.525000e-01	4.772761e-03
4.550000e-01	4.322543e-03
4.575000e-01	3.937978e-03
4.600000e-01	3.607338e-03
4.625000e-01	3.321421e-03
4.650000e-01	3.072940e-03
4.675000e-01	2.856083e-03
4.700000e-01	2.666194e-03
4.725000e-01	2.499533e-03
4.750000e-01	2.353098e-03
4.775000e-01	2.224505e-03
4.800000e-01	2.111896e-03
4.825000e-01	2.013892e-03
4.850000e-01	1.929574e-03
4.875000e-01	1.858506e-03
4.900000e-01	1.800798e-03
4.925000e-01	1.757237e-03
4.950000e-01	1.729482e-03
4.975000e-01	1.720313e-03
5.000000e-01	1.733841e-03
5.025000e-01	1.775198e-03
5.050000e-01	1.848408e-03
5.075000e-01	1.949559e-03
5.100000e-01	2.053468e-03
5.125000e-01	2.106738e-03
5.150000e-01	2.060527e-03
5.175000e-01	1.924551e-03
5.200000e-01	1.754743e-03
5.225000e-01	1.596868e-03
5.250000e-01	1.467900e-03
5.275000e-01	1.367814e-03
5.300000e-01	1.291282e-03
5.325000e-01	1.232766e-03
5.350000e-01	1.187880e-03
5.375000e-01	1.153446e-03
5.400000e-01	1.127238e-03
5.425000e-01	1.107711e-03
5.450000e-01	1.093807e-03
5.475000e-01	1.084807e-03
5.500000e-01	1.080239e-03
5.525000e-01	1.079815e-03
5.550000e-01	1.083392e-03
5.575000e-01	1.090944e-03
5.600000e-01	1.102550e-03
5.625000e-01	1.118390e-03
5.650000e-01	1.138739e-03
5.675000e-01	1.163982e-03
5.700000e-01	1.194619e-03
5.725000e-01	1.231291e-03
5.750000e-01	1.274800e-03
5.775000e-01	1.326152e-03
5.800000e-01	1.386600e-03
5.825000e-01	1.457717e-03
5.850000e-01	1.541481e-03
5.875000e-01	1.640397e-03
5.900000e-01	1.757666e-03
5.925000e-01	1.897413e-03
5.950000e-01	2.065014e-03
5.975000e-01	2.267553e-03
6.000000e-01	2.514486e-03
6.025000e-01	2.818601e-03
6.050000e-01	3.197434e-03
6.075000e-01	3.675355e-03
6.100000e-01	4.286660e-03
6.125000e-01	5.080043e-03
6.150000e-01	6.124732e-03
6.175000e-01	7.517615e-03
6.200000e-01	9.387077e-03
6.225000e-01	1.187792e-02
6.250000e-01	1.507384e-02
6.275000e-01	1.877747e-02
6.300000e-01	2.215339e-02
6.325000e-01	2.374075e-02
6.350000e-01	2.259931e-02
6.375000e-01	1.942135e-02
6.400000e-01	1.569080e-02
6.425000e-01	1.237816e-02
6.450000e-01	9.765585e-03
6.475000e-01	7.797146e-03
6.500000e-01	6.330262e-03
6.525000e-01	5.231632e-03
6.550000e-01	4.398934e-03
6.575000e-01	3.758639e-03
6.600000e-01	3.258967e-03
6.625000e-01	2.863479e-03
6.650000e-01	2.546328e-03
6.675000e-01	2.288959e-03
6.700000e-01	2.077867e-03
6.725000e-01	1.903087e-03
6.750000e-01	1.757168e-03
6.775000e-01	1.634462e-03
6.800000e-01	1.530640e-03
6.825000e-01	1.442343e-03
6.850000e-01	1.366941e-03
6.875000e-01	1.302350e-03
6.900000e-01	1.246910e-03
6.925000e-01	1.199286e-03
6.950000e-01	1.158395e-03
6.975000e-01	1.123357e-03
7.000000e-01	1.093450e-03
7.025000e-01	1.068084e-03
7.050000e-01	1.046768e-03
7.075000e-01	1.029101e-03
7.100000e-01	1.014751e-03
7.125000e-01	1.003445e-03
7.150000e-01	9.949606e-04
7.175000e-01	9.891172e-04
7.200000e-01	9.857717e-04
7.225000e-01	9.848134e-04
7.250000e-01	9.861602e-04
7.275000e-01	9.897562e-04
7.300000e-01	9.955699e-04
7.325000e-01	1.003592e-03
7.350000e-01	1.013837e-03
7.375000e-01	1.026337e-03
7.400000e-01	1.041149e-03
7.425000e-01	1.058352e-03
7.450000e-01	1.078045e-03
7.475000e-01	1.100355e-03
7.500000e-01	1.125433e-03
7.525000e-01	1.153459e-03
7.550000e-01	1.184647e-03
7.575000e-01	1.219244e-03
7.600000e-01	1.257538e-03
7.625000e-01	1.299866e-03
7.650000e-01	1.346614e-03
7.675000e-01	1.398233e-03
7.700000e-01	1.455244e-03
7.725000e-01	1.518253e-03
7.750000e-01	1.587967e-03
7.775000e-01	1.665209e-03
7.800000e-01	1.750945e-03
7.825000e-01	1.846314e-03
7.850000e-01	1.952659e-03
7.875000e-01	2.071577e-03
7.900000e-01	2.204973e-03
7.925000e-01	2.355137e-03
7.950000e-01	2.524835e-03
7.975000e-01	2.717432e-03
8.000000e-01	2.937052e-03
8.025000e-01	3.188788e-03
8.050000e-01	3.478984e-03
8.075000e-01	3.815614e-03
8.100000e-01	4.208798e-03
8.125000e-01	4.671520e-03
8.150000e-01	5.220620e-03
8.175000e-01	5.878210e-03
8.200000e-01	6.673699e-03
8.225000e-01	7.646728e-03
8.250000e-01	8.851485e-03
8.275000e-01	1.036307e-02
8.300000e-01	1.228690e-02
8.325000e-01	1.477245e-02
8.350000e-01	1.803234e-02
8.375000e-01	2.236561e-02
8.400000e-01	2.817459e-02
8.425000e-01	3.593430e-02
8.450000e-01	4.599413e-02
8.475000e-01	5.796454e-02
8.500000e-01	6.957646e-02
8.525000e-01	7.625918e-02
8.550000e-01	7.419943e-02
8.575000e-01	6.467043e-02
8.600000e-01	5.245718e-02
8.625000e-01	4.121326e-02
8.650000e-01	3.221085e-02
8.675000e-01	2.539356e-02
8.700000e-01	2.031170e-02
8.725000e-01	1.651272e-02
8.750000e-01	1.364144e-02
8.775000e-01	1.144074e-02
8.800000e-01	9.729287e-03
8.825000e-01	8.379685e-03
8.850000e-01	7.301878e-03
8.875000e-01	6.431545e-03
8.900000e-01	5.722238e-03
8.925000e-01	5.140082e-03
8.950000e-01	4.660228e-03
8.975000e-01	4.264471e-03
9.000000e-01	3.939681e-03
9.025000e-01	3.676812e-03
9.050000e-01	3.470333e-03
9.075000e-01	3.317915e-03
9.100000e-01	3.220071e-03
9.125000e-01	3.178831e-03
9.150000e-01	3.193278e-03
9.175000e-01	3.248779e-03
9.200000e-01	3.303885e-03
9.225000e-01	3.302371e-03
9.250000e-01	3.228081e-03
9.275000e-01	3.130090e-03
9.300000e-01	3.074335e-03
9.325000e-01	3.104783e-03
9.350000e-01	3.247463e-03
9.375000e-01	3.522840e-03
9.400000e-01	3.943544e-03
9.425000e-01	4.485321e-03
9.450000e-01	5.027517e-03
9.475000e-01	5.327374e-03
9.500000e-01	5.175739e-03
9.525000e-01	4.630039e-03
9.550000e-01	3.940957e-03
9.575000e-01	3.304707e-03
9.600000e-01	2.790956e-03
9.625000e-01	2.397349e-03
9.650000e-01	2.099851e-03
9.675000e-01	1.874055e-03
9.700000e-01	1.700732e-03
9.725000e-01	1.565927e-03
9.750000e-01	1.459780e-03
9.775000e-01	1.375353e-03
9.800000e-01	1.307742e-03
9.825000e-01	1.253447e-03
9.850000e-01	1.209951e-03
9.875000e-01	1.175432e-03
9.900000e-01	1.148569e-03
9.925000e-01	1.128415e-03
9.950000e-01	1.114303e-03
9.975000e-01	1.105792e-03
1.000000e+00	1.102622e-03
1.002500e+00	1.104694e-03
1.005000e+00	1.112055e-03
1.007500e+00	1.124895e-03
1.010000e+00	1.143554e-03
1.012500e+00	1.168532e-03
1.015000e+00	1.200521e-03
1.017500e+00	1.240433e-03
1.020000e+00	1.289460e-03
1.022500e+00	1.349142e-03
1.025000e+00	1.421466e-03
1.027500e+00	1.509014e-03
1.030000e+00	1.615150e-03
1.032500e+00	1.744307e-03
1.035000e+00	1.902377e-03
1.037500e+00	2.097294e-03
1.040000e+00	2.339876e-03
1.042500e+00	2.645068e-03
1.045000e+00	3.033783e-03
1.047500e+00	3.535613e-03
1.050000e+00	4.192663e-03
1.052500e+00	5.064527e-03
1.055000e+00	6.233017e-03
1.057500e+00	7.800564e-03
1.060000e+00	9.862896e-03
1.062500e+00	1.240987e-02
1.065000e+00	1.510254e-02
1.067500e+00	1.706443e-02
1.070000e+00	1.726777e-02
1.072500e+00	1.558536e-02
1.075000e+00	1.294882e-02
1.077500e+00	1.032673e-02
1.080000e+00	8.156977e-03
1.082500e+00	6.493581e-03
1.085000e+00	5.250585e-03
1.087500e+00	4.323271e-03
1.090000e+00	3.625146e-03
1.092500e+00	3.092473e-03
1.095000e+00	2.680055e-03
1.097500e+00	2.356127e-03
1.100000e+00	2.098268e-03
1.102500e+00	1.890486e-03
1.105000e+00	1.721225e-03
1.107500e+00	1.582022e-03
1.110000e+00	1.466593e-03
1.112500e+00	1.370210e-03
1.115000e+00	1.289271e-03
1.117500e+00	1.221001e-03
1.120000e+00	1.163243e-03
1.122500e+00	1.114298e-03
1.125000e+00	1.072822e-03
1.127500e+00	1.037744e-03
1.130000e+00	1.008201e-03
1.132500e+00	9.834999e-04
1.135000e+00	9.630791e-04
1.137500e+00	9.464846e-04
1.140000e+00	9.333495e-04
1.142500e+00	9.233792e-04
1.145000e+00	9.163395e-04
1.147500e+00	9.120474e-04
1.150000e+00	9.103646e-04
1.152500e+00	9.111916e-04
1.155000e+00	9.144645e-04
1.157500e+00	9.201515e-04
1.160000e+00	9.282521e-04
1.162500e+00	9.387954e-04
1.165000e+00	9.518405e-04
1.167500e+00	9.674771e-04
1.170000e+00	9.858272e-04
1.172500e+00	1.007047e-03
1.175000e+00	1.031333e-03
1.177500e+00	1.058920e-03
1.180000e+00	1.090096e-03
1.182500e+00	1.125202e-03
1.185000e+00	1.164644e-03
1.187500e+00	1.208908e-03
1.190000e+00	1.258567e-03
1.192500e+00	1.314307e-03
1.195000e+00	1.376947e-03
1.197500e+00	1.447470e-03
1.200000e+00	1.527058e-03
1.202500e+00	1.617147e-03
1.205000e+00	1.719484e-03
1.207500e+00	1.836217e-03
1.210000e+00	1.970005e-03
1.212500e+00	2.124163e-03
1.215000e+00	2.302870e-03
1.217500e+00	2.511438e-03
1.220000e+00	2.756701e-03
1.222500e+00	3.047549e-03
1.225000e+00	3.395688e-03
1.227500e+00	3.816743e-03
1.230000e+00	4.331855e-03
1.232500e+00	4.970030e-03
1.235000e+00	5.771625e-03
1.237500e+00	6.793474e-03
1.240000e+00	8.116277e-03
1.242500e+00	9.854578e-03
1.245000e+00	1.216778e-02
1.247500e+00	1.526376e-02
1.250000e+00	1.936581e-02
1.252500e+00	2.456504e-02
1.255000e+00	3.043143e-02
1.257500e+00	3.546570e-02
1.260000e+00	3.735329e-02
1.262500e+00	3.498643e-02
1.265000e+00	2.980881e-02
1.267500e+00	2.410611e-02
1.270000e+00	1.919829e-02
1.272500e+00	1.540404e-02
1.275000e+00	1.259816e-02
1.277500e+00	1.055821e-02
1.280000e+00	9.087688e-03
1.282500e+00	8.040420e-03
1.285000e+00	7.315227e-03
1.287500e+00	6.845399e-03
1.290000e+00	6.589988e-03
1.292500e+00	6.528092e-03
1.295000e+00	6.655920e-03
1.297500e+00	6.986322e-03
1.300000e+00	7.550734e-03
1.302500e+00	8.403699e-03
1.305000e+00	9.630111e-03
1.307500e+00	1.135422e-02
1.310000e+00	1.374467e-02
1.312500e+00	1.699504e-02
1.315000e+00	2.122211e-02
1.317500e+00	2.617365e-02
1.320000e+00	3.074271e-02
1.322500e+00	3.294944e-02
1.325000e+00	3.145723e-02
1.327500e+00	2.714279e-02
1.330000e+00	2.202627e-02
1.332500e+00	1.746205e-02
1.335000e+00	1.385691e-02
1.337500e+00	1.114285e-02
1.340000e+00	9.127271e-03
1.342500e+00	7.628657e-03
1.345000e+00	6.508068e-03
1.347500e+00	5.666859e-03
1.350000e+00	5.037454e-03
1.352500e+00	4.575046e-03
1.355000e+00	4.251776e-03
1.357500e+00	4.053188e-03
1.360000e+00	3.976406e-03
1.362500e+00	4.029037e-03
1.365000e+00	4.226495e-03
1.367500e+00	4.581479e-03
1.370000e+00	5.072544e-03
1.372500e+00	5.583173e-03
1.375000e+00	5.869102e-03
1.377500e+00	5.705349e-03
1.380000e+00	5.132523e-03
1.382500e+00	4.403642e-03
1.385000e+00	3.727401e-03
1.387500e+00	3.181729e-03
1.390000e+00	2.766942e-03
1.392500e+00	2.459227e-03
1.395000e+00	2.233994e-03
1.397500e+00	2.072240e-03
1.400000e+00	1.960937e-03
1.402500e+00	1.892029e-03
1.405000e+00	1.861489e-03
1.407500e+00	1.868787e-03
1.410000e+00	1.916843e-03
1.412500e+00	2.012457e-03
1.415000e+00	2.167243e-03
1.417500e+00	2.398960e-03
1.420000e+00	2.732545e-03
1.422500e+00	3.198336e-03
1.425000e+00	3.819939e-03
1.427500e+00	4.575821e-03
1.430000e+00	5.325116e-03
1.432500e+00	5.771625e-03
1.435000e+00	5.650103e-03
1.437500e+00	5.022283e-03
1.440000e+00	4.199934e-03
1.442500e+00	3.433915e-03
1.445000e+00	2.816147e-03
1.447500e+00	2.345945e-03
1.450000e+00	1.994074e-03
1.452500e+00	1.730308e-03
1.455000e+00	1.530759e-03
1.457500e+00	1.378119e-03
1.460000e+00	1.260227e-03
1.462500e+00	1.168612e-03
1.465000e+00	1.097385e-03
1.467500e+00	1.042465e-03
1.470000e+00	1.001075e-03
1.472500e+00	9.714060e-04
1.475000e+00	9.524220e-04
1.477500e+00	9.437585e-04
1.480000e+00	9.457039e-04
1.482500e+00	9.592617e-04
1.485000e+00	9.863049e-04
1.487500e+00	1.029849e-03
1.490000e+00	1.094480e-03
1.492500e+00	1.186966e-03
1.495000e+00	1.317015e-03
1.497500e+00	1.497800e-03
1.500000e+00	1.744864e-03
1.502500e+00	2.069321e-03
1.505000e+00	2.457097e-03
1.507500e+00	2.830975e-03
1.510000e+00	3.038462e-03
1.512500e+00	2.956273e-03
1.515000e+00	2.631082e-03
1.517500e+00	2.221816e-03
1.520000e+00	1.847218e-03
1.522500e+00	1.547689e-03
1.525000e+00	1.320700e-03
1.527500e+00	1.151246e-03
1.530000e+00	1.024398e-03
1.532500e+00	9.284737e-04
1.535000e+00	8.550252e-04
1.537500e+00	7.980917e-04
1.540000e+00	7.534824e-04
1.542500e+00	7.182308e-04
1.545000e+00	6.902135e-04
1.547500e+00	6.678918e-04
1.550000e+00	6.501366e-04
1.552500e+00	6.361095e-04
1.555000e+00	6.251820e-04
1.557500e+00	6.168790e-04
1.560000e+00	6.108395e-04
1.562500e+00	6.067888e-04
1.565000e+00	6.045186e-04
1.567500e+00	6.038725e-04
1.570000e+00	6.047358e-04
1.572500e+00	6.070277e-04
1.575000e+00	6.106964e-04
1.577500e+00	6.157147e-04
1.580000e+00	6.220777e-04
1.582500e+00	6.298013e-04
1.585000e+00	6.389214e-04
1.587500e+00	6.494937e-04
1.590000e+00	6.615950e-04
1.592500e+00	6.753241e-04
1.595000e+00	6.908045e-04
1.597500e+00	7.081873e-04
1.600000e+00	7.276557e-04
1.602500e+00	7.494301e-04
1.605000e+00	7.737757e-04
1.607500e+00	8.010115e-04
1.610000e+00	8.315224e-04
1.612500e+00	8.657746e-04
1.615000e+00	9.043358e-04
1.617500e+00	9.479024e-04
1.620000e+00	9.973350e-04
1.622500e+00	1.053707e-03
1.625000e+00	1.118368e-03
1.627500e+00	1.193038e-03
1.630000e+00	1.279929e-03
1.632500e+00	1.381925e-03
1.635000e+00	1.502839e-03
1.637500e+00	1.647779e-03
1.640000e+00	1.823689e-03
1.642500e+00	2.040155e-03
1.645000e+00	2.310578e-03
1.647500e+00	2.653888e-03
1.650000e+00	3.096896e-03
1.652500e+00	3.677072e-03
1.655000e+00	4.444199e-03
1.657500e+00	5.455209e-03
1.660000e+00	6.746093e-03
1.662500e+00	8.250307e-03
1.665000e+00	9.661044e-03
1.667500e+00	1.042013e-02
1.670000e+00	1.014074e-02
1.672500e+00	9.063072e-03
1.675000e+00	7.764199e-03
1.677500e+00	6.639004e-03
1.680000e+00	5.812474e-03
1.682500e+00	5.273575e-03
1.685000e+00	4.976683e-03
1.687500e+00	4.881811e-03
1.690000e+00	4.965065e-03
1.692500e+00	5.219792e-03
1.695000e+00	5.656485e-03
1.697500e+00	6.304150e-03
1.700000e+00	7.214045e-03
1.702500e+00	8.466150e-03
1.705000e+00	1.017755e-02
1.707500e+00	1.250783e-02
1.710000e+00	1.564328e-02
1.712500e+00	1.970829e-02
1.715000e+00	2.450263e-02
1.717500e+00	2.904191e-02
1.720000e+00	3.147051e-02
1.722500e+00	3.040748e-02
1.725000e+00	2.654942e-02
1.727500e+00	2.181871e-02
1.730000e+00	1.758102e-02
1.732500e+00	1.428103e-02
1.735000e+00	1.188201e-02
1.737500e+00	1.021704e-02
1.740000e+00	9.130866e-03
1.742500e+00	8.516621e-03
1.745000e+00	8.318425e-03
1.747500e+00	8.527142e-03
1.750000e+00	9.175554e-03
1.752500e+00	1.032663e-02
1.755000e+00	1.203121e-02
1.757500e+00	1.420487e-02
1.760000e+00	1.639468e-02
1.762500e+00	1.766886e-02
1.765000e+00	1.720150e-02
1.767500e+00	1.518992e-02
1.770000e+00	1.260499e-02
1.772500e+00	1.022489e-02
1.775000e+00	8.336060e-03
1.777500e+00	6.941236e-03
1.780000e+00	5.957556e-03
1.782500e+00	5.298689e-03
1.785000e+00	4.887144e-03
1.787500e+00	4.632716e-03
1.790000e+00	4.409123e-03
1.792500e+00	4.091545e-03
1.795000e+00	3.654873e-03
1.797500e+00	3.178213e-03
1.800000e+00	2.742766e-03
1.802500e+00	2.380594e-03
1.805000e+00	2.089963e-03
1.807500e+00	1.857911e-03
1.810000e+00	1.671002e-03
1.812500e+00	1.518371e-03
1.815000e+00	1.391894e-03
1.817500e+00	1.285629e-03
1.820000e+00	1.195229e-03
1.822500e+00	1.117482e-03
1.825000e+00	1.049980e-03
1.827500e+00	9.908900e-04
1.830000e+00	9.387936e-04
1.832500e+00	8.925798e-04
1.835000e+00	8.513654e-04
1.837500e+00	8.144399e-04
1.840000e+00	7.812256e-04
1.842500e+00	7.512483e-04
1.845000e+00	7.241149e-04
1.847500e+00	6.994978e-04
1.850000e+00	6.771215e-04
1.852500e+00	6.567536e-04
1.855000e+00	6.381968e-04
1.857500e+00	6.212832e-04
1.860000e+00	6.058697e-04
1.862500e+00	5.918341e-04
1.865000e+00	5.790723e-04
1.867500e+00	5.674960e-04
1.870000e+00	5.570306e-04
1.872500e+00	5.476141e-04
1.875000e+00	5.391957e-04
1.877500e+00	5.317349e-04
1.880000e+00	5.252015e-04
1.882500e+00	5.195746e-04
1.885000e+00	5.148431e-04
1.887500e+00	5.110056e-04
1.890000e+00	5.080709e-04
1.892500e+00	5.060589e-04
1.895000e+00	5.050016e-04
1.897500e+00	5.049447e-04
1.900000e+00	5.059497e-04
1.902500e+00	5.080966e-04
1.905000e+00	5.114875e-04
1.907500e+00	5.162511e-04
1.910000e+00	5.225491e-04
1.912500e+00	5.305841e-04
1.915000e+00	5.406100e-04
1.917500e+00	5.529467e-04
1.920000e+00	5.679987e-04
1.922500e+00	5.862814e-04
1.925000e+00	6.084566e-04
1.927500e+00	6.353826e-04
1.930000e+00	6.681839e-04
1.932500e+00	7.083517e-04
1.935000e+00	7.578881e-04
1.937500e+00	8.195175e-04
1.940000e+00	8.969980e-04
1.942500e+00	9.955826e-04
1.945000e+00	1.122696e-03
1.947500e+00	1.288900e-03
1.950000e+00	1.509153e-03
1.952500e+00	1.804055e-03
1.955000e+00	2.199631e-03
1.957500e+00	2.721005e-03
1.960000e+00	3.368624e-03
1.962500e+00	4.063041e-03
1.965000e+00	4.587858e-03
1.967500e+00	4.674506e-03
1.970000e+00	4.270110e-03
1.972500e+00	3.603129e-03
1.975000e+00	2.928190e-03
1.977500e+00	2.365994e-03
1.980000e+00	1.934473e-03
1.982500e+00	1.612623e-03
1.985000e+00	1.373497e-03
1.987500e+00	1.194567e-03
1.990000e+00	1.059166e-03
1.992500e+00	9.554675e-04
1.995000e+00	8.751664e-04
1.997500e+00	8.124102e-04
2.000000e+00	7.630361e-04
2.002500e+00	7.240477e-04
2.005000e+00	6.932619e-04
2.007500e+00	6.690695e-04
2.010000e+00	6.502722e-04
2.012500e+00	6.359704e-04
2.015000e+00	6.254855e-04
2.017500e+00	6.183046e-04
2.020000e+00	6.140417e-04
2.022500e+00	6.124098e-04
2.025000e+00	6.132008e-04
2.027500e+00	6.162714e-04
2.030000e+00	6.215328e-04
2.032500e+00	6.289435e-04
2.035000e+00	6.385053e-04
2.037500e+00	6.502606e-04
2.040000e+00	6.642916e-04
2.042500e+00	6.807216e-04
2.045000e+00	6.997172e-04
2.047500e+00	7.214930e-04
2.050000e+00	7.463173e-04
2.052500e+00	7.745207e-04
2.055000e+00	8.065074e-04
2.057500e+00	8.427695e-04
2.060000e+00	8.839056e-04
2.062500e+00	9.306459e-04
2.065000e+00	9.838838e-04
2.067500e+00	1.044718e-03
2.070000e+00	1.114509e-03
2.072500e+00	1.194951e-03
2.075000e+00	1.288174e-03
2.077500e+00	1.396882e-03
2.080000e+00	1.524535e-03
2.082500e+00	1.675620e-03
2.085000e+00	1.856014e-03
2.087500e+00	2.073520e-03
2.090000e+00	2.338637e-03
2.092500e+00	2.665685e-03
2.095000e+00	3.074472e-03
2.097500e+00	3.592758e-03
2.100000e+00	4.259853e-03
2.102500e+00	5.131672e-03
2.105000e+00	6.287046e-03
2.107500e+00	7.832894e-03
2.110000e+00	9.898536e-03
2.112500e+00	1.258974e-02
2.115000e+00	1.583842e-02
2.117500e+00	1.910127e-02
2.120000e+00	2.118089e-02
2.122500e+00	2.093185e-02
2.125000e+00	1.851913e-02
2.127500e+00	1.521306e-02
2.130000e+00	1.209206e-02
2.132500e+00	9.571659e-03
2.135000e+00	7.663458e-03
2.137500e+00	6.249481e-03
2.140000e+00	5.203878e-03
2.142500e+00	4.426378e-03
2.145000e+00	3.844208e-03
2.147500e+00	3.406268e-03
2.150000e+00	3.077037e-03
2.152500e+00	2.831888e-03
2.155000e+00	2.653815e-03
2.157500e+00	2.531247e-03
2.160000e+00	2.456619e-03
2.162500e+00	2.425482e-03
2.165000e+00	2.435998e-03
2.167500e+00	2.488727e-03
2.170000e+00	2.586695e-03
2.172500e+00	2.735724e-03
2.175000e+00	2.945100e-03
2.177500e+00	3.228684e-03
2.180000e+00	3.606645e-03
2.182500e+00	4.108093e-03
2.185000e+00	4.774954e-03
2.187500e+00	5.667374e-03
2.190000e+00	6.870211e-03
2.192500e+00	8.497317e-03
2.195000e+00	1.068114e-02
2.197500e+00	1.351177e-02
2.200000e+00	1.685454e-02
2.202500e+00	2.002678e-02
2.205000e+00	2.172462e-02
2.207500e+00	2.095392e-02
2.210000e+00	1.817789e-02
2.212500e+00	1.474709e-02
2.215000e+00	1.163293e-02
2.217500e+00	9.152601e-03
2.220000e+00	7.275870e-03
2.222500e+00	5.874806e-03
2.225000e+00	4.824479e-03
2.227500e+00	4.027691e-03
2.230000e+00	3.414264e-03
2.232500e+00	2.934710e-03
2.235000e+00	2.554215e-03
2.237500e+00	2.248102e-03
2.240000e+00	1.998675e-03
2.242500e+00	1.793068e-03
2.245000e+00	1.621798e-03
2.247500e+00	1.477777e-03
2.250000e+00	1.355638e-03
2.252500e+00	1.251266e-03
2.255000e+00	1.161470e-03
2.257500e+00	1.083750e-03
2.260000e+00	1.016127e-03
2.262500e+00	9.570188e-04
2.265000e+00	9.051550e-04
2.267500e+00	8.595043e-04
2.270000e+00	8.192264e-04
2.272500e+00	7.836329e-04
2.275000e+00	7.521581e-04
2.277500e+00	7.243366e-04
2.280000e+00	6.997856e-04
2.282500e+00	6.781915e-04
2.285000e+00	6.593002e-04
2.287500e+00	6.429084e-04
2.290000e+00	6.288589e-04
2.292500e+00	6.170361e-04
2.295000e+00	6.073635e-04
2.297500e+00	5.998038e-04
2.300000e+00	5.943585e-04
2.302500e+00	5.910713e-04
2.305000e+00	5.900321e-04
2.307500e+00	5.913834e-04
2.310000e+00	5.953308e-04
2.312500e+00	6.021561e-04
2.315000e+00	6.122369e-04
2.317500e+00	6.260725e-04
2.320000e+00	6.443215e-04
2.322500e+00	6.678531e-04
2.325000e+00	6.978204e-04
2.327500e+00	7.357652e-04
2.330000e+00	7.837694e-04
2.332500e+00	8.446770e-04
2.335000e+00	9.224198e-04
2.337500e+00	1.022502e-03
2.340000e+00	1.152711e-03
2.342500e+00	1.324138e-03
2.345000e+00	1.552507e-03
2.347500e+00	1.859496e-03
2.350000e+00	2.272566e-03
2.352500e+00	2.818470e-03
2.355000e+00	3.498582e-03
2.357500e+00	4.231061e-03
2.360000e+00	4.789446e-03
2.362500e+00	4.887993e-03
2.365000e+00	4.464358e-03
2.367500e+00	3.756894e-03
2.370000e+00	3.037062e-03
2.372500e+00	2.435359e-03
2.375000e+00	1.972094e-03
2.377500e+00	1.625362e-03
2.380000e+00	1.366584e-03
2.382500e+00	1.171772e-03
2.385000e+00	1.023151e-03
2.387500e+00	9.080974e-04
2.390000e+00	8.177360e-04
2.392500e+00	7.458065e-04
2.395000e+00	6.878477e-04
2.397500e+00	6.406398e-04
2.400000e+00	6.018269e-04
2.402500e+00	5.696617e-04
2.405000e+00	5.428308e-04
2.407500e+00	5.203353e-04
2.410000e+00	5.014062e-04
2.412500e+00	4.854459e-04
2.415000e+00	4.719853e-04
2.417500e+00	4.606535e-04
2.420000e+00	4.511550e-04
2.422500e+00	4.432531e-04
2.425000e+00	4.367577e-04
2.427500e+00	4.315155e-04
2.430000e+00	4.274032e-04
2.432500e+00	4.243218e-04
2.435000e+00	4.221925e-04
2.437500e+00	4.209535e-04
2.440000e+00	4.205575e-04
2.442500e+00	4.209695e-04
2.445000e+00	4.221659e-04
2.447500e+00	4.241328e-04
2.450000e+00	4.268659e-04
2.452500e+00	4.303695e-04
2.455000e+00	4.346564e-04
2.457500e+00	4.397481e-04
2.460000e+00	4.456747e-04
2.462500e+00	4.524756e-04
2.465000e+00	4.601995e-04
2.467500e+00	4.689060e-04
2.470000e+00	4.786663e-04
2.472500e+00	4.895646e-04
2.475000e+00	5.017001e-04
2.477500e+00	5.151888e-04
2.480000e+00	5.301666e-04
2.482500e+00	5.467923e-04
2.485000e+00	5.652518e-04
2.487500e+00	5.857633e-04
2.490000e+00	6.085835e-04
2.492500e+00	6.340151e-04
2.495000e+00	6.624172e-04
2.497500e+00	6.942174e-04
2.500000e+00	7.299275e-04
2.502500e+00	7.701641e-04
2.505000e+00	8.156746e-04
2.507500e+00	8.673713e-04
2.510000e+00	9.263768e-04
2.512500e+00	9.940836e-04
2.515000e+00	1.072235e-03
2.517500e+00	1.163033e-03
2.520000e+00	1.269288e-03
2.522500e+00	1.394614e-03
2.525000e+00	1.543684e-03
2.527500e+00	1.722546e-03
2.530000e+00	1.938966e-03
2.532500e+00	2.202970e-03
2.535000e+00	2.528217e-03
2.537500e+00	2.934867e-03
2.540000e+00	3.452843e-03
2.542500e+00	4.124684e-03
2.545000e+00	5.009794e-03
2.547500e+00	6.190285e-03
2.550000e+00	7.773725e-03
2.552500e+00	9.878137e-03
2.555000e+00	1.256052e-02
2.557500e+00	1.562239e-02
2.560000e+00	1.831814e-02
2.562500e+00	1.943457e-02
2.565000e+00	1.830690e-02
2.567500e+00	1.561748e-02
2.570000e+00	1.257806e-02
2.572500e+00	9.925059e-03
2.575000e+00	7.851257e-03
2.577500e+00	6.297966e-03
2.580000e+00	5.147287e-03
2.582500e+00	4.292389e-03
2.585000e+00	3.652242e-03
2.587500e+00	3.169070e-03
2.590000e+00	2.802550e-03
2.592500e+00	2.524727e-03
2.595000e+00	2.316296e-03
2.597500e+00	2.164082e-03
2.600000e+00	2.059387e-03
2.602500e+00	1.996970e-03
2.605000e+00	1.974478e-03
2.607500e+00	1.992241e-03
2.610000e+00	2.053413e-03
2.612500e+00	2.164464e-03
2.615000e+00	2.336136e-03
2.617500e+00	2.584966e-03
2.620000e+00	2.935528e-03
2.622500e+00	3.423287e-03
2.625000e+00	4.096915e-03
2.627500e+00	5.015550e-03
2.630000e+00	6.227272e-03
2.632500e+00	7.699020e-03
2.635000e+00	9.176702e-03
2.637500e+00	1.010392e-02
2.640000e+00	9.952515e-03
2.642500e+00	8.803605e-03
2.645000e+00	7.246401e-03
2.647500e+00	5.777837e-03
2.650000e+00	4.588123e-03
2.652500e+00	3.681577e-03
2.655000e+00	3.003145e-03
2.657500e+00	2.494315e-03
2.660000e+00	2.108393e-03
2.662500e+00	1.811296e-03
2.665000e+00	1.578844e-03
2.667500e+00	1.394054e-03
2.670000e+00	1.245049e-03
2.672500e+00	1.123409e-03
2.675000e+00	1.023007e-03
2.677500e+00	9.392895e-04
2.680000e+00	8.688362e-04
2.682500e+00	8.090511e-04
2.685000e+00	7.579452e-04
2.687500e+00	7.139781e-04
2.690000e+00	6.759451e-04
2.692500e+00	6.428946e-04
2.695000e+00	6.140687e-04
2.697500e+00	5.888590e-04
2.700000e+00	5.667744e-04
2.702500e+00	5.474164e-04
2.705000e+00	5.304607e-04
2.707500e+00	5.156433e-04
2.710000e+00	5.027500e-04
2.712500e+00	4.916080e-04
2.715000e+00	4.820805e-04
2.717500e+00	4.740614e-04
2.720000e+00	4.674718e-04
2.722500e+00	4.622547e-04
2.725000e+00	4.583656e-04
2.727500e+00	4.557610e-04
2.730000e+00	4.543994e-04
2.732500e+00	4.542810e-04
2.735000e+00	4.554843e-04
2.737500e+00	4.581380e-04
2.740000e+00	4.623844e-04
2.742500e+00	4.683805e-04
2.745000e+00	4.763168e-04
2.747500e+00	4.864353e-04
2.750000e+00	4.990461e-04
2.752500e+00	5.145462e-04
2.755000e+00	5.334442e-04
2.757500e+00	5.563934e-04
2.760000e+00	5.842388e-04
2.762500e+00	6.180820e-04
2.765000e+00	6.593731e-04
2.767500e+00	7.100432e-04
2.770000e+00	7.726952e-04
2.772500e+00	8.508847e-04
2.775000e+00	9.495335e-04
2.777500e+00	1.075543e-03
2.780000e+00	1.238689e-03
2.782500e+00	1.452885e-03
2.785000e+00	1.737769e-03
2.787500e+00	2.120051e-03
2.790000e+00	2.632284e-03
2.792500e+00	3.301922e-03
2.795000e+00	4.114807e-03
2.797500e+00	4.940154e-03
2.800000e+00	5.480615e-03
2.802500e+00	5.439090e-03
2.805000e+00	4.840984e-03
2.807500e+00	4.002566e-03
2.810000e+00	3.202770e-03
2.812500e+00	2.552642e-03
2.815000e+00	2.057591e-03
2.817500e+00	1.688221e-03
2.820000e+00	1.412436e-03
2.822500e+00	1.204462e-03
2.825000e+00	1.045491e-03
2.827500e+00	9.222195e-04
2.830000e+00	8.252742e-04
2.832500e+00	7.479815e-04
2.835000e+00	6.855396e-04
2.837500e+00	6.345207e-04
2.840000e+00	5.924977e-04
2.842500e+00	5.576981e-04
2.845000e+00	5.287748e-04
2.847500e+00	5.046900e-04
2.850000e+00	4.846438e-04
2.852500e+00	4.680035e-04
2.855000e+00	4.542113e-04
2.857500e+00	4.426663e-04
2.860000e+00	4.326985e-04
2.862500e+00	4.238177e-04
2.865000e+00	4.159726e-04
2.867500e+00	4.093507e-04
2.870000e+00	4.040554e-04
2.872500e+00	4.000515e-04
2.875000e+00	3.972438e-04
2.877500e+00	3.955351e-04
2.880000e+00	3.948463e-04
2.882500e+00	3.951208e-04
2.885000e+00	3.963220e-04
2.887500e+00	3.984309e-04
2.890000e+00	4.014438e-04
2.892500e+00	4.053714e-04
2.895000e+00	4.102377e-04
2.897500e+00	4.160800e-04
2.900000e+00	4.229493e-04
2.902500e+00	4.309113e-04
2.905000e+00	4.400476e-04
2.907500e+00	4.504578e-04
2.910000e+00	4.622618e-04
2.912500e+00	4.756031e-04
2.915000e+00	4.906526e-04
2.917500e+00	5.076142e-04
2.920000e+00	5.267307e-04
2.922500e+00	5.482921e-04
2.925000e+00	5.726460e-04
2.927500e+00	6.002107e-04
2.930000e+00	6.314917e-04
2.932500e+00	6.671038e-04
2.935000e+00	7.077997e-04
2.937500e+00	7.545069e-04
2.940000e+00	8.083776e-04
2.942500e+00	8.708555e-04
2.945000e+00	9.437665e-04
2.947500e+00	1.029442e-03
2.950000e+00	1.130894e-03
2.952500e+00	1.252057e-03
2.955000e+00	1.398132e-03
2.957500e+00	1.576094e-03
2.960000e+00	1.795420e-03
2.962500e+00	2.069164e-03
2.965000e+00	2.415559e-03
2.967500e+00	2.860356e-03
2.970000e+00	3.440175e-03
2.972500e+00	4.206893e-03
2.975000e+00	5.232048e-03
2.977500e+00	6.606442e-03
2.980000e+00	8.419220e-03
2.982500e+00	1.067789e-02
2.985000e+00	1.312005e-02
2.987500e+00	1.501046e-02
2.990000e+00	1.540600e-02
2.992500e+00	1.406807e-02
2.995000e+00	1.175063e-02
2.997500e+00	9.356534e-03
