#omega	spectral weight
-6.000000e+00	6.039588e-05
-5.997500e+00	6.048228e-05
-5.995000e+00	6.056890e-05
-5.992500e+00	6.065573e-05
-5.990000e+00	6.074276e-05
-5.987500e+00	6.083002e-05
-5.985000e+00	6.091748e-05
-5.982500e+00	6.100516e-05
-5.980000e+00	6.109305e-05
-5.977500e+00	6.118116e-05
-5.975000e+00	6.126949e-05
-5.972500e+00	6.135803e-05
-5.970000e+00	6.144679e-05
-5.967500e+00	6.153577e-05
-5.965000e+00	6.162496e-05
-5.962500e+00	6.171438e-05
-5.960000e+00	6.180402e-05
-5.957500e+00	6.189388e-05
-5.955000e+00	6.198396e-05
-5.952500e+00	6.207426e-05
-5.950000e+00	6.216479e-05
-5.947500e+00	6.225554e-05
-5.945000e+00	6.234651e-05
-5.942500e+00	6.243772e-05
-5.940000e+00	6.252914e-05
-5.937500e+00	6.262080e-05
-5.935000e+00	6.271268e-05
-5.932500e+00	6.280480e-05
-5.930000e+00	6.289714e-05
-5.927500e+00	6.298971e-05
-5.925000e+00	6.308252e-05
-5.922500e+00	6.317555e-05
-5.920000e+00	6.326882e-05
-5.917500e+00	6.336232e-05
-5.915000e+00	6.345606e-05
-5.912500e+00	6.355003e-05
-5.910000e+00	6.364424e-05
-5.907500e+00	6.373869e-05
-5.905000e+00	6.383337e-05
-5.902500e+00	6.392829e-05
-5.900000e+00	6.402345e-05
-5.897500e+00	6.411885e-05
-5.895000e+00	6.421450e-05
-5.892500e+00	6.431038e-05
-5.890000e+00	6.440651e-05
-5.887500e+00	6.450288e-05
-5.885000e+00	6.459949e-05
-5.882500e+00	6.469635e-05
-5.880000e+00	6.479346e-05
-5.877500e+00	6.489081e-05
-5.875000e+00	6.498841e-05
-5.872500e+00	6.508626e-05
-5.870000e+00	6.518436e-05
-5.867500e+00	6.528271e-05
-5.865000e+00	6.538131e-05
-5.862500e+00	6.548016e-05
-5.860000e+00	6.557927e-05
-5.857500e+00	6.567863e-05
-5.855000e+00	6.577824e-05
-5.852500e+00	6.587811e-05
-5.850000e+00	6.597824e-05
-5.847500e+00	6.607862e-05
-5.845000e+00	6.617926e-05
-5.842500e+00	6.628017e-05
-5.840000e+00	6.638133e-05
-5.837500e+00	6.648275e-05
-5.835000e+00	6.658444e-05
-5.832500e+00	6.668639e-05
-5.830000e+00	6.678860e-05
-5.827500e+00	6.689108e-05
-5.825000e+00	6.699382e-05
-5.822500e+00	6.709683e-05
-5.820000e+00	6.720011e-05
-5.817500e+00	6.730365e-05
-5.815000e+00	6.740747e-05
-5.812500e+00	6.751155e-05
-5.810000e+00	6.761591e-05
-5.807500e+00	6.772054e-05
-5.805000e+00	6.782545e-05
-5.802500e+00	6.793063e-05
-5.800000e+00	6.803608e-05
-5.797500e+00	6.814181e-05
-5.795000e+00	6.824782e-05
-5.792500e+00	6.835410e-05
-5.790000e+00	6.846067e-05
-5.787500e+00	6.856752e-05
-5.785000e+00	6.867464e-05
-5.782500e+00	6.878205e-05
-5.780000e+00	6.888975e-05
-5.777500e+00	6.899773e-05
-5.775000e+00	6.910599e-05
-5.772500e+00	6.921454e-05
-5.770000e+00	6.932338e-05
-5.767500e+00	6.943250e-05
-5.765000e+00	6.954192e-05
-5.762500e+00	6.965163e-05
-5.760000e+00	6.976163e-05
-5.757500e+00	6.987192e-05
-5.755000e+00	6.998250e-05
-5.752500e+00	7.009338e-05
-5.750000e+00	7.020456e-05
-5.747500e+00	7.031604e-05
-5.745000e+00	7.042781e-05
-5.742500e+00	7.053988e-05
-5.740000e+00	7.065225e-05
-5.737500e+00	7.076492e-05
-5.735000e+00	7.087790e-05
-5.732500e+00	7.099118e-05
-5.730000e+00	7.110477e-05
-5.727500e+00	7.121866e-05
-5.725000e+00	7.133285e-05
-5.722500e+00	7.144736e-05
-5.720000e+00	7.156218e-05
-5.717500e+00	7.167730e-05
-5.715000e+00	7.179274e-05
-5.712500e+00	7.190849e-05
-5.710000e+00	7.202456e-05
-5.707500e+00	7.214094e-05
-5.705000e+00	7.225763e-05
-5.702500e+00	7.237465e-05
-5.700000e+00	7.249198e-05
-5.697500e+00	7.260963e-05
-5.695000e+00	7.272761e-05
-5.692500e+00	7.284590e-05
-5.690000e+00	7.296452e-05
-5.687500e+00	7.308346e-05
-5.685000e+00	7.320273e-05
-5.682500e+00	7.332233e-05
-5.680000e+00	7.344226e-05
-5.677500e+00	7.356251e-05
-5.675000e+00	7.368310e-05
-5.672500e+00	7.380402e-05
-5.670000e+00	7.392527e-05
-5.667500e+00	7.404685e-05
-5.665000e+00	7.416877e-05
-5.662500e+00	7.429103e-05
-5.660000e+00	7.441363e-05
-5.657500e+00	7.453657e-05
-5.655000e+00	7.465984e-05
-5.652500e+00	7.478346e-05
-5.650000e+00	7.490743e-05
-5.647500e+00	7.503174e-05
-5.645000e+00	7.515639e-05
-5.642500e+00	7.528139e-05
-5.640000e+00	7.540674e-05
-5.637500e+00	7.553244e-05
-5.635000e+00	7.565850e-05
-5.632500e+00	7.578490e-05
-5.630000e+00	7.591166e-05
-5.627500e+00	7.603877e-05
-5.625000e+00	7.616625e-05
-5.622500e+00	7.629408e-05
-5.620000e+00	7.642226e-05
-5.617500e+00	7.655082e-05
-5.615000e+00	7.667973e-05
-5.612500e+00	7.680900e-05
-5.610000e+00	7.693865e-05
-5.607500e+00	7.706865e-05
-5.605000e+00	7.719903e-05
-5.602500e+00	7.732977e-05
-5.600000e+00	7.746089e-05
-5.597500e+00	7.759238e-05
-5.595000e+00	7.772424e-05
-5.592500e+00	7.785648e-05
-5.590000e+00	7.798909e-05
-5.587500e+00	7.812209e-05
-5.585000e+00	7.825546e-05
-5.582500e+00	7.838921e-05
-5.580000e+00	7.852334e-05
-5.577500e+00	7.865786e-05
-5.575000e+00	7.879277e-05
-5.572500e+00	7.892806e-05
-5.570000e+00	7.906374e-05
-5.567500e+00	7.919981e-05
-5.565000e+00	7.933627e-05
-5.562500e+00	7.947313e-05
-5.560000e+00	7.961038e-05
-5.557500e+00	7.974802e-05
-5.555000e+00	7.988607e-05
-5.552500e+00	8.002451e-05
-5.550000e+00	8.016335e-05
-5.547500e+00	8.030260e-05
-5.545000e+00	8.044225e-05
-5.542500e+00	8.058231e-05
-5.540000e+00	8.072277e-05
-5.537500e+00	8.086364e-05
-5.535000e+00	8.100492e-05
-5.532500e+00	8.114662e-05
-5.530000e+00	8.128873e-05
-5.527500e+00	8.143125e-05
-5.525000e+00	8.157419e-05
-5.522500e+00	8.171755e-05
-5.520000e+00	8.186133e-05
-5.517500e+00	8.200554e-05
-5.515000e+00	8.215016e-05
-5.512500e+00	8.229521e-05
-5.510000e+00	8.244069e-05
-5.507500e+00	8.258660e-05
-5.505000e+00	8.273294e-05
-5.502500e+00	8.287971e-05
-5.500000e+00	8.302692e-05
-5.497500e+00	8.317456e-05
-5.495000e+00	8.332264e-05
-5.492500e+00	8.347115e-05
-5.490000e+00	8.362011e-05
-5.487500e+00	8.376952e-05
-5.485000e+00	8.391936e-05
-5.482500e+00	8.406966e-05
-5.480000e+00	8.422040e-05
-5.477500e+00	8.437159e-05
-5.475000e+00	8.452323e-05
-5.472500e+00	8.467533e-05
-5.470000e+00	8.482789e-05
-5.467500e+00	8.498090e-05
-5.465000e+00	8.513437e-05
-5.462500e+00	8.528830e-05
-5.460000e+00	8.544269e-05
-5.457500e+00	8.559755e-05
-5.455000e+00	8.575288e-05
-5.452500e+00	8.590868e-05
-5.450000e+00	8.606494e-05
-5.447500e+00	8.622168e-05
-5.445000e+00	8.637890e-05
-5.442500e+00	8.653659e-05
-5.440000e+00	8.669476e-05
-5.437500e+00	8.685341e-05
-5.435000e+00	8.701254e-05
-5.432500e+00	8.717216e-05
-5.430000e+00	8.733227e-05
-5.427500e+00	8.749286e-05
-5.425000e+00	8.765394e-05
-5.422500e+00	8.781552e-05
-5.420000e+00	8.797759e-05
-5.417500e+00	8.814016e-05
-5.415000e+00	8.830323e-05
-5.412500e+00	8.846680e-05
-5.410000e+00	8.863087e-05
-5.407500e+00	8.879544e-05
-5.405000e+00	8.896053e-05
-5.402500e+00	8.912612e-05
-5.400000e+00	8.929222e-05
-5.397500e+00	8.945884e-05
-5.395000e+00	8.962598e-05
-5.392500e+00	8.979363e-05
-5.390000e+00	8.996180e-05
-5.387500e+00	9.013050e-05
-5.385000e+00	9.029972e-05
-5.382500e+00	9.046946e-05
-5.380000e+00	9.063974e-05
-5.377500e+00	9.081055e-05
-5.375000e+00	9.098189e-05
-5.372500e+00	9.115376e-05
-5.370000e+00	9.132618e-05
-5.367500e+00	9.149913e-05
-5.365000e+00	9.167263e-05
-5.362500e+00	9.184668e-05
-5.360000e+00	9.202127e-05
-5.357500e+00	9.219641e-05
-5.355000e+00	9.237210e-05
-5.352500e+00	9.254835e-05
-5.350000e+00	9.272515e-05
-5.347500e+00	9.290251e-05
-5.345000e+00	9.308044e-05
-5.342500e+00	9.325892e-05
-5.340000e+00	9.343798e-05
-5.337500e+00	9.361760e-05
-5.335000e+00	9.379780e-05
-5.332500e+00	9.397857e-05
-5.330000e+00	9.415991e-05
-5.327500e+00	9.434184e-05
-5.325000e+00	9.452434e-05
-5.322500e+00	9.470743e-05
-5.320000e+00	9.489111e-05
-5.317500e+00	9.507537e-05
-5.315000e+00	9.526023e-05
-5.312500e+00	9.544568e-05
-5.310000e+00	9.563172e-05
-5.307500e+00	9.581837e-05
-5.305000e+00	9.600562e-05
-5.302500e+00	9.619347e-05
-5.300000e+00	9.638193e-05
-5.297500e+00	9.657100e-05
-5.295000e+00	9.676068e-05
-5.292500e+00	9.695098e-05
-5.290000e+00	9.714190e-05
-5.287500e+00	9.733343e-05
-5.285000e+00	9.752559e-05
-5.282500e+00	9.771838e-05
-5.280000e+00	9.791179e-05
-5.277500e+00	9.810584e-05
-5.275000e+00	9.830052e-05
-5.272500e+00	9.849584e-05
-5.270000e+00	9.869180e-05
-5.267500e+00	9.888840e-05
-5.265000e+00	9.908564e-05
-5.262500e+00	9.928354e-05
-5.260000e+00	9.948209e-05
-5.257500e+00	9.968129e-05
-5.255000e+00	9.988115e-05
-5.252500e+00	1.000817e-04
-5.250000e+00	1.002829e-04
-5.247500e+00	1.004847e-04
-5.245000e+00	1.006872e-04
-5.242500e+00	1.008904e-04
-5.240000e+00	1.010943e-04
-5.237500e+00	1.012988e-04
-5.235000e+00	1.015041e-04
-5.232500e+00	1.017100e-04
-5.230000e+00	1.019166e-04
-5.227500e+00	1.021239e-04
-5.225000e+00	1.023318e-04
-5.222500e+00	1.025405e-04
-5.220000e+00	1.027499e-04
-5.217500e+00	1.029600e-04
-5.215000e+00	1.031708e-04
-5.212500e+00	1.033823e-04
-5.210000e+00	1.035945e-04
-5.207500e+00	1.038074e-04
-5.205000e+00	1.040211e-04
-5.202500e+00	1.042355e-04
-5.200000e+00	1.044506e-04
-5.197500e+00	1.046664e-04
-5.195000e+00	1.048830e-04
-5.192500e+00	1.051003e-04
-5.190000e+00	1.053183e-04
-5.187500e+00	1.055371e-04
-5.185000e+00	1.057566e-04
-5.182500e+00	1.059769e-04
-5.180000e+00	1.061979e-04
-5.177500e+00	1.064197e-04
-5.175000e+00	1.066423e-04
-5.172500e+00	1.068656e-04
-5.170000e+00	1.070897e-04
-5.167500e+00	1.073145e-04
-5.165000e+00	1.075402e-04
-5.162500e+00	1.077666e-04
-5.160000e+00	1.079938e-04
-5.157500e+00	1.082217e-04
-5.155000e+00	1.084505e-04
-5.152500e+00	1.086801e-04
-5.150000e+00	1.089104e-04
-5.147500e+00	1.091416e-04
-5.145000e+00	1.093735e-04
-5.142500e+00	1.096063e-04
-5.140000e+00	1.098399e-04
-5.137500e+00	1.100743e-04
-5.135000e+00	1.103095e-04
-5.132500e+00	1.105455e-04
-5.130000e+00	1.107824e-04
-5.127500e+00	1.110201e-04
-5.125000e+00	1.112586e-04
-5.122500e+00	1.114980e-04
-5.120000e+00	1.117382e-04
-5.117500e+00	1.119793e-04
-5.115000e+00	1.122212e-04
-5.112500e+00	1.124640e-04
-5.110000e+00	1.127076e-04
-5.107500e+00	1.129521e-04
-5.105000e+00	1.131975e-04
-5.102500e+00	1.134437e-04
-5.100000e+00	1.136908e-04
-5.097500e+00	1.139388e-04
-5.095000e+00	1.141877e-04
-5.092500e+00	1.144375e-04
-5.090000e+00	1.146881e-04
-5.087500e+00	1.149397e-04
-5.085000e+00	1.151921e-04
-5.082500e+00	1.154455e-04
-5.080000e+00	1.156998e-04
-5.077500e+00	1.159550e-04
-5.075000e+00	1.162111e-04
-5.072500e+00	1.164681e-04
-5.070000e+00	1.167261e-04
-5.067500e+00	1.169850e-04
-5.065000e+00	1.172448e-04
-5.062500e+00	1.175056e-04
-5.060000e+00	1.177673e-04
-5.057500e+00	1.180300e-04
-5.055000e+00	1.182936e-04
-5.052500e+00	1.185582e-04
-5.050000e+00	1.188238e-04
-5.047500e+00	1.190903e-04
-5.045000e+00	1.193578e-04
-5.042500e+00	1.196263e-04
-5.040000e+00	1.198958e-04
-5.037500e+00	1.201662e-04
-5.035000e+00	1.204377e-04
-5.032500e+00	1.207101e-04
-5.030000e+00	1.209836e-04
-5.027500e+00	1.212581e-04
-5.025000e+00	1.215336e-04
-5.022500e+00	1.218101e-04
-5.020000e+00	1.220876e-04
-5.017500e+00	1.223662e-04
-5.015000e+00	1.226458e-04
-5.012500e+00	1.229264e-04
-5.010000e+00	1.232081e-04
-5.007500e+00	1.234908e-04
-5.005000e+00	1.237746e-04
-5.002500e+00	1.240595e-04
-5.000000e+00	1.243454e-04
-4.997500e+00	1.246324e-04
-4.995000e+00	1.249205e-04
-4.992500e+00	1.252096e-04
-4.990000e+00	1.254999e-04
-4.987500e+00	1.257912e-04
-4.985000e+00	1.260836e-04
-4.982500e+00	1.263772e-04
-4.980000e+00	1.266718e-04
-4.977500e+00	1.269676e-04
-4.975000e+00	1.272645e-04
-4.972500e+00	1.275625e-04
-4.970000e+00	1.278617e-04
-4.967500e+00	1.281620e-04
-4.965000e+00	1.284634e-04
-4.962500e+00	1.287660e-04
-4.960000e+00	1.290698e-04
-4.957500e+00	1.293747e-04
-4.955000e+00	1.296808e-04
-4.952500e+00	1.299880e-04
-4.950000e+00	1.302965e-04
-4.947500e+00	1.306061e-04
-4.945000e+00	1.309170e-04
-4.942500e+00	1.312290e-04
-4.940000e+00	1.315422e-04
-4.937500e+00	1.318567e-04
-4.935000e+00	1.321724e-04
-4.932500e+00	1.324893e-04
-4.930000e+00	1.328074e-04
-4.927500e+00	1.331268e-04
-4.925000e+00	1.334474e-04
-4.922500e+00	1.337692e-04
-4.920000e+00	1.340924e-04
-4.917500e+00	1.344167e-04
-4.915000e+00	1.347424e-04
-4.912500e+00	1.350694e-04
-4.910000e+00	1.353976e-04
-4.907500e+00	1.357271e-04
-4.905000e+00	1.360579e-04
-4.902500e+00	1.363900e-04
-4.900000e+00	1.367235e-04
-4.897500e+00	1.370582e-04
-4.895000e+00	1.373943e-04
-4.892500e+00	1.377317e-04
-4.890000e+00	1.380705e-04
-4.887500e+00	1.384106e-04
-4.885000e+00	1.387521e-04
-4.882500e+00	1.390949e-04
-4.880000e+00	1.394391e-04
-4.877500e+00	1.397847e-04
-4.875000e+00	1.401317e-04
-4.872500e+00	1.404800e-04
-4.870000e+00	1.408298e-04
-4.867500e+00	1.411809e-04
-4.865000e+00	1.415335e-04
-4.862500e+00	1.418875e-04
-4.860000e+00	1.422429e-04
-4.857500e+00	1.425998e-04
-4.855000e+00	1.429581e-04
-4.852500e+00	1.433179e-04
-4.850000e+00	1.436792e-04
-4.847500e+00	1.440419e-04
-4.845000e+00	1.444061e-04
-4.842500e+00	1.447717e-04
-4.840000e+00	1.451389e-04
-4.837500e+00	1.455076e-04
-4.835000e+00	1.458778e-04
-4.832500e+00	1.462495e-04
-4.830000e+00	1.466227e-04
-4.827500e+00	1.469975e-04
-4.825000e+00	1.473738e-04
-4.822500e+00	1.477517e-04
-4.820000e+00	1.481311e-04
-4.817500e+00	1.485121e-04
-4.815000e+00	1.488947e-04
-4.812500e+00	1.492789e-04
-4.810000e+00	1.496647e-04
-4.807500e+00	1.500520e-04
-4.805000e+00	1.504410e-04
-4.802500e+00	1.508317e-04
-4.800000e+00	1.512239e-04
-4.797500e+00	1.516178e-04
-4.795000e+00	1.520134e-04
-4.792500e+00	1.524106e-04
-4.790000e+00	1.528095e-04
-4.787500e+00	1.532100e-04
-4.785000e+00	1.536123e-04
-4.782500e+00	1.540163e-04
-4.780000e+00	1.544219e-04
-4.777500e+00	1.548293e-04
-4.775000e+00	1.552385e-04
-4.772500e+00	1.556493e-04
-4.770000e+00	1.560619e-04
-4.767500e+00	1.564763e-04
-4.765000e+00	1.568924e-04
-4.762500e+00	1.573104e-04
-4.760000e+00	1.577301e-04
-4.757500e+00	1.581516e-04
-4.755000e+00	1.585749e-04
-4.752500e+00	1.590000e-04
-4.750000e+00	1.594270e-04
-4.747500e+00	1.598558e-04
-4.745000e+00	1.602865e-04
-4.742500e+00	1.607190e-04
-4.740000e+00	1.611535e-04
-4.737500e+00	1.615897e-04
-4.735000e+00	1.620279e-04
-4.732500e+00	1.624680e-04
-4.730000e+00	1.629101e-04
-4.727500e+00	1.633540e-04
-4.725000e+00	1.637999e-04
-4.722500e+00	1.642478e-04
-4.720000e+00	1.646976e-04
-4.717500e+00	1.651494e-04
-4.715000e+00	1.656031e-04
-4.712500e+00	1.660589e-04
-4.710000e+00	1.665167e-04
-4.707500e+00	1.669765e-04
-4.705000e+00	1.674384e-04
-4.702500e+00	1.679023e-04
-4.700000e+00	1.683682e-04
-4.697500e+00	1.688363e-04
-4.695000e+00	1.693064e-04
-4.692500e+00	1.697786e-04
-4.690000e+00	1.702529e-04
-4.687500e+00	1.707294e-04
-4.685000e+00	1.712080e-04
-4.682500e+00	1.716887e-04
-4.680000e+00	1.721716e-04
-4.677500e+00	1.726567e-04
-4.675000e+00	1.731439e-04
-4.672500e+00	1.736334e-04
-4.670000e+00	1.741251e-04
-4.667500e+00	1.746190e-04
-4.665000e+00	1.751151e-04
-4.662500e+00	1.756135e-04
-4.660000e+00	1.761142e-04
-4.657500e+00	1.766171e-04
-4.655000e+00	1.771224e-04
-4.652500e+00	1.776300e-04
-4.650000e+00	1.781399e-04
-4.647500e+00	1.786521e-04
-4.645000e+00	1.791667e-04
-4.642500e+00	1.796836e-04
-4.640000e+00	1.802030e-04
-4.637500e+00	1.807247e-04
-4.635000e+00	1.812488e-04
-4.632500e+00	1.817754e-04
-4.630000e+00	1.823044e-04
-4.627500e+00	1.828359e-04
-4.625000e+00	1.833699e-04
-4.622500e+00	1.839063e-04
-4.620000e+00	1.844453e-04
-4.617500e+00	1.849868e-04
-4.615000e+00	1.855308e-04
-4.612500e+00	1.860773e-04
-4.610000e+00	1.866265e-04
-4.607500e+00	1.871782e-04
-4.605000e+00	1.877325e-04
-4.602500e+00	1.882894e-04
-4.600000e+00	1.888490e-04
-4.597500e+00	1.894112e-04
-4.595000e+00	1.899761e-04
-4.592500e+00	1.905437e-04
-4.590000e+00	1.911140e-04
-4.587500e+00	1.916870e-04
-4.585000e+00	1.922628e-04
-4.582500e+00	1.928413e-04
-4.580000e+00	1.934225e-04
-4.577500e+00	1.940066e-04
-4.575000e+00	1.945935e-04
-4.572500e+00	1.951832e-04
-4.570000e+00	1.957757e-04
-4.567500e+00	1.963711e-04
-4.565000e+00	1.969694e-04
-4.562500e+00	1.975706e-04
-4.560000e+00	1.981747e-04
-4.557500e+00	1.987818e-04
-4.555000e+00	1.993918e-04
-4.552500e+00	2.000048e-04
-4.550000e+00	2.006208e-04
-4.547500e+00	2.012398e-04
-4.545000e+00	2.018618e-04
-4.542500e+00	2.024870e-04
-4.540000e+00	2.031151e-04
-4.537500e+00	2.037464e-04
-4.535000e+00	2.043808e-04
-4.532500e+00	2.050184e-04
-4.530000e+00	2.056591e-04
-4.527500e+00	2.063029e-04
-4.525000e+00	2.069500e-04
-4.522500e+00	2.076003e-04
-4.520000e+00	2.082539e-04
-4.517500e+00	2.089107e-04
-4.515000e+00	2.095708e-04
-4.512500e+00	2.102343e-04
-4.510000e+00	2.109010e-04
-4.507500e+00	2.115711e-04
-4.505000e+00	2.122446e-04
-4.502500e+00	2.129215e-04
-4.500000e+00	2.136018e-04
-4.497500e+00	2.142856e-04
-4.495000e+00	2.149729e-04
-4.492500e+00	2.156636e-04
-4.490000e+00	2.163579e-04
-4.487500e+00	2.170557e-04
-4.485000e+00	2.177570e-04
-4.482500e+00	2.184620e-04
-4.480000e+00	2.191706e-04
-4.477500e+00	2.198828e-04
-4.475000e+00	2.205987e-04
-4.472500e+00	2.213183e-04
-4.470000e+00	2.220416e-04
-4.467500e+00	2.227686e-04
-4.465000e+00	2.234995e-04
-4.462500e+00	2.242341e-04
-4.460000e+00	2.249725e-04
-4.457500e+00	2.257148e-04
-4.455000e+00	2.264610e-04
-4.452500e+00	2.272110e-04
-4.450000e+00	2.279650e-04
-4.447500e+00	2.287230e-04
-4.445000e+00	2.294850e-04
-4.442500e+00	2.302509e-04
-4.440000e+00	2.310209e-04
-4.437500e+00	2.317950e-04
-4.435000e+00	2.325732e-04
-4.432500e+00	2.333555e-04
-4.430000e+00	2.341420e-04
-4.427500e+00	2.349327e-04
-4.425000e+00	2.357276e-04
-4.422500e+00	2.365267e-04
-4.420000e+00	2.373301e-04
-4.417500e+00	2.381379e-04
-4.415000e+00	2.389500e-04
-4.412500e+00	2.397664e-04
-4.410000e+00	2.405873e-04
-4.407500e+00	2.414126e-04
-4.405000e+00	2.422423e-04
-4.402500e+00	2.430766e-04
-4.400000e+00	2.439154e-04
-4.397500e+00	2.447588e-04
-4.395000e+00	2.456067e-04
-4.392500e+00	2.464594e-04
-4.390000e+00	2.473166e-04
-4.387500e+00	2.481786e-04
-4.385000e+00	2.490454e-04
-4.382500e+00	2.499169e-04
-4.380000e+00	2.507932e-04
-4.377500e+00	2.516743e-04
-4.375000e+00	2.525604e-04
-4.372500e+00	2.534513e-04
-4.370000e+00	2.543472e-04
-4.367500e+00	2.552481e-04
-4.365000e+00	2.561540e-04
-4.362500e+00	2.570650e-04
-4.360000e+00	2.579811e-04
-4.357500e+00	2.589024e-04
-4.355000e+00	2.598288e-04
-4.352500e+00	2.607605e-04
-4.350000e+00	2.616974e-04
-4.347500e+00	2.626396e-04
-4.345000e+00	2.635871e-04
-4.342500e+00	2.645400e-04
-4.340000e+00	2.654984e-04
-4.337500e+00	2.664622e-04
-4.335000e+00	2.674315e-04
-4.332500e+00	2.684064e-04
-4.330000e+00	2.693868e-04
-4.327500e+00	2.703729e-04
-4.325000e+00	2.713647e-04
-4.322500e+00	2.723622e-04
-4.320000e+00	2.733654e-04
-4.317500e+00	2.743745e-04
-4.315000e+00	2.753894e-04
-4.312500e+00	2.764102e-04
-4.310000e+00	2.774369e-04
-4.307500e+00	2.784697e-04
-4.305000e+00	2.795085e-04
-4.302500e+00	2.805534e-04
-4.300000e+00	2.816044e-04
-4.297500e+00	2.826616e-04
-4.295000e+00	2.837250e-04
-4.292500e+00	2.847947e-04
-4.290000e+00	2.858708e-04
-4.287500e+00	2.869532e-04
-4.285000e+00	2.880421e-04
-4.282500e+00	2.891374e-04
-4.280000e+00	2.902393e-04
-4.277500e+00	2.913478e-04
-4.275000e+00	2.924629e-04
-4.272500e+00	2.935847e-04
-4.270000e+00	2.947132e-04
-4.267500e+00	2.958486e-04
-4.265000e+00	2.969908e-04
-4.262500e+00	2.981399e-04
-4.260000e+00	2.992960e-04
-4.257500e+00	3.004591e-04
-4.255000e+00	3.016293e-04
-4.252500e+00	3.028067e-04
-4.250000e+00	3.039912e-04
-4.247500e+00	3.051831e-04
-4.245000e+00	3.063822e-04
-4.242500e+00	3.075887e-04
-4.240000e+00	3.088026e-04
-4.237500e+00	3.100241e-04
-4.235000e+00	3.112531e-04
-4.232500e+00	3.124897e-04
-4.230000e+00	3.137341e-04
-4.227500e+00	3.149862e-04
-4.225000e+00	3.162461e-04
-4.222500e+00	3.175138e-04
-4.220000e+00	3.187896e-04
-4.217500e+00	3.200734e-04
-4.215000e+00	3.213652e-04
-4.212500e+00	3.226652e-04
-4.210000e+00	3.239734e-04
-4.207500e+00	3.252899e-04
-4.205000e+00	3.266148e-04
-4.202500e+00	3.279481e-04
-4.200000e+00	3.292900e-04
-4.197500e+00	3.306404e-04
-4.195000e+00	3.319994e-04
-4.192500e+00	3.333672e-04
-4.190000e+00	3.347438e-04
-4.187500e+00	3.361292e-04
-4.185000e+00	3.375237e-04
-4.182500e+00	3.389271e-04
-4.180000e+00	3.403397e-04
-4.177500e+00	3.417614e-04
-4.175000e+00	3.431925e-04
-4.172500e+00	3.446328e-04
-4.170000e+00	3.460827e-04
-4.167500e+00	3.475420e-04
-4.165000e+00	3.490109e-04
-4.162500e+00	3.504895e-04
-4.160000e+00	3.519779e-04
-4.157500e+00	3.534762e-04
-4.155000e+00	3.549844e-04
-4.152500e+00	3.565026e-04
-4.150000e+00	3.580310e-04
-4.147500e+00	3.595695e-04
-4.145000e+00	3.611184e-04
-4.142500e+00	3.626777e-04
-4.140000e+00	3.642475e-04
-4.137500e+00	3.658278e-04
-4.135000e+00	3.674188e-04
-4.132500e+00	3.690207e-04
-4.130000e+00	3.706334e-04
-4.127500e+00	3.722570e-04
-4.125000e+00	3.738918e-04
-4.122500e+00	3.755377e-04
-4.120000e+00	3.771949e-04
-4.117500e+00	3.788635e-04
-4.115000e+00	3.805436e-04
-4.112500e+00	3.822353e-04
-4.110000e+00	3.839386e-04
-4.107500e+00	3.856538e-04
-4.105000e+00	3.873809e-04
-4.102500e+00	3.891201e-04
-4.100000e+00	3.908714e-04
-4.097500e+00	3.926349e-04
-4.095000e+00	3.944108e-04
-4.092500e+00	3.961992e-04
-4.090000e+00	3.980003e-04
-4.087500e+00	3.998140e-04
-4.085000e+00	4.016406e-04
-4.082500e+00	4.034802e-04
-4.080000e+00	4.053328e-04
-4.077500e+00	4.071987e-04
-4.075000e+00	4.090779e-04
-4.072500e+00	4.109706e-04
-4.070000e+00	4.128769e-04
-4.067500e+00	4.147969e-04
-4.065000e+00	4.167308e-04
-4.062500e+00	4.186787e-04
-4.060000e+00	4.206407e-04
-4.057500e+00	4.226170e-04
-4.055000e+00	4.246077e-04
-4.052500e+00	4.266130e-04
-4.050000e+00	4.286329e-04
-4.047500e+00	4.306677e-04
-4.045000e+00	4.327175e-04
-4.042500e+00	4.347824e-04
-4.040000e+00	4.368626e-04
-4.037500e+00	4.389582e-04
-4.035000e+00	4.410695e-04
-4.032500e+00	4.431964e-04
-4.030000e+00	4.453393e-04
-4.027500e+00	4.474982e-04
-4.025000e+00	4.496734e-04
-4.022500e+00	4.518649e-04
-4.020000e+00	4.540730e-04
-4.017500e+00	4.562978e-04
-4.015000e+00	4.585395e-04
-4.012500e+00	4.607983e-04
-4.010000e+00	4.630743e-04
-4.007500e+00	4.653677e-04
-4.005000e+00	4.676787e-04
-4.002500e+00	4.700074e-04
-4.000000e+00	4.723542e-04
-3.997500e+00	4.747190e-04
-3.995000e+00	4.771022e-04
-3.992500e+00	4.795039e-04
-3.990000e+00	4.819243e-04
-3.987500e+00	4.843636e-04
-3.985000e+00	4.868220e-04
-3.982500e+00	4.892998e-04
-3.980000e+00	4.917970e-04
-3.977500e+00	4.943139e-04
-3.975000e+00	4.968508e-04
-3.972500e+00	4.994078e-04
-3.970000e+00	5.019851e-04
-3.967500e+00	5.045830e-04
-3.965000e+00	5.072017e-04
-3.962500e+00	5.098414e-04
-3.960000e+00	5.125023e-04
-3.957500e+00	5.151847e-04
-3.955000e+00	5.178888e-04
-3.952500e+00	5.206148e-04
-3.950000e+00	5.233630e-04
-3.947500e+00	5.261336e-04
-3.945000e+00	5.289268e-04
-3.942500e+00	5.317429e-04
-3.940000e+00	5.345822e-04
-3.937500e+00	5.374449e-04
-3.935000e+00	5.403313e-04
-3.932500e+00	5.432416e-04
-3.930000e+00	5.461760e-04
-3.927500e+00	5.491350e-04
-3.925000e+00	5.521187e-04
-3.922500e+00	5.551274e-04
-3.920000e+00	5.581613e-04
-3.917500e+00	5.612209e-04
-3.915000e+00	5.643063e-04
-3.912500e+00	5.674179e-04
-3.910000e+00	5.705560e-04
-3.907500e+00	5.737208e-04
-3.905000e+00	5.769127e-04
-3.902500e+00	5.801320e-04
-3.900000e+00	5.833789e-04
-3.897500e+00	5.866539e-04
-3.895000e+00	5.899572e-04
-3.892500e+00	5.932891e-04
-3.890000e+00	5.966501e-04
-3.887500e+00	6.000403e-04
-3.885000e+00	6.034603e-04
-3.882500e+00	6.069103e-04
-3.880000e+00	6.103906e-04
-3.877500e+00	6.139017e-04
-3.875000e+00	6.174439e-04
-3.872500e+00	6.210176e-04
-3.870000e+00	6.246231e-04
-3.867500e+00	6.282608e-04
-3.865000e+00	6.319312e-04
-3.862500e+00	6.356345e-04
-3.860000e+00	6.393713e-04
-3.857500e+00	6.431418e-04
-3.855000e+00	6.469465e-04
-3.852500e+00	6.507859e-04
-3.850000e+00	6.546604e-04
-3.847500e+00	6.585703e-04
-3.845000e+00	6.625161e-04
-3.842500e+00	6.664982e-04
-3.840000e+00	6.705172e-04
-3.837500e+00	6.745735e-04
-3.835000e+00	6.786674e-04
-3.832500e+00	6.827996e-04
-3.830000e+00	6.869704e-04
-3.827500e+00	6.911804e-04
-3.825000e+00	6.954300e-04
-3.822500e+00	6.997197e-04
-3.820000e+00	7.040502e-04
-3.817500e+00	7.084218e-04
-3.815000e+00	7.128351e-04
-3.812500e+00	7.172906e-04
-3.810000e+00	7.217889e-04
-3.807500e+00	7.263305e-04
-3.805000e+00	7.309159e-04
-3.802500e+00	7.355459e-04
-3.800000e+00	7.402208e-04
-3.797500e+00	7.449414e-04
-3.795000e+00	7.497082e-04
-3.792500e+00	7.545217e-04
-3.790000e+00	7.593827e-04
-3.787500e+00	7.642918e-04
-3.785000e+00	7.692496e-04
-3.782500e+00	7.742566e-04
-3.780000e+00	7.793137e-04
-3.777500e+00	7.844215e-04
-3.775000e+00	7.895806e-04
-3.772500e+00	7.947917e-04
-3.770000e+00	8.000556e-04
-3.767500e+00	8.053729e-04
-3.765000e+00	8.107444e-04
-3.762500e+00	8.161708e-04
-3.760000e+00	8.216529e-04
-3.757500e+00	8.271914e-04
-3.755000e+00	8.327871e-04
-3.752500e+00	8.384408e-04
-3.750000e+00	8.441534e-04
-3.747500e+00	8.499256e-04
-3.745000e+00	8.557582e-04
-3.742500e+00	8.616522e-04
-3.740000e+00	8.676083e-04
-3.737500e+00	8.736275e-04
-3.735000e+00	8.797107e-04
-3.732500e+00	8.858587e-04
-3.730000e+00	8.920725e-04
-3.727500e+00	8.983530e-04
-3.725000e+00	9.047012e-04
-3.722500e+00	9.111181e-04
-3.720000e+00	9.176046e-04
-3.717500e+00	9.241619e-04
-3.715000e+00	9.307908e-04
-3.712500e+00	9.374925e-04
-3.710000e+00	9.442680e-04
-3.707500e+00	9.511184e-04
-3.705000e+00	9.580448e-04
-3.702500e+00	9.650485e-04
-3.700000e+00	9.721304e-04
-3.697500e+00	9.792918e-04
-3.695000e+00	9.865338e-04
-3.692500e+00	9.938578e-04
-3.690000e+00	1.001265e-03
-3.687500e+00	1.008756e-03
-3.685000e+00	1.016334e-03
-3.682500e+00	1.023998e-03
-3.680000e+00	1.031750e-03
-3.677500e+00	1.039592e-03
-3.675000e+00	1.047526e-03
-3.672500e+00	1.055552e-03
-3.670000e+00	1.063671e-03
-3.667500e+00	1.071887e-03
-3.665000e+00	1.080199e-03
-3.662500e+00	1.088609e-03
-3.660000e+00	1.097120e-03
-3.657500e+00	1.105732e-03
-3.655000e+00	1.114448e-03
-3.652500e+00	1.123268e-03
-3.650000e+00	1.132195e-03
-3.647500e+00	1.141230e-03
-3.645000e+00	1.150376e-03
-3.642500e+00	1.159633e-03
-3.640000e+00	1.169004e-03
-3.637500e+00	1.178490e-03
-3.635000e+00	1.188095e-03
-3.632500e+00	1.197818e-03
-3.630000e+00	1.207663e-03
-3.627500e+00	1.217631e-03
-3.625000e+00	1.227725e-03
-3.622500e+00	1.237947e-03
-3.620000e+00	1.248298e-03
-3.617500e+00	1.258782e-03
-3.615000e+00	1.269399e-03
-3.612500e+00	1.280154e-03
-3.610000e+00	1.291047e-03
-3.607500e+00	1.302082e-03
-3.605000e+00	1.313260e-03
-3.602500e+00	1.324585e-03
-3.600000e+00	1.336058e-03
-3.597500e+00	1.347684e-03
-3.595000e+00	1.359463e-03
-3.592500e+00	1.371399e-03
-3.590000e+00	1.383495e-03
-3.587500e+00	1.395754e-03
-3.585000e+00	1.408178e-03
-3.582500e+00	1.420771e-03
-3.580000e+00	1.433535e-03
-3.577500e+00	1.446474e-03
-3.575000e+00	1.459591e-03
-3.572500e+00	1.472889e-03
-3.570000e+00	1.486371e-03
-3.567500e+00	1.500042e-03
-3.565000e+00	1.513904e-03
-3.562500e+00	1.527961e-03
-3.560000e+00	1.542217e-03
-3.557500e+00	1.556676e-03
-3.555000e+00	1.571341e-03
-3.552500e+00	1.586216e-03
-3.550000e+00	1.601306e-03
-3.547500e+00	1.616614e-03
-3.545000e+00	1.632145e-03
-3.542500e+00	1.647903e-03
-3.540000e+00	1.663893e-03
-3.537500e+00	1.680119e-03
-3.535000e+00	1.696586e-03
-3.532500e+00	1.713298e-03
-3.530000e+00	1.730261e-03
-3.527500e+00	1.747479e-03
-3.525000e+00	1.764958e-03
-3.522500e+00	1.782703e-03
-3.520000e+00	1.800720e-03
-3.517500e+00	1.819013e-03
-3.515000e+00	1.837589e-03
-3.512500e+00	1.856454e-03
-3.510000e+00	1.875613e-03
-3.507500e+00	1.895074e-03
-3.505000e+00	1.914841e-03
-3.502500e+00	1.934921e-03
-3.500000e+00	1.955322e-03
-3.497500e+00	1.976050e-03
-3.495000e+00	1.997112e-03
-3.492500e+00	2.018516e-03
-3.490000e+00	2.040268e-03
-3.487500e+00	2.062377e-03
-3.485000e+00	2.084849e-03
-3.482500e+00	2.107695e-03
-3.480000e+00	2.130920e-03
-3.477500e+00	2.154535e-03
-3.475000e+00	2.178547e-03
-3.472500e+00	2.202966e-03
-3.470000e+00	2.227801e-03
-3.467500e+00	2.253061e-03
-3.465000e+00	2.278757e-03
-3.462500e+00	2.304898e-03
-3.460000e+00	2.331495e-03
-3.457500e+00	2.358558e-03
-3.455000e+00	2.386098e-03
-3.452500e+00	2.414127e-03
-3.450000e+00	2.442656e-03
-3.447500e+00	2.471698e-03
-3.445000e+00	2.501264e-03
-3.442500e+00	2.531367e-03
-3.440000e+00	2.562020e-03
-3.437500e+00	2.593237e-03
-3.435000e+00	2.625032e-03
-3.432500e+00	2.657419e-03
-3.430000e+00	2.690413e-03
-3.427500e+00	2.724029e-03
-3.425000e+00	2.758283e-03
-3.422500e+00	2.793191e-03
-3.420000e+00	2.828770e-03
-3.417500e+00	2.865037e-03
-3.415000e+00	2.902010e-03
-3.412500e+00	2.939707e-03
-3.410000e+00	2.978148e-03
-3.407500e+00	3.017353e-03
-3.405000e+00	3.057341e-03
-3.402500e+00	3.098133e-03
-3.400000e+00	3.139752e-03
-3.397500e+00	3.182219e-03
-3.395000e+00	3.225559e-03
-3.392500e+00	3.269795e-03
-3.390000e+00	3.314951e-03
-3.387500e+00	3.361055e-03
-3.385000e+00	3.408131e-03
-3.382500e+00	3.456209e-03
-3.380000e+00	3.505316e-03
-3.377500e+00	3.555482e-03
-3.375000e+00	3.606737e-03
-3.372500e+00	3.659115e-03
-3.370000e+00	3.712647e-03
-3.367500e+00	3.767367e-03
-3.365000e+00	3.823312e-03
-3.362500e+00	3.880517e-03
-3.360000e+00	3.939022e-03
-3.357500e+00	3.998865e-03
-3.355000e+00	4.060089e-03
-3.352500e+00	4.122735e-03
-3.350000e+00	4.186847e-03
-3.347500e+00	4.252473e-03
-3.345000e+00	4.319661e-03
-3.342500e+00	4.388459e-03
-3.340000e+00	4.458920e-03
-3.337500e+00	4.531099e-03
-3.335000e+00	4.605050e-03
-3.332500e+00	4.680833e-03
-3.330000e+00	4.758510e-03
-3.327500e+00	4.838142e-03
-3.325000e+00	4.919797e-03
-3.322500e+00	5.003543e-03
-3.320000e+00	5.089454e-03
-3.317500e+00	5.177603e-03
-3.315000e+00	5.268069e-03
-3.312500e+00	5.360934e-03
-3.310000e+00	5.456284e-03
-3.307500e+00	5.554209e-03
-3.305000e+00	5.654800e-03
-3.302500e+00	5.758158e-03
-3.300000e+00	5.864382e-03
-3.297500e+00	5.973582e-03
-3.295000e+00	6.085868e-03
-3.292500e+00	6.201358e-03
-3.290000e+00	6.320176e-03
-3.287500e+00	6.442449e-03
-3.285000e+00	6.568314e-03
-3.282500e+00	6.697912e-03
-3.280000e+00	6.831393e-03
-3.277500e+00	6.968912e-03
-3.275000e+00	7.110636e-03
-3.272500e+00	7.256735e-03
-3.270000e+00	7.407393e-03
-3.267500e+00	7.562802e-03
-3.265000e+00	7.723162e-03
-3.262500e+00	7.888686e-03
-3.260000e+00	8.059598e-03
-3.257500e+00	8.236135e-03
-3.255000e+00	8.418546e-03
-3.252500e+00	8.607094e-03
-3.250000e+00	8.802058e-03
-3.247500e+00	9.003732e-03
-3.245000e+00	9.212426e-03
-3.242500e+00	9.428471e-03
-3.240000e+00	9.652216e-03
-3.237500e+00	9.884030e-03
-3.235000e+00	1.012431e-02
-3.232500e+00	1.037346e-02
-3.230000e+00	1.063194e-02
-3.227500e+00	1.090020e-02
-3.225000e+00	1.117876e-02
-3.222500e+00	1.146815e-02
-3.220000e+00	1.176892e-02
-3.217500e+00	1.208170e-02
-3.215000e+00	1.240712e-02
-3.212500e+00	1.274587e-02
-3.210000e+00	1.309870e-02
-3.207500e+00	1.346638e-02
-3.205000e+00	1.384978e-02
-3.202500e+00	1.424979e-02
-3.200000e+00	1.466738e-02
-3.197500e+00	1.510361e-02
-3.195000e+00	1.555959e-02
-3.192500e+00	1.603654e-02
-3.190000e+00	1.653575e-02
-3.187500e+00	1.705864e-02
-3.185000e+00	1.760673e-02
-3.182500e+00	1.818165e-02
-3.180000e+00	1.878519e-02
-3.177500e+00	1.941927e-02
-3.175000e+00	2.008598e-02
-3.172500e+00	2.078761e-02
-3.170000e+00	2.152662e-02
-3.167500e+00	2.230572e-02
-3.165000e+00	2.312786e-02
-3.162500e+00	2.399625e-02
-3.160000e+00	2.491443e-02
-3.157500e+00	2.588626e-02
-3.155000e+00	2.691601e-02
-3.152500e+00	2.800835e-02
-3.150000e+00	2.916846e-02
-3.147500e+00	3.040204e-02
-3.145000e+00	3.171541e-02
-3.142500e+00	3.311559e-02
-3.140000e+00	3.461038e-02
-3.137500e+00	3.620848e-02
-3.135000e+00	3.791959e-02
-3.132500e+00	3.975459e-02
-3.130000e+00	4.172570e-02
-3.127500e+00	4.384668e-02
-3.125000e+00	4.613304e-02
-3.122500e+00	4.860238e-02
-3.120000e+00	5.127467e-02
-3.117500e+00	5.417267e-02
-3.115000e+00	5.732242e-02
-3.112500e+00	6.075379e-02
-3.110000e+00	6.450119e-02
-3.107500e+00	6.860445e-02
-3.105000e+00	7.310981e-02
-3.102500e+00	7.807122e-02
-3.100000e+00	8.355193e-02
-3.097500e+00	8.962648e-02
-3.095000e+00	9.638314e-02
-3.092500e+00	1.039271e-01
-3.090000e+00	1.123843e-01
-3.087500e+00	1.219068e-01
-3.085000e+00	1.326793e-01
-3.082500e+00	1.449276e-01
-3.080000e+00	1.589303e-01
-3.077500e+00	1.750338e-01
-3.075000e+00	1.936729e-01
-3.072500e+00	2.153986e-01
-3.070000e+00	2.409162e-01
-3.067500e+00	2.711396e-01
-3.065000e+00	3.072660e-01
-3.062500e+00	3.508850e-01
-3.060000e+00	4.041348e-01
-3.057500e+00	4.699323e-01
-3.055000e+00	5.523123e-01
-3.052500e+00	6.569288e-01
-3.050000e+00	7.917893e-01
-3.047500e+00	9.682862e-01
-3.045000e+00	1.202492e+00
-3.042500e+00	1.516243e+00
-3.040000e+00	1.936077e+00
-3.037500e+00	2.484117e+00
-3.035000e+00	3.147894e+00
-3.032500e+00	3.818920e+00
-3.030000e+00	4.253472e+00
-3.027500e+00	4.212007e+00
-3.025000e+00	3.720272e+00
-3.022500e+00	3.037252e+00
-3.020000e+00	2.388010e+00
-3.017500e+00	1.861025e+00
-3.015000e+00	1.459889e+00
-3.012500e+00	1.160505e+00
-3.010000e+00	9.367962e-01
-3.007500e+00	7.678686e-01
-3.005000e+00	6.384852e-01
-3.002500e+00	5.378745e-01
-3.000000e+00	4.584647e-01
-2.997500e+00	3.949016e-01
-2.995000e+00	3.433573e-01
-2.992500e+00	3.010583e-01
-2.990000e+00	2.659666e-01
-2.987500e+00	2.365644e-01
-2.985000e+00	2.117057e-01
-2.982500e+00	1.905143e-01
-2.980000e+00	1.723125e-01
-2.977500e+00	1.565701e-01
-2.975000e+00	1.428681e-01
-2.972500e+00	1.308719e-01
-2.970000e+00	1.203125e-01
-2.967500e+00	1.109710e-01
-2.965000e+00	1.026687e-01
-2.962500e+00	9.525802e-02
-2.960000e+00	8.861658e-02
-2.957500e+00	8.264215e-02
-2.955000e+00	7.724883e-02
-2.952500e+00	7.236404e-02
-2.950000e+00	6.792614e-02
-2.947500e+00	6.388249e-02
-2.945000e+00	6.018795e-02
-2.942500e+00	5.680364e-02
-2.940000e+00	5.369590e-02
-2.937500e+00	5.083552e-02
-2.935000e+00	4.819702e-02
-2.932500e+00	4.575812e-02
-2.930000e+00	4.349924e-02
-2.927500e+00	4.140314e-02
-2.925000e+00	3.945461e-02
-2.922500e+00	3.764014e-02
-2.920000e+00	3.594775e-02
-2.917500e+00	3.436676e-02
-2.915000e+00	3.288761e-02
-2.912500e+00	3.150178e-02
-2.910000e+00	3.020159e-02
-2.907500e+00	2.898015e-02
-2.905000e+00	2.783122e-02
-2.902500e+00	2.674920e-02
-2.900000e+00	2.572901e-02
-2.897500e+00	2.476602e-02
-2.895000e+00	2.385604e-02
-2.892500e+00	2.299527e-02
-2.890000e+00	2.218022e-02
-2.887500e+00	2.140772e-02
-2.885000e+00	2.067486e-02
-2.882500e+00	1.997898e-02
-2.880000e+00	1.931763e-02
-2.877500e+00	1.868858e-02
-2.875000e+00	1.808975e-02
-2.872500e+00	1.751924e-02
-2.870000e+00	1.697530e-02
-2.867500e+00	1.645630e-02
-2.865000e+00	1.596075e-02
-2.862500e+00	1.548725e-02
-2.860000e+00	1.503452e-02
-2.857500e+00	1.460135e-02
-2.855000e+00	1.418665e-02
-2.852500e+00	1.378938e-02
-2.850000e+00	1.340857e-02
-2.847500e+00	1.304333e-02
-2.845000e+00	1.269282e-02
-2.842500e+00	1.235627e-02
-2.840000e+00	1.203293e-02
-2.837500e+00	1.172213e-02
-2.835000e+00	1.142323e-02
-2.832500e+00	1.113564e-02
-2.830000e+00	1.085878e-02
-2.827500e+00	1.059212e-02
-2.825000e+00	1.033519e-02
-2.822500e+00	1.008750e-02
-2.820000e+00	9.848626e-03
-2.817500e+00	9.618147e-03
-2.815000e+00	9.395678e-03
-2.812500e+00	9.180852e-03
-2.810000e+00	8.973322e-03
-2.807500e+00	8.772762e-03
-2.805000e+00	8.578864e-03
-2.802500e+00	8.391337e-03
-2.800000e+00	8.209904e-03
-2.797500e+00	8.034304e-03
-2.795000e+00	7.864290e-03
-2.792500e+00	7.699628e-03
-2.790000e+00	7.540095e-03
-2.787500e+00	7.385482e-03
-2.785000e+00	7.235587e-03
-2.782500e+00	7.090222e-03
-2.780000e+00	6.949204e-03
-2.777500e+00	6.812364e-03
-2.775000e+00	6.679537e-03
-2.772500e+00	6.550568e-03
-2.770000e+00	6.425310e-03
-2.767500e+00	6.303620e-03
-2.765000e+00	6.185367e-03
-2.762500e+00	6.070420e-03
-2.760000e+00	5.958658e-03
-2.757500e+00	5.849965e-03
-2.755000e+00	5.744229e-03
-2.752500e+00	5.641344e-03
-2.750000e+00	5.541209e-03
-2.747500e+00	5.443726e-03
-2.745000e+00	5.348803e-03
-2.742500e+00	5.256350e-03
-2.740000e+00	5.166283e-03
-2.737500e+00	5.078521e-03
-2.735000e+00	4.992986e-03
-2.732500e+00	4.909603e-03
-2.730000e+00	4.828300e-03
-2.727500e+00	4.749008e-03
-2.725000e+00	4.671663e-03
-2.722500e+00	4.596201e-03
-2.720000e+00	4.522561e-03
-2.717500e+00	4.450685e-03
-2.715000e+00	4.380518e-03
-2.712500e+00	4.312005e-03
-2.710000e+00	4.245095e-03
-2.707500e+00	4.179738e-03
-2.705000e+00	4.115887e-03
-2.702500e+00	4.053496e-03
-2.700000e+00	3.992521e-03
-2.697500e+00	3.932919e-03
-2.695000e+00	3.874649e-03
-2.692500e+00	3.817672e-03
-2.690000e+00	3.761951e-03
-2.687500e+00	3.707447e-03
-2.685000e+00	3.654127e-03
-2.682500e+00	3.601956e-03
-2.680000e+00	3.550901e-03
-2.677500e+00	3.500931e-03
-2.675000e+00	3.452016e-03
-2.672500e+00	3.404125e-03
-2.670000e+00	3.357231e-03
-2.667500e+00	3.311306e-03
-2.665000e+00	3.266323e-03
-2.662500e+00	3.222258e-03
-2.660000e+00	3.179084e-03
-2.657500e+00	3.136779e-03
-2.655000e+00	3.095319e-03
-2.652500e+00	3.054681e-03
-2.650000e+00	3.014845e-03
-2.647500e+00	2.975790e-03
-2.645000e+00	2.937494e-03
-2.642500e+00	2.899939e-03
-2.640000e+00	2.863105e-03
-2.637500e+00	2.826975e-03
-2.635000e+00	2.791529e-03
-2.632500e+00	2.756752e-03
-2.630000e+00	2.722627e-03
-2.627500e+00	2.689137e-03
-2.625000e+00	2.656267e-03
-2.622500e+00	2.624001e-03
-2.620000e+00	2.592325e-03
-2.617500e+00	2.561224e-03
-2.615000e+00	2.530685e-03
-2.612500e+00	2.500694e-03
-2.610000e+00	2.471239e-03
-2.607500e+00	2.442306e-03
-2.605000e+00	2.413883e-03
-2.602500e+00	2.385959e-03
-2.600000e+00	2.358521e-03
-2.597500e+00	2.331559e-03
-2.595000e+00	2.305061e-03
-2.592500e+00	2.279018e-03
-2.590000e+00	2.253418e-03
-2.587500e+00	2.228252e-03
-2.585000e+00	2.203510e-03
-2.582500e+00	2.179183e-03
-2.580000e+00	2.155260e-03
-2.577500e+00	2.131734e-03
-2.575000e+00	2.108596e-03
-2.572500e+00	2.085837e-03
-2.570000e+00	2.063449e-03
-2.567500e+00	2.041424e-03
-2.565000e+00	2.019754e-03
-2.562500e+00	1.998432e-03
-2.560000e+00	1.977450e-03
-2.557500e+00	1.956800e-03
-2.555000e+00	1.936477e-03
-2.552500e+00	1.916473e-03
-2.550000e+00	1.896782e-03
-2.547500e+00	1.877396e-03
-2.545000e+00	1.858311e-03
-2.542500e+00	1.839518e-03
-2.540000e+00	1.821014e-03
-2.537500e+00	1.802792e-03
-2.535000e+00	1.784845e-03
-2.532500e+00	1.767169e-03
-2.530000e+00	1.749758e-03
-2.527500e+00	1.732608e-03
-2.525000e+00	1.715712e-03
-2.522500e+00	1.699065e-03
-2.520000e+00	1.682664e-03
-2.517500e+00	1.666502e-03
-2.515000e+00	1.650576e-03
-2.512500e+00	1.634881e-03
-2.510000e+00	1.619413e-03
-2.507500e+00	1.604166e-03
-2.505000e+00	1.589138e-03
-2.502500e+00	1.574323e-03
-2.500000e+00	1.559718e-03
-2.497500e+00	1.545318e-03
-2.495000e+00	1.531121e-03
-2.492500e+00	1.517122e-03
-2.490000e+00	1.503317e-03
-2.487500e+00	1.489704e-03
-2.485000e+00	1.476277e-03
-2.482500e+00	1.463035e-03
-2.480000e+00	1.449974e-03
-2.477500e+00	1.437090e-03
-2.475000e+00	1.424380e-03
-2.472500e+00	1.411841e-03
-2.470000e+00	1.399471e-03
-2.467500e+00	1.387265e-03
-2.465000e+00	1.375222e-03
-2.462500e+00	1.363338e-03
-2.460000e+00	1.351610e-03
-2.457500e+00	1.340036e-03
-2.455000e+00	1.328614e-03
-2.452500e+00	1.317340e-03
-2.450000e+00	1.306212e-03
-2.447500e+00	1.295227e-03
-2.445000e+00	1.284383e-03
-2.442500e+00	1.273678e-03
-2.440000e+00	1.263109e-03
-2.437500e+00	1.252674e-03
-2.435000e+00	1.242371e-03
-2.432500e+00	1.232197e-03
-2.430000e+00	1.222150e-03
-2.427500e+00	1.212229e-03
-2.425000e+00	1.202431e-03
-2.422500e+00	1.192754e-03
-2.420000e+00	1.183196e-03
-2.417500e+00	1.173756e-03
-2.415000e+00	1.164431e-03
-2.412500e+00	1.155219e-03
-2.410000e+00	1.146119e-03
-2.407500e+00	1.137128e-03
-2.405000e+00	1.128246e-03
-2.402500e+00	1.119470e-03
-2.400000e+00	1.110799e-03
-2.397500e+00	1.102231e-03
-2.395000e+00	1.093764e-03
-2.392500e+00	1.085397e-03
-2.390000e+00	1.077128e-03
-2.387500e+00	1.068956e-03
-2.385000e+00	1.060879e-03
-2.382500e+00	1.052896e-03
-2.380000e+00	1.045005e-03
-2.377500e+00	1.037205e-03
-2.375000e+00	1.029494e-03
-2.372500e+00	1.021872e-03
-2.370000e+00	1.014337e-03
-2.367500e+00	1.006887e-03
-2.365000e+00	9.995210e-04
-2.362500e+00	9.922382e-04
-2.360000e+00	9.850372e-04
-2.357500e+00	9.779166e-04
-2.355000e+00	9.708754e-04
-2.352500e+00	9.639124e-04
-2.350000e+00	9.570263e-04
-2.347500e+00	9.502162e-04
-2.345000e+00	9.434808e-04
-2.342500e+00	9.368190e-04
-2.340000e+00	9.302300e-04
-2.337500e+00	9.237124e-04
-2.335000e+00	9.172654e-04
-2.332500e+00	9.108880e-04
-2.330000e+00	9.045791e-04
-2.327500e+00	8.983377e-04
-2.325000e+00	8.921630e-04
-2.322500e+00	8.860539e-04
-2.320000e+00	8.800096e-04
-2.317500e+00	8.740292e-04
-2.315000e+00	8.681116e-04
-2.312500e+00	8.622562e-04
-2.310000e+00	8.564619e-04
-2.307500e+00	8.507280e-04
-2.305000e+00	8.450537e-04
-2.302500e+00	8.394380e-04
-2.300000e+00	8.338803e-04
-2.297500e+00	8.283797e-04
-2.295000e+00	8.229354e-04
-2.292500e+00	8.175468e-04
-2.290000e+00	8.122129e-04
-2.287500e+00	8.069332e-04
-2.285000e+00	8.017068e-04
-2.282500e+00	7.965331e-04
-2.280000e+00	7.914113e-04
-2.277500e+00	7.863409e-04
-2.275000e+00	7.813210e-04
-2.272500e+00	7.763510e-04
-2.270000e+00	7.714303e-04
-2.267500e+00	7.665582e-04
-2.265000e+00	7.617341e-04
-2.262500e+00	7.569574e-04
-2.260000e+00	7.522274e-04
-2.257500e+00	7.475436e-04
-2.255000e+00	7.429053e-04
-2.252500e+00	7.383120e-04
-2.250000e+00	7.337631e-04
-2.247500e+00	7.292580e-04
-2.245000e+00	7.247962e-04
-2.242500e+00	7.203771e-04
-2.240000e+00	7.160001e-04
-2.237500e+00	7.116649e-04
-2.235000e+00	7.073707e-04
-2.232500e+00	7.031172e-04
-2.230000e+00	6.989038e-04
-2.227500e+00	6.947299e-04
-2.225000e+00	6.905952e-04
-2.222500e+00	6.864991e-04
-2.220000e+00	6.824412e-04
-2.217500e+00	6.784210e-04
-2.215000e+00	6.744380e-04
-2.212500e+00	6.704917e-04
-2.210000e+00	6.665818e-04
-2.207500e+00	6.627078e-04
-2.205000e+00	6.588692e-04
-2.202500e+00	6.550657e-04
-2.200000e+00	6.512967e-04
-2.197500e+00	6.475619e-04
-2.195000e+00	6.438609e-04
-2.192500e+00	6.401933e-04
-2.190000e+00	6.365587e-04
-2.187500e+00	6.329566e-04
-2.185000e+00	6.293868e-04
-2.182500e+00	6.258488e-04
-2.180000e+00	6.223422e-04
-2.177500e+00	6.188667e-04
-2.175000e+00	6.154220e-04
-2.172500e+00	6.120076e-04
-2.170000e+00	6.086232e-04
-2.167500e+00	6.052685e-04
-2.165000e+00	6.019431e-04
-2.162500e+00	5.986466e-04
-2.160000e+00	5.953789e-04
-2.157500e+00	5.921395e-04
-2.155000e+00	5.889280e-04
-2.152500e+00	5.857443e-04
-2.150000e+00	5.825879e-04
-2.147500e+00	5.794586e-04
-2.145000e+00	5.763561e-04
-2.142500e+00	5.732800e-04
-2.140000e+00	5.702300e-04
-2.137500e+00	5.672060e-04
-2.135000e+00	5.642075e-04
-2.132500e+00	5.612343e-04
-2.130000e+00	5.582861e-04
-2.127500e+00	5.553627e-04
-2.125000e+00	5.524638e-04
-2.122500e+00	5.495890e-04
-2.120000e+00	5.467382e-04
-2.117500e+00	5.439110e-04
-2.115000e+00	5.411073e-04
-2.112500e+00	5.383267e-04
-2.110000e+00	5.355690e-04
-2.107500e+00	5.328340e-04
-2.105000e+00	5.301215e-04
-2.102500e+00	5.274310e-04
-2.100000e+00	5.247626e-04
-2.097500e+00	5.221158e-04
-2.095000e+00	5.194905e-04
-2.092500e+00	5.168865e-04
-2.090000e+00	5.143035e-04
-2.087500e+00	5.117413e-04
-2.085000e+00	5.091996e-04
-2.082500e+00	5.066784e-04
-2.080000e+00	5.041773e-04
-2.077500e+00	5.016961e-04
-2.075000e+00	4.992346e-04
-2.072500e+00	4.967927e-04
-2.070000e+00	4.943701e-04
-2.067500e+00	4.919667e-04
-2.065000e+00	4.895821e-04
-2.062500e+00	4.872163e-04
-2.060000e+00	4.848691e-04
-2.057500e+00	4.825402e-04
-2.055000e+00	4.802294e-04
-2.052500e+00	4.779367e-04
-2.050000e+00	4.756617e-04
-2.047500e+00	4.734043e-04
-2.045000e+00	4.711644e-04
-2.042500e+00	4.689418e-04
-2.040000e+00	4.667362e-04
-2.037500e+00	4.645476e-04
-2.035000e+00	4.623757e-04
-2.032500e+00	4.602204e-04
-2.030000e+00	4.580815e-04
-2.027500e+00	4.559589e-04
-2.025000e+00	4.538524e-04
-2.022500e+00	4.517618e-04
-2.020000e+00	4.496870e-04
-2.017500e+00	4.476278e-04
-2.015000e+00	4.455841e-04
-2.012500e+00	4.435557e-04
-2.010000e+00	4.415425e-04
-2.007500e+00	4.395443e-04
-2.005000e+00	4.375609e-04
-2.002500e+00	4.355924e-04
-2.000000e+00	4.336384e-04
-1.997500e+00	4.316988e-04
-1.995000e+00	4.297736e-04
-1.992500e+00	4.278626e-04
-1.990000e+00	4.259656e-04
-1.987500e+00	4.240825e-04
-1.985000e+00	4.222131e-04
-1.982500e+00	4.203575e-04
-1.980000e+00	4.185153e-04
-1.977500e+00	4.166866e-04
-1.975000e+00	4.148711e-04
-1.972500e+00	4.130687e-04
-1.970000e+00	4.112794e-04
-1.967500e+00	4.095029e-04
-1.965000e+00	4.077392e-04
-1.962500e+00	4.059882e-04
-1.960000e+00	4.042498e-04
-1.957500e+00	4.025237e-04
-1.955000e+00	4.008100e-04
-1.952500e+00	3.991084e-04
-1.950000e+00	3.974190e-04
-1.947500e+00	3.957415e-04
-1.945000e+00	3.940759e-04
-1.942500e+00	3.924220e-04
-1.940000e+00	3.907798e-04
-1.937500e+00	3.891491e-04
-1.935000e+00	3.875299e-04
-1.932500e+00	3.859220e-04
-1.930000e+00	3.843254e-04
-1.927500e+00	3.827398e-04
-1.925000e+00	3.811654e-04
-1.922500e+00	3.796018e-04
-1.920000e+00	3.780491e-04
-1.917500e+00	3.765072e-04
-1.915000e+00	3.749758e-04
-1.912500e+00	3.734551e-04
-1.910000e+00	3.719448e-04
-1.907500e+00	3.704449e-04
-1.905000e+00	3.689552e-04
-1.902500e+00	3.674757e-04
-1.900000e+00	3.660064e-04
-1.897500e+00	3.645470e-04
-1.895000e+00	3.630976e-04
-1.892500e+00	3.616580e-04
-1.890000e+00	3.602282e-04
-1.887500e+00	3.588080e-04
-1.885000e+00	3.573974e-04
-1.882500e+00	3.559963e-04
-1.880000e+00	3.546047e-04
-1.877500e+00	3.532224e-04
-1.875000e+00	3.518493e-04
-1.872500e+00	3.504855e-04
-1.870000e+00	3.491307e-04
-1.867500e+00	3.477850e-04
-1.865000e+00	3.464482e-04
-1.862500e+00	3.451203e-04
-1.860000e+00	3.438012e-04
-1.857500e+00	3.424908e-04
-1.855000e+00	3.411891e-04
-1.852500e+00	3.398960e-04
-1.850000e+00	3.386113e-04
-1.847500e+00	3.373352e-04
-1.845000e+00	3.360674e-04
-1.842500e+00	3.348078e-04
-1.840000e+00	3.335566e-04
-1.837500e+00	3.323135e-04
-1.835000e+00	3.310785e-04
-1.832500e+00	3.298515e-04
-1.830000e+00	3.286325e-04
-1.827500e+00	3.274214e-04
-1.825000e+00	3.262181e-04
-1.822500e+00	3.250226e-04
-1.820000e+00	3.238349e-04
-1.817500e+00	3.226547e-04
-1.815000e+00	3.214822e-04
-1.812500e+00	3.203172e-04
-1.810000e+00	3.191597e-04
-1.807500e+00	3.180095e-04
-1.805000e+00	3.168667e-04
-1.802500e+00	3.157312e-04
-1.800000e+00	3.146030e-04
-1.797500e+00	3.134819e-04
-1.795000e+00	3.123679e-04
-1.792500e+00	3.112610e-04
-1.790000e+00	3.101611e-04
-1.787500e+00	3.090682e-04
-1.785000e+00	3.079821e-04
-1.782500e+00	3.069029e-04
-1.780000e+00	3.058305e-04
-1.777500e+00	3.047648e-04
-1.775000e+00	3.037059e-04
-1.772500e+00	3.026535e-04
-1.770000e+00	3.016077e-04
-1.767500e+00	3.005685e-04
-1.765000e+00	2.995358e-04
-1.762500e+00	2.985094e-04
-1.760000e+00	2.974895e-04
-1.757500e+00	2.964759e-04
-1.755000e+00	2.954686e-04
-1.752500e+00	2.944675e-04
-1.750000e+00	2.934726e-04
-1.747500e+00	2.924839e-04
-1.745000e+00	2.915013e-04
-1.742500e+00	2.905247e-04
-1.740000e+00	2.895541e-04
-1.737500e+00	2.885895e-04
-1.735000e+00	2.876309e-04
-1.732500e+00	2.866780e-04
-1.730000e+00	2.857311e-04
-1.727500e+00	2.847899e-04
-1.725000e+00	2.838545e-04
-1.722500e+00	2.829247e-04
-1.720000e+00	2.820007e-04
-1.717500e+00	2.810822e-04
-1.715000e+00	2.801693e-04
-1.712500e+00	2.792620e-04
-1.710000e+00	2.783602e-04
-1.707500e+00	2.774638e-04
-1.705000e+00	2.765729e-04
-1.702500e+00	2.756873e-04
-1.700000e+00	2.748071e-04
-1.697500e+00	2.739322e-04
-1.695000e+00	2.730625e-04
-1.692500e+00	2.721981e-04
-1.690000e+00	2.713389e-04
-1.687500e+00	2.704848e-04
-1.685000e+00	2.696359e-04
-1.682500e+00	2.687920e-04
-1.680000e+00	2.679532e-04
-1.677500e+00	2.671194e-04
-1.675000e+00	2.662906e-04
-1.672500e+00	2.654667e-04
-1.670000e+00	2.646477e-04
-1.667500e+00	2.638336e-04
-1.665000e+00	2.630243e-04
-1.662500e+00	2.622199e-04
-1.660000e+00	2.614202e-04
-1.657500e+00	2.606252e-04
-1.655000e+00	2.598350e-04
-1.652500e+00	2.590495e-04
-1.650000e+00	2.582685e-04
-1.647500e+00	2.574922e-04
-1.645000e+00	2.567205e-04
-1.642500e+00	2.559534e-04
-1.640000e+00	2.551907e-04
-1.637500e+00	2.544326e-04
-1.635000e+00	2.536789e-04
-1.632500e+00	2.529296e-04
-1.630000e+00	2.521848e-04
-1.627500e+00	2.514443e-04
-1.625000e+00	2.507081e-04
-1.622500e+00	2.499763e-04
-1.620000e+00	2.492488e-04
-1.617500e+00	2.485255e-04
-1.615000e+00	2.478064e-04
-1.612500e+00	2.470916e-04
-1.610000e+00	2.463809e-04
-1.607500e+00	2.456744e-04
-1.605000e+00	2.449720e-04
-1.602500e+00	2.442737e-04
-1.600000e+00	2.435794e-04
-1.597500e+00	2.428892e-04
-1.595000e+00	2.422031e-04
-1.592500e+00	2.415209e-04
-1.590000e+00	2.408426e-04
-1.587500e+00	2.401684e-04
-1.585000e+00	2.394980e-04
-1.582500e+00	2.388315e-04
-1.580000e+00	2.381690e-04
-1.577500e+00	2.375102e-04
-1.575000e+00	2.368553e-04
-1.572500e+00	2.362041e-04
-1.570000e+00	2.355568e-04
-1.567500e+00	2.349132e-04
-1.565000e+00	2.342733e-04
-1.562500e+00	2.336371e-04
-1.560000e+00	2.330046e-04
-1.557500e+00	2.323758e-04
-1.555000e+00	2.317506e-04
-1.552500e+00	2.311290e-04
-1.550000e+00	2.305110e-04
-1.547500e+00	2.298966e-04
-1.545000e+00	2.292857e-04
-1.542500e+00	2.286784e-04
-1.540000e+00	2.280746e-04
-1.537500e+00	2.274742e-04
-1.535000e+00	2.268774e-04
-1.532500e+00	2.262839e-04
-1.530000e+00	2.256940e-04
-1.527500e+00	2.251074e-04
-1.525000e+00	2.245242e-04
-1.522500e+00	2.239444e-04
-1.520000e+00	2.233679e-04
-1.517500e+00	2.227948e-04
-1.515000e+00	2.222249e-04
-1.512500e+00	2.216584e-04
-1.510000e+00	2.210952e-04
-1.507500e+00	2.205352e-04
-1.505000e+00	2.199784e-04
-1.502500e+00	2.194249e-04
-1.500000e+00	2.188745e-04
-1.497500e+00	2.183274e-04
-1.495000e+00	2.177834e-04
-1.492500e+00	2.172426e-04
-1.490000e+00	2.167049e-04
-1.487500e+00	2.161703e-04
-1.485000e+00	2.156388e-04
-1.482500e+00	2.151104e-04
-1.480000e+00	2.145851e-04
-1.477500e+00	2.140628e-04
-1.475000e+00	2.135436e-04
-1.472500e+00	2.130274e-04
-1.470000e+00	2.125141e-04
-1.467500e+00	2.120039e-04
-1.465000e+00	2.114967e-04
-1.462500e+00	2.109924e-04
-1.460000e+00	2.104910e-04
-1.457500e+00	2.099926e-04
-1.455000e+00	2.094971e-04
-1.452500e+00	2.090045e-04
-1.450000e+00	2.085147e-04
-1.447500e+00	2.080279e-04
-1.445000e+00	2.075438e-04
-1.442500e+00	2.070627e-04
-1.440000e+00	2.065843e-04
-1.437500e+00	2.061088e-04
-1.435000e+00	2.056361e-04
-1.432500e+00	2.051661e-04
-1.430000e+00	2.046990e-04
-1.427500e+00	2.042346e-04
-1.425000e+00	2.037729e-04
-1.422500e+00	2.033140e-04
-1.420000e+00	2.028578e-04
-1.417500e+00	2.024043e-04
-1.415000e+00	2.019535e-04
-1.412500e+00	2.015054e-04
-1.410000e+00	2.010600e-04
-1.407500e+00	2.006172e-04
-1.405000e+00	2.001771e-04
-1.402500e+00	1.997396e-04
-1.400000e+00	1.993047e-04
-1.397500e+00	1.988725e-04
-1.395000e+00	1.984429e-04
-1.392500e+00	1.980158e-04
-1.390000e+00	1.975914e-04
-1.387500e+00	1.971695e-04
-1.385000e+00	1.967501e-04
-1.382500e+00	1.963333e-04
-1.380000e+00	1.959191e-04
-1.377500e+00	1.955074e-04
-1.375000e+00	1.950982e-04
-1.372500e+00	1.946915e-04
-1.370000e+00	1.942873e-04
-1.367500e+00	1.938856e-04
-1.365000e+00	1.934864e-04
-1.362500e+00	1.930897e-04
-1.360000e+00	1.926954e-04
-1.357500e+00	1.923036e-04
-1.355000e+00	1.919142e-04
-1.352500e+00	1.915272e-04
-1.350000e+00	1.911427e-04
-1.347500e+00	1.907606e-04
-1.345000e+00	1.903809e-04
-1.342500e+00	1.900036e-04
-1.340000e+00	1.896287e-04
-1.337500e+00	1.892562e-04
-1.335000e+00	1.888861e-04
-1.332500e+00	1.885183e-04
-1.330000e+00	1.881529e-04
-1.327500e+00	1.877898e-04
-1.325000e+00	1.874291e-04
-1.322500e+00	1.870707e-04
-1.320000e+00	1.867147e-04
-1.317500e+00	1.863610e-04
-1.315000e+00	1.860096e-04
-1.312500e+00	1.856605e-04
-1.310000e+00	1.853137e-04
-1.307500e+00	1.849692e-04
-1.305000e+00	1.846270e-04
-1.302500e+00	1.842871e-04
-1.300000e+00	1.839495e-04
-1.297500e+00	1.836142e-04
-1.295000e+00	1.832811e-04
-1.292500e+00	1.829503e-04
-1.290000e+00	1.826217e-04
-1.287500e+00	1.822954e-04
-1.285000e+00	1.819713e-04
-1.282500e+00	1.816495e-04
-1.280000e+00	1.813299e-04
-1.277500e+00	1.810126e-04
-1.275000e+00	1.806974e-04
-1.272500e+00	1.803845e-04
-1.270000e+00	1.800738e-04
-1.267500e+00	1.797654e-04
-1.265000e+00	1.794591e-04
-1.262500e+00	1.791551e-04
-1.260000e+00	1.788532e-04
-1.257500e+00	1.785536e-04
-1.255000e+00	1.782561e-04
-1.252500e+00	1.779608e-04
-1.250000e+00	1.776678e-04
-1.247500e+00	1.773769e-04
-1.245000e+00	1.770882e-04
-1.242500e+00	1.768016e-04
-1.240000e+00	1.765173e-04
-1.237500e+00	1.762351e-04
-1.235000e+00	1.759551e-04
-1.232500e+00	1.756773e-04
-1.230000e+00	1.754016e-04
-1.227500e+00	1.751281e-04
-1.225000e+00	1.748568e-04
-1.222500e+00	1.745876e-04
-1.220000e+00	1.743206e-04
-1.217500e+00	1.740558e-04
-1.215000e+00	1.737931e-04
-1.212500e+00	1.735326e-04
-1.210000e+00	1.732742e-04
-1.207500e+00	1.730180e-04
-1.205000e+00	1.727640e-04
-1.202500e+00	1.725121e-04
-1.200000e+00	1.722624e-04
-1.197500e+00	1.720148e-04
-1.195000e+00	1.717694e-04
-1.192500e+00	1.715262e-04
-1.190000e+00	1.712851e-04
-1.187500e+00	1.710461e-04
-1.185000e+00	1.708094e-04
-1.182500e+00	1.705748e-04
-1.180000e+00	1.703424e-04
-1.177500e+00	1.701121e-04
-1.175000e+00	1.698840e-04
-1.172500e+00	1.696581e-04
-1.170000e+00	1.694343e-04
-1.167500e+00	1.692128e-04
-1.165000e+00	1.689934e-04
-1.162500e+00	1.687762e-04
-1.160000e+00	1.685612e-04
-1.157500e+00	1.683483e-04
-1.155000e+00	1.681377e-04
-1.152500e+00	1.679293e-04
-1.150000e+00	1.677230e-04
-1.147500e+00	1.675190e-04
-1.145000e+00	1.673172e-04
-1.142500e+00	1.671176e-04
-1.140000e+00	1.669202e-04
-1.137500e+00	1.667250e-04
-1.135000e+00	1.665321e-04
-1.132500e+00	1.663414e-04
-1.130000e+00	1.661530e-04
-1.127500e+00	1.659668e-04
-1.125000e+00	1.657829e-04
-1.122500e+00	1.656012e-04
-1.120000e+00	1.654218e-04
-1.117500e+00	1.652447e-04
-1.115000e+00	1.650698e-04
-1.112500e+00	1.648973e-04
-1.110000e+00	1.647271e-04
-1.107500e+00	1.645592e-04
-1.105000e+00	1.643936e-04
-1.102500e+00	1.642303e-04
-1.100000e+00	1.640694e-04
-1.097500e+00	1.639108e-04
-1.095000e+00	1.637546e-04
-1.092500e+00	1.636007e-04
-1.090000e+00	1.634493e-04
-1.087500e+00	1.633002e-04
-1.085000e+00	1.631536e-04
-1.082500e+00	1.630093e-04
-1.080000e+00	1.628675e-04
-1.077500e+00	1.627282e-04
-1.075000e+00	1.625913e-04
-1.072500e+00	1.624568e-04
-1.070000e+00	1.623249e-04
-1.067500e+00	1.621955e-04
-1.065000e+00	1.620685e-04
-1.062500e+00	1.619442e-04
-1.060000e+00	1.618223e-04
-1.057500e+00	1.617031e-04
-1.055000e+00	1.615864e-04
-1.052500e+00	1.614723e-04
-1.050000e+00	1.613608e-04
-1.047500e+00	1.612520e-04
-1.045000e+00	1.611458e-04
-1.042500e+00	1.610423e-04
-1.040000e+00	1.609415e-04
-1.037500e+00	1.608434e-04
-1.035000e+00	1.607480e-04
-1.032500e+00	1.606555e-04
-1.030000e+00	1.605657e-04
-1.027500e+00	1.604787e-04
-1.025000e+00	1.603945e-04
-1.022500e+00	1.603132e-04
-1.020000e+00	1.602347e-04
-1.017500e+00	1.601592e-04
-1.015000e+00	1.600866e-04
-1.012500e+00	1.600170e-04
-1.010000e+00	1.599504e-04
-1.007500e+00	1.598868e-04
-1.005000e+00	1.598262e-04
-1.002500e+00	1.597687e-04
-1.000000e+00	1.597143e-04
-9.975000e-01	1.596631e-04
-9.950000e-01	1.596151e-04
-9.925000e-01	1.595702e-04
-9.900000e-01	1.595286e-04
-9.875000e-01	1.594903e-04
-9.850000e-01	1.594553e-04
-9.825000e-01	1.594237e-04
-9.800000e-01	1.593955e-04
-9.775000e-01	1.593707e-04
-9.750000e-01	1.593494e-04
-9.725000e-01	1.593316e-04
-9.700000e-01	1.593174e-04
-9.675000e-01	1.593068e-04
-9.650000e-01	1.592998e-04
-9.625000e-01	1.592966e-04
-9.600000e-01	1.592971e-04
-9.575000e-01	1.593014e-04
-9.550000e-01	1.593096e-04
-9.525000e-01	1.593217e-04
-9.500000e-01	1.593378e-04
-9.475000e-01	1.593579e-04
-9.450000e-01	1.593821e-04
-9.425000e-01	1.594104e-04
-9.400000e-01	1.594430e-04
-9.375000e-01	1.594798e-04
-9.350000e-01	1.595210e-04
-9.325000e-01	1.595665e-04
-9.300000e-01	1.596166e-04
-9.275000e-01	1.596712e-04
-9.250000e-01	1.597304e-04
-9.225000e-01	1.597943e-04
-9.200000e-01	1.598630e-04
-9.175000e-01	1.599365e-04
-9.150000e-01	1.600150e-04
-9.125000e-01	1.600985e-04
-9.100000e-01	1.601872e-04
-9.075000e-01	1.602810e-04
-9.050000e-01	1.603802e-04
-9.025000e-01	1.604847e-04
-9.000000e-01	1.605948e-04
-8.975000e-01	1.607104e-04
-8.950000e-01	1.608318e-04
-8.925000e-01	1.609590e-04
-8.900000e-01	1.610922e-04
-8.875000e-01	1.612314e-04
-8.850000e-01	1.613768e-04
-8.825000e-01	1.615285e-04
-8.800000e-01	1.616867e-04
-8.775000e-01	1.618514e-04
-8.750000e-01	1.620229e-04
-8.725000e-01	1.622012e-04
-8.700000e-01	1.623865e-04
-8.675000e-01	1.625790e-04
-8.650000e-01	1.627788e-04
-8.625000e-01	1.629861e-04
-8.600000e-01	1.632011e-04
-8.575000e-01	1.634240e-04
-8.550000e-01	1.636548e-04
-8.525000e-01	1.638939e-04
-8.500000e-01	1.641414e-04
-8.475000e-01	1.643976e-04
-8.450000e-01	1.646626e-04
-8.425000e-01	1.649366e-04
-8.400000e-01	1.652200e-04
-8.375000e-01	1.655128e-04
-8.350000e-01	1.658155e-04
-8.325000e-01	1.661282e-04
-8.300000e-01	1.664513e-04
-8.275000e-01	1.667849e-04
-8.250000e-01	1.671294e-04
-8.225000e-01	1.674852e-04
-8.200000e-01	1.678524e-04
-8.175000e-01	1.682314e-04
-8.150000e-01	1.686227e-04
-8.125000e-01	1.690264e-04
-8.100000e-01	1.694431e-04
-8.075000e-01	1.698731e-04
-8.050000e-01	1.703168e-04
-8.025000e-01	1.707746e-04
-8.000000e-01	1.712469e-04
-7.975000e-01	1.717343e-04
-7.950000e-01	1.722373e-04
-7.925000e-01	1.727562e-04
-7.900000e-01	1.732917e-04
-7.875000e-01	1.738443e-04
-7.850000e-01	1.744145e-04
-7.825000e-01	1.750031e-04
-7.800000e-01	1.756105e-04
-7.775000e-01	1.762376e-04
-7.750000e-01	1.768849e-04
-7.725000e-01	1.775533e-04
-7.700000e-01	1.782435e-04
-7.675000e-01	1.789563e-04
-7.650000e-01	1.796926e-04
-7.625000e-01	1.804532e-04
-7.600000e-01	1.812391e-04
-7.575000e-01	1.820514e-04
-7.550000e-01	1.828910e-04
-7.525000e-01	1.837591e-04
-7.500000e-01	1.846568e-04
-7.475000e-01	1.855855e-04
-7.450000e-01	1.865463e-04
-7.425000e-01	1.875407e-04
-7.400000e-01	1.885701e-04
-7.375000e-01	1.896362e-04
-7.350000e-01	1.907405e-04
-7.325000e-01	1.918847e-04
-7.300000e-01	1.930709e-04
-7.275000e-01	1.943008e-04
-7.250000e-01	1.955767e-04
-7.225000e-01	1.969007e-04
-7.200000e-01	1.982753e-04
-7.175000e-01	1.997029e-04
-7.150000e-01	2.011863e-04
-7.125000e-01	2.027283e-04
-7.100000e-01	2.043321e-04
-7.075000e-01	2.060010e-04
-7.050000e-01	2.077386e-04
-7.025000e-01	2.095485e-04
-7.000000e-01	2.114350e-04
-6.975000e-01	2.134024e-04
-6.950000e-01	2.154555e-04
-6.925000e-01	2.175993e-04
-6.900000e-01	2.198395e-04
-6.875000e-01	2.221818e-04
-6.850000e-01	2.246327e-04
-6.825000e-01	2.271993e-04
-6.800000e-01	2.298891e-04
-6.775000e-01	2.327102e-04
-6.750000e-01	2.356717e-04
-6.725000e-01	2.387832e-04
-6.700000e-01	2.420554e-04
-6.675000e-01	2.454998e-04
-6.650000e-01	2.491293e-04
-6.625000e-01	2.529576e-04
-6.600000e-01	2.570002e-04
-6.575000e-01	2.612739e-04
-6.550000e-01	2.657973e-04
-6.525000e-01	2.705909e-04
-6.500000e-01	2.756774e-04
-6.475000e-01	2.810823e-04
-6.450000e-01	2.868334e-04
-6.425000e-01	2.929622e-04
-6.400000e-01	2.995037e-04
-6.375000e-01	3.064971e-04
-6.350000e-01	3.139866e-04
-6.325000e-01	3.220218e-04
-6.300000e-01	3.306589e-04
-6.275000e-01	3.399616e-04
-6.250000e-01	3.500024e-04
-6.225000e-01	3.608639e-04
-6.200000e-01	3.726408e-04
-6.175000e-01	3.854419e-04
-6.150000e-01	3.993930e-04
-6.125000e-01	4.146396e-04
-6.100000e-01	4.313514e-04
-6.075000e-01	4.497265e-04
-6.050000e-01	4.699980e-04
-6.025000e-01	4.924414e-04
-6.000000e-01	5.173839e-04
-5.975000e-01	5.452165e-04
-5.950000e-01	5.764097e-04
-5.925000e-01	6.115330e-04
-5.900000e-01	6.512811e-04
-5.875000e-01	6.965079e-04
-5.850000e-01	7.482714e-04
-5.825000e-01	8.078945e-04
-5.800000e-01	8.770468e-04
-5.775000e-01	9.578573e-04
-5.750000e-01	1.053070e-03
-5.725000e-01	1.166266e-03
-5.700000e-01	1.302170e-03
-5.675000e-01	1.467108e-03
-5.650000e-01	1.669662e-03
-5.625000e-01	1.921636e-03
-5.600000e-01	2.239493e-03
-5.575000e-01	2.646462e-03
-5.550000e-01	3.175564e-03
-5.525000e-01	3.873647e-03
-5.500000e-01	4.805641e-03
-5.475000e-01	6.055153e-03
-5.450000e-01	7.708306e-03
-5.425000e-01	9.787243e-03
-5.400000e-01	1.208410e-02
-5.375000e-01	1.395351e-02
-5.350000e-01	1.448715e-02
-5.325000e-01	1.335908e-02
-5.300000e-01	1.122608e-02
-5.275000e-01	8.966899e-03
-5.250000e-01	7.046642e-03
-5.225000e-01	5.559280e-03
-5.200000e-01	4.445167e-03
-5.175000e-01	3.615090e-03
-5.150000e-01	2.992002e-03
-5.125000e-01	2.518260e-03
-5.100000e-01	2.152797e-03
-5.075000e-01	1.866736e-03
-5.050000e-01	1.639726e-03
-5.025000e-01	1.457286e-03
-5.000000e-01	1.308984e-03
-4.975000e-01	1.187197e-03
-4.950000e-01	1.086281e-03
-4.925000e-01	1.002000e-03
-4.900000e-01	9.311328e-04
-4.875000e-01	8.712024e-04
-4.850000e-01	8.202823e-04
-4.825000e-01	7.768595e-04
-4.800000e-01	7.397342e-04
-4.775000e-01	7.079478e-04
-4.750000e-01	6.807281e-04
-4.725000e-01	6.574496e-04
-4.700000e-01	6.376025e-04
-4.675000e-01	6.207699e-04
-4.650000e-01	6.066097e-04
-4.625000e-01	5.948408e-04
-4.600000e-01	5.852322e-04
-4.575000e-01	5.775951e-04
-4.550000e-01	5.717756e-04
-4.525000e-01	5.676501e-04
-4.500000e-01	5.651210e-04
-4.475000e-01	5.641133e-04
-4.450000e-01	5.645728e-04
-4.425000e-01	5.664639e-04
-4.400000e-01	5.697683e-04
-4.375000e-01	5.744844e-04
-4.350000e-01	5.806269e-04
-4.325000e-01	5.882267e-04
-4.300000e-01	5.973314e-04
-4.275000e-01	6.080062e-04
-4.250000e-01	6.203350e-04
-4.225000e-01	6.344222e-04
-4.200000e-01	6.503953e-04
-4.175000e-01	6.684070e-04
-4.150000e-01	6.886397e-04
-4.125000e-01	7.113098e-04
-4.100000e-01	7.366732e-04
-4.075000e-01	7.650324e-04
-4.050000e-01	7.967456e-04
-4.025000e-01	8.322377e-04
-4.000000e-01	8.720137e-04
-3.975000e-01	9.166768e-04
-3.950000e-01	9.669502e-04
-3.925000e-01	1.023706e-03
-3.900000e-01	1.088000e-03
-3.875000e-01	1.161124e-03
-3.850000e-01	1.244662e-03
-3.825000e-01	1.340579e-03
-3.800000e-01	1.451327e-03
-3.775000e-01	1.579999e-03
-3.750000e-01	1.730531e-03
-3.725000e-01	1.907989e-03
-3.700000e-01	2.118966e-03
-3.675000e-01	2.372151e-03
-3.650000e-01	2.679139e-03
-3.625000e-01	3.055625e-03
-3.600000e-01	3.523141e-03
-3.575000e-01	4.111642e-03
-3.550000e-01	4.863311e-03
-3.525000e-01	5.838065e-03
-3.500000e-01	7.121031e-03
-3.475000e-01	8.831007e-03
-3.450000e-01	1.112409e-02
-3.425000e-01	1.417181e-02
-3.400000e-01	1.805780e-02
-3.375000e-01	2.249635e-02
-3.350000e-01	2.640865e-02
-3.325000e-01	2.803371e-02
-3.300000e-01	2.639893e-02
-3.275000e-01	2.248783e-02
-3.250000e-01	1.806041e-02
-3.225000e-01	1.418960e-02
-3.200000e-01	1.115747e-02
-3.175000e-01	8.879217e-03
-3.150000e-01	7.183264e-03
-3.125000e-01	5.913788e-03
-3.100000e-01	4.952290e-03
-3.075000e-01	4.213897e-03
-3.050000e-01	3.638900e-03
-3.025000e-01	3.185292e-03
-3.000000e-01	2.823269e-03
-2.975000e-01	2.531444e-03
-2.950000e-01	2.294268e-03
-2.925000e-01	2.100292e-03
-2.900000e-01	1.940989e-03
-2.875000e-01	1.809944e-03
-2.850000e-01	1.702290e-03
-2.825000e-01	1.614318e-03
-2.800000e-01	1.543197e-03
-2.775000e-01	1.486777e-03
-2.750000e-01	1.443453e-03
-2.725000e-01	1.412059e-03
-2.700000e-01	1.391804e-03
-2.675000e-01	1.382231e-03
-2.650000e-01	1.383188e-03
-2.625000e-01	1.394827e-03
-2.600000e-01	1.417615e-03
-2.575000e-01	1.452368e-03
-2.550000e-01	1.500303e-03
-2.525000e-01	1.563125e-03
-2.500000e-01	1.643144e-03
-2.475000e-01	1.743453e-03
-2.450000e-01	1.868173e-03
-2.425000e-01	2.022810e-03
-2.400000e-01	2.214762e-03
-2.375000e-01	2.454062e-03
-2.350000e-01	2.754470e-03
-2.325000e-01	3.135082e-03
-2.300000e-01	3.622714e-03
-2.275000e-01	4.255396e-03
-2.250000e-01	5.087280e-03
-2.225000e-01	6.194827e-03
-2.200000e-01	7.682057e-03
-2.175000e-01	9.675758e-03
-2.150000e-01	1.228284e-02
-2.125000e-01	1.544806e-02
-2.100000e-01	1.866177e-02
-2.075000e-01	2.076544e-02
-2.050000e-01	2.060173e-02
-2.025000e-01	1.826988e-02
-2.000000e-01	1.500206e-02
-1.975000e-01	1.188482e-02
-1.950000e-01	9.350640e-03
-1.925000e-01	7.420512e-03
-1.900000e-01	5.979872e-03
-1.875000e-01	4.903644e-03
-1.850000e-01	4.091378e-03
-1.825000e-01	3.469756e-03
-1.800000e-01	2.986935e-03
-1.775000e-01	2.606476e-03
-1.750000e-01	2.302621e-03
-1.725000e-01	2.056957e-03
-1.700000e-01	1.856151e-03
-1.675000e-01	1.690414e-03
-1.650000e-01	1.552460e-03
-1.625000e-01	1.436796e-03
-1.600000e-01	1.339228e-03
-1.575000e-01	1.256521e-03
-1.550000e-01	1.186152e-03
-1.525000e-01	1.126136e-03
-1.500000e-01	1.074897e-03
-1.475000e-01	1.031180e-03
-1.450000e-01	9.939758e-04
-1.425000e-01	9.624711e-04
-1.400000e-01	9.360111e-04
-1.375000e-01	9.140678e-04
-1.350000e-01	8.962181e-04
-1.325000e-01	8.821264e-04
-1.300000e-01	8.715313e-04
-1.275000e-01	8.642360e-04
-1.250000e-01	8.601005e-04
-1.225000e-01	8.590369e-04
-1.200000e-01	8.610062e-04
-1.175000e-01	8.660162e-04
-1.150000e-01	8.741217e-04
-1.125000e-01	8.854261e-04
-1.100000e-01	9.000840e-04
-1.075000e-01	9.183067e-04
-1.050000e-01	9.403685e-04
-1.025000e-01	9.666158e-04
-1.000000e-01	9.974802e-04
-9.750000e-02	1.033493e-03
-9.500000e-02	1.075308e-03
-9.250000e-02	1.123726e-03
-9.000000e-02	1.179731e-03
-8.750000e-02	1.244535e-03
-8.500000e-02	1.319640e-03
-8.250000e-02	1.406914e-03
-8.000000e-02	1.508705e-03
-7.750000e-02	1.627980e-03
-7.500000e-02	1.768526e-03
-7.250000e-02	1.935229e-03
-7.000000e-02	2.134458e-03
-6.750000e-02	2.374621e-03
-6.500000e-02	2.666957e-03
-6.250000e-02	3.026693e-03
-6.000000e-02	3.474750e-03
-5.750000e-02	4.040262e-03
-5.500000e-02	4.764289e-03
-5.250000e-02	5.705181e-03
-5.000000e-02	6.945805e-03
-4.750000e-02	8.601558e-03
-4.500000e-02	1.082309e-02
-4.250000e-02	1.377258e-02
-4.000000e-02	1.751740e-02
-3.750000e-02	2.174884e-02
-3.500000e-02	2.538287e-02
-3.250000e-02	2.673641e-02
-3.000000e-02	2.499064e-02
-2.750000e-02	2.118306e-02
-2.500000e-02	1.697632e-02
-2.250000e-02	1.333532e-02
-2.000000e-02	1.049404e-02
-1.750000e-02	8.360647e-03
-1.500000e-02	6.770999e-03
-1.250000e-02	5.578786e-03
-1.000000e-02	4.673397e-03
-7.500000e-03	3.975754e-03
-5.000000e-03	3.430224e-03
-2.500000e-03	2.997630e-03
9.379164e-13	2.650134e-03
2.500000e-03	2.367709e-03
5.000000e-03	2.135752e-03
7.500000e-03	1.943464e-03
1.000000e-02	1.782753e-03
1.250000e-02	1.647476e-03
1.500000e-02	1.532916e-03
1.750000e-02	1.435407e-03
2.000000e-02	1.352075e-03
2.250000e-02	1.280642e-03
2.500000e-02	1.219291e-03
2.750000e-02	1.166559e-03
3.000000e-02	1.121261e-03
3.250000e-02	1.082434e-03
3.500000e-02	1.049289e-03
3.750000e-02	1.021181e-03
4.000000e-02	9.975777e-04
4.250000e-02	9.780451e-04
4.500000e-02	9.622267e-04
4.750000e-02	9.498333e-04
5.000000e-02	9.406325e-04
5.250000e-02	9.344412e-04
5.500000e-02	9.311197e-04
5.750000e-02	9.305673e-04
6.000000e-02	9.327186e-04
6.250000e-02	9.375414e-04
6.500000e-02	9.450355e-04
6.750000e-02	9.552315e-04
7.000000e-02	9.681913e-04
7.250000e-02	9.840092e-04
7.500000e-02	1.002813e-03
7.750000e-02	1.024767e-03
8.000000e-02	1.050076e-03
8.250000e-02	1.078988e-03
8.500000e-02	1.111802e-03
8.750000e-02	1.148873e-03
9.000000e-02	1.190624e-03
9.250000e-02	1.237556e-03
9.500000e-02	1.290260e-03
9.750000e-02	1.349437e-03
1.000000e-01	1.415919e-03
1.025000e-01	1.490697e-03
1.050000e-01	1.574955e-03
1.075000e-01	1.670115e-03
1.100000e-01	1.777891e-03
1.125000e-01	1.900366e-03
1.150000e-01	2.040086e-03
1.175000e-01	2.200182e-03
1.200000e-01	2.384539e-03
1.225000e-01	2.598019e-03
1.250000e-01	2.846756e-03
1.275000e-01	3.138578e-03
1.300000e-01	3.483572e-03
1.325000e-01	3.894893e-03
1.350000e-01	4.389908e-03
1.375000e-01	4.991846e-03
1.400000e-01	5.732207e-03
1.425000e-01	6.654303e-03
1.450000e-01	7.818503e-03
1.475000e-01	9.309953e-03
1.500000e-01	1.124969e-02
1.525000e-01	1.380947e-02
1.550000e-01	1.722782e-02
1.575000e-01	2.181342e-02
1.600000e-01	2.788966e-02
1.625000e-01	3.555933e-02
1.650000e-01	4.410465e-02
1.675000e-01	5.120019e-02
1.700000e-01	5.345321e-02
1.725000e-01	4.948806e-02
1.750000e-01	4.162859e-02
1.775000e-01	3.318093e-02
1.800000e-01	2.595396e-02
1.825000e-01	2.034009e-02
1.850000e-01	1.612973e-02
1.875000e-01	1.299083e-02
1.900000e-01	1.063346e-02
1.925000e-01	8.839935e-03
1.950000e-01	7.454972e-03
1.975000e-01	6.369367e-03
2.000000e-01	5.506170e-03
2.025000e-01	4.810653e-03
2.050000e-01	4.243403e-03
2.075000e-01	3.775641e-03
2.100000e-01	3.386061e-03
2.125000e-01	3.058675e-03
2.150000e-01	2.781331e-03
2.175000e-01	2.544682e-03
2.200000e-01	2.341459e-03
2.225000e-01	2.165947e-03
2.250000e-01	2.013613e-03
2.275000e-01	1.880832e-03
2.300000e-01	1.764680e-03
2.325000e-01	1.662783e-03
2.350000e-01	1.573205e-03
2.375000e-01	1.494358e-03
2.400000e-01	1.424937e-03
2.425000e-01	1.363868e-03
2.450000e-01	1.310266e-03
2.475000e-01	1.263410e-03
2.500000e-01	1.222715e-03
2.525000e-01	1.187717e-03
2.550000e-01	1.158057e-03
2.575000e-01	1.133479e-03
2.600000e-01	1.113821e-03
2.625000e-01	1.099016e-03
2.650000e-01	1.089095e-03
2.675000e-01	1.084199e-03
2.700000e-01	1.084593e-03
2.725000e-01	1.090683e-03
2.750000e-01	1.103058e-03
2.775000e-01	1.122529e-03
2.800000e-01	1.150198e-03
2.825000e-01	1.187551e-03
2.850000e-01	1.236594e-03
2.875000e-01	1.300042e-03
2.900000e-01	1.381613e-03
2.925000e-01	1.486434e-03
2.950000e-01	1.621668e-03
2.975000e-01	1.797425e-03
3.000000e-01	2.028082e-03
3.025000e-01	2.334079e-03
3.050000e-01	2.743963e-03
3.075000e-01	3.295281e-03
3.100000e-01	4.029431e-03
3.125000e-01	4.967069e-03
3.150000e-01	6.040847e-03
3.175000e-01	6.993279e-03
3.200000e-01	7.400852e-03
3.225000e-01	7.025577e-03
3.250000e-01	6.100511e-03
3.275000e-01	5.050089e-03
3.300000e-01	4.135150e-03
3.325000e-01	3.425358e-03
3.350000e-01	2.901207e-03
3.375000e-01	2.521986e-03
3.400000e-01	2.250796e-03
3.425000e-01	2.059881e-03
3.450000e-01	1.929809e-03
3.475000e-01	1.847498e-03
3.500000e-01	1.804499e-03
3.525000e-01	1.795779e-03
3.550000e-01	1.818964e-03
3.575000e-01	1.873934e-03
3.600000e-01	1.962718e-03
3.625000e-01	2.089658e-03
3.650000e-01	2.261862e-03
3.675000e-01	2.490035e-03
3.700000e-01	2.789798e-03
3.725000e-01	3.183724e-03
3.750000e-01	3.704323e-03
3.775000e-01	4.398181e-03
3.800000e-01	5.330772e-03
3.825000e-01	6.589025e-03
3.850000e-01	8.271003e-03
3.875000e-01	1.043306e-02
3.900000e-01	1.294014e-02
3.925000e-01	1.522330e-02
3.950000e-01	1.628996e-02
3.975000e-01	1.550409e-02
4.000000e-01	1.333863e-02
4.025000e-01	1.080114e-02
4.050000e-01	8.549086e-03
4.075000e-01	6.773009e-03
4.100000e-01	5.434542e-03
4.125000e-01	4.436785e-03
4.150000e-01	3.689239e-03
4.175000e-01	3.122455e-03
4.200000e-01	2.686527e-03
4.225000e-01	2.346306e-03
4.250000e-01	2.077057e-03
4.275000e-01	1.861230e-03
4.300000e-01	1.686224e-03
4.325000e-01	1.542866e-03
4.350000e-01	1.424388e-03
4.375000e-01	1.325727e-03
4.400000e-01	1.243046e-03
4.425000e-01	1.173405e-03
4.450000e-01	1.114524e-03
4.475000e-01	1.064617e-03
4.500000e-01	1.022273e-03
4.525000e-01	9.863672e-04
4.550000e-01	9.559980e-04
4.575000e-01	9.304372e-04
4.600000e-01	9.090945e-04
4.625000e-01	8.914893e-04
4.650000e-01	8.772303e-04
4.675000e-01	8.659986e-04
4.700000e-01	8.575352e-04
4.725000e-01	8.516312e-04
4.750000e-01	8.481199e-04
4.775000e-01	8.468711e-04
4.800000e-01	8.477861e-04
4.825000e-01	8.507943e-04
4.850000e-01	8.558505e-04
4.875000e-01	8.629325e-04
4.900000e-01	8.720403e-04
4.925000e-01	8.831950e-04
4.950000e-01	8.964384e-04
4.975000e-01	9.118333e-04
5.000000e-01	9.294641e-04
5.025000e-01	9.494376e-04
5.050000e-01	9.718851e-04
5.075000e-01	9.969638e-04
5.100000e-01	1.024860e-03
5.125000e-01	1.055792e-03
5.150000e-01	1.090015e-03
5.175000e-01	1.127825e-03
5.200000e-01	1.169566e-03
5.225000e-01	1.215636e-03
5.250000e-01	1.266498e-03
5.275000e-01	1.322691e-03
5.300000e-01	1.384839e-03
5.325000e-01	1.453677e-03
5.350000e-01	1.530060e-03
5.375000e-01	1.615000e-03
5.400000e-01	1.709689e-03
5.425000e-01	1.815545e-03
5.450000e-01	1.934258e-03
5.475000e-01	2.067859e-03
5.500000e-01	2.218801e-03
5.525000e-01	2.390068e-03
5.550000e-01	2.585314e-03
5.575000e-01	2.809049e-03
5.600000e-01	3.066892e-03
5.625000e-01	3.365897e-03
5.650000e-01	3.715015e-03
5.675000e-01	4.125718e-03
5.700000e-01	4.612881e-03
5.725000e-01	5.196016e-03
5.750000e-01	5.901054e-03
5.775000e-01	6.762922e-03
5.800000e-01	7.829316e-03
5.825000e-01	9.166285e-03
5.850000e-01	1.086648e-02
5.875000e-01	1.306121e-02
5.900000e-01	1.593726e-02
5.925000e-01	1.975774e-02
5.950000e-01	2.487823e-02
5.975000e-01	3.172424e-02
6.000000e-01	4.062818e-02
6.025000e-01	5.130990e-02
6.050000e-01	6.186992e-02
6.075000e-01	6.829310e-02
6.100000e-01	6.696635e-02
6.125000e-01	5.871127e-02
6.150000e-01	4.776423e-02
6.175000e-01	3.754650e-02
6.200000e-01	2.931692e-02
6.225000e-01	2.307039e-02
6.250000e-01	1.841071e-02
6.275000e-01	1.492697e-02
6.300000e-01	1.229377e-02
6.325000e-01	1.027478e-02
6.350000e-01	8.703129e-03
6.375000e-01	7.461492e-03
6.400000e-01	6.466848e-03
6.425000e-01	5.659780e-03
6.450000e-01	4.997194e-03
6.475000e-01	4.447393e-03
6.500000e-01	3.986743e-03
6.525000e-01	3.597386e-03
6.550000e-01	3.265661e-03
6.575000e-01	2.980991e-03
6.600000e-01	2.735103e-03
6.625000e-01	2.521455e-03
6.650000e-01	2.334831e-03
6.675000e-01	2.171035e-03
6.700000e-01	2.026664e-03
6.725000e-01	1.898945e-03
6.750000e-01	1.785603e-03
6.775000e-01	1.684762e-03
6.800000e-01	1.594875e-03
6.825000e-01	1.514665e-03
6.850000e-01	1.443083e-03
6.875000e-01	1.379275e-03
6.900000e-01	1.322565e-03
6.925000e-01	1.272437e-03
6.950000e-01	1.228542e-03
6.975000e-01	1.190697e-03
7.000000e-01	1.158919e-03
7.025000e-01	1.133467e-03
7.050000e-01	1.114912e-03
7.075000e-01	1.104254e-03
7.100000e-01	1.103077e-03
7.125000e-01	1.113731e-03
7.150000e-01	1.139438e-03
7.175000e-01	1.183885e-03
7.200000e-01	1.249178e-03
7.225000e-01	1.330006e-03
7.250000e-01	1.404127e-03
7.275000e-01	1.432573e-03
7.300000e-01	1.390005e-03
7.325000e-01	1.294554e-03
7.350000e-01	1.185704e-03
7.375000e-01	1.089399e-03
7.400000e-01	1.013217e-03
7.425000e-01	9.556865e-04
7.450000e-01	9.130134e-04
7.475000e-01	8.816571e-04
7.500000e-01	8.589154e-04
7.525000e-01	8.428692e-04
7.550000e-01	8.321963e-04
7.575000e-01	8.260024e-04
7.600000e-01	8.236961e-04
7.625000e-01	8.249043e-04
7.650000e-01	8.294154e-04
7.675000e-01	8.371438e-04
7.700000e-01	8.481076e-04
7.725000e-01	8.624173e-04
7.750000e-01	8.802708e-04
7.775000e-01	9.019560e-04
7.800000e-01	9.278578e-04
7.825000e-01	9.584718e-04
7.850000e-01	9.944237e-04
7.875000e-01	1.036497e-03
7.900000e-01	1.085671e-03
7.925000e-01	1.143169e-03
7.950000e-01	1.210533e-03
7.975000e-01	1.289707e-03
8.000000e-01	1.383173e-03
8.025000e-01	1.494124e-03
8.050000e-01	1.626709e-03
8.075000e-01	1.786385e-03
8.100000e-01	1.980415e-03
8.125000e-01	2.218601e-03
8.150000e-01	2.514344e-03
8.175000e-01	2.886226e-03
8.200000e-01	3.360341e-03
8.225000e-01	3.973693e-03
8.250000e-01	4.778920e-03
8.275000e-01	5.850046e-03
8.300000e-01	7.286600e-03
8.325000e-01	9.205880e-03
8.350000e-01	1.169341e-02
8.375000e-01	1.465035e-02
8.400000e-01	1.751136e-02
8.425000e-01	1.914492e-02
8.450000e-01	1.861691e-02
8.475000e-01	1.625334e-02
8.500000e-01	1.323738e-02
8.525000e-01	1.046579e-02
8.550000e-01	8.248477e-03
8.575000e-01	6.569903e-03
8.600000e-01	5.318768e-03
8.625000e-01	4.383490e-03
8.650000e-01	3.676583e-03
8.675000e-01	3.134722e-03
8.700000e-01	2.713233e-03
8.725000e-01	2.380705e-03
8.750000e-01	2.114898e-03
8.775000e-01	1.899882e-03
8.800000e-01	1.724096e-03
8.825000e-01	1.579031e-03
8.850000e-01	1.458339e-03
8.875000e-01	1.357222e-03
8.900000e-01	1.272011e-03
8.925000e-01	1.199866e-03
8.950000e-01	1.138569e-03
8.975000e-01	1.086368e-03
9.000000e-01	1.041868e-03
9.025000e-01	1.003954e-03
9.050000e-01	9.717214e-04
9.075000e-01	9.444401e-04
9.100000e-01	9.215133e-04
9.125000e-01	9.024536e-04
9.150000e-01	8.868623e-04
9.175000e-01	8.744135e-04
9.200000e-01	8.648417e-04
9.225000e-01	8.579321e-04
9.250000e-01	8.535130e-04
9.275000e-01	8.514501e-04
9.300000e-01	8.516417e-04
9.325000e-01	8.540150e-04
9.350000e-01	8.585237e-04
9.375000e-01	8.651459e-04
9.400000e-01	8.738831e-04
9.425000e-01	8.847589e-04
9.450000e-01	8.978194e-04
9.475000e-01	9.131332e-04
9.500000e-01	9.307922e-04
9.525000e-01	9.509132e-04
9.550000e-01	9.736392e-04
9.575000e-01	9.991427e-04
9.600000e-01	1.027628e-03
9.625000e-01	1.059335e-03
9.650000e-01	1.094547e-03
9.675000e-01	1.133590e-03
9.700000e-01	1.176849e-03
9.725000e-01	1.224768e-03
9.750000e-01	1.277868e-03
9.775000e-01	1.336756e-03
9.800000e-01	1.402144e-03
9.825000e-01	1.474868e-03
9.850000e-01	1.555913e-03
9.875000e-01	1.646449e-03
9.900000e-01	1.747865e-03
9.925000e-01	1.861825e-03
9.950000e-01	1.990332e-03
9.975000e-01	2.135810e-03
1.000000e+00	2.301217e-03
1.002500e+00	2.490185e-03
1.005000e+00	2.707210e-03
1.007500e+00	2.957911e-03
1.010000e+00	3.249368e-03
1.012500e+00	3.590594e-03
1.015000e+00	3.993191e-03
1.017500e+00	4.472259e-03
1.020000e+00	5.047698e-03
1.022500e+00	5.746077e-03
1.025000e+00	6.603358e-03
1.027500e+00	7.668892e-03
1.030000e+00	9.011347e-03
1.032500e+00	1.072744e-02
1.035000e+00	1.295455e-02
1.037500e+00	1.588786e-02
1.040000e+00	1.979966e-02
1.042500e+00	2.504734e-02
1.045000e+00	3.202231e-02
1.047500e+00	4.091074e-02
1.050000e+00	5.104522e-02
1.052500e+00	5.993807e-02
1.055000e+00	6.356297e-02
1.057500e+00	5.974136e-02
1.060000e+00	5.076234e-02
1.062500e+00	4.064184e-02
1.065000e+00	3.180739e-02
1.067500e+00	2.488869e-02
1.070000e+00	1.968728e-02
1.072500e+00	1.581078e-02
1.075000e+00	1.290403e-02
1.077500e+00	1.069721e-02
1.080000e+00	8.997097e-03
1.082500e+00	7.667733e-03
1.085000e+00	6.613422e-03
1.087500e+00	5.766231e-03
1.090000e+00	5.077356e-03
1.092500e+00	4.511271e-03
1.095000e+00	4.041778e-03
1.097500e+00	3.649321e-03
1.100000e+00	3.319151e-03
1.102500e+00	3.040053e-03
1.105000e+00	2.803473e-03
1.107500e+00	2.602898e-03
1.110000e+00	2.433448e-03
1.112500e+00	2.291609e-03
1.115000e+00	2.175087e-03
1.117500e+00	2.082777e-03
1.120000e+00	2.014815e-03
1.122500e+00	1.972667e-03
1.125000e+00	1.958999e-03
1.127500e+00	1.976617e-03
1.130000e+00	2.024789e-03
1.132500e+00	2.091230e-03
1.135000e+00	2.145445e-03
1.137500e+00	2.154463e-03
1.140000e+00	2.120276e-03
1.142500e+00	2.082694e-03
1.145000e+00	2.083481e-03
1.147500e+00	2.149070e-03
1.150000e+00	2.296669e-03
1.152500e+00	2.539801e-03
1.155000e+00	2.880134e-03
1.157500e+00	3.277450e-03
1.160000e+00	3.608400e-03
1.162500e+00	3.693472e-03
1.165000e+00	3.457622e-03
1.167500e+00	3.020293e-03
1.170000e+00	2.554338e-03
1.172500e+00	2.154862e-03
1.175000e+00	1.842528e-03
1.177500e+00	1.606221e-03
1.180000e+00	1.428338e-03
1.182500e+00	1.293504e-03
1.185000e+00	1.190163e-03
1.187500e+00	1.110073e-03
1.190000e+00	1.047443e-03
1.192500e+00	9.982032e-04
1.195000e+00	9.594756e-04
1.197500e+00	9.292121e-04
1.200000e+00	9.059479e-04
1.202500e+00	8.886362e-04
1.205000e+00	8.765376e-04
1.207500e+00	8.691452e-04
1.210000e+00	8.661349e-04
1.212500e+00	8.673330e-04
1.215000e+00	8.726964e-04
1.217500e+00	8.823028e-04
1.220000e+00	8.963490e-04
1.222500e+00	9.151571e-04
1.225000e+00	9.391879e-04
1.227500e+00	9.690633e-04
1.230000e+00	1.005599e-03
1.232500e+00	1.049853e-03
1.235000e+00	1.103188e-03
1.237500e+00	1.167364e-03
1.240000e+00	1.244663e-03
1.242500e+00	1.338068e-03
1.245000e+00	1.451511e-03
1.247500e+00	1.590240e-03
1.250000e+00	1.761335e-03
1.252500e+00	1.974484e-03
1.255000e+00	2.243114e-03
1.257500e+00	2.586072e-03
1.260000e+00	3.030080e-03
1.262500e+00	3.613161e-03
1.265000e+00	4.388880e-03
1.267500e+00	5.429640e-03
1.270000e+00	6.822084e-03
1.272500e+00	8.633906e-03
1.275000e+00	1.080808e-02
1.277500e+00	1.295783e-02
1.280000e+00	1.426550e-02
1.282500e+00	1.399521e-02
1.285000e+00	1.231412e-02
1.287500e+00	1.008495e-02
1.290000e+00	8.004497e-03
1.292500e+00	6.329183e-03
1.295000e+00	5.057992e-03
1.297500e+00	4.110245e-03
1.300000e+00	3.402257e-03
1.302500e+00	2.867767e-03
1.305000e+00	2.458648e-03
1.307500e+00	2.140921e-03
1.310000e+00	1.890700e-03
1.312500e+00	1.691085e-03
1.315000e+00	1.529987e-03
1.317500e+00	1.398639e-03
1.320000e+00	1.290599e-03
1.322500e+00	1.201069e-03
1.325000e+00	1.126428e-03
1.327500e+00	1.063909e-03
1.330000e+00	1.011380e-03
1.332500e+00	9.671744e-04
1.335000e+00	9.299851e-04
1.337500e+00	8.987742e-04
1.340000e+00	8.727150e-04
1.342500e+00	8.511449e-04
1.345000e+00	8.335319e-04
1.347500e+00	8.194480e-04
1.350000e+00	8.085503e-04
1.352500e+00	8.005654e-04
1.355000e+00	7.952781e-04
1.357500e+00	7.925222e-04
1.360000e+00	7.921744e-04
1.362500e+00	7.941487e-04
1.365000e+00	7.983932e-04
1.367500e+00	8.048870e-04
1.370000e+00	8.136392e-04
1.372500e+00	8.246880e-04
1.375000e+00	8.381008e-04
1.377500e+00	8.539752e-04
1.380000e+00	8.724408e-04
1.382500e+00	8.936622e-04
1.385000e+00	9.178422e-04
1.387500e+00	9.452270e-04
1.390000e+00	9.761121e-04
1.392500e+00	1.010851e-03
1.395000e+00	1.049864e-03
1.397500e+00	1.093651e-03
1.400000e+00	1.142809e-03
1.402500e+00	1.198050e-03
1.405000e+00	1.260225e-03
1.407500e+00	1.330361e-03
1.410000e+00	1.409698e-03
1.412500e+00	1.499746e-03
1.415000e+00	1.602351e-03
1.417500e+00	1.719793e-03
1.420000e+00	1.854908e-03
1.422500e+00	2.011250e-03
1.425000e+00	2.193325e-03
1.427500e+00	2.406898e-03
1.430000e+00	2.659428e-03
1.432500e+00	2.960690e-03
1.435000e+00	3.323646e-03
1.437500e+00	3.765728e-03
1.440000e+00	4.310702e-03
1.442500e+00	4.991431e-03
1.445000e+00	5.853950e-03
1.447500e+00	6.963433e-03
1.450000e+00	8.412566e-03
1.452500e+00	1.033202e-02
1.455000e+00	1.289907e-02
1.457500e+00	1.632840e-02
1.460000e+00	2.079647e-02
1.462500e+00	2.619357e-02
1.465000e+00	3.162470e-02
1.467500e+00	3.510793e-02
1.470000e+00	3.473473e-02
1.472500e+00	3.076331e-02
1.475000e+00	2.529824e-02
1.477500e+00	2.013650e-02
1.480000e+00	1.597453e-02
1.482500e+00	1.283514e-02
1.485000e+00	1.052433e-02
1.487500e+00	8.834792e-03
1.490000e+00	7.602063e-03
1.492500e+00	6.708084e-03
1.495000e+00	6.071825e-03
1.497500e+00	5.639546e-03
1.500000e+00	5.377567e-03
1.502500e+00	5.267658e-03
1.505000e+00	5.304623e-03
1.507500e+00	5.495767e-03
1.510000e+00	5.862144e-03
1.512500e+00	6.441704e-03
1.515000e+00	7.294450e-03
1.517500e+00	8.508978e-03
1.520000e+00	1.020656e-02
1.522500e+00	1.252866e-02
1.525000e+00	1.556763e-02
1.527500e+00	1.916265e-02
1.530000e+00	2.254589e-02
1.532500e+00	2.428478e-02
1.535000e+00	2.333035e-02
1.537500e+00	2.023504e-02
1.540000e+00	1.647408e-02
1.542500e+00	1.308275e-02
1.545000e+00	1.038963e-02
1.547500e+00	8.355628e-03
1.550000e+00	6.840710e-03
1.552500e+00	5.709935e-03
1.555000e+00	4.859057e-03
1.557500e+00	4.213436e-03
1.560000e+00	3.721228e-03
1.562500e+00	3.347048e-03
1.565000e+00	3.067350e-03
1.567500e+00	2.867433e-03
1.570000e+00	2.739705e-03
1.572500e+00	2.682914e-03
1.575000e+00	2.701958e-03
1.577500e+00	2.807476e-03
1.580000e+00	3.012797e-03
1.582500e+00	3.322093e-03
1.585000e+00	3.699579e-03
1.587500e+00	4.025543e-03
1.590000e+00	4.114236e-03
1.592500e+00	3.872865e-03
1.595000e+00	3.412306e-03
1.597500e+00	2.914128e-03
1.600000e+00	2.484496e-03
1.602500e+00	2.149400e-03
1.605000e+00	1.898992e-03
1.607500e+00	1.715587e-03
1.610000e+00	1.583697e-03
1.612500e+00	1.492104e-03
1.615000e+00	1.433528e-03
1.617500e+00	1.403907e-03
1.620000e+00	1.401884e-03
1.622500e+00	1.428621e-03
1.625000e+00	1.487972e-03
1.627500e+00	1.587026e-03
1.630000e+00	1.737013e-03
1.632500e+00	1.954348e-03
1.635000e+00	2.260816e-03
1.637500e+00	2.679487e-03
1.640000e+00	3.217576e-03
1.642500e+00	3.822710e-03
1.645000e+00	4.325239e-03
1.647500e+00	4.476788e-03
1.650000e+00	4.175189e-03
1.652500e+00	3.589113e-03
1.655000e+00	2.960461e-03
1.657500e+00	2.422082e-03
1.660000e+00	2.002990e-03
1.662500e+00	1.687933e-03
1.665000e+00	1.452621e-03
1.667500e+00	1.275842e-03
1.670000e+00	1.141690e-03
1.672500e+00	1.038861e-03
1.675000e+00	9.594579e-04
1.677500e+00	8.979947e-04
1.680000e+00	8.506658e-04
1.682500e+00	8.148577e-04
1.685000e+00	7.888282e-04
1.687500e+00	7.715048e-04
1.690000e+00	7.623715e-04
1.692500e+00	7.614238e-04
1.695000e+00	7.691866e-04
1.697500e+00	7.867976e-04
1.700000e+00	8.161733e-04
1.702500e+00	8.602805e-04
1.705000e+00	9.235488e-04
1.707500e+00	1.012437e-03
1.710000e+00	1.136061e-03
1.712500e+00	1.306380e-03
1.715000e+00	1.536202e-03
1.717500e+00	1.830430e-03
1.720000e+00	2.163158e-03
1.722500e+00	2.445917e-03
1.725000e+00	2.543947e-03
1.727500e+00	2.394953e-03
1.730000e+00	2.084756e-03
1.732500e+00	1.745822e-03
1.735000e+00	1.453651e-03
1.737500e+00	1.225955e-03
1.740000e+00	1.055062e-03
1.742500e+00	9.278105e-04
1.745000e+00	8.325446e-04
1.747500e+00	7.604727e-04
1.750000e+00	7.053144e-04
1.752500e+00	6.626531e-04
1.755000e+00	6.293799e-04
1.757500e+00	6.032879e-04
1.760000e+00	5.827927e-04
1.762500e+00	5.667423e-04
1.765000e+00	5.542899e-04
1.767500e+00	5.448062e-04
1.770000e+00	5.378197e-04
1.772500e+00	5.329754e-04
1.775000e+00	5.300054e-04
1.777500e+00	5.287087e-04
1.780000e+00	5.289355e-04
1.782500e+00	5.305778e-04
1.785000e+00	5.335607e-04
1.787500e+00	5.378376e-04
1.790000e+00	5.433860e-04
1.792500e+00	5.502052e-04
1.795000e+00	5.583148e-04
1.797500e+00	5.677535e-04
1.800000e+00	5.785800e-04
1.802500e+00	5.908729e-04
1.805000e+00	6.047327e-04
1.807500e+00	6.202842e-04
1.810000e+00	6.376791e-04
1.812500e+00	6.571007e-04
1.815000e+00	6.787689e-04
1.817500e+00	7.029478e-04
1.820000e+00	7.299541e-04
1.822500e+00	7.601693e-04
1.825000e+00	7.940548e-04
1.827500e+00	8.321712e-04
1.830000e+00	8.752050e-04
1.832500e+00	9.240028e-04
1.835000e+00	9.796176e-04
1.837500e+00	1.043372e-03
1.840000e+00	1.116945e-03
1.842500e+00	1.202491e-03
1.845000e+00	1.302809e-03
1.847500e+00	1.421588e-03
1.850000e+00	1.563751e-03
1.852500e+00	1.735967e-03
1.855000e+00	1.947407e-03
1.857500e+00	2.210851e-03
1.860000e+00	2.544310e-03
1.862500e+00	2.973310e-03
1.865000e+00	3.533738e-03
1.867500e+00	4.274208e-03
1.870000e+00	5.253636e-03
1.872500e+00	6.520936e-03
1.875000e+00	8.048180e-03
1.877500e+00	9.595665e-03
1.880000e+00	1.062917e-02
1.882500e+00	1.063196e-02
1.885000e+00	9.673147e-03
1.887500e+00	8.325417e-03
1.890000e+00	7.081478e-03
1.892500e+00	6.137026e-03
1.895000e+00	5.506209e-03
1.897500e+00	5.146458e-03
1.900000e+00	5.014889e-03
1.902500e+00	5.085126e-03
1.905000e+00	5.350444e-03
1.907500e+00	5.824437e-03
1.910000e+00	6.543050e-03
1.912500e+00	7.569148e-03
1.915000e+00	8.999325e-03
1.917500e+00	1.096944e-02
1.920000e+00	1.364536e-02
1.922500e+00	1.715873e-02
1.925000e+00	2.140204e-02
1.927500e+00	2.562819e-02
1.930000e+00	2.824217e-02
1.932500e+00	2.778528e-02
1.935000e+00	2.455692e-02
1.937500e+00	2.024400e-02
1.940000e+00	1.622805e-02
1.942500e+00	1.302653e-02
1.945000e+00	1.064714e-02
1.947500e+00	8.940005e-03
1.950000e+00	7.751257e-03
1.952500e+00	6.965422e-03
1.955000e+00	6.509062e-03
1.957500e+00	6.345766e-03
1.960000e+00	6.471620e-03
1.962500e+00	6.911887e-03
1.965000e+00	7.713434e-03
1.967500e+00	8.916180e-03
1.970000e+00	1.046791e-02
1.972500e+00	1.205758e-02
1.975000e+00	1.302085e-02
1.977500e+00	1.273411e-02
1.980000e+00	1.129711e-02
1.982500e+00	9.404768e-03
1.985000e+00	7.639882e-03
1.987500e+00	6.225338e-03
1.990000e+00	5.168052e-03
1.992500e+00	4.407633e-03
1.995000e+00	3.881207e-03
1.997500e+00	3.538206e-03
2.000000e+00	3.332057e-03
2.002500e+00	3.199966e-03
2.005000e+00	3.053517e-03
2.007500e+00	2.821942e-03
2.010000e+00	2.514324e-03
2.012500e+00	2.194245e-03
2.015000e+00	1.910093e-03
2.017500e+00	1.676330e-03
2.020000e+00	1.488812e-03
2.022500e+00	1.338354e-03
2.025000e+00	1.216294e-03
2.027500e+00	1.115828e-03
2.030000e+00	1.031912e-03
2.032500e+00	9.608678e-04
2.035000e+00	8.999950e-04
2.037500e+00	8.472925e-04
2.040000e+00	8.012526e-04
2.042500e+00	7.607223e-04
2.045000e+00	7.248056e-04
2.047500e+00	6.927968e-04
2.050000e+00	6.641322e-04
2.052500e+00	6.383566e-04
2.055000e+00	6.150980e-04
2.057500e+00	5.940501e-04
2.060000e+00	5.749582e-04
2.062500e+00	5.576092e-04
2.065000e+00	5.418236e-04
2.067500e+00	5.274499e-04
2.070000e+00	5.143591e-04
2.072500e+00	5.024419e-04
2.075000e+00	4.916051e-04
2.077500e+00	4.817695e-04
2.080000e+00	4.728684e-04
2.082500e+00	4.648455e-04
2.085000e+00	4.576544e-04
2.087500e+00	4.512576e-04
2.090000e+00	4.456254e-04
2.092500e+00	4.407363e-04
2.095000e+00	4.365762e-04
2.097500e+00	4.331385e-04
2.100000e+00	4.304245e-04
2.102500e+00	4.284435e-04
2.105000e+00	4.272136e-04
2.107500e+00	4.267627e-04
2.110000e+00	4.271293e-04
2.112500e+00	4.283648e-04
2.115000e+00	4.305350e-04
2.117500e+00	4.337234e-04
2.120000e+00	4.380343e-04
2.122500e+00	4.435982e-04
2.125000e+00	4.505774e-04
2.127500e+00	4.591742e-04
2.130000e+00	4.696419e-04
2.132500e+00	4.822993e-04
2.135000e+00	4.975497e-04
2.137500e+00	5.159079e-04
2.140000e+00	5.380371e-04
2.142500e+00	5.648000e-04
2.145000e+00	5.973317e-04
2.147500e+00	6.371447e-04
2.150000e+00	6.862801e-04
2.152500e+00	7.475306e-04
2.155000e+00	8.247694e-04
2.157500e+00	9.234370e-04
2.160000e+00	1.051249e-03
2.162500e+00	1.219182e-03
2.165000e+00	1.442662e-03
2.167500e+00	1.742403e-03
2.170000e+00	2.142710e-03
2.172500e+00	2.660954e-03
2.175000e+00	3.275421e-03
2.177500e+00	3.866626e-03
2.180000e+00	4.198854e-03
2.182500e+00	4.082121e-03
2.185000e+00	3.589350e-03
2.187500e+00	2.966364e-03
2.190000e+00	2.396462e-03
2.192500e+00	1.941914e-03
2.195000e+00	1.598782e-03
2.197500e+00	1.343913e-03
2.200000e+00	1.154290e-03
2.202500e+00	1.011917e-03
2.205000e+00	9.037829e-04
2.207500e+00	8.207182e-04
2.210000e+00	7.562829e-04
2.212500e+00	7.059241e-04
2.215000e+00	6.663894e-04
2.217500e+00	6.353271e-04
2.220000e+00	6.110167e-04
2.222500e+00	5.921858e-04
2.225000e+00	5.778855e-04
2.227500e+00	5.674034e-04
2.230000e+00	5.602037e-04
2.232500e+00	5.558847e-04
2.235000e+00	5.541478e-04
2.237500e+00	5.547767e-04
2.240000e+00	5.576214e-04
2.242500e+00	5.625877e-04
2.245000e+00	5.696295e-04
2.247500e+00	5.787437e-04
2.250000e+00	5.899679e-04
2.252500e+00	6.033795e-04
2.255000e+00	6.190958e-04
2.257500e+00	6.372773e-04
2.260000e+00	6.581312e-04
2.262500e+00	6.819176e-04
2.265000e+00	7.089577e-04
2.267500e+00	7.396447e-04
2.270000e+00	7.744582e-04
2.272500e+00	8.139828e-04
2.275000e+00	8.589322e-04
2.277500e+00	9.101812e-04
2.280000e+00	9.688075e-04
2.282500e+00	1.036147e-03
2.285000e+00	1.113868e-03
2.287500e+00	1.204071e-03
2.290000e+00	1.309427e-03
2.292500e+00	1.433364e-03
2.295000e+00	1.580335e-03
2.297500e+00	1.756190e-03
2.300000e+00	1.968714e-03
2.302500e+00	2.228413e-03
2.305000e+00	2.549656e-03
2.307500e+00	2.952372e-03
2.310000e+00	3.464555e-03
2.312500e+00	4.125912e-03
2.315000e+00	4.992899e-03
2.317500e+00	6.144763e-03
2.320000e+00	7.687492e-03
2.322500e+00	9.744088e-03
2.325000e+00	1.239777e-02
2.327500e+00	1.552246e-02
2.330000e+00	1.848342e-02
2.332500e+00	2.007290e-02
2.335000e+00	1.937664e-02
2.337500e+00	1.683089e-02
2.340000e+00	1.368627e-02
2.342500e+00	1.083841e-02
2.345000e+00	8.578531e-03
2.347500e+00	6.878085e-03
2.350000e+00	5.618979e-03
2.352500e+00	4.686203e-03
2.355000e+00	3.990509e-03
2.357500e+00	3.467710e-03
2.360000e+00	3.072845e-03
2.362500e+00	2.774648e-03
2.365000e+00	2.551400e-03
2.367500e+00	2.388070e-03
2.370000e+00	2.274401e-03
2.372500e+00	2.203671e-03
2.375000e+00	2.171917e-03
2.377500e+00	2.177492e-03
2.380000e+00	2.220896e-03
2.382500e+00	2.304834e-03
2.385000e+00	2.434531e-03
2.387500e+00	2.618339e-03
2.390000e+00	2.868752e-03
2.392500e+00	3.203984e-03
2.395000e+00	3.650366e-03
2.397500e+00	4.245859e-03
2.400000e+00	5.044887e-03
2.402500e+00	6.123936e-03
2.405000e+00	7.584432e-03
2.407500e+00	9.540246e-03
2.410000e+00	1.205485e-02
2.412500e+00	1.496468e-02
2.415000e+00	1.759714e-02
2.417500e+00	1.879454e-02
2.420000e+00	1.783575e-02
2.422500e+00	1.529198e-02
2.425000e+00	1.233461e-02
2.427500e+00	9.717360e-03
2.430000e+00	7.654542e-03
2.432500e+00	6.099017e-03
2.435000e+00	4.937794e-03
2.437500e+00	4.065972e-03
2.440000e+00	3.403195e-03
2.442500e+00	2.891749e-03
2.445000e+00	2.490988e-03
2.447500e+00	2.172296e-03
2.450000e+00	1.915363e-03
2.452500e+00	1.705594e-03
2.455000e+00	1.532361e-03
2.457500e+00	1.387810e-03
2.460000e+00	1.266063e-03
2.462500e+00	1.162660e-03
2.465000e+00	1.074174e-03
2.467500e+00	9.979461e-04
2.470000e+00	9.318867e-04
2.472500e+00	8.743406e-04
2.475000e+00	8.239841e-04
2.477500e+00	7.797504e-04
2.480000e+00	7.407739e-04
2.482500e+00	7.063478e-04
2.485000e+00	6.758926e-04
2.487500e+00	6.489315e-04
2.490000e+00	6.250712e-04
2.492500e+00	6.039880e-04
2.495000e+00	5.854161e-04
2.497500e+00	5.691392e-04
2.500000e+00	5.549839e-04
2.502500e+00	5.428149e-04
2.505000e+00	5.325314e-04
2.507500e+00	5.240653e-04
2.510000e+00	5.173802e-04
2.512500e+00	5.124719e-04
2.515000e+00	5.093697e-04
2.517500e+00	5.081402e-04
2.520000e+00	5.088918e-04
2.522500e+00	5.117822e-04
2.525000e+00	5.170286e-04
2.527500e+00	5.249219e-04
2.530000e+00	5.358465e-04
2.532500e+00	5.503072e-04
2.535000e+00	5.689671e-04
2.537500e+00	5.927011e-04
2.540000e+00	6.226714e-04
2.542500e+00	6.604359e-04
2.545000e+00	7.081064e-04
2.547500e+00	7.685802e-04
2.550000e+00	8.458826e-04
2.552500e+00	9.456732e-04
2.555000e+00	1.075985e-03
2.557500e+00	1.248254e-03
2.560000e+00	1.478575e-03
2.562500e+00	1.788626e-03
2.565000e+00	2.204064e-03
2.567500e+00	2.743967e-03
2.570000e+00	3.388006e-03
2.572500e+00	4.014952e-03
2.575000e+00	4.378594e-03
2.577500e+00	4.270765e-03
2.580000e+00	3.756995e-03
2.582500e+00	3.095397e-03
2.585000e+00	2.484928e-03
2.587500e+00	1.995528e-03
2.590000e+00	1.624600e-03
2.592500e+00	1.347898e-03
2.595000e+00	1.140908e-03
2.597500e+00	9.843540e-04
2.600000e+00	8.642748e-04
2.602500e+00	7.708175e-04
2.605000e+00	6.970546e-04
2.607500e+00	6.380822e-04
2.610000e+00	5.903893e-04
2.612500e+00	5.514282e-04
2.615000e+00	5.193249e-04
2.617500e+00	4.926822e-04
2.620000e+00	4.704453e-04
2.622500e+00	4.518078e-04
2.625000e+00	4.361472e-04
2.627500e+00	4.229775e-04
2.630000e+00	4.119167e-04
2.632500e+00	4.026616e-04
2.635000e+00	3.949708e-04
2.637500e+00	3.886508e-04
2.640000e+00	3.835460e-04
2.642500e+00	3.795317e-04
2.645000e+00	3.765077e-04
2.647500e+00	3.743944e-04
2.650000e+00	3.731292e-04
2.652500e+00	3.726638e-04
2.655000e+00	3.729624e-04
2.657500e+00	3.740001e-04
2.660000e+00	3.757619e-04
2.662500e+00	3.782416e-04
2.665000e+00	3.814417e-04
2.667500e+00	3.853726e-04
2.670000e+00	3.900531e-04
2.672500e+00	3.955100e-04
2.675000e+00	4.017788e-04
2.677500e+00	4.089040e-04
2.680000e+00	4.169401e-04
2.682500e+00	4.259521e-04
2.685000e+00	4.360175e-04
2.687500e+00	4.472273e-04
2.690000e+00	4.596884e-04
2.692500e+00	4.735255e-04
2.695000e+00	4.888850e-04
2.697500e+00	5.059379e-04
2.700000e+00	5.248847e-04
2.702500e+00	5.459613e-04
2.705000e+00	5.694458e-04
2.707500e+00	5.956678e-04
2.710000e+00	6.250191e-04
2.712500e+00	6.579686e-04
2.715000e+00	6.950797e-04
2.717500e+00	7.370346e-04
2.720000e+00	7.846640e-04
2.722500e+00	8.389875e-04
2.725000e+00	9.012664e-04
2.727500e+00	9.730739e-04
2.730000e+00	1.056391e-03
2.732500e+00	1.153738e-03
2.735000e+00	1.268353e-03
2.737500e+00	1.404447e-03
2.740000e+00	1.567565e-03
2.742500e+00	1.765100e-03
2.745000e+00	2.007047e-03
2.747500e+00	2.307111e-03
2.750000e+00	2.684342e-03
2.752500e+00	3.165548e-03
2.755000e+00	3.788791e-03
2.757500e+00	4.608157e-03
2.760000e+00	5.699221e-03
2.762500e+00	7.161669e-03
2.765000e+00	9.106417e-03
2.767500e+00	1.159235e-02
2.770000e+00	1.445078e-02
2.772500e+00	1.701155e-02
2.775000e+00	1.814525e-02
2.777500e+00	1.718050e-02
2.780000e+00	1.470479e-02
2.782500e+00	1.185565e-02
2.785000e+00	9.349295e-03
2.787500e+00	7.383385e-03
2.790000e+00	5.908717e-03
2.792500e+00	4.815453e-03
2.795000e+00	4.002617e-03
2.797500e+00	3.393245e-03
2.800000e+00	2.932334e-03
2.802500e+00	2.581432e-03
2.805000e+00	2.313816e-03
2.807500e+00	2.110952e-03
2.810000e+00	1.960071e-03
2.812500e+00	1.852581e-03
2.815000e+00	1.783054e-03
2.817500e+00	1.748637e-03
2.820000e+00	1.748786e-03
2.822500e+00	1.785285e-03
2.825000e+00	1.862558e-03
2.827500e+00	1.988328e-03
2.830000e+00	2.174733e-03
2.832500e+00	2.440013e-03
2.835000e+00	2.810833e-03
2.837500e+00	3.324782e-03
2.840000e+00	4.030807e-03
2.842500e+00	4.979994e-03
2.845000e+00	6.187055e-03
2.847500e+00	7.533004e-03
2.850000e+00	8.639872e-03
2.852500e+00	8.964264e-03
2.855000e+00	8.295830e-03
2.857500e+00	7.014687e-03
2.860000e+00	5.648345e-03
2.862500e+00	4.481555e-03
2.865000e+00	3.574304e-03
2.867500e+00	2.892071e-03
2.870000e+00	2.381532e-03
2.872500e+00	1.996339e-03
2.875000e+00	1.701727e-03
2.877500e+00	1.472900e-03
2.880000e+00	1.292408e-03
2.882500e+00	1.147943e-03
2.885000e+00	1.030742e-03
2.887500e+00	9.344852e-04
2.890000e+00	8.545506e-04
2.892500e+00	7.875107e-04
2.895000e+00	7.307892e-04
2.897500e+00	6.824244e-04
2.900000e+00	6.409046e-04
2.902500e+00	6.050521e-04
2.905000e+00	5.739398e-04
2.907500e+00	5.468316e-04
2.910000e+00	5.231382e-04
2.912500e+00	5.023846e-04
2.915000e+00	4.841858e-04
2.917500e+00	4.682285e-04
2.920000e+00	4.542572e-04
2.922500e+00	4.420636e-04
2.925000e+00	4.314786e-04
2.927500e+00	4.223657e-04
2.930000e+00	4.146169e-04
2.932500e+00	4.081484e-04
2.935000e+00	4.028988e-04
2.937500e+00	3.988268e-04
2.940000e+00	3.959108e-04
2.942500e+00	3.941481e-04
2.945000e+00	3.935555e-04
2.947500e+00	3.941708e-04
2.950000e+00	3.960542e-04
2.952500e+00	3.992920e-04
2.955000e+00	4.039998e-04
2.957500e+00	4.103294e-04
2.960000e+00	4.184752e-04
2.962500e+00	4.286856e-04
2.965000e+00	4.412760e-04
2.967500e+00	4.566479e-04
2.970000e+00	4.753140e-04
2.972500e+00	4.979332e-04
2.975000e+00	5.253586e-04
2.977500e+00	5.587057e-04
2.980000e+00	5.994484e-04
2.982500e+00	6.495576e-04
2.985000e+00	7.117029e-04
2.987500e+00	7.895488e-04
2.990000e+00	8.881933e-04
2.992500e+00	1.014815e-03
2.995000e+00	1.179610e-03
2.997500e+00	1.397075e-03
