#omega	spectral weight
-6.000000e+00	4.082199e-05
-5.997500e+00	4.086530e-05
-5.995000e+00	4.090869e-05
-5.992500e+00	4.095216e-05
-5.990000e+00	4.099571e-05
-5.987500e+00	4.103935e-05
-5.985000e+00	4.108307e-05
-5.982500e+00	4.112687e-05
-5.980000e+00	4.117075e-05
-5.977500e+00	4.121471e-05
-5.975000e+00	4.125876e-05
-5.972500e+00	4.130290e-05
-5.970000e+00	4.134711e-05
-5.967500e+00	4.139141e-05
-5.965000e+00	4.143579e-05
-5.962500e+00	4.148026e-05
-5.960000e+00	4.152482e-05
-5.957500e+00	4.156945e-05
-5.955000e+00	4.161418e-05
-5.952500e+00	4.165898e-05
-5.950000e+00	4.170388e-05
-5.947500e+00	4.174886e-05
-5.945000e+00	4.179392e-05
-5.942500e+00	4.183907e-05
-5.940000e+00	4.188431e-05
-5.937500e+00	4.192963e-05
-5.935000e+00	4.197504e-05
-5.932500e+00	4.202054e-05
-5.930000e+00	4.206613e-05
-5.927500e+00	4.211180e-05
-5.925000e+00	4.215756e-05
-5.922500e+00	4.220341e-05
-5.920000e+00	4.224934e-05
-5.917500e+00	4.229537e-05
-5.915000e+00	4.234148e-05
-5.912500e+00	4.238769e-05
-5.910000e+00	4.243398e-05
-5.907500e+00	4.248036e-05
-5.905000e+00	4.252683e-05
-5.902500e+00	4.257339e-05
-5.900000e+00	4.262004e-05
-5.897500e+00	4.266678e-05
-5.895000e+00	4.271362e-05
-5.892500e+00	4.276054e-05
-5.890000e+00	4.280755e-05
-5.887500e+00	4.285466e-05
-5.885000e+00	4.290186e-05
-5.882500e+00	4.294915e-05
-5.880000e+00	4.299653e-05
-5.877500e+00	4.304400e-05
-5.875000e+00	4.309157e-05
-5.872500e+00	4.313923e-05
-5.870000e+00	4.318698e-05
-5.867500e+00	4.323483e-05
-5.865000e+00	4.328277e-05
-5.862500e+00	4.333080e-05
-5.860000e+00	4.337893e-05
-5.857500e+00	4.342715e-05
-5.855000e+00	4.347547e-05
-5.852500e+00	4.352388e-05
-5.850000e+00	4.357239e-05
-5.847500e+00	4.362099e-05
-5.845000e+00	4.366969e-05
-5.842500e+00	4.371848e-05
-5.840000e+00	4.376737e-05
-5.837500e+00	4.381636e-05
-5.835000e+00	4.386544e-05
-5.832500e+00	4.391462e-05
-5.830000e+00	4.396390e-05
-5.827500e+00	4.401328e-05
-5.825000e+00	4.406275e-05
-5.822500e+00	4.411233e-05
-5.820000e+00	4.416200e-05
-5.817500e+00	4.421177e-05
-5.815000e+00	4.426163e-05
-5.812500e+00	4.431160e-05
-5.810000e+00	4.436167e-05
-5.807500e+00	4.441184e-05
-5.805000e+00	4.446210e-05
-5.802500e+00	4.451247e-05
-5.800000e+00	4.456294e-05
-5.797500e+00	4.461351e-05
-5.795000e+00	4.466418e-05
-5.792500e+00	4.471495e-05
-5.790000e+00	4.476582e-05
-5.787500e+00	4.481680e-05
-5.785000e+00	4.486788e-05
-5.782500e+00	4.491906e-05
-5.780000e+00	4.497034e-05
-5.777500e+00	4.502173e-05
-5.775000e+00	4.507322e-05
-5.772500e+00	4.512481e-05
-5.770000e+00	4.517651e-05
-5.767500e+00	4.522831e-05
-5.765000e+00	4.528022e-05
-5.762500e+00	4.533223e-05
-5.760000e+00	4.538435e-05
-5.757500e+00	4.543657e-05
-5.755000e+00	4.548890e-05
-5.752500e+00	4.554134e-05
-5.750000e+00	4.559388e-05
-5.747500e+00	4.564653e-05
-5.745000e+00	4.569928e-05
-5.742500e+00	4.575214e-05
-5.740000e+00	4.580511e-05
-5.737500e+00	4.585819e-05
-5.735000e+00	4.591138e-05
-5.732500e+00	4.596468e-05
-5.730000e+00	4.601808e-05
-5.727500e+00	4.607159e-05
-5.725000e+00	4.612522e-05
-5.722500e+00	4.617895e-05
-5.720000e+00	4.623279e-05
-5.717500e+00	4.628675e-05
-5.715000e+00	4.634081e-05
-5.712500e+00	4.639499e-05
-5.710000e+00	4.644927e-05
-5.707500e+00	4.650367e-05
-5.705000e+00	4.655818e-05
-5.702500e+00	4.661281e-05
-5.700000e+00	4.666754e-05
-5.697500e+00	4.672239e-05
-5.695000e+00	4.677735e-05
-5.692500e+00	4.683243e-05
-5.690000e+00	4.688762e-05
-5.687500e+00	4.694292e-05
-5.685000e+00	4.699834e-05
-5.682500e+00	4.705388e-05
-5.680000e+00	4.710953e-05
-5.677500e+00	4.716529e-05
-5.675000e+00	4.722117e-05
-5.672500e+00	4.727717e-05
-5.670000e+00	4.733329e-05
-5.667500e+00	4.738952e-05
-5.665000e+00	4.744587e-05
-5.662500e+00	4.750233e-05
-5.660000e+00	4.755892e-05
-5.657500e+00	4.761562e-05
-5.655000e+00	4.767244e-05
-5.652500e+00	4.772938e-05
-5.650000e+00	4.778644e-05
-5.647500e+00	4.784362e-05
-5.645000e+00	4.790092e-05
-5.642500e+00	4.795834e-05
-5.640000e+00	4.801588e-05
-5.637500e+00	4.807355e-05
-5.635000e+00	4.813133e-05
-5.632500e+00	4.818924e-05
-5.630000e+00	4.824727e-05
-5.627500e+00	4.830542e-05
-5.625000e+00	4.836369e-05
-5.622500e+00	4.842209e-05
-5.620000e+00	4.848061e-05
-5.617500e+00	4.853926e-05
-5.615000e+00	4.859803e-05
-5.612500e+00	4.865692e-05
-5.610000e+00	4.871594e-05
-5.607500e+00	4.877509e-05
-5.605000e+00	4.883436e-05
-5.602500e+00	4.889376e-05
-5.600000e+00	4.895328e-05
-5.597500e+00	4.901293e-05
-5.595000e+00	4.907271e-05
-5.592500e+00	4.913262e-05
-5.590000e+00	4.919265e-05
-5.587500e+00	4.925282e-05
-5.585000e+00	4.931311e-05
-5.582500e+00	4.937353e-05
-5.580000e+00	4.943408e-05
-5.577500e+00	4.949476e-05
-5.575000e+00	4.955558e-05
-5.572500e+00	4.961652e-05
-5.570000e+00	4.967759e-05
-5.567500e+00	4.973880e-05
-5.565000e+00	4.980014e-05
-5.562500e+00	4.986161e-05
-5.560000e+00	4.992321e-05
-5.557500e+00	4.998495e-05
-5.555000e+00	5.004682e-05
-5.552500e+00	5.010882e-05
-5.550000e+00	5.017096e-05
-5.547500e+00	5.023324e-05
-5.545000e+00	5.029565e-05
-5.542500e+00	5.035819e-05
-5.540000e+00	5.042087e-05
-5.537500e+00	5.048369e-05
-5.535000e+00	5.054665e-05
-5.532500e+00	5.060974e-05
-5.530000e+00	5.067297e-05
-5.527500e+00	5.073634e-05
-5.525000e+00	5.079984e-05
-5.522500e+00	5.086349e-05
-5.520000e+00	5.092727e-05
-5.517500e+00	5.099120e-05
-5.515000e+00	5.105527e-05
-5.512500e+00	5.111947e-05
-5.510000e+00	5.118382e-05
-5.507500e+00	5.124831e-05
-5.505000e+00	5.131294e-05
-5.502500e+00	5.137771e-05
-5.500000e+00	5.144263e-05
-5.497500e+00	5.150769e-05
-5.495000e+00	5.157289e-05
-5.492500e+00	5.163824e-05
-5.490000e+00	5.170373e-05
-5.487500e+00	5.176937e-05
-5.485000e+00	5.183515e-05
-5.482500e+00	5.190108e-05
-5.480000e+00	5.196716e-05
-5.477500e+00	5.203338e-05
-5.475000e+00	5.209975e-05
-5.472500e+00	5.216627e-05
-5.470000e+00	5.223294e-05
-5.467500e+00	5.229975e-05
-5.465000e+00	5.236672e-05
-5.462500e+00	5.243383e-05
-5.460000e+00	5.250109e-05
-5.457500e+00	5.256851e-05
-5.455000e+00	5.263607e-05
-5.452500e+00	5.270379e-05
-5.450000e+00	5.277166e-05
-5.447500e+00	5.283968e-05
-5.445000e+00	5.290786e-05
-5.442500e+00	5.297618e-05
-5.440000e+00	5.304467e-05
-5.437500e+00	5.311330e-05
-5.435000e+00	5.318209e-05
-5.432500e+00	5.325104e-05
-5.430000e+00	5.332014e-05
-5.427500e+00	5.338940e-05
-5.425000e+00	5.345882e-05
-5.422500e+00	5.352839e-05
-5.420000e+00	5.359812e-05
-5.417500e+00	5.366801e-05
-5.415000e+00	5.373806e-05
-5.412500e+00	5.380827e-05
-5.410000e+00	5.387863e-05
-5.407500e+00	5.394916e-05
-5.405000e+00	5.401985e-05
-5.402500e+00	5.409070e-05
-5.400000e+00	5.416171e-05
-5.397500e+00	5.423289e-05
-5.395000e+00	5.430422e-05
-5.392500e+00	5.437572e-05
-5.390000e+00	5.444739e-05
-5.387500e+00	5.451922e-05
-5.385000e+00	5.459121e-05
-5.382500e+00	5.466337e-05
-5.380000e+00	5.473569e-05
-5.377500e+00	5.480819e-05
-5.375000e+00	5.488084e-05
-5.372500e+00	5.495367e-05
-5.370000e+00	5.502666e-05
-5.367500e+00	5.509983e-05
-5.365000e+00	5.517316e-05
-5.362500e+00	5.524666e-05
-5.360000e+00	5.532034e-05
-5.357500e+00	5.539418e-05
-5.355000e+00	5.546819e-05
-5.352500e+00	5.554238e-05
-5.350000e+00	5.561674e-05
-5.347500e+00	5.569127e-05
-5.345000e+00	5.576598e-05
-5.342500e+00	5.584086e-05
-5.340000e+00	5.591591e-05
-5.337500e+00	5.599114e-05
-5.335000e+00	5.606655e-05
-5.332500e+00	5.614213e-05
-5.330000e+00	5.621789e-05
-5.327500e+00	5.629383e-05
-5.325000e+00	5.636995e-05
-5.322500e+00	5.644624e-05
-5.320000e+00	5.652271e-05
-5.317500e+00	5.659937e-05
-5.315000e+00	5.667620e-05
-5.312500e+00	5.675322e-05
-5.310000e+00	5.683041e-05
-5.307500e+00	5.690779e-05
-5.305000e+00	5.698535e-05
-5.302500e+00	5.706310e-05
-5.300000e+00	5.714103e-05
-5.297500e+00	5.721914e-05
-5.295000e+00	5.729744e-05
-5.292500e+00	5.737593e-05
-5.290000e+00	5.745460e-05
-5.287500e+00	5.753346e-05
-5.285000e+00	5.761251e-05
-5.282500e+00	5.769174e-05
-5.280000e+00	5.777117e-05
-5.277500e+00	5.785078e-05
-5.275000e+00	5.793058e-05
-5.272500e+00	5.801058e-05
-5.270000e+00	5.809077e-05
-5.267500e+00	5.817114e-05
-5.265000e+00	5.825172e-05
-5.262500e+00	5.833248e-05
-5.260000e+00	5.841344e-05
-5.257500e+00	5.849459e-05
-5.255000e+00	5.857594e-05
-5.252500e+00	5.865749e-05
-5.250000e+00	5.873923e-05
-5.247500e+00	5.882117e-05
-5.245000e+00	5.890330e-05
-5.242500e+00	5.898564e-05
-5.240000e+00	5.906817e-05
-5.237500e+00	5.915091e-05
-5.235000e+00	5.923384e-05
-5.232500e+00	5.931698e-05
-5.230000e+00	5.940032e-05
-5.227500e+00	5.948386e-05
-5.225000e+00	5.956760e-05
-5.222500e+00	5.965155e-05
-5.220000e+00	5.973571e-05
-5.217500e+00	5.982006e-05
-5.215000e+00	5.990463e-05
-5.212500e+00	5.998940e-05
-5.210000e+00	6.007438e-05
-5.207500e+00	6.015957e-05
-5.205000e+00	6.024496e-05
-5.202500e+00	6.033057e-05
-5.200000e+00	6.041638e-05
-5.197500e+00	6.050241e-05
-5.195000e+00	6.058865e-05
-5.192500e+00	6.067510e-05
-5.190000e+00	6.076176e-05
-5.187500e+00	6.084864e-05
-5.185000e+00	6.093574e-05
-5.182500e+00	6.102304e-05
-5.180000e+00	6.111057e-05
-5.177500e+00	6.119831e-05
-5.175000e+00	6.128627e-05
-5.172500e+00	6.137444e-05
-5.170000e+00	6.146284e-05
-5.167500e+00	6.155146e-05
-5.165000e+00	6.164029e-05
-5.162500e+00	6.172935e-05
-5.160000e+00	6.181863e-05
-5.157500e+00	6.190813e-05
-5.155000e+00	6.199786e-05
-5.152500e+00	6.208781e-05
-5.150000e+00	6.217799e-05
-5.147500e+00	6.226839e-05
-5.145000e+00	6.235902e-05
-5.142500e+00	6.244987e-05
-5.140000e+00	6.254096e-05
-5.137500e+00	6.263227e-05
-5.135000e+00	6.272381e-05
-5.132500e+00	6.281559e-05
-5.130000e+00	6.290759e-05
-5.127500e+00	6.299983e-05
-5.125000e+00	6.309230e-05
-5.122500e+00	6.318501e-05
-5.120000e+00	6.327795e-05
-5.117500e+00	6.337112e-05
-5.115000e+00	6.346453e-05
-5.112500e+00	6.355818e-05
-5.110000e+00	6.365207e-05
-5.107500e+00	6.374620e-05
-5.105000e+00	6.384056e-05
-5.102500e+00	6.393517e-05
-5.100000e+00	6.403002e-05
-5.097500e+00	6.412510e-05
-5.095000e+00	6.422044e-05
-5.092500e+00	6.431601e-05
-5.090000e+00	6.441184e-05
-5.087500e+00	6.450790e-05
-5.085000e+00	6.460422e-05
-5.082500e+00	6.470078e-05
-5.080000e+00	6.479759e-05
-5.077500e+00	6.489465e-05
-5.075000e+00	6.499196e-05
-5.072500e+00	6.508952e-05
-5.070000e+00	6.518733e-05
-5.067500e+00	6.528539e-05
-5.065000e+00	6.538371e-05
-5.062500e+00	6.548228e-05
-5.060000e+00	6.558111e-05
-5.057500e+00	6.568020e-05
-5.055000e+00	6.577954e-05
-5.052500e+00	6.587914e-05
-5.050000e+00	6.597900e-05
-5.047500e+00	6.607912e-05
-5.045000e+00	6.617950e-05
-5.042500e+00	6.628014e-05
-5.040000e+00	6.638104e-05
-5.037500e+00	6.648221e-05
-5.035000e+00	6.658365e-05
-5.032500e+00	6.668534e-05
-5.030000e+00	6.678731e-05
-5.027500e+00	6.688954e-05
-5.025000e+00	6.699205e-05
-5.022500e+00	6.709482e-05
-5.020000e+00	6.719786e-05
-5.017500e+00	6.730117e-05
-5.015000e+00	6.740476e-05
-5.012500e+00	6.750862e-05
-5.010000e+00	6.761275e-05
-5.007500e+00	6.771716e-05
-5.005000e+00	6.782185e-05
-5.002500e+00	6.792682e-05
-5.000000e+00	6.803206e-05
-4.997500e+00	6.813758e-05
-4.995000e+00	6.824338e-05
-4.992500e+00	6.834947e-05
-4.990000e+00	6.845583e-05
-4.987500e+00	6.856248e-05
-4.985000e+00	6.866942e-05
-4.982500e+00	6.877664e-05
-4.980000e+00	6.888415e-05
-4.977500e+00	6.899194e-05
-4.975000e+00	6.910003e-05
-4.972500e+00	6.920840e-05
-4.970000e+00	6.931707e-05
-4.967500e+00	6.942603e-05
-4.965000e+00	6.953528e-05
-4.962500e+00	6.964482e-05
-4.960000e+00	6.975466e-05
-4.957500e+00	6.986480e-05
-4.955000e+00	6.997523e-05
-4.952500e+00	7.008597e-05
-4.950000e+00	7.019700e-05
-4.947500e+00	7.030834e-05
-4.945000e+00	7.041997e-05
-4.942500e+00	7.053191e-05
-4.940000e+00	7.064415e-05
-4.937500e+00	7.075670e-05
-4.935000e+00	7.086956e-05
-4.932500e+00	7.098272e-05
-4.930000e+00	7.109619e-05
-4.927500e+00	7.120998e-05
-4.925000e+00	7.132407e-05
-4.922500e+00	7.143847e-05
-4.920000e+00	7.155319e-05
-4.917500e+00	7.166823e-05
-4.915000e+00	7.178358e-05
-4.912500e+00	7.189924e-05
-4.910000e+00	7.201523e-05
-4.907500e+00	7.213153e-05
-4.905000e+00	7.224816e-05
-4.902500e+00	7.236511e-05
-4.900000e+00	7.248238e-05
-4.897500e+00	7.259997e-05
-4.895000e+00	7.271789e-05
-4.892500e+00	7.283614e-05
-4.890000e+00	7.295472e-05
-4.887500e+00	7.307362e-05
-4.885000e+00	7.319286e-05
-4.882500e+00	7.331242e-05
-4.880000e+00	7.343232e-05
-4.877500e+00	7.355256e-05
-4.875000e+00	7.367313e-05
-4.872500e+00	7.379404e-05
-4.870000e+00	7.391528e-05
-4.867500e+00	7.403687e-05
-4.865000e+00	7.415879e-05
-4.862500e+00	7.428106e-05
-4.860000e+00	7.440367e-05
-4.857500e+00	7.452663e-05
-4.855000e+00	7.464993e-05
-4.852500e+00	7.477358e-05
-4.850000e+00	7.489758e-05
-4.847500e+00	7.502193e-05
-4.845000e+00	7.514663e-05
-4.842500e+00	7.527168e-05
-4.840000e+00	7.539709e-05
-4.837500e+00	7.552285e-05
-4.835000e+00	7.564898e-05
-4.832500e+00	7.577545e-05
-4.830000e+00	7.590229e-05
-4.827500e+00	7.602949e-05
-4.825000e+00	7.615706e-05
-4.822500e+00	7.628498e-05
-4.820000e+00	7.641327e-05
-4.817500e+00	7.654193e-05
-4.815000e+00	7.667096e-05
-4.812500e+00	7.680036e-05
-4.810000e+00	7.693012e-05
-4.807500e+00	7.706027e-05
-4.805000e+00	7.719078e-05
-4.802500e+00	7.732167e-05
-4.800000e+00	7.745294e-05
-4.797500e+00	7.758459e-05
-4.795000e+00	7.771661e-05
-4.792500e+00	7.784902e-05
-4.790000e+00	7.798181e-05
-4.787500e+00	7.811499e-05
-4.785000e+00	7.824855e-05
-4.782500e+00	7.838250e-05
-4.780000e+00	7.851684e-05
-4.777500e+00	7.865157e-05
-4.775000e+00	7.878669e-05
-4.772500e+00	7.892221e-05
-4.770000e+00	7.905812e-05
-4.767500e+00	7.919443e-05
-4.765000e+00	7.933114e-05
-4.762500e+00	7.946824e-05
-4.760000e+00	7.960575e-05
-4.757500e+00	7.974367e-05
-4.755000e+00	7.988199e-05
-4.752500e+00	8.002071e-05
-4.750000e+00	8.015984e-05
-4.747500e+00	8.029939e-05
-4.745000e+00	8.043934e-05
-4.742500e+00	8.057971e-05
-4.740000e+00	8.072049e-05
-4.737500e+00	8.086169e-05
-4.735000e+00	8.100331e-05
-4.732500e+00	8.114535e-05
-4.730000e+00	8.128781e-05
-4.727500e+00	8.143069e-05
-4.725000e+00	8.157400e-05
-4.722500e+00	8.171774e-05
-4.720000e+00	8.186190e-05
-4.717500e+00	8.200650e-05
-4.715000e+00	8.215153e-05
-4.712500e+00	8.229699e-05
-4.710000e+00	8.244289e-05
-4.707500e+00	8.258922e-05
-4.705000e+00	8.273599e-05
-4.702500e+00	8.288321e-05
-4.700000e+00	8.303087e-05
-4.697500e+00	8.317897e-05
-4.695000e+00	8.332752e-05
-4.692500e+00	8.347652e-05
-4.690000e+00	8.362597e-05
-4.687500e+00	8.377587e-05
-4.685000e+00	8.392622e-05
-4.682500e+00	8.407703e-05
-4.680000e+00	8.422830e-05
-4.677500e+00	8.438003e-05
-4.675000e+00	8.453222e-05
-4.672500e+00	8.468487e-05
-4.670000e+00	8.483799e-05
-4.667500e+00	8.499157e-05
-4.665000e+00	8.514563e-05
-4.662500e+00	8.530015e-05
-4.660000e+00	8.545515e-05
-4.657500e+00	8.561063e-05
-4.655000e+00	8.576658e-05
-4.652500e+00	8.592301e-05
-4.650000e+00	8.607993e-05
-4.647500e+00	8.623732e-05
-4.645000e+00	8.639520e-05
-4.642500e+00	8.655357e-05
-4.640000e+00	8.671243e-05
-4.637500e+00	8.687178e-05
-4.635000e+00	8.703163e-05
-4.632500e+00	8.719196e-05
-4.630000e+00	8.735280e-05
-4.627500e+00	8.751414e-05
-4.625000e+00	8.767598e-05
-4.622500e+00	8.783832e-05
-4.620000e+00	8.800117e-05
-4.617500e+00	8.816453e-05
-4.615000e+00	8.832840e-05
-4.612500e+00	8.849278e-05
-4.610000e+00	8.865767e-05
-4.607500e+00	8.882309e-05
-4.605000e+00	8.898902e-05
-4.602500e+00	8.915548e-05
-4.600000e+00	8.932245e-05
-4.597500e+00	8.948996e-05
-4.595000e+00	8.965799e-05
-4.592500e+00	8.982656e-05
-4.590000e+00	8.999565e-05
-4.587500e+00	9.016528e-05
-4.585000e+00	9.033545e-05
-4.582500e+00	9.050616e-05
-4.580000e+00	9.067741e-05
-4.577500e+00	9.084921e-05
-4.575000e+00	9.102155e-05
-4.572500e+00	9.119445e-05
-4.570000e+00	9.136789e-05
-4.567500e+00	9.154189e-05
-4.565000e+00	9.171644e-05
-4.562500e+00	9.189156e-05
-4.560000e+00	9.206723e-05
-4.557500e+00	9.224347e-05
-4.555000e+00	9.242028e-05
-4.552500e+00	9.259765e-05
-4.550000e+00	9.277560e-05
-4.547500e+00	9.295412e-05
-4.545000e+00	9.313321e-05
-4.542500e+00	9.331289e-05
-4.540000e+00	9.349315e-05
-4.537500e+00	9.367399e-05
-4.535000e+00	9.385541e-05
-4.532500e+00	9.403743e-05
-4.530000e+00	9.422004e-05
-4.527500e+00	9.440324e-05
-4.525000e+00	9.458704e-05
-4.522500e+00	9.477144e-05
-4.520000e+00	9.495644e-05
-4.517500e+00	9.514205e-05
-4.515000e+00	9.532826e-05
-4.512500e+00	9.551509e-05
-4.510000e+00	9.570253e-05
-4.507500e+00	9.589058e-05
-4.505000e+00	9.607925e-05
-4.502500e+00	9.626855e-05
-4.500000e+00	9.645847e-05
-4.497500e+00	9.664901e-05
-4.495000e+00	9.684019e-05
-4.492500e+00	9.703200e-05
-4.490000e+00	9.722444e-05
-4.487500e+00	9.741752e-05
-4.485000e+00	9.761125e-05
-4.482500e+00	9.780562e-05
-4.480000e+00	9.800063e-05
-4.477500e+00	9.819630e-05
-4.475000e+00	9.839262e-05
-4.472500e+00	9.858959e-05
-4.470000e+00	9.878723e-05
-4.467500e+00	9.898552e-05
-4.465000e+00	9.918448e-05
-4.462500e+00	9.938411e-05
-4.460000e+00	9.958441e-05
-4.457500e+00	9.978539e-05
-4.455000e+00	9.998704e-05
-4.452500e+00	1.001894e-04
-4.450000e+00	1.003924e-04
-4.447500e+00	1.005961e-04
-4.445000e+00	1.008005e-04
-4.442500e+00	1.010056e-04
-4.440000e+00	1.012114e-04
-4.437500e+00	1.014178e-04
-4.435000e+00	1.016250e-04
-4.432500e+00	1.018329e-04
-4.430000e+00	1.020415e-04
-4.427500e+00	1.022508e-04
-4.425000e+00	1.024608e-04
-4.422500e+00	1.026716e-04
-4.420000e+00	1.028831e-04
-4.417500e+00	1.030953e-04
-4.415000e+00	1.033082e-04
-4.412500e+00	1.035218e-04
-4.410000e+00	1.037362e-04
-4.407500e+00	1.039514e-04
-4.405000e+00	1.041672e-04
-4.402500e+00	1.043839e-04
-4.400000e+00	1.046012e-04
-4.397500e+00	1.048194e-04
-4.395000e+00	1.050383e-04
-4.392500e+00	1.052579e-04
-4.390000e+00	1.054783e-04
-4.387500e+00	1.056995e-04
-4.385000e+00	1.059214e-04
-4.382500e+00	1.061442e-04
-4.380000e+00	1.063677e-04
-4.377500e+00	1.065919e-04
-4.375000e+00	1.068170e-04
-4.372500e+00	1.070429e-04
-4.370000e+00	1.072695e-04
-4.367500e+00	1.074970e-04
-4.365000e+00	1.077252e-04
-4.362500e+00	1.079543e-04
-4.360000e+00	1.081842e-04
-4.357500e+00	1.084149e-04
-4.355000e+00	1.086464e-04
-4.352500e+00	1.088787e-04
-4.350000e+00	1.091118e-04
-4.347500e+00	1.093458e-04
-4.345000e+00	1.095806e-04
-4.342500e+00	1.098163e-04
-4.340000e+00	1.100527e-04
-4.337500e+00	1.102901e-04
-4.335000e+00	1.105283e-04
-4.332500e+00	1.107673e-04
-4.330000e+00	1.110072e-04
-4.327500e+00	1.112479e-04
-4.325000e+00	1.114896e-04
-4.322500e+00	1.117320e-04
-4.320000e+00	1.119754e-04
-4.317500e+00	1.122196e-04
-4.315000e+00	1.124648e-04
-4.312500e+00	1.127108e-04
-4.310000e+00	1.129577e-04
-4.307500e+00	1.132055e-04
-4.305000e+00	1.134542e-04
-4.302500e+00	1.137038e-04
-4.300000e+00	1.139543e-04
-4.297500e+00	1.142057e-04
-4.295000e+00	1.144581e-04
-4.292500e+00	1.147114e-04
-4.290000e+00	1.149656e-04
-4.287500e+00	1.152207e-04
-4.285000e+00	1.154767e-04
-4.282500e+00	1.157338e-04
-4.280000e+00	1.159917e-04
-4.277500e+00	1.162506e-04
-4.275000e+00	1.165105e-04
-4.272500e+00	1.167713e-04
-4.270000e+00	1.170331e-04
-4.267500e+00	1.172958e-04
-4.265000e+00	1.175596e-04
-4.262500e+00	1.178243e-04
-4.260000e+00	1.180900e-04
-4.257500e+00	1.183567e-04
-4.255000e+00	1.186244e-04
-4.252500e+00	1.188930e-04
-4.250000e+00	1.191627e-04
-4.247500e+00	1.194334e-04
-4.245000e+00	1.197051e-04
-4.242500e+00	1.199779e-04
-4.240000e+00	1.202516e-04
-4.237500e+00	1.205264e-04
-4.235000e+00	1.208022e-04
-4.232500e+00	1.210791e-04
-4.230000e+00	1.213570e-04
-4.227500e+00	1.216360e-04
-4.225000e+00	1.219160e-04
-4.222500e+00	1.221971e-04
-4.220000e+00	1.224792e-04
-4.217500e+00	1.227625e-04
-4.215000e+00	1.230468e-04
-4.212500e+00	1.233322e-04
-4.210000e+00	1.236187e-04
-4.207500e+00	1.239062e-04
-4.205000e+00	1.241949e-04
-4.202500e+00	1.244847e-04
-4.200000e+00	1.247756e-04
-4.197500e+00	1.250676e-04
-4.195000e+00	1.253608e-04
-4.192500e+00	1.256551e-04
-4.190000e+00	1.259505e-04
-4.187500e+00	1.262470e-04
-4.185000e+00	1.265447e-04
-4.182500e+00	1.268436e-04
-4.180000e+00	1.271436e-04
-4.177500e+00	1.274448e-04
-4.175000e+00	1.277472e-04
-4.172500e+00	1.280507e-04
-4.170000e+00	1.283555e-04
-4.167500e+00	1.286614e-04
-4.165000e+00	1.289685e-04
-4.162500e+00	1.292768e-04
-4.160000e+00	1.295864e-04
-4.157500e+00	1.298971e-04
-4.155000e+00	1.302091e-04
-4.152500e+00	1.305223e-04
-4.150000e+00	1.308367e-04
-4.147500e+00	1.311524e-04
-4.145000e+00	1.314694e-04
-4.142500e+00	1.317876e-04
-4.140000e+00	1.321070e-04
-4.137500e+00	1.324278e-04
-4.135000e+00	1.327498e-04
-4.132500e+00	1.330731e-04
-4.130000e+00	1.333976e-04
-4.127500e+00	1.337235e-04
-4.125000e+00	1.340507e-04
-4.122500e+00	1.343792e-04
-4.120000e+00	1.347090e-04
-4.117500e+00	1.350402e-04
-4.115000e+00	1.353727e-04
-4.112500e+00	1.357065e-04
-4.110000e+00	1.360417e-04
-4.107500e+00	1.363782e-04
-4.105000e+00	1.367161e-04
-4.102500e+00	1.370553e-04
-4.100000e+00	1.373960e-04
-4.097500e+00	1.377380e-04
-4.095000e+00	1.380814e-04
-4.092500e+00	1.384262e-04
-4.090000e+00	1.387725e-04
-4.087500e+00	1.391201e-04
-4.085000e+00	1.394692e-04
-4.082500e+00	1.398197e-04
-4.080000e+00	1.401717e-04
-4.077500e+00	1.405250e-04
-4.075000e+00	1.408799e-04
-4.072500e+00	1.412362e-04
-4.070000e+00	1.415940e-04
-4.067500e+00	1.419533e-04
-4.065000e+00	1.423140e-04
-4.062500e+00	1.426763e-04
-4.060000e+00	1.430401e-04
-4.057500e+00	1.434053e-04
-4.055000e+00	1.437721e-04
-4.052500e+00	1.441405e-04
-4.050000e+00	1.445104e-04
-4.047500e+00	1.448818e-04
-4.045000e+00	1.452548e-04
-4.042500e+00	1.456293e-04
-4.040000e+00	1.460054e-04
-4.037500e+00	1.463832e-04
-4.035000e+00	1.467625e-04
-4.032500e+00	1.471434e-04
-4.030000e+00	1.475259e-04
-4.027500e+00	1.479100e-04
-4.025000e+00	1.482958e-04
-4.022500e+00	1.486832e-04
-4.020000e+00	1.490723e-04
-4.017500e+00	1.494630e-04
-4.015000e+00	1.498554e-04
-4.012500e+00	1.502495e-04
-4.010000e+00	1.506452e-04
-4.007500e+00	1.510427e-04
-4.005000e+00	1.514418e-04
-4.002500e+00	1.518427e-04
-4.000000e+00	1.522453e-04
-3.997500e+00	1.526497e-04
-3.995000e+00	1.530558e-04
-3.992500e+00	1.534636e-04
-3.990000e+00	1.538732e-04
-3.987500e+00	1.542846e-04
-3.985000e+00	1.546978e-04
-3.982500e+00	1.551128e-04
-3.980000e+00	1.555296e-04
-3.977500e+00	1.559482e-04
-3.975000e+00	1.563687e-04
-3.972500e+00	1.567910e-04
-3.970000e+00	1.572151e-04
-3.967500e+00	1.576411e-04
-3.965000e+00	1.580690e-04
-3.962500e+00	1.584988e-04
-3.960000e+00	1.589304e-04
-3.957500e+00	1.593640e-04
-3.955000e+00	1.597995e-04
-3.952500e+00	1.602369e-04
-3.950000e+00	1.606763e-04
-3.947500e+00	1.611177e-04
-3.945000e+00	1.615609e-04
-3.942500e+00	1.620062e-04
-3.940000e+00	1.624535e-04
-3.937500e+00	1.629028e-04
-3.935000e+00	1.633540e-04
-3.932500e+00	1.638074e-04
-3.930000e+00	1.642627e-04
-3.927500e+00	1.647201e-04
-3.925000e+00	1.651796e-04
-3.922500e+00	1.656411e-04
-3.920000e+00	1.661047e-04
-3.917500e+00	1.665705e-04
-3.915000e+00	1.670383e-04
-3.912500e+00	1.675083e-04
-3.910000e+00	1.679804e-04
-3.907500e+00	1.684547e-04
-3.905000e+00	1.689311e-04
-3.902500e+00	1.694098e-04
-3.900000e+00	1.698906e-04
-3.897500e+00	1.703736e-04
-3.895000e+00	1.708589e-04
-3.892500e+00	1.713463e-04
-3.890000e+00	1.718361e-04
-3.887500e+00	1.723281e-04
-3.885000e+00	1.728224e-04
-3.882500e+00	1.733189e-04
-3.880000e+00	1.738178e-04
-3.877500e+00	1.743190e-04
-3.875000e+00	1.748225e-04
-3.872500e+00	1.753284e-04
-3.870000e+00	1.758366e-04
-3.867500e+00	1.763473e-04
-3.865000e+00	1.768603e-04
-3.862500e+00	1.773757e-04
-3.860000e+00	1.778936e-04
-3.857500e+00	1.784139e-04
-3.855000e+00	1.789366e-04
-3.852500e+00	1.794618e-04
-3.850000e+00	1.799896e-04
-3.847500e+00	1.805198e-04
-3.845000e+00	1.810525e-04
-3.842500e+00	1.815878e-04
-3.840000e+00	1.821256e-04
-3.837500e+00	1.826660e-04
-3.835000e+00	1.832090e-04
-3.832500e+00	1.837545e-04
-3.830000e+00	1.843027e-04
-3.827500e+00	1.848536e-04
-3.825000e+00	1.854070e-04
-3.822500e+00	1.859632e-04
-3.820000e+00	1.865220e-04
-3.817500e+00	1.870836e-04
-3.815000e+00	1.876478e-04
-3.812500e+00	1.882149e-04
-3.810000e+00	1.887846e-04
-3.807500e+00	1.893572e-04
-3.805000e+00	1.899325e-04
-3.802500e+00	1.905106e-04
-3.800000e+00	1.910916e-04
-3.797500e+00	1.916755e-04
-3.795000e+00	1.922622e-04
-3.792500e+00	1.928517e-04
-3.790000e+00	1.934442e-04
-3.787500e+00	1.940397e-04
-3.785000e+00	1.946380e-04
-3.782500e+00	1.952394e-04
-3.780000e+00	1.958437e-04
-3.777500e+00	1.964510e-04
-3.775000e+00	1.970613e-04
-3.772500e+00	1.976747e-04
-3.770000e+00	1.982912e-04
-3.767500e+00	1.989107e-04
-3.765000e+00	1.995334e-04
-3.762500e+00	2.001592e-04
-3.760000e+00	2.007881e-04
-3.757500e+00	2.014202e-04
-3.755000e+00	2.020555e-04
-3.752500e+00	2.026940e-04
-3.750000e+00	2.033358e-04
-3.747500e+00	2.039808e-04
-3.745000e+00	2.046291e-04
-3.742500e+00	2.052806e-04
-3.740000e+00	2.059356e-04
-3.737500e+00	2.065938e-04
-3.735000e+00	2.072555e-04
-3.732500e+00	2.079205e-04
-3.730000e+00	2.085890e-04
-3.727500e+00	2.092608e-04
-3.725000e+00	2.099362e-04
-3.722500e+00	2.106151e-04
-3.720000e+00	2.112974e-04
-3.717500e+00	2.119833e-04
-3.715000e+00	2.126728e-04
-3.712500e+00	2.133659e-04
-3.710000e+00	2.140625e-04
-3.707500e+00	2.147628e-04
-3.705000e+00	2.154668e-04
-3.702500e+00	2.161745e-04
-3.700000e+00	2.168859e-04
-3.697500e+00	2.176010e-04
-3.695000e+00	2.183199e-04
-3.692500e+00	2.190426e-04
-3.690000e+00	2.197691e-04
-3.687500e+00	2.204995e-04
-3.685000e+00	2.212337e-04
-3.682500e+00	2.219719e-04
-3.680000e+00	2.227140e-04
-3.677500e+00	2.234600e-04
-3.675000e+00	2.242101e-04
-3.672500e+00	2.249641e-04
-3.670000e+00	2.257222e-04
-3.667500e+00	2.264844e-04
-3.665000e+00	2.272507e-04
-3.662500e+00	2.280212e-04
-3.660000e+00	2.287958e-04
-3.657500e+00	2.295746e-04
-3.655000e+00	2.303576e-04
-3.652500e+00	2.311449e-04
-3.650000e+00	2.319364e-04
-3.647500e+00	2.327323e-04
-3.645000e+00	2.335326e-04
-3.642500e+00	2.343372e-04
-3.640000e+00	2.351463e-04
-3.637500e+00	2.359598e-04
-3.635000e+00	2.367778e-04
-3.632500e+00	2.376003e-04
-3.630000e+00	2.384273e-04
-3.627500e+00	2.392590e-04
-3.625000e+00	2.400952e-04
-3.622500e+00	2.409361e-04
-3.620000e+00	2.417817e-04
-3.617500e+00	2.426321e-04
-3.615000e+00	2.434871e-04
-3.612500e+00	2.443470e-04
-3.610000e+00	2.452117e-04
-3.607500e+00	2.460813e-04
-3.605000e+00	2.469558e-04
-3.602500e+00	2.478352e-04
-3.600000e+00	2.487196e-04
-3.597500e+00	2.496090e-04
-3.595000e+00	2.505035e-04
-3.592500e+00	2.514030e-04
-3.590000e+00	2.523077e-04
-3.587500e+00	2.532176e-04
-3.585000e+00	2.541327e-04
-3.582500e+00	2.550530e-04
-3.580000e+00	2.559786e-04
-3.577500e+00	2.569096e-04
-3.575000e+00	2.578459e-04
-3.572500e+00	2.587876e-04
-3.570000e+00	2.597348e-04
-3.567500e+00	2.606875e-04
-3.565000e+00	2.616458e-04
-3.562500e+00	2.626096e-04
-3.560000e+00	2.635791e-04
-3.557500e+00	2.645542e-04
-3.555000e+00	2.655351e-04
-3.552500e+00	2.665217e-04
-3.550000e+00	2.675142e-04
-3.547500e+00	2.685125e-04
-3.545000e+00	2.695167e-04
-3.542500e+00	2.705268e-04
-3.540000e+00	2.715430e-04
-3.537500e+00	2.725651e-04
-3.535000e+00	2.735934e-04
-3.532500e+00	2.746279e-04
-3.530000e+00	2.756685e-04
-3.527500e+00	2.767153e-04
-3.525000e+00	2.777685e-04
-3.522500e+00	2.788280e-04
-3.520000e+00	2.798939e-04
-3.517500e+00	2.809662e-04
-3.515000e+00	2.820451e-04
-3.512500e+00	2.831305e-04
-3.510000e+00	2.842225e-04
-3.507500e+00	2.853211e-04
-3.505000e+00	2.864265e-04
-3.502500e+00	2.875386e-04
-3.500000e+00	2.886576e-04
-3.497500e+00	2.897834e-04
-3.495000e+00	2.909162e-04
-3.492500e+00	2.920560e-04
-3.490000e+00	2.932028e-04
-3.487500e+00	2.943568e-04
-3.485000e+00	2.955179e-04
-3.482500e+00	2.966862e-04
-3.480000e+00	2.978618e-04
-3.477500e+00	2.990448e-04
-3.475000e+00	3.002352e-04
-3.472500e+00	3.014331e-04
-3.470000e+00	3.026385e-04
-3.467500e+00	3.038516e-04
-3.465000e+00	3.050723e-04
-3.462500e+00	3.063007e-04
-3.460000e+00	3.075369e-04
-3.457500e+00	3.087810e-04
-3.455000e+00	3.100330e-04
-3.452500e+00	3.112931e-04
-3.450000e+00	3.125612e-04
-3.447500e+00	3.138374e-04
-3.445000e+00	3.151218e-04
-3.442500e+00	3.164146e-04
-3.440000e+00	3.177156e-04
-3.437500e+00	3.190251e-04
-3.435000e+00	3.203431e-04
-3.432500e+00	3.216697e-04
-3.430000e+00	3.230049e-04
-3.427500e+00	3.243489e-04
-3.425000e+00	3.257016e-04
-3.422500e+00	3.270632e-04
-3.420000e+00	3.284338e-04
-3.417500e+00	3.298134e-04
-3.415000e+00	3.312021e-04
-3.412500e+00	3.326000e-04
-3.410000e+00	3.340072e-04
-3.407500e+00	3.354238e-04
-3.405000e+00	3.368498e-04
-3.402500e+00	3.382853e-04
-3.400000e+00	3.397304e-04
-3.397500e+00	3.411852e-04
-3.395000e+00	3.426499e-04
-3.392500e+00	3.441244e-04
-3.390000e+00	3.456088e-04
-3.387500e+00	3.471033e-04
-3.385000e+00	3.486080e-04
-3.382500e+00	3.501229e-04
-3.380000e+00	3.516481e-04
-3.377500e+00	3.531838e-04
-3.375000e+00	3.547299e-04
-3.372500e+00	3.562867e-04
-3.370000e+00	3.578542e-04
-3.367500e+00	3.594326e-04
-3.365000e+00	3.610218e-04
-3.362500e+00	3.626221e-04
-3.360000e+00	3.642335e-04
-3.357500e+00	3.658561e-04
-3.355000e+00	3.674900e-04
-3.352500e+00	3.691354e-04
-3.350000e+00	3.707923e-04
-3.347500e+00	3.724609e-04
-3.345000e+00	3.741412e-04
-3.342500e+00	3.758334e-04
-3.340000e+00	3.775376e-04
-3.337500e+00	3.792539e-04
-3.335000e+00	3.809824e-04
-3.332500e+00	3.827232e-04
-3.330000e+00	3.844765e-04
-3.327500e+00	3.862423e-04
-3.325000e+00	3.880209e-04
-3.322500e+00	3.898122e-04
-3.320000e+00	3.916165e-04
-3.317500e+00	3.934338e-04
-3.315000e+00	3.952644e-04
-3.312500e+00	3.971082e-04
-3.310000e+00	3.989655e-04
-3.307500e+00	4.008364e-04
-3.305000e+00	4.027210e-04
-3.302500e+00	4.046194e-04
-3.300000e+00	4.065319e-04
-3.297500e+00	4.084584e-04
-3.295000e+00	4.103992e-04
-3.292500e+00	4.123544e-04
-3.290000e+00	4.143241e-04
-3.287500e+00	4.163086e-04
-3.285000e+00	4.183079e-04
-3.282500e+00	4.203221e-04
-3.280000e+00	4.223515e-04
-3.277500e+00	4.243962e-04
-3.275000e+00	4.264563e-04
-3.272500e+00	4.285321e-04
-3.270000e+00	4.306236e-04
-3.267500e+00	4.327310e-04
-3.265000e+00	4.348545e-04
-3.262500e+00	4.369943e-04
-3.260000e+00	4.391504e-04
-3.257500e+00	4.413232e-04
-3.255000e+00	4.435127e-04
-3.252500e+00	4.457191e-04
-3.250000e+00	4.479426e-04
-3.247500e+00	4.501834e-04
-3.245000e+00	4.524417e-04
-3.242500e+00	4.547176e-04
-3.240000e+00	4.570114e-04
-3.237500e+00	4.593232e-04
-3.235000e+00	4.616531e-04
-3.232500e+00	4.640015e-04
-3.230000e+00	4.663685e-04
-3.227500e+00	4.687542e-04
-3.225000e+00	4.711590e-04
-3.222500e+00	4.735829e-04
-3.220000e+00	4.760262e-04
-3.217500e+00	4.784892e-04
-3.215000e+00	4.809719e-04
-3.212500e+00	4.834747e-04
-3.210000e+00	4.859978e-04
-3.207500e+00	4.885413e-04
-3.205000e+00	4.911055e-04
-3.202500e+00	4.936906e-04
-3.200000e+00	4.962969e-04
-3.197500e+00	4.989245e-04
-3.195000e+00	5.015738e-04
-3.192500e+00	5.042449e-04
-3.190000e+00	5.069381e-04
-3.187500e+00	5.096536e-04
-3.185000e+00	5.123918e-04
-3.182500e+00	5.151527e-04
-3.180000e+00	5.179368e-04
-3.177500e+00	5.207442e-04
-3.175000e+00	5.235752e-04
-3.172500e+00	5.264301e-04
-3.170000e+00	5.293092e-04
-3.167500e+00	5.322127e-04
-3.165000e+00	5.351409e-04
-3.162500e+00	5.380941e-04
-3.160000e+00	5.410725e-04
-3.157500e+00	5.440765e-04
-3.155000e+00	5.471064e-04
-3.152500e+00	5.501624e-04
-3.150000e+00	5.532449e-04
-3.147500e+00	5.563541e-04
-3.145000e+00	5.594904e-04
-3.142500e+00	5.626542e-04
-3.140000e+00	5.658456e-04
-3.137500e+00	5.690650e-04
-3.135000e+00	5.723129e-04
-3.132500e+00	5.755894e-04
-3.130000e+00	5.788950e-04
-3.127500e+00	5.822299e-04
-3.125000e+00	5.855946e-04
-3.122500e+00	5.889894e-04
-3.120000e+00	5.924147e-04
-3.117500e+00	5.958708e-04
-3.115000e+00	5.993580e-04
-3.112500e+00	6.028769e-04
-3.110000e+00	6.064277e-04
-3.107500e+00	6.100108e-04
-3.105000e+00	6.136267e-04
-3.102500e+00	6.172757e-04
-3.100000e+00	6.209582e-04
-3.097500e+00	6.246748e-04
-3.095000e+00	6.284256e-04
-3.092500e+00	6.322113e-04
-3.090000e+00	6.360323e-04
-3.087500e+00	6.398889e-04
-3.085000e+00	6.437816e-04
-3.082500e+00	6.477110e-04
-3.080000e+00	6.516773e-04
-3.077500e+00	6.556812e-04
-3.075000e+00	6.597230e-04
-3.072500e+00	6.638034e-04
-3.070000e+00	6.679226e-04
-3.067500e+00	6.720813e-04
-3.065000e+00	6.762800e-04
-3.062500e+00	6.805192e-04
-3.060000e+00	6.847993e-04
-3.057500e+00	6.891210e-04
-3.055000e+00	6.934848e-04
-3.052500e+00	6.978912e-04
-3.050000e+00	7.023407e-04
-3.047500e+00	7.068340e-04
-3.045000e+00	7.113716e-04
-3.042500e+00	7.159542e-04
-3.040000e+00	7.205822e-04
-3.037500e+00	7.252563e-04
-3.035000e+00	7.299772e-04
-3.032500e+00	7.347454e-04
-3.030000e+00	7.395616e-04
-3.027500e+00	7.444264e-04
-3.025000e+00	7.493405e-04
-3.022500e+00	7.543046e-04
-3.020000e+00	7.593193e-04
-3.017500e+00	7.643854e-04
-3.015000e+00	7.695035e-04
-3.012500e+00	7.746743e-04
-3.010000e+00	7.798987e-04
-3.007500e+00	7.851772e-04
-3.005000e+00	7.905107e-04
-3.002500e+00	7.959000e-04
-3.000000e+00	8.013458e-04
-2.997500e+00	8.068490e-04
-2.995000e+00	8.124102e-04
-2.992500e+00	8.180304e-04
-2.990000e+00	8.237104e-04
-2.987500e+00	8.294511e-04
-2.985000e+00	8.352532e-04
-2.982500e+00	8.411178e-04
-2.980000e+00	8.470456e-04
-2.977500e+00	8.530377e-04
-2.975000e+00	8.590949e-04
-2.972500e+00	8.652182e-04
-2.970000e+00	8.714085e-04
-2.967500e+00	8.776669e-04
-2.965000e+00	8.839943e-04
-2.962500e+00	8.903918e-04
-2.960000e+00	8.968604e-04
-2.957500e+00	9.034012e-04
-2.955000e+00	9.100152e-04
-2.952500e+00	9.167035e-04
-2.950000e+00	9.234673e-04
-2.947500e+00	9.303077e-04
-2.945000e+00	9.372259e-04
-2.942500e+00	9.442230e-04
-2.940000e+00	9.513003e-04
-2.937500e+00	9.584590e-04
-2.935000e+00	9.657003e-04
-2.932500e+00	9.730255e-04
-2.930000e+00	9.804359e-04
-2.927500e+00	9.879329e-04
-2.925000e+00	9.955178e-04
-2.922500e+00	1.003192e-03
-2.920000e+00	1.010957e-03
-2.917500e+00	1.018814e-03
-2.915000e+00	1.026765e-03
-2.912500e+00	1.034810e-03
-2.910000e+00	1.042953e-03
-2.907500e+00	1.051193e-03
-2.905000e+00	1.059533e-03
-2.902500e+00	1.067975e-03
-2.900000e+00	1.076520e-03
-2.897500e+00	1.085169e-03
-2.895000e+00	1.093925e-03
-2.892500e+00	1.102789e-03
-2.890000e+00	1.111763e-03
-2.887500e+00	1.120849e-03
-2.885000e+00	1.130048e-03
-2.882500e+00	1.139363e-03
-2.880000e+00	1.148796e-03
-2.877500e+00	1.158348e-03
-2.875000e+00	1.168022e-03
-2.872500e+00	1.177819e-03
-2.870000e+00	1.187742e-03
-2.867500e+00	1.197793e-03
-2.865000e+00	1.207974e-03
-2.862500e+00	1.218287e-03
-2.860000e+00	1.228735e-03
-2.857500e+00	1.239321e-03
-2.855000e+00	1.250045e-03
-2.852500e+00	1.260912e-03
-2.850000e+00	1.271922e-03
-2.847500e+00	1.283080e-03
-2.845000e+00	1.294388e-03
-2.842500e+00	1.305848e-03
-2.840000e+00	1.317462e-03
-2.837500e+00	1.329235e-03
-2.835000e+00	1.341169e-03
-2.832500e+00	1.353266e-03
-2.830000e+00	1.365530e-03
-2.827500e+00	1.377963e-03
-2.825000e+00	1.390570e-03
-2.822500e+00	1.403353e-03
-2.820000e+00	1.416315e-03
-2.817500e+00	1.429460e-03
-2.815000e+00	1.442791e-03
-2.812500e+00	1.456312e-03
-2.810000e+00	1.470027e-03
-2.807500e+00	1.483939e-03
-2.805000e+00	1.498052e-03
-2.802500e+00	1.512369e-03
-2.800000e+00	1.526896e-03
-2.797500e+00	1.541635e-03
-2.795000e+00	1.556592e-03
-2.792500e+00	1.571769e-03
-2.790000e+00	1.587173e-03
-2.787500e+00	1.602807e-03
-2.785000e+00	1.618676e-03
-2.782500e+00	1.634784e-03
-2.780000e+00	1.651138e-03
-2.777500e+00	1.667740e-03
-2.775000e+00	1.684597e-03
-2.772500e+00	1.701714e-03
-2.770000e+00	1.719096e-03
-2.767500e+00	1.736749e-03
-2.765000e+00	1.754678e-03
-2.762500e+00	1.772889e-03
-2.760000e+00	1.791389e-03
-2.757500e+00	1.810182e-03
-2.755000e+00	1.829276e-03
-2.752500e+00	1.848677e-03
-2.750000e+00	1.868392e-03
-2.747500e+00	1.888427e-03
-2.745000e+00	1.908789e-03
-2.742500e+00	1.929486e-03
-2.740000e+00	1.950524e-03
-2.737500e+00	1.971912e-03
-2.735000e+00	1.993658e-03
-2.732500e+00	2.015768e-03
-2.730000e+00	2.038252e-03
-2.727500e+00	2.061118e-03
-2.725000e+00	2.084374e-03
-2.722500e+00	2.108030e-03
-2.720000e+00	2.132095e-03
-2.717500e+00	2.156578e-03
-2.715000e+00	2.181489e-03
-2.712500e+00	2.206838e-03
-2.710000e+00	2.232636e-03
-2.707500e+00	2.258892e-03
-2.705000e+00	2.285618e-03
-2.702500e+00	2.312826e-03
-2.700000e+00	2.340527e-03
-2.697500e+00	2.368732e-03
-2.695000e+00	2.397455e-03
-2.692500e+00	2.426707e-03
-2.690000e+00	2.456503e-03
-2.687500e+00	2.486855e-03
-2.685000e+00	2.517778e-03
-2.682500e+00	2.549286e-03
-2.680000e+00	2.581393e-03
-2.677500e+00	2.614116e-03
-2.675000e+00	2.647469e-03
-2.672500e+00	2.681470e-03
-2.670000e+00	2.716135e-03
-2.667500e+00	2.751481e-03
-2.665000e+00	2.787527e-03
-2.662500e+00	2.824291e-03
-2.660000e+00	2.861792e-03
-2.657500e+00	2.900051e-03
-2.655000e+00	2.939087e-03
-2.652500e+00	2.978922e-03
-2.650000e+00	3.019577e-03
-2.647500e+00	3.061077e-03
-2.645000e+00	3.103443e-03
-2.642500e+00	3.146700e-03
-2.640000e+00	3.190874e-03
-2.637500e+00	3.235991e-03
-2.635000e+00	3.282078e-03
-2.632500e+00	3.329162e-03
-2.630000e+00	3.377272e-03
-2.627500e+00	3.426439e-03
-2.625000e+00	3.476694e-03
-2.622500e+00	3.528070e-03
-2.620000e+00	3.580599e-03
-2.617500e+00	3.634316e-03
-2.615000e+00	3.689258e-03
-2.612500e+00	3.745462e-03
-2.610000e+00	3.802968e-03
-2.607500e+00	3.861815e-03
-2.605000e+00	3.922045e-03
-2.602500e+00	3.983703e-03
-2.600000e+00	4.046834e-03
-2.597500e+00	4.111484e-03
-2.595000e+00	4.177704e-03
-2.592500e+00	4.245544e-03
-2.590000e+00	4.315059e-03
-2.587500e+00	4.386302e-03
-2.585000e+00	4.459332e-03
-2.582500e+00	4.534210e-03
-2.580000e+00	4.610998e-03
-2.577500e+00	4.689761e-03
-2.575000e+00	4.770569e-03
-2.572500e+00	4.853491e-03
-2.570000e+00	4.938604e-03
-2.567500e+00	5.025984e-03
-2.565000e+00	5.115713e-03
-2.562500e+00	5.207876e-03
-2.560000e+00	5.302561e-03
-2.557500e+00	5.399861e-03
-2.555000e+00	5.499874e-03
-2.552500e+00	5.602702e-03
-2.550000e+00	5.708450e-03
-2.547500e+00	5.817231e-03
-2.545000e+00	5.929161e-03
-2.542500e+00	6.044363e-03
-2.540000e+00	6.162967e-03
-2.537500e+00	6.285106e-03
-2.535000e+00	6.410924e-03
-2.532500e+00	6.540569e-03
-2.530000e+00	6.674197e-03
-2.527500e+00	6.811975e-03
-2.525000e+00	6.954074e-03
-2.522500e+00	7.100679e-03
-2.520000e+00	7.251980e-03
-2.517500e+00	7.408182e-03
-2.515000e+00	7.569497e-03
-2.512500e+00	7.736151e-03
-2.510000e+00	7.908383e-03
-2.507500e+00	8.086443e-03
-2.505000e+00	8.270598e-03
-2.502500e+00	8.461128e-03
-2.500000e+00	8.658332e-03
-2.497500e+00	8.862525e-03
-2.495000e+00	9.074040e-03
-2.492500e+00	9.293231e-03
-2.490000e+00	9.520475e-03
-2.487500e+00	9.756170e-03
-2.485000e+00	1.000074e-02
-2.482500e+00	1.025464e-02
-2.480000e+00	1.051834e-02
-2.477500e+00	1.079236e-02
-2.475000e+00	1.107724e-02
-2.472500e+00	1.137356e-02
-2.470000e+00	1.168195e-02
-2.467500e+00	1.200307e-02
-2.465000e+00	1.233762e-02
-2.462500e+00	1.268636e-02
-2.460000e+00	1.305012e-02
-2.457500e+00	1.342976e-02
-2.455000e+00	1.382622e-02
-2.452500e+00	1.424050e-02
-2.450000e+00	1.467370e-02
-2.447500e+00	1.512697e-02
-2.445000e+00	1.560158e-02
-2.442500e+00	1.609888e-02
-2.440000e+00	1.662035e-02
-2.437500e+00	1.716757e-02
-2.435000e+00	1.774226e-02
-2.432500e+00	1.834629e-02
-2.430000e+00	1.898169e-02
-2.427500e+00	1.965067e-02
-2.425000e+00	2.035563e-02
-2.422500e+00	2.109919e-02
-2.420000e+00	2.188421e-02
-2.417500e+00	2.271384e-02
-2.415000e+00	2.359152e-02
-2.412500e+00	2.452100e-02
-2.410000e+00	2.550646e-02
-2.407500e+00	2.655245e-02
-2.405000e+00	2.766403e-02
-2.402500e+00	2.884680e-02
-2.400000e+00	3.010693e-02
-2.397500e+00	3.145132e-02
-2.395000e+00	3.288761e-02
-2.392500e+00	3.442437e-02
-2.390000e+00	3.607114e-02
-2.387500e+00	3.783866e-02
-2.385000e+00	3.973898e-02
-2.382500e+00	4.178570e-02
-2.380000e+00	4.399419e-02
-2.377500e+00	4.638188e-02
-2.375000e+00	4.896862e-02
-2.372500e+00	5.177707e-02
-2.370000e+00	5.483317e-02
-2.367500e+00	5.816676e-02
-2.365000e+00	6.181231e-02
-2.362500e+00	6.580975e-02
-2.360000e+00	7.020557e-02
-2.357500e+00	7.505416e-02
-2.355000e+00	8.041945e-02
-2.352500e+00	8.637696e-02
-2.350000e+00	9.301639e-02
-2.347500e+00	1.004450e-01
-2.345000e+00	1.087916e-01
-2.342500e+00	1.182123e-01
-2.340000e+00	1.288974e-01
-2.337500e+00	1.410805e-01
-2.335000e+00	1.550512e-01
-2.332500e+00	1.711710e-01
-2.330000e+00	1.898961e-01
-2.327500e+00	2.118078e-01
-2.325000e+00	2.376545e-01
-2.322500e+00	2.684117e-01
-2.320000e+00	3.053660e-01
-2.317500e+00	3.502376e-01
-2.315000e+00	4.053570e-01
-2.312500e+00	4.739268e-01
-2.310000e+00	5.604084e-01
-2.307500e+00	6.710911e-01
-2.305000e+00	8.149129e-01
-2.302500e+00	1.004564e+00
-2.300000e+00	1.257691e+00
-2.297500e+00	1.597245e+00
-2.295000e+00	2.047634e+00
-2.292500e+00	2.617936e+00
-2.290000e+00	3.258246e+00
-2.287500e+00	3.799844e+00
-2.285000e+00	3.988101e+00
-2.282500e+00	3.708577e+00
-2.280000e+00	3.126304e+00
-2.277500e+00	2.491221e+00
-2.275000e+00	1.944488e+00
-2.272500e+00	1.518696e+00
-2.270000e+00	1.199091e+00
-2.267500e+00	9.608085e-01
-2.265000e+00	7.819014e-01
-2.262500e+00	6.458302e-01
-2.260000e+00	5.407827e-01
-2.257500e+00	4.584500e-01
-2.255000e+00	3.929786e-01
-2.252500e+00	3.402073e-01
-2.250000e+00	2.971406e-01
-2.247500e+00	2.615922e-01
-2.245000e+00	2.319442e-01
-2.242500e+00	2.069826e-01
-2.240000e+00	1.857850e-01
-2.237500e+00	1.676416e-01
-2.235000e+00	1.520001e-01
-2.232500e+00	1.384261e-01
-2.230000e+00	1.265744e-01
-2.227500e+00	1.161684e-01
-2.225000e+00	1.069841e-01
-2.222500e+00	9.883917e-02
-2.220000e+00	9.158358e-02
-2.217500e+00	8.509334e-02
-2.215000e+00	7.926517e-02
-2.212500e+00	7.401253e-02
-2.210000e+00	6.926249e-02
-2.207500e+00	6.495326e-02
-2.205000e+00	6.103219e-02
-2.202500e+00	5.745426e-02
-2.200000e+00	5.418074e-02
-2.197500e+00	5.117819e-02
-2.195000e+00	4.841764e-02
-2.192500e+00	4.587384e-02
-2.190000e+00	4.352478e-02
-2.187500e+00	4.135114e-02
-2.185000e+00	3.933592e-02
-2.182500e+00	3.746416e-02
-2.180000e+00	3.572258e-02
-2.177500e+00	3.409943e-02
-2.175000e+00	3.258423e-02
-2.172500e+00	3.116764e-02
-2.170000e+00	2.984131e-02
-2.167500e+00	2.859775e-02
-2.165000e+00	2.743023e-02
-2.162500e+00	2.633268e-02
-2.160000e+00	2.529964e-02
-2.157500e+00	2.432616e-02
-2.155000e+00	2.340774e-02
-2.152500e+00	2.254034e-02
-2.150000e+00	2.172024e-02
-2.147500e+00	2.094407e-02
-2.145000e+00	2.020875e-02
-2.142500e+00	1.951148e-02
-2.140000e+00	1.884967e-02
-2.137500e+00	1.822096e-02
-2.135000e+00	1.762319e-02
-2.132500e+00	1.705436e-02
-2.130000e+00	1.651264e-02
-2.127500e+00	1.599633e-02
-2.125000e+00	1.550387e-02
-2.122500e+00	1.503382e-02
-2.120000e+00	1.458483e-02
-2.117500e+00	1.415568e-02
-2.115000e+00	1.374520e-02
-2.112500e+00	1.335234e-02
-2.110000e+00	1.297609e-02
-2.107500e+00	1.261554e-02
-2.105000e+00	1.226983e-02
-2.102500e+00	1.193816e-02
-2.100000e+00	1.161976e-02
-2.097500e+00	1.131396e-02
-2.095000e+00	1.102009e-02
-2.092500e+00	1.073753e-02
-2.090000e+00	1.046573e-02
-2.087500e+00	1.020413e-02
-2.085000e+00	9.952234e-03
-2.082500e+00	9.709570e-03
-2.080000e+00	9.475692e-03
-2.077500e+00	9.250181e-03
-2.075000e+00	9.032643e-03
-2.072500e+00	8.822706e-03
-2.070000e+00	8.620020e-03
-2.067500e+00	8.424257e-03
-2.065000e+00	8.235104e-03
-2.062500e+00	8.052268e-03
-2.060000e+00	7.875470e-03
-2.057500e+00	7.704447e-03
-2.055000e+00	7.538952e-03
-2.052500e+00	7.378748e-03
-2.050000e+00	7.223613e-03
-2.047500e+00	7.073334e-03
-2.045000e+00	6.927712e-03
-2.042500e+00	6.786557e-03
-2.040000e+00	6.649687e-03
-2.037500e+00	6.516931e-03
-2.035000e+00	6.388126e-03
-2.032500e+00	6.263117e-03
-2.030000e+00	6.141756e-03
-2.027500e+00	6.023902e-03
-2.025000e+00	5.909423e-03
-2.022500e+00	5.798190e-03
-2.020000e+00	5.690081e-03
-2.017500e+00	5.584982e-03
-2.015000e+00	5.482781e-03
-2.012500e+00	5.383373e-03
-2.010000e+00	5.286657e-03
-2.007500e+00	5.192538e-03
-2.005000e+00	5.100921e-03
-2.002500e+00	5.011721e-03
-2.000000e+00	4.924852e-03
-1.997500e+00	4.840235e-03
-1.995000e+00	4.757792e-03
-1.992500e+00	4.677449e-03
-1.990000e+00	4.599136e-03
-1.987500e+00	4.522784e-03
-1.985000e+00	4.448330e-03
-1.982500e+00	4.375710e-03
-1.980000e+00	4.304866e-03
-1.977500e+00	4.235738e-03
-1.975000e+00	4.168274e-03
-1.972500e+00	4.102419e-03
-1.970000e+00	4.038123e-03
-1.967500e+00	3.975337e-03
-1.965000e+00	3.914015e-03
-1.962500e+00	3.854110e-03
-1.960000e+00	3.795581e-03
-1.957500e+00	3.738384e-03
-1.955000e+00	3.682481e-03
-1.952500e+00	3.627831e-03
-1.950000e+00	3.574399e-03
-1.947500e+00	3.522148e-03
-1.945000e+00	3.471044e-03
-1.942500e+00	3.421053e-03
-1.940000e+00	3.372144e-03
-1.937500e+00	3.324285e-03
-1.935000e+00	3.277446e-03
-1.932500e+00	3.231599e-03
-1.930000e+00	3.186717e-03
-1.927500e+00	3.142771e-03
-1.925000e+00	3.099737e-03
-1.922500e+00	3.057588e-03
-1.920000e+00	3.016303e-03
-1.917500e+00	2.975855e-03
-1.915000e+00	2.936225e-03
-1.912500e+00	2.897388e-03
-1.910000e+00	2.859325e-03
-1.907500e+00	2.822015e-03
-1.905000e+00	2.785438e-03
-1.902500e+00	2.749576e-03
-1.900000e+00	2.714409e-03
-1.897500e+00	2.679920e-03
-1.895000e+00	2.646092e-03
-1.892500e+00	2.612907e-03
-1.890000e+00	2.580351e-03
-1.887500e+00	2.548406e-03
-1.885000e+00	2.517058e-03
-1.882500e+00	2.486291e-03
-1.880000e+00	2.456093e-03
-1.877500e+00	2.426448e-03
-1.875000e+00	2.397344e-03
-1.872500e+00	2.368766e-03
-1.870000e+00	2.340704e-03
-1.867500e+00	2.313144e-03
-1.865000e+00	2.286074e-03
-1.862500e+00	2.259484e-03
-1.860000e+00	2.233361e-03
-1.857500e+00	2.207695e-03
-1.855000e+00	2.182475e-03
-1.852500e+00	2.157691e-03
-1.850000e+00	2.133333e-03
-1.847500e+00	2.109392e-03
-1.845000e+00	2.085857e-03
-1.842500e+00	2.062720e-03
-1.840000e+00	2.039972e-03
-1.837500e+00	2.017604e-03
-1.835000e+00	1.995608e-03
-1.832500e+00	1.973975e-03
-1.830000e+00	1.952698e-03
-1.827500e+00	1.931769e-03
-1.825000e+00	1.911181e-03
-1.822500e+00	1.890925e-03
-1.820000e+00	1.870995e-03
-1.817500e+00	1.851384e-03
-1.815000e+00	1.832086e-03
-1.812500e+00	1.813093e-03
-1.810000e+00	1.794399e-03
-1.807500e+00	1.775998e-03
-1.805000e+00	1.757885e-03
-1.802500e+00	1.740052e-03
-1.800000e+00	1.722494e-03
-1.797500e+00	1.705206e-03
-1.795000e+00	1.688182e-03
-1.792500e+00	1.671417e-03
-1.790000e+00	1.654905e-03
-1.787500e+00	1.638642e-03
-1.785000e+00	1.622622e-03
-1.782500e+00	1.606841e-03
-1.780000e+00	1.591294e-03
-1.777500e+00	1.575977e-03
-1.775000e+00	1.560884e-03
-1.772500e+00	1.546012e-03
-1.770000e+00	1.531356e-03
-1.767500e+00	1.516913e-03
-1.765000e+00	1.502677e-03
-1.762500e+00	1.488645e-03
-1.760000e+00	1.474814e-03
-1.757500e+00	1.461179e-03
-1.755000e+00	1.447737e-03
-1.752500e+00	1.434484e-03
-1.750000e+00	1.421417e-03
-1.747500e+00	1.408532e-03
-1.745000e+00	1.395825e-03
-1.742500e+00	1.383294e-03
-1.740000e+00	1.370936e-03
-1.737500e+00	1.358747e-03
-1.735000e+00	1.346723e-03
-1.732500e+00	1.334863e-03
-1.730000e+00	1.323163e-03
-1.727500e+00	1.311621e-03
-1.725000e+00	1.300233e-03
-1.722500e+00	1.288997e-03
-1.720000e+00	1.277910e-03
-1.717500e+00	1.266969e-03
-1.715000e+00	1.256172e-03
-1.712500e+00	1.245517e-03
-1.710000e+00	1.235001e-03
-1.707500e+00	1.224622e-03
-1.705000e+00	1.214376e-03
-1.702500e+00	1.204263e-03
-1.700000e+00	1.194279e-03
-1.697500e+00	1.184423e-03
-1.695000e+00	1.174692e-03
-1.692500e+00	1.165085e-03
-1.690000e+00	1.155598e-03
-1.687500e+00	1.146231e-03
-1.685000e+00	1.136981e-03
-1.682500e+00	1.127846e-03
-1.680000e+00	1.118825e-03
-1.677500e+00	1.109915e-03
-1.675000e+00	1.101114e-03
-1.672500e+00	1.092422e-03
-1.670000e+00	1.083836e-03
-1.667500e+00	1.075354e-03
-1.665000e+00	1.066975e-03
-1.662500e+00	1.058697e-03
-1.660000e+00	1.050518e-03
-1.657500e+00	1.042438e-03
-1.655000e+00	1.034453e-03
-1.652500e+00	1.026564e-03
-1.650000e+00	1.018768e-03
-1.647500e+00	1.011064e-03
-1.645000e+00	1.003450e-03
-1.642500e+00	9.959255e-04
-1.640000e+00	9.884886e-04
-1.637500e+00	9.811380e-04
-1.635000e+00	9.738724e-04
-1.632500e+00	9.666906e-04
-1.630000e+00	9.595912e-04
-1.627500e+00	9.525730e-04
-1.625000e+00	9.456347e-04
-1.622500e+00	9.387753e-04
-1.620000e+00	9.319934e-04
-1.617500e+00	9.252880e-04
-1.615000e+00	9.186578e-04
-1.612500e+00	9.121019e-04
-1.610000e+00	9.056190e-04
-1.607500e+00	8.992081e-04
-1.605000e+00	8.928682e-04
-1.602500e+00	8.865982e-04
-1.600000e+00	8.803971e-04
-1.597500e+00	8.742640e-04
-1.595000e+00	8.681977e-04
-1.592500e+00	8.621974e-04
-1.590000e+00	8.562622e-04
-1.587500e+00	8.503910e-04
-1.585000e+00	8.445830e-04
-1.582500e+00	8.388373e-04
-1.580000e+00	8.331531e-04
-1.577500e+00	8.275293e-04
-1.575000e+00	8.219652e-04
-1.572500e+00	8.164600e-04
-1.570000e+00	8.110129e-04
-1.567500e+00	8.056230e-04
-1.565000e+00	8.002895e-04
-1.562500e+00	7.950117e-04
-1.560000e+00	7.897887e-04
-1.557500e+00	7.846200e-04
-1.555000e+00	7.795046e-04
-1.552500e+00	7.744419e-04
-1.550000e+00	7.694312e-04
-1.547500e+00	7.644718e-04
-1.545000e+00	7.595630e-04
-1.542500e+00	7.547040e-04
-1.540000e+00	7.498943e-04
-1.537500e+00	7.451332e-04
-1.535000e+00	7.404200e-04
-1.532500e+00	7.357541e-04
-1.530000e+00	7.311349e-04
-1.527500e+00	7.265618e-04
-1.525000e+00	7.220341e-04
-1.522500e+00	7.175513e-04
-1.520000e+00	7.131128e-04
-1.517500e+00	7.087180e-04
-1.515000e+00	7.043664e-04
-1.512500e+00	7.000573e-04
-1.510000e+00	6.957903e-04
-1.507500e+00	6.915649e-04
-1.505000e+00	6.873803e-04
-1.502500e+00	6.832363e-04
-1.500000e+00	6.791322e-04
-1.497500e+00	6.750675e-04
-1.495000e+00	6.710418e-04
-1.492500e+00	6.670546e-04
-1.490000e+00	6.631053e-04
-1.487500e+00	6.591935e-04
-1.485000e+00	6.553188e-04
-1.482500e+00	6.514806e-04
-1.480000e+00	6.476786e-04
-1.477500e+00	6.439123e-04
-1.475000e+00	6.401812e-04
-1.472500e+00	6.364849e-04
-1.470000e+00	6.328230e-04
-1.467500e+00	6.291951e-04
-1.465000e+00	6.256007e-04
-1.462500e+00	6.220395e-04
-1.460000e+00	6.185111e-04
-1.457500e+00	6.150150e-04
-1.455000e+00	6.115509e-04
-1.452500e+00	6.081184e-04
-1.450000e+00	6.047172e-04
-1.447500e+00	6.013467e-04
-1.445000e+00	5.980068e-04
-1.442500e+00	5.946970e-04
-1.440000e+00	5.914169e-04
-1.437500e+00	5.881663e-04
-1.435000e+00	5.849448e-04
-1.432500e+00	5.817520e-04
-1.430000e+00	5.785876e-04
-1.427500e+00	5.754513e-04
-1.425000e+00	5.723428e-04
-1.422500e+00	5.692617e-04
-1.420000e+00	5.662077e-04
-1.417500e+00	5.631806e-04
-1.415000e+00	5.601799e-04
-1.412500e+00	5.572055e-04
-1.410000e+00	5.542569e-04
-1.407500e+00	5.513340e-04
-1.405000e+00	5.484364e-04
-1.402500e+00	5.455639e-04
-1.400000e+00	5.427161e-04
-1.397500e+00	5.398928e-04
-1.395000e+00	5.370938e-04
-1.392500e+00	5.343186e-04
-1.390000e+00	5.315672e-04
-1.387500e+00	5.288392e-04
-1.385000e+00	5.261343e-04
-1.382500e+00	5.234524e-04
-1.380000e+00	5.207931e-04
-1.377500e+00	5.181563e-04
-1.375000e+00	5.155416e-04
-1.372500e+00	5.129488e-04
-1.370000e+00	5.103778e-04
-1.367500e+00	5.078282e-04
-1.365000e+00	5.052998e-04
-1.362500e+00	5.027924e-04
-1.360000e+00	5.003058e-04
-1.357500e+00	4.978398e-04
-1.355000e+00	4.953941e-04
-1.352500e+00	4.929685e-04
-1.350000e+00	4.905629e-04
-1.347500e+00	4.881769e-04
-1.345000e+00	4.858104e-04
-1.342500e+00	4.834632e-04
-1.340000e+00	4.811352e-04
-1.337500e+00	4.788260e-04
-1.335000e+00	4.765355e-04
-1.332500e+00	4.742635e-04
-1.330000e+00	4.720098e-04
-1.327500e+00	4.697742e-04
-1.325000e+00	4.675566e-04
-1.322500e+00	4.653567e-04
-1.320000e+00	4.631744e-04
-1.317500e+00	4.610095e-04
-1.315000e+00	4.588618e-04
-1.312500e+00	4.567312e-04
-1.310000e+00	4.546174e-04
-1.307500e+00	4.525203e-04
-1.305000e+00	4.504398e-04
-1.302500e+00	4.483756e-04
-1.300000e+00	4.463276e-04
-1.297500e+00	4.442957e-04
-1.295000e+00	4.422797e-04
-1.292500e+00	4.402794e-04
-1.290000e+00	4.382947e-04
-1.287500e+00	4.363254e-04
-1.285000e+00	4.343713e-04
-1.282500e+00	4.324324e-04
-1.280000e+00	4.305085e-04
-1.277500e+00	4.285993e-04
-1.275000e+00	4.267049e-04
-1.272500e+00	4.248250e-04
-1.270000e+00	4.229595e-04
-1.267500e+00	4.211083e-04
-1.265000e+00	4.192712e-04
-1.262500e+00	4.174481e-04
-1.260000e+00	4.156389e-04
-1.257500e+00	4.138434e-04
-1.255000e+00	4.120615e-04
-1.252500e+00	4.102930e-04
-1.250000e+00	4.085379e-04
-1.247500e+00	4.067960e-04
-1.245000e+00	4.050672e-04
-1.242500e+00	4.033514e-04
-1.240000e+00	4.016485e-04
-1.237500e+00	3.999582e-04
-1.235000e+00	3.982806e-04
-1.232500e+00	3.966155e-04
-1.230000e+00	3.949627e-04
-1.227500e+00	3.933223e-04
-1.225000e+00	3.916939e-04
-1.222500e+00	3.900777e-04
-1.220000e+00	3.884733e-04
-1.217500e+00	3.868808e-04
-1.215000e+00	3.853000e-04
-1.212500e+00	3.837309e-04
-1.210000e+00	3.821732e-04
-1.207500e+00	3.806269e-04
-1.205000e+00	3.790920e-04
-1.202500e+00	3.775683e-04
-1.200000e+00	3.760556e-04
-1.197500e+00	3.745540e-04
-1.195000e+00	3.730633e-04
-1.192500e+00	3.715834e-04
-1.190000e+00	3.701142e-04
-1.187500e+00	3.686556e-04
-1.185000e+00	3.672076e-04
-1.182500e+00	3.657700e-04
-1.180000e+00	3.643427e-04
-1.177500e+00	3.629258e-04
-1.175000e+00	3.615190e-04
-1.172500e+00	3.601222e-04
-1.170000e+00	3.587355e-04
-1.167500e+00	3.573587e-04
-1.165000e+00	3.559917e-04
-1.162500e+00	3.546345e-04
-1.160000e+00	3.532869e-04
-1.157500e+00	3.519489e-04
-1.155000e+00	3.506204e-04
-1.152500e+00	3.493013e-04
-1.150000e+00	3.479916e-04
-1.147500e+00	3.466911e-04
-1.145000e+00	3.453998e-04
-1.142500e+00	3.441177e-04
-1.140000e+00	3.428445e-04
-1.137500e+00	3.415804e-04
-1.135000e+00	3.403251e-04
-1.132500e+00	3.390786e-04
-1.130000e+00	3.378409e-04
-1.127500e+00	3.366118e-04
-1.125000e+00	3.353914e-04
-1.122500e+00	3.341794e-04
-1.120000e+00	3.329760e-04
-1.117500e+00	3.317809e-04
-1.115000e+00	3.305942e-04
-1.112500e+00	3.294157e-04
-1.110000e+00	3.282454e-04
-1.107500e+00	3.270833e-04
-1.105000e+00	3.259292e-04
-1.102500e+00	3.247832e-04
-1.100000e+00	3.236450e-04
-1.097500e+00	3.225148e-04
-1.095000e+00	3.213924e-04
-1.092500e+00	3.202777e-04
-1.090000e+00	3.191707e-04
-1.087500e+00	3.180714e-04
-1.085000e+00	3.169797e-04
-1.082500e+00	3.158954e-04
-1.080000e+00	3.148187e-04
-1.077500e+00	3.137493e-04
-1.075000e+00	3.126873e-04
-1.072500e+00	3.116326e-04
-1.070000e+00	3.105852e-04
-1.067500e+00	3.095449e-04
-1.065000e+00	3.085118e-04
-1.062500e+00	3.074858e-04
-1.060000e+00	3.064668e-04
-1.057500e+00	3.054547e-04
-1.055000e+00	3.044496e-04
-1.052500e+00	3.034514e-04
-1.050000e+00	3.024600e-04
-1.047500e+00	3.014754e-04
-1.045000e+00	3.004975e-04
-1.042500e+00	2.995263e-04
-1.040000e+00	2.985617e-04
-1.037500e+00	2.976037e-04
-1.035000e+00	2.966523e-04
-1.032500e+00	2.957073e-04
-1.030000e+00	2.947688e-04
-1.027500e+00	2.938368e-04
-1.025000e+00	2.929110e-04
-1.022500e+00	2.919916e-04
-1.020000e+00	2.910784e-04
-1.017500e+00	2.901715e-04
-1.015000e+00	2.892708e-04
-1.012500e+00	2.883762e-04
-1.010000e+00	2.874877e-04
-1.007500e+00	2.866053e-04
-1.005000e+00	2.857289e-04
-1.002500e+00	2.848585e-04
-1.000000e+00	2.839940e-04
-9.975000e-01	2.831354e-04
-9.950000e-01	2.822827e-04
-9.925000e-01	2.814358e-04
-9.900000e-01	2.805947e-04
-9.875000e-01	2.797594e-04
-9.850000e-01	2.789298e-04
-9.825000e-01	2.781058e-04
-9.800000e-01	2.772875e-04
-9.775000e-01	2.764748e-04
-9.750000e-01	2.756677e-04
-9.725000e-01	2.748661e-04
-9.700000e-01	2.740700e-04
-9.675000e-01	2.732794e-04
-9.650000e-01	2.724942e-04
-9.625000e-01	2.717144e-04
-9.600000e-01	2.709400e-04
-9.575000e-01	2.701709e-04
-9.550000e-01	2.694071e-04
-9.525000e-01	2.686486e-04
-9.500000e-01	2.678953e-04
-9.475000e-01	2.671473e-04
-9.450000e-01	2.664044e-04
-9.425000e-01	2.656667e-04
-9.400000e-01	2.649341e-04
-9.375000e-01	2.642066e-04
-9.350000e-01	2.634842e-04
-9.325000e-01	2.627668e-04
-9.300000e-01	2.620544e-04
-9.275000e-01	2.613470e-04
-9.250000e-01	2.606446e-04
-9.225000e-01	2.599470e-04
-9.200000e-01	2.592544e-04
-9.175000e-01	2.585667e-04
-9.150000e-01	2.578838e-04
-9.125000e-01	2.572057e-04
-9.100000e-01	2.565325e-04
-9.075000e-01	2.558640e-04
-9.050000e-01	2.552002e-04
-9.025000e-01	2.545412e-04
-9.000000e-01	2.538869e-04
-8.975000e-01	2.532373e-04
-8.950000e-01	2.525923e-04
-8.925000e-01	2.519520e-04
-8.900000e-01	2.513162e-04
-8.875000e-01	2.506851e-04
-8.850000e-01	2.500585e-04
-8.825000e-01	2.494365e-04
-8.800000e-01	2.488190e-04
-8.775000e-01	2.482061e-04
-8.750000e-01	2.475976e-04
-8.725000e-01	2.469936e-04
-8.700000e-01	2.463940e-04
-8.675000e-01	2.457989e-04
-8.650000e-01	2.452081e-04
-8.625000e-01	2.446218e-04
-8.600000e-01	2.440398e-04
-8.575000e-01	2.434622e-04
-8.550000e-01	2.428890e-04
-8.525000e-01	2.423200e-04
-8.500000e-01	2.417554e-04
-8.475000e-01	2.411951e-04
-8.450000e-01	2.406390e-04
-8.425000e-01	2.400872e-04
-8.400000e-01	2.395397e-04
-8.375000e-01	2.389963e-04
-8.350000e-01	2.384572e-04
-8.325000e-01	2.379223e-04
-8.300000e-01	2.373916e-04
-8.275000e-01	2.368651e-04
-8.250000e-01	2.363427e-04
-8.225000e-01	2.358244e-04
-8.200000e-01	2.353103e-04
-8.175000e-01	2.348004e-04
-8.150000e-01	2.342945e-04
-8.125000e-01	2.337927e-04
-8.100000e-01	2.332951e-04
-8.075000e-01	2.328015e-04
-8.050000e-01	2.323120e-04
-8.025000e-01	2.318265e-04
-8.000000e-01	2.313451e-04
-7.975000e-01	2.308677e-04
-7.950000e-01	2.303944e-04
-7.925000e-01	2.299251e-04
-7.900000e-01	2.294598e-04
-7.875000e-01	2.289985e-04
-7.850000e-01	2.285412e-04
-7.825000e-01	2.280879e-04
-7.800000e-01	2.276386e-04
-7.775000e-01	2.271933e-04
-7.750000e-01	2.267519e-04
-7.725000e-01	2.263146e-04
-7.700000e-01	2.258812e-04
-7.675000e-01	2.254517e-04
-7.650000e-01	2.250262e-04
-7.625000e-01	2.246047e-04
-7.600000e-01	2.241871e-04
-7.575000e-01	2.237735e-04
-7.550000e-01	2.233638e-04
-7.525000e-01	2.229580e-04
-7.500000e-01	2.225562e-04
-7.475000e-01	2.221584e-04
-7.450000e-01	2.217644e-04
-7.425000e-01	2.213744e-04
-7.400000e-01	2.209884e-04
-7.375000e-01	2.206063e-04
-7.350000e-01	2.202281e-04
-7.325000e-01	2.198539e-04
-7.300000e-01	2.194836e-04
-7.275000e-01	2.191173e-04
-7.250000e-01	2.187549e-04
-7.225000e-01	2.183965e-04
-7.200000e-01	2.180420e-04
-7.175000e-01	2.176915e-04
-7.150000e-01	2.173450e-04
-7.125000e-01	2.170025e-04
-7.100000e-01	2.166639e-04
-7.075000e-01	2.163293e-04
-7.050000e-01	2.159987e-04
-7.025000e-01	2.156721e-04
-7.000000e-01	2.153495e-04
-6.975000e-01	2.150310e-04
-6.950000e-01	2.147165e-04
-6.925000e-01	2.144060e-04
-6.900000e-01	2.140995e-04
-6.875000e-01	2.137972e-04
-6.850000e-01	2.134989e-04
-6.825000e-01	2.132047e-04
-6.800000e-01	2.129146e-04
-6.775000e-01	2.126286e-04
-6.750000e-01	2.123467e-04
-6.725000e-01	2.120690e-04
-6.700000e-01	2.117955e-04
-6.675000e-01	2.115261e-04
-6.650000e-01	2.112610e-04
-6.625000e-01	2.110000e-04
-6.600000e-01	2.107433e-04
-6.575000e-01	2.104909e-04
-6.550000e-01	2.102427e-04
-6.525000e-01	2.099989e-04
-6.500000e-01	2.097593e-04
-6.475000e-01	2.095241e-04
-6.450000e-01	2.092933e-04
-6.425000e-01	2.090669e-04
-6.400000e-01	2.088449e-04
-6.375000e-01	2.086274e-04
-6.350000e-01	2.084143e-04
-6.325000e-01	2.082058e-04
-6.300000e-01	2.080018e-04
-6.275000e-01	2.078024e-04
-6.250000e-01	2.076076e-04
-6.225000e-01	2.074175e-04
-6.200000e-01	2.072320e-04
-6.175000e-01	2.070512e-04
-6.150000e-01	2.068752e-04
-6.125000e-01	2.067040e-04
-6.100000e-01	2.065377e-04
-6.075000e-01	2.063762e-04
-6.050000e-01	2.062196e-04
-6.025000e-01	2.060680e-04
-6.000000e-01	2.059214e-04
-5.975000e-01	2.057799e-04
-5.950000e-01	2.056435e-04
-5.925000e-01	2.055123e-04
-5.900000e-01	2.053863e-04
-5.875000e-01	2.052655e-04
-5.850000e-01	2.051501e-04
-5.825000e-01	2.050401e-04
-5.800000e-01	2.049355e-04
-5.775000e-01	2.048364e-04
-5.750000e-01	2.047429e-04
-5.725000e-01	2.046551e-04
-5.700000e-01	2.045729e-04
-5.675000e-01	2.044966e-04
-5.650000e-01	2.044261e-04
-5.625000e-01	2.043615e-04
-5.600000e-01	2.043029e-04
-5.575000e-01	2.042505e-04
-5.550000e-01	2.042042e-04
-5.525000e-01	2.041642e-04
-5.500000e-01	2.041305e-04
-5.475000e-01	2.041033e-04
-5.450000e-01	2.040826e-04
-5.425000e-01	2.040686e-04
-5.400000e-01	2.040613e-04
-5.375000e-01	2.040608e-04
-5.350000e-01	2.040673e-04
-5.325000e-01	2.040809e-04
-5.300000e-01	2.041016e-04
-5.275000e-01	2.041297e-04
-5.250000e-01	2.041652e-04
-5.225000e-01	2.042083e-04
-5.200000e-01	2.042590e-04
-5.175000e-01	2.043176e-04
-5.150000e-01	2.043841e-04
-5.125000e-01	2.044588e-04
-5.100000e-01	2.045418e-04
-5.075000e-01	2.046332e-04
-5.050000e-01	2.047332e-04
-5.025000e-01	2.048420e-04
-5.000000e-01	2.049597e-04
-4.975000e-01	2.050865e-04
-4.950000e-01	2.052227e-04
-4.925000e-01	2.053684e-04
-4.900000e-01	2.055238e-04
-4.875000e-01	2.056891e-04
-4.850000e-01	2.058646e-04
-4.825000e-01	2.060505e-04
-4.800000e-01	2.062470e-04
-4.775000e-01	2.064544e-04
-4.750000e-01	2.066728e-04
-4.725000e-01	2.069027e-04
-4.700000e-01	2.071442e-04
-4.675000e-01	2.073977e-04
-4.650000e-01	2.076634e-04
-4.625000e-01	2.079417e-04
-4.600000e-01	2.082329e-04
-4.575000e-01	2.085372e-04
-4.550000e-01	2.088552e-04
-4.525000e-01	2.091870e-04
-4.500000e-01	2.095332e-04
-4.475000e-01	2.098941e-04
-4.450000e-01	2.102701e-04
-4.425000e-01	2.106616e-04
-4.400000e-01	2.110692e-04
-4.375000e-01	2.114932e-04
-4.350000e-01	2.119342e-04
-4.325000e-01	2.123926e-04
-4.300000e-01	2.128691e-04
-4.275000e-01	2.133641e-04
-4.250000e-01	2.138783e-04
-4.225000e-01	2.144123e-04
-4.200000e-01	2.149666e-04
-4.175000e-01	2.155421e-04
-4.150000e-01	2.161393e-04
-4.125000e-01	2.167590e-04
-4.100000e-01	2.174021e-04
-4.075000e-01	2.180693e-04
-4.050000e-01	2.187614e-04
-4.025000e-01	2.194795e-04
-4.000000e-01	2.202243e-04
-3.975000e-01	2.209970e-04
-3.950000e-01	2.217985e-04
-3.925000e-01	2.226300e-04
-3.900000e-01	2.234926e-04
-3.875000e-01	2.243875e-04
-3.850000e-01	2.253161e-04
-3.825000e-01	2.262797e-04
-3.800000e-01	2.272798e-04
-3.775000e-01	2.283178e-04
-3.750000e-01	2.293954e-04
-3.725000e-01	2.305143e-04
-3.700000e-01	2.316764e-04
-3.675000e-01	2.328834e-04
-3.650000e-01	2.341376e-04
-3.625000e-01	2.354410e-04
-3.600000e-01	2.367959e-04
-3.575000e-01	2.382047e-04
-3.550000e-01	2.396702e-04
-3.525000e-01	2.411950e-04
-3.500000e-01	2.427822e-04
-3.475000e-01	2.444348e-04
-3.450000e-01	2.461563e-04
-3.425000e-01	2.479503e-04
-3.400000e-01	2.498206e-04
-3.375000e-01	2.517714e-04
-3.350000e-01	2.538071e-04
-3.325000e-01	2.559325e-04
-3.300000e-01	2.581527e-04
-3.275000e-01	2.604733e-04
-3.250000e-01	2.629003e-04
-3.225000e-01	2.654400e-04
-3.200000e-01	2.680993e-04
-3.175000e-01	2.708859e-04
-3.150000e-01	2.738078e-04
-3.125000e-01	2.768739e-04
-3.100000e-01	2.800938e-04
-3.075000e-01	2.834778e-04
-3.050000e-01	2.870373e-04
-3.025000e-01	2.907848e-04
-3.000000e-01	2.947338e-04
-2.975000e-01	2.988991e-04
-2.950000e-01	3.032970e-04
-2.925000e-01	3.079454e-04
-2.900000e-01	3.128639e-04
-2.875000e-01	3.180742e-04
-2.850000e-01	3.236004e-04
-2.825000e-01	3.294690e-04
-2.800000e-01	3.357094e-04
-2.775000e-01	3.423545e-04
-2.750000e-01	3.494408e-04
-2.725000e-01	3.570092e-04
-2.700000e-01	3.651054e-04
-2.675000e-01	3.737809e-04
-2.650000e-01	3.830938e-04
-2.625000e-01	3.931094e-04
-2.600000e-01	4.039021e-04
-2.575000e-01	4.155564e-04
-2.550000e-01	4.281686e-04
-2.525000e-01	4.418491e-04
-2.500000e-01	4.567249e-04
-2.475000e-01	4.729422e-04
-2.450000e-01	4.906709e-04
-2.425000e-01	5.101084e-04
-2.400000e-01	5.314856e-04
-2.375000e-01	5.550740e-04
-2.350000e-01	5.811941e-04
-2.325000e-01	6.102269e-04
-2.300000e-01	6.426273e-04
-2.275000e-01	6.789424e-04
-2.250000e-01	7.198348e-04
-2.225000e-01	7.661119e-04
-2.200000e-01	8.187659e-04
-2.175000e-01	8.790259e-04
-2.150000e-01	9.484279e-04
-2.125000e-01	1.028910e-03
-2.100000e-01	1.122941e-03
-2.075000e-01	1.233705e-03
-2.050000e-01	1.365348e-03
-2.025000e-01	1.523345e-03
-2.000000e-01	1.715018e-03
-1.975000e-01	1.950293e-03
-1.950000e-01	2.242816e-03
-1.925000e-01	2.611607e-03
-1.900000e-01	3.083489e-03
-1.875000e-01	3.696589e-03
-1.850000e-01	4.505018e-03
-1.825000e-01	5.583909e-03
-1.800000e-01	7.030526e-03
-1.775000e-01	8.946814e-03
-1.750000e-01	1.136537e-02
-1.725000e-01	1.406059e-02
-1.700000e-01	1.630040e-02
-1.675000e-01	1.701551e-02
-1.650000e-01	1.577070e-02
-1.625000e-01	1.329702e-02
-1.600000e-01	1.063676e-02
-1.575000e-01	8.360786e-03
-1.550000e-01	6.593254e-03
-1.525000e-01	5.268241e-03
-1.500000e-01	4.281105e-03
-1.475000e-01	3.540450e-03
-1.450000e-01	2.977642e-03
-1.425000e-01	2.543721e-03
-1.400000e-01	2.204258e-03
-1.375000e-01	1.934995e-03
-1.350000e-01	1.718679e-03
-1.325000e-01	1.542889e-03
-1.300000e-01	1.398554e-03
-1.275000e-01	1.278963e-03
-1.250000e-01	1.179081e-03
-1.225000e-01	1.095081e-03
-1.200000e-01	1.024023e-03
-1.175000e-01	9.636200e-04
-1.150000e-01	9.120765e-04
-1.125000e-01	8.679698e-04
-1.100000e-01	8.301628e-04
-1.075000e-01	7.977400e-04
-1.050000e-01	7.699595e-04
-1.025000e-01	7.462167e-04
-1.000000e-01	7.260169e-04
-9.750000e-02	7.089537e-04
-9.500000e-02	6.946931e-04
-9.250000e-02	6.829603e-04
-9.000000e-02	6.735298e-04
-8.750000e-02	6.662176e-04
-8.500000e-02	6.608752e-04
-8.250000e-02	6.573843e-04
-8.000000e-02	6.556535e-04
-7.750000e-02	6.556151e-04
-7.500000e-02	6.572232e-04
-7.250000e-02	6.604518e-04
-7.000000e-02	6.652940e-04
-6.750000e-02	6.717614e-04
-6.500000e-02	6.798843e-04
-6.250000e-02	6.897114e-04
-6.000000e-02	7.013112e-04
-5.750000e-02	7.147733e-04
-5.500000e-02	7.302097e-04
-5.250000e-02	7.477577e-04
-5.000000e-02	7.675829e-04
-4.750000e-02	7.898829e-04
-4.500000e-02	8.148925e-04
-4.250000e-02	8.428893e-04
-4.000000e-02	8.742018e-04
-3.750000e-02	9.092185e-04
-3.500000e-02	9.483997e-04
-3.250000e-02	9.922920e-04
-3.000000e-02	1.041547e-03
-2.750000e-02	1.096946e-03
-2.500000e-02	1.159427e-03
-2.250000e-02	1.230127e-03
-2.000000e-02	1.310428e-03
-1.750000e-02	1.402027e-03
-1.500000e-02	1.507019e-03
-1.250000e-02	1.628012e-03
-1.000000e-02	1.768285e-03
-7.500000e-03	1.931998e-03
-5.000000e-03	2.124483e-03
-2.500000e-03	2.352653e-03
9.379164e-13	2.625580e-03
2.500000e-03	2.955317e-03
5.000000e-03	3.358100e-03
7.500000e-03	3.856100e-03
1.000000e-02	4.480021e-03
1.250000e-02	5.272935e-03
1.500000e-02	6.295879e-03
1.750000e-02	7.635682e-03
2.000000e-02	9.414632e-03
2.250000e-02	1.179795e-02
2.500000e-02	1.498317e-02
2.750000e-02	1.912400e-02
3.000000e-02	2.408833e-02
3.250000e-02	2.899027e-02
3.500000e-02	3.196346e-02
3.750000e-02	3.133679e-02
4.000000e-02	2.750189e-02
4.250000e-02	2.242708e-02
4.500000e-02	1.769580e-02
4.750000e-02	1.388854e-02
5.000000e-02	1.100148e-02
5.250000e-02	8.850525e-03
5.500000e-02	7.245153e-03
5.750000e-02	6.034615e-03
6.000000e-02	5.109464e-03
6.250000e-02	4.392451e-03
6.500000e-02	3.829295e-03
6.750000e-02	3.381619e-03
7.000000e-02	3.021997e-03
7.250000e-02	2.730578e-03
7.500000e-02	2.492811e-03
7.750000e-02	2.297901e-03
8.000000e-02	2.137753e-03
8.250000e-02	2.006246e-03
8.500000e-02	1.898724e-03
8.750000e-02	1.811638e-03
9.000000e-02	1.742290e-03
9.250000e-02	1.688657e-03
9.500000e-02	1.649262e-03
9.750000e-02	1.623083e-03
1.000000e-01	1.609500e-03
1.025000e-01	1.608259e-03
1.050000e-01	1.619464e-03
1.075000e-01	1.643586e-03
1.100000e-01	1.681494e-03
1.125000e-01	1.734516e-03
1.150000e-01	1.804530e-03
1.175000e-01	1.894095e-03
1.200000e-01	2.006643e-03
1.225000e-01	2.146751e-03
1.250000e-01	2.320528e-03
1.275000e-01	2.536178e-03
1.300000e-01	2.804810e-03
1.325000e-01	3.141630e-03
1.350000e-01	3.567698e-03
1.375000e-01	4.112540e-03
1.400000e-01	4.817968e-03
1.425000e-01	5.743520e-03
1.450000e-01	6.973491e-03
1.475000e-01	8.623623e-03
1.500000e-01	1.083882e-02
1.525000e-01	1.375440e-02
1.550000e-01	1.735565e-02
1.575000e-01	2.116210e-02
1.600000e-01	2.393280e-02
1.625000e-01	2.421431e-02
1.650000e-01	2.182892e-02
1.675000e-01	1.809578e-02
1.700000e-01	1.438446e-02
1.725000e-01	1.131351e-02
1.750000e-01	8.958921e-03
1.775000e-01	7.198937e-03
1.800000e-01	5.885416e-03
1.825000e-01	4.896018e-03
1.850000e-01	4.140593e-03
1.875000e-01	3.555219e-03
1.900000e-01	3.094965e-03
1.925000e-01	2.728116e-03
1.950000e-01	2.432046e-03
1.975000e-01	2.190407e-03
2.000000e-01	1.991225e-03
2.025000e-01	1.825603e-03
2.050000e-01	1.686849e-03
2.075000e-01	1.569865e-03
2.100000e-01	1.470723e-03
2.125000e-01	1.386363e-03
2.150000e-01	1.314383e-03
2.175000e-01	1.252879e-03
2.200000e-01	1.200331e-03
2.225000e-01	1.155520e-03
2.250000e-01	1.117465e-03
2.275000e-01	1.085374e-03
2.300000e-01	1.058607e-03
2.325000e-01	1.036650e-03
2.350000e-01	1.019095e-03
2.375000e-01	1.005621e-03
2.400000e-01	9.959828e-04
2.425000e-01	9.900028e-04
2.450000e-01	9.875641e-04
2.475000e-01	9.886064e-04
2.500000e-01	9.931232e-04
2.525000e-01	1.001162e-03
2.550000e-01	1.012824e-03
2.575000e-01	1.028269e-03
2.600000e-01	1.047719e-03
2.625000e-01	1.071466e-03
2.650000e-01	1.099881e-03
2.675000e-01	1.133430e-03
2.700000e-01	1.172683e-03
2.725000e-01	1.218348e-03
2.750000e-01	1.271288e-03
2.775000e-01	1.332565e-03
2.800000e-01	1.403486e-03
2.825000e-01	1.485667e-03
2.850000e-01	1.581119e-03
2.875000e-01	1.692358e-03
2.900000e-01	1.822559e-03
2.925000e-01	1.975768e-03
2.950000e-01	2.157186e-03
2.975000e-01	2.373575e-03
3.000000e-01	2.633830e-03
3.025000e-01	2.949801e-03
3.050000e-01	3.337488e-03
3.075000e-01	3.818787e-03
3.100000e-01	4.424087e-03
3.125000e-01	5.196093e-03
3.150000e-01	6.195389e-03
3.175000e-01	7.508145e-03
3.200000e-01	9.255332e-03
3.225000e-01	1.159875e-02
3.250000e-01	1.472613e-02
3.275000e-01	1.876430e-02
3.300000e-01	2.352008e-02
3.325000e-01	2.802309e-02
3.350000e-01	3.042831e-02
3.375000e-01	2.934077e-02
3.400000e-01	2.542843e-02
3.425000e-01	2.060105e-02
3.450000e-01	1.622511e-02
3.475000e-01	1.274429e-02
3.500000e-01	1.011430e-02
3.525000e-01	8.154258e-03
3.550000e-01	6.687953e-03
3.575000e-01	5.578411e-03
3.600000e-01	4.726771e-03
3.625000e-01	4.063348e-03
3.650000e-01	3.539126e-03
3.675000e-01	3.119377e-03
3.700000e-01	2.779206e-03
3.725000e-01	2.500522e-03
3.750000e-01	2.270000e-03
3.775000e-01	2.077686e-03
3.800000e-01	1.916051e-03
3.825000e-01	1.779330e-03
3.850000e-01	1.663055e-03
3.875000e-01	1.563731e-03
3.900000e-01	1.478598e-03
3.925000e-01	1.405454e-03
3.950000e-01	1.342531e-03
3.975000e-01	1.288400e-03
4.000000e-01	1.241899e-03
4.025000e-01	1.202077e-03
4.050000e-01	1.168156e-03
4.075000e-01	1.139495e-03
4.100000e-01	1.115569e-03
4.125000e-01	1.095945e-03
4.150000e-01	1.080272e-03
4.175000e-01	1.068265e-03
4.200000e-01	1.059695e-03
4.225000e-01	1.054386e-03
4.250000e-01	1.052206e-03
4.275000e-01	1.053064e-03
4.300000e-01	1.056907e-03
4.325000e-01	1.063715e-03
4.350000e-01	1.073506e-03
4.375000e-01	1.086329e-03
4.400000e-01	1.102270e-03
4.425000e-01	1.121450e-03
4.450000e-01	1.144027e-03
4.475000e-01	1.170204e-03
4.500000e-01	1.200226e-03
4.525000e-01	1.234391e-03
4.550000e-01	1.273057e-03
4.575000e-01	1.316645e-03
4.600000e-01	1.365658e-03
4.625000e-01	1.420687e-03
4.650000e-01	1.482433e-03
4.675000e-01	1.551725e-03
4.700000e-01	1.629549e-03
4.725000e-01	1.717076e-03
4.750000e-01	1.815708e-03
4.775000e-01	1.927131e-03
4.800000e-01	2.053380e-03
4.825000e-01	2.196928e-03
4.850000e-01	2.360802e-03
4.875000e-01	2.548733e-03
4.900000e-01	2.765356e-03
4.925000e-01	3.016481e-03
4.950000e-01	3.309457e-03
4.975000e-01	3.653676e-03
5.000000e-01	4.061272e-03
5.025000e-01	4.548108e-03
5.050000e-01	5.135180e-03
5.075000e-01	5.850650e-03
5.100000e-01	6.732816e-03
5.125000e-01	7.834487e-03
5.150000e-01	9.229460e-03
5.175000e-01	1.102204e-02
5.200000e-01	1.336058e-02
5.225000e-01	1.645518e-02
5.250000e-01	2.059489e-02
5.275000e-01	2.614425e-02
5.300000e-01	3.345277e-02
5.325000e-01	4.251768e-02
5.350000e-01	5.220614e-02
5.375000e-01	5.946769e-02
5.400000e-01	6.056219e-02
5.425000e-01	5.481172e-02
5.450000e-01	4.544257e-02
5.475000e-01	3.599544e-02
5.500000e-01	2.813149e-02
5.525000e-01	2.208854e-02
5.550000e-01	1.756960e-02
5.575000e-01	1.419812e-02
5.600000e-01	1.166013e-02
5.625000e-01	9.723461e-03
5.650000e-01	8.223358e-03
5.675000e-01	7.043999e-03
5.700000e-01	6.103656e-03
5.725000e-01	5.344060e-03
5.750000e-01	4.723135e-03
5.775000e-01	4.210066e-03
5.800000e-01	3.781981e-03
5.825000e-01	3.421668e-03
5.850000e-01	3.116015e-03
5.875000e-01	2.854911e-03
5.900000e-01	2.630477e-03
5.925000e-01	2.436509e-03
5.950000e-01	2.268077e-03
5.975000e-01	2.121233e-03
6.000000e-01	1.992791e-03
6.025000e-01	1.880162e-03
6.050000e-01	1.781235e-03
6.075000e-01	1.694281e-03
6.100000e-01	1.617880e-03
6.125000e-01	1.550866e-03
6.150000e-01	1.492289e-03
6.175000e-01	1.441377e-03
6.200000e-01	1.397514e-03
6.225000e-01	1.360224e-03
6.250000e-01	1.329157e-03
6.275000e-01	1.304081e-03
6.300000e-01	1.284887e-03
6.325000e-01	1.271583e-03
6.350000e-01	1.264313e-03
6.375000e-01	1.263368e-03
6.400000e-01	1.269216e-03
6.425000e-01	1.282539e-03
6.450000e-01	1.304287e-03
6.475000e-01	1.335760e-03
6.500000e-01	1.378721e-03
6.525000e-01	1.435555e-03
6.550000e-01	1.509508e-03
6.575000e-01	1.605030e-03
6.600000e-01	1.728282e-03
6.625000e-01	1.887891e-03
6.650000e-01	2.096057e-03
6.675000e-01	2.370147e-03
6.700000e-01	2.734823e-03
6.725000e-01	3.224310e-03
6.750000e-01	3.882810e-03
6.775000e-01	4.756277e-03
6.800000e-01	5.858071e-03
6.825000e-01	7.082246e-03
6.850000e-01	8.092355e-03
6.875000e-01	8.405852e-03
6.900000e-01	7.837963e-03
6.925000e-01	6.728410e-03
6.950000e-01	5.546230e-03
6.975000e-01	4.544203e-03
7.000000e-01	3.775742e-03
7.025000e-01	3.210656e-03
7.050000e-01	2.802285e-03
7.075000e-01	2.510341e-03
7.100000e-01	2.305014e-03
7.125000e-01	2.165579e-03
7.150000e-01	2.078137e-03
7.175000e-01	2.033756e-03
7.200000e-01	2.027176e-03
7.225000e-01	2.056013e-03
7.250000e-01	2.120354e-03
7.275000e-01	2.222655e-03
7.300000e-01	2.367959e-03
7.325000e-01	2.564417e-03
7.350000e-01	2.824246e-03
7.375000e-01	3.165226e-03
7.400000e-01	3.613023e-03
7.425000e-01	4.204578e-03
7.450000e-01	4.992811e-03
7.475000e-01	6.052088e-03
7.500000e-01	7.481168e-03
7.525000e-01	9.391539e-03
7.550000e-01	1.184758e-02
7.575000e-01	1.469677e-02
7.600000e-01	1.729415e-02
7.625000e-01	1.851202e-02
7.650000e-01	1.762449e-02
7.675000e-01	1.516577e-02
7.700000e-01	1.228115e-02
7.725000e-01	9.719684e-03
7.750000e-01	7.699110e-03
7.775000e-01	6.176219e-03
7.800000e-01	5.040913e-03
7.825000e-01	4.190264e-03
7.850000e-01	3.545259e-03
7.875000e-01	3.049116e-03
7.900000e-01	2.661842e-03
7.925000e-01	2.355292e-03
7.950000e-01	2.109497e-03
7.975000e-01	1.910119e-03
8.000000e-01	1.746723e-03
8.025000e-01	1.611607e-03
8.050000e-01	1.499011e-03
8.075000e-01	1.404569e-03
8.100000e-01	1.324935e-03
8.125000e-01	1.257514e-03
8.150000e-01	1.200272e-03
8.175000e-01	1.151603e-03
8.200000e-01	1.110226e-03
8.225000e-01	1.075113e-03
8.250000e-01	1.045433e-03
8.275000e-01	1.020512e-03
8.300000e-01	9.997993e-04
8.325000e-01	9.828476e-04
8.350000e-01	9.692899e-04
8.375000e-01	9.588274e-04
8.400000e-01	9.512179e-04
8.425000e-01	9.462667e-04
8.450000e-01	9.438196e-04
8.475000e-01	9.437581e-04
8.500000e-01	9.459945e-04
8.525000e-01	9.504691e-04
8.550000e-01	9.571477e-04
8.575000e-01	9.660199e-04
8.600000e-01	9.770981e-04
8.625000e-01	9.904168e-04
8.650000e-01	1.006032e-03
8.675000e-01	1.024024e-03
8.700000e-01	1.044494e-03
8.725000e-01	1.067569e-03
8.750000e-01	1.093404e-03
8.775000e-01	1.122181e-03
8.800000e-01	1.154115e-03
8.825000e-01	1.189458e-03
8.850000e-01	1.228500e-03
8.875000e-01	1.271582e-03
8.900000e-01	1.319096e-03
8.925000e-01	1.371494e-03
8.950000e-01	1.429306e-03
8.975000e-01	1.493141e-03
9.000000e-01	1.563714e-03
9.025000e-01	1.641855e-03
9.050000e-01	1.728541e-03
9.075000e-01	1.824918e-03
9.100000e-01	1.932344e-03
9.125000e-01	2.052427e-03
9.150000e-01	2.187090e-03
9.175000e-01	2.338642e-03
9.200000e-01	2.509871e-03
9.225000e-01	2.704169e-03
9.250000e-01	2.925694e-03
9.275000e-01	3.179578e-03
9.300000e-01	3.472214e-03
9.325000e-01	3.811633e-03
9.350000e-01	4.208029e-03
9.375000e-01	4.674475e-03
9.400000e-01	5.227922e-03
9.425000e-01	5.890625e-03
9.450000e-01	6.692168e-03
9.475000e-01	7.672420e-03
9.500000e-01	8.885857e-03
9.525000e-01	1.040796e-02
9.550000e-01	1.234464e-02
9.575000e-01	1.484606e-02
9.600000e-01	1.812581e-02
9.625000e-01	2.248451e-02
9.650000e-01	2.832735e-02
9.675000e-01	3.613546e-02
9.700000e-01	4.627195e-02
9.725000e-01	5.837484e-02
9.750000e-01	7.020834e-02
9.775000e-01	7.717889e-02
9.800000e-01	7.533067e-02
9.825000e-01	6.580607e-02
9.850000e-01	5.343039e-02
9.875000e-01	4.197297e-02
9.900000e-01	3.277672e-02
9.925000e-01	2.580506e-02
9.950000e-01	2.060542e-02
9.975000e-01	1.671682e-02
1.000000e+00	1.377616e-02
1.002500e+00	1.152017e-02
1.005000e+00	9.763049e-03
1.007500e+00	8.374159e-03
1.010000e+00	7.261020e-03
1.012500e+00	6.357415e-03
1.015000e+00	5.615291e-03
1.017500e+00	4.999289e-03
1.020000e+00	4.483031e-03
1.022500e+00	4.046575e-03
1.025000e+00	3.674659e-03
1.027500e+00	3.355467e-03
1.030000e+00	3.079750e-03
1.032500e+00	2.840195e-03
1.035000e+00	2.630971e-03
1.037500e+00	2.447388e-03
1.040000e+00	2.285647e-03
1.042500e+00	2.142651e-03
1.045000e+00	2.015867e-03
1.047500e+00	1.903211e-03
1.050000e+00	1.802975e-03
1.052500e+00	1.713757e-03
1.055000e+00	1.634425e-03
1.057500e+00	1.564077e-03
1.060000e+00	1.502033e-03
1.062500e+00	1.447822e-03
1.065000e+00	1.401201e-03
1.067500e+00	1.362182e-03
1.070000e+00	1.331091e-03
1.072500e+00	1.308661e-03
1.075000e+00	1.296180e-03
1.077500e+00	1.295680e-03
1.080000e+00	1.310148e-03
1.082500e+00	1.343544e-03
1.085000e+00	1.399965e-03
1.087500e+00	1.480255e-03
1.090000e+00	1.573594e-03
1.092500e+00	1.647128e-03
1.095000e+00	1.655160e-03
1.097500e+00	1.581829e-03
1.100000e+00	1.460489e-03
1.102500e+00	1.335079e-03
1.105000e+00	1.228631e-03
1.107500e+00	1.145674e-03
1.110000e+00	1.083146e-03
1.112500e+00	1.036560e-03
1.115000e+00	1.002066e-03
1.117500e+00	9.768076e-04
1.120000e+00	9.587726e-04
1.122500e+00	9.465797e-04
1.125000e+00	9.392942e-04
1.127500e+00	9.362983e-04
1.130000e+00	9.372029e-04
1.132500e+00	9.417900e-04
1.135000e+00	9.499758e-04
1.137500e+00	9.617884e-04
1.140000e+00	9.773559e-04
1.142500e+00	9.969030e-04
1.145000e+00	1.020753e-03
1.147500e+00	1.049338e-03
1.150000e+00	1.083211e-03
1.152500e+00	1.123072e-03
1.155000e+00	1.169797e-03
1.157500e+00	1.224479e-03
1.160000e+00	1.288486e-03
1.162500e+00	1.363537e-03
1.165000e+00	1.451807e-03
1.167500e+00	1.556065e-03
1.170000e+00	1.679875e-03
1.172500e+00	1.827869e-03
1.175000e+00	2.006136e-03
1.177500e+00	2.222781e-03
1.180000e+00	2.488732e-03
1.182500e+00	2.818934e-03
1.185000e+00	3.234101e-03
1.187500e+00	3.763313e-03
1.190000e+00	4.447801e-03
1.192500e+00	5.346222e-03
1.195000e+00	6.541103e-03
1.197500e+00	8.143581e-03
1.200000e+00	1.028523e-02
1.202500e+00	1.306406e-02
1.205000e+00	1.637646e-02
1.207500e+00	1.960210e-02
1.210000e+00	2.147953e-02
1.212500e+00	2.094009e-02
1.215000e+00	1.831718e-02
1.217500e+00	1.493358e-02
1.220000e+00	1.181037e-02
1.222500e+00	9.307051e-03
1.225000e+00	7.410653e-03
1.227500e+00	5.996977e-03
1.230000e+00	4.940312e-03
1.232500e+00	4.141820e-03
1.235000e+00	3.529885e-03
1.237500e+00	3.053978e-03
1.240000e+00	2.678568e-03
1.242500e+00	2.378505e-03
1.245000e+00	2.135781e-03
1.247500e+00	1.937326e-03
1.250000e+00	1.773526e-03
1.252500e+00	1.637209e-03
1.255000e+00	1.522959e-03
1.257500e+00	1.426629e-03
1.260000e+00	1.345016e-03
1.262500e+00	1.275612e-03
1.265000e+00	1.216440e-03
1.267500e+00	1.165928e-03
1.270000e+00	1.122812e-03
1.272500e+00	1.086074e-03
1.275000e+00	1.054886e-03
1.277500e+00	1.028575e-03
1.280000e+00	1.006587e-03
1.282500e+00	9.884711e-04
1.285000e+00	9.738565e-04
1.287500e+00	9.624407e-04
1.290000e+00	9.539776e-04
1.292500e+00	9.482698e-04
1.295000e+00	9.451610e-04
1.297500e+00	9.445311e-04
1.300000e+00	9.462924e-04
1.302500e+00	9.503859e-04
1.305000e+00	9.567794e-04
1.307500e+00	9.654658e-04
1.310000e+00	9.764623e-04
1.312500e+00	9.898097e-04
1.315000e+00	1.005573e-03
1.317500e+00	1.023841e-03
1.320000e+00	1.044729e-03
1.322500e+00	1.068380e-03
1.325000e+00	1.094966e-03
1.327500e+00	1.124692e-03
1.330000e+00	1.157802e-03
1.332500e+00	1.194577e-03
1.335000e+00	1.235349e-03
1.337500e+00	1.280503e-03
1.340000e+00	1.330487e-03
1.342500e+00	1.385823e-03
1.345000e+00	1.447118e-03
1.347500e+00	1.515083e-03
1.350000e+00	1.590552e-03
1.352500e+00	1.674502e-03
1.355000e+00	1.768089e-03
1.357500e+00	1.872684e-03
1.360000e+00	1.989920e-03
1.362500e+00	2.121754e-03
1.365000e+00	2.270544e-03
1.367500e+00	2.439150e-03
1.370000e+00	2.631070e-03
1.372500e+00	2.850605e-03
1.375000e+00	3.103094e-03
1.377500e+00	3.395222e-03
1.380000e+00	3.735435e-03
1.382500e+00	4.134517e-03
1.385000e+00	4.606388e-03
1.387500e+00	5.169224e-03
1.390000e+00	5.847062e-03
1.392500e+00	6.672107e-03
1.395000e+00	7.688109e-03
1.397500e+00	8.955338e-03
1.400000e+00	1.055794e-02
1.402500e+00	1.261475e-02
1.405000e+00	1.529479e-02
1.407500e+00	1.883758e-02
1.410000e+00	2.357379e-02
1.412500e+00	2.992441e-02
1.415000e+00	3.830672e-02
1.417500e+00	4.876929e-02
1.420000e+00	6.012010e-02
1.422500e+00	6.895208e-02
1.425000e+00	7.082412e-02
1.427500e+00	6.458152e-02
1.430000e+00	5.378473e-02
1.432500e+00	4.267298e-02
1.435000e+00	3.334216e-02
1.437500e+00	2.614790e-02
1.440000e+00	2.076388e-02
1.442500e+00	1.674889e-02
1.445000e+00	1.372968e-02
1.447500e+00	1.142897e-02
1.450000e+00	9.649671e-03
1.452500e+00	8.253246e-03
1.455000e+00	7.142035e-03
1.457500e+00	6.246516e-03
1.460000e+00	5.516583e-03
1.462500e+00	4.915653e-03
1.465000e+00	4.416681e-03
1.467500e+00	3.999454e-03
1.470000e+00	3.648730e-03
1.472500e+00	3.352967e-03
1.475000e+00	3.103440e-03
1.477500e+00	2.893649e-03
1.480000e+00	2.718932e-03
1.482500e+00	2.576261e-03
1.485000e+00	2.464173e-03
1.487500e+00	2.382820e-03
1.490000e+00	2.334001e-03
1.492500e+00	2.320802e-03
1.495000e+00	2.345687e-03
1.497500e+00	2.404765e-03
1.500000e+00	2.477369e-03
1.502500e+00	2.523010e-03
1.505000e+00	2.510827e-03
1.507500e+00	2.458913e-03
1.510000e+00	2.418711e-03
1.512500e+00	2.433791e-03
1.515000e+00	2.530358e-03
1.517500e+00	2.726786e-03
1.520000e+00	3.036830e-03
1.522500e+00	3.454216e-03
1.525000e+00	3.911056e-03
1.527500e+00	4.237912e-03
1.530000e+00	4.236773e-03
1.532500e+00	3.881386e-03
1.535000e+00	3.348102e-03
1.537500e+00	2.821109e-03
1.540000e+00	2.383630e-03
1.542500e+00	2.045690e-03
1.545000e+00	1.790615e-03
1.547500e+00	1.598198e-03
1.550000e+00	1.451753e-03
1.552500e+00	1.338981e-03
1.555000e+00	1.251160e-03
1.557500e+00	1.182164e-03
1.560000e+00	1.127683e-03
1.562500e+00	1.084657e-03
1.565000e+00	1.050904e-03
1.567500e+00	1.024859e-03
1.570000e+00	1.005400e-03
1.572500e+00	9.917358e-04
1.575000e+00	9.833246e-04
1.577500e+00	9.798222e-04
1.580000e+00	9.810491e-04
1.582500e+00	9.869694e-04
1.585000e+00	9.976814e-04
1.587500e+00	1.013417e-03
1.590000e+00	1.034548e-03
1.592500e+00	1.061605e-03
1.595000e+00	1.095301e-03
1.597500e+00	1.136570e-03
1.600000e+00	1.186622e-03
1.602500e+00	1.247018e-03
1.605000e+00	1.319774e-03
1.607500e+00	1.407507e-03
1.610000e+00	1.513638e-03
1.612500e+00	1.642685e-03
1.615000e+00	1.800682e-03
1.617500e+00	1.995780e-03
1.620000e+00	2.239147e-03
1.622500e+00	2.546280e-03
1.625000e+00	2.938956e-03
1.627500e+00	3.448067e-03
1.630000e+00	4.117569e-03
1.632500e+00	5.009254e-03
1.635000e+00	6.206103e-03
1.637500e+00	7.805530e-03
1.640000e+00	9.877256e-03
1.642500e+00	1.233463e-02
1.645000e+00	1.469942e-02
1.647500e+00	1.602712e-02
1.650000e+00	1.555494e-02
1.652500e+00	1.357342e-02
1.655000e+00	1.106773e-02
1.657500e+00	8.773431e-03
1.660000e+00	6.940746e-03
1.662500e+00	5.554079e-03
1.665000e+00	4.520603e-03
1.667500e+00	3.747968e-03
1.670000e+00	3.163934e-03
1.672500e+00	2.716251e-03
1.675000e+00	2.368068e-03
1.677500e+00	2.093474e-03
1.680000e+00	1.874120e-03
1.682500e+00	1.696864e-03
1.685000e+00	1.552166e-03
1.687500e+00	1.433005e-03
1.690000e+00	1.334144e-03
1.692500e+00	1.251628e-03
1.695000e+00	1.182431e-03
1.697500e+00	1.124218e-03
1.700000e+00	1.075164e-03
1.702500e+00	1.033833e-03
1.705000e+00	9.990852e-04
1.707500e+00	9.700119e-04
1.710000e+00	9.458839e-04
1.712500e+00	9.261147e-04
1.715000e+00	9.102322e-04
1.717500e+00	8.978571e-04
1.720000e+00	8.886866e-04
1.722500e+00	8.824815e-04
1.725000e+00	8.790567e-04
1.727500e+00	8.782733e-04
1.730000e+00	8.800339e-04
1.732500e+00	8.842778e-04
1.735000e+00	8.909784e-04
1.737500e+00	9.001413e-04
1.740000e+00	9.118040e-04
1.742500e+00	9.260351e-04
1.745000e+00	9.429361e-04
1.747500e+00	9.626426e-04
1.750000e+00	9.853275e-04
1.752500e+00	1.011205e-03
1.755000e+00	1.040534e-03
1.757500e+00	1.073627e-03
1.760000e+00	1.110859e-03
1.762500e+00	1.152672e-03
1.765000e+00	1.199596e-03
1.767500e+00	1.252260e-03
1.770000e+00	1.311416e-03
1.772500e+00	1.377961e-03
1.775000e+00	1.452976e-03
1.777500e+00	1.537766e-03
1.780000e+00	1.633914e-03
1.782500e+00	1.743360e-03
1.785000e+00	1.868489e-03
1.787500e+00	2.012264e-03
1.790000e+00	2.178394e-03
1.792500e+00	2.371571e-03
1.795000e+00	2.597782e-03
1.797500e+00	2.864759e-03
1.800000e+00	3.182607e-03
1.802500e+00	3.564693e-03
1.805000e+00	4.028941e-03
1.807500e+00	4.599726e-03
1.810000e+00	5.310652e-03
1.812500e+00	6.208685e-03
1.815000e+00	7.360193e-03
1.817500e+00	8.859549e-03
1.820000e+00	1.084023e-02
1.822500e+00	1.348536e-02
1.825000e+00	1.702404e-02
1.827500e+00	2.166989e-02
1.830000e+00	2.739869e-02
1.832500e+00	3.344961e-02
1.835000e+00	3.786192e-02
1.837500e+00	3.834620e-02
1.840000e+00	3.463237e-02
1.842500e+00	2.880687e-02
1.845000e+00	2.302844e-02
1.847500e+00	1.827047e-02
1.850000e+00	1.465289e-02
1.852500e+00	1.198548e-02
1.855000e+00	1.003748e-02
1.857500e+00	8.619676e-03
1.860000e+00	7.594671e-03
1.862500e+00	6.867765e-03
1.865000e+00	6.376075e-03
1.867500e+00	6.080147e-03
1.870000e+00	5.958522e-03
1.872500e+00	6.004852e-03
1.875000e+00	6.227186e-03
1.877500e+00	6.649332e-03
1.880000e+00	7.314393e-03
1.882500e+00	8.290632e-03
1.885000e+00	9.678988e-03
1.887500e+00	1.161801e-02
1.890000e+00	1.427055e-02
1.892500e+00	1.774723e-02
1.895000e+00	2.187779e-02
1.897500e+00	2.580569e-02
1.900000e+00	2.789513e-02
1.902500e+00	2.689675e-02
1.905000e+00	2.338827e-02
1.907500e+00	1.906267e-02
1.910000e+00	1.513902e-02
1.912500e+00	1.201585e-02
1.915000e+00	9.655658e-03
1.917500e+00	7.898356e-03
1.920000e+00	6.587804e-03
1.922500e+00	5.602953e-03
1.925000e+00	4.857082e-03
1.927500e+00	4.290018e-03
1.930000e+00	3.860815e-03
1.932500e+00	3.542424e-03
1.935000e+00	3.318236e-03
1.937500e+00	3.180134e-03
1.940000e+00	3.127633e-03
1.942500e+00	3.167610e-03
1.945000e+00	3.313325e-03
1.947500e+00	3.579081e-03
1.950000e+00	3.961795e-03
1.952500e+00	4.398530e-03
1.955000e+00	4.721737e-03
1.957500e+00	4.721803e-03
1.960000e+00	4.352788e-03
1.962500e+00	3.787560e-03
1.965000e+00	3.222654e-03
1.967500e+00	2.752181e-03
1.970000e+00	2.390517e-03
1.972500e+00	2.121728e-03
1.975000e+00	1.925372e-03
1.977500e+00	1.784721e-03
1.980000e+00	1.688013e-03
1.982500e+00	1.627814e-03
1.985000e+00	1.600214e-03
1.987500e+00	1.604312e-03
1.990000e+00	1.642104e-03
1.992500e+00	1.718770e-03
1.995000e+00	1.843400e-03
1.997500e+00	2.030099e-03
2.000000e+00	2.299098e-03
2.002500e+00	2.676270e-03
2.005000e+00	3.186028e-03
2.007500e+00	3.825614e-03
2.010000e+00	4.507122e-03
2.012500e+00	5.002521e-03
2.015000e+00	5.042613e-03
2.017500e+00	4.591403e-03
2.020000e+00	3.890608e-03
2.022500e+00	3.193717e-03
2.025000e+00	2.615967e-03
2.027500e+00	2.171895e-03
2.030000e+00	1.839151e-03
2.032500e+00	1.590380e-03
2.035000e+00	1.402979e-03
2.037500e+00	1.260320e-03
2.040000e+00	1.150660e-03
2.042500e+00	1.065812e-03
2.045000e+00	1.000089e-03
2.047500e+00	9.495497e-04
2.050000e+00	9.114982e-04
2.052500e+00	8.841595e-04
2.055000e+00	8.664774e-04
2.057500e+00	8.580061e-04
2.060000e+00	8.588776e-04
2.062500e+00	8.698383e-04
2.065000e+00	8.923652e-04
2.067500e+00	9.288787e-04
2.070000e+00	9.830867e-04
2.072500e+00	1.060492e-03
2.075000e+00	1.169067e-03
2.077500e+00	1.319906e-03
2.080000e+00	1.527050e-03
2.082500e+00	1.803859e-03
2.085000e+00	2.149643e-03
2.087500e+00	2.519121e-03
2.090000e+00	2.792350e-03
2.092500e+00	2.824662e-03
2.095000e+00	2.592805e-03
2.097500e+00	2.223775e-03
2.100000e+00	1.854181e-03
2.102500e+00	1.547233e-03
2.105000e+00	1.311508e-03
2.107500e+00	1.135279e-03
2.110000e+00	1.003910e-03
2.112500e+00	9.052397e-04
2.115000e+00	8.302902e-04
2.117500e+00	7.726905e-04
2.120000e+00	7.279643e-04
2.122500e+00	6.929546e-04
2.125000e+00	6.654134e-04
2.127500e+00	6.437204e-04
2.130000e+00	6.266940e-04
2.132500e+00	6.134618e-04
2.135000e+00	6.033738e-04
2.137500e+00	5.959416e-04
2.140000e+00	5.907966e-04
2.142500e+00	5.876603e-04
2.145000e+00	5.863232e-04
2.147500e+00	5.866298e-04
2.150000e+00	5.884677e-04
2.152500e+00	5.917597e-04
2.155000e+00	5.964585e-04
2.157500e+00	6.025424e-04
2.160000e+00	6.100129e-04
2.162500e+00	6.188933e-04
2.165000e+00	6.292278e-04
2.167500e+00	6.410820e-04
2.170000e+00	6.545435e-04
2.172500e+00	6.697237e-04
2.175000e+00	6.867607e-04
2.177500e+00	7.058221e-04
2.180000e+00	7.271107e-04
2.182500e+00	7.508697e-04
2.185000e+00	7.773910e-04
2.187500e+00	8.070252e-04
2.190000e+00	8.401949e-04
2.192500e+00	8.774114e-04
2.195000e+00	9.192973e-04
2.197500e+00	9.666154e-04
2.200000e+00	1.020308e-03
2.202500e+00	1.081549e-03
2.205000e+00	1.151816e-03
2.207500e+00	1.232988e-03
2.210000e+00	1.327480e-03
2.212500e+00	1.438440e-03
2.215000e+00	1.570023e-03
2.217500e+00	1.727793e-03
2.220000e+00	1.919306e-03
2.222500e+00	2.154977e-03
2.225000e+00	2.449357e-03
2.227500e+00	2.822988e-03
2.230000e+00	3.304969e-03
2.232500e+00	3.936055e-03
2.235000e+00	4.770739e-03
2.237500e+00	5.872565e-03
2.240000e+00	7.285948e-03
2.242500e+00	8.951248e-03
2.245000e+00	1.055281e-02
2.247500e+00	1.148038e-02
2.250000e+00	1.126126e-02
2.252500e+00	1.010745e-02
2.255000e+00	8.658630e-03
2.257500e+00	7.382304e-03
2.260000e+00	6.437953e-03
2.262500e+00	5.821207e-03
2.265000e+00	5.483369e-03
2.267500e+00	5.380744e-03
2.270000e+00	5.488212e-03
2.272500e+00	5.801391e-03
2.275000e+00	6.337232e-03
2.277500e+00	7.136393e-03
2.280000e+00	8.268417e-03
2.282500e+00	9.839379e-03
2.285000e+00	1.199834e-02
2.287500e+00	1.492839e-02
2.290000e+00	1.877941e-02
2.292500e+00	2.344987e-02
2.295000e+00	2.815032e-02
2.297500e+00	3.114664e-02
2.300000e+00	3.078595e-02
2.302500e+00	2.731460e-02
2.305000e+00	2.257354e-02
2.307500e+00	1.812267e-02
2.310000e+00	1.456474e-02
2.312500e+00	1.192166e-02
2.315000e+00	1.003128e-02
2.317500e+00	8.724010e-03
2.320000e+00	7.872580e-03
2.322500e+00	7.397119e-03
2.325000e+00	7.260043e-03
2.327500e+00	7.461221e-03
2.330000e+00	8.033855e-03
2.332500e+00	9.033484e-03
2.335000e+00	1.049774e-02
2.337500e+00	1.233278e-02
2.340000e+00	1.411266e-02
2.342500e+00	1.502774e-02
2.345000e+00	1.445045e-02
2.347500e+00	1.265138e-02
2.350000e+00	1.046181e-02
2.352500e+00	8.487421e-03
2.355000e+00	6.930180e-03
2.357500e+00	5.776845e-03
2.360000e+00	4.954579e-03
2.362500e+00	4.392941e-03
2.365000e+00	4.034428e-03
2.367500e+00	3.820502e-03
2.370000e+00	3.667572e-03
2.372500e+00	3.469609e-03
2.375000e+00	3.166250e-03
2.377500e+00	2.794476e-03
2.380000e+00	2.429426e-03
2.382500e+00	2.115003e-03
2.385000e+00	1.859391e-03
2.387500e+00	1.654818e-03
2.390000e+00	1.490361e-03
2.392500e+00	1.356490e-03
2.395000e+00	1.245900e-03
2.397500e+00	1.153219e-03
2.400000e+00	1.074524e-03
2.402500e+00	1.006931e-03
2.405000e+00	9.482908e-04
2.407500e+00	8.969780e-04
2.410000e+00	8.517435e-04
2.412500e+00	8.116127e-04
2.415000e+00	7.758149e-04
2.417500e+00	7.437325e-04
2.420000e+00	7.148652e-04
2.422500e+00	6.888032e-04
2.425000e+00	6.652080e-04
2.427500e+00	6.437978e-04
2.430000e+00	6.243363e-04
2.432500e+00	6.066243e-04
2.435000e+00	5.904931e-04
2.437500e+00	5.757995e-04
2.440000e+00	5.624214e-04
2.442500e+00	5.502551e-04
2.445000e+00	5.392123e-04
2.447500e+00	5.292186e-04
2.450000e+00	5.202113e-04
2.452500e+00	5.121387e-04
2.455000e+00	5.049590e-04
2.457500e+00	4.986396e-04
2.460000e+00	4.931566e-04
2.462500e+00	4.884948e-04
2.465000e+00	4.846474e-04
2.467500e+00	4.816166e-04
2.470000e+00	4.794138e-04
2.472500e+00	4.780605e-04
2.475000e+00	4.775892e-04
2.477500e+00	4.780451e-04
2.480000e+00	4.794878e-04
2.482500e+00	4.819940e-04
2.485000e+00	4.856605e-04
2.487500e+00	4.906091e-04
2.490000e+00	4.969914e-04
2.492500e+00	5.049965e-04
2.495000e+00	5.148610e-04
2.497500e+00	5.268810e-04
2.500000e+00	5.414299e-04
2.502500e+00	5.589818e-04
2.505000e+00	5.801429e-04
2.507500e+00	6.056962e-04
2.510000e+00	6.366635e-04
2.512500e+00	6.743938e-04
2.515000e+00	7.206903e-04
2.517500e+00	7.779954e-04
2.520000e+00	8.496628e-04
2.522500e+00	9.403605e-04
2.525000e+00	1.056664e-03
2.527500e+00	1.207915e-03
2.530000e+00	1.407386e-03
2.532500e+00	1.673593e-03
2.535000e+00	2.030842e-03
2.537500e+00	2.505756e-03
2.540000e+00	3.111012e-03
2.542500e+00	3.801264e-03
2.545000e+00	4.407399e-03
2.547500e+00	4.655607e-03
2.550000e+00	4.397613e-03
2.552500e+00	3.788988e-03
2.555000e+00	3.102870e-03
2.557500e+00	2.504425e-03
2.560000e+00	2.036529e-03
2.562500e+00	1.685707e-03
2.565000e+00	1.425289e-03
2.567500e+00	1.231132e-03
2.570000e+00	1.084897e-03
2.572500e+00	9.734600e-04
2.575000e+00	8.875901e-04
2.577500e+00	8.207981e-04
2.580000e+00	7.684848e-04
2.582500e+00	7.273541e-04
2.585000e+00	6.950148e-04
2.587500e+00	6.697122e-04
2.590000e+00	6.501449e-04
2.592500e+00	6.353399e-04
2.595000e+00	6.245660e-04
2.597500e+00	6.172722e-04
2.600000e+00	6.130458e-04
2.602500e+00	6.115806e-04
2.605000e+00	6.126560e-04
2.607500e+00	6.161205e-04
2.610000e+00	6.218814e-04
2.612500e+00	6.298967e-04
2.615000e+00	6.401706e-04
2.617500e+00	6.527508e-04
2.620000e+00	6.677278e-04
2.622500e+00	6.852362e-04
2.625000e+00	7.054573e-04
2.627500e+00	7.286242e-04
2.630000e+00	7.550281e-04
2.632500e+00	7.850282e-04
2.635000e+00	8.190635e-04
2.637500e+00	8.576691e-04
2.640000e+00	9.014970e-04
2.642500e+00	9.513437e-04
2.645000e+00	1.008185e-03
2.647500e+00	1.073225e-03
2.650000e+00	1.147955e-03
2.652500e+00	1.234239e-03
2.655000e+00	1.334429e-03
2.657500e+00	1.451513e-03
2.660000e+00	1.589334e-03
2.662500e+00	1.752887e-03
2.665000e+00	1.948742e-03
2.667500e+00	2.185654e-03
2.670000e+00	2.475451e-03
2.672500e+00	2.834331e-03
2.675000e+00	3.284790e-03
2.677500e+00	3.858460e-03
2.680000e+00	4.600233e-03
2.682500e+00	5.573918e-03
2.685000e+00	6.868854e-03
2.687500e+00	8.603609e-03
2.690000e+00	1.091261e-02
2.692500e+00	1.387603e-02
2.695000e+00	1.731907e-02
2.697500e+00	2.048120e-02
2.700000e+00	2.201286e-02
2.702500e+00	2.101908e-02
2.705000e+00	1.811422e-02
2.707500e+00	1.467421e-02
2.710000e+00	1.161294e-02
2.712500e+00	9.201761e-03
2.715000e+00	7.392423e-03
2.717500e+00	6.053492e-03
2.720000e+00	5.061353e-03
2.722500e+00	4.321116e-03
2.725000e+00	3.764803e-03
2.727500e+00	3.344863e-03
2.730000e+00	3.028246e-03
2.732500e+00	2.792009e-03
2.735000e+00	2.620298e-03
2.737500e+00	2.502342e-03
2.740000e+00	2.431150e-03
2.742500e+00	2.402705e-03
2.745000e+00	2.415520e-03
2.747500e+00	2.470475e-03
2.750000e+00	2.570929e-03
2.752500e+00	2.723095e-03
2.755000e+00	2.936771e-03
2.757500e+00	3.226529e-03
2.760000e+00	3.613570e-03
2.762500e+00	4.128511e-03
2.765000e+00	4.815471e-03
2.767500e+00	5.737617e-03
2.770000e+00	6.983370e-03
2.772500e+00	8.668687e-03
2.775000e+00	1.091943e-02
2.777500e+00	1.379088e-02
2.780000e+00	1.705286e-02
2.782500e+00	1.987837e-02
2.785000e+00	2.096146e-02
2.787500e+00	1.963744e-02
2.790000e+00	1.668567e-02
2.792500e+00	1.340094e-02
2.795000e+00	1.054725e-02
2.797500e+00	8.315103e-03
2.800000e+00	6.635910e-03
2.802500e+00	5.382309e-03
2.805000e+00	4.440063e-03
2.807500e+00	3.722628e-03
2.810000e+00	3.168077e-03
2.812500e+00	2.732827e-03
2.815000e+00	2.386178e-03
2.817500e+00	2.106314e-03
2.820000e+00	1.877533e-03
2.822500e+00	1.688383e-03
2.825000e+00	1.530392e-03
2.827500e+00	1.397205e-03
2.830000e+00	1.283995e-03
2.832500e+00	1.187052e-03
2.835000e+00	1.103487e-03
2.837500e+00	1.031033e-03
2.840000e+00	9.678894e-04
2.842500e+00	9.126167e-04
2.845000e+00	8.640531e-04
2.847500e+00	8.212551e-04
2.850000e+00	7.834526e-04
2.852500e+00	7.500135e-04
2.855000e+00	7.204177e-04
2.857500e+00	6.942367e-04
2.860000e+00	6.711177e-04
2.862500e+00	6.507715e-04
2.865000e+00	6.329634e-04
2.867500e+00	6.175059e-04
2.870000e+00	6.042535e-04
2.872500e+00	5.930994e-04
2.875000e+00	5.839732e-04
2.877500e+00	5.768403e-04
2.880000e+00	5.717023e-04
2.882500e+00	5.685995e-04
2.885000e+00	5.676149e-04
2.887500e+00	5.688801e-04
2.890000e+00	5.725838e-04
2.892500e+00	5.789850e-04
2.895000e+00	5.884293e-04
2.897500e+00	6.013728e-04
2.900000e+00	6.184150e-04
2.902500e+00	6.403446e-04
2.905000e+00	6.682041e-04
2.907500e+00	7.033816e-04
2.910000e+00	7.477437e-04
2.912500e+00	8.038286e-04
2.915000e+00	8.751307e-04
2.917500e+00	9.665208e-04
2.920000e+00	1.084868e-03
2.922500e+00	1.239938e-03
2.925000e+00	1.445615e-03
2.927500e+00	1.721303e-03
2.930000e+00	2.092559e-03
2.932500e+00	2.587678e-03
2.935000e+00	3.221168e-03
2.937500e+00	3.948259e-03
2.940000e+00	4.594953e-03
2.942500e+00	4.871906e-03
2.945000e+00	4.612198e-03
2.947500e+00	3.970972e-03
2.950000e+00	3.238667e-03
2.952500e+00	2.595672e-03
2.955000e+00	2.090765e-03
2.957500e+00	1.710737e-03
2.960000e+00	1.427383e-03
2.962500e+00	1.214898e-03
2.965000e+00	1.053607e-03
2.967500e+00	9.294043e-04
2.970000e+00	8.323614e-04
2.972500e+00	7.554893e-04
2.975000e+00	6.938273e-04
2.977500e+00	6.438114e-04
2.980000e+00	6.028461e-04
2.982500e+00	5.690150e-04
2.985000e+00	5.408847e-04
2.987500e+00	5.173691e-04
2.990000e+00	4.976356e-04
2.992500e+00	4.810395e-04
2.995000e+00	4.670766e-04
2.997500e+00	4.553491e-04
