#omega	spectral weight
-6.000000e+00	2.079986e-05
-5.997500e+00	2.081122e-05
-5.995000e+00	2.082259e-05
-5.992500e+00	2.083398e-05
-5.990000e+00	2.084537e-05
-5.987500e+00	2.085677e-05
-5.985000e+00	2.086819e-05
-5.982500e+00	2.087962e-05
-5.980000e+00	2.089106e-05
-5.977500e+00	2.090251e-05
-5.975000e+00	2.091397e-05
-5.972500e+00	2.092544e-05
-5.970000e+00	2.093693e-05
-5.967500e+00	2.094843e-05
-5.965000e+00	2.095993e-05
-5.962500e+00	2.097145e-05
-5.960000e+00	2.098298e-05
-5.957500e+00	2.099453e-05
-5.955000e+00	2.100608e-05
-5.952500e+00	2.101765e-05
-5.950000e+00	2.102923e-05
-5.947500e+00	2.104081e-05
-5.945000e+00	2.105242e-05
-5.942500e+00	2.106403e-05
-5.940000e+00	2.107565e-05
-5.937500e+00	2.108729e-05
-5.935000e+00	2.109894e-05
-5.932500e+00	2.111060e-05
-5.930000e+00	2.112227e-05
-5.927500e+00	2.113395e-05
-5.925000e+00	2.114565e-05
-5.922500e+00	2.115735e-05
-5.920000e+00	2.116907e-05
-5.917500e+00	2.118080e-05
-5.915000e+00	2.119255e-05
-5.912500e+00	2.120430e-05
-5.910000e+00	2.121607e-05
-5.907500e+00	2.122784e-05
-5.905000e+00	2.123963e-05
-5.902500e+00	2.125144e-05
-5.900000e+00	2.126325e-05
-5.897500e+00	2.127508e-05
-5.895000e+00	2.128692e-05
-5.892500e+00	2.129877e-05
-5.890000e+00	2.131063e-05
-5.887500e+00	2.132250e-05
-5.885000e+00	2.133439e-05
-5.882500e+00	2.134629e-05
-5.880000e+00	2.135820e-05
-5.877500e+00	2.137012e-05
-5.875000e+00	2.138206e-05
-5.872500e+00	2.139401e-05
-5.870000e+00	2.140597e-05
-5.867500e+00	2.141794e-05
-5.865000e+00	2.142992e-05
-5.862500e+00	2.144192e-05
-5.860000e+00	2.145393e-05
-5.857500e+00	2.146595e-05
-5.855000e+00	2.147798e-05
-5.852500e+00	2.149003e-05
-5.850000e+00	2.150209e-05
-5.847500e+00	2.151416e-05
-5.845000e+00	2.152624e-05
-5.842500e+00	2.153833e-05
-5.840000e+00	2.155044e-05
-5.837500e+00	2.156256e-05
-5.835000e+00	2.157470e-05
-5.832500e+00	2.158684e-05
-5.830000e+00	2.159900e-05
-5.827500e+00	2.161117e-05
-5.825000e+00	2.162335e-05
-5.822500e+00	2.163555e-05
-5.820000e+00	2.164776e-05
-5.817500e+00	2.165998e-05
-5.815000e+00	2.167221e-05
-5.812500e+00	2.168446e-05
-5.810000e+00	2.169672e-05
-5.807500e+00	2.170899e-05
-5.805000e+00	2.172127e-05
-5.802500e+00	2.173357e-05
-5.800000e+00	2.174588e-05
-5.797500e+00	2.175820e-05
-5.795000e+00	2.177054e-05
-5.792500e+00	2.178289e-05
-5.790000e+00	2.179525e-05
-5.787500e+00	2.180762e-05
-5.785000e+00	2.182001e-05
-5.782500e+00	2.183241e-05
-5.780000e+00	2.184482e-05
-5.777500e+00	2.185725e-05
-5.775000e+00	2.186969e-05
-5.772500e+00	2.188214e-05
-5.770000e+00	2.189460e-05
-5.767500e+00	2.190708e-05
-5.765000e+00	2.191957e-05
-5.762500e+00	2.193207e-05
-5.760000e+00	2.194459e-05
-5.757500e+00	2.195712e-05
-5.755000e+00	2.196966e-05
-5.752500e+00	2.198222e-05
-5.750000e+00	2.199479e-05
-5.747500e+00	2.200737e-05
-5.745000e+00	2.201997e-05
-5.742500e+00	2.203258e-05
-5.740000e+00	2.204520e-05
-5.737500e+00	2.205784e-05
-5.735000e+00	2.207049e-05
-5.732500e+00	2.208315e-05
-5.730000e+00	2.209582e-05
-5.727500e+00	2.210851e-05
-5.725000e+00	2.212122e-05
-5.722500e+00	2.213393e-05
-5.720000e+00	2.214666e-05
-5.717500e+00	2.215940e-05
-5.715000e+00	2.217216e-05
-5.712500e+00	2.218493e-05
-5.710000e+00	2.219771e-05
-5.707500e+00	2.221051e-05
-5.705000e+00	2.222332e-05
-5.702500e+00	2.223615e-05
-5.700000e+00	2.224898e-05
-5.697500e+00	2.226183e-05
-5.695000e+00	2.227470e-05
-5.692500e+00	2.228758e-05
-5.690000e+00	2.230047e-05
-5.687500e+00	2.231338e-05
-5.685000e+00	2.232630e-05
-5.682500e+00	2.233923e-05
-5.680000e+00	2.235218e-05
-5.677500e+00	2.236514e-05
-5.675000e+00	2.237811e-05
-5.672500e+00	2.239110e-05
-5.670000e+00	2.240410e-05
-5.667500e+00	2.241712e-05
-5.665000e+00	2.243015e-05
-5.662500e+00	2.244320e-05
-5.660000e+00	2.245625e-05
-5.657500e+00	2.246933e-05
-5.655000e+00	2.248241e-05
-5.652500e+00	2.249551e-05
-5.650000e+00	2.250863e-05
-5.647500e+00	2.252176e-05
-5.645000e+00	2.253490e-05
-5.642500e+00	2.254806e-05
-5.640000e+00	2.256123e-05
-5.637500e+00	2.257441e-05
-5.635000e+00	2.258761e-05
-5.632500e+00	2.260082e-05
-5.630000e+00	2.261405e-05
-5.627500e+00	2.262729e-05
-5.625000e+00	2.264055e-05
-5.622500e+00	2.265382e-05
-5.620000e+00	2.266711e-05
-5.617500e+00	2.268040e-05
-5.615000e+00	2.269372e-05
-5.612500e+00	2.270705e-05
-5.610000e+00	2.272039e-05
-5.607500e+00	2.273375e-05
-5.605000e+00	2.274712e-05
-5.602500e+00	2.276050e-05
-5.600000e+00	2.277390e-05
-5.597500e+00	2.278732e-05
-5.595000e+00	2.280075e-05
-5.592500e+00	2.281419e-05
-5.590000e+00	2.282765e-05
-5.587500e+00	2.284112e-05
-5.585000e+00	2.285461e-05
-5.582500e+00	2.286811e-05
-5.580000e+00	2.288163e-05
-5.577500e+00	2.289516e-05
-5.575000e+00	2.290871e-05
-5.572500e+00	2.292227e-05
-5.570000e+00	2.293585e-05
-5.567500e+00	2.294944e-05
-5.565000e+00	2.296305e-05
-5.562500e+00	2.297667e-05
-5.560000e+00	2.299030e-05
-5.557500e+00	2.300395e-05
-5.555000e+00	2.301762e-05
-5.552500e+00	2.303130e-05
-5.550000e+00	2.304500e-05
-5.547500e+00	2.305871e-05
-5.545000e+00	2.307243e-05
-5.542500e+00	2.308617e-05
-5.540000e+00	2.309993e-05
-5.537500e+00	2.311370e-05
-5.535000e+00	2.312749e-05
-5.532500e+00	2.314129e-05
-5.530000e+00	2.315511e-05
-5.527500e+00	2.316894e-05
-5.525000e+00	2.318279e-05
-5.522500e+00	2.319665e-05
-5.520000e+00	2.321053e-05
-5.517500e+00	2.322442e-05
-5.515000e+00	2.323833e-05
-5.512500e+00	2.325225e-05
-5.510000e+00	2.326619e-05
-5.507500e+00	2.328015e-05
-5.505000e+00	2.329412e-05
-5.502500e+00	2.330810e-05
-5.500000e+00	2.332210e-05
-5.497500e+00	2.333612e-05
-5.495000e+00	2.335015e-05
-5.492500e+00	2.336420e-05
-5.490000e+00	2.337826e-05
-5.487500e+00	2.339234e-05
-5.485000e+00	2.340644e-05
-5.482500e+00	2.342055e-05
-5.480000e+00	2.343467e-05
-5.477500e+00	2.344882e-05
-5.475000e+00	2.346297e-05
-5.472500e+00	2.347715e-05
-5.470000e+00	2.349134e-05
-5.467500e+00	2.350554e-05
-5.465000e+00	2.351976e-05
-5.462500e+00	2.353400e-05
-5.460000e+00	2.354825e-05
-5.457500e+00	2.356252e-05
-5.455000e+00	2.357681e-05
-5.452500e+00	2.359111e-05
-5.450000e+00	2.360543e-05
-5.447500e+00	2.361976e-05
-5.445000e+00	2.363411e-05
-5.442500e+00	2.364847e-05
-5.440000e+00	2.366286e-05
-5.437500e+00	2.367725e-05
-5.435000e+00	2.369167e-05
-5.432500e+00	2.370610e-05
-5.430000e+00	2.372054e-05
-5.427500e+00	2.373501e-05
-5.425000e+00	2.374948e-05
-5.422500e+00	2.376398e-05
-5.420000e+00	2.377849e-05
-5.417500e+00	2.379302e-05
-5.415000e+00	2.380756e-05
-5.412500e+00	2.382213e-05
-5.410000e+00	2.383670e-05
-5.407500e+00	2.385130e-05
-5.405000e+00	2.386591e-05
-5.402500e+00	2.388053e-05
-5.400000e+00	2.389518e-05
-5.397500e+00	2.390984e-05
-5.395000e+00	2.392452e-05
-5.392500e+00	2.393921e-05
-5.390000e+00	2.395392e-05
-5.387500e+00	2.396865e-05
-5.385000e+00	2.398339e-05
-5.382500e+00	2.399815e-05
-5.380000e+00	2.401293e-05
-5.377500e+00	2.402772e-05
-5.375000e+00	2.404253e-05
-5.372500e+00	2.405736e-05
-5.370000e+00	2.407221e-05
-5.367500e+00	2.408707e-05
-5.365000e+00	2.410195e-05
-5.362500e+00	2.411684e-05
-5.360000e+00	2.413176e-05
-5.357500e+00	2.414669e-05
-5.355000e+00	2.416164e-05
-5.352500e+00	2.417660e-05
-5.350000e+00	2.419158e-05
-5.347500e+00	2.420658e-05
-5.345000e+00	2.422160e-05
-5.342500e+00	2.423663e-05
-5.340000e+00	2.425168e-05
-5.337500e+00	2.426675e-05
-5.335000e+00	2.428183e-05
-5.332500e+00	2.429694e-05
-5.330000e+00	2.431206e-05
-5.327500e+00	2.432720e-05
-5.325000e+00	2.434235e-05
-5.322500e+00	2.435752e-05
-5.320000e+00	2.437271e-05
-5.317500e+00	2.438792e-05
-5.315000e+00	2.440315e-05
-5.312500e+00	2.441839e-05
-5.310000e+00	2.443365e-05
-5.307500e+00	2.444893e-05
-5.305000e+00	2.446423e-05
-5.302500e+00	2.447954e-05
-5.300000e+00	2.449487e-05
-5.297500e+00	2.451022e-05
-5.295000e+00	2.452559e-05
-5.292500e+00	2.454097e-05
-5.290000e+00	2.455638e-05
-5.287500e+00	2.457180e-05
-5.285000e+00	2.458724e-05
-5.282500e+00	2.460269e-05
-5.280000e+00	2.461817e-05
-5.277500e+00	2.463366e-05
-5.275000e+00	2.464917e-05
-5.272500e+00	2.466470e-05
-5.270000e+00	2.468025e-05
-5.267500e+00	2.469582e-05
-5.265000e+00	2.471140e-05
-5.262500e+00	2.472700e-05
-5.260000e+00	2.474262e-05
-5.257500e+00	2.475826e-05
-5.255000e+00	2.477392e-05
-5.252500e+00	2.478960e-05
-5.250000e+00	2.480529e-05
-5.247500e+00	2.482100e-05
-5.245000e+00	2.483673e-05
-5.242500e+00	2.485248e-05
-5.240000e+00	2.486825e-05
-5.237500e+00	2.488404e-05
-5.235000e+00	2.489984e-05
-5.232500e+00	2.491567e-05
-5.230000e+00	2.493151e-05
-5.227500e+00	2.494737e-05
-5.225000e+00	2.496325e-05
-5.222500e+00	2.497915e-05
-5.220000e+00	2.499507e-05
-5.217500e+00	2.501100e-05
-5.215000e+00	2.502696e-05
-5.212500e+00	2.504293e-05
-5.210000e+00	2.505893e-05
-5.207500e+00	2.507494e-05
-5.205000e+00	2.509097e-05
-5.202500e+00	2.510702e-05
-5.200000e+00	2.512309e-05
-5.197500e+00	2.513918e-05
-5.195000e+00	2.515529e-05
-5.192500e+00	2.517142e-05
-5.190000e+00	2.518756e-05
-5.187500e+00	2.520373e-05
-5.185000e+00	2.521991e-05
-5.182500e+00	2.523612e-05
-5.180000e+00	2.525234e-05
-5.177500e+00	2.526858e-05
-5.175000e+00	2.528485e-05
-5.172500e+00	2.530113e-05
-5.170000e+00	2.531743e-05
-5.167500e+00	2.533375e-05
-5.165000e+00	2.535009e-05
-5.162500e+00	2.536645e-05
-5.160000e+00	2.538283e-05
-5.157500e+00	2.539923e-05
-5.155000e+00	2.541565e-05
-5.152500e+00	2.543209e-05
-5.150000e+00	2.544855e-05
-5.147500e+00	2.546503e-05
-5.145000e+00	2.548152e-05
-5.142500e+00	2.549804e-05
-5.140000e+00	2.551458e-05
-5.137500e+00	2.553114e-05
-5.135000e+00	2.554772e-05
-5.132500e+00	2.556432e-05
-5.130000e+00	2.558093e-05
-5.127500e+00	2.559757e-05
-5.125000e+00	2.561423e-05
-5.122500e+00	2.563091e-05
-5.120000e+00	2.564761e-05
-5.117500e+00	2.566433e-05
-5.115000e+00	2.568107e-05
-5.112500e+00	2.569783e-05
-5.110000e+00	2.571461e-05
-5.107500e+00	2.573141e-05
-5.105000e+00	2.574823e-05
-5.102500e+00	2.576507e-05
-5.100000e+00	2.578194e-05
-5.097500e+00	2.579882e-05
-5.095000e+00	2.581572e-05
-5.092500e+00	2.583265e-05
-5.090000e+00	2.584959e-05
-5.087500e+00	2.586656e-05
-5.085000e+00	2.588354e-05
-5.082500e+00	2.590055e-05
-5.080000e+00	2.591758e-05
-5.077500e+00	2.593463e-05
-5.075000e+00	2.595170e-05
-5.072500e+00	2.596879e-05
-5.070000e+00	2.598590e-05
-5.067500e+00	2.600303e-05
-5.065000e+00	2.602019e-05
-5.062500e+00	2.603736e-05
-5.060000e+00	2.605456e-05
-5.057500e+00	2.607177e-05
-5.055000e+00	2.608901e-05
-5.052500e+00	2.610627e-05
-5.050000e+00	2.612355e-05
-5.047500e+00	2.614085e-05
-5.045000e+00	2.615818e-05
-5.042500e+00	2.617552e-05
-5.040000e+00	2.619289e-05
-5.037500e+00	2.621028e-05
-5.035000e+00	2.622769e-05
-5.032500e+00	2.624512e-05
-5.030000e+00	2.626257e-05
-5.027500e+00	2.628005e-05
-5.025000e+00	2.629754e-05
-5.022500e+00	2.631506e-05
-5.020000e+00	2.633260e-05
-5.017500e+00	2.635016e-05
-5.015000e+00	2.636774e-05
-5.012500e+00	2.638535e-05
-5.010000e+00	2.640298e-05
-5.007500e+00	2.642063e-05
-5.005000e+00	2.643830e-05
-5.002500e+00	2.645599e-05
-5.000000e+00	2.647371e-05
-4.997500e+00	2.649144e-05
-4.995000e+00	2.650920e-05
-4.992500e+00	2.652698e-05
-4.990000e+00	2.654479e-05
-4.987500e+00	2.656262e-05
-4.985000e+00	2.658046e-05
-4.982500e+00	2.659834e-05
-4.980000e+00	2.661623e-05
-4.977500e+00	2.663415e-05
-4.975000e+00	2.665208e-05
-4.972500e+00	2.667005e-05
-4.970000e+00	2.668803e-05
-4.967500e+00	2.670604e-05
-4.965000e+00	2.672407e-05
-4.962500e+00	2.674212e-05
-4.960000e+00	2.676019e-05
-4.957500e+00	2.677829e-05
-4.955000e+00	2.679641e-05
-4.952500e+00	2.681455e-05
-4.950000e+00	2.683272e-05
-4.947500e+00	2.685091e-05
-4.945000e+00	2.686912e-05
-4.942500e+00	2.688736e-05
-4.940000e+00	2.690562e-05
-4.937500e+00	2.692390e-05
-4.935000e+00	2.694220e-05
-4.932500e+00	2.696053e-05
-4.930000e+00	2.697888e-05
-4.927500e+00	2.699726e-05
-4.925000e+00	2.701566e-05
-4.922500e+00	2.703408e-05
-4.920000e+00	2.705252e-05
-4.917500e+00	2.707099e-05
-4.915000e+00	2.708949e-05
-4.912500e+00	2.710800e-05
-4.910000e+00	2.712654e-05
-4.907500e+00	2.714510e-05
-4.905000e+00	2.716369e-05
-4.902500e+00	2.718230e-05
-4.900000e+00	2.720094e-05
-4.897500e+00	2.721960e-05
-4.895000e+00	2.723828e-05
-4.892500e+00	2.725699e-05
-4.890000e+00	2.727572e-05
-4.887500e+00	2.729447e-05
-4.885000e+00	2.731325e-05
-4.882500e+00	2.733205e-05
-4.880000e+00	2.735088e-05
-4.877500e+00	2.736973e-05
-4.875000e+00	2.738861e-05
-4.872500e+00	2.740751e-05
-4.870000e+00	2.742643e-05
-4.867500e+00	2.744538e-05
-4.865000e+00	2.746436e-05
-4.862500e+00	2.748336e-05
-4.860000e+00	2.750238e-05
-4.857500e+00	2.752143e-05
-4.855000e+00	2.754050e-05
-4.852500e+00	2.755960e-05
-4.850000e+00	2.757872e-05
-4.847500e+00	2.759786e-05
-4.845000e+00	2.761704e-05
-4.842500e+00	2.763623e-05
-4.840000e+00	2.765545e-05
-4.837500e+00	2.767470e-05
-4.835000e+00	2.769397e-05
-4.832500e+00	2.771327e-05
-4.830000e+00	2.773259e-05
-4.827500e+00	2.775194e-05
-4.825000e+00	2.777131e-05
-4.822500e+00	2.779071e-05
-4.820000e+00	2.781013e-05
-4.817500e+00	2.782958e-05
-4.815000e+00	2.784905e-05
-4.812500e+00	2.786855e-05
-4.810000e+00	2.788808e-05
-4.807500e+00	2.790763e-05
-4.805000e+00	2.792721e-05
-4.802500e+00	2.794681e-05
-4.800000e+00	2.796644e-05
-4.797500e+00	2.798609e-05
-4.795000e+00	2.800577e-05
-4.792500e+00	2.802547e-05
-4.790000e+00	2.804521e-05
-4.787500e+00	2.806496e-05
-4.785000e+00	2.808475e-05
-4.782500e+00	2.810456e-05
-4.780000e+00	2.812439e-05
-4.777500e+00	2.814426e-05
-4.775000e+00	2.816414e-05
-4.772500e+00	2.818406e-05
-4.770000e+00	2.820400e-05
-4.767500e+00	2.822397e-05
-4.765000e+00	2.824396e-05
-4.762500e+00	2.826398e-05
-4.760000e+00	2.828403e-05
-4.757500e+00	2.830411e-05
-4.755000e+00	2.832421e-05
-4.752500e+00	2.834433e-05
-4.750000e+00	2.836449e-05
-4.747500e+00	2.838467e-05
-4.745000e+00	2.840488e-05
-4.742500e+00	2.842511e-05
-4.740000e+00	2.844538e-05
-4.737500e+00	2.846567e-05
-4.735000e+00	2.848598e-05
-4.732500e+00	2.850633e-05
-4.730000e+00	2.852670e-05
-4.727500e+00	2.854710e-05
-4.725000e+00	2.856752e-05
-4.722500e+00	2.858798e-05
-4.720000e+00	2.860846e-05
-4.717500e+00	2.862896e-05
-4.715000e+00	2.864950e-05
-4.712500e+00	2.867006e-05
-4.710000e+00	2.869065e-05
-4.707500e+00	2.871127e-05
-4.705000e+00	2.873192e-05
-4.702500e+00	2.875260e-05
-4.700000e+00	2.877330e-05
-4.697500e+00	2.879403e-05
-4.695000e+00	2.881479e-05
-4.692500e+00	2.883557e-05
-4.690000e+00	2.885639e-05
-4.687500e+00	2.887723e-05
-4.685000e+00	2.889810e-05
-4.682500e+00	2.891900e-05
-4.680000e+00	2.893993e-05
-4.677500e+00	2.896089e-05
-4.675000e+00	2.898187e-05
-4.672500e+00	2.900288e-05
-4.670000e+00	2.902393e-05
-4.667500e+00	2.904500e-05
-4.665000e+00	2.906610e-05
-4.662500e+00	2.908723e-05
-4.660000e+00	2.910838e-05
-4.657500e+00	2.912957e-05
-4.655000e+00	2.915078e-05
-4.652500e+00	2.917203e-05
-4.650000e+00	2.919330e-05
-4.647500e+00	2.921460e-05
-4.645000e+00	2.923593e-05
-4.642500e+00	2.925730e-05
-4.640000e+00	2.927869e-05
-4.637500e+00	2.930010e-05
-4.635000e+00	2.932155e-05
-4.632500e+00	2.934303e-05
-4.630000e+00	2.936454e-05
-4.627500e+00	2.938608e-05
-4.625000e+00	2.940764e-05
-4.622500e+00	2.942924e-05
-4.620000e+00	2.945087e-05
-4.617500e+00	2.947252e-05
-4.615000e+00	2.949421e-05
-4.612500e+00	2.951593e-05
-4.610000e+00	2.953767e-05
-4.607500e+00	2.955945e-05
-4.605000e+00	2.958126e-05
-4.602500e+00	2.960310e-05
-4.600000e+00	2.962496e-05
-4.597500e+00	2.964686e-05
-4.595000e+00	2.966879e-05
-4.592500e+00	2.969075e-05
-4.590000e+00	2.971274e-05
-4.587500e+00	2.973476e-05
-4.585000e+00	2.975681e-05
-4.582500e+00	2.977889e-05
-4.580000e+00	2.980100e-05
-4.577500e+00	2.982315e-05
-4.575000e+00	2.984532e-05
-4.572500e+00	2.986752e-05
-4.570000e+00	2.988976e-05
-4.567500e+00	2.991203e-05
-4.565000e+00	2.993433e-05
-4.562500e+00	2.995666e-05
-4.560000e+00	2.997902e-05
-4.557500e+00	3.000141e-05
-4.555000e+00	3.002383e-05
-4.552500e+00	3.004629e-05
-4.550000e+00	3.006878e-05
-4.547500e+00	3.009129e-05
-4.545000e+00	3.011384e-05
-4.542500e+00	3.013643e-05
-4.540000e+00	3.015904e-05
-4.537500e+00	3.018169e-05
-4.535000e+00	3.020437e-05
-4.532500e+00	3.022708e-05
-4.530000e+00	3.024982e-05
-4.527500e+00	3.027259e-05
-4.525000e+00	3.029540e-05
-4.522500e+00	3.031824e-05
-4.520000e+00	3.034111e-05
-4.517500e+00	3.036401e-05
-4.515000e+00	3.038695e-05
-4.512500e+00	3.040992e-05
-4.510000e+00	3.043292e-05
-4.507500e+00	3.045596e-05
-4.505000e+00	3.047902e-05
-4.502500e+00	3.050212e-05
-4.500000e+00	3.052526e-05
-4.497500e+00	3.054842e-05
-4.495000e+00	3.057162e-05
-4.492500e+00	3.059485e-05
-4.490000e+00	3.061812e-05
-4.487500e+00	3.064142e-05
-4.485000e+00	3.066475e-05
-4.482500e+00	3.068812e-05
-4.480000e+00	3.071152e-05
-4.477500e+00	3.073495e-05
-4.475000e+00	3.075842e-05
-4.472500e+00	3.078192e-05
-4.470000e+00	3.080545e-05
-4.467500e+00	3.082902e-05
-4.465000e+00	3.085262e-05
-4.462500e+00	3.087626e-05
-4.460000e+00	3.089993e-05
-4.457500e+00	3.092363e-05
-4.455000e+00	3.094737e-05
-4.452500e+00	3.097114e-05
-4.450000e+00	3.099495e-05
-4.447500e+00	3.101879e-05
-4.445000e+00	3.104267e-05
-4.442500e+00	3.106658e-05
-4.440000e+00	3.109053e-05
-4.437500e+00	3.111451e-05
-4.435000e+00	3.113852e-05
-4.432500e+00	3.116257e-05
-4.430000e+00	3.118666e-05
-4.427500e+00	3.121078e-05
-4.425000e+00	3.123493e-05
-4.422500e+00	3.125912e-05
-4.420000e+00	3.128335e-05
-4.417500e+00	3.130761e-05
-4.415000e+00	3.133191e-05
-4.412500e+00	3.135624e-05
-4.410000e+00	3.138061e-05
-4.407500e+00	3.140501e-05
-4.405000e+00	3.142945e-05
-4.402500e+00	3.145393e-05
-4.400000e+00	3.147844e-05
-4.397500e+00	3.150299e-05
-4.395000e+00	3.152757e-05
-4.392500e+00	3.155219e-05
-4.390000e+00	3.157684e-05
-4.387500e+00	3.160154e-05
-4.385000e+00	3.162627e-05
-4.382500e+00	3.165103e-05
-4.380000e+00	3.167583e-05
-4.377500e+00	3.170067e-05
-4.375000e+00	3.172554e-05
-4.372500e+00	3.175046e-05
-4.370000e+00	3.177540e-05
-4.367500e+00	3.180039e-05
-4.365000e+00	3.182541e-05
-4.362500e+00	3.185047e-05
-4.360000e+00	3.187557e-05
-4.357500e+00	3.190070e-05
-4.355000e+00	3.192588e-05
-4.352500e+00	3.195108e-05
-4.350000e+00	3.197633e-05
-4.347500e+00	3.200162e-05
-4.345000e+00	3.202694e-05
-4.342500e+00	3.205230e-05
-4.340000e+00	3.207769e-05
-4.337500e+00	3.210313e-05
-4.335000e+00	3.212860e-05
-4.332500e+00	3.215412e-05
-4.330000e+00	3.217967e-05
-4.327500e+00	3.220525e-05
-4.325000e+00	3.223088e-05
-4.322500e+00	3.225655e-05
-4.320000e+00	3.228225e-05
-4.317500e+00	3.230799e-05
-4.315000e+00	3.233377e-05
-4.312500e+00	3.235959e-05
-4.310000e+00	3.238545e-05
-4.307500e+00	3.241135e-05
-4.305000e+00	3.243728e-05
-4.302500e+00	3.246326e-05
-4.300000e+00	3.248928e-05
-4.297500e+00	3.251533e-05
-4.295000e+00	3.254142e-05
-4.292500e+00	3.256756e-05
-4.290000e+00	3.259373e-05
-4.287500e+00	3.261994e-05
-4.285000e+00	3.264620e-05
-4.282500e+00	3.267249e-05
-4.280000e+00	3.269882e-05
-4.277500e+00	3.272519e-05
-4.275000e+00	3.275161e-05
-4.272500e+00	3.277806e-05
-4.270000e+00	3.280455e-05
-4.267500e+00	3.283109e-05
-4.265000e+00	3.285766e-05
-4.262500e+00	3.288427e-05
-4.260000e+00	3.291093e-05
-4.257500e+00	3.293763e-05
-4.255000e+00	3.296436e-05
-4.252500e+00	3.299114e-05
-4.250000e+00	3.301796e-05
-4.247500e+00	3.304482e-05
-4.245000e+00	3.307172e-05
-4.242500e+00	3.309866e-05
-4.240000e+00	3.312565e-05
-4.237500e+00	3.315267e-05
-4.235000e+00	3.317974e-05
-4.232500e+00	3.320685e-05
-4.230000e+00	3.323400e-05
-4.227500e+00	3.326119e-05
-4.225000e+00	3.328843e-05
-4.222500e+00	3.331571e-05
-4.220000e+00	3.334303e-05
-4.217500e+00	3.337039e-05
-4.215000e+00	3.339779e-05
-4.212500e+00	3.342524e-05
-4.210000e+00	3.345273e-05
-4.207500e+00	3.348026e-05
-4.205000e+00	3.350783e-05
-4.202500e+00	3.353545e-05
-4.200000e+00	3.356311e-05
-4.197500e+00	3.359081e-05
-4.195000e+00	3.361856e-05
-4.192500e+00	3.364635e-05
-4.190000e+00	3.367418e-05
-4.187500e+00	3.370206e-05
-4.185000e+00	3.372998e-05
-4.182500e+00	3.375794e-05
-4.180000e+00	3.378595e-05
-4.177500e+00	3.381400e-05
-4.175000e+00	3.384210e-05
-4.172500e+00	3.387024e-05
-4.170000e+00	3.389842e-05
-4.167500e+00	3.392665e-05
-4.165000e+00	3.395492e-05
-4.162500e+00	3.398324e-05
-4.160000e+00	3.401160e-05
-4.157500e+00	3.404001e-05
-4.155000e+00	3.406846e-05
-4.152500e+00	3.409696e-05
-4.150000e+00	3.412550e-05
-4.147500e+00	3.415408e-05
-4.145000e+00	3.418272e-05
-4.142500e+00	3.421139e-05
-4.140000e+00	3.424012e-05
-4.137500e+00	3.426888e-05
-4.135000e+00	3.429770e-05
-4.132500e+00	3.432656e-05
-4.130000e+00	3.435546e-05
-4.127500e+00	3.438441e-05
-4.125000e+00	3.441341e-05
-4.122500e+00	3.444245e-05
-4.120000e+00	3.447154e-05
-4.117500e+00	3.450068e-05
-4.115000e+00	3.452986e-05
-4.112500e+00	3.455909e-05
-4.110000e+00	3.458837e-05
-4.107500e+00	3.461769e-05
-4.105000e+00	3.464706e-05
-4.102500e+00	3.467648e-05
-4.100000e+00	3.470594e-05
-4.097500e+00	3.473546e-05
-4.095000e+00	3.476502e-05
-4.092500e+00	3.479462e-05
-4.090000e+00	3.482428e-05
-4.087500e+00	3.485398e-05
-4.085000e+00	3.488373e-05
-4.082500e+00	3.491353e-05
-4.080000e+00	3.494337e-05
-4.077500e+00	3.497327e-05
-4.075000e+00	3.500321e-05
-4.072500e+00	3.503320e-05
-4.070000e+00	3.506324e-05
-4.067500e+00	3.509333e-05
-4.065000e+00	3.512347e-05
-4.062500e+00	3.515365e-05
-4.060000e+00	3.518389e-05
-4.057500e+00	3.521417e-05
-4.055000e+00	3.524451e-05
-4.052500e+00	3.527489e-05
-4.050000e+00	3.530532e-05
-4.047500e+00	3.533580e-05
-4.045000e+00	3.536634e-05
-4.042500e+00	3.539692e-05
-4.040000e+00	3.542755e-05
-4.037500e+00	3.545823e-05
-4.035000e+00	3.548896e-05
-4.032500e+00	3.551975e-05
-4.030000e+00	3.555058e-05
-4.027500e+00	3.558146e-05
-4.025000e+00	3.561240e-05
-4.022500e+00	3.564338e-05
-4.020000e+00	3.567442e-05
-4.017500e+00	3.570550e-05
-4.015000e+00	3.573664e-05
-4.012500e+00	3.576783e-05
-4.010000e+00	3.579907e-05
-4.007500e+00	3.583037e-05
-4.005000e+00	3.586171e-05
-4.002500e+00	3.589311e-05
-4.000000e+00	3.592455e-05
-3.997500e+00	3.595605e-05
-3.995000e+00	3.598761e-05
-3.992500e+00	3.601921e-05
-3.990000e+00	3.605087e-05
-3.987500e+00	3.608258e-05
-3.985000e+00	3.611434e-05
-3.982500e+00	3.614616e-05
-3.980000e+00	3.617803e-05
-3.977500e+00	3.620995e-05
-3.975000e+00	3.624192e-05
-3.972500e+00	3.627395e-05
-3.970000e+00	3.630603e-05
-3.967500e+00	3.633817e-05
-3.965000e+00	3.637036e-05
-3.962500e+00	3.640260e-05
-3.960000e+00	3.643490e-05
-3.957500e+00	3.646725e-05
-3.955000e+00	3.649966e-05
-3.952500e+00	3.653212e-05
-3.950000e+00	3.656463e-05
-3.947500e+00	3.659720e-05
-3.945000e+00	3.662982e-05
-3.942500e+00	3.666250e-05
-3.940000e+00	3.669524e-05
-3.937500e+00	3.672803e-05
-3.935000e+00	3.676087e-05
-3.932500e+00	3.679377e-05
-3.930000e+00	3.682673e-05
-3.927500e+00	3.685974e-05
-3.925000e+00	3.689281e-05
-3.922500e+00	3.692593e-05
-3.920000e+00	3.695911e-05
-3.917500e+00	3.699235e-05
-3.915000e+00	3.702564e-05
-3.912500e+00	3.705899e-05
-3.910000e+00	3.709240e-05
-3.907500e+00	3.712587e-05
-3.905000e+00	3.715939e-05
-3.902500e+00	3.719296e-05
-3.900000e+00	3.722660e-05
-3.897500e+00	3.726029e-05
-3.895000e+00	3.729404e-05
-3.892500e+00	3.732785e-05
-3.890000e+00	3.736172e-05
-3.887500e+00	3.739564e-05
-3.885000e+00	3.742963e-05
-3.882500e+00	3.746367e-05
-3.880000e+00	3.749777e-05
-3.877500e+00	3.753193e-05
-3.875000e+00	3.756614e-05
-3.872500e+00	3.760042e-05
-3.870000e+00	3.763475e-05
-3.867500e+00	3.766915e-05
-3.865000e+00	3.770360e-05
-3.862500e+00	3.773812e-05
-3.860000e+00	3.777269e-05
-3.857500e+00	3.780732e-05
-3.855000e+00	3.784202e-05
-3.852500e+00	3.787677e-05
-3.850000e+00	3.791158e-05
-3.847500e+00	3.794646e-05
-3.845000e+00	3.798139e-05
-3.842500e+00	3.801639e-05
-3.840000e+00	3.805145e-05
-3.837500e+00	3.808657e-05
-3.835000e+00	3.812174e-05
-3.832500e+00	3.815699e-05
-3.830000e+00	3.819229e-05
-3.827500e+00	3.822765e-05
-3.825000e+00	3.826308e-05
-3.822500e+00	3.829857e-05
-3.820000e+00	3.833412e-05
-3.817500e+00	3.836973e-05
-3.815000e+00	3.840541e-05
-3.812500e+00	3.844114e-05
-3.810000e+00	3.847694e-05
-3.807500e+00	3.851281e-05
-3.805000e+00	3.854874e-05
-3.802500e+00	3.858473e-05
-3.800000e+00	3.862078e-05
-3.797500e+00	3.865690e-05
-3.795000e+00	3.869308e-05
-3.792500e+00	3.872933e-05
-3.790000e+00	3.876564e-05
-3.787500e+00	3.880201e-05
-3.785000e+00	3.883845e-05
-3.782500e+00	3.887495e-05
-3.780000e+00	3.891152e-05
-3.777500e+00	3.894816e-05
-3.775000e+00	3.898485e-05
-3.772500e+00	3.902162e-05
-3.770000e+00	3.905845e-05
-3.767500e+00	3.909534e-05
-3.765000e+00	3.913230e-05
-3.762500e+00	3.916933e-05
-3.760000e+00	3.920643e-05
-3.757500e+00	3.924359e-05
-3.755000e+00	3.928081e-05
-3.752500e+00	3.931811e-05
-3.750000e+00	3.935547e-05
-3.747500e+00	3.939289e-05
-3.745000e+00	3.943039e-05
-3.742500e+00	3.946795e-05
-3.740000e+00	3.950558e-05
-3.737500e+00	3.954328e-05
-3.735000e+00	3.958104e-05
-3.732500e+00	3.961888e-05
-3.730000e+00	3.965678e-05
-3.727500e+00	3.969475e-05
-3.725000e+00	3.973279e-05
-3.722500e+00	3.977090e-05
-3.720000e+00	3.980908e-05
-3.717500e+00	3.984732e-05
-3.715000e+00	3.988564e-05
-3.712500e+00	3.992403e-05
-3.710000e+00	3.996248e-05
-3.707500e+00	4.000101e-05
-3.705000e+00	4.003960e-05
-3.702500e+00	4.007827e-05
-3.700000e+00	4.011701e-05
-3.697500e+00	4.015582e-05
-3.695000e+00	4.019469e-05
-3.692500e+00	4.023364e-05
-3.690000e+00	4.027267e-05
-3.687500e+00	4.031176e-05
-3.685000e+00	4.035092e-05
-3.682500e+00	4.039016e-05
-3.680000e+00	4.042947e-05
-3.677500e+00	4.046885e-05
-3.675000e+00	4.050830e-05
-3.672500e+00	4.054783e-05
-3.670000e+00	4.058743e-05
-3.667500e+00	4.062710e-05
-3.665000e+00	4.066685e-05
-3.662500e+00	4.070667e-05
-3.660000e+00	4.074656e-05
-3.657500e+00	4.078652e-05
-3.655000e+00	4.082656e-05
-3.652500e+00	4.086668e-05
-3.650000e+00	4.090687e-05
-3.647500e+00	4.094713e-05
-3.645000e+00	4.098747e-05
-3.642500e+00	4.102789e-05
-3.640000e+00	4.106838e-05
-3.637500e+00	4.110894e-05
-3.635000e+00	4.114958e-05
-3.632500e+00	4.119030e-05
-3.630000e+00	4.123109e-05
-3.627500e+00	4.127196e-05
-3.625000e+00	4.131290e-05
-3.622500e+00	4.135393e-05
-3.620000e+00	4.139503e-05
-3.617500e+00	4.143620e-05
-3.615000e+00	4.147746e-05
-3.612500e+00	4.151879e-05
-3.610000e+00	4.156020e-05
-3.607500e+00	4.160168e-05
-3.605000e+00	4.164325e-05
-3.602500e+00	4.168489e-05
-3.600000e+00	4.172662e-05
-3.597500e+00	4.176842e-05
-3.595000e+00	4.181030e-05
-3.592500e+00	4.185226e-05
-3.590000e+00	4.189430e-05
-3.587500e+00	4.193642e-05
-3.585000e+00	4.197862e-05
-3.582500e+00	4.202090e-05
-3.580000e+00	4.206326e-05
-3.577500e+00	4.210570e-05
-3.575000e+00	4.214822e-05
-3.572500e+00	4.219082e-05
-3.570000e+00	4.223351e-05
-3.567500e+00	4.227627e-05
-3.565000e+00	4.231912e-05
-3.562500e+00	4.236205e-05
-3.560000e+00	4.240506e-05
-3.557500e+00	4.244815e-05
-3.555000e+00	4.249133e-05
-3.552500e+00	4.253459e-05
-3.550000e+00	4.257793e-05
-3.547500e+00	4.262136e-05
-3.545000e+00	4.266487e-05
-3.542500e+00	4.270846e-05
-3.540000e+00	4.275214e-05
-3.537500e+00	4.279590e-05
-3.535000e+00	4.283975e-05
-3.532500e+00	4.288368e-05
-3.530000e+00	4.292770e-05
-3.527500e+00	4.297180e-05
-3.525000e+00	4.301599e-05
-3.522500e+00	4.306026e-05
-3.520000e+00	4.310462e-05
-3.517500e+00	4.314907e-05
-3.515000e+00	4.319360e-05
-3.512500e+00	4.323822e-05
-3.510000e+00	4.328292e-05
-3.507500e+00	4.332772e-05
-3.505000e+00	4.337260e-05
-3.502500e+00	4.341756e-05
-3.500000e+00	4.346262e-05
-3.497500e+00	4.350777e-05
-3.495000e+00	4.355300e-05
-3.492500e+00	4.359832e-05
-3.490000e+00	4.364373e-05
-3.487500e+00	4.368923e-05
-3.485000e+00	4.373482e-05
-3.482500e+00	4.378050e-05
-3.480000e+00	4.382627e-05
-3.477500e+00	4.387213e-05
-3.475000e+00	4.391808e-05
-3.472500e+00	4.396412e-05
-3.470000e+00	4.401025e-05
-3.467500e+00	4.405648e-05
-3.465000e+00	4.410279e-05
-3.462500e+00	4.414920e-05
-3.460000e+00	4.419570e-05
-3.457500e+00	4.424229e-05
-3.455000e+00	4.428898e-05
-3.452500e+00	4.433575e-05
-3.450000e+00	4.438262e-05
-3.447500e+00	4.442959e-05
-3.445000e+00	4.447664e-05
-3.442500e+00	4.452380e-05
-3.440000e+00	4.457104e-05
-3.437500e+00	4.461838e-05
-3.435000e+00	4.466582e-05
-3.432500e+00	4.471335e-05
-3.430000e+00	4.476097e-05
-3.427500e+00	4.480870e-05
-3.425000e+00	4.485651e-05
-3.422500e+00	4.490443e-05
-3.420000e+00	4.495244e-05
-3.417500e+00	4.500054e-05
-3.415000e+00	4.504875e-05
-3.412500e+00	4.509705e-05
-3.410000e+00	4.514545e-05
-3.407500e+00	4.519395e-05
-3.405000e+00	4.524254e-05
-3.402500e+00	4.529123e-05
-3.400000e+00	4.534003e-05
-3.397500e+00	4.538892e-05
-3.395000e+00	4.543791e-05
-3.392500e+00	4.548700e-05
-3.390000e+00	4.553619e-05
-3.387500e+00	4.558548e-05
-3.385000e+00	4.563487e-05
-3.382500e+00	4.568437e-05
-3.380000e+00	4.573396e-05
-3.377500e+00	4.578365e-05
-3.375000e+00	4.583345e-05
-3.372500e+00	4.588335e-05
-3.370000e+00	4.593335e-05
-3.367500e+00	4.598346e-05
-3.365000e+00	4.603366e-05
-3.362500e+00	4.608397e-05
-3.360000e+00	4.613439e-05
-3.357500e+00	4.618490e-05
-3.355000e+00	4.623553e-05
-3.352500e+00	4.628625e-05
-3.350000e+00	4.633708e-05
-3.347500e+00	4.638802e-05
-3.345000e+00	4.643906e-05
-3.342500e+00	4.649021e-05
-3.340000e+00	4.654146e-05
-3.337500e+00	4.659282e-05
-3.335000e+00	4.664429e-05
-3.332500e+00	4.669586e-05
-3.330000e+00	4.674754e-05
-3.327500e+00	4.679933e-05
-3.325000e+00	4.685123e-05
-3.322500e+00	4.690324e-05
-3.320000e+00	4.695535e-05
-3.317500e+00	4.700757e-05
-3.315000e+00	4.705991e-05
-3.312500e+00	4.711235e-05
-3.310000e+00	4.716490e-05
-3.307500e+00	4.721756e-05
-3.305000e+00	4.727034e-05
-3.302500e+00	4.732322e-05
-3.300000e+00	4.737622e-05
-3.297500e+00	4.742932e-05
-3.295000e+00	4.748254e-05
-3.292500e+00	4.753588e-05
-3.290000e+00	4.758932e-05
-3.287500e+00	4.764288e-05
-3.285000e+00	4.769655e-05
-3.282500e+00	4.775033e-05
-3.280000e+00	4.780423e-05
-3.277500e+00	4.785825e-05
-3.275000e+00	4.791237e-05
-3.272500e+00	4.796662e-05
-3.270000e+00	4.802098e-05
-3.267500e+00	4.807545e-05
-3.265000e+00	4.813004e-05
-3.262500e+00	4.818475e-05
-3.260000e+00	4.823957e-05
-3.257500e+00	4.829452e-05
-3.255000e+00	4.834958e-05
-3.252500e+00	4.840475e-05
-3.250000e+00	4.846005e-05
-3.247500e+00	4.851546e-05
-3.245000e+00	4.857100e-05
-3.242500e+00	4.862665e-05
-3.240000e+00	4.868243e-05
-3.237500e+00	4.873832e-05
-3.235000e+00	4.879433e-05
-3.232500e+00	4.885047e-05
-3.230000e+00	4.890673e-05
-3.227500e+00	4.896310e-05
-3.225000e+00	4.901960e-05
-3.222500e+00	4.907623e-05
-3.220000e+00	4.913297e-05
-3.217500e+00	4.918984e-05
-3.215000e+00	4.924684e-05
-3.212500e+00	4.930395e-05
-3.210000e+00	4.936120e-05
-3.207500e+00	4.941856e-05
-3.205000e+00	4.947605e-05
-3.202500e+00	4.953367e-05
-3.200000e+00	4.959141e-05
-3.197500e+00	4.964928e-05
-3.195000e+00	4.970728e-05
-3.192500e+00	4.976541e-05
-3.190000e+00	4.982366e-05
-3.187500e+00	4.988204e-05
-3.185000e+00	4.994055e-05
-3.182500e+00	4.999918e-05
-3.180000e+00	5.005795e-05
-3.177500e+00	5.011684e-05
-3.175000e+00	5.017587e-05
-3.172500e+00	5.023503e-05
-3.170000e+00	5.029432e-05
-3.167500e+00	5.035373e-05
-3.165000e+00	5.041329e-05
-3.162500e+00	5.047297e-05
-3.160000e+00	5.053278e-05
-3.157500e+00	5.059273e-05
-3.155000e+00	5.065281e-05
-3.152500e+00	5.071303e-05
-3.150000e+00	5.077338e-05
-3.147500e+00	5.083387e-05
-3.145000e+00	5.089449e-05
-3.142500e+00	5.095524e-05
-3.140000e+00	5.101613e-05
-3.137500e+00	5.107716e-05
-3.135000e+00	5.113833e-05
-3.132500e+00	5.119963e-05
-3.130000e+00	5.126107e-05
-3.127500e+00	5.132265e-05
-3.125000e+00	5.138437e-05
-3.122500e+00	5.144623e-05
-3.120000e+00	5.150822e-05
-3.117500e+00	5.157036e-05
-3.115000e+00	5.163264e-05
-3.112500e+00	5.169505e-05
-3.110000e+00	5.175761e-05
-3.107500e+00	5.182031e-05
-3.105000e+00	5.188316e-05
-3.102500e+00	5.194614e-05
-3.100000e+00	5.200927e-05
-3.097500e+00	5.207255e-05
-3.095000e+00	5.213597e-05
-3.092500e+00	5.219953e-05
-3.090000e+00	5.226324e-05
-3.087500e+00	5.232709e-05
-3.085000e+00	5.239109e-05
-3.082500e+00	5.245524e-05
-3.080000e+00	5.251953e-05
-3.077500e+00	5.258397e-05
-3.075000e+00	5.264856e-05
-3.072500e+00	5.271330e-05
-3.070000e+00	5.277819e-05
-3.067500e+00	5.284322e-05
-3.065000e+00	5.290841e-05
-3.062500e+00	5.297375e-05
-3.060000e+00	5.303924e-05
-3.057500e+00	5.310488e-05
-3.055000e+00	5.317067e-05
-3.052500e+00	5.323661e-05
-3.050000e+00	5.330271e-05
-3.047500e+00	5.336896e-05
-3.045000e+00	5.343537e-05
-3.042500e+00	5.350193e-05
-3.040000e+00	5.356864e-05
-3.037500e+00	5.363551e-05
-3.035000e+00	5.370254e-05
-3.032500e+00	5.376972e-05
-3.030000e+00	5.383706e-05
-3.027500e+00	5.390456e-05
-3.025000e+00	5.397222e-05
-3.022500e+00	5.404003e-05
-3.020000e+00	5.410801e-05
-3.017500e+00	5.417614e-05
-3.015000e+00	5.424444e-05
-3.012500e+00	5.431290e-05
-3.010000e+00	5.438151e-05
-3.007500e+00	5.445029e-05
-3.005000e+00	5.451924e-05
-3.002500e+00	5.458834e-05
-3.000000e+00	5.465761e-05
-2.997500e+00	5.472705e-05
-2.995000e+00	5.479664e-05
-2.992500e+00	5.486641e-05
-2.990000e+00	5.493634e-05
-2.987500e+00	5.500643e-05
-2.985000e+00	5.507670e-05
-2.982500e+00	5.514713e-05
-2.980000e+00	5.521773e-05
-2.977500e+00	5.528850e-05
-2.975000e+00	5.535943e-05
-2.972500e+00	5.543054e-05
-2.970000e+00	5.550182e-05
-2.967500e+00	5.557327e-05
-2.965000e+00	5.564489e-05
-2.962500e+00	5.571668e-05
-2.960000e+00	5.578865e-05
-2.957500e+00	5.586079e-05
-2.955000e+00	5.593310e-05
-2.952500e+00	5.600559e-05
-2.950000e+00	5.607826e-05
-2.947500e+00	5.615110e-05
-2.945000e+00	5.622411e-05
-2.942500e+00	5.629731e-05
-2.940000e+00	5.637068e-05
-2.937500e+00	5.644423e-05
-2.935000e+00	5.651796e-05
-2.932500e+00	5.659187e-05
-2.930000e+00	5.666596e-05
-2.927500e+00	5.674023e-05
-2.925000e+00	5.681468e-05
-2.922500e+00	5.688931e-05
-2.920000e+00	5.696413e-05
-2.917500e+00	5.703913e-05
-2.915000e+00	5.711431e-05
-2.912500e+00	5.718968e-05
-2.910000e+00	5.726523e-05
-2.907500e+00	5.734097e-05
-2.905000e+00	5.741690e-05
-2.902500e+00	5.749301e-05
-2.900000e+00	5.756931e-05
-2.897500e+00	5.764580e-05
-2.895000e+00	5.772248e-05
-2.892500e+00	5.779935e-05
-2.890000e+00	5.787641e-05
-2.887500e+00	5.795367e-05
-2.885000e+00	5.803111e-05
-2.882500e+00	5.810875e-05
-2.880000e+00	5.818658e-05
-2.877500e+00	5.826460e-05
-2.875000e+00	5.834282e-05
-2.872500e+00	5.842123e-05
-2.870000e+00	5.849984e-05
-2.867500e+00	5.857865e-05
-2.865000e+00	5.865765e-05
-2.862500e+00	5.873686e-05
-2.860000e+00	5.881626e-05
-2.857500e+00	5.889586e-05
-2.855000e+00	5.897566e-05
-2.852500e+00	5.905567e-05
-2.850000e+00	5.913587e-05
-2.847500e+00	5.921628e-05
-2.845000e+00	5.929689e-05
-2.842500e+00	5.937771e-05
-2.840000e+00	5.945873e-05
-2.837500e+00	5.953995e-05
-2.835000e+00	5.962138e-05
-2.832500e+00	5.970302e-05
-2.830000e+00	5.978487e-05
-2.827500e+00	5.986692e-05
-2.825000e+00	5.994919e-05
-2.822500e+00	6.003166e-05
-2.820000e+00	6.011435e-05
-2.817500e+00	6.019724e-05
-2.815000e+00	6.028035e-05
-2.812500e+00	6.036368e-05
-2.810000e+00	6.044721e-05
-2.807500e+00	6.053096e-05
-2.805000e+00	6.061493e-05
-2.802500e+00	6.069911e-05
-2.800000e+00	6.078351e-05
-2.797500e+00	6.086813e-05
-2.795000e+00	6.095296e-05
-2.792500e+00	6.103802e-05
-2.790000e+00	6.112330e-05
-2.787500e+00	6.120879e-05
-2.785000e+00	6.129451e-05
-2.782500e+00	6.138045e-05
-2.780000e+00	6.146662e-05
-2.777500e+00	6.155301e-05
-2.775000e+00	6.163962e-05
-2.772500e+00	6.172646e-05
-2.770000e+00	6.181353e-05
-2.767500e+00	6.190083e-05
-2.765000e+00	6.198835e-05
-2.762500e+00	6.207610e-05
-2.760000e+00	6.216409e-05
-2.757500e+00	6.225230e-05
-2.755000e+00	6.234075e-05
-2.752500e+00	6.242943e-05
-2.750000e+00	6.251834e-05
-2.747500e+00	6.260749e-05
-2.745000e+00	6.269687e-05
-2.742500e+00	6.278649e-05
-2.740000e+00	6.287635e-05
-2.737500e+00	6.296644e-05
-2.735000e+00	6.305678e-05
-2.732500e+00	6.314735e-05
-2.730000e+00	6.323816e-05
-2.727500e+00	6.332922e-05
-2.725000e+00	6.342052e-05
-2.722500e+00	6.351206e-05
-2.720000e+00	6.360385e-05
-2.717500e+00	6.369588e-05
-2.715000e+00	6.378816e-05
-2.712500e+00	6.388069e-05
-2.710000e+00	6.397347e-05
-2.707500e+00	6.406649e-05
-2.705000e+00	6.415976e-05
-2.702500e+00	6.425329e-05
-2.700000e+00	6.434707e-05
-2.697500e+00	6.444110e-05
-2.695000e+00	6.453538e-05
-2.692500e+00	6.462992e-05
-2.690000e+00	6.472472e-05
-2.687500e+00	6.481977e-05
-2.685000e+00	6.491508e-05
-2.682500e+00	6.501065e-05
-2.680000e+00	6.510648e-05
-2.677500e+00	6.520257e-05
-2.675000e+00	6.529892e-05
-2.672500e+00	6.539554e-05
-2.670000e+00	6.549241e-05
-2.667500e+00	6.558956e-05
-2.665000e+00	6.568697e-05
-2.662500e+00	6.578465e-05
-2.660000e+00	6.588259e-05
-2.657500e+00	6.598081e-05
-2.655000e+00	6.607929e-05
-2.652500e+00	6.617805e-05
-2.650000e+00	6.627707e-05
-2.647500e+00	6.637638e-05
-2.645000e+00	6.647595e-05
-2.642500e+00	6.657580e-05
-2.640000e+00	6.667593e-05
-2.637500e+00	6.677634e-05
-2.635000e+00	6.687702e-05
-2.632500e+00	6.697799e-05
-2.630000e+00	6.707923e-05
-2.627500e+00	6.718076e-05
-2.625000e+00	6.728257e-05
-2.622500e+00	6.738466e-05
-2.620000e+00	6.748704e-05
-2.617500e+00	6.758971e-05
-2.615000e+00	6.769266e-05
-2.612500e+00	6.779591e-05
-2.610000e+00	6.789944e-05
-2.607500e+00	6.800326e-05
-2.605000e+00	6.810738e-05
-2.602500e+00	6.821179e-05
-2.600000e+00	6.831650e-05
-2.597500e+00	6.842150e-05
-2.595000e+00	6.852679e-05
-2.592500e+00	6.863239e-05
-2.590000e+00	6.873828e-05
-2.587500e+00	6.884448e-05
-2.585000e+00	6.895098e-05
-2.582500e+00	6.905778e-05
-2.580000e+00	6.916488e-05
-2.577500e+00	6.927229e-05
-2.575000e+00	6.938001e-05
-2.572500e+00	6.948803e-05
-2.570000e+00	6.959637e-05
-2.567500e+00	6.970501e-05
-2.565000e+00	6.981397e-05
-2.562500e+00	6.992323e-05
-2.560000e+00	7.003282e-05
-2.557500e+00	7.014272e-05
-2.555000e+00	7.025293e-05
-2.552500e+00	7.036346e-05
-2.550000e+00	7.047432e-05
-2.547500e+00	7.058549e-05
-2.545000e+00	7.069698e-05
-2.542500e+00	7.080880e-05
-2.540000e+00	7.092094e-05
-2.537500e+00	7.103341e-05
-2.535000e+00	7.114621e-05
-2.532500e+00	7.125933e-05
-2.530000e+00	7.137279e-05
-2.527500e+00	7.148657e-05
-2.525000e+00	7.160069e-05
-2.522500e+00	7.171514e-05
-2.520000e+00	7.182993e-05
-2.517500e+00	7.194506e-05
-2.515000e+00	7.206052e-05
-2.512500e+00	7.217632e-05
-2.510000e+00	7.229246e-05
-2.507500e+00	7.240895e-05
-2.505000e+00	7.252578e-05
-2.502500e+00	7.264295e-05
-2.500000e+00	7.276047e-05
-2.497500e+00	7.287834e-05
-2.495000e+00	7.299656e-05
-2.492500e+00	7.311513e-05
-2.490000e+00	7.323406e-05
-2.487500e+00	7.335333e-05
-2.485000e+00	7.347297e-05
-2.482500e+00	7.359296e-05
-2.480000e+00	7.371330e-05
-2.477500e+00	7.383401e-05
-2.475000e+00	7.395508e-05
-2.472500e+00	7.407651e-05
-2.470000e+00	7.419831e-05
-2.467500e+00	7.432047e-05
-2.465000e+00	7.444300e-05
-2.462500e+00	7.456591e-05
-2.460000e+00	7.468918e-05
-2.457500e+00	7.481282e-05
-2.455000e+00	7.493684e-05
-2.452500e+00	7.506123e-05
-2.450000e+00	7.518600e-05
-2.447500e+00	7.531115e-05
-2.445000e+00	7.543668e-05
-2.442500e+00	7.556259e-05
-2.440000e+00	7.568888e-05
-2.437500e+00	7.581556e-05
-2.435000e+00	7.594263e-05
-2.432500e+00	7.607009e-05
-2.430000e+00	7.619793e-05
-2.427500e+00	7.632617e-05
-2.425000e+00	7.645480e-05
-2.422500e+00	7.658383e-05
-2.420000e+00	7.671325e-05
-2.417500e+00	7.684307e-05
-2.415000e+00	7.697330e-05
-2.412500e+00	7.710392e-05
-2.410000e+00	7.723495e-05
-2.407500e+00	7.736639e-05
-2.405000e+00	7.749823e-05
-2.402500e+00	7.763048e-05
-2.400000e+00	7.776314e-05
-2.397500e+00	7.789622e-05
-2.395000e+00	7.802971e-05
-2.392500e+00	7.816362e-05
-2.390000e+00	7.829794e-05
-2.387500e+00	7.843269e-05
-2.385000e+00	7.856786e-05
-2.382500e+00	7.870345e-05
-2.380000e+00	7.883946e-05
-2.377500e+00	7.897591e-05
-2.375000e+00	7.911278e-05
-2.372500e+00	7.925009e-05
-2.370000e+00	7.938783e-05
-2.367500e+00	7.952600e-05
-2.365000e+00	7.966461e-05
-2.362500e+00	7.980366e-05
-2.360000e+00	7.994315e-05
-2.357500e+00	8.008308e-05
-2.355000e+00	8.022346e-05
-2.352500e+00	8.036429e-05
-2.350000e+00	8.050556e-05
-2.347500e+00	8.064729e-05
-2.345000e+00	8.078947e-05
-2.342500e+00	8.093210e-05
-2.340000e+00	8.107519e-05
-2.337500e+00	8.121874e-05
-2.335000e+00	8.136275e-05
-2.332500e+00	8.150723e-05
-2.330000e+00	8.165217e-05
-2.327500e+00	8.179757e-05
-2.325000e+00	8.194345e-05
-2.322500e+00	8.208980e-05
-2.320000e+00	8.223662e-05
-2.317500e+00	8.238392e-05
-2.315000e+00	8.253169e-05
-2.312500e+00	8.267995e-05
-2.310000e+00	8.282869e-05
-2.307500e+00	8.297791e-05
-2.305000e+00	8.312762e-05
-2.302500e+00	8.327782e-05
-2.300000e+00	8.342851e-05
-2.297500e+00	8.357969e-05
-2.295000e+00	8.373137e-05
-2.292500e+00	8.388355e-05
-2.290000e+00	8.403623e-05
-2.287500e+00	8.418941e-05
-2.285000e+00	8.434310e-05
-2.282500e+00	8.449729e-05
-2.280000e+00	8.465199e-05
-2.277500e+00	8.480721e-05
-2.275000e+00	8.496294e-05
-2.272500e+00	8.511918e-05
-2.270000e+00	8.527595e-05
-2.267500e+00	8.543324e-05
-2.265000e+00	8.559105e-05
-2.262500e+00	8.574939e-05
-2.260000e+00	8.590825e-05
-2.257500e+00	8.606765e-05
-2.255000e+00	8.622758e-05
-2.252500e+00	8.638805e-05
-2.250000e+00	8.654906e-05
-2.247500e+00	8.671061e-05
-2.245000e+00	8.687270e-05
-2.242500e+00	8.703534e-05
-2.240000e+00	8.719853e-05
-2.237500e+00	8.736227e-05
-2.235000e+00	8.752656e-05
-2.232500e+00	8.769141e-05
-2.230000e+00	8.785683e-05
-2.227500e+00	8.802280e-05
-2.225000e+00	8.818934e-05
-2.222500e+00	8.835644e-05
-2.220000e+00	8.852412e-05
-2.217500e+00	8.869237e-05
-2.215000e+00	8.886119e-05
-2.212500e+00	8.903060e-05
-2.210000e+00	8.920058e-05
-2.207500e+00	8.937115e-05
-2.205000e+00	8.954230e-05
-2.202500e+00	8.971405e-05
-2.200000e+00	8.988639e-05
-2.197500e+00	9.005932e-05
-2.195000e+00	9.023285e-05
-2.192500e+00	9.040698e-05
-2.190000e+00	9.058172e-05
-2.187500e+00	9.075706e-05
-2.185000e+00	9.093301e-05
-2.182500e+00	9.110958e-05
-2.180000e+00	9.128676e-05
-2.177500e+00	9.146456e-05
-2.175000e+00	9.164298e-05
-2.172500e+00	9.182203e-05
-2.170000e+00	9.200170e-05
-2.167500e+00	9.218201e-05
-2.165000e+00	9.236295e-05
-2.162500e+00	9.254453e-05
-2.160000e+00	9.272674e-05
-2.157500e+00	9.290961e-05
-2.155000e+00	9.309311e-05
-2.152500e+00	9.327727e-05
-2.150000e+00	9.346208e-05
-2.147500e+00	9.364755e-05
-2.145000e+00	9.383367e-05
-2.142500e+00	9.402046e-05
-2.140000e+00	9.420791e-05
-2.137500e+00	9.439604e-05
-2.135000e+00	9.458483e-05
-2.132500e+00	9.477431e-05
-2.130000e+00	9.496446e-05
-2.127500e+00	9.515529e-05
-2.125000e+00	9.534681e-05
-2.122500e+00	9.553902e-05
-2.120000e+00	9.573192e-05
-2.117500e+00	9.592552e-05
-2.115000e+00	9.611982e-05
-2.112500e+00	9.631483e-05
-2.110000e+00	9.651054e-05
-2.107500e+00	9.670696e-05
-2.105000e+00	9.690409e-05
-2.102500e+00	9.710194e-05
-2.100000e+00	9.730052e-05
-2.097500e+00	9.749982e-05
-2.095000e+00	9.769985e-05
-2.092500e+00	9.790061e-05
-2.090000e+00	9.810210e-05
-2.087500e+00	9.830434e-05
-2.085000e+00	9.850732e-05
-2.082500e+00	9.871105e-05
-2.080000e+00	9.891553e-05
-2.077500e+00	9.912076e-05
-2.075000e+00	9.932676e-05
-2.072500e+00	9.953351e-05
-2.070000e+00	9.974104e-05
-2.067500e+00	9.994933e-05
-2.065000e+00	1.001584e-04
-2.062500e+00	1.003683e-04
-2.060000e+00	1.005789e-04
-2.057500e+00	1.007903e-04
-2.055000e+00	1.010025e-04
-2.052500e+00	1.012155e-04
-2.050000e+00	1.014293e-04
-2.047500e+00	1.016439e-04
-2.045000e+00	1.018593e-04
-2.042500e+00	1.020756e-04
-2.040000e+00	1.022926e-04
-2.037500e+00	1.025105e-04
-2.035000e+00	1.027292e-04
-2.032500e+00	1.029487e-04
-2.030000e+00	1.031690e-04
-2.027500e+00	1.033902e-04
-2.025000e+00	1.036123e-04
-2.022500e+00	1.038351e-04
-2.020000e+00	1.040589e-04
-2.017500e+00	1.042834e-04
-2.015000e+00	1.045089e-04
-2.012500e+00	1.047352e-04
-2.010000e+00	1.049624e-04
-2.007500e+00	1.051904e-04
-2.005000e+00	1.054194e-04
-2.002500e+00	1.056492e-04
-2.000000e+00	1.058799e-04
-1.997500e+00	1.061115e-04
-1.995000e+00	1.063440e-04
-1.992500e+00	1.065774e-04
-1.990000e+00	1.068117e-04
-1.987500e+00	1.070469e-04
-1.985000e+00	1.072830e-04
-1.982500e+00	1.075201e-04
-1.980000e+00	1.077580e-04
-1.977500e+00	1.079969e-04
-1.975000e+00	1.082368e-04
-1.972500e+00	1.084776e-04
-1.970000e+00	1.087193e-04
-1.967500e+00	1.089620e-04
-1.965000e+00	1.092057e-04
-1.962500e+00	1.094503e-04
-1.960000e+00	1.096959e-04
-1.957500e+00	1.099424e-04
-1.955000e+00	1.101899e-04
-1.952500e+00	1.104385e-04
-1.950000e+00	1.106880e-04
-1.947500e+00	1.109385e-04
-1.945000e+00	1.111900e-04
-1.942500e+00	1.114425e-04
-1.940000e+00	1.116960e-04
-1.937500e+00	1.119505e-04
-1.935000e+00	1.122061e-04
-1.932500e+00	1.124627e-04
-1.930000e+00	1.127203e-04
-1.927500e+00	1.129789e-04
-1.925000e+00	1.132387e-04
-1.922500e+00	1.134994e-04
-1.920000e+00	1.137612e-04
-1.917500e+00	1.140241e-04
-1.915000e+00	1.142881e-04
-1.912500e+00	1.145531e-04
-1.910000e+00	1.148192e-04
-1.907500e+00	1.150864e-04
-1.905000e+00	1.153547e-04
-1.902500e+00	1.156240e-04
-1.900000e+00	1.158945e-04
-1.897500e+00	1.161661e-04
-1.895000e+00	1.164389e-04
-1.892500e+00	1.167127e-04
-1.890000e+00	1.169877e-04
-1.887500e+00	1.172638e-04
-1.885000e+00	1.175411e-04
-1.882500e+00	1.178195e-04
-1.880000e+00	1.180991e-04
-1.877500e+00	1.183798e-04
-1.875000e+00	1.186617e-04
-1.872500e+00	1.189448e-04
-1.870000e+00	1.192291e-04
-1.867500e+00	1.195145e-04
-1.865000e+00	1.198012e-04
-1.862500e+00	1.200890e-04
-1.860000e+00	1.203781e-04
-1.857500e+00	1.206684e-04
-1.855000e+00	1.209599e-04
-1.852500e+00	1.212527e-04
-1.850000e+00	1.215467e-04
-1.847500e+00	1.218419e-04
-1.845000e+00	1.221384e-04
-1.842500e+00	1.224362e-04
-1.840000e+00	1.227352e-04
-1.837500e+00	1.230355e-04
-1.835000e+00	1.233371e-04
-1.832500e+00	1.236400e-04
-1.830000e+00	1.239442e-04
-1.827500e+00	1.242497e-04
-1.825000e+00	1.245565e-04
-1.822500e+00	1.248646e-04
-1.820000e+00	1.251741e-04
-1.817500e+00	1.254849e-04
-1.815000e+00	1.257970e-04
-1.812500e+00	1.261105e-04
-1.810000e+00	1.264254e-04
-1.807500e+00	1.267416e-04
-1.805000e+00	1.270593e-04
-1.802500e+00	1.273783e-04
-1.800000e+00	1.276987e-04
-1.797500e+00	1.280205e-04
-1.795000e+00	1.283437e-04
-1.792500e+00	1.286683e-04
-1.790000e+00	1.289944e-04
-1.787500e+00	1.293219e-04
-1.785000e+00	1.296509e-04
-1.782500e+00	1.299813e-04
-1.780000e+00	1.303132e-04
-1.777500e+00	1.306465e-04
-1.775000e+00	1.309814e-04
-1.772500e+00	1.313177e-04
-1.770000e+00	1.316555e-04
-1.767500e+00	1.319949e-04
-1.765000e+00	1.323357e-04
-1.762500e+00	1.326781e-04
-1.760000e+00	1.330220e-04
-1.757500e+00	1.333675e-04
-1.755000e+00	1.337146e-04
-1.752500e+00	1.340632e-04
-1.750000e+00	1.344134e-04
-1.747500e+00	1.347651e-04
-1.745000e+00	1.351185e-04
-1.742500e+00	1.354735e-04
-1.740000e+00	1.358301e-04
-1.737500e+00	1.361883e-04
-1.735000e+00	1.365481e-04
-1.732500e+00	1.369096e-04
-1.730000e+00	1.372728e-04
-1.727500e+00	1.376376e-04
-1.725000e+00	1.380041e-04
-1.722500e+00	1.383723e-04
-1.720000e+00	1.387422e-04
-1.717500e+00	1.391138e-04
-1.715000e+00	1.394872e-04
-1.712500e+00	1.398622e-04
-1.710000e+00	1.402390e-04
-1.707500e+00	1.406176e-04
-1.705000e+00	1.409979e-04
-1.702500e+00	1.413800e-04
-1.700000e+00	1.417639e-04
-1.697500e+00	1.421496e-04
-1.695000e+00	1.425371e-04
-1.692500e+00	1.429265e-04
-1.690000e+00	1.433176e-04
-1.687500e+00	1.437107e-04
-1.685000e+00	1.441055e-04
-1.682500e+00	1.445023e-04
-1.680000e+00	1.449009e-04
-1.677500e+00	1.453014e-04
-1.675000e+00	1.457039e-04
-1.672500e+00	1.461082e-04
-1.670000e+00	1.465145e-04
-1.667500e+00	1.469227e-04
-1.665000e+00	1.473329e-04
-1.662500e+00	1.477451e-04
-1.660000e+00	1.481592e-04
-1.657500e+00	1.485754e-04
-1.655000e+00	1.489935e-04
-1.652500e+00	1.494137e-04
-1.650000e+00	1.498359e-04
-1.647500e+00	1.502602e-04
-1.645000e+00	1.506866e-04
-1.642500e+00	1.511150e-04
-1.640000e+00	1.515455e-04
-1.637500e+00	1.519781e-04
-1.635000e+00	1.524128e-04
-1.632500e+00	1.528497e-04
-1.630000e+00	1.532887e-04
-1.627500e+00	1.537299e-04
-1.625000e+00	1.541733e-04
-1.622500e+00	1.546188e-04
-1.620000e+00	1.550666e-04
-1.617500e+00	1.555165e-04
-1.615000e+00	1.559688e-04
-1.612500e+00	1.564232e-04
-1.610000e+00	1.568800e-04
-1.607500e+00	1.573390e-04
-1.605000e+00	1.578003e-04
-1.602500e+00	1.582640e-04
-1.600000e+00	1.587300e-04
-1.597500e+00	1.591983e-04
-1.595000e+00	1.596690e-04
-1.592500e+00	1.601420e-04
-1.590000e+00	1.606175e-04
-1.587500e+00	1.610954e-04
-1.585000e+00	1.615757e-04
-1.582500e+00	1.620584e-04
-1.580000e+00	1.625436e-04
-1.577500e+00	1.630313e-04
-1.575000e+00	1.635215e-04
-1.572500e+00	1.640142e-04
-1.570000e+00	1.645095e-04
-1.567500e+00	1.650073e-04
-1.565000e+00	1.655076e-04
-1.562500e+00	1.660106e-04
-1.560000e+00	1.665161e-04
-1.557500e+00	1.670243e-04
-1.555000e+00	1.675351e-04
-1.552500e+00	1.680486e-04
-1.550000e+00	1.685648e-04
-1.547500e+00	1.690836e-04
-1.545000e+00	1.696052e-04
-1.542500e+00	1.701295e-04
-1.540000e+00	1.706566e-04
-1.537500e+00	1.711865e-04
-1.535000e+00	1.717191e-04
-1.532500e+00	1.722546e-04
-1.530000e+00	1.727929e-04
-1.527500e+00	1.733341e-04
-1.525000e+00	1.738781e-04
-1.522500e+00	1.744251e-04
-1.520000e+00	1.749749e-04
-1.517500e+00	1.755277e-04
-1.515000e+00	1.760835e-04
-1.512500e+00	1.766423e-04
-1.510000e+00	1.772041e-04
-1.507500e+00	1.777688e-04
-1.505000e+00	1.783367e-04
-1.502500e+00	1.789076e-04
-1.500000e+00	1.794816e-04
-1.497500e+00	1.800588e-04
-1.495000e+00	1.806391e-04
-1.492500e+00	1.812225e-04
-1.490000e+00	1.818092e-04
-1.487500e+00	1.823990e-04
-1.485000e+00	1.829921e-04
-1.482500e+00	1.835885e-04
-1.480000e+00	1.841881e-04
-1.477500e+00	1.847911e-04
-1.475000e+00	1.853974e-04
-1.472500e+00	1.860070e-04
-1.470000e+00	1.866201e-04
-1.467500e+00	1.872365e-04
-1.465000e+00	1.878564e-04
-1.462500e+00	1.884798e-04
-1.460000e+00	1.891066e-04
-1.457500e+00	1.897370e-04
-1.455000e+00	1.903709e-04
-1.452500e+00	1.910084e-04
-1.450000e+00	1.916495e-04
-1.447500e+00	1.922942e-04
-1.445000e+00	1.929426e-04
-1.442500e+00	1.935946e-04
-1.440000e+00	1.942504e-04
-1.437500e+00	1.949099e-04
-1.435000e+00	1.955731e-04
-1.432500e+00	1.962402e-04
-1.430000e+00	1.969111e-04
-1.427500e+00	1.975859e-04
-1.425000e+00	1.982645e-04
-1.422500e+00	1.989471e-04
-1.420000e+00	1.996336e-04
-1.417500e+00	2.003241e-04
-1.415000e+00	2.010186e-04
-1.412500e+00	2.017171e-04
-1.410000e+00	2.024198e-04
-1.407500e+00	2.031265e-04
-1.405000e+00	2.038374e-04
-1.402500e+00	2.045524e-04
-1.400000e+00	2.052717e-04
-1.397500e+00	2.059952e-04
-1.395000e+00	2.067230e-04
-1.392500e+00	2.074551e-04
-1.390000e+00	2.081915e-04
-1.387500e+00	2.089323e-04
-1.385000e+00	2.096775e-04
-1.382500e+00	2.104272e-04
-1.380000e+00	2.111814e-04
-1.377500e+00	2.119401e-04
-1.375000e+00	2.127033e-04
-1.372500e+00	2.134712e-04
-1.370000e+00	2.142437e-04
-1.367500e+00	2.150208e-04
-1.365000e+00	2.158027e-04
-1.362500e+00	2.165893e-04
-1.360000e+00	2.173807e-04
-1.357500e+00	2.181769e-04
-1.355000e+00	2.189780e-04
-1.352500e+00	2.197841e-04
-1.350000e+00	2.205950e-04
-1.347500e+00	2.214110e-04
-1.345000e+00	2.222320e-04
-1.342500e+00	2.230581e-04
-1.340000e+00	2.238892e-04
-1.337500e+00	2.247256e-04
-1.335000e+00	2.255671e-04
-1.332500e+00	2.264140e-04
-1.330000e+00	2.272661e-04
-1.327500e+00	2.281235e-04
-1.325000e+00	2.289863e-04
-1.322500e+00	2.298546e-04
-1.320000e+00	2.307283e-04
-1.317500e+00	2.316076e-04
-1.315000e+00	2.324924e-04
-1.312500e+00	2.333828e-04
-1.310000e+00	2.342789e-04
-1.307500e+00	2.351808e-04
-1.305000e+00	2.360884e-04
-1.302500e+00	2.370018e-04
-1.300000e+00	2.379210e-04
-1.297500e+00	2.388462e-04
-1.295000e+00	2.397774e-04
-1.292500e+00	2.407146e-04
-1.290000e+00	2.416578e-04
-1.287500e+00	2.426072e-04
-1.285000e+00	2.435628e-04
-1.282500e+00	2.445246e-04
-1.280000e+00	2.454927e-04
-1.277500e+00	2.464671e-04
-1.275000e+00	2.474480e-04
-1.272500e+00	2.484353e-04
-1.270000e+00	2.494291e-04
-1.267500e+00	2.504295e-04
-1.265000e+00	2.514366e-04
-1.262500e+00	2.524503e-04
-1.260000e+00	2.534708e-04
-1.257500e+00	2.544981e-04
-1.255000e+00	2.555323e-04
-1.252500e+00	2.565734e-04
-1.250000e+00	2.576216e-04
-1.247500e+00	2.586768e-04
-1.245000e+00	2.597391e-04
-1.242500e+00	2.608086e-04
-1.240000e+00	2.618854e-04
-1.237500e+00	2.629696e-04
-1.235000e+00	2.640611e-04
-1.232500e+00	2.651601e-04
-1.230000e+00	2.662666e-04
-1.227500e+00	2.673808e-04
-1.225000e+00	2.685026e-04
-1.222500e+00	2.696322e-04
-1.220000e+00	2.707696e-04
-1.217500e+00	2.719148e-04
-1.215000e+00	2.730681e-04
-1.212500e+00	2.742294e-04
-1.210000e+00	2.753988e-04
-1.207500e+00	2.765764e-04
-1.205000e+00	2.777623e-04
-1.202500e+00	2.789566e-04
-1.200000e+00	2.801593e-04
-1.197500e+00	2.813705e-04
-1.195000e+00	2.825902e-04
-1.192500e+00	2.838187e-04
-1.190000e+00	2.850559e-04
-1.187500e+00	2.863020e-04
-1.185000e+00	2.875570e-04
-1.182500e+00	2.888211e-04
-1.180000e+00	2.900942e-04
-1.177500e+00	2.913765e-04
-1.175000e+00	2.926681e-04
-1.172500e+00	2.939691e-04
-1.170000e+00	2.952796e-04
-1.167500e+00	2.965996e-04
-1.165000e+00	2.979293e-04
-1.162500e+00	2.992687e-04
-1.160000e+00	3.006180e-04
-1.157500e+00	3.019772e-04
-1.155000e+00	3.033465e-04
-1.152500e+00	3.047259e-04
-1.150000e+00	3.061156e-04
-1.147500e+00	3.075156e-04
-1.145000e+00	3.089261e-04
-1.142500e+00	3.103471e-04
-1.140000e+00	3.117788e-04
-1.137500e+00	3.132213e-04
-1.135000e+00	3.146746e-04
-1.132500e+00	3.161390e-04
-1.130000e+00	3.176145e-04
-1.127500e+00	3.191012e-04
-1.125000e+00	3.205992e-04
-1.122500e+00	3.221087e-04
-1.120000e+00	3.236297e-04
-1.117500e+00	3.251625e-04
-1.115000e+00	3.267070e-04
-1.112500e+00	3.282635e-04
-1.110000e+00	3.298321e-04
-1.107500e+00	3.314129e-04
-1.105000e+00	3.330059e-04
-1.102500e+00	3.346115e-04
-1.100000e+00	3.362295e-04
-1.097500e+00	3.378604e-04
-1.095000e+00	3.395040e-04
-1.092500e+00	3.411607e-04
-1.090000e+00	3.428304e-04
-1.087500e+00	3.445134e-04
-1.085000e+00	3.462099e-04
-1.082500e+00	3.479198e-04
-1.080000e+00	3.496435e-04
-1.077500e+00	3.513810e-04
-1.075000e+00	3.531325e-04
-1.072500e+00	3.548982e-04
-1.070000e+00	3.566781e-04
-1.067500e+00	3.584725e-04
-1.065000e+00	3.602816e-04
-1.062500e+00	3.621053e-04
-1.060000e+00	3.639441e-04
-1.057500e+00	3.657979e-04
-1.055000e+00	3.676670e-04
-1.052500e+00	3.695516e-04
-1.050000e+00	3.714517e-04
-1.047500e+00	3.733677e-04
-1.045000e+00	3.752996e-04
-1.042500e+00	3.772476e-04
-1.040000e+00	3.792120e-04
-1.037500e+00	3.811929e-04
-1.035000e+00	3.831905e-04
-1.032500e+00	3.852050e-04
-1.030000e+00	3.872366e-04
-1.027500e+00	3.892854e-04
-1.025000e+00	3.913517e-04
-1.022500e+00	3.934357e-04
-1.020000e+00	3.955375e-04
-1.017500e+00	3.976575e-04
-1.015000e+00	3.997957e-04
-1.012500e+00	4.019525e-04
-1.010000e+00	4.041280e-04
-1.007500e+00	4.063224e-04
-1.005000e+00	4.085360e-04
-1.002500e+00	4.107690e-04
-1.000000e+00	4.130216e-04
-9.975000e-01	4.152940e-04
-9.950000e-01	4.175866e-04
-9.925000e-01	4.198995e-04
-9.900000e-01	4.222329e-04
-9.875000e-01	4.245872e-04
-9.850000e-01	4.269625e-04
-9.825000e-01	4.293592e-04
-9.800000e-01	4.317775e-04
-9.775000e-01	4.342176e-04
-9.750000e-01	4.366798e-04
-9.725000e-01	4.391644e-04
-9.700000e-01	4.416716e-04
-9.675000e-01	4.442018e-04
-9.650000e-01	4.467552e-04
-9.625000e-01	4.493321e-04
-9.600000e-01	4.519328e-04
-9.575000e-01	4.545576e-04
-9.550000e-01	4.572067e-04
-9.525000e-01	4.598806e-04
-9.500000e-01	4.625795e-04
-9.475000e-01	4.653037e-04
-9.450000e-01	4.680536e-04
-9.425000e-01	4.708294e-04
-9.400000e-01	4.736315e-04
-9.375000e-01	4.764602e-04
-9.350000e-01	4.793160e-04
-9.325000e-01	4.821990e-04
-9.300000e-01	4.851097e-04
-9.275000e-01	4.880485e-04
-9.250000e-01	4.910156e-04
-9.225000e-01	4.940116e-04
-9.200000e-01	4.970366e-04
-9.175000e-01	5.000912e-04
-9.150000e-01	5.031757e-04
-9.125000e-01	5.062905e-04
-9.100000e-01	5.094360e-04
-9.075000e-01	5.126126e-04
-9.050000e-01	5.158208e-04
-9.025000e-01	5.190609e-04
-9.000000e-01	5.223333e-04
-8.975000e-01	5.256386e-04
-8.950000e-01	5.289772e-04
-8.925000e-01	5.323494e-04
-8.900000e-01	5.357559e-04
-8.875000e-01	5.391969e-04
-8.850000e-01	5.426731e-04
-8.825000e-01	5.461848e-04
-8.800000e-01	5.497327e-04
-8.775000e-01	5.533171e-04
-8.750000e-01	5.569386e-04
-8.725000e-01	5.605977e-04
-8.700000e-01	5.642949e-04
-8.675000e-01	5.680308e-04
-8.650000e-01	5.718059e-04
-8.625000e-01	5.756207e-04
-8.600000e-01	5.794759e-04
-8.575000e-01	5.833720e-04
-8.550000e-01	5.873095e-04
-8.525000e-01	5.912892e-04
-8.500000e-01	5.953115e-04
-8.475000e-01	5.993771e-04
-8.450000e-01	6.034866e-04
-8.425000e-01	6.076407e-04
-8.400000e-01	6.118401e-04
-8.375000e-01	6.160852e-04
-8.350000e-01	6.203770e-04
-8.325000e-01	6.247160e-04
-8.300000e-01	6.291029e-04
-8.275000e-01	6.335384e-04
-8.250000e-01	6.380233e-04
-8.225000e-01	6.425584e-04
-8.200000e-01	6.471443e-04
-8.175000e-01	6.517819e-04
-8.150000e-01	6.564718e-04
-8.125000e-01	6.612150e-04
-8.100000e-01	6.660122e-04
-8.075000e-01	6.708642e-04
-8.050000e-01	6.757720e-04
-8.025000e-01	6.807363e-04
-8.000000e-01	6.857580e-04
-7.975000e-01	6.908381e-04
-7.950000e-01	6.959774e-04
-7.925000e-01	7.011769e-04
-7.900000e-01	7.064375e-04
-7.875000e-01	7.117601e-04
-7.850000e-01	7.171459e-04
-7.825000e-01	7.225957e-04
-7.800000e-01	7.281106e-04
-7.775000e-01	7.336916e-04
-7.750000e-01	7.393398e-04
-7.725000e-01	7.450564e-04
-7.700000e-01	7.508423e-04
-7.675000e-01	7.566988e-04
-7.650000e-01	7.626270e-04
-7.625000e-01	7.686280e-04
-7.600000e-01	7.747032e-04
-7.575000e-01	7.808536e-04
-7.550000e-01	7.870806e-04
-7.525000e-01	7.933855e-04
-7.500000e-01	7.997695e-04
-7.475000e-01	8.062340e-04
-7.450000e-01	8.127803e-04
-7.425000e-01	8.194099e-04
-7.400000e-01	8.261242e-04
-7.375000e-01	8.329246e-04
-7.350000e-01	8.398125e-04
-7.325000e-01	8.467897e-04
-7.300000e-01	8.538575e-04
-7.275000e-01	8.610175e-04
-7.250000e-01	8.682715e-04
-7.225000e-01	8.756209e-04
-7.200000e-01	8.830676e-04
-7.175000e-01	8.906133e-04
-7.150000e-01	8.982596e-04
-7.125000e-01	9.060085e-04
-7.100000e-01	9.138618e-04
-7.075000e-01	9.218213e-04
-7.050000e-01	9.298890e-04
-7.025000e-01	9.380669e-04
-7.000000e-01	9.463570e-04
-6.975000e-01	9.547613e-04
-6.950000e-01	9.632821e-04
-6.925000e-01	9.719213e-04
-6.900000e-01	9.806814e-04
-6.875000e-01	9.895644e-04
-6.850000e-01	9.985728e-04
-6.825000e-01	1.007709e-03
-6.800000e-01	1.016975e-03
-6.775000e-01	1.026374e-03
-6.750000e-01	1.035908e-03
-6.725000e-01	1.045580e-03
-6.700000e-01	1.055393e-03
-6.675000e-01	1.065349e-03
-6.650000e-01	1.075450e-03
-6.625000e-01	1.085701e-03
-6.600000e-01	1.096104e-03
-6.575000e-01	1.106661e-03
-6.550000e-01	1.117377e-03
-6.525000e-01	1.128253e-03
-6.500000e-01	1.139294e-03
-6.475000e-01	1.150503e-03
-6.450000e-01	1.161883e-03
-6.425000e-01	1.173438e-03
-6.400000e-01	1.185171e-03
-6.375000e-01	1.197086e-03
-6.350000e-01	1.209187e-03
-6.325000e-01	1.221477e-03
-6.300000e-01	1.233962e-03
-6.275000e-01	1.246644e-03
-6.250000e-01	1.259528e-03
-6.225000e-01	1.272618e-03
-6.200000e-01	1.285919e-03
-6.175000e-01	1.299436e-03
-6.150000e-01	1.313172e-03
-6.125000e-01	1.327134e-03
-6.100000e-01	1.341325e-03
-6.075000e-01	1.355751e-03
-6.050000e-01	1.370417e-03
-6.025000e-01	1.385328e-03
-6.000000e-01	1.400491e-03
-5.975000e-01	1.415910e-03
-5.950000e-01	1.431591e-03
-5.925000e-01	1.447541e-03
-5.900000e-01	1.463766e-03
-5.875000e-01	1.480271e-03
-5.850000e-01	1.497064e-03
-5.825000e-01	1.514152e-03
-5.800000e-01	1.531540e-03
-5.775000e-01	1.549237e-03
-5.750000e-01	1.567250e-03
-5.725000e-01	1.585586e-03
-5.700000e-01	1.604253e-03
-5.675000e-01	1.623258e-03
-5.650000e-01	1.642612e-03
-5.625000e-01	1.662321e-03
-5.600000e-01	1.682394e-03
-5.575000e-01	1.702842e-03
-5.550000e-01	1.723672e-03
-5.525000e-01	1.744896e-03
-5.500000e-01	1.766522e-03
-5.475000e-01	1.788560e-03
-5.450000e-01	1.811023e-03
-5.425000e-01	1.833920e-03
-5.400000e-01	1.857262e-03
-5.375000e-01	1.881062e-03
-5.350000e-01	1.905332e-03
-5.325000e-01	1.930083e-03
-5.300000e-01	1.955329e-03
-5.275000e-01	1.981083e-03
-5.250000e-01	2.007359e-03
-5.225000e-01	2.034171e-03
-5.200000e-01	2.061534e-03
-5.175000e-01	2.089462e-03
-5.150000e-01	2.117972e-03
-5.125000e-01	2.147080e-03
-5.100000e-01	2.176803e-03
-5.075000e-01	2.207158e-03
-5.050000e-01	2.238164e-03
-5.025000e-01	2.269838e-03
-5.000000e-01	2.302201e-03
-4.975000e-01	2.335272e-03
-4.950000e-01	2.369073e-03
-4.925000e-01	2.403625e-03
-4.900000e-01	2.438950e-03
-4.875000e-01	2.475072e-03
-4.850000e-01	2.512014e-03
-4.825000e-01	2.549803e-03
-4.800000e-01	2.588464e-03
-4.775000e-01	2.628024e-03
-4.750000e-01	2.668511e-03
-4.725000e-01	2.709955e-03
-4.700000e-01	2.752385e-03
-4.675000e-01	2.795834e-03
-4.650000e-01	2.840334e-03
-4.625000e-01	2.885919e-03
-4.600000e-01	2.932626e-03
-4.575000e-01	2.980491e-03
-4.550000e-01	3.029552e-03
-4.525000e-01	3.079851e-03
-4.500000e-01	3.131429e-03
-4.475000e-01	3.184329e-03
-4.450000e-01	3.238598e-03
-4.425000e-01	3.294283e-03
-4.400000e-01	3.351434e-03
-4.375000e-01	3.410102e-03
-4.350000e-01	3.470343e-03
-4.325000e-01	3.532212e-03
-4.300000e-01	3.595769e-03
-4.275000e-01	3.661076e-03
-4.250000e-01	3.728197e-03
-4.225000e-01	3.797201e-03
-4.200000e-01	3.868159e-03
-4.175000e-01	3.941145e-03
-4.150000e-01	4.016237e-03
-4.125000e-01	4.093517e-03
-4.100000e-01	4.173070e-03
-4.075000e-01	4.254988e-03
-4.050000e-01	4.339364e-03
-4.025000e-01	4.426299e-03
-4.000000e-01	4.515895e-03
-3.975000e-01	4.608264e-03
-3.950000e-01	4.703520e-03
-3.925000e-01	4.801786e-03
-3.900000e-01	4.903189e-03
-3.875000e-01	5.007865e-03
-3.850000e-01	5.115955e-03
-3.825000e-01	5.227611e-03
-3.800000e-01	5.342989e-03
-3.775000e-01	5.462259e-03
-3.750000e-01	5.585595e-03
-3.725000e-01	5.713187e-03
-3.700000e-01	5.845231e-03
-3.675000e-01	5.981937e-03
-3.650000e-01	6.123527e-03
-3.625000e-01	6.270237e-03
-3.600000e-01	6.422315e-03
-3.575000e-01	6.580028e-03
-3.550000e-01	6.743657e-03
-3.525000e-01	6.913501e-03
-3.500000e-01	7.089878e-03
-3.475000e-01	7.273129e-03
-3.450000e-01	7.463615e-03
-3.425000e-01	7.661721e-03
-3.400000e-01	7.867860e-03
-3.375000e-01	8.082470e-03
-3.350000e-01	8.306022e-03
-3.325000e-01	8.539020e-03
-3.300000e-01	8.782003e-03
-3.275000e-01	9.035550e-03
-3.250000e-01	9.300280e-03
-3.225000e-01	9.576860e-03
-3.200000e-01	9.866009e-03
-3.175000e-01	1.016850e-02
-3.150000e-01	1.048516e-02
-3.125000e-01	1.081689e-02
-3.100000e-01	1.116467e-02
-3.075000e-01	1.152953e-02
-3.050000e-01	1.191263e-02
-3.025000e-01	1.231519e-02
-3.000000e-01	1.273855e-02
-2.975000e-01	1.318416e-02
-2.950000e-01	1.365362e-02
-2.925000e-01	1.414865e-02
-2.900000e-01	1.467114e-02
-2.875000e-01	1.522315e-02
-2.850000e-01	1.580695e-02
-2.825000e-01	1.642502e-02
-2.800000e-01	1.708009e-02
-2.775000e-01	1.777517e-02
-2.750000e-01	1.851358e-02
-2.725000e-01	1.929898e-02
-2.700000e-01	2.013544e-02
-2.675000e-01	2.102746e-02
-2.650000e-01	2.198008e-02
-2.625000e-01	2.299889e-02
-2.600000e-01	2.409014e-02
-2.575000e-01	2.526085e-02
-2.550000e-01	2.651890e-02
-2.525000e-01	2.787316e-02
-2.500000e-01	2.933367e-02
-2.475000e-01	3.091179e-02
-2.450000e-01	3.262044e-02
-2.425000e-01	3.447436e-02
-2.400000e-01	3.649041e-02
-2.375000e-01	3.868798e-02
-2.350000e-01	4.108940e-02
-2.325000e-01	4.372054e-02
-2.300000e-01	4.661148e-02
-2.275000e-01	4.979736e-02
-2.250000e-01	5.331940e-02
-2.225000e-01	5.722625e-02
-2.200000e-01	6.157561e-02
-2.175000e-01	6.643630e-02
-2.150000e-01	7.189093e-02
-2.125000e-01	7.803929e-02
-2.100000e-01	8.500280e-02
-2.075000e-01	9.293028e-02
-2.050000e-01	1.020056e-01
-2.025000e-01	1.124579e-01
-2.000000e-01	1.245755e-01
-1.975000e-01	1.387245e-01
-1.950000e-01	1.553749e-01
-1.925000e-01	1.751373e-01
-1.900000e-01	1.988140e-01
-1.875000e-01	2.274735e-01
-1.850000e-01	2.625579e-01
-1.825000e-01	3.060411e-01
-1.800000e-01	3.606619e-01
-1.775000e-01	4.302694e-01
-1.750000e-01	5.203249e-01
-1.725000e-01	6.385944e-01
-1.700000e-01	7.959760e-01
-1.675000e-01	1.007028e+00
-1.650000e-01	1.288582e+00
-1.625000e-01	1.651796e+00
-1.600000e-01	2.078626e+00
-1.575000e-01	2.480744e+00
-1.550000e-01	2.692106e+00
-1.525000e-01	2.589722e+00
-1.500000e-01	2.236331e+00
-1.475000e-01	1.803383e+00
-1.450000e-01	1.412037e+00
-1.425000e-01	1.101068e+00
-1.400000e-01	8.661400e-01
-1.375000e-01	6.909853e-01
-1.350000e-01	5.598516e-01
-1.325000e-01	4.605156e-01
-1.300000e-01	3.841606e-01
-1.275000e-01	3.245723e-01
-1.250000e-01	2.773795e-01
-1.225000e-01	2.394838e-01
-1.200000e-01	2.086637e-01
-1.175000e-01	1.833039e-01
-1.150000e-01	1.622139e-01
-1.125000e-01	1.445041e-01
-1.100000e-01	1.295005e-01
-1.075000e-01	1.166867e-01
-1.050000e-01	1.056620e-01
-1.025000e-01	9.611209e-02
-1.000000e-01	8.778802e-02
-9.750000e-02	8.049070e-02
-9.500000e-02	7.405947e-02
-9.250000e-02	6.836365e-02
-9.000000e-02	6.329610e-02
-8.750000e-02	5.876836e-02
-8.500000e-02	5.470690e-02
-8.250000e-02	5.105023e-02
-8.000000e-02	4.774660e-02
-7.750000e-02	4.475222e-02
-7.500000e-02	4.202988e-02
-7.250000e-02	3.954773e-02
-7.000000e-02	3.727847e-02
-6.750000e-02	3.519852e-02
-6.500000e-02	3.328750e-02
-6.250000e-02	3.152765e-02
-6.000000e-02	2.990350e-02
-5.750000e-02	2.840150e-02
-5.500000e-02	2.700975e-02
-5.250000e-02	2.571773e-02
-5.000000e-02	2.451618e-02
-4.750000e-02	2.339687e-02
-4.500000e-02	2.235248e-02
-4.250000e-02	2.137648e-02
-4.000000e-02	2.046305e-02
-3.750000e-02	1.960697e-02
-3.500000e-02	1.880355e-02
-3.250000e-02	1.804856e-02
-3.000000e-02	1.733819e-02
-2.750000e-02	1.666901e-02
-2.500000e-02	1.603790e-02
-2.250000e-02	1.544203e-02
-2.000000e-02	1.487882e-02
-1.750000e-02	1.434595e-02
-1.500000e-02	1.384127e-02
-1.250000e-02	1.336284e-02
-1.000000e-02	1.290886e-02
-7.500000e-03	1.247771e-02
-5.000000e-03	1.206787e-02
-2.500000e-03	1.167798e-02
9.379164e-13	1.130675e-02
2.500000e-03	1.095302e-02
5.000000e-03	1.061571e-02
7.500000e-03	1.029382e-02
1.000000e-02	9.986416e-03
1.250000e-02	9.692655e-03
1.500000e-02	9.411739e-03
1.750000e-02	9.142930e-03
2.000000e-02	8.885544e-03
2.250000e-02	8.638944e-03
2.500000e-02	8.402535e-03
2.750000e-02	8.175766e-03
3.000000e-02	7.958120e-03
3.250000e-02	7.749115e-03
3.500000e-02	7.548300e-03
3.750000e-02	7.355254e-03
4.000000e-02	7.169581e-03
4.250000e-02	6.990911e-03
4.500000e-02	6.818898e-03
4.750000e-02	6.653214e-03
5.000000e-02	6.493555e-03
5.250000e-02	6.339631e-03
5.500000e-02	6.191172e-03
5.750000e-02	6.047922e-03
6.000000e-02	5.909642e-03
6.250000e-02	5.776104e-03
6.500000e-02	5.647094e-03
6.750000e-02	5.522411e-03
7.000000e-02	5.401863e-03
7.250000e-02	5.285270e-03
7.500000e-02	5.172461e-03
7.750000e-02	5.063274e-03
8.000000e-02	4.957557e-03
8.250000e-02	4.855164e-03
8.500000e-02	4.755957e-03
8.750000e-02	4.659807e-03
9.000000e-02	4.566589e-03
9.250000e-02	4.476185e-03
9.500000e-02	4.388484e-03
9.750000e-02	4.303379e-03
1.000000e-01	4.220769e-03
1.025000e-01	4.140557e-03
1.050000e-01	4.062653e-03
1.075000e-01	3.986968e-03
1.100000e-01	3.913420e-03
1.125000e-01	3.841928e-03
1.150000e-01	3.772418e-03
1.175000e-01	3.704816e-03
1.200000e-01	3.639055e-03
1.225000e-01	3.575067e-03
1.250000e-01	3.512791e-03
1.275000e-01	3.452165e-03
1.300000e-01	3.393132e-03
1.325000e-01	3.335638e-03
1.350000e-01	3.279628e-03
1.375000e-01	3.225054e-03
1.400000e-01	3.171866e-03
1.425000e-01	3.120018e-03
1.450000e-01	3.069466e-03
1.475000e-01	3.020166e-03
1.500000e-01	2.972079e-03
1.525000e-01	2.925165e-03
1.550000e-01	2.879387e-03
1.575000e-01	2.834707e-03
1.600000e-01	2.791093e-03
1.625000e-01	2.748509e-03
1.650000e-01	2.706924e-03
1.675000e-01	2.666308e-03
1.700000e-01	2.626631e-03
1.725000e-01	2.587863e-03
1.750000e-01	2.549979e-03
1.775000e-01	2.512951e-03
1.800000e-01	2.476754e-03
1.825000e-01	2.441363e-03
1.850000e-01	2.406755e-03
1.875000e-01	2.372908e-03
1.900000e-01	2.339798e-03
1.925000e-01	2.307406e-03
1.950000e-01	2.275711e-03
1.975000e-01	2.244692e-03
2.000000e-01	2.214332e-03
2.025000e-01	2.184612e-03
2.050000e-01	2.155514e-03
2.075000e-01	2.127021e-03
2.100000e-01	2.099117e-03
2.125000e-01	2.071786e-03
2.150000e-01	2.045012e-03
2.175000e-01	2.018780e-03
2.200000e-01	1.993077e-03
2.225000e-01	1.967888e-03
2.250000e-01	1.943200e-03
2.275000e-01	1.918999e-03
2.300000e-01	1.895274e-03
2.325000e-01	1.872012e-03
2.350000e-01	1.849202e-03
2.375000e-01	1.826831e-03
2.400000e-01	1.804889e-03
2.425000e-01	1.783366e-03
2.450000e-01	1.762250e-03
2.475000e-01	1.741532e-03
2.500000e-01	1.721202e-03
2.525000e-01	1.701250e-03
2.550000e-01	1.681668e-03
2.575000e-01	1.662446e-03
2.600000e-01	1.643577e-03
2.625000e-01	1.625051e-03
2.650000e-01	1.606861e-03
2.675000e-01	1.588998e-03
2.700000e-01	1.571455e-03
2.725000e-01	1.554225e-03
2.750000e-01	1.537300e-03
2.775000e-01	1.520674e-03
2.800000e-01	1.504340e-03
2.825000e-01	1.488290e-03
2.850000e-01	1.472520e-03
2.875000e-01	1.457022e-03
2.900000e-01	1.441790e-03
2.925000e-01	1.426819e-03
2.950000e-01	1.412103e-03
2.975000e-01	1.397636e-03
3.000000e-01	1.383413e-03
3.025000e-01	1.369429e-03
3.050000e-01	1.355679e-03
3.075000e-01	1.342157e-03
3.100000e-01	1.328859e-03
3.125000e-01	1.315780e-03
3.150000e-01	1.302915e-03
3.175000e-01	1.290261e-03
3.200000e-01	1.277812e-03
3.225000e-01	1.265565e-03
3.250000e-01	1.253515e-03
3.275000e-01	1.241659e-03
3.300000e-01	1.229992e-03
3.325000e-01	1.218511e-03
3.350000e-01	1.207213e-03
3.375000e-01	1.196092e-03
3.400000e-01	1.185146e-03
3.425000e-01	1.174372e-03
3.450000e-01	1.163767e-03
3.475000e-01	1.153326e-03
3.500000e-01	1.143047e-03
3.525000e-01	1.132926e-03
3.550000e-01	1.122961e-03
3.575000e-01	1.113149e-03
3.600000e-01	1.103487e-03
3.625000e-01	1.093972e-03
3.650000e-01	1.084601e-03
3.675000e-01	1.075372e-03
3.700000e-01	1.066282e-03
3.725000e-01	1.057329e-03
3.750000e-01	1.048510e-03
3.775000e-01	1.039823e-03
3.800000e-01	1.031265e-03
3.825000e-01	1.022834e-03
3.850000e-01	1.014528e-03
3.875000e-01	1.006345e-03
3.900000e-01	9.982818e-04
3.925000e-01	9.903375e-04
3.950000e-01	9.825096e-04
3.975000e-01	9.747963e-04
4.000000e-01	9.671955e-04
4.025000e-01	9.597053e-04
4.050000e-01	9.523240e-04
4.075000e-01	9.450497e-04
4.100000e-01	9.378807e-04
4.125000e-01	9.308152e-04
4.150000e-01	9.238517e-04
4.175000e-01	9.169883e-04
4.200000e-01	9.102237e-04
4.225000e-01	9.035561e-04
4.250000e-01	8.969841e-04
4.275000e-01	8.905062e-04
4.300000e-01	8.841210e-04
4.325000e-01	8.778270e-04
4.350000e-01	8.716229e-04
4.375000e-01	8.655073e-04
4.400000e-01	8.594789e-04
4.425000e-01	8.535364e-04
4.450000e-01	8.476786e-04
4.475000e-01	8.419042e-04
4.500000e-01	8.362120e-04
4.525000e-01	8.306010e-04
4.550000e-01	8.250699e-04
4.575000e-01	8.196176e-04
4.600000e-01	8.142431e-04
4.625000e-01	8.089453e-04
4.650000e-01	8.037233e-04
4.675000e-01	7.985758e-04
4.700000e-01	7.935021e-04
4.725000e-01	7.885012e-04
4.750000e-01	7.835721e-04
4.775000e-01	7.787139e-04
4.800000e-01	7.739258e-04
4.825000e-01	7.692069e-04
4.850000e-01	7.645563e-04
4.875000e-01	7.599734e-04
4.900000e-01	7.554572e-04
4.925000e-01	7.510070e-04
4.950000e-01	7.466221e-04
4.975000e-01	7.423017e-04
5.000000e-01	7.380452e-04
5.025000e-01	7.338519e-04
5.050000e-01	7.297212e-04
5.075000e-01	7.256523e-04
5.100000e-01	7.216447e-04
5.125000e-01	7.176978e-04
5.150000e-01	7.138110e-04
5.175000e-01	7.099837e-04
5.200000e-01	7.062156e-04
5.225000e-01	7.025059e-04
5.250000e-01	6.988543e-04
5.275000e-01	6.952602e-04
5.300000e-01	6.917233e-04
5.325000e-01	6.882430e-04
5.350000e-01	6.848190e-04
5.375000e-01	6.814509e-04
5.400000e-01	6.781384e-04
5.425000e-01	6.748810e-04
5.450000e-01	6.716784e-04
5.475000e-01	6.685304e-04
5.500000e-01	6.654367e-04
5.525000e-01	6.623969e-04
5.550000e-01	6.594109e-04
5.575000e-01	6.564784e-04
5.600000e-01	6.535993e-04
5.625000e-01	6.507733e-04
5.650000e-01	6.480003e-04
5.675000e-01	6.452802e-04
5.700000e-01	6.426128e-04
5.725000e-01	6.399981e-04
5.750000e-01	6.374361e-04
5.775000e-01	6.349266e-04
5.800000e-01	6.324698e-04
5.825000e-01	6.300655e-04
5.850000e-01	6.277139e-04
5.875000e-01	6.254150e-04
5.900000e-01	6.231689e-04
5.925000e-01	6.209758e-04
5.950000e-01	6.188359e-04
5.975000e-01	6.167492e-04
6.000000e-01	6.147161e-04
6.025000e-01	6.127368e-04
6.050000e-01	6.108116e-04
6.075000e-01	6.089408e-04
6.100000e-01	6.071248e-04
6.125000e-01	6.053640e-04
6.150000e-01	6.036589e-04
6.175000e-01	6.020099e-04
6.200000e-01	6.004177e-04
6.225000e-01	5.988826e-04
6.250000e-01	5.974055e-04
6.275000e-01	5.959870e-04
6.300000e-01	5.946277e-04
6.325000e-01	5.933286e-04
6.350000e-01	5.920904e-04
6.375000e-01	5.909140e-04
6.400000e-01	5.898005e-04
6.425000e-01	5.887508e-04
6.450000e-01	5.877661e-04
6.475000e-01	5.868476e-04
6.500000e-01	5.859965e-04
6.525000e-01	5.852142e-04
6.550000e-01	5.845022e-04
6.575000e-01	5.838619e-04
6.600000e-01	5.832950e-04
6.625000e-01	5.828033e-04
6.650000e-01	5.823886e-04
6.675000e-01	5.820528e-04
6.700000e-01	5.817982e-04
6.725000e-01	5.816269e-04
6.750000e-01	5.815413e-04
6.775000e-01	5.815440e-04
6.800000e-01	5.816376e-04
6.825000e-01	5.818252e-04
6.850000e-01	5.821096e-04
6.875000e-01	5.824943e-04
6.900000e-01	5.829827e-04
6.925000e-01	5.835786e-04
6.950000e-01	5.842859e-04
6.975000e-01	5.851089e-04
7.000000e-01	5.860522e-04
7.025000e-01	5.871205e-04
7.050000e-01	5.883193e-04
7.075000e-01	5.896539e-04
7.100000e-01	5.911304e-04
7.125000e-01	5.927552e-04
7.150000e-01	5.945352e-04
7.175000e-01	5.964778e-04
7.200000e-01	5.985909e-04
7.225000e-01	6.008830e-04
7.250000e-01	6.033633e-04
7.275000e-01	6.060419e-04
7.300000e-01	6.089293e-04
7.325000e-01	6.120371e-04
7.350000e-01	6.153779e-04
7.375000e-01	6.189653e-04
7.400000e-01	6.228138e-04
7.425000e-01	6.269394e-04
7.450000e-01	6.313595e-04
7.475000e-01	6.360929e-04
7.500000e-01	6.411602e-04
7.525000e-01	6.465838e-04
7.550000e-01	6.523883e-04
7.575000e-01	6.586005e-04
7.600000e-01	6.652498e-04
7.625000e-01	6.723686e-04
7.650000e-01	6.799926e-04
7.675000e-01	6.881610e-04
7.700000e-01	6.969173e-04
7.725000e-01	7.063094e-04
7.750000e-01	7.163907e-04
7.775000e-01	7.272204e-04
7.800000e-01	7.388646e-04
7.825000e-01	7.513971e-04
7.850000e-01	7.649003e-04
7.875000e-01	7.794672e-04
7.900000e-01	7.952020e-04
7.925000e-01	8.122228e-04
7.950000e-01	8.306629e-04
7.975000e-01	8.506741e-04
8.000000e-01	8.724291e-04
8.025000e-01	8.961257e-04
8.050000e-01	9.219908e-04
8.075000e-01	9.502858e-04
8.100000e-01	9.813134e-04
8.125000e-01	1.015425e-03
8.150000e-01	1.053031e-03
8.175000e-01	1.094612e-03
8.200000e-01	1.140736e-03
8.225000e-01	1.192076e-03
8.250000e-01	1.249431e-03
8.275000e-01	1.313765e-03
8.300000e-01	1.386236e-03
8.325000e-01	1.468256e-03
8.350000e-01	1.561551e-03
8.375000e-01	1.668255e-03
8.400000e-01	1.791022e-03
8.425000e-01	1.933190e-03
8.450000e-01	2.098991e-03
8.475000e-01	2.293856e-03
8.500000e-01	2.524830e-03
8.525000e-01	2.801161e-03
8.550000e-01	3.135149e-03
8.575000e-01	3.543375e-03
8.600000e-01	4.048502e-03
8.625000e-01	4.681944e-03
8.650000e-01	5.487798e-03
8.675000e-01	6.528591e-03
8.700000e-01	7.893261e-03
8.725000e-01	9.706886e-03
8.750000e-01	1.213769e-02
8.775000e-01	1.538410e-02
8.800000e-01	1.959143e-02
8.825000e-01	2.459470e-02
8.850000e-01	2.944171e-02
8.875000e-01	3.222072e-02
8.900000e-01	3.134522e-02
8.925000e-01	2.735706e-02
8.950000e-01	2.225643e-02
8.975000e-01	1.756488e-02
9.000000e-01	1.381017e-02
9.025000e-01	1.096734e-02
9.050000e-01	8.848311e-03
9.075000e-01	7.264161e-03
9.100000e-01	6.066688e-03
9.125000e-01	5.148597e-03
9.150000e-01	4.434191e-03
9.175000e-01	3.870242e-03
9.200000e-01	3.419064e-03
9.225000e-01	3.053666e-03
9.250000e-01	2.754454e-03
9.275000e-01	2.507006e-03
9.300000e-01	2.300564e-03
9.325000e-01	2.126993e-03
9.350000e-01	1.980067e-03
9.375000e-01	1.854968e-03
9.400000e-01	1.747926e-03
9.425000e-01	1.655961e-03
9.450000e-01	1.576699e-03
9.475000e-01	1.508233e-03
9.500000e-01	1.449018e-03
9.525000e-01	1.397795e-03
9.550000e-01	1.353535e-03
9.575000e-01	1.315389e-03
9.600000e-01	1.282658e-03
9.625000e-01	1.254761e-03
9.650000e-01	1.231220e-03
9.675000e-01	1.211637e-03
9.700000e-01	1.195686e-03
9.725000e-01	1.183099e-03
9.750000e-01	1.173660e-03
9.775000e-01	1.167197e-03
9.800000e-01	1.163577e-03
9.825000e-01	1.162704e-03
9.850000e-01	1.164516e-03
9.875000e-01	1.168979e-03
9.900000e-01	1.176090e-03
9.925000e-01	1.185876e-03
9.950000e-01	1.198393e-03
9.975000e-01	1.213725e-03
1.000000e+00	1.231991e-03
1.002500e+00	1.253343e-03
1.005000e+00	1.277968e-03
1.007500e+00	1.306097e-03
1.010000e+00	1.338007e-03
1.012500e+00	1.374027e-03
1.015000e+00	1.414550e-03
1.017500e+00	1.460037e-03
1.020000e+00	1.511037e-03
1.022500e+00	1.568196e-03
1.025000e+00	1.632283e-03
1.027500e+00	1.704209e-03
1.030000e+00	1.785061e-03
1.032500e+00	1.876144e-03
1.035000e+00	1.979025e-03
1.037500e+00	2.095604e-03
1.040000e+00	2.228198e-03
1.042500e+00	2.379646e-03
1.045000e+00	2.553462e-03
1.047500e+00	2.754027e-03
1.050000e+00	2.986851e-03
1.052500e+00	3.258936e-03
1.055000e+00	3.579270e-03
1.057500e+00	3.959524e-03
1.060000e+00	4.415034e-03
1.062500e+00	4.966217e-03
1.065000e+00	5.640622e-03
1.067500e+00	6.475939e-03
1.070000e+00	7.524456e-03
1.072500e+00	8.859634e-03
1.075000e+00	1.058568e-02
1.077500e+00	1.285078e-02
1.080000e+00	1.586302e-02
1.082500e+00	1.990078e-02
1.085000e+00	2.528746e-02
1.087500e+00	3.224293e-02
1.090000e+00	4.043919e-02
1.092500e+00	4.821353e-02
1.095000e+00	5.239218e-02
1.097500e+00	5.055889e-02
1.100000e+00	4.384544e-02
1.102500e+00	3.553969e-02
1.105000e+00	2.800442e-02
1.107500e+00	2.201054e-02
1.110000e+00	1.748427e-02
1.112500e+00	1.411446e-02
1.115000e+00	1.159739e-02
1.117500e+00	9.696838e-03
1.120000e+00	8.242328e-03
1.122500e+00	7.113729e-03
1.125000e+00	6.226610e-03
1.127500e+00	5.521217e-03
1.130000e+00	4.954788e-03
1.132500e+00	4.496339e-03
1.135000e+00	4.123141e-03
1.137500e+00	3.818326e-03
1.140000e+00	3.569258e-03
1.142500e+00	3.366400e-03
1.145000e+00	3.202530e-03
1.147500e+00	3.072185e-03
1.150000e+00	2.971271e-03
1.152500e+00	2.896788e-03
1.155000e+00	2.846638e-03
1.157500e+00	2.819499e-03
1.160000e+00	2.814751e-03
1.162500e+00	2.832440e-03
1.165000e+00	2.873291e-03
1.167500e+00	2.938753e-03
1.170000e+00	3.031103e-03
1.172500e+00	3.153598e-03
1.175000e+00	3.310705e-03
1.177500e+00	3.508438e-03
1.180000e+00	3.754831e-03
1.182500e+00	4.060625e-03
1.185000e+00	4.440248e-03
1.187500e+00	4.913243e-03
1.190000e+00	5.506365e-03
1.192500e+00	6.256671e-03
1.195000e+00	7.216107e-03
1.197500e+00	8.458233e-03
1.200000e+00	1.008779e-02
1.202500e+00	1.225312e-02
1.205000e+00	1.515803e-02
1.207500e+00	1.905820e-02
1.210000e+00	2.419415e-02
1.212500e+00	3.054642e-02
1.215000e+00	3.728152e-02
1.217500e+00	4.222272e-02
1.220000e+00	4.278877e-02
1.222500e+00	3.862275e-02
1.225000e+00	3.203595e-02
1.227500e+00	2.546338e-02
1.230000e+00	2.001605e-02
1.232500e+00	1.583659e-02
1.235000e+00	1.271184e-02
1.237500e+00	1.037960e-02
1.240000e+00	8.622826e-03
1.242500e+00	7.281426e-03
1.245000e+00	6.241854e-03
1.247500e+00	5.424304e-03
1.250000e+00	4.772440e-03
1.252500e+00	4.246082e-03
1.255000e+00	3.816202e-03
1.257500e+00	3.461535e-03
1.260000e+00	3.166290e-03
1.262500e+00	2.918584e-03
1.265000e+00	2.709365e-03
1.267500e+00	2.531656e-03
1.270000e+00	2.380025e-03
1.272500e+00	2.250200e-03
1.275000e+00	2.138793e-03
1.277500e+00	2.043100e-03
1.280000e+00	1.960946e-03
1.282500e+00	1.890577e-03
1.285000e+00	1.830571e-03
1.287500e+00	1.779777e-03
1.290000e+00	1.737264e-03
1.292500e+00	1.702282e-03
1.295000e+00	1.674237e-03
1.297500e+00	1.652663e-03
1.300000e+00	1.637211e-03
1.302500e+00	1.627634e-03
1.305000e+00	1.623779e-03
1.307500e+00	1.625582e-03
1.310000e+00	1.633064e-03
1.312500e+00	1.646335e-03
1.315000e+00	1.665594e-03
1.317500e+00	1.691138e-03
1.320000e+00	1.723369e-03
1.322500e+00	1.762808e-03
1.325000e+00	1.810117e-03
1.327500e+00	1.866116e-03
1.330000e+00	1.931821e-03
1.332500e+00	2.008479e-03
1.335000e+00	2.097625e-03
1.337500e+00	2.201146e-03
1.340000e+00	2.321376e-03
1.342500e+00	2.461211e-03
1.345000e+00	2.624268e-03
1.347500e+00	2.815100e-03
1.350000e+00	3.039487e-03
1.352500e+00	3.304833e-03
1.355000e+00	3.620725e-03
1.357500e+00	3.999717e-03
1.360000e+00	4.458453e-03
1.362500e+00	5.019289e-03
1.365000e+00	5.712663e-03
1.367500e+00	6.580595e-03
1.370000e+00	7.681867e-03
1.372500e+00	9.099618e-03
1.375000e+00	1.095213e-02
1.377500e+00	1.340673e-02
1.380000e+00	1.669289e-02
1.382500e+00	2.109714e-02
1.385000e+00	2.688458e-02
1.387500e+00	3.401699e-02
1.390000e+00	4.152490e-02
1.392500e+00	4.693777e-02
1.395000e+00	4.740671e-02
1.397500e+00	4.264066e-02
1.400000e+00	3.526878e-02
1.402500e+00	2.797249e-02
1.405000e+00	2.194744e-02
1.407500e+00	1.733220e-02
1.410000e+00	1.388397e-02
1.412500e+00	1.131104e-02
1.415000e+00	9.373263e-03
1.417500e+00	7.893854e-03
1.420000e+00	6.747512e-03
1.422500e+00	5.846168e-03
1.425000e+00	5.127639e-03
1.427500e+00	4.547560e-03
1.430000e+00	4.073865e-03
1.432500e+00	3.683050e-03
1.435000e+00	3.357653e-03
1.437500e+00	3.084526e-03
1.440000e+00	2.853643e-03
1.442500e+00	2.657268e-03
1.445000e+00	2.489371e-03
1.447500e+00	2.345199e-03
1.450000e+00	2.220976e-03
1.452500e+00	2.113672e-03
1.455000e+00	2.020842e-03
1.457500e+00	1.940498e-03
1.460000e+00	1.871014e-03
1.462500e+00	1.811055e-03
1.465000e+00	1.759519e-03
1.467500e+00	1.715496e-03
1.470000e+00	1.678233e-03
1.472500e+00	1.647106e-03
1.475000e+00	1.621602e-03
1.477500e+00	1.601301e-03
1.480000e+00	1.585861e-03
1.482500e+00	1.575012e-03
1.485000e+00	1.568542e-03
1.487500e+00	1.566297e-03
1.490000e+00	1.568173e-03
1.492500e+00	1.574110e-03
1.495000e+00	1.584096e-03
1.497500e+00	1.598162e-03
1.500000e+00	1.616381e-03
1.502500e+00	1.638873e-03
1.505000e+00	1.665802e-03
1.507500e+00	1.697383e-03
1.510000e+00	1.733882e-03
1.512500e+00	1.775626e-03
1.515000e+00	1.823006e-03
1.517500e+00	1.876489e-03
1.520000e+00	1.936626e-03
1.522500e+00	2.004065e-03
1.525000e+00	2.079569e-03
1.527500e+00	2.164037e-03
1.530000e+00	2.258527e-03
1.532500e+00	2.364286e-03
1.535000e+00	2.482793e-03
1.537500e+00	2.615804e-03
1.540000e+00	2.765412e-03
1.542500e+00	2.934132e-03
1.545000e+00	3.124992e-03
1.547500e+00	3.341669e-03
1.550000e+00	3.588651e-03
1.552500e+00	3.871463e-03
1.555000e+00	4.196954e-03
1.557500e+00	4.573693e-03
1.560000e+00	5.012497e-03
1.562500e+00	5.527160e-03
1.565000e+00	6.135465e-03
1.567500e+00	6.860599e-03
1.570000e+00	7.733176e-03
1.572500e+00	8.794149e-03
1.575000e+00	1.009905e-02
1.577500e+00	1.172426e-02
1.580000e+00	1.377622e-02
1.582500e+00	1.640510e-02
1.585000e+00	1.982434e-02
1.587500e+00	2.433686e-02
1.590000e+00	3.036310e-02
1.592500e+00	3.844677e-02
1.595000e+00	4.915569e-02
1.597500e+00	6.266413e-02
1.600000e+00	7.769194e-02
1.602500e+00	9.012466e-02
1.605000e+00	9.399891e-02
1.607500e+00	8.694783e-02
1.610000e+00	7.309817e-02
1.612500e+00	5.825315e-02
1.615000e+00	4.556842e-02
1.617500e+00	3.572001e-02
1.620000e+00	2.833516e-02
1.622500e+00	2.282991e-02
1.625000e+00	1.869543e-02
1.627500e+00	1.554994e-02
1.630000e+00	1.312117e-02
1.632500e+00	1.121763e-02
1.635000e+00	9.704430e-03
1.637500e+00	8.485594e-03
1.640000e+00	7.492020e-03
1.642500e+00	6.673249e-03
1.645000e+00	5.991932e-03
1.647500e+00	5.420047e-03
1.650000e+00	4.936306e-03
1.652500e+00	4.524346e-03
1.655000e+00	4.171453e-03
1.657500e+00	3.867650e-03
1.660000e+00	3.605045e-03
1.662500e+00	3.377343e-03
1.665000e+00	3.179498e-03
1.667500e+00	3.007444e-03
1.670000e+00	2.857901e-03
1.672500e+00	2.728227e-03
1.675000e+00	2.616304e-03
1.677500e+00	2.520457e-03
1.680000e+00	2.439392e-03
1.682500e+00	2.372160e-03
1.685000e+00	2.318128e-03
1.687500e+00	2.276972e-03
1.690000e+00	2.248686e-03
1.692500e+00	2.233607e-03
1.695000e+00	2.232463e-03
1.697500e+00	2.246452e-03
1.700000e+00	2.277353e-03
1.702500e+00	2.327702e-03
1.705000e+00	2.401032e-03
1.707500e+00	2.502245e-03
1.710000e+00	2.638140e-03
1.712500e+00	2.818202e-03
1.715000e+00	3.055780e-03
1.717500e+00	3.369812e-03
1.720000e+00	3.787308e-03
1.722500e+00	4.346669e-03
1.725000e+00	5.101208e-03
1.727500e+00	6.119747e-03
1.730000e+00	7.473636e-03
1.732500e+00	9.182823e-03
1.735000e+00	1.108020e-02
1.737500e+00	1.263908e-02
1.740000e+00	1.310875e-02
1.742500e+00	1.220768e-02
1.745000e+00	1.046915e-02
1.747500e+00	8.621778e-03
1.750000e+00	7.055988e-03
1.752500e+00	5.853161e-03
1.755000e+00	4.965678e-03
1.757500e+00	4.320713e-03
1.760000e+00	3.855435e-03
1.762500e+00	3.523264e-03
1.765000e+00	3.291657e-03
1.767500e+00	3.138564e-03
1.770000e+00	3.049503e-03
1.772500e+00	3.015501e-03
1.775000e+00	3.031789e-03
1.777500e+00	3.097051e-03
1.780000e+00	3.213130e-03
1.782500e+00	3.385119e-03
1.785000e+00	3.621840e-03
1.787500e+00	3.936795e-03
1.790000e+00	4.349735e-03
1.792500e+00	4.889107e-03
1.795000e+00	5.595740e-03
1.797500e+00	6.528248e-03
1.800000e+00	7.770422e-03
1.802500e+00	9.439670e-03
1.805000e+00	1.169087e-02
1.807500e+00	1.469555e-02
1.810000e+00	1.854138e-02
1.812500e+00	2.295570e-02
1.815000e+00	2.688079e-02
1.817500e+00	2.855916e-02
1.820000e+00	2.697868e-02
1.822500e+00	2.308313e-02
1.825000e+00	1.863608e-02
1.827500e+00	1.473203e-02
1.830000e+00	1.166655e-02
1.832500e+00	9.359182e-03
1.835000e+00	7.638573e-03
1.837500e+00	6.348001e-03
1.840000e+00	5.367984e-03
1.842500e+00	4.612856e-03
1.845000e+00	4.022309e-03
1.847500e+00	3.553884e-03
1.850000e+00	3.177436e-03
1.852500e+00	2.871299e-03
1.855000e+00	2.619684e-03
1.857500e+00	2.410929e-03
1.860000e+00	2.236299e-03
1.862500e+00	2.089169e-03
1.865000e+00	1.964451e-03
1.867500e+00	1.858195e-03
1.870000e+00	1.767301e-03
1.872500e+00	1.689314e-03
1.875000e+00	1.622273e-03
1.877500e+00	1.564598e-03
1.880000e+00	1.515008e-03
1.882500e+00	1.472460e-03
1.885000e+00	1.436097e-03
1.887500e+00	1.405215e-03
1.890000e+00	1.379231e-03
1.892500e+00	1.357666e-03
1.895000e+00	1.340122e-03
1.897500e+00	1.326271e-03
1.900000e+00	1.315845e-03
1.902500e+00	1.308625e-03
1.905000e+00	1.304436e-03
1.907500e+00	1.303141e-03
1.910000e+00	1.304637e-03
1.912500e+00	1.308849e-03
1.915000e+00	1.315733e-03
1.917500e+00	1.325269e-03
1.920000e+00	1.337464e-03
1.922500e+00	1.352345e-03
1.925000e+00	1.369968e-03
1.927500e+00	1.390408e-03
1.930000e+00	1.413768e-03
1.932500e+00	1.440177e-03
1.935000e+00	1.469789e-03
1.937500e+00	1.502791e-03
1.940000e+00	1.539401e-03
1.942500e+00	1.579872e-03
1.945000e+00	1.624498e-03
1.947500e+00	1.673621e-03
1.950000e+00	1.727629e-03
1.952500e+00	1.786975e-03
1.955000e+00	1.852174e-03
1.957500e+00	1.923824e-03
1.960000e+00	2.002612e-03
1.962500e+00	2.089333e-03
1.965000e+00	2.184909e-03
1.967500e+00	2.290410e-03
1.970000e+00	2.407085e-03
1.972500e+00	2.536398e-03
1.975000e+00	2.680070e-03
1.977500e+00	2.840134e-03
1.980000e+00	3.019005e-03
1.982500e+00	3.219570e-03
1.985000e+00	3.445293e-03
1.987500e+00	3.700364e-03
1.990000e+00	3.989886e-03
1.992500e+00	4.320115e-03
1.995000e+00	4.698785e-03
1.997500e+00	5.135542e-03
2.000000e+00	5.642520e-03
2.002500e+00	6.235142e-03
2.005000e+00	6.933217e-03
2.007500e+00	7.762479e-03
2.010000e+00	8.756768e-03
2.012500e+00	9.961167e-03
2.015000e+00	1.143655e-02
2.017500e+00	1.326625e-02
2.020000e+00	1.556600e-02
2.022500e+00	1.849845e-02
2.025000e+00	2.229443e-02
2.027500e+00	2.728219e-02
2.030000e+00	3.392195e-02
2.032500e+00	4.282704e-02
2.035000e+00	5.470129e-02
2.037500e+00	6.999365e-02
2.040000e+00	8.788841e-02
2.042500e+00	1.045805e-01
2.045000e+00	1.130752e-01
2.047500e+00	1.084016e-01
2.050000e+00	9.341623e-02
2.052500e+00	7.530633e-02
2.055000e+00	5.902889e-02
2.057500e+00	4.612551e-02
2.060000e+00	3.638569e-02
2.062500e+00	2.912503e-02
2.065000e+00	2.368834e-02
2.067500e+00	1.956897e-02
2.070000e+00	1.640194e-02
2.072500e+00	1.393005e-02
2.075000e+00	1.197237e-02
2.077500e+00	1.040065e-02
2.080000e+00	9.122887e-03
2.082500e+00	8.072189e-03
2.085000e+00	7.199241e-03
2.087500e+00	6.467194e-03
2.090000e+00	5.848156e-03
2.092500e+00	5.320765e-03
2.095000e+00	4.868474e-03
2.097500e+00	4.478348e-03
2.100000e+00	4.140187e-03
2.102500e+00	3.845897e-03
2.105000e+00	3.589031e-03
2.107500e+00	3.364452e-03
2.110000e+00	3.168093e-03
2.112500e+00	2.996790e-03
2.115000e+00	2.848175e-03
2.117500e+00	2.720632e-03
2.120000e+00	2.613316e-03
2.122500e+00	2.526235e-03
2.125000e+00	2.460434e-03
2.127500e+00	2.418271e-03
2.130000e+00	2.403765e-03
2.132500e+00	2.422793e-03
2.135000e+00	2.482350e-03
2.137500e+00	2.586620e-03
2.140000e+00	2.725621e-03
2.142500e+00	2.855998e-03
2.145000e+00	2.899354e-03
2.147500e+00	2.800948e-03
2.150000e+00	2.593308e-03
2.152500e+00	2.356048e-03
2.155000e+00	2.143443e-03
2.157500e+00	1.972019e-03
2.160000e+00	1.839127e-03
2.162500e+00	1.737006e-03
2.165000e+00	1.658289e-03
2.167500e+00	1.597293e-03
2.170000e+00	1.549937e-03
2.172500e+00	1.513362e-03
2.175000e+00	1.485581e-03
2.177500e+00	1.465224e-03
2.180000e+00	1.451356e-03
2.182500e+00	1.443358e-03
2.185000e+00	1.440845e-03
2.187500e+00	1.443618e-03
2.190000e+00	1.451631e-03
2.192500e+00	1.464974e-03
2.195000e+00	1.483862e-03
2.197500e+00	1.508639e-03
2.200000e+00	1.539784e-03
2.202500e+00	1.577927e-03
2.205000e+00	1.623874e-03
2.207500e+00	1.678639e-03
2.210000e+00	1.743491e-03
2.212500e+00	1.820017e-03
2.215000e+00	1.910201e-03
2.217500e+00	2.016541e-03
2.220000e+00	2.142197e-03
2.222500e+00	2.291200e-03
2.225000e+00	2.468738e-03
2.227500e+00	2.681563e-03
2.230000e+00	2.938553e-03
2.232500e+00	3.251537e-03
2.235000e+00	3.636477e-03
2.237500e+00	4.115212e-03
2.240000e+00	4.718036e-03
2.242500e+00	5.487496e-03
2.245000e+00	6.483942e-03
2.247500e+00	7.793223e-03
2.250000e+00	9.536007e-03
2.252500e+00	1.187430e-02
2.255000e+00	1.499817e-02
2.257500e+00	1.904327e-02
2.260000e+00	2.383923e-02
2.262500e+00	2.845054e-02
2.265000e+00	3.103313e-02
2.267500e+00	3.010259e-02
2.270000e+00	2.623141e-02
2.272500e+00	2.134234e-02
2.275000e+00	1.686782e-02
2.277500e+00	1.329397e-02
2.280000e+00	1.058962e-02
2.282500e+00	8.573535e-03
2.285000e+00	7.065637e-03
2.287500e+00	5.925097e-03
2.290000e+00	5.050064e-03
2.292500e+00	4.368706e-03
2.295000e+00	3.830507e-03
2.297500e+00	3.399693e-03
2.300000e+00	3.050632e-03
2.302500e+00	2.764712e-03
2.305000e+00	2.528229e-03
2.307500e+00	2.330956e-03
2.310000e+00	2.165158e-03
2.312500e+00	2.024916e-03
2.315000e+00	1.905645e-03
2.317500e+00	1.803758e-03
2.320000e+00	1.716423e-03
2.322500e+00	1.641379e-03
2.325000e+00	1.576813e-03
2.327500e+00	1.521256e-03
2.330000e+00	1.473513e-03
2.332500e+00	1.432604e-03
2.335000e+00	1.397726e-03
2.337500e+00	1.368215e-03
2.340000e+00	1.343524e-03
2.342500e+00	1.323200e-03
2.345000e+00	1.306869e-03
2.347500e+00	1.294224e-03
2.350000e+00	1.285016e-03
2.352500e+00	1.279045e-03
2.355000e+00	1.276151e-03
2.357500e+00	1.276214e-03
2.360000e+00	1.279148e-03
2.362500e+00	1.284898e-03
2.365000e+00	1.293436e-03
2.367500e+00	1.304765e-03
2.370000e+00	1.318912e-03
2.372500e+00	1.335931e-03
2.375000e+00	1.355905e-03
2.377500e+00	1.378941e-03
2.380000e+00	1.405179e-03
2.382500e+00	1.434787e-03
2.385000e+00	1.467969e-03
2.387500e+00	1.504964e-03
2.390000e+00	1.546054e-03
2.392500e+00	1.591566e-03
2.395000e+00	1.641881e-03
2.397500e+00	1.697438e-03
2.400000e+00	1.758748e-03
2.402500e+00	1.826400e-03
2.405000e+00	1.901078e-03
2.407500e+00	1.983575e-03
2.410000e+00	2.074817e-03
2.412500e+00	2.175881e-03
2.415000e+00	2.288035e-03
2.417500e+00	2.412764e-03
2.420000e+00	2.551831e-03
2.422500e+00	2.707322e-03
2.425000e+00	2.881734e-03
2.427500e+00	3.078063e-03
2.430000e+00	3.299930e-03
2.432500e+00	3.551742e-03
2.435000e+00	3.838899e-03
2.437500e+00	4.168074e-03
2.440000e+00	4.547578e-03
2.442500e+00	4.987863e-03
2.445000e+00	5.502196e-03
2.447500e+00	6.107603e-03
2.450000e+00	6.826176e-03
2.452500e+00	7.686935e-03
2.455000e+00	8.728487e-03
2.457500e+00	1.000290e-02
2.460000e+00	1.158137e-02
2.462500e+00	1.356261e-02
2.465000e+00	1.608524e-02
2.467500e+00	1.934587e-02
2.470000e+00	2.362410e-02
2.472500e+00	2.931294e-02
2.475000e+00	3.693991e-02
2.477500e+00	4.712367e-02
2.480000e+00	6.030503e-02
2.482500e+00	7.592675e-02
2.485000e+00	9.093895e-02
2.487500e+00	9.933705e-02
2.490000e+00	9.629777e-02
2.492500e+00	8.369619e-02
2.495000e+00	6.779169e-02
2.497500e+00	5.324098e-02
2.500000e+00	4.162212e-02
2.502500e+00	3.283216e-02
2.505000e+00	2.628122e-02
2.507500e+00	2.138357e-02
2.510000e+00	1.768133e-02
2.512500e+00	1.484351e-02
2.515000e+00	1.263682e-02
2.517500e+00	1.089742e-02
2.520000e+00	9.509530e-03
2.522500e+00	8.390570e-03
2.525000e+00	7.481037e-03
2.527500e+00	6.737761e-03
2.530000e+00	6.129400e-03
2.532500e+00	5.633470e-03
2.535000e+00	5.234455e-03
2.537500e+00	4.922666e-03
2.540000e+00	4.693544e-03
2.542500e+00	4.546803e-03
2.545000e+00	4.483835e-03
2.547500e+00	4.499815e-03
2.550000e+00	4.566656e-03
2.552500e+00	4.617783e-03
2.555000e+00	4.578873e-03
2.557500e+00	4.447609e-03
2.560000e+00	4.304104e-03
2.562500e+00	4.234864e-03
2.565000e+00	4.293118e-03
2.567500e+00	4.511391e-03
2.570000e+00	4.916475e-03
2.572500e+00	5.521029e-03
2.575000e+00	6.276031e-03
2.577500e+00	6.986338e-03
2.580000e+00	7.303608e-03
2.582500e+00	6.985957e-03
2.585000e+00	6.177553e-03
2.587500e+00	5.229625e-03
2.590000e+00	4.381077e-03
2.592500e+00	3.704447e-03
2.595000e+00	3.187916e-03
2.597500e+00	2.797247e-03
2.600000e+00	2.499952e-03
2.602500e+00	2.270950e-03
2.605000e+00	2.092163e-03
2.607500e+00	1.950833e-03
2.610000e+00	1.837979e-03
2.612500e+00	1.747235e-03
2.615000e+00	1.674050e-03
2.617500e+00	1.615138e-03
2.620000e+00	1.568114e-03
2.622500e+00	1.531246e-03
2.625000e+00	1.503282e-03
2.627500e+00	1.483344e-03
2.630000e+00	1.470841e-03
2.632500e+00	1.465425e-03
2.635000e+00	1.466956e-03
2.637500e+00	1.475486e-03
2.640000e+00	1.491255e-03
2.642500e+00	1.514699e-03
2.645000e+00	1.546466e-03
2.647500e+00	1.587449e-03
2.650000e+00	1.638837e-03
2.652500e+00	1.702179e-03
2.655000e+00	1.779477e-03
2.657500e+00	1.873324e-03
2.660000e+00	1.987078e-03
2.662500e+00	2.125126e-03
2.665000e+00	2.293239e-03
2.667500e+00	2.499096e-03
2.670000e+00	2.753028e-03
2.672500e+00	3.069122e-03
2.675000e+00	3.466832e-03
2.677500e+00	3.973380e-03
2.680000e+00	4.627271e-03
2.682500e+00	5.483296e-03
2.685000e+00	6.619029e-03
2.687500e+00	8.141076e-03
2.690000e+00	1.018333e-02
2.692500e+00	1.287235e-02
2.695000e+00	1.620018e-02
2.697500e+00	1.973536e-02
2.700000e+00	2.234282e-02
2.702500e+00	2.266563e-02
2.705000e+00	2.050205e-02
2.707500e+00	1.705637e-02
2.710000e+00	1.360968e-02
2.712500e+00	1.075041e-02
2.715000e+00	8.556250e-03
2.717500e+00	6.916179e-03
2.720000e+00	5.692686e-03
2.722500e+00	4.771740e-03
2.725000e+00	4.069187e-03
2.727500e+00	3.525334e-03
2.730000e+00	3.098225e-03
2.732500e+00	2.758249e-03
2.735000e+00	2.484292e-03
2.737500e+00	2.261102e-03
2.740000e+00	2.077509e-03
2.742500e+00	1.925224e-03
2.745000e+00	1.798008e-03
2.747500e+00	1.691113e-03
2.750000e+00	1.600881e-03
2.752500e+00	1.524464e-03
2.755000e+00	1.459624e-03
2.757500e+00	1.404589e-03
2.760000e+00	1.357942e-03
2.762500e+00	1.318549e-03
2.765000e+00	1.285491e-03
2.767500e+00	1.258028e-03
2.770000e+00	1.235557e-03
2.772500e+00	1.217592e-03
2.775000e+00	1.203740e-03
2.777500e+00	1.193690e-03
2.780000e+00	1.187194e-03
2.782500e+00	1.184065e-03
2.785000e+00	1.184165e-03
2.787500e+00	1.187401e-03
2.790000e+00	1.193724e-03
2.792500e+00	1.203123e-03
2.795000e+00	1.215625e-03
2.797500e+00	1.231294e-03
2.800000e+00	1.250234e-03
2.802500e+00	1.272588e-03
2.805000e+00	1.298543e-03
2.807500e+00	1.328331e-03
2.810000e+00	1.362239e-03
2.812500e+00	1.400611e-03
2.815000e+00	1.443860e-03
2.817500e+00	1.492477e-03
2.820000e+00	1.547048e-03
2.822500e+00	1.608268e-03
2.825000e+00	1.676964e-03
2.827500e+00	1.754124e-03
2.830000e+00	1.840931e-03
2.832500e+00	1.938809e-03
2.835000e+00	2.049481e-03
2.837500e+00	2.175043e-03
2.840000e+00	2.318062e-03
2.842500e+00	2.481712e-03
2.845000e+00	2.669939e-03
2.847500e+00	2.887703e-03
2.850000e+00	3.141294e-03
2.852500e+00	3.438776e-03
2.855000e+00	3.790602e-03
2.857500e+00	4.210493e-03
2.860000e+00	4.716692e-03
2.862500e+00	5.333787e-03
2.865000e+00	6.095384e-03
2.867500e+00	7.048067e-03
2.870000e+00	8.257232e-03
2.872500e+00	9.815586e-03
2.875000e+00	1.185490e-02
2.877500e+00	1.456004e-02
2.880000e+00	1.817817e-02
2.882500e+00	2.299586e-02
2.885000e+00	2.920637e-02
2.887500e+00	3.651393e-02
2.890000e+00	4.343696e-02
2.892500e+00	4.716349e-02
2.895000e+00	4.557561e-02
2.897500e+00	3.970123e-02
2.900000e+00	3.245268e-02
2.902500e+00	2.591021e-02
2.905000e+00	2.074956e-02
2.907500e+00	1.690568e-02
2.910000e+00	1.410721e-02
2.912500e+00	1.209141e-02
2.915000e+00	1.065693e-02
2.917500e+00	9.662581e-03
2.920000e+00	9.014475e-03
2.922500e+00	8.654202e-03
2.925000e+00	8.550706e-03
2.927500e+00	8.695872e-03
2.930000e+00	9.103402e-03
2.932500e+00	9.810856e-03
2.935000e+00	1.088506e-02
2.937500e+00	1.243114e-02
2.940000e+00	1.460453e-02
2.942500e+00	1.762018e-02
2.945000e+00	2.173761e-02
2.947500e+00	2.715789e-02
2.950000e+00	3.369746e-02
2.952500e+00	4.016013e-02
2.955000e+00	4.403843e-02
2.957500e+00	4.310036e-02
2.960000e+00	3.788533e-02
2.962500e+00	3.103358e-02
2.965000e+00	2.465994e-02
2.967500e+00	1.953665e-02
2.970000e+00	1.565682e-02
2.972500e+00	1.277438e-02
2.975000e+00	1.063592e-02
2.977500e+00	9.042251e-03
2.980000e+00	7.850690e-03
2.982500e+00	6.963276e-03
2.985000e+00	6.315154e-03
2.987500e+00	5.866163e-03
2.990000e+00	5.595669e-03
2.992500e+00	5.499791e-03
2.995000e+00	5.589480e-03
2.997500e+00	5.885565e-03
