#omega	spectral weight
-6.000000e+00	1.457723e-05
-5.997500e+00	1.458220e-05
-5.995000e+00	1.458718e-05
-5.992500e+00	1.459215e-05
-5.990000e+00	1.459714e-05
-5.987500e+00	1.460212e-05
-5.985000e+00	1.460711e-05
-5.982500e+00	1.461210e-05
-5.980000e+00	1.461709e-05
-5.977500e+00	1.462208e-05
-5.975000e+00	1.462708e-05
-5.972500e+00	1.463208e-05
-5.970000e+00	1.463708e-05
-5.967500e+00	1.464209e-05
-5.965000e+00	1.464709e-05
-5.962500e+00	1.465210e-05
-5.960000e+00	1.465712e-05
-5.957500e+00	1.466213e-05
-5.955000e+00	1.466715e-05
-5.952500e+00	1.467217e-05
-5.950000e+00	1.467719e-05
-5.947500e+00	1.468222e-05
-5.945000e+00	1.468725e-05
-5.942500e+00	1.469228e-05
-5.940000e+00	1.469731e-05
-5.937500e+00	1.470235e-05
-5.935000e+00	1.470738e-05
-5.932500e+00	1.471243e-05
-5.930000e+00	1.471747e-05
-5.927500e+00	1.472252e-05
-5.925000e+00	1.472756e-05
-5.922500e+00	1.473262e-05
-5.920000e+00	1.473767e-05
-5.917500e+00	1.474273e-05
-5.915000e+00	1.474779e-05
-5.912500e+00	1.475285e-05
-5.910000e+00	1.475791e-05
-5.907500e+00	1.476298e-05
-5.905000e+00	1.476805e-05
-5.902500e+00	1.477312e-05
-5.900000e+00	1.477820e-05
-5.897500e+00	1.478328e-05
-5.895000e+00	1.478836e-05
-5.892500e+00	1.479344e-05
-5.890000e+00	1.479853e-05
-5.887500e+00	1.480362e-05
-5.885000e+00	1.480871e-05
-5.882500e+00	1.481380e-05
-5.880000e+00	1.481890e-05
-5.877500e+00	1.482400e-05
-5.875000e+00	1.482910e-05
-5.872500e+00	1.483420e-05
-5.870000e+00	1.483931e-05
-5.867500e+00	1.484442e-05
-5.865000e+00	1.484953e-05
-5.862500e+00	1.485465e-05
-5.860000e+00	1.485977e-05
-5.857500e+00	1.486489e-05
-5.855000e+00	1.487001e-05
-5.852500e+00	1.487514e-05
-5.850000e+00	1.488027e-05
-5.847500e+00	1.488540e-05
-5.845000e+00	1.489053e-05
-5.842500e+00	1.489567e-05
-5.840000e+00	1.490081e-05
-5.837500e+00	1.490595e-05
-5.835000e+00	1.491109e-05
-5.832500e+00	1.491624e-05
-5.830000e+00	1.492139e-05
-5.827500e+00	1.492654e-05
-5.825000e+00	1.493170e-05
-5.822500e+00	1.493686e-05
-5.820000e+00	1.494202e-05
-5.817500e+00	1.494718e-05
-5.815000e+00	1.495235e-05
-5.812500e+00	1.495752e-05
-5.810000e+00	1.496269e-05
-5.807500e+00	1.496786e-05
-5.805000e+00	1.497304e-05
-5.802500e+00	1.497822e-05
-5.800000e+00	1.498340e-05
-5.797500e+00	1.498859e-05
-5.795000e+00	1.499378e-05
-5.792500e+00	1.499897e-05
-5.790000e+00	1.500416e-05
-5.787500e+00	1.500936e-05
-5.785000e+00	1.501456e-05
-5.782500e+00	1.501976e-05
-5.780000e+00	1.502496e-05
-5.777500e+00	1.503017e-05
-5.775000e+00	1.503538e-05
-5.772500e+00	1.504059e-05
-5.770000e+00	1.504581e-05
-5.767500e+00	1.505103e-05
-5.765000e+00	1.505625e-05
-5.762500e+00	1.506147e-05
-5.760000e+00	1.506670e-05
-5.757500e+00	1.507193e-05
-5.755000e+00	1.507716e-05
-5.752500e+00	1.508239e-05
-5.750000e+00	1.508763e-05
-5.747500e+00	1.509287e-05
-5.745000e+00	1.509811e-05
-5.742500e+00	1.510336e-05
-5.740000e+00	1.510861e-05
-5.737500e+00	1.511386e-05
-5.735000e+00	1.511911e-05
-5.732500e+00	1.512437e-05
-5.730000e+00	1.512963e-05
-5.727500e+00	1.513489e-05
-5.725000e+00	1.514016e-05
-5.722500e+00	1.514542e-05
-5.720000e+00	1.515069e-05
-5.717500e+00	1.515597e-05
-5.715000e+00	1.516124e-05
-5.712500e+00	1.516652e-05
-5.710000e+00	1.517180e-05
-5.707500e+00	1.517709e-05
-5.705000e+00	1.518238e-05
-5.702500e+00	1.518767e-05
-5.700000e+00	1.519296e-05
-5.697500e+00	1.519825e-05
-5.695000e+00	1.520355e-05
-5.692500e+00	1.520885e-05
-5.690000e+00	1.521416e-05
-5.687500e+00	1.521947e-05
-5.685000e+00	1.522478e-05
-5.682500e+00	1.523009e-05
-5.680000e+00	1.523540e-05
-5.677500e+00	1.524072e-05
-5.675000e+00	1.524604e-05
-5.672500e+00	1.525137e-05
-5.670000e+00	1.525669e-05
-5.667500e+00	1.526202e-05
-5.665000e+00	1.526735e-05
-5.662500e+00	1.527269e-05
-5.660000e+00	1.527803e-05
-5.657500e+00	1.528337e-05
-5.655000e+00	1.528871e-05
-5.652500e+00	1.529406e-05
-5.650000e+00	1.529941e-05
-5.647500e+00	1.530476e-05
-5.645000e+00	1.531011e-05
-5.642500e+00	1.531547e-05
-5.640000e+00	1.532083e-05
-5.637500e+00	1.532620e-05
-5.635000e+00	1.533156e-05
-5.632500e+00	1.533693e-05
-5.630000e+00	1.534230e-05
-5.627500e+00	1.534768e-05
-5.625000e+00	1.535306e-05
-5.622500e+00	1.535844e-05
-5.620000e+00	1.536382e-05
-5.617500e+00	1.536921e-05
-5.615000e+00	1.537460e-05
-5.612500e+00	1.537999e-05
-5.610000e+00	1.538538e-05
-5.607500e+00	1.539078e-05
-5.605000e+00	1.539618e-05
-5.602500e+00	1.540158e-05
-5.600000e+00	1.540699e-05
-5.597500e+00	1.541240e-05
-5.595000e+00	1.541781e-05
-5.592500e+00	1.542323e-05
-5.590000e+00	1.542865e-05
-5.587500e+00	1.543407e-05
-5.585000e+00	1.543949e-05
-5.582500e+00	1.544492e-05
-5.580000e+00	1.545035e-05
-5.577500e+00	1.545578e-05
-5.575000e+00	1.546121e-05
-5.572500e+00	1.546665e-05
-5.570000e+00	1.547209e-05
-5.567500e+00	1.547754e-05
-5.565000e+00	1.548298e-05
-5.562500e+00	1.548843e-05
-5.560000e+00	1.549389e-05
-5.557500e+00	1.549934e-05
-5.555000e+00	1.550480e-05
-5.552500e+00	1.551026e-05
-5.550000e+00	1.551573e-05
-5.547500e+00	1.552119e-05
-5.545000e+00	1.552666e-05
-5.542500e+00	1.553214e-05
-5.540000e+00	1.553761e-05
-5.537500e+00	1.554309e-05
-5.535000e+00	1.554857e-05
-5.532500e+00	1.555406e-05
-5.530000e+00	1.555955e-05
-5.527500e+00	1.556504e-05
-5.525000e+00	1.557053e-05
-5.522500e+00	1.557603e-05
-5.520000e+00	1.558153e-05
-5.517500e+00	1.558703e-05
-5.515000e+00	1.559254e-05
-5.512500e+00	1.559804e-05
-5.510000e+00	1.560356e-05
-5.507500e+00	1.560907e-05
-5.505000e+00	1.561459e-05
-5.502500e+00	1.562011e-05
-5.500000e+00	1.562563e-05
-5.497500e+00	1.563116e-05
-5.495000e+00	1.563669e-05
-5.492500e+00	1.564222e-05
-5.490000e+00	1.564775e-05
-5.487500e+00	1.565329e-05
-5.485000e+00	1.565883e-05
-5.482500e+00	1.566438e-05
-5.480000e+00	1.566992e-05
-5.477500e+00	1.567547e-05
-5.475000e+00	1.568103e-05
-5.472500e+00	1.568658e-05
-5.470000e+00	1.569214e-05
-5.467500e+00	1.569770e-05
-5.465000e+00	1.570327e-05
-5.462500e+00	1.570884e-05
-5.460000e+00	1.571441e-05
-5.457500e+00	1.571998e-05
-5.455000e+00	1.572556e-05
-5.452500e+00	1.573114e-05
-5.450000e+00	1.573672e-05
-5.447500e+00	1.574231e-05
-5.445000e+00	1.574790e-05
-5.442500e+00	1.575349e-05
-5.440000e+00	1.575908e-05
-5.437500e+00	1.576468e-05
-5.435000e+00	1.577028e-05
-5.432500e+00	1.577589e-05
-5.430000e+00	1.578149e-05
-5.427500e+00	1.578710e-05
-5.425000e+00	1.579272e-05
-5.422500e+00	1.579833e-05
-5.420000e+00	1.580395e-05
-5.417500e+00	1.580957e-05
-5.415000e+00	1.581520e-05
-5.412500e+00	1.582083e-05
-5.410000e+00	1.582646e-05
-5.407500e+00	1.583209e-05
-5.405000e+00	1.583773e-05
-5.402500e+00	1.584337e-05
-5.400000e+00	1.584901e-05
-5.397500e+00	1.585466e-05
-5.395000e+00	1.586031e-05
-5.392500e+00	1.586596e-05
-5.390000e+00	1.587162e-05
-5.387500e+00	1.587728e-05
-5.385000e+00	1.588294e-05
-5.382500e+00	1.588860e-05
-5.380000e+00	1.589427e-05
-5.377500e+00	1.589994e-05
-5.375000e+00	1.590562e-05
-5.372500e+00	1.591130e-05
-5.370000e+00	1.591698e-05
-5.367500e+00	1.592266e-05
-5.365000e+00	1.592835e-05
-5.362500e+00	1.593403e-05
-5.360000e+00	1.593973e-05
-5.357500e+00	1.594542e-05
-5.355000e+00	1.595112e-05
-5.352500e+00	1.595682e-05
-5.350000e+00	1.596253e-05
-5.347500e+00	1.596824e-05
-5.345000e+00	1.597395e-05
-5.342500e+00	1.597966e-05
-5.340000e+00	1.598538e-05
-5.337500e+00	1.599110e-05
-5.335000e+00	1.599682e-05
-5.332500e+00	1.600255e-05
-5.330000e+00	1.600828e-05
-5.327500e+00	1.601401e-05
-5.325000e+00	1.601975e-05
-5.322500e+00	1.602549e-05
-5.320000e+00	1.603123e-05
-5.317500e+00	1.603698e-05
-5.315000e+00	1.604273e-05
-5.312500e+00	1.604848e-05
-5.310000e+00	1.605423e-05
-5.307500e+00	1.605999e-05
-5.305000e+00	1.606575e-05
-5.302500e+00	1.607152e-05
-5.300000e+00	1.607728e-05
-5.297500e+00	1.608305e-05
-5.295000e+00	1.608883e-05
-5.292500e+00	1.609460e-05
-5.290000e+00	1.610038e-05
-5.287500e+00	1.610617e-05
-5.285000e+00	1.611195e-05
-5.282500e+00	1.611774e-05
-5.280000e+00	1.612354e-05
-5.277500e+00	1.612933e-05
-5.275000e+00	1.613513e-05
-5.272500e+00	1.614093e-05
-5.270000e+00	1.614674e-05
-5.267500e+00	1.615255e-05
-5.265000e+00	1.615836e-05
-5.262500e+00	1.616417e-05
-5.260000e+00	1.616999e-05
-5.257500e+00	1.617581e-05
-5.255000e+00	1.618164e-05
-5.252500e+00	1.618746e-05
-5.250000e+00	1.619329e-05
-5.247500e+00	1.619913e-05
-5.245000e+00	1.620497e-05
-5.242500e+00	1.621081e-05
-5.240000e+00	1.621665e-05
-5.237500e+00	1.622250e-05
-5.235000e+00	1.622835e-05
-5.232500e+00	1.623420e-05
-5.230000e+00	1.624006e-05
-5.227500e+00	1.624591e-05
-5.225000e+00	1.625178e-05
-5.222500e+00	1.625764e-05
-5.220000e+00	1.626351e-05
-5.217500e+00	1.626939e-05
-5.215000e+00	1.627526e-05
-5.212500e+00	1.628114e-05
-5.210000e+00	1.628702e-05
-5.207500e+00	1.629291e-05
-5.205000e+00	1.629880e-05
-5.202500e+00	1.630469e-05
-5.200000e+00	1.631058e-05
-5.197500e+00	1.631648e-05
-5.195000e+00	1.632238e-05
-5.192500e+00	1.632829e-05
-5.190000e+00	1.633419e-05
-5.187500e+00	1.634011e-05
-5.185000e+00	1.634602e-05
-5.182500e+00	1.635194e-05
-5.180000e+00	1.635786e-05
-5.177500e+00	1.636378e-05
-5.175000e+00	1.636971e-05
-5.172500e+00	1.637564e-05
-5.170000e+00	1.638158e-05
-5.167500e+00	1.638751e-05
-5.165000e+00	1.639345e-05
-5.162500e+00	1.639940e-05
-5.160000e+00	1.640534e-05
-5.157500e+00	1.641130e-05
-5.155000e+00	1.641725e-05
-5.152500e+00	1.642321e-05
-5.150000e+00	1.642917e-05
-5.147500e+00	1.643513e-05
-5.145000e+00	1.644110e-05
-5.142500e+00	1.644707e-05
-5.140000e+00	1.645304e-05
-5.137500e+00	1.645902e-05
-5.135000e+00	1.646500e-05
-5.132500e+00	1.647098e-05
-5.130000e+00	1.647697e-05
-5.127500e+00	1.648296e-05
-5.125000e+00	1.648895e-05
-5.122500e+00	1.649495e-05
-5.120000e+00	1.650095e-05
-5.117500e+00	1.650695e-05
-5.115000e+00	1.651296e-05
-5.112500e+00	1.651897e-05
-5.110000e+00	1.652498e-05
-5.107500e+00	1.653100e-05
-5.105000e+00	1.653702e-05
-5.102500e+00	1.654304e-05
-5.100000e+00	1.654907e-05
-5.097500e+00	1.655510e-05
-5.095000e+00	1.656113e-05
-5.092500e+00	1.656717e-05
-5.090000e+00	1.657321e-05
-5.087500e+00	1.657925e-05
-5.085000e+00	1.658529e-05
-5.082500e+00	1.659134e-05
-5.080000e+00	1.659740e-05
-5.077500e+00	1.660345e-05
-5.075000e+00	1.660951e-05
-5.072500e+00	1.661558e-05
-5.070000e+00	1.662164e-05
-5.067500e+00	1.662771e-05
-5.065000e+00	1.663379e-05
-5.062500e+00	1.663987e-05
-5.060000e+00	1.664595e-05
-5.057500e+00	1.665203e-05
-5.055000e+00	1.665812e-05
-5.052500e+00	1.666421e-05
-5.050000e+00	1.667030e-05
-5.047500e+00	1.667640e-05
-5.045000e+00	1.668250e-05
-5.042500e+00	1.668860e-05
-5.040000e+00	1.669471e-05
-5.037500e+00	1.670082e-05
-5.035000e+00	1.670693e-05
-5.032500e+00	1.671305e-05
-5.030000e+00	1.671917e-05
-5.027500e+00	1.672530e-05
-5.025000e+00	1.673142e-05
-5.022500e+00	1.673756e-05
-5.020000e+00	1.674369e-05
-5.017500e+00	1.674983e-05
-5.015000e+00	1.675597e-05
-5.012500e+00	1.676211e-05
-5.010000e+00	1.676826e-05
-5.007500e+00	1.677441e-05
-5.005000e+00	1.678057e-05
-5.002500e+00	1.678673e-05
-5.000000e+00	1.679289e-05
-4.997500e+00	1.679906e-05
-4.995000e+00	1.680522e-05
-4.992500e+00	1.681140e-05
-4.990000e+00	1.681757e-05
-4.987500e+00	1.682375e-05
-4.985000e+00	1.682993e-05
-4.982500e+00	1.683612e-05
-4.980000e+00	1.684231e-05
-4.977500e+00	1.684850e-05
-4.975000e+00	1.685470e-05
-4.972500e+00	1.686090e-05
-4.970000e+00	1.686710e-05
-4.967500e+00	1.687331e-05
-4.965000e+00	1.687952e-05
-4.962500e+00	1.688574e-05
-4.960000e+00	1.689195e-05
-4.957500e+00	1.689817e-05
-4.955000e+00	1.690440e-05
-4.952500e+00	1.691063e-05
-4.950000e+00	1.691686e-05
-4.947500e+00	1.692309e-05
-4.945000e+00	1.692933e-05
-4.942500e+00	1.693557e-05
-4.940000e+00	1.694182e-05
-4.937500e+00	1.694807e-05
-4.935000e+00	1.695432e-05
-4.932500e+00	1.696057e-05
-4.930000e+00	1.696683e-05
-4.927500e+00	1.697310e-05
-4.925000e+00	1.697936e-05
-4.922500e+00	1.698563e-05
-4.920000e+00	1.699191e-05
-4.917500e+00	1.699818e-05
-4.915000e+00	1.700446e-05
-4.912500e+00	1.701075e-05
-4.910000e+00	1.701704e-05
-4.907500e+00	1.702333e-05
-4.905000e+00	1.702962e-05
-4.902500e+00	1.703592e-05
-4.900000e+00	1.704222e-05
-4.897500e+00	1.704853e-05
-4.895000e+00	1.705484e-05
-4.892500e+00	1.706115e-05
-4.890000e+00	1.706746e-05
-4.887500e+00	1.707378e-05
-4.885000e+00	1.708011e-05
-4.882500e+00	1.708643e-05
-4.880000e+00	1.709276e-05
-4.877500e+00	1.709910e-05
-4.875000e+00	1.710543e-05
-4.872500e+00	1.711178e-05
-4.870000e+00	1.711812e-05
-4.867500e+00	1.712447e-05
-4.865000e+00	1.713082e-05
-4.862500e+00	1.713717e-05
-4.860000e+00	1.714353e-05
-4.857500e+00	1.714990e-05
-4.855000e+00	1.715626e-05
-4.852500e+00	1.716263e-05
-4.850000e+00	1.716901e-05
-4.847500e+00	1.717538e-05
-4.845000e+00	1.718176e-05
-4.842500e+00	1.718815e-05
-4.840000e+00	1.719453e-05
-4.837500e+00	1.720093e-05
-4.835000e+00	1.720732e-05
-4.832500e+00	1.721372e-05
-4.830000e+00	1.722012e-05
-4.827500e+00	1.722653e-05
-4.825000e+00	1.723294e-05
-4.822500e+00	1.723935e-05
-4.820000e+00	1.724577e-05
-4.817500e+00	1.725219e-05
-4.815000e+00	1.725861e-05
-4.812500e+00	1.726504e-05
-4.810000e+00	1.727147e-05
-4.807500e+00	1.727790e-05
-4.805000e+00	1.728434e-05
-4.802500e+00	1.729078e-05
-4.800000e+00	1.729723e-05
-4.797500e+00	1.730368e-05
-4.795000e+00	1.731013e-05
-4.792500e+00	1.731659e-05
-4.790000e+00	1.732305e-05
-4.787500e+00	1.732951e-05
-4.785000e+00	1.733598e-05
-4.782500e+00	1.734245e-05
-4.780000e+00	1.734893e-05
-4.777500e+00	1.735541e-05
-4.775000e+00	1.736189e-05
-4.772500e+00	1.736838e-05
-4.770000e+00	1.737487e-05
-4.767500e+00	1.738136e-05
-4.765000e+00	1.738786e-05
-4.762500e+00	1.739436e-05
-4.760000e+00	1.740086e-05
-4.757500e+00	1.740737e-05
-4.755000e+00	1.741388e-05
-4.752500e+00	1.742040e-05
-4.750000e+00	1.742692e-05
-4.747500e+00	1.743344e-05
-4.745000e+00	1.743997e-05
-4.742500e+00	1.744650e-05
-4.740000e+00	1.745303e-05
-4.737500e+00	1.745957e-05
-4.735000e+00	1.746611e-05
-4.732500e+00	1.747266e-05
-4.730000e+00	1.747921e-05
-4.727500e+00	1.748576e-05
-4.725000e+00	1.749232e-05
-4.722500e+00	1.749888e-05
-4.720000e+00	1.750544e-05
-4.717500e+00	1.751201e-05
-4.715000e+00	1.751858e-05
-4.712500e+00	1.752516e-05
-4.710000e+00	1.753174e-05
-4.707500e+00	1.753832e-05
-4.705000e+00	1.754491e-05
-4.702500e+00	1.755150e-05
-4.700000e+00	1.755809e-05
-4.697500e+00	1.756469e-05
-4.695000e+00	1.757129e-05
-4.692500e+00	1.757790e-05
-4.690000e+00	1.758451e-05
-4.687500e+00	1.759112e-05
-4.685000e+00	1.759774e-05
-4.682500e+00	1.760436e-05
-4.680000e+00	1.761099e-05
-4.677500e+00	1.761761e-05
-4.675000e+00	1.762425e-05
-4.672500e+00	1.763088e-05
-4.670000e+00	1.763752e-05
-4.667500e+00	1.764417e-05
-4.665000e+00	1.765081e-05
-4.662500e+00	1.765746e-05
-4.660000e+00	1.766412e-05
-4.657500e+00	1.767078e-05
-4.655000e+00	1.767744e-05
-4.652500e+00	1.768411e-05
-4.650000e+00	1.769078e-05
-4.647500e+00	1.769745e-05
-4.645000e+00	1.770413e-05
-4.642500e+00	1.771081e-05
-4.640000e+00	1.771750e-05
-4.637500e+00	1.772419e-05
-4.635000e+00	1.773088e-05
-4.632500e+00	1.773758e-05
-4.630000e+00	1.774428e-05
-4.627500e+00	1.775099e-05
-4.625000e+00	1.775770e-05
-4.622500e+00	1.776441e-05
-4.620000e+00	1.777112e-05
-4.617500e+00	1.777785e-05
-4.615000e+00	1.778457e-05
-4.612500e+00	1.779130e-05
-4.610000e+00	1.779803e-05
-4.607500e+00	1.780477e-05
-4.605000e+00	1.781151e-05
-4.602500e+00	1.781825e-05
-4.600000e+00	1.782500e-05
-4.597500e+00	1.783175e-05
-4.595000e+00	1.783851e-05
-4.592500e+00	1.784526e-05
-4.590000e+00	1.785203e-05
-4.587500e+00	1.785880e-05
-4.585000e+00	1.786557e-05
-4.582500e+00	1.787234e-05
-4.580000e+00	1.787912e-05
-4.577500e+00	1.788590e-05
-4.575000e+00	1.789269e-05
-4.572500e+00	1.789948e-05
-4.570000e+00	1.790628e-05
-4.567500e+00	1.791307e-05
-4.565000e+00	1.791988e-05
-4.562500e+00	1.792668e-05
-4.560000e+00	1.793349e-05
-4.557500e+00	1.794031e-05
-4.555000e+00	1.794713e-05
-4.552500e+00	1.795395e-05
-4.550000e+00	1.796078e-05
-4.547500e+00	1.796761e-05
-4.545000e+00	1.797444e-05
-4.542500e+00	1.798128e-05
-4.540000e+00	1.798812e-05
-4.537500e+00	1.799497e-05
-4.535000e+00	1.800182e-05
-4.532500e+00	1.800867e-05
-4.530000e+00	1.801553e-05
-4.527500e+00	1.802239e-05
-4.525000e+00	1.802926e-05
-4.522500e+00	1.803613e-05
-4.520000e+00	1.804300e-05
-4.517500e+00	1.804988e-05
-4.515000e+00	1.805676e-05
-4.512500e+00	1.806365e-05
-4.510000e+00	1.807054e-05
-4.507500e+00	1.807743e-05
-4.505000e+00	1.808433e-05
-4.502500e+00	1.809123e-05
-4.500000e+00	1.809814e-05
-4.497500e+00	1.810505e-05
-4.495000e+00	1.811196e-05
-4.492500e+00	1.811888e-05
-4.490000e+00	1.812580e-05
-4.487500e+00	1.813273e-05
-4.485000e+00	1.813966e-05
-4.482500e+00	1.814659e-05
-4.480000e+00	1.815353e-05
-4.477500e+00	1.816047e-05
-4.475000e+00	1.816742e-05
-4.472500e+00	1.817437e-05
-4.470000e+00	1.818132e-05
-4.467500e+00	1.818828e-05
-4.465000e+00	1.819525e-05
-4.462500e+00	1.820221e-05
-4.460000e+00	1.820918e-05
-4.457500e+00	1.821616e-05
-4.455000e+00	1.822314e-05
-4.452500e+00	1.823012e-05
-4.450000e+00	1.823711e-05
-4.447500e+00	1.824410e-05
-4.445000e+00	1.825109e-05
-4.442500e+00	1.825809e-05
-4.440000e+00	1.826510e-05
-4.437500e+00	1.827210e-05
-4.435000e+00	1.827911e-05
-4.432500e+00	1.828613e-05
-4.430000e+00	1.829315e-05
-4.427500e+00	1.830017e-05
-4.425000e+00	1.830720e-05
-4.422500e+00	1.831423e-05
-4.420000e+00	1.832127e-05
-4.417500e+00	1.832831e-05
-4.415000e+00	1.833536e-05
-4.412500e+00	1.834241e-05
-4.410000e+00	1.834946e-05
-4.407500e+00	1.835651e-05
-4.405000e+00	1.836358e-05
-4.402500e+00	1.837064e-05
-4.400000e+00	1.837771e-05
-4.397500e+00	1.838478e-05
-4.395000e+00	1.839186e-05
-4.392500e+00	1.839894e-05
-4.390000e+00	1.840603e-05
-4.387500e+00	1.841312e-05
-4.385000e+00	1.842021e-05
-4.382500e+00	1.842731e-05
-4.380000e+00	1.843442e-05
-4.377500e+00	1.844152e-05
-4.375000e+00	1.844863e-05
-4.372500e+00	1.845575e-05
-4.370000e+00	1.846287e-05
-4.367500e+00	1.846999e-05
-4.365000e+00	1.847712e-05
-4.362500e+00	1.848425e-05
-4.360000e+00	1.849139e-05
-4.357500e+00	1.849853e-05
-4.355000e+00	1.850567e-05
-4.352500e+00	1.851282e-05
-4.350000e+00	1.851998e-05
-4.347500e+00	1.852713e-05
-4.345000e+00	1.853430e-05
-4.342500e+00	1.854146e-05
-4.340000e+00	1.854863e-05
-4.337500e+00	1.855581e-05
-4.335000e+00	1.856298e-05
-4.332500e+00	1.857017e-05
-4.330000e+00	1.857735e-05
-4.327500e+00	1.858455e-05
-4.325000e+00	1.859174e-05
-4.322500e+00	1.859894e-05
-4.320000e+00	1.860614e-05
-4.317500e+00	1.861335e-05
-4.315000e+00	1.862057e-05
-4.312500e+00	1.862778e-05
-4.310000e+00	1.863500e-05
-4.307500e+00	1.864223e-05
-4.305000e+00	1.864946e-05
-4.302500e+00	1.865669e-05
-4.300000e+00	1.866393e-05
-4.297500e+00	1.867117e-05
-4.295000e+00	1.867842e-05
-4.292500e+00	1.868567e-05
-4.290000e+00	1.869293e-05
-4.287500e+00	1.870019e-05
-4.285000e+00	1.870745e-05
-4.282500e+00	1.871472e-05
-4.280000e+00	1.872199e-05
-4.277500e+00	1.872927e-05
-4.275000e+00	1.873655e-05
-4.272500e+00	1.874383e-05
-4.270000e+00	1.875112e-05
-4.267500e+00	1.875842e-05
-4.265000e+00	1.876572e-05
-4.262500e+00	1.877302e-05
-4.260000e+00	1.878033e-05
-4.257500e+00	1.878764e-05
-4.255000e+00	1.879495e-05
-4.252500e+00	1.880228e-05
-4.250000e+00	1.880960e-05
-4.247500e+00	1.881693e-05
-4.245000e+00	1.882426e-05
-4.242500e+00	1.883160e-05
-4.240000e+00	1.883894e-05
-4.237500e+00	1.884629e-05
-4.235000e+00	1.885364e-05
-4.232500e+00	1.886099e-05
-4.230000e+00	1.886835e-05
-4.227500e+00	1.887572e-05
-4.225000e+00	1.888309e-05
-4.222500e+00	1.889046e-05
-4.220000e+00	1.889784e-05
-4.217500e+00	1.890522e-05
-4.215000e+00	1.891260e-05
-4.212500e+00	1.892000e-05
-4.210000e+00	1.892739e-05
-4.207500e+00	1.893479e-05
-4.205000e+00	1.894219e-05
-4.202500e+00	1.894960e-05
-4.200000e+00	1.895701e-05
-4.197500e+00	1.896443e-05
-4.195000e+00	1.897185e-05
-4.192500e+00	1.897928e-05
-4.190000e+00	1.898671e-05
-4.187500e+00	1.899414e-05
-4.185000e+00	1.900158e-05
-4.182500e+00	1.900903e-05
-4.180000e+00	1.901647e-05
-4.177500e+00	1.902393e-05
-4.175000e+00	1.903138e-05
-4.172500e+00	1.903885e-05
-4.170000e+00	1.904631e-05
-4.167500e+00	1.905378e-05
-4.165000e+00	1.906126e-05
-4.162500e+00	1.906874e-05
-4.160000e+00	1.907622e-05
-4.157500e+00	1.908371e-05
-4.155000e+00	1.909120e-05
-4.152500e+00	1.909870e-05
-4.150000e+00	1.910620e-05
-4.147500e+00	1.911371e-05
-4.145000e+00	1.912122e-05
-4.142500e+00	1.912873e-05
-4.140000e+00	1.913625e-05
-4.137500e+00	1.914378e-05
-4.135000e+00	1.915131e-05
-4.132500e+00	1.915884e-05
-4.130000e+00	1.916638e-05
-4.127500e+00	1.917392e-05
-4.125000e+00	1.918147e-05
-4.122500e+00	1.918902e-05
-4.120000e+00	1.919658e-05
-4.117500e+00	1.920414e-05
-4.115000e+00	1.921170e-05
-4.112500e+00	1.921927e-05
-4.110000e+00	1.922685e-05
-4.107500e+00	1.923443e-05
-4.105000e+00	1.924201e-05
-4.102500e+00	1.924960e-05
-4.100000e+00	1.925719e-05
-4.097500e+00	1.926479e-05
-4.095000e+00	1.927239e-05
-4.092500e+00	1.928000e-05
-4.090000e+00	1.928761e-05
-4.087500e+00	1.929522e-05
-4.085000e+00	1.930284e-05
-4.082500e+00	1.931047e-05
-4.080000e+00	1.931810e-05
-4.077500e+00	1.932573e-05
-4.075000e+00	1.933337e-05
-4.072500e+00	1.934101e-05
-4.070000e+00	1.934866e-05
-4.067500e+00	1.935631e-05
-4.065000e+00	1.936397e-05
-4.062500e+00	1.937163e-05
-4.060000e+00	1.937930e-05
-4.057500e+00	1.938697e-05
-4.055000e+00	1.939465e-05
-4.052500e+00	1.940233e-05
-4.050000e+00	1.941001e-05
-4.047500e+00	1.941770e-05
-4.045000e+00	1.942540e-05
-4.042500e+00	1.943310e-05
-4.040000e+00	1.944080e-05
-4.037500e+00	1.944851e-05
-4.035000e+00	1.945622e-05
-4.032500e+00	1.946394e-05
-4.030000e+00	1.947166e-05
-4.027500e+00	1.947939e-05
-4.025000e+00	1.948712e-05
-4.022500e+00	1.949486e-05
-4.020000e+00	1.950260e-05
-4.017500e+00	1.951034e-05
-4.015000e+00	1.951809e-05
-4.012500e+00	1.952585e-05
-4.010000e+00	1.953361e-05
-4.007500e+00	1.954138e-05
-4.005000e+00	1.954914e-05
-4.002500e+00	1.955692e-05
-4.000000e+00	1.956470e-05
-3.997500e+00	1.957248e-05
-3.995000e+00	1.958027e-05
-3.992500e+00	1.958806e-05
-3.990000e+00	1.959586e-05
-3.987500e+00	1.960366e-05
-3.985000e+00	1.961147e-05
-3.982500e+00	1.961928e-05
-3.980000e+00	1.962710e-05
-3.977500e+00	1.963492e-05
-3.975000e+00	1.964275e-05
-3.972500e+00	1.965058e-05
-3.970000e+00	1.965842e-05
-3.967500e+00	1.966626e-05
-3.965000e+00	1.967410e-05
-3.962500e+00	1.968195e-05
-3.960000e+00	1.968981e-05
-3.957500e+00	1.969767e-05
-3.955000e+00	1.970553e-05
-3.952500e+00	1.971340e-05
-3.950000e+00	1.972128e-05
-3.947500e+00	1.972916e-05
-3.945000e+00	1.973704e-05
-3.942500e+00	1.974493e-05
-3.940000e+00	1.975283e-05
-3.937500e+00	1.976072e-05
-3.935000e+00	1.976863e-05
-3.932500e+00	1.977654e-05
-3.930000e+00	1.978445e-05
-3.927500e+00	1.979237e-05
-3.925000e+00	1.980029e-05
-3.922500e+00	1.980822e-05
-3.920000e+00	1.981615e-05
-3.917500e+00	1.982409e-05
-3.915000e+00	1.983203e-05
-3.912500e+00	1.983998e-05
-3.910000e+00	1.984793e-05
-3.907500e+00	1.985589e-05
-3.905000e+00	1.986385e-05
-3.902500e+00	1.987182e-05
-3.900000e+00	1.987979e-05
-3.897500e+00	1.988776e-05
-3.895000e+00	1.989574e-05
-3.892500e+00	1.990373e-05
-3.890000e+00	1.991172e-05
-3.887500e+00	1.991972e-05
-3.885000e+00	1.992772e-05
-3.882500e+00	1.993573e-05
-3.880000e+00	1.994374e-05
-3.877500e+00	1.995175e-05
-3.875000e+00	1.995977e-05
-3.872500e+00	1.996780e-05
-3.870000e+00	1.997583e-05
-3.867500e+00	1.998387e-05
-3.865000e+00	1.999191e-05
-3.862500e+00	1.999995e-05
-3.860000e+00	2.000800e-05
-3.857500e+00	2.001606e-05
-3.855000e+00	2.002412e-05
-3.852500e+00	2.003218e-05
-3.850000e+00	2.004026e-05
-3.847500e+00	2.004833e-05
-3.845000e+00	2.005641e-05
-3.842500e+00	2.006450e-05
-3.840000e+00	2.007259e-05
-3.837500e+00	2.008068e-05
-3.835000e+00	2.008878e-05
-3.832500e+00	2.009689e-05
-3.830000e+00	2.010500e-05
-3.827500e+00	2.011311e-05
-3.825000e+00	2.012123e-05
-3.822500e+00	2.012936e-05
-3.820000e+00	2.013749e-05
-3.817500e+00	2.014563e-05
-3.815000e+00	2.015377e-05
-3.812500e+00	2.016191e-05
-3.810000e+00	2.017006e-05
-3.807500e+00	2.017822e-05
-3.805000e+00	2.018638e-05
-3.802500e+00	2.019455e-05
-3.800000e+00	2.020272e-05
-3.797500e+00	2.021089e-05
-3.795000e+00	2.021907e-05
-3.792500e+00	2.022726e-05
-3.790000e+00	2.023545e-05
-3.787500e+00	2.024365e-05
-3.785000e+00	2.025185e-05
-3.782500e+00	2.026006e-05
-3.780000e+00	2.026827e-05
-3.777500e+00	2.027648e-05
-3.775000e+00	2.028471e-05
-3.772500e+00	2.029293e-05
-3.770000e+00	2.030117e-05
-3.767500e+00	2.030940e-05
-3.765000e+00	2.031765e-05
-3.762500e+00	2.032589e-05
-3.760000e+00	2.033415e-05
-3.757500e+00	2.034240e-05
-3.755000e+00	2.035067e-05
-3.752500e+00	2.035893e-05
-3.750000e+00	2.036721e-05
-3.747500e+00	2.037549e-05
-3.745000e+00	2.038377e-05
-3.742500e+00	2.039206e-05
-3.740000e+00	2.040035e-05
-3.737500e+00	2.040865e-05
-3.735000e+00	2.041696e-05
-3.732500e+00	2.042527e-05
-3.730000e+00	2.043358e-05
-3.727500e+00	2.044190e-05
-3.725000e+00	2.045022e-05
-3.722500e+00	2.045855e-05
-3.720000e+00	2.046689e-05
-3.717500e+00	2.047523e-05
-3.715000e+00	2.048358e-05
-3.712500e+00	2.049193e-05
-3.710000e+00	2.050028e-05
-3.707500e+00	2.050865e-05
-3.705000e+00	2.051701e-05
-3.702500e+00	2.052538e-05
-3.700000e+00	2.053376e-05
-3.697500e+00	2.054214e-05
-3.695000e+00	2.055053e-05
-3.692500e+00	2.055893e-05
-3.690000e+00	2.056732e-05
-3.687500e+00	2.057573e-05
-3.685000e+00	2.058414e-05
-3.682500e+00	2.059255e-05
-3.680000e+00	2.060097e-05
-3.677500e+00	2.060939e-05
-3.675000e+00	2.061782e-05
-3.672500e+00	2.062626e-05
-3.670000e+00	2.063470e-05
-3.667500e+00	2.064315e-05
-3.665000e+00	2.065160e-05
-3.662500e+00	2.066005e-05
-3.660000e+00	2.066852e-05
-3.657500e+00	2.067698e-05
-3.655000e+00	2.068546e-05
-3.652500e+00	2.069393e-05
-3.650000e+00	2.070242e-05
-3.647500e+00	2.071090e-05
-3.645000e+00	2.071940e-05
-3.642500e+00	2.072790e-05
-3.640000e+00	2.073640e-05
-3.637500e+00	2.074491e-05
-3.635000e+00	2.075343e-05
-3.632500e+00	2.076195e-05
-3.630000e+00	2.077047e-05
-3.627500e+00	2.077901e-05
-3.625000e+00	2.078754e-05
-3.622500e+00	2.079608e-05
-3.620000e+00	2.080463e-05
-3.617500e+00	2.081318e-05
-3.615000e+00	2.082174e-05
-3.612500e+00	2.083031e-05
-3.610000e+00	2.083888e-05
-3.607500e+00	2.084745e-05
-3.605000e+00	2.085603e-05
-3.602500e+00	2.086462e-05
-3.600000e+00	2.087321e-05
-3.597500e+00	2.088180e-05
-3.595000e+00	2.089040e-05
-3.592500e+00	2.089901e-05
-3.590000e+00	2.090762e-05
-3.587500e+00	2.091624e-05
-3.585000e+00	2.092487e-05
-3.582500e+00	2.093350e-05
-3.580000e+00	2.094213e-05
-3.577500e+00	2.095077e-05
-3.575000e+00	2.095942e-05
-3.572500e+00	2.096807e-05
-3.570000e+00	2.097672e-05
-3.567500e+00	2.098538e-05
-3.565000e+00	2.099405e-05
-3.562500e+00	2.100272e-05
-3.560000e+00	2.101140e-05
-3.557500e+00	2.102009e-05
-3.555000e+00	2.102878e-05
-3.552500e+00	2.103747e-05
-3.550000e+00	2.104617e-05
-3.547500e+00	2.105488e-05
-3.545000e+00	2.106359e-05
-3.542500e+00	2.107231e-05
-3.540000e+00	2.108103e-05
-3.537500e+00	2.108976e-05
-3.535000e+00	2.109849e-05
-3.532500e+00	2.110723e-05
-3.530000e+00	2.111598e-05
-3.527500e+00	2.112473e-05
-3.525000e+00	2.113348e-05
-3.522500e+00	2.114224e-05
-3.520000e+00	2.115101e-05
-3.517500e+00	2.115978e-05
-3.515000e+00	2.116856e-05
-3.512500e+00	2.117735e-05
-3.510000e+00	2.118614e-05
-3.507500e+00	2.119493e-05
-3.505000e+00	2.120373e-05
-3.502500e+00	2.121254e-05
-3.500000e+00	2.122135e-05
-3.497500e+00	2.123017e-05
-3.495000e+00	2.123899e-05
-3.492500e+00	2.124782e-05
-3.490000e+00	2.125666e-05
-3.487500e+00	2.126550e-05
-3.485000e+00	2.127434e-05
-3.482500e+00	2.128319e-05
-3.480000e+00	2.129205e-05
-3.477500e+00	2.130091e-05
-3.475000e+00	2.130978e-05
-3.472500e+00	2.131866e-05
-3.470000e+00	2.132754e-05
-3.467500e+00	2.133642e-05
-3.465000e+00	2.134531e-05
-3.462500e+00	2.135421e-05
-3.460000e+00	2.136311e-05
-3.457500e+00	2.137202e-05
-3.455000e+00	2.138094e-05
-3.452500e+00	2.138986e-05
-3.450000e+00	2.139878e-05
-3.447500e+00	2.140771e-05
-3.445000e+00	2.141665e-05
-3.442500e+00	2.142559e-05
-3.440000e+00	2.143454e-05
-3.437500e+00	2.144350e-05
-3.435000e+00	2.145246e-05
-3.432500e+00	2.146142e-05
-3.430000e+00	2.147039e-05
-3.427500e+00	2.147937e-05
-3.425000e+00	2.148836e-05
-3.422500e+00	2.149734e-05
-3.420000e+00	2.150634e-05
-3.417500e+00	2.151534e-05
-3.415000e+00	2.152435e-05
-3.412500e+00	2.153336e-05
-3.410000e+00	2.154238e-05
-3.407500e+00	2.155140e-05
-3.405000e+00	2.156043e-05
-3.402500e+00	2.156947e-05
-3.400000e+00	2.157851e-05
-3.397500e+00	2.158755e-05
-3.395000e+00	2.159661e-05
-3.392500e+00	2.160567e-05
-3.390000e+00	2.161473e-05
-3.387500e+00	2.162380e-05
-3.385000e+00	2.163288e-05
-3.382500e+00	2.164196e-05
-3.380000e+00	2.165105e-05
-3.377500e+00	2.166014e-05
-3.375000e+00	2.166924e-05
-3.372500e+00	2.167835e-05
-3.370000e+00	2.168746e-05
-3.367500e+00	2.169658e-05
-3.365000e+00	2.170570e-05
-3.362500e+00	2.171483e-05
-3.360000e+00	2.172397e-05
-3.357500e+00	2.173311e-05
-3.355000e+00	2.174226e-05
-3.352500e+00	2.175141e-05
-3.350000e+00	2.176057e-05
-3.347500e+00	2.176973e-05
-3.345000e+00	2.177890e-05
-3.342500e+00	2.178808e-05
-3.340000e+00	2.179726e-05
-3.337500e+00	2.180645e-05
-3.335000e+00	2.181565e-05
-3.332500e+00	2.182485e-05
-3.330000e+00	2.183405e-05
-3.327500e+00	2.184327e-05
-3.325000e+00	2.185249e-05
-3.322500e+00	2.186171e-05
-3.320000e+00	2.187094e-05
-3.317500e+00	2.188018e-05
-3.315000e+00	2.188942e-05
-3.312500e+00	2.189867e-05
-3.310000e+00	2.190793e-05
-3.307500e+00	2.191719e-05
-3.305000e+00	2.192645e-05
-3.302500e+00	2.193573e-05
-3.300000e+00	2.194501e-05
-3.297500e+00	2.195429e-05
-3.295000e+00	2.196358e-05
-3.292500e+00	2.197288e-05
-3.290000e+00	2.198218e-05
-3.287500e+00	2.199149e-05
-3.285000e+00	2.200081e-05
-3.282500e+00	2.201013e-05
-3.280000e+00	2.201946e-05
-3.277500e+00	2.202879e-05
-3.275000e+00	2.203813e-05
-3.272500e+00	2.204748e-05
-3.270000e+00	2.205683e-05
-3.267500e+00	2.206619e-05
-3.265000e+00	2.207555e-05
-3.262500e+00	2.208492e-05
-3.260000e+00	2.209430e-05
-3.257500e+00	2.210368e-05
-3.255000e+00	2.211307e-05
-3.252500e+00	2.212246e-05
-3.250000e+00	2.213186e-05
-3.247500e+00	2.214127e-05
-3.245000e+00	2.215069e-05
-3.242500e+00	2.216011e-05
-3.240000e+00	2.216953e-05
-3.237500e+00	2.217896e-05
-3.235000e+00	2.218840e-05
-3.232500e+00	2.219785e-05
-3.230000e+00	2.220730e-05
-3.227500e+00	2.221675e-05
-3.225000e+00	2.222622e-05
-3.222500e+00	2.223569e-05
-3.220000e+00	2.224516e-05
-3.217500e+00	2.225464e-05
-3.215000e+00	2.226413e-05
-3.212500e+00	2.227363e-05
-3.210000e+00	2.228313e-05
-3.207500e+00	2.229263e-05
-3.205000e+00	2.230215e-05
-3.202500e+00	2.231166e-05
-3.200000e+00	2.232119e-05
-3.197500e+00	2.233072e-05
-3.195000e+00	2.234026e-05
-3.192500e+00	2.234980e-05
-3.190000e+00	2.235936e-05
-3.187500e+00	2.236891e-05
-3.185000e+00	2.237848e-05
-3.182500e+00	2.238805e-05
-3.180000e+00	2.239762e-05
-3.177500e+00	2.240720e-05
-3.175000e+00	2.241679e-05
-3.172500e+00	2.242639e-05
-3.170000e+00	2.243599e-05
-3.167500e+00	2.244560e-05
-3.165000e+00	2.245521e-05
-3.162500e+00	2.246483e-05
-3.160000e+00	2.247446e-05
-3.157500e+00	2.248409e-05
-3.155000e+00	2.249373e-05
-3.152500e+00	2.250338e-05
-3.150000e+00	2.251303e-05
-3.147500e+00	2.252269e-05
-3.145000e+00	2.253235e-05
-3.142500e+00	2.254202e-05
-3.140000e+00	2.255170e-05
-3.137500e+00	2.256139e-05
-3.135000e+00	2.257108e-05
-3.132500e+00	2.258077e-05
-3.130000e+00	2.259048e-05
-3.127500e+00	2.260019e-05
-3.125000e+00	2.260990e-05
-3.122500e+00	2.261963e-05
-3.120000e+00	2.262936e-05
-3.117500e+00	2.263909e-05
-3.115000e+00	2.264883e-05
-3.112500e+00	2.265858e-05
-3.110000e+00	2.266834e-05
-3.107500e+00	2.267810e-05
-3.105000e+00	2.268787e-05
-3.102500e+00	2.269764e-05
-3.100000e+00	2.270743e-05
-3.097500e+00	2.271721e-05
-3.095000e+00	2.272701e-05
-3.092500e+00	2.273681e-05
-3.090000e+00	2.274662e-05
-3.087500e+00	2.275643e-05
-3.085000e+00	2.276625e-05
-3.082500e+00	2.277608e-05
-3.080000e+00	2.278591e-05
-3.077500e+00	2.279575e-05
-3.075000e+00	2.280560e-05
-3.072500e+00	2.281545e-05
-3.070000e+00	2.282531e-05
-3.067500e+00	2.283518e-05
-3.065000e+00	2.284505e-05
-3.062500e+00	2.285493e-05
-3.060000e+00	2.286482e-05
-3.057500e+00	2.287471e-05
-3.055000e+00	2.288461e-05
-3.052500e+00	2.289452e-05
-3.050000e+00	2.290443e-05
-3.047500e+00	2.291435e-05
-3.045000e+00	2.292428e-05
-3.042500e+00	2.293421e-05
-3.040000e+00	2.294415e-05
-3.037500e+00	2.295409e-05
-3.035000e+00	2.296405e-05
-3.032500e+00	2.297401e-05
-3.030000e+00	2.298397e-05
-3.027500e+00	2.299395e-05
-3.025000e+00	2.300393e-05
-3.022500e+00	2.301391e-05
-3.020000e+00	2.302390e-05
-3.017500e+00	2.303390e-05
-3.015000e+00	2.304391e-05
-3.012500e+00	2.305392e-05
-3.010000e+00	2.306394e-05
-3.007500e+00	2.307397e-05
-3.005000e+00	2.308400e-05
-3.002500e+00	2.309404e-05
-3.000000e+00	2.310409e-05
-2.997500e+00	2.311415e-05
-2.995000e+00	2.312421e-05
-2.992500e+00	2.313427e-05
-2.990000e+00	2.314435e-05
-2.987500e+00	2.315443e-05
-2.985000e+00	2.316452e-05
-2.982500e+00	2.317461e-05
-2.980000e+00	2.318471e-05
-2.977500e+00	2.319482e-05
-2.975000e+00	2.320493e-05
-2.972500e+00	2.321506e-05
-2.970000e+00	2.322518e-05
-2.967500e+00	2.323532e-05
-2.965000e+00	2.324546e-05
-2.962500e+00	2.325561e-05
-2.960000e+00	2.326577e-05
-2.957500e+00	2.327593e-05
-2.955000e+00	2.328610e-05
-2.952500e+00	2.329628e-05
-2.950000e+00	2.330646e-05
-2.947500e+00	2.331665e-05
-2.945000e+00	2.332685e-05
-2.942500e+00	2.333705e-05
-2.940000e+00	2.334726e-05
-2.937500e+00	2.335748e-05
-2.935000e+00	2.336771e-05
-2.932500e+00	2.337794e-05
-2.930000e+00	2.338818e-05
-2.927500e+00	2.339842e-05
-2.925000e+00	2.340868e-05
-2.922500e+00	2.341894e-05
-2.920000e+00	2.342920e-05
-2.917500e+00	2.343948e-05
-2.915000e+00	2.344976e-05
-2.912500e+00	2.346005e-05
-2.910000e+00	2.347034e-05
-2.907500e+00	2.348064e-05
-2.905000e+00	2.349095e-05
-2.902500e+00	2.350127e-05
-2.900000e+00	2.351159e-05
-2.897500e+00	2.352192e-05
-2.895000e+00	2.353226e-05
-2.892500e+00	2.354260e-05
-2.890000e+00	2.355295e-05
-2.887500e+00	2.356331e-05
-2.885000e+00	2.357368e-05
-2.882500e+00	2.358405e-05
-2.880000e+00	2.359443e-05
-2.877500e+00	2.360481e-05
-2.875000e+00	2.361521e-05
-2.872500e+00	2.362561e-05
-2.870000e+00	2.363602e-05
-2.867500e+00	2.364643e-05
-2.865000e+00	2.365685e-05
-2.862500e+00	2.366728e-05
-2.860000e+00	2.367772e-05
-2.857500e+00	2.368816e-05
-2.855000e+00	2.369861e-05
-2.852500e+00	2.370907e-05
-2.850000e+00	2.371953e-05
-2.847500e+00	2.373001e-05
-2.845000e+00	2.374049e-05
-2.842500e+00	2.375097e-05
-2.840000e+00	2.376147e-05
-2.837500e+00	2.377197e-05
-2.835000e+00	2.378247e-05
-2.832500e+00	2.379299e-05
-2.830000e+00	2.380351e-05
-2.827500e+00	2.381404e-05
-2.825000e+00	2.382458e-05
-2.822500e+00	2.383512e-05
-2.820000e+00	2.384567e-05
-2.817500e+00	2.385623e-05
-2.815000e+00	2.386680e-05
-2.812500e+00	2.387737e-05
-2.810000e+00	2.388795e-05
-2.807500e+00	2.389854e-05
-2.805000e+00	2.390913e-05
-2.802500e+00	2.391974e-05
-2.800000e+00	2.393035e-05
-2.797500e+00	2.394096e-05
-2.795000e+00	2.395159e-05
-2.792500e+00	2.396222e-05
-2.790000e+00	2.397286e-05
-2.787500e+00	2.398350e-05
-2.785000e+00	2.399416e-05
-2.782500e+00	2.400482e-05
-2.780000e+00	2.401549e-05
-2.777500e+00	2.402616e-05
-2.775000e+00	2.403685e-05
-2.772500e+00	2.404754e-05
-2.770000e+00	2.405823e-05
-2.767500e+00	2.406894e-05
-2.765000e+00	2.407965e-05
-2.762500e+00	2.409037e-05
-2.760000e+00	2.410110e-05
-2.757500e+00	2.411183e-05
-2.755000e+00	2.412258e-05
-2.752500e+00	2.413333e-05
-2.750000e+00	2.414408e-05
-2.747500e+00	2.415485e-05
-2.745000e+00	2.416562e-05
-2.742500e+00	2.417640e-05
-2.740000e+00	2.418719e-05
-2.737500e+00	2.419798e-05
-2.735000e+00	2.420878e-05
-2.732500e+00	2.421959e-05
-2.730000e+00	2.423041e-05
-2.727500e+00	2.424124e-05
-2.725000e+00	2.425207e-05
-2.722500e+00	2.426291e-05
-2.720000e+00	2.427375e-05
-2.717500e+00	2.428461e-05
-2.715000e+00	2.429547e-05
-2.712500e+00	2.430634e-05
-2.710000e+00	2.431722e-05
-2.707500e+00	2.432810e-05
-2.705000e+00	2.433900e-05
-2.702500e+00	2.434990e-05
-2.700000e+00	2.436080e-05
-2.697500e+00	2.437172e-05
-2.695000e+00	2.438264e-05
-2.692500e+00	2.439357e-05
-2.690000e+00	2.440451e-05
-2.687500e+00	2.441546e-05
-2.685000e+00	2.442641e-05
-2.682500e+00	2.443737e-05
-2.680000e+00	2.444834e-05
-2.677500e+00	2.445932e-05
-2.675000e+00	2.447030e-05
-2.672500e+00	2.448129e-05
-2.670000e+00	2.449229e-05
-2.667500e+00	2.450330e-05
-2.665000e+00	2.451432e-05
-2.662500e+00	2.452534e-05
-2.660000e+00	2.453637e-05
-2.657500e+00	2.454741e-05
-2.655000e+00	2.455845e-05
-2.652500e+00	2.456951e-05
-2.650000e+00	2.458057e-05
-2.647500e+00	2.459164e-05
-2.645000e+00	2.460271e-05
-2.642500e+00	2.461380e-05
-2.640000e+00	2.462489e-05
-2.637500e+00	2.463599e-05
-2.635000e+00	2.464710e-05
-2.632500e+00	2.465822e-05
-2.630000e+00	2.466934e-05
-2.627500e+00	2.468047e-05
-2.625000e+00	2.469161e-05
-2.622500e+00	2.470276e-05
-2.620000e+00	2.471391e-05
-2.617500e+00	2.472507e-05
-2.615000e+00	2.473625e-05
-2.612500e+00	2.474742e-05
-2.610000e+00	2.475861e-05
-2.607500e+00	2.476981e-05
-2.605000e+00	2.478101e-05
-2.602500e+00	2.479222e-05
-2.600000e+00	2.480344e-05
-2.597500e+00	2.481466e-05
-2.595000e+00	2.482590e-05
-2.592500e+00	2.483714e-05
-2.590000e+00	2.484839e-05
-2.587500e+00	2.485965e-05
-2.585000e+00	2.487091e-05
-2.582500e+00	2.488218e-05
-2.580000e+00	2.489347e-05
-2.577500e+00	2.490476e-05
-2.575000e+00	2.491605e-05
-2.572500e+00	2.492736e-05
-2.570000e+00	2.493867e-05
-2.567500e+00	2.494999e-05
-2.565000e+00	2.496132e-05
-2.562500e+00	2.497266e-05
-2.560000e+00	2.498401e-05
-2.557500e+00	2.499536e-05
-2.555000e+00	2.500672e-05
-2.552500e+00	2.501809e-05
-2.550000e+00	2.502947e-05
-2.547500e+00	2.504086e-05
-2.545000e+00	2.505225e-05
-2.542500e+00	2.506365e-05
-2.540000e+00	2.507506e-05
-2.537500e+00	2.508648e-05
-2.535000e+00	2.509791e-05
-2.532500e+00	2.510934e-05
-2.530000e+00	2.512079e-05
-2.527500e+00	2.513224e-05
-2.525000e+00	2.514370e-05
-2.522500e+00	2.515516e-05
-2.520000e+00	2.516664e-05
-2.517500e+00	2.517812e-05
-2.515000e+00	2.518962e-05
-2.512500e+00	2.520112e-05
-2.510000e+00	2.521262e-05
-2.507500e+00	2.522414e-05
-2.505000e+00	2.523567e-05
-2.502500e+00	2.524720e-05
-2.500000e+00	2.525874e-05
-2.497500e+00	2.527029e-05
-2.495000e+00	2.528185e-05
-2.492500e+00	2.529341e-05
-2.490000e+00	2.530499e-05
-2.487500e+00	2.531657e-05
-2.485000e+00	2.532816e-05
-2.482500e+00	2.533976e-05
-2.480000e+00	2.535137e-05
-2.477500e+00	2.536298e-05
-2.475000e+00	2.537461e-05
-2.472500e+00	2.538624e-05
-2.470000e+00	2.539788e-05
-2.467500e+00	2.540953e-05
-2.465000e+00	2.542119e-05
-2.462500e+00	2.543285e-05
-2.460000e+00	2.544453e-05
-2.457500e+00	2.545621e-05
-2.455000e+00	2.546790e-05
-2.452500e+00	2.547960e-05
-2.450000e+00	2.549131e-05
-2.447500e+00	2.550302e-05
-2.445000e+00	2.551475e-05
-2.442500e+00	2.552648e-05
-2.440000e+00	2.553822e-05
-2.437500e+00	2.554997e-05
-2.435000e+00	2.556173e-05
-2.432500e+00	2.557350e-05
-2.430000e+00	2.558527e-05
-2.427500e+00	2.559706e-05
-2.425000e+00	2.560885e-05
-2.422500e+00	2.562065e-05
-2.420000e+00	2.563246e-05
-2.417500e+00	2.564428e-05
-2.415000e+00	2.565610e-05
-2.412500e+00	2.566794e-05
-2.410000e+00	2.567978e-05
-2.407500e+00	2.569163e-05
-2.405000e+00	2.570349e-05
-2.402500e+00	2.571536e-05
-2.400000e+00	2.572724e-05
-2.397500e+00	2.573913e-05
-2.395000e+00	2.575102e-05
-2.392500e+00	2.576293e-05
-2.390000e+00	2.577484e-05
-2.387500e+00	2.578676e-05
-2.385000e+00	2.579869e-05
-2.382500e+00	2.581063e-05
-2.380000e+00	2.582257e-05
-2.377500e+00	2.583453e-05
-2.375000e+00	2.584649e-05
-2.372500e+00	2.585847e-05
-2.370000e+00	2.587045e-05
-2.367500e+00	2.588244e-05
-2.365000e+00	2.589444e-05
-2.362500e+00	2.590645e-05
-2.360000e+00	2.591846e-05
-2.357500e+00	2.593049e-05
-2.355000e+00	2.594252e-05
-2.352500e+00	2.595456e-05
-2.350000e+00	2.596662e-05
-2.347500e+00	2.597868e-05
-2.345000e+00	2.599074e-05
-2.342500e+00	2.600282e-05
-2.340000e+00	2.601491e-05
-2.337500e+00	2.602700e-05
-2.335000e+00	2.603911e-05
-2.332500e+00	2.605122e-05
-2.330000e+00	2.606334e-05
-2.327500e+00	2.607547e-05
-2.325000e+00	2.608761e-05
-2.322500e+00	2.609976e-05
-2.320000e+00	2.611192e-05
-2.317500e+00	2.612409e-05
-2.315000e+00	2.613626e-05
-2.312500e+00	2.614845e-05
-2.310000e+00	2.616064e-05
-2.307500e+00	2.617284e-05
-2.305000e+00	2.618505e-05
-2.302500e+00	2.619727e-05
-2.300000e+00	2.620950e-05
-2.297500e+00	2.622174e-05
-2.295000e+00	2.623399e-05
-2.292500e+00	2.624624e-05
-2.290000e+00	2.625851e-05
-2.287500e+00	2.627078e-05
-2.285000e+00	2.628306e-05
-2.282500e+00	2.629535e-05
-2.280000e+00	2.630766e-05
-2.277500e+00	2.631997e-05
-2.275000e+00	2.633228e-05
-2.272500e+00	2.634461e-05
-2.270000e+00	2.635695e-05
-2.267500e+00	2.636930e-05
-2.265000e+00	2.638165e-05
-2.262500e+00	2.639402e-05
-2.260000e+00	2.640639e-05
-2.257500e+00	2.641877e-05
-2.255000e+00	2.643116e-05
-2.252500e+00	2.644356e-05
-2.250000e+00	2.645597e-05
-2.247500e+00	2.646839e-05
-2.245000e+00	2.648082e-05
-2.242500e+00	2.649326e-05
-2.240000e+00	2.650571e-05
-2.237500e+00	2.651816e-05
-2.235000e+00	2.653063e-05
-2.232500e+00	2.654310e-05
-2.230000e+00	2.655558e-05
-2.227500e+00	2.656808e-05
-2.225000e+00	2.658058e-05
-2.222500e+00	2.659309e-05
-2.220000e+00	2.660561e-05
-2.217500e+00	2.661814e-05
-2.215000e+00	2.663068e-05
-2.212500e+00	2.664323e-05
-2.210000e+00	2.665579e-05
-2.207500e+00	2.666835e-05
-2.205000e+00	2.668093e-05
-2.202500e+00	2.669352e-05
-2.200000e+00	2.670611e-05
-2.197500e+00	2.671872e-05
-2.195000e+00	2.673133e-05
-2.192500e+00	2.674395e-05
-2.190000e+00	2.675659e-05
-2.187500e+00	2.676923e-05
-2.185000e+00	2.678188e-05
-2.182500e+00	2.679454e-05
-2.180000e+00	2.680721e-05
-2.177500e+00	2.681989e-05
-2.175000e+00	2.683258e-05
-2.172500e+00	2.684528e-05
-2.170000e+00	2.685799e-05
-2.167500e+00	2.687070e-05
-2.165000e+00	2.688343e-05
-2.162500e+00	2.689617e-05
-2.160000e+00	2.690891e-05
-2.157500e+00	2.692167e-05
-2.155000e+00	2.693443e-05
-2.152500e+00	2.694721e-05
-2.150000e+00	2.695999e-05
-2.147500e+00	2.697279e-05
-2.145000e+00	2.698559e-05
-2.142500e+00	2.699840e-05
-2.140000e+00	2.701123e-05
-2.137500e+00	2.702406e-05
-2.135000e+00	2.703690e-05
-2.132500e+00	2.704975e-05
-2.130000e+00	2.706261e-05
-2.127500e+00	2.707548e-05
-2.125000e+00	2.708836e-05
-2.122500e+00	2.710125e-05
-2.120000e+00	2.711415e-05
-2.117500e+00	2.712706e-05
-2.115000e+00	2.713998e-05
-2.112500e+00	2.715291e-05
-2.110000e+00	2.716585e-05
-2.107500e+00	2.717880e-05
-2.105000e+00	2.719176e-05
-2.102500e+00	2.720472e-05
-2.100000e+00	2.721770e-05
-2.097500e+00	2.723069e-05
-2.095000e+00	2.724369e-05
-2.092500e+00	2.725669e-05
-2.090000e+00	2.726971e-05
-2.087500e+00	2.728274e-05
-2.085000e+00	2.729577e-05
-2.082500e+00	2.730882e-05
-2.080000e+00	2.732187e-05
-2.077500e+00	2.733494e-05
-2.075000e+00	2.734802e-05
-2.072500e+00	2.736110e-05
-2.070000e+00	2.737420e-05
-2.067500e+00	2.738730e-05
-2.065000e+00	2.740042e-05
-2.062500e+00	2.741354e-05
-2.060000e+00	2.742668e-05
-2.057500e+00	2.743982e-05
-2.055000e+00	2.745298e-05
-2.052500e+00	2.746615e-05
-2.050000e+00	2.747932e-05
-2.047500e+00	2.749251e-05
-2.045000e+00	2.750570e-05
-2.042500e+00	2.751891e-05
-2.040000e+00	2.753212e-05
-2.037500e+00	2.754535e-05
-2.035000e+00	2.755858e-05
-2.032500e+00	2.757183e-05
-2.030000e+00	2.758508e-05
-2.027500e+00	2.759835e-05
-2.025000e+00	2.761163e-05
-2.022500e+00	2.762491e-05
-2.020000e+00	2.763821e-05
-2.017500e+00	2.765151e-05
-2.015000e+00	2.766483e-05
-2.012500e+00	2.767816e-05
-2.010000e+00	2.769149e-05
-2.007500e+00	2.770484e-05
-2.005000e+00	2.771820e-05
-2.002500e+00	2.773156e-05
-2.000000e+00	2.774494e-05
-1.997500e+00	2.775833e-05
-1.995000e+00	2.777173e-05
-1.992500e+00	2.778513e-05
-1.990000e+00	2.779855e-05
-1.987500e+00	2.781198e-05
-1.985000e+00	2.782542e-05
-1.982500e+00	2.783887e-05
-1.980000e+00	2.785233e-05
-1.977500e+00	2.786580e-05
-1.975000e+00	2.787928e-05
-1.972500e+00	2.789277e-05
-1.970000e+00	2.790627e-05
-1.967500e+00	2.791978e-05
-1.965000e+00	2.793330e-05
-1.962500e+00	2.794684e-05
-1.960000e+00	2.796038e-05
-1.957500e+00	2.797393e-05
-1.955000e+00	2.798749e-05
-1.952500e+00	2.800107e-05
-1.950000e+00	2.801465e-05
-1.947500e+00	2.802825e-05
-1.945000e+00	2.804185e-05
-1.942500e+00	2.805547e-05
-1.940000e+00	2.806909e-05
-1.937500e+00	2.808273e-05
-1.935000e+00	2.809638e-05
-1.932500e+00	2.811003e-05
-1.930000e+00	2.812370e-05
-1.927500e+00	2.813738e-05
-1.925000e+00	2.815107e-05
-1.922500e+00	2.816477e-05
-1.920000e+00	2.817848e-05
-1.917500e+00	2.819220e-05
-1.915000e+00	2.820593e-05
-1.912500e+00	2.821967e-05
-1.910000e+00	2.823343e-05
-1.907500e+00	2.824719e-05
-1.905000e+00	2.826097e-05
-1.902500e+00	2.827475e-05
-1.900000e+00	2.828855e-05
-1.897500e+00	2.830235e-05
-1.895000e+00	2.831617e-05
-1.892500e+00	2.833000e-05
-1.890000e+00	2.834384e-05
-1.887500e+00	2.835769e-05
-1.885000e+00	2.837155e-05
-1.882500e+00	2.838542e-05
-1.880000e+00	2.839930e-05
-1.877500e+00	2.841319e-05
-1.875000e+00	2.842709e-05
-1.872500e+00	2.844101e-05
-1.870000e+00	2.845493e-05
-1.867500e+00	2.846887e-05
-1.865000e+00	2.848281e-05
-1.862500e+00	2.849677e-05
-1.860000e+00	2.851074e-05
-1.857500e+00	2.852472e-05
-1.855000e+00	2.853871e-05
-1.852500e+00	2.855271e-05
-1.850000e+00	2.856672e-05
-1.847500e+00	2.858075e-05
-1.845000e+00	2.859478e-05
-1.842500e+00	2.860882e-05
-1.840000e+00	2.862288e-05
-1.837500e+00	2.863695e-05
-1.835000e+00	2.865103e-05
-1.832500e+00	2.866511e-05
-1.830000e+00	2.867921e-05
-1.827500e+00	2.869333e-05
-1.825000e+00	2.870745e-05
-1.822500e+00	2.872158e-05
-1.820000e+00	2.873573e-05
-1.817500e+00	2.874988e-05
-1.815000e+00	2.876405e-05
-1.812500e+00	2.877822e-05
-1.810000e+00	2.879241e-05
-1.807500e+00	2.880661e-05
-1.805000e+00	2.882082e-05
-1.802500e+00	2.883505e-05
-1.800000e+00	2.884928e-05
-1.797500e+00	2.886353e-05
-1.795000e+00	2.887778e-05
-1.792500e+00	2.889205e-05
-1.790000e+00	2.890633e-05
-1.787500e+00	2.892062e-05
-1.785000e+00	2.893492e-05
-1.782500e+00	2.894923e-05
-1.780000e+00	2.896355e-05
-1.777500e+00	2.897789e-05
-1.775000e+00	2.899224e-05
-1.772500e+00	2.900659e-05
-1.770000e+00	2.902096e-05
-1.767500e+00	2.903534e-05
-1.765000e+00	2.904973e-05
-1.762500e+00	2.906414e-05
-1.760000e+00	2.907855e-05
-1.757500e+00	2.909298e-05
-1.755000e+00	2.910742e-05
-1.752500e+00	2.912186e-05
-1.750000e+00	2.913632e-05
-1.747500e+00	2.915080e-05
-1.745000e+00	2.916528e-05
-1.742500e+00	2.917977e-05
-1.740000e+00	2.919428e-05
-1.737500e+00	2.920880e-05
-1.735000e+00	2.922333e-05
-1.732500e+00	2.923787e-05
-1.730000e+00	2.925242e-05
-1.727500e+00	2.926699e-05
-1.725000e+00	2.928156e-05
-1.722500e+00	2.929615e-05
-1.720000e+00	2.931075e-05
-1.717500e+00	2.932536e-05
-1.715000e+00	2.933998e-05
-1.712500e+00	2.935462e-05
-1.710000e+00	2.936926e-05
-1.707500e+00	2.938392e-05
-1.705000e+00	2.939859e-05
-1.702500e+00	2.941327e-05
-1.700000e+00	2.942796e-05
-1.697500e+00	2.944267e-05
-1.695000e+00	2.945738e-05
-1.692500e+00	2.947211e-05
-1.690000e+00	2.948685e-05
-1.687500e+00	2.950160e-05
-1.685000e+00	2.951636e-05
-1.682500e+00	2.953114e-05
-1.680000e+00	2.954593e-05
-1.677500e+00	2.956073e-05
-1.675000e+00	2.957554e-05
-1.672500e+00	2.959036e-05
-1.670000e+00	2.960519e-05
-1.667500e+00	2.962004e-05
-1.665000e+00	2.963490e-05
-1.662500e+00	2.964977e-05
-1.660000e+00	2.966465e-05
-1.657500e+00	2.967955e-05
-1.655000e+00	2.969445e-05
-1.652500e+00	2.970937e-05
-1.650000e+00	2.972430e-05
-1.647500e+00	2.973925e-05
-1.645000e+00	2.975420e-05
-1.642500e+00	2.976917e-05
-1.640000e+00	2.978415e-05
-1.637500e+00	2.979914e-05
-1.635000e+00	2.981414e-05
-1.632500e+00	2.982916e-05
-1.630000e+00	2.984418e-05
-1.627500e+00	2.985922e-05
-1.625000e+00	2.987427e-05
-1.622500e+00	2.988934e-05
-1.620000e+00	2.990441e-05
-1.617500e+00	2.991950e-05
-1.615000e+00	2.993460e-05
-1.612500e+00	2.994972e-05
-1.610000e+00	2.996484e-05
-1.607500e+00	2.997998e-05
-1.605000e+00	2.999513e-05
-1.602500e+00	3.001029e-05
-1.600000e+00	3.002547e-05
-1.597500e+00	3.004065e-05
-1.595000e+00	3.005585e-05
-1.592500e+00	3.007106e-05
-1.590000e+00	3.008629e-05
-1.587500e+00	3.010152e-05
-1.585000e+00	3.011677e-05
-1.582500e+00	3.013203e-05
-1.580000e+00	3.014731e-05
-1.577500e+00	3.016259e-05
-1.575000e+00	3.017789e-05
-1.572500e+00	3.019320e-05
-1.570000e+00	3.020853e-05
-1.567500e+00	3.022386e-05
-1.565000e+00	3.023921e-05
-1.562500e+00	3.025457e-05
-1.560000e+00	3.026995e-05
-1.557500e+00	3.028533e-05
-1.555000e+00	3.030073e-05
-1.552500e+00	3.031614e-05
-1.550000e+00	3.033157e-05
-1.547500e+00	3.034700e-05
-1.545000e+00	3.036245e-05
-1.542500e+00	3.037792e-05
-1.540000e+00	3.039339e-05
-1.537500e+00	3.040888e-05
-1.535000e+00	3.042438e-05
-1.532500e+00	3.043989e-05
-1.530000e+00	3.045542e-05
-1.527500e+00	3.047096e-05
-1.525000e+00	3.048651e-05
-1.522500e+00	3.050207e-05
-1.520000e+00	3.051765e-05
-1.517500e+00	3.053324e-05
-1.515000e+00	3.054885e-05
-1.512500e+00	3.056446e-05
-1.510000e+00	3.058009e-05
-1.507500e+00	3.059573e-05
-1.505000e+00	3.061139e-05
-1.502500e+00	3.062705e-05
-1.500000e+00	3.064274e-05
-1.497500e+00	3.065843e-05
-1.495000e+00	3.067414e-05
-1.492500e+00	3.068985e-05
-1.490000e+00	3.070559e-05
-1.487500e+00	3.072133e-05
-1.485000e+00	3.073709e-05
-1.482500e+00	3.075286e-05
-1.480000e+00	3.076865e-05
-1.477500e+00	3.078445e-05
-1.475000e+00	3.080026e-05
-1.472500e+00	3.081608e-05
-1.470000e+00	3.083192e-05
-1.467500e+00	3.084777e-05
-1.465000e+00	3.086363e-05
-1.462500e+00	3.087951e-05
-1.460000e+00	3.089540e-05
-1.457500e+00	3.091131e-05
-1.455000e+00	3.092722e-05
-1.452500e+00	3.094315e-05
-1.450000e+00	3.095910e-05
-1.447500e+00	3.097505e-05
-1.445000e+00	3.099102e-05
-1.442500e+00	3.100701e-05
-1.440000e+00	3.102300e-05
-1.437500e+00	3.103901e-05
-1.435000e+00	3.105504e-05
-1.432500e+00	3.107107e-05
-1.430000e+00	3.108713e-05
-1.427500e+00	3.110319e-05
-1.425000e+00	3.111927e-05
-1.422500e+00	3.113536e-05
-1.420000e+00	3.115146e-05
-1.417500e+00	3.116758e-05
-1.415000e+00	3.118371e-05
-1.412500e+00	3.119986e-05
-1.410000e+00	3.121602e-05
-1.407500e+00	3.123219e-05
-1.405000e+00	3.124837e-05
-1.402500e+00	3.126457e-05
-1.400000e+00	3.128079e-05
-1.397500e+00	3.129701e-05
-1.395000e+00	3.131325e-05
-1.392500e+00	3.132951e-05
-1.390000e+00	3.134578e-05
-1.387500e+00	3.136206e-05
-1.385000e+00	3.137835e-05
-1.382500e+00	3.139466e-05
-1.380000e+00	3.141099e-05
-1.377500e+00	3.142732e-05
-1.375000e+00	3.144367e-05
-1.372500e+00	3.146004e-05
-1.370000e+00	3.147642e-05
-1.367500e+00	3.149281e-05
-1.365000e+00	3.150922e-05
-1.362500e+00	3.152564e-05
-1.360000e+00	3.154207e-05
-1.357500e+00	3.155852e-05
-1.355000e+00	3.157498e-05
-1.352500e+00	3.159146e-05
-1.350000e+00	3.160795e-05
-1.347500e+00	3.162445e-05
-1.345000e+00	3.164097e-05
-1.342500e+00	3.165750e-05
-1.340000e+00	3.167405e-05
-1.337500e+00	3.169061e-05
-1.335000e+00	3.170718e-05
-1.332500e+00	3.172377e-05
-1.330000e+00	3.174037e-05
-1.327500e+00	3.175699e-05
-1.325000e+00	3.177362e-05
-1.322500e+00	3.179027e-05
-1.320000e+00	3.180693e-05
-1.317500e+00	3.182360e-05
-1.315000e+00	3.184029e-05
-1.312500e+00	3.185699e-05
-1.310000e+00	3.187371e-05
-1.307500e+00	3.189044e-05
-1.305000e+00	3.190718e-05
-1.302500e+00	3.192394e-05
-1.300000e+00	3.194072e-05
-1.297500e+00	3.195751e-05
-1.295000e+00	3.197431e-05
-1.292500e+00	3.199113e-05
-1.290000e+00	3.200796e-05
-1.287500e+00	3.202481e-05
-1.285000e+00	3.204167e-05
-1.282500e+00	3.205854e-05
-1.280000e+00	3.207543e-05
-1.277500e+00	3.209234e-05
-1.275000e+00	3.210926e-05
-1.272500e+00	3.212619e-05
-1.270000e+00	3.214314e-05
-1.267500e+00	3.216010e-05
-1.265000e+00	3.217708e-05
-1.262500e+00	3.219407e-05
-1.260000e+00	3.221108e-05
-1.257500e+00	3.222810e-05
-1.255000e+00	3.224514e-05
-1.252500e+00	3.226219e-05
-1.250000e+00	3.227926e-05
-1.247500e+00	3.229634e-05
-1.245000e+00	3.231343e-05
-1.242500e+00	3.233055e-05
-1.240000e+00	3.234767e-05
-1.237500e+00	3.236481e-05
-1.235000e+00	3.238197e-05
-1.232500e+00	3.239914e-05
-1.230000e+00	3.241632e-05
-1.227500e+00	3.243352e-05
-1.225000e+00	3.245074e-05
-1.222500e+00	3.246797e-05
-1.220000e+00	3.248521e-05
-1.217500e+00	3.250247e-05
-1.215000e+00	3.251975e-05
-1.212500e+00	3.253704e-05
-1.210000e+00	3.255435e-05
-1.207500e+00	3.257167e-05
-1.205000e+00	3.258900e-05
-1.202500e+00	3.260635e-05
-1.200000e+00	3.262372e-05
-1.197500e+00	3.264110e-05
-1.195000e+00	3.265850e-05
-1.192500e+00	3.267591e-05
-1.190000e+00	3.269334e-05
-1.187500e+00	3.271078e-05
-1.185000e+00	3.272824e-05
-1.182500e+00	3.274571e-05
-1.180000e+00	3.276320e-05
-1.177500e+00	3.278071e-05
-1.175000e+00	3.279823e-05
-1.172500e+00	3.281576e-05
-1.170000e+00	3.283331e-05
-1.167500e+00	3.285088e-05
-1.165000e+00	3.286846e-05
-1.162500e+00	3.288606e-05
-1.160000e+00	3.290367e-05
-1.157500e+00	3.292130e-05
-1.155000e+00	3.293894e-05
-1.152500e+00	3.295660e-05
-1.150000e+00	3.297427e-05
-1.147500e+00	3.299196e-05
-1.145000e+00	3.300967e-05
-1.142500e+00	3.302739e-05
-1.140000e+00	3.304513e-05
-1.137500e+00	3.306288e-05
-1.135000e+00	3.308065e-05
-1.132500e+00	3.309844e-05
-1.130000e+00	3.311624e-05
-1.127500e+00	3.313406e-05
-1.125000e+00	3.315189e-05
-1.122500e+00	3.316974e-05
-1.120000e+00	3.318760e-05
-1.117500e+00	3.320548e-05
-1.115000e+00	3.322338e-05
-1.112500e+00	3.324129e-05
-1.110000e+00	3.325922e-05
-1.107500e+00	3.327716e-05
-1.105000e+00	3.329512e-05
-1.102500e+00	3.331310e-05
-1.100000e+00	3.333109e-05
-1.097500e+00	3.334910e-05
-1.095000e+00	3.336712e-05
-1.092500e+00	3.338516e-05
-1.090000e+00	3.340322e-05
-1.087500e+00	3.342129e-05
-1.085000e+00	3.343938e-05
-1.082500e+00	3.345749e-05
-1.080000e+00	3.347561e-05
-1.077500e+00	3.349375e-05
-1.075000e+00	3.351190e-05
-1.072500e+00	3.353007e-05
-1.070000e+00	3.354826e-05
-1.067500e+00	3.356646e-05
-1.065000e+00	3.358468e-05
-1.062500e+00	3.360292e-05
-1.060000e+00	3.362117e-05
-1.057500e+00	3.363944e-05
-1.055000e+00	3.365773e-05
-1.052500e+00	3.367603e-05
-1.050000e+00	3.369435e-05
-1.047500e+00	3.371268e-05
-1.045000e+00	3.373103e-05
-1.042500e+00	3.374940e-05
-1.040000e+00	3.376779e-05
-1.037500e+00	3.378619e-05
-1.035000e+00	3.380461e-05
-1.032500e+00	3.382304e-05
-1.030000e+00	3.384150e-05
-1.027500e+00	3.385997e-05
-1.025000e+00	3.387845e-05
-1.022500e+00	3.389695e-05
-1.020000e+00	3.391547e-05
-1.017500e+00	3.393401e-05
-1.015000e+00	3.395256e-05
-1.012500e+00	3.397113e-05
-1.010000e+00	3.398972e-05
-1.007500e+00	3.400832e-05
-1.005000e+00	3.402694e-05
-1.002500e+00	3.404558e-05
-1.000000e+00	3.406424e-05
-9.975000e-01	3.408291e-05
-9.950000e-01	3.410160e-05
-9.925000e-01	3.412030e-05
-9.900000e-01	3.413903e-05
-9.875000e-01	3.415777e-05
-9.850000e-01	3.417653e-05
-9.825000e-01	3.419530e-05
-9.800000e-01	3.421409e-05
-9.775000e-01	3.423290e-05
-9.750000e-01	3.425173e-05
-9.725000e-01	3.427057e-05
-9.700000e-01	3.428944e-05
-9.675000e-01	3.430831e-05
-9.650000e-01	3.432721e-05
-9.625000e-01	3.434612e-05
-9.600000e-01	3.436506e-05
-9.575000e-01	3.438400e-05
-9.550000e-01	3.440297e-05
-9.525000e-01	3.442195e-05
-9.500000e-01	3.444096e-05
-9.475000e-01	3.445998e-05
-9.450000e-01	3.447901e-05
-9.425000e-01	3.449807e-05
-9.400000e-01	3.451714e-05
-9.375000e-01	3.453623e-05
-9.350000e-01	3.455533e-05
-9.325000e-01	3.457446e-05
-9.300000e-01	3.459360e-05
-9.275000e-01	3.461276e-05
-9.250000e-01	3.463194e-05
-9.225000e-01	3.465114e-05
-9.200000e-01	3.467035e-05
-9.175000e-01	3.468958e-05
-9.150000e-01	3.470883e-05
-9.125000e-01	3.472810e-05
-9.100000e-01	3.474739e-05
-9.075000e-01	3.476669e-05
-9.050000e-01	3.478601e-05
-9.025000e-01	3.480535e-05
-9.000000e-01	3.482471e-05
-8.975000e-01	3.484409e-05
-8.950000e-01	3.486348e-05
-8.925000e-01	3.488290e-05
-8.900000e-01	3.490233e-05
-8.875000e-01	3.492178e-05
-8.850000e-01	3.494124e-05
-8.825000e-01	3.496073e-05
-8.800000e-01	3.498023e-05
-8.775000e-01	3.499976e-05
-8.750000e-01	3.501930e-05
-8.725000e-01	3.503886e-05
-8.700000e-01	3.505843e-05
-8.675000e-01	3.507803e-05
-8.650000e-01	3.509765e-05
-8.625000e-01	3.511728e-05
-8.600000e-01	3.513693e-05
-8.575000e-01	3.515660e-05
-8.550000e-01	3.517629e-05
-8.525000e-01	3.519600e-05
-8.500000e-01	3.521572e-05
-8.475000e-01	3.523547e-05
-8.450000e-01	3.525523e-05
-8.425000e-01	3.527502e-05
-8.400000e-01	3.529482e-05
-8.375000e-01	3.531464e-05
-8.350000e-01	3.533448e-05
-8.325000e-01	3.535433e-05
-8.300000e-01	3.537421e-05
-8.275000e-01	3.539411e-05
-8.250000e-01	3.541402e-05
-8.225000e-01	3.543396e-05
-8.200000e-01	3.545391e-05
-8.175000e-01	3.547388e-05
-8.150000e-01	3.549387e-05
-8.125000e-01	3.551388e-05
-8.100000e-01	3.553391e-05
-8.075000e-01	3.555396e-05
-8.050000e-01	3.557403e-05
-8.025000e-01	3.559411e-05
-8.000000e-01	3.561422e-05
-7.975000e-01	3.563435e-05
-7.950000e-01	3.565449e-05
-7.925000e-01	3.567465e-05
-7.900000e-01	3.569484e-05
-7.875000e-01	3.571504e-05
-7.850000e-01	3.573526e-05
-7.825000e-01	3.575551e-05
-7.800000e-01	3.577577e-05
-7.775000e-01	3.579605e-05
-7.750000e-01	3.581635e-05
-7.725000e-01	3.583667e-05
-7.700000e-01	3.585701e-05
-7.675000e-01	3.587737e-05
-7.650000e-01	3.589775e-05
-7.625000e-01	3.591815e-05
-7.600000e-01	3.593857e-05
-7.575000e-01	3.595901e-05
-7.550000e-01	3.597947e-05
-7.525000e-01	3.599994e-05
-7.500000e-01	3.602044e-05
-7.475000e-01	3.604096e-05
-7.450000e-01	3.606150e-05
-7.425000e-01	3.608206e-05
-7.400000e-01	3.610264e-05
-7.375000e-01	3.612323e-05
-7.350000e-01	3.614385e-05
-7.325000e-01	3.616449e-05
-7.300000e-01	3.618515e-05
-7.275000e-01	3.620583e-05
-7.250000e-01	3.622653e-05
-7.225000e-01	3.624725e-05
-7.200000e-01	3.626799e-05
-7.175000e-01	3.628875e-05
-7.150000e-01	3.630953e-05
-7.125000e-01	3.633033e-05
-7.100000e-01	3.635115e-05
-7.075000e-01	3.637199e-05
-7.050000e-01	3.639286e-05
-7.025000e-01	3.641374e-05
-7.000000e-01	3.643464e-05
-6.975000e-01	3.645557e-05
-6.950000e-01	3.647651e-05
-6.925000e-01	3.649748e-05
-6.900000e-01	3.651847e-05
-6.875000e-01	3.653947e-05
-6.850000e-01	3.656050e-05
-6.825000e-01	3.658155e-05
-6.800000e-01	3.660262e-05
-6.775000e-01	3.662371e-05
-6.750000e-01	3.664482e-05
-6.725000e-01	3.666595e-05
-6.700000e-01	3.668711e-05
-6.675000e-01	3.670828e-05
-6.650000e-01	3.672948e-05
-6.625000e-01	3.675069e-05
-6.600000e-01	3.677193e-05
-6.575000e-01	3.679319e-05
-6.550000e-01	3.681447e-05
-6.525000e-01	3.683577e-05
-6.500000e-01	3.685710e-05
-6.475000e-01	3.687844e-05
-6.450000e-01	3.689980e-05
-6.425000e-01	3.692119e-05
-6.400000e-01	3.694260e-05
-6.375000e-01	3.696403e-05
-6.350000e-01	3.698548e-05
-6.325000e-01	3.700695e-05
-6.300000e-01	3.702845e-05
-6.275000e-01	3.704996e-05
-6.250000e-01	3.707150e-05
-6.225000e-01	3.709306e-05
-6.200000e-01	3.711464e-05
-6.175000e-01	3.713625e-05
-6.150000e-01	3.715787e-05
-6.125000e-01	3.717952e-05
-6.100000e-01	3.720118e-05
-6.075000e-01	3.722288e-05
-6.050000e-01	3.724459e-05
-6.025000e-01	3.726632e-05
-6.000000e-01	3.728808e-05
-5.975000e-01	3.730986e-05
-5.950000e-01	3.733166e-05
-5.925000e-01	3.735348e-05
-5.900000e-01	3.737532e-05
-5.875000e-01	3.739719e-05
-5.850000e-01	3.741908e-05
-5.825000e-01	3.744099e-05
-5.800000e-01	3.746293e-05
-5.775000e-01	3.748488e-05
-5.750000e-01	3.750686e-05
-5.725000e-01	3.752886e-05
-5.700000e-01	3.755089e-05
-5.675000e-01	3.757293e-05
-5.650000e-01	3.759500e-05
-5.625000e-01	3.761710e-05
-5.600000e-01	3.763921e-05
-5.575000e-01	3.766135e-05
-5.550000e-01	3.768351e-05
-5.525000e-01	3.770569e-05
-5.500000e-01	3.772789e-05
-5.475000e-01	3.775012e-05
-5.450000e-01	3.777237e-05
-5.425000e-01	3.779465e-05
-5.400000e-01	3.781695e-05
-5.375000e-01	3.783927e-05
-5.350000e-01	3.786161e-05
-5.325000e-01	3.788398e-05
-5.300000e-01	3.790636e-05
-5.275000e-01	3.792878e-05
-5.250000e-01	3.795121e-05
-5.225000e-01	3.797367e-05
-5.200000e-01	3.799616e-05
-5.175000e-01	3.801866e-05
-5.150000e-01	3.804119e-05
-5.125000e-01	3.806374e-05
-5.100000e-01	3.808632e-05
-5.075000e-01	3.810892e-05
-5.050000e-01	3.813154e-05
-5.025000e-01	3.815419e-05
-5.000000e-01	3.817686e-05
-4.975000e-01	3.819956e-05
-4.950000e-01	3.822227e-05
-4.925000e-01	3.824502e-05
-4.900000e-01	3.826778e-05
-4.875000e-01	3.829057e-05
-4.850000e-01	3.831339e-05
-4.825000e-01	3.833622e-05
-4.800000e-01	3.835909e-05
-4.775000e-01	3.838197e-05
-4.750000e-01	3.840488e-05
-4.725000e-01	3.842782e-05
-4.700000e-01	3.845077e-05
-4.675000e-01	3.847376e-05
-4.650000e-01	3.849676e-05
-4.625000e-01	3.851980e-05
-4.600000e-01	3.854285e-05
-4.575000e-01	3.856593e-05
-4.550000e-01	3.858904e-05
-4.525000e-01	3.861217e-05
-4.500000e-01	3.863532e-05
-4.475000e-01	3.865850e-05
-4.450000e-01	3.868170e-05
-4.425000e-01	3.870493e-05
-4.400000e-01	3.872818e-05
-4.375000e-01	3.875146e-05
-4.350000e-01	3.877476e-05
-4.325000e-01	3.879809e-05
-4.300000e-01	3.882144e-05
-4.275000e-01	3.884482e-05
-4.250000e-01	3.886822e-05
-4.225000e-01	3.889164e-05
-4.200000e-01	3.891510e-05
-4.175000e-01	3.893857e-05
-4.150000e-01	3.896208e-05
-4.125000e-01	3.898561e-05
-4.100000e-01	3.900916e-05
-4.075000e-01	3.903274e-05
-4.050000e-01	3.905634e-05
-4.025000e-01	3.907997e-05
-4.000000e-01	3.910363e-05
-3.975000e-01	3.912731e-05
-3.950000e-01	3.915101e-05
-3.925000e-01	3.917474e-05
-3.900000e-01	3.919850e-05
-3.875000e-01	3.922229e-05
-3.850000e-01	3.924610e-05
-3.825000e-01	3.926993e-05
-3.800000e-01	3.929379e-05
-3.775000e-01	3.931768e-05
-3.750000e-01	3.934159e-05
-3.725000e-01	3.936553e-05
-3.700000e-01	3.938950e-05
-3.675000e-01	3.941349e-05
-3.650000e-01	3.943751e-05
-3.625000e-01	3.946155e-05
-3.600000e-01	3.948562e-05
-3.575000e-01	3.950972e-05
-3.550000e-01	3.953384e-05
-3.525000e-01	3.955799e-05
-3.500000e-01	3.958217e-05
-3.475000e-01	3.960637e-05
-3.450000e-01	3.963060e-05
-3.425000e-01	3.965485e-05
-3.400000e-01	3.967914e-05
-3.375000e-01	3.970345e-05
-3.350000e-01	3.972778e-05
-3.325000e-01	3.975215e-05
-3.300000e-01	3.977654e-05
-3.275000e-01	3.980095e-05
-3.250000e-01	3.982540e-05
-3.225000e-01	3.984987e-05
-3.200000e-01	3.987437e-05
-3.175000e-01	3.989890e-05
-3.150000e-01	3.992345e-05
-3.125000e-01	3.994803e-05
-3.100000e-01	3.997264e-05
-3.075000e-01	3.999728e-05
-3.050000e-01	4.002194e-05
-3.025000e-01	4.004663e-05
-3.000000e-01	4.007135e-05
-2.975000e-01	4.009609e-05
-2.950000e-01	4.012087e-05
-2.925000e-01	4.014567e-05
-2.900000e-01	4.017050e-05
-2.875000e-01	4.019536e-05
-2.850000e-01	4.022024e-05
-2.825000e-01	4.024516e-05
-2.800000e-01	4.027010e-05
-2.775000e-01	4.029507e-05
-2.750000e-01	4.032007e-05
-2.725000e-01	4.034509e-05
-2.700000e-01	4.037015e-05
-2.675000e-01	4.039523e-05
-2.650000e-01	4.042034e-05
-2.625000e-01	4.044548e-05
-2.600000e-01	4.047065e-05
-2.575000e-01	4.049585e-05
-2.550000e-01	4.052107e-05
-2.525000e-01	4.054633e-05
-2.500000e-01	4.057161e-05
-2.475000e-01	4.059692e-05
-2.450000e-01	4.062226e-05
-2.425000e-01	4.064763e-05
-2.400000e-01	4.067303e-05
-2.375000e-01	4.069846e-05
-2.350000e-01	4.072392e-05
-2.325000e-01	4.074941e-05
-2.300000e-01	4.077492e-05
-2.275000e-01	4.080047e-05
-2.250000e-01	4.082604e-05
-2.225000e-01	4.085165e-05
-2.200000e-01	4.087728e-05
-2.175000e-01	4.090294e-05
-2.150000e-01	4.092864e-05
-2.125000e-01	4.095436e-05
-2.100000e-01	4.098011e-05
-2.075000e-01	4.100590e-05
-2.050000e-01	4.103171e-05
-2.025000e-01	4.105755e-05
-2.000000e-01	4.108342e-05
-1.975000e-01	4.110933e-05
-1.950000e-01	4.113526e-05
-1.925000e-01	4.116122e-05
-1.900000e-01	4.118722e-05
-1.875000e-01	4.121324e-05
-1.850000e-01	4.123929e-05
-1.825000e-01	4.126538e-05
-1.800000e-01	4.129150e-05
-1.775000e-01	4.131764e-05
-1.750000e-01	4.134382e-05
-1.725000e-01	4.137003e-05
-1.700000e-01	4.139626e-05
-1.675000e-01	4.142253e-05
-1.650000e-01	4.144883e-05
-1.625000e-01	4.147517e-05
-1.600000e-01	4.150153e-05
-1.575000e-01	4.152792e-05
-1.550000e-01	4.155435e-05
-1.525000e-01	4.158080e-05
-1.500000e-01	4.160729e-05
-1.475000e-01	4.163381e-05
-1.450000e-01	4.166036e-05
-1.425000e-01	4.168695e-05
-1.400000e-01	4.171356e-05
-1.375000e-01	4.174021e-05
-1.350000e-01	4.176688e-05
-1.325000e-01	4.179359e-05
-1.300000e-01	4.182034e-05
-1.275000e-01	4.184711e-05
-1.250000e-01	4.187392e-05
-1.225000e-01	4.190075e-05
-1.200000e-01	4.192762e-05
-1.175000e-01	4.195453e-05
-1.150000e-01	4.198146e-05
-1.125000e-01	4.200843e-05
-1.100000e-01	4.203543e-05
-1.075000e-01	4.206246e-05
-1.050000e-01	4.208953e-05
-1.025000e-01	4.211663e-05
-1.000000e-01	4.214376e-05
-9.750000e-02	4.217092e-05
-9.500000e-02	4.219812e-05
-9.250000e-02	4.222535e-05
-9.000000e-02	4.225262e-05
-8.750000e-02	4.227991e-05
-8.500000e-02	4.230724e-05
-8.250000e-02	4.233461e-05
-8.000000e-02	4.236200e-05
-7.750000e-02	4.238944e-05
-7.500000e-02	4.241690e-05
-7.250000e-02	4.244440e-05
-7.000000e-02	4.247193e-05
-6.750000e-02	4.249950e-05
-6.500000e-02	4.252710e-05
-6.250000e-02	4.255473e-05
-6.000000e-02	4.258240e-05
-5.750000e-02	4.261010e-05
-5.500000e-02	4.263784e-05
-5.250000e-02	4.266561e-05
-5.000000e-02	4.269341e-05
-4.750000e-02	4.272125e-05
-4.500000e-02	4.274913e-05
-4.250000e-02	4.277704e-05
-4.000000e-02	4.280498e-05
-3.750000e-02	4.283296e-05
-3.500000e-02	4.286097e-05
-3.250000e-02	4.288902e-05
-3.000000e-02	4.291711e-05
-2.750000e-02	4.294523e-05
-2.500000e-02	4.297338e-05
-2.250000e-02	4.300157e-05
-2.000000e-02	4.302980e-05
-1.750000e-02	4.305806e-05
-1.500000e-02	4.308635e-05
-1.250000e-02	4.311469e-05
-1.000000e-02	4.314305e-05
-7.500000e-03	4.317146e-05
-5.000000e-03	4.319990e-05
-2.500000e-03	4.322838e-05
9.379164e-13	4.325689e-05
2.500000e-03	4.328544e-05
5.000000e-03	4.331402e-05
7.500000e-03	4.334264e-05
1.000000e-02	4.337130e-05
1.250000e-02	4.340000e-05
1.500000e-02	4.342873e-05
1.750000e-02	4.345749e-05
2.000000e-02	4.348630e-05
2.250000e-02	4.351514e-05
2.500000e-02	4.354402e-05
2.750000e-02	4.357294e-05
3.000000e-02	4.360189e-05
3.250000e-02	4.363088e-05
3.500000e-02	4.365991e-05
3.750000e-02	4.368898e-05
4.000000e-02	4.371808e-05
4.250000e-02	4.374722e-05
4.500000e-02	4.377640e-05
4.750000e-02	4.380562e-05
5.000000e-02	4.383487e-05
5.250000e-02	4.386417e-05
5.500000e-02	4.389350e-05
5.750000e-02	4.392287e-05
6.000000e-02	4.395228e-05
6.250000e-02	4.398172e-05
6.500000e-02	4.401121e-05
6.750000e-02	4.404073e-05
7.000000e-02	4.407030e-05
7.250000e-02	4.409990e-05
7.500000e-02	4.412954e-05
7.750000e-02	4.415922e-05
8.000000e-02	4.418894e-05
8.250000e-02	4.421870e-05
8.500000e-02	4.424849e-05
8.750000e-02	4.427833e-05
9.000000e-02	4.430821e-05
9.250000e-02	4.433813e-05
9.500000e-02	4.436808e-05
9.750000e-02	4.439808e-05
1.000000e-01	4.442812e-05
1.025000e-01	4.445820e-05
1.050000e-01	4.448831e-05
1.075000e-01	4.451847e-05
1.100000e-01	4.454867e-05
1.125000e-01	4.457891e-05
1.150000e-01	4.460919e-05
1.175000e-01	4.463951e-05
1.200000e-01	4.466987e-05
1.225000e-01	4.470027e-05
1.250000e-01	4.473072e-05
1.275000e-01	4.476120e-05
1.300000e-01	4.479173e-05
1.325000e-01	4.482230e-05
1.350000e-01	4.485291e-05
1.375000e-01	4.488356e-05
1.400000e-01	4.491425e-05
1.425000e-01	4.494499e-05
1.450000e-01	4.497576e-05
1.475000e-01	4.500658e-05
1.500000e-01	4.503744e-05
1.525000e-01	4.506835e-05
1.550000e-01	4.509929e-05
1.575000e-01	4.513028e-05
1.600000e-01	4.516132e-05
1.625000e-01	4.519239e-05
1.650000e-01	4.522351e-05
1.675000e-01	4.525467e-05
1.700000e-01	4.528587e-05
1.725000e-01	4.531712e-05
1.750000e-01	4.534841e-05
1.775000e-01	4.537975e-05
1.800000e-01	4.541113e-05
1.825000e-01	4.544255e-05
1.850000e-01	4.547402e-05
1.875000e-01	4.550553e-05
1.900000e-01	4.553708e-05
1.925000e-01	4.556868e-05
1.950000e-01	4.560032e-05
1.975000e-01	4.563201e-05
2.000000e-01	4.566375e-05
2.025000e-01	4.569552e-05
2.050000e-01	4.572735e-05
2.075000e-01	4.575921e-05
2.100000e-01	4.579113e-05
2.125000e-01	4.582309e-05
2.150000e-01	4.585509e-05
2.175000e-01	4.588714e-05
2.200000e-01	4.591924e-05
2.225000e-01	4.595138e-05
2.250000e-01	4.598357e-05
2.275000e-01	4.601580e-05
2.300000e-01	4.604808e-05
2.325000e-01	4.608041e-05
2.350000e-01	4.611278e-05
2.375000e-01	4.614520e-05
2.400000e-01	4.617767e-05
2.425000e-01	4.621018e-05
2.450000e-01	4.624274e-05
2.475000e-01	4.627535e-05
2.500000e-01	4.630801e-05
2.525000e-01	4.634071e-05
2.550000e-01	4.637346e-05
2.575000e-01	4.640626e-05
2.600000e-01	4.643911e-05
2.625000e-01	4.647201e-05
2.650000e-01	4.650495e-05
2.675000e-01	4.653794e-05
2.700000e-01	4.657098e-05
2.725000e-01	4.660407e-05
2.750000e-01	4.663721e-05
2.775000e-01	4.667040e-05
2.800000e-01	4.670364e-05
2.825000e-01	4.673692e-05
2.850000e-01	4.677026e-05
2.875000e-01	4.680364e-05
2.900000e-01	4.683708e-05
2.925000e-01	4.687056e-05
2.950000e-01	4.690410e-05
2.975000e-01	4.693769e-05
3.000000e-01	4.697132e-05
3.025000e-01	4.700501e-05
3.050000e-01	4.703875e-05
3.075000e-01	4.707253e-05
3.100000e-01	4.710637e-05
3.125000e-01	4.714026e-05
3.150000e-01	4.717421e-05
3.175000e-01	4.720820e-05
3.200000e-01	4.724224e-05
3.225000e-01	4.727634e-05
3.250000e-01	4.731049e-05
3.275000e-01	4.734469e-05
3.300000e-01	4.737895e-05
3.325000e-01	4.741325e-05
3.350000e-01	4.744761e-05
3.375000e-01	4.748202e-05
3.400000e-01	4.751649e-05
3.425000e-01	4.755101e-05
3.450000e-01	4.758558e-05
3.475000e-01	4.762020e-05
3.500000e-01	4.765488e-05
3.525000e-01	4.768962e-05
3.550000e-01	4.772440e-05
3.575000e-01	4.775924e-05
3.600000e-01	4.779414e-05
3.625000e-01	4.782909e-05
3.650000e-01	4.786410e-05
3.675000e-01	4.789916e-05
3.700000e-01	4.793427e-05
3.725000e-01	4.796944e-05
3.750000e-01	4.800467e-05
3.775000e-01	4.803995e-05
3.800000e-01	4.807529e-05
3.825000e-01	4.811068e-05
3.850000e-01	4.814613e-05
3.875000e-01	4.818164e-05
3.900000e-01	4.821720e-05
3.925000e-01	4.825282e-05
3.950000e-01	4.828850e-05
3.975000e-01	4.832424e-05
4.000000e-01	4.836003e-05
4.025000e-01	4.839588e-05
4.050000e-01	4.843178e-05
4.075000e-01	4.846775e-05
4.100000e-01	4.850377e-05
4.125000e-01	4.853986e-05
4.150000e-01	4.857600e-05
4.175000e-01	4.861220e-05
4.200000e-01	4.864846e-05
4.225000e-01	4.868477e-05
4.250000e-01	4.872115e-05
4.275000e-01	4.875759e-05
4.300000e-01	4.879409e-05
4.325000e-01	4.883064e-05
4.350000e-01	4.886726e-05
4.375000e-01	4.890394e-05
4.400000e-01	4.894068e-05
4.425000e-01	4.897748e-05
4.450000e-01	4.901434e-05
4.475000e-01	4.905126e-05
4.500000e-01	4.908824e-05
4.525000e-01	4.912529e-05
4.550000e-01	4.916240e-05
4.575000e-01	4.919957e-05
4.600000e-01	4.923680e-05
4.625000e-01	4.927409e-05
4.650000e-01	4.931145e-05
4.675000e-01	4.934887e-05
4.700000e-01	4.938636e-05
4.725000e-01	4.942390e-05
4.750000e-01	4.946152e-05
4.775000e-01	4.949919e-05
4.800000e-01	4.953693e-05
4.825000e-01	4.957474e-05
4.850000e-01	4.961261e-05
4.875000e-01	4.965054e-05
4.900000e-01	4.968854e-05
4.925000e-01	4.972661e-05
4.950000e-01	4.976474e-05
4.975000e-01	4.980293e-05
5.000000e-01	4.984120e-05
5.025000e-01	4.987953e-05
5.050000e-01	4.991792e-05
5.075000e-01	4.995639e-05
5.100000e-01	4.999492e-05
5.125000e-01	5.003351e-05
5.150000e-01	5.007218e-05
5.175000e-01	5.011091e-05
5.200000e-01	5.014972e-05
5.225000e-01	5.018859e-05
5.250000e-01	5.022753e-05
5.275000e-01	5.026653e-05
5.300000e-01	5.030561e-05
5.325000e-01	5.034476e-05
5.350000e-01	5.038398e-05
5.375000e-01	5.042326e-05
5.400000e-01	5.046262e-05
5.425000e-01	5.050205e-05
5.450000e-01	5.054155e-05
5.475000e-01	5.058112e-05
5.500000e-01	5.062076e-05
5.525000e-01	5.066048e-05
5.550000e-01	5.070026e-05
5.575000e-01	5.074012e-05
5.600000e-01	5.078005e-05
5.625000e-01	5.082005e-05
5.650000e-01	5.086013e-05
5.675000e-01	5.090028e-05
5.700000e-01	5.094050e-05
5.725000e-01	5.098080e-05
5.750000e-01	5.102118e-05
5.775000e-01	5.106162e-05
5.800000e-01	5.110214e-05
5.825000e-01	5.114274e-05
5.850000e-01	5.118341e-05
5.875000e-01	5.122416e-05
5.900000e-01	5.126499e-05
5.925000e-01	5.130589e-05
5.950000e-01	5.134687e-05
5.975000e-01	5.138792e-05
6.000000e-01	5.142906e-05
6.025000e-01	5.147027e-05
6.050000e-01	5.151156e-05
6.075000e-01	5.155292e-05
6.100000e-01	5.159437e-05
6.125000e-01	5.163590e-05
6.150000e-01	5.167750e-05
6.175000e-01	5.171918e-05
6.200000e-01	5.176095e-05
6.225000e-01	5.180279e-05
6.250000e-01	5.184472e-05
6.275000e-01	5.188672e-05
6.300000e-01	5.192881e-05
6.325000e-01	5.197098e-05
6.350000e-01	5.201323e-05
6.375000e-01	5.205557e-05
6.400000e-01	5.209799e-05
6.425000e-01	5.214049e-05
6.450000e-01	5.218307e-05
6.475000e-01	5.222574e-05
6.500000e-01	5.226849e-05
6.525000e-01	5.231133e-05
6.550000e-01	5.235425e-05
6.575000e-01	5.239726e-05
6.600000e-01	5.244035e-05
6.625000e-01	5.248353e-05
6.650000e-01	5.252679e-05
6.675000e-01	5.257014e-05
6.700000e-01	5.261358e-05
6.725000e-01	5.265711e-05
6.750000e-01	5.270073e-05
6.775000e-01	5.274443e-05
6.800000e-01	5.278822e-05
6.825000e-01	5.283210e-05
6.850000e-01	5.287608e-05
6.875000e-01	5.292014e-05
6.900000e-01	5.296429e-05
6.925000e-01	5.300853e-05
6.950000e-01	5.305286e-05
6.975000e-01	5.309729e-05
7.000000e-01	5.314181e-05
7.025000e-01	5.318642e-05
7.050000e-01	5.323112e-05
7.075000e-01	5.327592e-05
7.100000e-01	5.332081e-05
7.125000e-01	5.336579e-05
7.150000e-01	5.341087e-05
7.175000e-01	5.345605e-05
7.200000e-01	5.350131e-05
7.225000e-01	5.354668e-05
7.250000e-01	5.359214e-05
7.275000e-01	5.363770e-05
7.300000e-01	5.368336e-05
7.325000e-01	5.372911e-05
7.350000e-01	5.377496e-05
7.375000e-01	5.382092e-05
7.400000e-01	5.386697e-05
7.425000e-01	5.391312e-05
7.450000e-01	5.395937e-05
7.475000e-01	5.400572e-05
7.500000e-01	5.405217e-05
7.525000e-01	5.409872e-05
7.550000e-01	5.414538e-05
7.575000e-01	5.419214e-05
7.600000e-01	5.423900e-05
7.625000e-01	5.428596e-05
7.650000e-01	5.433303e-05
7.675000e-01	5.438021e-05
7.700000e-01	5.442749e-05
7.725000e-01	5.447487e-05
7.750000e-01	5.452236e-05
7.775000e-01	5.456996e-05
7.800000e-01	5.461766e-05
7.825000e-01	5.466547e-05
7.850000e-01	5.471340e-05
7.875000e-01	5.476142e-05
7.900000e-01	5.480956e-05
7.925000e-01	5.485781e-05
7.950000e-01	5.490617e-05
7.975000e-01	5.495464e-05
8.000000e-01	5.500322e-05
8.025000e-01	5.505192e-05
8.050000e-01	5.510073e-05
8.075000e-01	5.514965e-05
8.100000e-01	5.519868e-05
8.125000e-01	5.524783e-05
8.150000e-01	5.529709e-05
8.175000e-01	5.534647e-05
8.200000e-01	5.539597e-05
8.225000e-01	5.544558e-05
8.250000e-01	5.549531e-05
8.275000e-01	5.554516e-05
8.300000e-01	5.559513e-05
8.325000e-01	5.564521e-05
8.350000e-01	5.569542e-05
8.375000e-01	5.574575e-05
8.400000e-01	5.579620e-05
8.425000e-01	5.584677e-05
8.450000e-01	5.589746e-05
8.475000e-01	5.594828e-05
8.500000e-01	5.599922e-05
8.525000e-01	5.605028e-05
8.550000e-01	5.610147e-05
8.575000e-01	5.615279e-05
8.600000e-01	5.620423e-05
8.625000e-01	5.625580e-05
8.650000e-01	5.630750e-05
8.675000e-01	5.635933e-05
8.700000e-01	5.641129e-05
8.725000e-01	5.646337e-05
8.750000e-01	5.651559e-05
8.775000e-01	5.656794e-05
8.800000e-01	5.662042e-05
8.825000e-01	5.667303e-05
8.850000e-01	5.672578e-05
8.875000e-01	5.677867e-05
8.900000e-01	5.683168e-05
8.925000e-01	5.688484e-05
8.950000e-01	5.693813e-05
8.975000e-01	5.699156e-05
9.000000e-01	5.704513e-05
9.025000e-01	5.709883e-05
9.050000e-01	5.715268e-05
9.075000e-01	5.720667e-05
9.100000e-01	5.726080e-05
9.125000e-01	5.731507e-05
9.150000e-01	5.736948e-05
9.175000e-01	5.742404e-05
9.200000e-01	5.747875e-05
9.225000e-01	5.753360e-05
9.250000e-01	5.758859e-05
9.275000e-01	5.764374e-05
9.300000e-01	5.769903e-05
9.325000e-01	5.775447e-05
9.350000e-01	5.781006e-05
9.375000e-01	5.786581e-05
9.400000e-01	5.792170e-05
9.425000e-01	5.797775e-05
9.450000e-01	5.803395e-05
9.475000e-01	5.809031e-05
9.500000e-01	5.814682e-05
9.525000e-01	5.820349e-05
9.550000e-01	5.826032e-05
9.575000e-01	5.831730e-05
9.600000e-01	5.837445e-05
9.625000e-01	5.843175e-05
9.650000e-01	5.848922e-05
9.675000e-01	5.854685e-05
9.700000e-01	5.860464e-05
9.725000e-01	5.866260e-05
9.750000e-01	5.872072e-05
9.775000e-01	5.877901e-05
9.800000e-01	5.883747e-05
9.825000e-01	5.889609e-05
9.850000e-01	5.895489e-05
9.875000e-01	5.901385e-05
9.900000e-01	5.907299e-05
9.925000e-01	5.913230e-05
9.950000e-01	5.919179e-05
9.975000e-01	5.925145e-05
1.000000e+00	5.931129e-05
1.002500e+00	5.937130e-05
1.005000e+00	5.943150e-05
1.007500e+00	5.949187e-05
1.010000e+00	5.955242e-05
1.012500e+00	5.961316e-05
1.015000e+00	5.967408e-05
1.017500e+00	5.973519e-05
1.020000e+00	5.979648e-05
1.022500e+00	5.985795e-05
1.025000e+00	5.991962e-05
1.027500e+00	5.998148e-05
1.030000e+00	6.004352e-05
1.032500e+00	6.010576e-05
1.035000e+00	6.016819e-05
1.037500e+00	6.023082e-05
1.040000e+00	6.029364e-05
1.042500e+00	6.035666e-05
1.045000e+00	6.041988e-05
1.047500e+00	6.048330e-05
1.050000e+00	6.054692e-05
1.052500e+00	6.061074e-05
1.055000e+00	6.067477e-05
1.057500e+00	6.073901e-05
1.060000e+00	6.080345e-05
1.062500e+00	6.086809e-05
1.065000e+00	6.093295e-05
1.067500e+00	6.099802e-05
1.070000e+00	6.106331e-05
1.072500e+00	6.112881e-05
1.075000e+00	6.119452e-05
1.077500e+00	6.126045e-05
1.080000e+00	6.132660e-05
1.082500e+00	6.139297e-05
1.085000e+00	6.145957e-05
1.087500e+00	6.152639e-05
1.090000e+00	6.159343e-05
1.092500e+00	6.166070e-05
1.095000e+00	6.172820e-05
1.097500e+00	6.179593e-05
1.100000e+00	6.186389e-05
1.102500e+00	6.193209e-05
1.105000e+00	6.200052e-05
1.107500e+00	6.206919e-05
1.110000e+00	6.213809e-05
1.112500e+00	6.220724e-05
1.115000e+00	6.227663e-05
1.117500e+00	6.234627e-05
1.120000e+00	6.241615e-05
1.122500e+00	6.248628e-05
1.125000e+00	6.255666e-05
1.127500e+00	6.262730e-05
1.130000e+00	6.269818e-05
1.132500e+00	6.276933e-05
1.135000e+00	6.284073e-05
1.137500e+00	6.291239e-05
1.140000e+00	6.298431e-05
1.142500e+00	6.305650e-05
1.145000e+00	6.312895e-05
1.147500e+00	6.320167e-05
1.150000e+00	6.327466e-05
1.152500e+00	6.334792e-05
1.155000e+00	6.342146e-05
1.157500e+00	6.349527e-05
1.160000e+00	6.356937e-05
1.162500e+00	6.364374e-05
1.165000e+00	6.371840e-05
1.167500e+00	6.379334e-05
1.170000e+00	6.386857e-05
1.172500e+00	6.394409e-05
1.175000e+00	6.401990e-05
1.177500e+00	6.409601e-05
1.180000e+00	6.417242e-05
1.182500e+00	6.424912e-05
1.185000e+00	6.432613e-05
1.187500e+00	6.440344e-05
1.190000e+00	6.448106e-05
1.192500e+00	6.455899e-05
1.195000e+00	6.463724e-05
1.197500e+00	6.471579e-05
1.200000e+00	6.479467e-05
1.202500e+00	6.487386e-05
1.205000e+00	6.495338e-05
1.207500e+00	6.503323e-05
1.210000e+00	6.511340e-05
1.212500e+00	6.519391e-05
1.215000e+00	6.527475e-05
1.217500e+00	6.535592e-05
1.220000e+00	6.543744e-05
1.222500e+00	6.551930e-05
1.225000e+00	6.560151e-05
1.227500e+00	6.568406e-05
1.230000e+00	6.576697e-05
1.232500e+00	6.585024e-05
1.235000e+00	6.593386e-05
1.237500e+00	6.601784e-05
1.240000e+00	6.610219e-05
1.242500e+00	6.618691e-05
1.245000e+00	6.627200e-05
1.247500e+00	6.635746e-05
1.250000e+00	6.644330e-05
1.252500e+00	6.652953e-05
1.255000e+00	6.661614e-05
1.257500e+00	6.670313e-05
1.260000e+00	6.679052e-05
1.262500e+00	6.687831e-05
1.265000e+00	6.696650e-05
1.267500e+00	6.705508e-05
1.270000e+00	6.714408e-05
1.272500e+00	6.723349e-05
1.275000e+00	6.732331e-05
1.277500e+00	6.741355e-05
1.280000e+00	6.750422e-05
1.282500e+00	6.759531e-05
1.285000e+00	6.768683e-05
1.287500e+00	6.777878e-05
1.290000e+00	6.787118e-05
1.292500e+00	6.796402e-05
1.295000e+00	6.805731e-05
1.297500e+00	6.815105e-05
1.300000e+00	6.824524e-05
1.302500e+00	6.833990e-05
1.305000e+00	6.843502e-05
1.307500e+00	6.853061e-05
1.310000e+00	6.862668e-05
1.312500e+00	6.872323e-05
1.315000e+00	6.882026e-05
1.317500e+00	6.891778e-05
1.320000e+00	6.901579e-05
1.322500e+00	6.911430e-05
1.325000e+00	6.921332e-05
1.327500e+00	6.931285e-05
1.330000e+00	6.941289e-05
1.332500e+00	6.951345e-05
1.335000e+00	6.961454e-05
1.337500e+00	6.971616e-05
1.340000e+00	6.981831e-05
1.342500e+00	6.992101e-05
1.345000e+00	7.002426e-05
1.347500e+00	7.012805e-05
1.350000e+00	7.023241e-05
1.352500e+00	7.033733e-05
1.355000e+00	7.044283e-05
1.357500e+00	7.054890e-05
1.360000e+00	7.065555e-05
1.362500e+00	7.076280e-05
1.365000e+00	7.087064e-05
1.367500e+00	7.097908e-05
1.370000e+00	7.108813e-05
1.372500e+00	7.119780e-05
1.375000e+00	7.130809e-05
1.377500e+00	7.141902e-05
1.380000e+00	7.153058e-05
1.382500e+00	7.164278e-05
1.385000e+00	7.175563e-05
1.387500e+00	7.186915e-05
1.390000e+00	7.198333e-05
1.392500e+00	7.209818e-05
1.395000e+00	7.221371e-05
1.397500e+00	7.232994e-05
1.400000e+00	7.244686e-05
1.402500e+00	7.256448e-05
1.405000e+00	7.268282e-05
1.407500e+00	7.280188e-05
1.410000e+00	7.292168e-05
1.412500e+00	7.304221e-05
1.415000e+00	7.316348e-05
1.417500e+00	7.328552e-05
1.420000e+00	7.340832e-05
1.422500e+00	7.353189e-05
1.425000e+00	7.365625e-05
1.427500e+00	7.378140e-05
1.430000e+00	7.390736e-05
1.432500e+00	7.403412e-05
1.435000e+00	7.416172e-05
1.437500e+00	7.429014e-05
1.440000e+00	7.441941e-05
1.442500e+00	7.454953e-05
1.445000e+00	7.468051e-05
1.447500e+00	7.481237e-05
1.450000e+00	7.494512e-05
1.452500e+00	7.507876e-05
1.455000e+00	7.521332e-05
1.457500e+00	7.534879e-05
1.460000e+00	7.548520e-05
1.462500e+00	7.562255e-05
1.465000e+00	7.576086e-05
1.467500e+00	7.590014e-05
1.470000e+00	7.604039e-05
1.472500e+00	7.618165e-05
1.475000e+00	7.632391e-05
1.477500e+00	7.646719e-05
1.480000e+00	7.661151e-05
1.482500e+00	7.675688e-05
1.485000e+00	7.690331e-05
1.487500e+00	7.705081e-05
1.490000e+00	7.719941e-05
1.492500e+00	7.734911e-05
1.495000e+00	7.749994e-05
1.497500e+00	7.765191e-05
1.500000e+00	7.780502e-05
1.502500e+00	7.795931e-05
1.505000e+00	7.811478e-05
1.507500e+00	7.827146e-05
1.510000e+00	7.842935e-05
1.512500e+00	7.858848e-05
1.515000e+00	7.874887e-05
1.517500e+00	7.891052e-05
1.520000e+00	7.907347e-05
1.522500e+00	7.923773e-05
1.525000e+00	7.940331e-05
1.527500e+00	7.957025e-05
1.530000e+00	7.973855e-05
1.532500e+00	7.990824e-05
1.535000e+00	8.007934e-05
1.537500e+00	8.025186e-05
1.540000e+00	8.042584e-05
1.542500e+00	8.060129e-05
1.545000e+00	8.077824e-05
1.547500e+00	8.095671e-05
1.550000e+00	8.113671e-05
1.552500e+00	8.131829e-05
1.555000e+00	8.150145e-05
1.557500e+00	8.168623e-05
1.560000e+00	8.187264e-05
1.562500e+00	8.206072e-05
1.565000e+00	8.225050e-05
1.567500e+00	8.244199e-05
1.570000e+00	8.263523e-05
1.572500e+00	8.283025e-05
1.575000e+00	8.302707e-05
1.577500e+00	8.322572e-05
1.580000e+00	8.342623e-05
1.582500e+00	8.362864e-05
1.585000e+00	8.383298e-05
1.587500e+00	8.403927e-05
1.590000e+00	8.424755e-05
1.592500e+00	8.445785e-05
1.595000e+00	8.467022e-05
1.597500e+00	8.488467e-05
1.600000e+00	8.510126e-05
1.602500e+00	8.532001e-05
1.605000e+00	8.554096e-05
1.607500e+00	8.576416e-05
1.610000e+00	8.598964e-05
1.612500e+00	8.621744e-05
1.615000e+00	8.644760e-05
1.617500e+00	8.668016e-05
1.620000e+00	8.691518e-05
1.622500e+00	8.715269e-05
1.625000e+00	8.739274e-05
1.627500e+00	8.763537e-05
1.630000e+00	8.788063e-05
1.632500e+00	8.812858e-05
1.635000e+00	8.837925e-05
1.637500e+00	8.863271e-05
1.640000e+00	8.888901e-05
1.642500e+00	8.914819e-05
1.645000e+00	8.941032e-05
1.647500e+00	8.967545e-05
1.650000e+00	8.994364e-05
1.652500e+00	9.021495e-05
1.655000e+00	9.048944e-05
1.657500e+00	9.076717e-05
1.660000e+00	9.104821e-05
1.662500e+00	9.133263e-05
1.665000e+00	9.162049e-05
1.667500e+00	9.191186e-05
1.670000e+00	9.220682e-05
1.672500e+00	9.250543e-05
1.675000e+00	9.280778e-05
1.677500e+00	9.311394e-05
1.680000e+00	9.342399e-05
1.682500e+00	9.373802e-05
1.685000e+00	9.405611e-05
1.687500e+00	9.437834e-05
1.690000e+00	9.470481e-05
1.692500e+00	9.503561e-05
1.695000e+00	9.537083e-05
1.697500e+00	9.571058e-05
1.700000e+00	9.605494e-05
1.702500e+00	9.640404e-05
1.705000e+00	9.675796e-05
1.707500e+00	9.711682e-05
1.710000e+00	9.748075e-05
1.712500e+00	9.784984e-05
1.715000e+00	9.822422e-05
1.717500e+00	9.860403e-05
1.720000e+00	9.898937e-05
1.722500e+00	9.938040e-05
1.725000e+00	9.977723e-05
1.727500e+00	1.001800e-04
1.730000e+00	1.005889e-04
1.732500e+00	1.010040e-04
1.735000e+00	1.014256e-04
1.737500e+00	1.018537e-04
1.740000e+00	1.022885e-04
1.742500e+00	1.027303e-04
1.745000e+00	1.031791e-04
1.747500e+00	1.036351e-04
1.750000e+00	1.040986e-04
1.752500e+00	1.045698e-04
1.755000e+00	1.050488e-04
1.757500e+00	1.055358e-04
1.760000e+00	1.060311e-04
1.762500e+00	1.065350e-04
1.765000e+00	1.070475e-04
1.767500e+00	1.075690e-04
1.770000e+00	1.080997e-04
1.772500e+00	1.086400e-04
1.775000e+00	1.091899e-04
1.777500e+00	1.097499e-04
1.780000e+00	1.103202e-04
1.782500e+00	1.109011e-04
1.785000e+00	1.114929e-04
1.787500e+00	1.120960e-04
1.790000e+00	1.127107e-04
1.792500e+00	1.133373e-04
1.795000e+00	1.139763e-04
1.797500e+00	1.146279e-04
1.800000e+00	1.152926e-04
1.802500e+00	1.159708e-04
1.805000e+00	1.166629e-04
1.807500e+00	1.173694e-04
1.810000e+00	1.180908e-04
1.812500e+00	1.188274e-04
1.815000e+00	1.195799e-04
1.817500e+00	1.203488e-04
1.820000e+00	1.211345e-04
1.822500e+00	1.219378e-04
1.825000e+00	1.227592e-04
1.827500e+00	1.235993e-04
1.830000e+00	1.244588e-04
1.832500e+00	1.253384e-04
1.835000e+00	1.262388e-04
1.837500e+00	1.271607e-04
1.840000e+00	1.281051e-04
1.842500e+00	1.290726e-04
1.845000e+00	1.300642e-04
1.847500e+00	1.310809e-04
1.850000e+00	1.321235e-04
1.852500e+00	1.331931e-04
1.855000e+00	1.342908e-04
1.857500e+00	1.354176e-04
1.860000e+00	1.365748e-04
1.862500e+00	1.377637e-04
1.865000e+00	1.389855e-04
1.867500e+00	1.402416e-04
1.870000e+00	1.415336e-04
1.872500e+00	1.428629e-04
1.875000e+00	1.442312e-04
1.877500e+00	1.456402e-04
1.880000e+00	1.470918e-04
1.882500e+00	1.485879e-04
1.885000e+00	1.501307e-04
1.887500e+00	1.517221e-04
1.890000e+00	1.533647e-04
1.892500e+00	1.550609e-04
1.895000e+00	1.568133e-04
1.897500e+00	1.586247e-04
1.900000e+00	1.604981e-04
1.902500e+00	1.624366e-04
1.905000e+00	1.644438e-04
1.907500e+00	1.665232e-04
1.910000e+00	1.686787e-04
1.912500e+00	1.709144e-04
1.915000e+00	1.732349e-04
1.917500e+00	1.756449e-04
1.920000e+00	1.781495e-04
1.922500e+00	1.807544e-04
1.925000e+00	1.834654e-04
1.927500e+00	1.862890e-04
1.930000e+00	1.892321e-04
1.932500e+00	1.923022e-04
1.935000e+00	1.955074e-04
1.937500e+00	1.988565e-04
1.940000e+00	2.023590e-04
1.942500e+00	2.060253e-04
1.945000e+00	2.098667e-04
1.947500e+00	2.138954e-04
1.950000e+00	2.181250e-04
1.952500e+00	2.225700e-04
1.955000e+00	2.272466e-04
1.957500e+00	2.321724e-04
1.960000e+00	2.373669e-04
1.962500e+00	2.428514e-04
1.965000e+00	2.486496e-04
1.967500e+00	2.547875e-04
1.970000e+00	2.612943e-04
1.972500e+00	2.682020e-04
1.975000e+00	2.755465e-04
1.977500e+00	2.833678e-04
1.980000e+00	2.917108e-04
1.982500e+00	3.006258e-04
1.985000e+00	3.101694e-04
1.987500e+00	3.204054e-04
1.990000e+00	3.314063e-04
1.992500e+00	3.432542e-04
1.995000e+00	3.560429e-04
1.997500e+00	3.698795e-04
2.000000e+00	3.848870e-04
2.002500e+00	4.012072e-04
2.005000e+00	4.190043e-04
2.007500e+00	4.384689e-04
2.010000e+00	4.598240e-04
2.012500e+00	4.833308e-04
2.015000e+00	5.092977e-04
2.017500e+00	5.380906e-04
2.020000e+00	5.701457e-04
2.022500e+00	6.059868e-04
2.025000e+00	6.462471e-04
2.027500e+00	6.916969e-04
2.030000e+00	7.432811e-04
2.032500e+00	8.021679e-04
2.035000e+00	8.698140e-04
2.037500e+00	9.480534e-04
2.040000e+00	1.039218e-03
2.042500e+00	1.146305e-03
2.045000e+00	1.273210e-03
2.047500e+00	1.425063e-03
2.050000e+00	1.608703e-03
2.052500e+00	1.833373e-03
2.055000e+00	2.111748e-03
2.057500e+00	2.461437e-03
2.060000e+00	2.907224e-03
2.062500e+00	3.484293e-03
2.065000e+00	4.242653e-03
2.067500e+00	5.252243e-03
2.070000e+00	6.605543e-03
2.072500e+00	8.406209e-03
2.075000e+00	1.071190e-02
2.077500e+00	1.337379e-02
2.080000e+00	1.578067e-02
2.082500e+00	1.688201e-02
2.085000e+00	1.602578e-02
2.087500e+00	1.373264e-02
2.090000e+00	1.106543e-02
2.092500e+00	8.706944e-03
2.095000e+00	6.850954e-03
2.097500e+00	5.454516e-03
2.100000e+00	4.415174e-03
2.102500e+00	3.637871e-03
2.105000e+00	3.049822e-03
2.107500e+00	2.598773e-03
2.110000e+00	2.247938e-03
2.112500e+00	1.971439e-03
2.115000e+00	1.750924e-03
2.117500e+00	1.573222e-03
2.120000e+00	1.428759e-03
2.122500e+00	1.310477e-03
2.125000e+00	1.213110e-03
2.127500e+00	1.132682e-03
2.130000e+00	1.066158e-03
2.132500e+00	1.011200e-03
2.135000e+00	9.659965e-04
2.137500e+00	9.291329e-04
2.140000e+00	8.995057e-04
2.142500e+00	8.762535e-04
2.145000e+00	8.587091e-04
2.147500e+00	8.463635e-04
2.150000e+00	8.388394e-04
2.152500e+00	8.358723e-04
2.155000e+00	8.372970e-04
2.157500e+00	8.430392e-04
2.160000e+00	8.531109e-04
2.162500e+00	8.676088e-04
2.165000e+00	8.867174e-04
2.167500e+00	9.107145e-04
2.170000e+00	9.399814e-04
2.172500e+00	9.750171e-04
2.175000e+00	1.016459e-03
2.177500e+00	1.065108e-03
2.180000e+00	1.121967e-03
2.182500e+00	1.188287e-03
2.185000e+00	1.265632e-03
2.187500e+00	1.355959e-03
2.190000e+00	1.461739e-03
2.192500e+00	1.586110e-03
2.195000e+00	1.733087e-03
2.197500e+00	1.907865e-03
2.200000e+00	2.117232e-03
2.202500e+00	2.370166e-03
2.205000e+00	2.678693e-03
2.207500e+00	3.059142e-03
2.210000e+00	3.533983e-03
2.212500e+00	4.134562e-03
2.215000e+00	4.905119e-03
2.217500e+00	5.908554e-03
2.220000e+00	7.234109e-03
2.222500e+00	9.005498e-03
2.225000e+00	1.138209e-02
2.227500e+00	1.452822e-02
2.230000e+00	1.848683e-02
2.232500e+00	2.286341e-02
2.235000e+00	2.642968e-02
2.237500e+00	2.745273e-02
2.240000e+00	2.530529e-02
2.242500e+00	2.123599e-02
2.245000e+00	1.692206e-02
2.247500e+00	1.325322e-02
2.250000e+00	1.041011e-02
2.252500e+00	8.279379e-03
2.255000e+00	6.690863e-03
2.257500e+00	5.497501e-03
2.260000e+00	4.589242e-03
2.262500e+00	3.887673e-03
2.265000e+00	3.337654e-03
2.267500e+00	2.900326e-03
2.270000e+00	2.548037e-03
2.272500e+00	2.260865e-03
2.275000e+00	2.024253e-03
2.277500e+00	1.827423e-03
2.280000e+00	1.662282e-03
2.282500e+00	1.522678e-03
2.285000e+00	1.403879e-03
2.287500e+00	1.302204e-03
2.290000e+00	1.214762e-03
2.292500e+00	1.139260e-03
2.295000e+00	1.073866e-03
2.297500e+00	1.017105e-03
2.300000e+00	9.677830e-04
2.302500e+00	9.249280e-04
2.305000e+00	8.877466e-04
2.307500e+00	8.555899e-04
2.310000e+00	8.279280e-04
2.312500e+00	8.043296e-04
2.315000e+00	7.844468e-04
2.317500e+00	7.680033e-04
2.320000e+00	7.547857e-04
2.322500e+00	7.446368e-04
2.325000e+00	7.374514e-04
2.327500e+00	7.331739e-04
2.330000e+00	7.317974e-04
2.332500e+00	7.333647e-04
2.335000e+00	7.379711e-04
2.337500e+00	7.457694e-04
2.340000e+00	7.569770e-04
2.342500e+00	7.718864e-04
2.345000e+00	7.908788e-04
2.347500e+00	8.144433e-04
2.350000e+00	8.432018e-04
2.352500e+00	8.779432e-04
2.355000e+00	9.196685e-04
2.357500e+00	9.696527e-04
2.360000e+00	1.029529e-03
2.362500e+00	1.101408e-03
2.365000e+00	1.188036e-03
2.367500e+00	1.293033e-03
2.370000e+00	1.421223e-03
2.372500e+00	1.579112e-03
2.375000e+00	1.775602e-03
2.377500e+00	2.023032e-03
2.380000e+00	2.338723e-03
2.382500e+00	2.747236e-03
2.385000e+00	3.283514e-03
2.387500e+00	3.996752e-03
2.390000e+00	4.953311e-03
2.392500e+00	6.232154e-03
2.395000e+00	7.893438e-03
2.397500e+00	9.879749e-03
2.400000e+00	1.182800e-02
2.402500e+00	1.298658e-02
2.405000e+00	1.270056e-02
2.407500e+00	1.114823e-02
2.410000e+00	9.120116e-03
2.412500e+00	7.239143e-03
2.415000e+00	5.729187e-03
2.417500e+00	4.585576e-03
2.420000e+00	3.734255e-03
2.422500e+00	3.099441e-03
2.425000e+00	2.621371e-03
2.427500e+00	2.256709e-03
2.430000e+00	1.974883e-03
2.432500e+00	1.754418e-03
2.435000e+00	1.580135e-03
2.437500e+00	1.441193e-03
2.440000e+00	1.329751e-03
2.442500e+00	1.240072e-03
2.445000e+00	1.167912e-03
2.447500e+00	1.110098e-03
2.450000e+00	1.064247e-03
2.452500e+00	1.028562e-03
2.455000e+00	1.001691e-03
2.457500e+00	9.826289e-04
2.460000e+00	9.706446e-04
2.462500e+00	9.652342e-04
2.465000e+00	9.660856e-04
2.467500e+00	9.730580e-04
2.470000e+00	9.861699e-04
2.472500e+00	1.005597e-03
2.475000e+00	1.031675e-03
2.477500e+00	1.064919e-03
2.480000e+00	1.106043e-03
2.482500e+00	1.155996e-03
2.485000e+00	1.216012e-03
2.487500e+00	1.287682e-03
2.490000e+00	1.373044e-03
2.492500e+00	1.474721e-03
2.495000e+00	1.596096e-03
2.497500e+00	1.741572e-03
2.500000e+00	1.916925e-03
2.502500e+00	2.129819e-03
2.505000e+00	2.390542e-03
2.507500e+00	2.713088e-03
2.510000e+00	3.116747e-03
2.512500e+00	3.628454e-03
2.515000e+00	4.286260e-03
2.517500e+00	5.144284e-03
2.520000e+00	6.279272e-03
2.522500e+00	7.797351e-03
2.525000e+00	9.834240e-03
2.527500e+00	1.252653e-02
2.530000e+00	1.589775e-02
2.532500e+00	1.958161e-02
2.535000e+00	2.249857e-02
2.537500e+00	2.319929e-02
2.540000e+00	2.125192e-02
2.542500e+00	1.777509e-02
2.545000e+00	1.415884e-02
2.547500e+00	1.110846e-02
2.550000e+00	8.752453e-03
2.552500e+00	6.988580e-03
2.555000e+00	5.673575e-03
2.557500e+00	4.685320e-03
2.560000e+00	3.932854e-03
2.562500e+00	3.351463e-03
2.565000e+00	2.895653e-03
2.567500e+00	2.533353e-03
2.570000e+00	2.241727e-03
2.572500e+00	2.004314e-03
2.575000e+00	1.809082e-03
2.577500e+00	1.647116e-03
2.580000e+00	1.511726e-03
2.582500e+00	1.397827e-03
2.585000e+00	1.301508e-03
2.587500e+00	1.219737e-03
2.590000e+00	1.150133e-03
2.592500e+00	1.090820e-03
2.595000e+00	1.040304e-03
2.597500e+00	9.973946e-04
2.600000e+00	9.611375e-04
2.602500e+00	9.307701e-04
2.605000e+00	9.056845e-04
2.607500e+00	8.854011e-04
2.610000e+00	8.695486e-04
2.612500e+00	8.578484e-04
2.615000e+00	8.501043e-04
2.617500e+00	8.461953e-04
2.620000e+00	8.460708e-04
2.622500e+00	8.497494e-04
2.625000e+00	8.573195e-04
2.627500e+00	8.689433e-04
2.630000e+00	8.848635e-04
2.632500e+00	9.054128e-04
2.635000e+00	9.310287e-04
2.637500e+00	9.622719e-04
2.640000e+00	9.998529e-04
2.642500e+00	1.044665e-03
2.645000e+00	1.097833e-03
2.647500e+00	1.160768e-03
2.650000e+00	1.235259e-03
2.652500e+00	1.323575e-03
2.655000e+00	1.428626e-03
2.657500e+00	1.554173e-03
2.660000e+00	1.705127e-03
2.662500e+00	1.887978e-03
2.665000e+00	2.111403e-03
2.667500e+00	2.387165e-03
2.670000e+00	2.731420e-03
2.672500e+00	3.166668e-03
2.675000e+00	3.724613e-03
2.677500e+00	4.450310e-03
2.680000e+00	5.407762e-03
2.682500e+00	6.686205e-03
2.685000e+00	8.402527e-03
2.687500e+00	1.068391e-02
2.690000e+00	1.358790e-02
2.692500e+00	1.688792e-02
2.695000e+00	1.975945e-02
2.697500e+00	2.088945e-02
2.700000e+00	1.959546e-02
2.702500e+00	1.664881e-02
2.705000e+00	1.335417e-02
2.707500e+00	1.048764e-02
2.710000e+00	8.245442e-03
2.712500e+00	6.560065e-03
2.715000e+00	5.303528e-03
2.717500e+00	4.360689e-03
2.720000e+00	3.644240e-03
2.722500e+00	3.091695e-03
2.725000e+00	2.659086e-03
2.727500e+00	2.315451e-03
2.730000e+00	2.038796e-03
2.732500e+00	1.813302e-03
2.735000e+00	1.627434e-03
2.737500e+00	1.472666e-03
2.740000e+00	1.342606e-03
2.742500e+00	1.232400e-03
2.745000e+00	1.138319e-03
2.747500e+00	1.057463e-03
2.750000e+00	9.875535e-04
2.752500e+00	9.267814e-04
2.755000e+00	8.736986e-04
2.757500e+00	8.271353e-04
2.760000e+00	7.861392e-04
2.762500e+00	7.499292e-04
2.765000e+00	7.178609e-04
2.767500e+00	6.893988e-04
2.770000e+00	6.640959e-04
2.772500e+00	6.415769e-04
2.775000e+00	6.215256e-04
2.777500e+00	6.036742e-04
2.780000e+00	5.877957e-04
2.782500e+00	5.736964e-04
2.785000e+00	5.612116e-04
2.787500e+00	5.502005e-04
2.790000e+00	5.405430e-04
2.792500e+00	5.321367e-04
2.795000e+00	5.248949e-04
2.797500e+00	5.187441e-04
2.800000e+00	5.136229e-04
2.802500e+00	5.094805e-04
2.805000e+00	5.062756e-04
2.807500e+00	5.039760e-04
2.810000e+00	5.025572e-04
2.812500e+00	5.020029e-04
2.815000e+00	5.023037e-04
2.817500e+00	5.034576e-04
2.820000e+00	5.054697e-04
2.822500e+00	5.083523e-04
2.825000e+00	5.121247e-04
2.827500e+00	5.168144e-04
2.830000e+00	5.224568e-04
2.832500e+00	5.290961e-04
2.835000e+00	5.367860e-04
2.837500e+00	5.455912e-04
2.840000e+00	5.555879e-04
2.842500e+00	5.668661e-04
2.845000e+00	5.795307e-04
2.847500e+00	5.937046e-04
2.850000e+00	6.095309e-04
2.852500e+00	6.271768e-04
2.855000e+00	6.468373e-04
2.857500e+00	6.687406e-04
2.860000e+00	6.931547e-04
2.862500e+00	7.203946e-04
2.865000e+00	7.508327e-04
2.867500e+00	7.849110e-04
2.870000e+00	8.231565e-04
2.872500e+00	8.662011e-04
2.875000e+00	9.148070e-04
2.877500e+00	9.698996e-04
2.880000e+00	1.032610e-03
2.882500e+00	1.104333e-03
2.885000e+00	1.186799e-03
2.887500e+00	1.282179e-03
2.890000e+00	1.393220e-03
2.892500e+00	1.523434e-03
2.895000e+00	1.677360e-03
2.897500e+00	1.860943e-03
2.900000e+00	2.082055e-03
2.902500e+00	2.351272e-03
2.905000e+00	2.682998e-03
2.907500e+00	3.097124e-03
2.910000e+00	3.621486e-03
2.912500e+00	4.295466e-03
2.915000e+00	5.175079e-03
2.917500e+00	6.339454e-03
2.920000e+00	7.896630e-03
2.922500e+00	9.979846e-03
2.925000e+00	1.270686e-02
2.927500e+00	1.603951e-02
2.930000e+00	1.948368e-02
2.932500e+00	2.185458e-02
2.935000e+00	2.188323e-02
2.937500e+00	1.956201e-02
2.940000e+00	1.615447e-02
2.942500e+00	1.285163e-02
2.945000e+00	1.015428e-02
2.947500e+00	8.103947e-03
2.950000e+00	6.584226e-03
2.952500e+00	5.462647e-03
2.955000e+00	4.631990e-03
2.957500e+00	4.014250e-03
2.960000e+00	3.554968e-03
2.962500e+00	3.216876e-03
2.965000e+00	2.974991e-03
2.967500e+00	2.813267e-03
2.970000e+00	2.722543e-03
2.972500e+00	2.699453e-03
2.975000e+00	2.746179e-03
2.977500e+00	2.870958e-03
2.980000e+00	3.089395e-03
2.982500e+00	3.426554e-03
2.985000e+00	3.919329e-03
2.987500e+00	4.616746e-03
2.990000e+00	5.570365e-03
2.992500e+00	6.794535e-03
2.995000e+00	8.166070e-03
2.997500e+00	9.295055e-03
