#omega	spectral weight
-6.000000e+00	1.835947e-05
-5.997500e+00	1.836807e-05
-5.995000e+00	1.837667e-05
-5.992500e+00	1.838528e-05
-5.990000e+00	1.839389e-05
-5.987500e+00	1.840252e-05
-5.985000e+00	1.841115e-05
-5.982500e+00	1.841978e-05
-5.980000e+00	1.842843e-05
-5.977500e+00	1.843708e-05
-5.975000e+00	1.844574e-05
-5.972500e+00	1.845441e-05
-5.970000e+00	1.846308e-05
-5.967500e+00	1.847176e-05
-5.965000e+00	1.848045e-05
-5.962500e+00	1.848914e-05
-5.960000e+00	1.849784e-05
-5.957500e+00	1.850655e-05
-5.955000e+00	1.851527e-05
-5.952500e+00	1.852399e-05
-5.950000e+00	1.853273e-05
-5.947500e+00	1.854146e-05
-5.945000e+00	1.855021e-05
-5.942500e+00	1.855896e-05
-5.940000e+00	1.856772e-05
-5.937500e+00	1.857649e-05
-5.935000e+00	1.858527e-05
-5.932500e+00	1.859405e-05
-5.930000e+00	1.860284e-05
-5.927500e+00	1.861164e-05
-5.925000e+00	1.862044e-05
-5.922500e+00	1.862926e-05
-5.920000e+00	1.863807e-05
-5.917500e+00	1.864690e-05
-5.915000e+00	1.865574e-05
-5.912500e+00	1.866458e-05
-5.910000e+00	1.867343e-05
-5.907500e+00	1.868229e-05
-5.905000e+00	1.869115e-05
-5.902500e+00	1.870002e-05
-5.900000e+00	1.870890e-05
-5.897500e+00	1.871779e-05
-5.895000e+00	1.872668e-05
-5.892500e+00	1.873558e-05
-5.890000e+00	1.874449e-05
-5.887500e+00	1.875341e-05
-5.885000e+00	1.876233e-05
-5.882500e+00	1.877127e-05
-5.880000e+00	1.878021e-05
-5.877500e+00	1.878915e-05
-5.875000e+00	1.879811e-05
-5.872500e+00	1.880707e-05
-5.870000e+00	1.881604e-05
-5.867500e+00	1.882502e-05
-5.865000e+00	1.883400e-05
-5.862500e+00	1.884300e-05
-5.860000e+00	1.885200e-05
-5.857500e+00	1.886101e-05
-5.855000e+00	1.887002e-05
-5.852500e+00	1.887905e-05
-5.850000e+00	1.888808e-05
-5.847500e+00	1.889712e-05
-5.845000e+00	1.890616e-05
-5.842500e+00	1.891522e-05
-5.840000e+00	1.892428e-05
-5.837500e+00	1.893335e-05
-5.835000e+00	1.894243e-05
-5.832500e+00	1.895151e-05
-5.830000e+00	1.896061e-05
-5.827500e+00	1.896971e-05
-5.825000e+00	1.897881e-05
-5.822500e+00	1.898793e-05
-5.820000e+00	1.899706e-05
-5.817500e+00	1.900619e-05
-5.815000e+00	1.901533e-05
-5.812500e+00	1.902448e-05
-5.810000e+00	1.903363e-05
-5.807500e+00	1.904279e-05
-5.805000e+00	1.905197e-05
-5.802500e+00	1.906115e-05
-5.800000e+00	1.907033e-05
-5.797500e+00	1.907953e-05
-5.795000e+00	1.908873e-05
-5.792500e+00	1.909794e-05
-5.790000e+00	1.910716e-05
-5.787500e+00	1.911639e-05
-5.785000e+00	1.912562e-05
-5.782500e+00	1.913487e-05
-5.780000e+00	1.914412e-05
-5.777500e+00	1.915337e-05
-5.775000e+00	1.916264e-05
-5.772500e+00	1.917192e-05
-5.770000e+00	1.918120e-05
-5.767500e+00	1.919049e-05
-5.765000e+00	1.919979e-05
-5.762500e+00	1.920909e-05
-5.760000e+00	1.921841e-05
-5.757500e+00	1.922773e-05
-5.755000e+00	1.923706e-05
-5.752500e+00	1.924640e-05
-5.750000e+00	1.925575e-05
-5.747500e+00	1.926511e-05
-5.745000e+00	1.927447e-05
-5.742500e+00	1.928384e-05
-5.740000e+00	1.929322e-05
-5.737500e+00	1.930261e-05
-5.735000e+00	1.931200e-05
-5.732500e+00	1.932141e-05
-5.730000e+00	1.933082e-05
-5.727500e+00	1.934024e-05
-5.725000e+00	1.934967e-05
-5.722500e+00	1.935911e-05
-5.720000e+00	1.936855e-05
-5.717500e+00	1.937801e-05
-5.715000e+00	1.938747e-05
-5.712500e+00	1.939694e-05
-5.710000e+00	1.940642e-05
-5.707500e+00	1.941590e-05
-5.705000e+00	1.942540e-05
-5.702500e+00	1.943490e-05
-5.700000e+00	1.944441e-05
-5.697500e+00	1.945393e-05
-5.695000e+00	1.946346e-05
-5.692500e+00	1.947300e-05
-5.690000e+00	1.948254e-05
-5.687500e+00	1.949210e-05
-5.685000e+00	1.950166e-05
-5.682500e+00	1.951123e-05
-5.680000e+00	1.952081e-05
-5.677500e+00	1.953040e-05
-5.675000e+00	1.953999e-05
-5.672500e+00	1.954959e-05
-5.670000e+00	1.955921e-05
-5.667500e+00	1.956883e-05
-5.665000e+00	1.957846e-05
-5.662500e+00	1.958810e-05
-5.660000e+00	1.959774e-05
-5.657500e+00	1.960740e-05
-5.655000e+00	1.961706e-05
-5.652500e+00	1.962673e-05
-5.650000e+00	1.963641e-05
-5.647500e+00	1.964610e-05
-5.645000e+00	1.965580e-05
-5.642500e+00	1.966550e-05
-5.640000e+00	1.967522e-05
-5.637500e+00	1.968494e-05
-5.635000e+00	1.969468e-05
-5.632500e+00	1.970442e-05
-5.630000e+00	1.971417e-05
-5.627500e+00	1.972392e-05
-5.625000e+00	1.973369e-05
-5.622500e+00	1.974346e-05
-5.620000e+00	1.975325e-05
-5.617500e+00	1.976304e-05
-5.615000e+00	1.977284e-05
-5.612500e+00	1.978265e-05
-5.610000e+00	1.979247e-05
-5.607500e+00	1.980230e-05
-5.605000e+00	1.981214e-05
-5.602500e+00	1.982198e-05
-5.600000e+00	1.983184e-05
-5.597500e+00	1.984170e-05
-5.595000e+00	1.985157e-05
-5.592500e+00	1.986145e-05
-5.590000e+00	1.987134e-05
-5.587500e+00	1.988124e-05
-5.585000e+00	1.989114e-05
-5.582500e+00	1.990106e-05
-5.580000e+00	1.991098e-05
-5.577500e+00	1.992092e-05
-5.575000e+00	1.993086e-05
-5.572500e+00	1.994081e-05
-5.570000e+00	1.995077e-05
-5.567500e+00	1.996074e-05
-5.565000e+00	1.997072e-05
-5.562500e+00	1.998071e-05
-5.560000e+00	1.999070e-05
-5.557500e+00	2.000071e-05
-5.555000e+00	2.001072e-05
-5.552500e+00	2.002075e-05
-5.550000e+00	2.003078e-05
-5.547500e+00	2.004082e-05
-5.545000e+00	2.005087e-05
-5.542500e+00	2.006093e-05
-5.540000e+00	2.007100e-05
-5.537500e+00	2.008108e-05
-5.535000e+00	2.009116e-05
-5.532500e+00	2.010126e-05
-5.530000e+00	2.011136e-05
-5.527500e+00	2.012148e-05
-5.525000e+00	2.013160e-05
-5.522500e+00	2.014173e-05
-5.520000e+00	2.015187e-05
-5.517500e+00	2.016203e-05
-5.515000e+00	2.017219e-05
-5.512500e+00	2.018235e-05
-5.510000e+00	2.019253e-05
-5.507500e+00	2.020272e-05
-5.505000e+00	2.021292e-05
-5.502500e+00	2.022312e-05
-5.500000e+00	2.023334e-05
-5.497500e+00	2.024356e-05
-5.495000e+00	2.025380e-05
-5.492500e+00	2.026404e-05
-5.490000e+00	2.027429e-05
-5.487500e+00	2.028456e-05
-5.485000e+00	2.029483e-05
-5.482500e+00	2.030511e-05
-5.480000e+00	2.031540e-05
-5.477500e+00	2.032570e-05
-5.475000e+00	2.033601e-05
-5.472500e+00	2.034633e-05
-5.470000e+00	2.035666e-05
-5.467500e+00	2.036699e-05
-5.465000e+00	2.037734e-05
-5.462500e+00	2.038770e-05
-5.460000e+00	2.039806e-05
-5.457500e+00	2.040844e-05
-5.455000e+00	2.041882e-05
-5.452500e+00	2.042922e-05
-5.450000e+00	2.043962e-05
-5.447500e+00	2.045003e-05
-5.445000e+00	2.046046e-05
-5.442500e+00	2.047089e-05
-5.440000e+00	2.048133e-05
-5.437500e+00	2.049178e-05
-5.435000e+00	2.050225e-05
-5.432500e+00	2.051272e-05
-5.430000e+00	2.052320e-05
-5.427500e+00	2.053369e-05
-5.425000e+00	2.054419e-05
-5.422500e+00	2.055470e-05
-5.420000e+00	2.056522e-05
-5.417500e+00	2.057575e-05
-5.415000e+00	2.058629e-05
-5.412500e+00	2.059684e-05
-5.410000e+00	2.060740e-05
-5.407500e+00	2.061796e-05
-5.405000e+00	2.062854e-05
-5.402500e+00	2.063913e-05
-5.400000e+00	2.064973e-05
-5.397500e+00	2.066034e-05
-5.395000e+00	2.067095e-05
-5.392500e+00	2.068158e-05
-5.390000e+00	2.069222e-05
-5.387500e+00	2.070287e-05
-5.385000e+00	2.071352e-05
-5.382500e+00	2.072419e-05
-5.380000e+00	2.073487e-05
-5.377500e+00	2.074555e-05
-5.375000e+00	2.075625e-05
-5.372500e+00	2.076696e-05
-5.370000e+00	2.077767e-05
-5.367500e+00	2.078840e-05
-5.365000e+00	2.079914e-05
-5.362500e+00	2.080989e-05
-5.360000e+00	2.082064e-05
-5.357500e+00	2.083141e-05
-5.355000e+00	2.084219e-05
-5.352500e+00	2.085297e-05
-5.350000e+00	2.086377e-05
-5.347500e+00	2.087458e-05
-5.345000e+00	2.088540e-05
-5.342500e+00	2.089622e-05
-5.340000e+00	2.090706e-05
-5.337500e+00	2.091791e-05
-5.335000e+00	2.092877e-05
-5.332500e+00	2.093964e-05
-5.330000e+00	2.095052e-05
-5.327500e+00	2.096140e-05
-5.325000e+00	2.097230e-05
-5.322500e+00	2.098321e-05
-5.320000e+00	2.099413e-05
-5.317500e+00	2.100506e-05
-5.315000e+00	2.101600e-05
-5.312500e+00	2.102695e-05
-5.310000e+00	2.103792e-05
-5.307500e+00	2.104889e-05
-5.305000e+00	2.105987e-05
-5.302500e+00	2.107086e-05
-5.300000e+00	2.108186e-05
-5.297500e+00	2.109288e-05
-5.295000e+00	2.110390e-05
-5.292500e+00	2.111493e-05
-5.290000e+00	2.112598e-05
-5.287500e+00	2.113703e-05
-5.285000e+00	2.114810e-05
-5.282500e+00	2.115918e-05
-5.280000e+00	2.117026e-05
-5.277500e+00	2.118136e-05
-5.275000e+00	2.119247e-05
-5.272500e+00	2.120358e-05
-5.270000e+00	2.121471e-05
-5.267500e+00	2.122585e-05
-5.265000e+00	2.123700e-05
-5.262500e+00	2.124816e-05
-5.260000e+00	2.125933e-05
-5.257500e+00	2.127052e-05
-5.255000e+00	2.128171e-05
-5.252500e+00	2.129291e-05
-5.250000e+00	2.130413e-05
-5.247500e+00	2.131535e-05
-5.245000e+00	2.132659e-05
-5.242500e+00	2.133783e-05
-5.240000e+00	2.134909e-05
-5.237500e+00	2.136036e-05
-5.235000e+00	2.137164e-05
-5.232500e+00	2.138293e-05
-5.230000e+00	2.139423e-05
-5.227500e+00	2.140554e-05
-5.225000e+00	2.141686e-05
-5.222500e+00	2.142819e-05
-5.220000e+00	2.143954e-05
-5.217500e+00	2.145089e-05
-5.215000e+00	2.146226e-05
-5.212500e+00	2.147363e-05
-5.210000e+00	2.148502e-05
-5.207500e+00	2.149642e-05
-5.205000e+00	2.150783e-05
-5.202500e+00	2.151925e-05
-5.200000e+00	2.153068e-05
-5.197500e+00	2.154212e-05
-5.195000e+00	2.155358e-05
-5.192500e+00	2.156504e-05
-5.190000e+00	2.157652e-05
-5.187500e+00	2.158801e-05
-5.185000e+00	2.159950e-05
-5.182500e+00	2.161101e-05
-5.180000e+00	2.162253e-05
-5.177500e+00	2.163407e-05
-5.175000e+00	2.164561e-05
-5.172500e+00	2.165716e-05
-5.170000e+00	2.166873e-05
-5.167500e+00	2.168031e-05
-5.165000e+00	2.169189e-05
-5.162500e+00	2.170349e-05
-5.160000e+00	2.171510e-05
-5.157500e+00	2.172672e-05
-5.155000e+00	2.173836e-05
-5.152500e+00	2.175000e-05
-5.150000e+00	2.176166e-05
-5.147500e+00	2.177333e-05
-5.145000e+00	2.178500e-05
-5.142500e+00	2.179669e-05
-5.140000e+00	2.180840e-05
-5.137500e+00	2.182011e-05
-5.135000e+00	2.183183e-05
-5.132500e+00	2.184357e-05
-5.130000e+00	2.185532e-05
-5.127500e+00	2.186708e-05
-5.125000e+00	2.187885e-05
-5.122500e+00	2.189063e-05
-5.120000e+00	2.190242e-05
-5.117500e+00	2.191423e-05
-5.115000e+00	2.192604e-05
-5.112500e+00	2.193787e-05
-5.110000e+00	2.194971e-05
-5.107500e+00	2.196157e-05
-5.105000e+00	2.197343e-05
-5.102500e+00	2.198530e-05
-5.100000e+00	2.199719e-05
-5.097500e+00	2.200909e-05
-5.095000e+00	2.202100e-05
-5.092500e+00	2.203292e-05
-5.090000e+00	2.204486e-05
-5.087500e+00	2.205680e-05
-5.085000e+00	2.206876e-05
-5.082500e+00	2.208073e-05
-5.080000e+00	2.209271e-05
-5.077500e+00	2.210470e-05
-5.075000e+00	2.211671e-05
-5.072500e+00	2.212873e-05
-5.070000e+00	2.214075e-05
-5.067500e+00	2.215280e-05
-5.065000e+00	2.216485e-05
-5.062500e+00	2.217691e-05
-5.060000e+00	2.218899e-05
-5.057500e+00	2.220108e-05
-5.055000e+00	2.221318e-05
-5.052500e+00	2.222529e-05
-5.050000e+00	2.223742e-05
-5.047500e+00	2.224956e-05
-5.045000e+00	2.226171e-05
-5.042500e+00	2.227387e-05
-5.040000e+00	2.228604e-05
-5.037500e+00	2.229823e-05
-5.035000e+00	2.231042e-05
-5.032500e+00	2.232263e-05
-5.030000e+00	2.233486e-05
-5.027500e+00	2.234709e-05
-5.025000e+00	2.235934e-05
-5.022500e+00	2.237160e-05
-5.020000e+00	2.238387e-05
-5.017500e+00	2.239615e-05
-5.015000e+00	2.240845e-05
-5.012500e+00	2.242076e-05
-5.010000e+00	2.243308e-05
-5.007500e+00	2.244541e-05
-5.005000e+00	2.245776e-05
-5.002500e+00	2.247012e-05
-5.000000e+00	2.248249e-05
-4.997500e+00	2.249487e-05
-4.995000e+00	2.250727e-05
-4.992500e+00	2.251967e-05
-4.990000e+00	2.253209e-05
-4.987500e+00	2.254453e-05
-4.985000e+00	2.255697e-05
-4.982500e+00	2.256943e-05
-4.980000e+00	2.258190e-05
-4.977500e+00	2.259439e-05
-4.975000e+00	2.260688e-05
-4.972500e+00	2.261939e-05
-4.970000e+00	2.263191e-05
-4.967500e+00	2.264445e-05
-4.965000e+00	2.265700e-05
-4.962500e+00	2.266956e-05
-4.960000e+00	2.268213e-05
-4.957500e+00	2.269471e-05
-4.955000e+00	2.270731e-05
-4.952500e+00	2.271992e-05
-4.950000e+00	2.273255e-05
-4.947500e+00	2.274518e-05
-4.945000e+00	2.275783e-05
-4.942500e+00	2.277050e-05
-4.940000e+00	2.278317e-05
-4.937500e+00	2.279586e-05
-4.935000e+00	2.280856e-05
-4.932500e+00	2.282128e-05
-4.930000e+00	2.283400e-05
-4.927500e+00	2.284675e-05
-4.925000e+00	2.285950e-05
-4.922500e+00	2.287227e-05
-4.920000e+00	2.288505e-05
-4.917500e+00	2.289784e-05
-4.915000e+00	2.291064e-05
-4.912500e+00	2.292346e-05
-4.910000e+00	2.293630e-05
-4.907500e+00	2.294914e-05
-4.905000e+00	2.296200e-05
-4.902500e+00	2.297487e-05
-4.900000e+00	2.298776e-05
-4.897500e+00	2.300066e-05
-4.895000e+00	2.301357e-05
-4.892500e+00	2.302649e-05
-4.890000e+00	2.303943e-05
-4.887500e+00	2.305239e-05
-4.885000e+00	2.306535e-05
-4.882500e+00	2.307833e-05
-4.880000e+00	2.309132e-05
-4.877500e+00	2.310433e-05
-4.875000e+00	2.311735e-05
-4.872500e+00	2.313038e-05
-4.870000e+00	2.314343e-05
-4.867500e+00	2.315649e-05
-4.865000e+00	2.316956e-05
-4.862500e+00	2.318265e-05
-4.860000e+00	2.319575e-05
-4.857500e+00	2.320886e-05
-4.855000e+00	2.322199e-05
-4.852500e+00	2.323513e-05
-4.850000e+00	2.324829e-05
-4.847500e+00	2.326145e-05
-4.845000e+00	2.327464e-05
-4.842500e+00	2.328783e-05
-4.840000e+00	2.330104e-05
-4.837500e+00	2.331427e-05
-4.835000e+00	2.332750e-05
-4.832500e+00	2.334076e-05
-4.830000e+00	2.335402e-05
-4.827500e+00	2.336730e-05
-4.825000e+00	2.338060e-05
-4.822500e+00	2.339390e-05
-4.820000e+00	2.340722e-05
-4.817500e+00	2.342056e-05
-4.815000e+00	2.343391e-05
-4.812500e+00	2.344727e-05
-4.810000e+00	2.346065e-05
-4.807500e+00	2.347404e-05
-4.805000e+00	2.348745e-05
-4.802500e+00	2.350087e-05
-4.800000e+00	2.351430e-05
-4.797500e+00	2.352775e-05
-4.795000e+00	2.354121e-05
-4.792500e+00	2.355469e-05
-4.790000e+00	2.356818e-05
-4.787500e+00	2.358168e-05
-4.785000e+00	2.359520e-05
-4.782500e+00	2.360873e-05
-4.780000e+00	2.362228e-05
-4.777500e+00	2.363584e-05
-4.775000e+00	2.364942e-05
-4.772500e+00	2.366301e-05
-4.770000e+00	2.367662e-05
-4.767500e+00	2.369024e-05
-4.765000e+00	2.370387e-05
-4.762500e+00	2.371752e-05
-4.760000e+00	2.373118e-05
-4.757500e+00	2.374486e-05
-4.755000e+00	2.375855e-05
-4.752500e+00	2.377226e-05
-4.750000e+00	2.378598e-05
-4.747500e+00	2.379972e-05
-4.745000e+00	2.381347e-05
-4.742500e+00	2.382723e-05
-4.740000e+00	2.384101e-05
-4.737500e+00	2.385481e-05
-4.735000e+00	2.386862e-05
-4.732500e+00	2.388244e-05
-4.730000e+00	2.389628e-05
-4.727500e+00	2.391014e-05
-4.725000e+00	2.392400e-05
-4.722500e+00	2.393789e-05
-4.720000e+00	2.395179e-05
-4.717500e+00	2.396570e-05
-4.715000e+00	2.397963e-05
-4.712500e+00	2.399357e-05
-4.710000e+00	2.400753e-05
-4.707500e+00	2.402151e-05
-4.705000e+00	2.403549e-05
-4.702500e+00	2.404950e-05
-4.700000e+00	2.406352e-05
-4.697500e+00	2.407755e-05
-4.695000e+00	2.409160e-05
-4.692500e+00	2.410566e-05
-4.690000e+00	2.411974e-05
-4.687500e+00	2.413384e-05
-4.685000e+00	2.414795e-05
-4.682500e+00	2.416207e-05
-4.680000e+00	2.417621e-05
-4.677500e+00	2.419037e-05
-4.675000e+00	2.420454e-05
-4.672500e+00	2.421873e-05
-4.670000e+00	2.423293e-05
-4.667500e+00	2.424715e-05
-4.665000e+00	2.426138e-05
-4.662500e+00	2.427563e-05
-4.660000e+00	2.428989e-05
-4.657500e+00	2.430417e-05
-4.655000e+00	2.431847e-05
-4.652500e+00	2.433278e-05
-4.650000e+00	2.434711e-05
-4.647500e+00	2.436145e-05
-4.645000e+00	2.437580e-05
-4.642500e+00	2.439018e-05
-4.640000e+00	2.440457e-05
-4.637500e+00	2.441897e-05
-4.635000e+00	2.443339e-05
-4.632500e+00	2.444783e-05
-4.630000e+00	2.446228e-05
-4.627500e+00	2.447675e-05
-4.625000e+00	2.449123e-05
-4.622500e+00	2.450573e-05
-4.620000e+00	2.452025e-05
-4.617500e+00	2.453478e-05
-4.615000e+00	2.454933e-05
-4.612500e+00	2.456389e-05
-4.610000e+00	2.457847e-05
-4.607500e+00	2.459307e-05
-4.605000e+00	2.460768e-05
-4.602500e+00	2.462231e-05
-4.600000e+00	2.463695e-05
-4.597500e+00	2.465161e-05
-4.595000e+00	2.466629e-05
-4.592500e+00	2.468098e-05
-4.590000e+00	2.469569e-05
-4.587500e+00	2.471041e-05
-4.585000e+00	2.472516e-05
-4.582500e+00	2.473991e-05
-4.580000e+00	2.475469e-05
-4.577500e+00	2.476948e-05
-4.575000e+00	2.478429e-05
-4.572500e+00	2.479911e-05
-4.570000e+00	2.481395e-05
-4.567500e+00	2.482881e-05
-4.565000e+00	2.484368e-05
-4.562500e+00	2.485857e-05
-4.560000e+00	2.487348e-05
-4.557500e+00	2.488840e-05
-4.555000e+00	2.490334e-05
-4.552500e+00	2.491829e-05
-4.550000e+00	2.493327e-05
-4.547500e+00	2.494826e-05
-4.545000e+00	2.496326e-05
-4.542500e+00	2.497829e-05
-4.540000e+00	2.499333e-05
-4.537500e+00	2.500838e-05
-4.535000e+00	2.502346e-05
-4.532500e+00	2.503855e-05
-4.530000e+00	2.505366e-05
-4.527500e+00	2.506878e-05
-4.525000e+00	2.508392e-05
-4.522500e+00	2.509908e-05
-4.520000e+00	2.511426e-05
-4.517500e+00	2.512945e-05
-4.515000e+00	2.514466e-05
-4.512500e+00	2.515989e-05
-4.510000e+00	2.517513e-05
-4.507500e+00	2.519039e-05
-4.505000e+00	2.520567e-05
-4.502500e+00	2.522097e-05
-4.500000e+00	2.523628e-05
-4.497500e+00	2.525161e-05
-4.495000e+00	2.526696e-05
-4.492500e+00	2.528233e-05
-4.490000e+00	2.529771e-05
-4.487500e+00	2.531311e-05
-4.485000e+00	2.532853e-05
-4.482500e+00	2.534396e-05
-4.480000e+00	2.535941e-05
-4.477500e+00	2.537489e-05
-4.475000e+00	2.539037e-05
-4.472500e+00	2.540588e-05
-4.470000e+00	2.542140e-05
-4.467500e+00	2.543694e-05
-4.465000e+00	2.545250e-05
-4.462500e+00	2.546808e-05
-4.460000e+00	2.548367e-05
-4.457500e+00	2.549928e-05
-4.455000e+00	2.551491e-05
-4.452500e+00	2.553056e-05
-4.450000e+00	2.554623e-05
-4.447500e+00	2.556191e-05
-4.445000e+00	2.557761e-05
-4.442500e+00	2.559333e-05
-4.440000e+00	2.560907e-05
-4.437500e+00	2.562483e-05
-4.435000e+00	2.564060e-05
-4.432500e+00	2.565639e-05
-4.430000e+00	2.567220e-05
-4.427500e+00	2.568803e-05
-4.425000e+00	2.570388e-05
-4.422500e+00	2.571974e-05
-4.420000e+00	2.573563e-05
-4.417500e+00	2.575153e-05
-4.415000e+00	2.576745e-05
-4.412500e+00	2.578338e-05
-4.410000e+00	2.579934e-05
-4.407500e+00	2.581532e-05
-4.405000e+00	2.583131e-05
-4.402500e+00	2.584732e-05
-4.400000e+00	2.586335e-05
-4.397500e+00	2.587940e-05
-4.395000e+00	2.589547e-05
-4.392500e+00	2.591156e-05
-4.390000e+00	2.592766e-05
-4.387500e+00	2.594379e-05
-4.385000e+00	2.595993e-05
-4.382500e+00	2.597609e-05
-4.380000e+00	2.599227e-05
-4.377500e+00	2.600847e-05
-4.375000e+00	2.602469e-05
-4.372500e+00	2.604093e-05
-4.370000e+00	2.605718e-05
-4.367500e+00	2.607346e-05
-4.365000e+00	2.608975e-05
-4.362500e+00	2.610606e-05
-4.360000e+00	2.612240e-05
-4.357500e+00	2.613875e-05
-4.355000e+00	2.615512e-05
-4.352500e+00	2.617151e-05
-4.350000e+00	2.618792e-05
-4.347500e+00	2.620434e-05
-4.345000e+00	2.622079e-05
-4.342500e+00	2.623726e-05
-4.340000e+00	2.625375e-05
-4.337500e+00	2.627025e-05
-4.335000e+00	2.628678e-05
-4.332500e+00	2.630332e-05
-4.330000e+00	2.631988e-05
-4.327500e+00	2.633647e-05
-4.325000e+00	2.635307e-05
-4.322500e+00	2.636969e-05
-4.320000e+00	2.638634e-05
-4.317500e+00	2.640300e-05
-4.315000e+00	2.641968e-05
-4.312500e+00	2.643638e-05
-4.310000e+00	2.645310e-05
-4.307500e+00	2.646985e-05
-4.305000e+00	2.648661e-05
-4.302500e+00	2.650339e-05
-4.300000e+00	2.652019e-05
-4.297500e+00	2.653701e-05
-4.295000e+00	2.655385e-05
-4.292500e+00	2.657071e-05
-4.290000e+00	2.658759e-05
-4.287500e+00	2.660449e-05
-4.285000e+00	2.662142e-05
-4.282500e+00	2.663836e-05
-4.280000e+00	2.665532e-05
-4.277500e+00	2.667230e-05
-4.275000e+00	2.668930e-05
-4.272500e+00	2.670633e-05
-4.270000e+00	2.672337e-05
-4.267500e+00	2.674043e-05
-4.265000e+00	2.675752e-05
-4.262500e+00	2.677462e-05
-4.260000e+00	2.679175e-05
-4.257500e+00	2.680889e-05
-4.255000e+00	2.682606e-05
-4.252500e+00	2.684325e-05
-4.250000e+00	2.686046e-05
-4.247500e+00	2.687768e-05
-4.245000e+00	2.689493e-05
-4.242500e+00	2.691220e-05
-4.240000e+00	2.692949e-05
-4.237500e+00	2.694681e-05
-4.235000e+00	2.696414e-05
-4.232500e+00	2.698149e-05
-4.230000e+00	2.699887e-05
-4.227500e+00	2.701626e-05
-4.225000e+00	2.703368e-05
-4.222500e+00	2.705112e-05
-4.220000e+00	2.706858e-05
-4.217500e+00	2.708606e-05
-4.215000e+00	2.710356e-05
-4.212500e+00	2.712108e-05
-4.210000e+00	2.713863e-05
-4.207500e+00	2.715619e-05
-4.205000e+00	2.717378e-05
-4.202500e+00	2.719139e-05
-4.200000e+00	2.720902e-05
-4.197500e+00	2.722667e-05
-4.195000e+00	2.724434e-05
-4.192500e+00	2.726203e-05
-4.190000e+00	2.727975e-05
-4.187500e+00	2.729749e-05
-4.185000e+00	2.731525e-05
-4.182500e+00	2.733303e-05
-4.180000e+00	2.735083e-05
-4.177500e+00	2.736866e-05
-4.175000e+00	2.738650e-05
-4.172500e+00	2.740437e-05
-4.170000e+00	2.742226e-05
-4.167500e+00	2.744018e-05
-4.165000e+00	2.745811e-05
-4.162500e+00	2.747607e-05
-4.160000e+00	2.749405e-05
-4.157500e+00	2.751205e-05
-4.155000e+00	2.753007e-05
-4.152500e+00	2.754812e-05
-4.150000e+00	2.756618e-05
-4.147500e+00	2.758427e-05
-4.145000e+00	2.760239e-05
-4.142500e+00	2.762052e-05
-4.140000e+00	2.763868e-05
-4.137500e+00	2.765686e-05
-4.135000e+00	2.767506e-05
-4.132500e+00	2.769329e-05
-4.130000e+00	2.771153e-05
-4.127500e+00	2.772981e-05
-4.125000e+00	2.774810e-05
-4.122500e+00	2.776641e-05
-4.120000e+00	2.778475e-05
-4.117500e+00	2.780312e-05
-4.115000e+00	2.782150e-05
-4.112500e+00	2.783991e-05
-4.110000e+00	2.785834e-05
-4.107500e+00	2.787679e-05
-4.105000e+00	2.789527e-05
-4.102500e+00	2.791377e-05
-4.100000e+00	2.793229e-05
-4.097500e+00	2.795084e-05
-4.095000e+00	2.796941e-05
-4.092500e+00	2.798800e-05
-4.090000e+00	2.800661e-05
-4.087500e+00	2.802525e-05
-4.085000e+00	2.804392e-05
-4.082500e+00	2.806260e-05
-4.080000e+00	2.808131e-05
-4.077500e+00	2.810005e-05
-4.075000e+00	2.811880e-05
-4.072500e+00	2.813758e-05
-4.070000e+00	2.815639e-05
-4.067500e+00	2.817522e-05
-4.065000e+00	2.819407e-05
-4.062500e+00	2.821294e-05
-4.060000e+00	2.823184e-05
-4.057500e+00	2.825077e-05
-4.055000e+00	2.826972e-05
-4.052500e+00	2.828869e-05
-4.050000e+00	2.830768e-05
-4.047500e+00	2.832670e-05
-4.045000e+00	2.834575e-05
-4.042500e+00	2.836482e-05
-4.040000e+00	2.838391e-05
-4.037500e+00	2.840303e-05
-4.035000e+00	2.842217e-05
-4.032500e+00	2.844133e-05
-4.030000e+00	2.846052e-05
-4.027500e+00	2.847974e-05
-4.025000e+00	2.849898e-05
-4.022500e+00	2.851824e-05
-4.020000e+00	2.853753e-05
-4.017500e+00	2.855684e-05
-4.015000e+00	2.857618e-05
-4.012500e+00	2.859554e-05
-4.010000e+00	2.861493e-05
-4.007500e+00	2.863434e-05
-4.005000e+00	2.865378e-05
-4.002500e+00	2.867324e-05
-4.000000e+00	2.869273e-05
-3.997500e+00	2.871224e-05
-3.995000e+00	2.873178e-05
-3.992500e+00	2.875134e-05
-3.990000e+00	2.877093e-05
-3.987500e+00	2.879054e-05
-3.985000e+00	2.881018e-05
-3.982500e+00	2.882985e-05
-3.980000e+00	2.884953e-05
-3.977500e+00	2.886925e-05
-3.975000e+00	2.888899e-05
-3.972500e+00	2.890876e-05
-3.970000e+00	2.892855e-05
-3.967500e+00	2.894837e-05
-3.965000e+00	2.896821e-05
-3.962500e+00	2.898808e-05
-3.960000e+00	2.900797e-05
-3.957500e+00	2.902789e-05
-3.955000e+00	2.904784e-05
-3.952500e+00	2.906781e-05
-3.950000e+00	2.908781e-05
-3.947500e+00	2.910784e-05
-3.945000e+00	2.912789e-05
-3.942500e+00	2.914796e-05
-3.940000e+00	2.916807e-05
-3.937500e+00	2.918820e-05
-3.935000e+00	2.920835e-05
-3.932500e+00	2.922854e-05
-3.930000e+00	2.924875e-05
-3.927500e+00	2.926898e-05
-3.925000e+00	2.928924e-05
-3.922500e+00	2.930953e-05
-3.920000e+00	2.932985e-05
-3.917500e+00	2.935019e-05
-3.915000e+00	2.937056e-05
-3.912500e+00	2.939095e-05
-3.910000e+00	2.941138e-05
-3.907500e+00	2.943183e-05
-3.905000e+00	2.945230e-05
-3.902500e+00	2.947281e-05
-3.900000e+00	2.949334e-05
-3.897500e+00	2.951390e-05
-3.895000e+00	2.953448e-05
-3.892500e+00	2.955509e-05
-3.890000e+00	2.957573e-05
-3.887500e+00	2.959640e-05
-3.885000e+00	2.961710e-05
-3.882500e+00	2.963782e-05
-3.880000e+00	2.965857e-05
-3.877500e+00	2.967935e-05
-3.875000e+00	2.970015e-05
-3.872500e+00	2.972098e-05
-3.870000e+00	2.974185e-05
-3.867500e+00	2.976273e-05
-3.865000e+00	2.978365e-05
-3.862500e+00	2.980460e-05
-3.860000e+00	2.982557e-05
-3.857500e+00	2.984657e-05
-3.855000e+00	2.986760e-05
-3.852500e+00	2.988865e-05
-3.850000e+00	2.990974e-05
-3.847500e+00	2.993085e-05
-3.845000e+00	2.995199e-05
-3.842500e+00	2.997316e-05
-3.840000e+00	2.999436e-05
-3.837500e+00	3.001559e-05
-3.835000e+00	3.003685e-05
-3.832500e+00	3.005813e-05
-3.830000e+00	3.007944e-05
-3.827500e+00	3.010079e-05
-3.825000e+00	3.012216e-05
-3.822500e+00	3.014356e-05
-3.820000e+00	3.016499e-05
-3.817500e+00	3.018644e-05
-3.815000e+00	3.020793e-05
-3.812500e+00	3.022945e-05
-3.810000e+00	3.025099e-05
-3.807500e+00	3.027257e-05
-3.805000e+00	3.029417e-05
-3.802500e+00	3.031580e-05
-3.800000e+00	3.033746e-05
-3.797500e+00	3.035916e-05
-3.795000e+00	3.038088e-05
-3.792500e+00	3.040263e-05
-3.790000e+00	3.042441e-05
-3.787500e+00	3.044622e-05
-3.785000e+00	3.046806e-05
-3.782500e+00	3.048993e-05
-3.780000e+00	3.051183e-05
-3.777500e+00	3.053376e-05
-3.775000e+00	3.055572e-05
-3.772500e+00	3.057771e-05
-3.770000e+00	3.059973e-05
-3.767500e+00	3.062178e-05
-3.765000e+00	3.064387e-05
-3.762500e+00	3.066598e-05
-3.760000e+00	3.068812e-05
-3.757500e+00	3.071029e-05
-3.755000e+00	3.073250e-05
-3.752500e+00	3.075473e-05
-3.750000e+00	3.077699e-05
-3.747500e+00	3.079929e-05
-3.745000e+00	3.082161e-05
-3.742500e+00	3.084397e-05
-3.740000e+00	3.086636e-05
-3.737500e+00	3.088878e-05
-3.735000e+00	3.091123e-05
-3.732500e+00	3.093371e-05
-3.730000e+00	3.095622e-05
-3.727500e+00	3.097877e-05
-3.725000e+00	3.100134e-05
-3.722500e+00	3.102395e-05
-3.720000e+00	3.104658e-05
-3.717500e+00	3.106925e-05
-3.715000e+00	3.109196e-05
-3.712500e+00	3.111469e-05
-3.710000e+00	3.113745e-05
-3.707500e+00	3.116025e-05
-3.705000e+00	3.118308e-05
-3.702500e+00	3.120594e-05
-3.700000e+00	3.122883e-05
-3.697500e+00	3.125175e-05
-3.695000e+00	3.127471e-05
-3.692500e+00	3.129770e-05
-3.690000e+00	3.132072e-05
-3.687500e+00	3.134377e-05
-3.685000e+00	3.136686e-05
-3.682500e+00	3.138998e-05
-3.680000e+00	3.141313e-05
-3.677500e+00	3.143631e-05
-3.675000e+00	3.145953e-05
-3.672500e+00	3.148278e-05
-3.670000e+00	3.150606e-05
-3.667500e+00	3.152938e-05
-3.665000e+00	3.155272e-05
-3.662500e+00	3.157611e-05
-3.660000e+00	3.159952e-05
-3.657500e+00	3.162297e-05
-3.655000e+00	3.164645e-05
-3.652500e+00	3.166996e-05
-3.650000e+00	3.169351e-05
-3.647500e+00	3.171709e-05
-3.645000e+00	3.174071e-05
-3.642500e+00	3.176435e-05
-3.640000e+00	3.178804e-05
-3.637500e+00	3.181175e-05
-3.635000e+00	3.183550e-05
-3.632500e+00	3.185928e-05
-3.630000e+00	3.188310e-05
-3.627500e+00	3.190695e-05
-3.625000e+00	3.193084e-05
-3.622500e+00	3.195476e-05
-3.620000e+00	3.197871e-05
-3.617500e+00	3.200270e-05
-3.615000e+00	3.202673e-05
-3.612500e+00	3.205079e-05
-3.610000e+00	3.207488e-05
-3.607500e+00	3.209901e-05
-3.605000e+00	3.212317e-05
-3.602500e+00	3.214736e-05
-3.600000e+00	3.217160e-05
-3.597500e+00	3.219586e-05
-3.595000e+00	3.222016e-05
-3.592500e+00	3.224450e-05
-3.590000e+00	3.226887e-05
-3.587500e+00	3.229328e-05
-3.585000e+00	3.231773e-05
-3.582500e+00	3.234220e-05
-3.580000e+00	3.236672e-05
-3.577500e+00	3.239127e-05
-3.575000e+00	3.241585e-05
-3.572500e+00	3.244047e-05
-3.570000e+00	3.246513e-05
-3.567500e+00	3.248982e-05
-3.565000e+00	3.251455e-05
-3.562500e+00	3.253932e-05
-3.560000e+00	3.256412e-05
-3.557500e+00	3.258896e-05
-3.555000e+00	3.261383e-05
-3.552500e+00	3.263874e-05
-3.550000e+00	3.266369e-05
-3.547500e+00	3.268867e-05
-3.545000e+00	3.271369e-05
-3.542500e+00	3.273875e-05
-3.540000e+00	3.276384e-05
-3.537500e+00	3.278897e-05
-3.535000e+00	3.281414e-05
-3.532500e+00	3.283935e-05
-3.530000e+00	3.286459e-05
-3.527500e+00	3.288987e-05
-3.525000e+00	3.291518e-05
-3.522500e+00	3.294054e-05
-3.520000e+00	3.296593e-05
-3.517500e+00	3.299136e-05
-3.515000e+00	3.301683e-05
-3.512500e+00	3.304233e-05
-3.510000e+00	3.306787e-05
-3.507500e+00	3.309345e-05
-3.505000e+00	3.311907e-05
-3.502500e+00	3.314473e-05
-3.500000e+00	3.317042e-05
-3.497500e+00	3.319616e-05
-3.495000e+00	3.322193e-05
-3.492500e+00	3.324774e-05
-3.490000e+00	3.327358e-05
-3.487500e+00	3.329947e-05
-3.485000e+00	3.332540e-05
-3.482500e+00	3.335136e-05
-3.480000e+00	3.337737e-05
-3.477500e+00	3.340341e-05
-3.475000e+00	3.342949e-05
-3.472500e+00	3.345561e-05
-3.470000e+00	3.348177e-05
-3.467500e+00	3.350797e-05
-3.465000e+00	3.353421e-05
-3.462500e+00	3.356048e-05
-3.460000e+00	3.358680e-05
-3.457500e+00	3.361316e-05
-3.455000e+00	3.363956e-05
-3.452500e+00	3.366599e-05
-3.450000e+00	3.369247e-05
-3.447500e+00	3.371899e-05
-3.445000e+00	3.374554e-05
-3.442500e+00	3.377214e-05
-3.440000e+00	3.379878e-05
-3.437500e+00	3.382546e-05
-3.435000e+00	3.385218e-05
-3.432500e+00	3.387894e-05
-3.430000e+00	3.390574e-05
-3.427500e+00	3.393258e-05
-3.425000e+00	3.395946e-05
-3.422500e+00	3.398638e-05
-3.420000e+00	3.401335e-05
-3.417500e+00	3.404035e-05
-3.415000e+00	3.406740e-05
-3.412500e+00	3.409448e-05
-3.410000e+00	3.412161e-05
-3.407500e+00	3.414878e-05
-3.405000e+00	3.417600e-05
-3.402500e+00	3.420325e-05
-3.400000e+00	3.423055e-05
-3.397500e+00	3.425789e-05
-3.395000e+00	3.428527e-05
-3.392500e+00	3.431269e-05
-3.390000e+00	3.434015e-05
-3.387500e+00	3.436766e-05
-3.385000e+00	3.439521e-05
-3.382500e+00	3.442280e-05
-3.380000e+00	3.445043e-05
-3.377500e+00	3.447811e-05
-3.375000e+00	3.450583e-05
-3.372500e+00	3.453360e-05
-3.370000e+00	3.456140e-05
-3.367500e+00	3.458925e-05
-3.365000e+00	3.461714e-05
-3.362500e+00	3.464508e-05
-3.360000e+00	3.467306e-05
-3.357500e+00	3.470108e-05
-3.355000e+00	3.472915e-05
-3.352500e+00	3.475726e-05
-3.350000e+00	3.478541e-05
-3.347500e+00	3.481361e-05
-3.345000e+00	3.484185e-05
-3.342500e+00	3.487014e-05
-3.340000e+00	3.489847e-05
-3.337500e+00	3.492685e-05
-3.335000e+00	3.495527e-05
-3.332500e+00	3.498373e-05
-3.330000e+00	3.501224e-05
-3.327500e+00	3.504079e-05
-3.325000e+00	3.506939e-05
-3.322500e+00	3.509804e-05
-3.320000e+00	3.512672e-05
-3.317500e+00	3.515546e-05
-3.315000e+00	3.518424e-05
-3.312500e+00	3.521306e-05
-3.310000e+00	3.524193e-05
-3.307500e+00	3.527085e-05
-3.305000e+00	3.529981e-05
-3.302500e+00	3.532882e-05
-3.300000e+00	3.535787e-05
-3.297500e+00	3.538697e-05
-3.295000e+00	3.541612e-05
-3.292500e+00	3.544531e-05
-3.290000e+00	3.547455e-05
-3.287500e+00	3.550384e-05
-3.285000e+00	3.553317e-05
-3.282500e+00	3.556255e-05
-3.280000e+00	3.559198e-05
-3.277500e+00	3.562145e-05
-3.275000e+00	3.565097e-05
-3.272500e+00	3.568054e-05
-3.270000e+00	3.571015e-05
-3.267500e+00	3.573981e-05
-3.265000e+00	3.576952e-05
-3.262500e+00	3.579928e-05
-3.260000e+00	3.582909e-05
-3.257500e+00	3.585894e-05
-3.255000e+00	3.588884e-05
-3.252500e+00	3.591879e-05
-3.250000e+00	3.594879e-05
-3.247500e+00	3.597884e-05
-3.245000e+00	3.600893e-05
-3.242500e+00	3.603908e-05
-3.240000e+00	3.606927e-05
-3.237500e+00	3.609951e-05
-3.235000e+00	3.612980e-05
-3.232500e+00	3.616014e-05
-3.230000e+00	3.619053e-05
-3.227500e+00	3.622097e-05
-3.225000e+00	3.625145e-05
-3.222500e+00	3.628199e-05
-3.220000e+00	3.631258e-05
-3.217500e+00	3.634322e-05
-3.215000e+00	3.637390e-05
-3.212500e+00	3.640464e-05
-3.210000e+00	3.643543e-05
-3.207500e+00	3.646626e-05
-3.205000e+00	3.649715e-05
-3.202500e+00	3.652809e-05
-3.200000e+00	3.655908e-05
-3.197500e+00	3.659012e-05
-3.195000e+00	3.662121e-05
-3.192500e+00	3.665235e-05
-3.190000e+00	3.668355e-05
-3.187500e+00	3.671479e-05
-3.185000e+00	3.674609e-05
-3.182500e+00	3.677744e-05
-3.180000e+00	3.680884e-05
-3.177500e+00	3.684029e-05
-3.175000e+00	3.687179e-05
-3.172500e+00	3.690335e-05
-3.170000e+00	3.693496e-05
-3.167500e+00	3.696662e-05
-3.165000e+00	3.699833e-05
-3.162500e+00	3.703009e-05
-3.160000e+00	3.706191e-05
-3.157500e+00	3.709378e-05
-3.155000e+00	3.712571e-05
-3.152500e+00	3.715769e-05
-3.150000e+00	3.718972e-05
-3.147500e+00	3.722180e-05
-3.145000e+00	3.725394e-05
-3.142500e+00	3.728613e-05
-3.140000e+00	3.731838e-05
-3.137500e+00	3.735068e-05
-3.135000e+00	3.738303e-05
-3.132500e+00	3.741544e-05
-3.130000e+00	3.744790e-05
-3.127500e+00	3.748042e-05
-3.125000e+00	3.751299e-05
-3.122500e+00	3.754562e-05
-3.120000e+00	3.757830e-05
-3.117500e+00	3.761103e-05
-3.115000e+00	3.764383e-05
-3.112500e+00	3.767667e-05
-3.110000e+00	3.770958e-05
-3.107500e+00	3.774253e-05
-3.105000e+00	3.777555e-05
-3.102500e+00	3.780862e-05
-3.100000e+00	3.784174e-05
-3.097500e+00	3.787493e-05
-3.095000e+00	3.790817e-05
-3.092500e+00	3.794146e-05
-3.090000e+00	3.797481e-05
-3.087500e+00	3.800822e-05
-3.085000e+00	3.804169e-05
-3.082500e+00	3.807521e-05
-3.080000e+00	3.810879e-05
-3.077500e+00	3.814243e-05
-3.075000e+00	3.817613e-05
-3.072500e+00	3.820988e-05
-3.070000e+00	3.824369e-05
-3.067500e+00	3.827756e-05
-3.065000e+00	3.831149e-05
-3.062500e+00	3.834547e-05
-3.060000e+00	3.837951e-05
-3.057500e+00	3.841362e-05
-3.055000e+00	3.844778e-05
-3.052500e+00	3.848200e-05
-3.050000e+00	3.851628e-05
-3.047500e+00	3.855062e-05
-3.045000e+00	3.858501e-05
-3.042500e+00	3.861947e-05
-3.040000e+00	3.865399e-05
-3.037500e+00	3.868856e-05
-3.035000e+00	3.872320e-05
-3.032500e+00	3.875790e-05
-3.030000e+00	3.879266e-05
-3.027500e+00	3.882747e-05
-3.025000e+00	3.886235e-05
-3.022500e+00	3.889729e-05
-3.020000e+00	3.893229e-05
-3.017500e+00	3.896735e-05
-3.015000e+00	3.900247e-05
-3.012500e+00	3.903766e-05
-3.010000e+00	3.907290e-05
-3.007500e+00	3.910821e-05
-3.005000e+00	3.914358e-05
-3.002500e+00	3.917901e-05
-3.000000e+00	3.921450e-05
-2.997500e+00	3.925006e-05
-2.995000e+00	3.928568e-05
-2.992500e+00	3.932136e-05
-2.990000e+00	3.935710e-05
-2.987500e+00	3.939291e-05
-2.985000e+00	3.942878e-05
-2.982500e+00	3.946471e-05
-2.980000e+00	3.950071e-05
-2.977500e+00	3.953677e-05
-2.975000e+00	3.957290e-05
-2.972500e+00	3.960909e-05
-2.970000e+00	3.964534e-05
-2.967500e+00	3.968166e-05
-2.965000e+00	3.971804e-05
-2.962500e+00	3.975449e-05
-2.960000e+00	3.979100e-05
-2.957500e+00	3.982758e-05
-2.955000e+00	3.986422e-05
-2.952500e+00	3.990093e-05
-2.950000e+00	3.993770e-05
-2.947500e+00	3.997454e-05
-2.945000e+00	4.001145e-05
-2.942500e+00	4.004842e-05
-2.940000e+00	4.008546e-05
-2.937500e+00	4.012256e-05
-2.935000e+00	4.015973e-05
-2.932500e+00	4.019697e-05
-2.930000e+00	4.023427e-05
-2.927500e+00	4.027165e-05
-2.925000e+00	4.030909e-05
-2.922500e+00	4.034659e-05
-2.920000e+00	4.038417e-05
-2.917500e+00	4.042181e-05
-2.915000e+00	4.045952e-05
-2.912500e+00	4.049730e-05
-2.910000e+00	4.053515e-05
-2.907500e+00	4.057307e-05
-2.905000e+00	4.061105e-05
-2.902500e+00	4.064911e-05
-2.900000e+00	4.068723e-05
-2.897500e+00	4.072543e-05
-2.895000e+00	4.076369e-05
-2.892500e+00	4.080202e-05
-2.890000e+00	4.084043e-05
-2.887500e+00	4.087890e-05
-2.885000e+00	4.091745e-05
-2.882500e+00	4.095606e-05
-2.880000e+00	4.099475e-05
-2.877500e+00	4.103350e-05
-2.875000e+00	4.107233e-05
-2.872500e+00	4.111123e-05
-2.870000e+00	4.115020e-05
-2.867500e+00	4.118924e-05
-2.865000e+00	4.122836e-05
-2.862500e+00	4.126754e-05
-2.860000e+00	4.130680e-05
-2.857500e+00	4.134613e-05
-2.855000e+00	4.138554e-05
-2.852500e+00	4.142502e-05
-2.850000e+00	4.146457e-05
-2.847500e+00	4.150419e-05
-2.845000e+00	4.154389e-05
-2.842500e+00	4.158366e-05
-2.840000e+00	4.162351e-05
-2.837500e+00	4.166343e-05
-2.835000e+00	4.170342e-05
-2.832500e+00	4.174349e-05
-2.830000e+00	4.178363e-05
-2.827500e+00	4.182385e-05
-2.825000e+00	4.186415e-05
-2.822500e+00	4.190452e-05
-2.820000e+00	4.194496e-05
-2.817500e+00	4.198548e-05
-2.815000e+00	4.202608e-05
-2.812500e+00	4.206675e-05
-2.810000e+00	4.210751e-05
-2.807500e+00	4.214833e-05
-2.805000e+00	4.218924e-05
-2.802500e+00	4.223022e-05
-2.800000e+00	4.227128e-05
-2.797500e+00	4.231241e-05
-2.795000e+00	4.235363e-05
-2.792500e+00	4.239492e-05
-2.790000e+00	4.243629e-05
-2.787500e+00	4.247774e-05
-2.785000e+00	4.251927e-05
-2.782500e+00	4.256087e-05
-2.780000e+00	4.260256e-05
-2.777500e+00	4.264432e-05
-2.775000e+00	4.268617e-05
-2.772500e+00	4.272809e-05
-2.770000e+00	4.277010e-05
-2.767500e+00	4.281219e-05
-2.765000e+00	4.285435e-05
-2.762500e+00	4.289660e-05
-2.760000e+00	4.293893e-05
-2.757500e+00	4.298133e-05
-2.755000e+00	4.302383e-05
-2.752500e+00	4.306640e-05
-2.750000e+00	4.310905e-05
-2.747500e+00	4.315179e-05
-2.745000e+00	4.319461e-05
-2.742500e+00	4.323751e-05
-2.740000e+00	4.328049e-05
-2.737500e+00	4.332356e-05
-2.735000e+00	4.336671e-05
-2.732500e+00	4.340995e-05
-2.730000e+00	4.345326e-05
-2.727500e+00	4.349667e-05
-2.725000e+00	4.354015e-05
-2.722500e+00	4.358372e-05
-2.720000e+00	4.362738e-05
-2.717500e+00	4.367112e-05
-2.715000e+00	4.371495e-05
-2.712500e+00	4.375886e-05
-2.710000e+00	4.380286e-05
-2.707500e+00	4.384694e-05
-2.705000e+00	4.389111e-05
-2.702500e+00	4.393537e-05
-2.700000e+00	4.397971e-05
-2.697500e+00	4.402415e-05
-2.695000e+00	4.406866e-05
-2.692500e+00	4.411327e-05
-2.690000e+00	4.415796e-05
-2.687500e+00	4.420275e-05
-2.685000e+00	4.424762e-05
-2.682500e+00	4.429257e-05
-2.680000e+00	4.433762e-05
-2.677500e+00	4.438276e-05
-2.675000e+00	4.442799e-05
-2.672500e+00	4.447330e-05
-2.670000e+00	4.451871e-05
-2.667500e+00	4.456420e-05
-2.665000e+00	4.460979e-05
-2.662500e+00	4.465547e-05
-2.660000e+00	4.470124e-05
-2.657500e+00	4.474710e-05
-2.655000e+00	4.479305e-05
-2.652500e+00	4.483909e-05
-2.650000e+00	4.488523e-05
-2.647500e+00	4.493146e-05
-2.645000e+00	4.497778e-05
-2.642500e+00	4.502419e-05
-2.640000e+00	4.507070e-05
-2.637500e+00	4.511730e-05
-2.635000e+00	4.516399e-05
-2.632500e+00	4.521078e-05
-2.630000e+00	4.525766e-05
-2.627500e+00	4.530464e-05
-2.625000e+00	4.535171e-05
-2.622500e+00	4.539888e-05
-2.620000e+00	4.544614e-05
-2.617500e+00	4.549350e-05
-2.615000e+00	4.554095e-05
-2.612500e+00	4.558850e-05
-2.610000e+00	4.563615e-05
-2.607500e+00	4.568389e-05
-2.605000e+00	4.573173e-05
-2.602500e+00	4.577967e-05
-2.600000e+00	4.582771e-05
-2.597500e+00	4.587584e-05
-2.595000e+00	4.592408e-05
-2.592500e+00	4.597241e-05
-2.590000e+00	4.602084e-05
-2.587500e+00	4.606937e-05
-2.585000e+00	4.611800e-05
-2.582500e+00	4.616673e-05
-2.580000e+00	4.621556e-05
-2.577500e+00	4.626449e-05
-2.575000e+00	4.631352e-05
-2.572500e+00	4.636265e-05
-2.570000e+00	4.641189e-05
-2.567500e+00	4.646122e-05
-2.565000e+00	4.651066e-05
-2.562500e+00	4.656020e-05
-2.560000e+00	4.660984e-05
-2.557500e+00	4.665959e-05
-2.555000e+00	4.670944e-05
-2.552500e+00	4.675939e-05
-2.550000e+00	4.680945e-05
-2.547500e+00	4.685961e-05
-2.545000e+00	4.690987e-05
-2.542500e+00	4.696024e-05
-2.540000e+00	4.701072e-05
-2.537500e+00	4.706130e-05
-2.535000e+00	4.711199e-05
-2.532500e+00	4.716278e-05
-2.530000e+00	4.721368e-05
-2.527500e+00	4.726469e-05
-2.525000e+00	4.731580e-05
-2.522500e+00	4.736702e-05
-2.520000e+00	4.741835e-05
-2.517500e+00	4.746979e-05
-2.515000e+00	4.752134e-05
-2.512500e+00	4.757299e-05
-2.510000e+00	4.762476e-05
-2.507500e+00	4.767663e-05
-2.505000e+00	4.772861e-05
-2.502500e+00	4.778071e-05
-2.500000e+00	4.783291e-05
-2.497500e+00	4.788523e-05
-2.495000e+00	4.793766e-05
-2.492500e+00	4.799020e-05
-2.490000e+00	4.804285e-05
-2.487500e+00	4.809561e-05
-2.485000e+00	4.814849e-05
-2.482500e+00	4.820148e-05
-2.480000e+00	4.825458e-05
-2.477500e+00	4.830780e-05
-2.475000e+00	4.836113e-05
-2.472500e+00	4.841457e-05
-2.470000e+00	4.846813e-05
-2.467500e+00	4.852181e-05
-2.465000e+00	4.857560e-05
-2.462500e+00	4.862951e-05
-2.460000e+00	4.868353e-05
-2.457500e+00	4.873767e-05
-2.455000e+00	4.879193e-05
-2.452500e+00	4.884630e-05
-2.450000e+00	4.890080e-05
-2.447500e+00	4.895541e-05
-2.445000e+00	4.901014e-05
-2.442500e+00	4.906498e-05
-2.440000e+00	4.911995e-05
-2.437500e+00	4.917504e-05
-2.435000e+00	4.923025e-05
-2.432500e+00	4.928558e-05
-2.430000e+00	4.934103e-05
-2.427500e+00	4.939660e-05
-2.425000e+00	4.945229e-05
-2.422500e+00	4.950810e-05
-2.420000e+00	4.956404e-05
-2.417500e+00	4.962010e-05
-2.415000e+00	4.967629e-05
-2.412500e+00	4.973259e-05
-2.410000e+00	4.978902e-05
-2.407500e+00	4.984558e-05
-2.405000e+00	4.990226e-05
-2.402500e+00	4.995907e-05
-2.400000e+00	5.001600e-05
-2.397500e+00	5.007306e-05
-2.395000e+00	5.013024e-05
-2.392500e+00	5.018755e-05
-2.390000e+00	5.024499e-05
-2.387500e+00	5.030256e-05
-2.385000e+00	5.036025e-05
-2.382500e+00	5.041807e-05
-2.380000e+00	5.047603e-05
-2.377500e+00	5.053411e-05
-2.375000e+00	5.059232e-05
-2.372500e+00	5.065066e-05
-2.370000e+00	5.070914e-05
-2.367500e+00	5.076774e-05
-2.365000e+00	5.082648e-05
-2.362500e+00	5.088534e-05
-2.360000e+00	5.094434e-05
-2.357500e+00	5.100348e-05
-2.355000e+00	5.106274e-05
-2.352500e+00	5.112215e-05
-2.350000e+00	5.118168e-05
-2.347500e+00	5.124135e-05
-2.345000e+00	5.130116e-05
-2.342500e+00	5.136110e-05
-2.340000e+00	5.142117e-05
-2.337500e+00	5.148139e-05
-2.335000e+00	5.154174e-05
-2.332500e+00	5.160222e-05
-2.330000e+00	5.166285e-05
-2.327500e+00	5.172361e-05
-2.325000e+00	5.178452e-05
-2.322500e+00	5.184556e-05
-2.320000e+00	5.190674e-05
-2.317500e+00	5.196806e-05
-2.315000e+00	5.202952e-05
-2.312500e+00	5.209113e-05
-2.310000e+00	5.215287e-05
-2.307500e+00	5.221476e-05
-2.305000e+00	5.227679e-05
-2.302500e+00	5.233897e-05
-2.300000e+00	5.240128e-05
-2.297500e+00	5.246375e-05
-2.295000e+00	5.252635e-05
-2.292500e+00	5.258910e-05
-2.290000e+00	5.265200e-05
-2.287500e+00	5.271504e-05
-2.285000e+00	5.277823e-05
-2.282500e+00	5.284157e-05
-2.280000e+00	5.290505e-05
-2.277500e+00	5.296868e-05
-2.275000e+00	5.303246e-05
-2.272500e+00	5.309639e-05
-2.270000e+00	5.316047e-05
-2.267500e+00	5.322470e-05
-2.265000e+00	5.328908e-05
-2.262500e+00	5.335361e-05
-2.260000e+00	5.341829e-05
-2.257500e+00	5.348313e-05
-2.255000e+00	5.354812e-05
-2.252500e+00	5.361326e-05
-2.250000e+00	5.367855e-05
-2.247500e+00	5.374400e-05
-2.245000e+00	5.380961e-05
-2.242500e+00	5.387537e-05
-2.240000e+00	5.394128e-05
-2.237500e+00	5.400735e-05
-2.235000e+00	5.407358e-05
-2.232500e+00	5.413997e-05
-2.230000e+00	5.420651e-05
-2.227500e+00	5.427321e-05
-2.225000e+00	5.434008e-05
-2.222500e+00	5.440710e-05
-2.220000e+00	5.447428e-05
-2.217500e+00	5.454162e-05
-2.215000e+00	5.460913e-05
-2.212500e+00	5.467680e-05
-2.210000e+00	5.474462e-05
-2.207500e+00	5.481262e-05
-2.205000e+00	5.488077e-05
-2.202500e+00	5.494909e-05
-2.200000e+00	5.501758e-05
-2.197500e+00	5.508623e-05
-2.195000e+00	5.515505e-05
-2.192500e+00	5.522403e-05
-2.190000e+00	5.529318e-05
-2.187500e+00	5.536250e-05
-2.185000e+00	5.543199e-05
-2.182500e+00	5.550164e-05
-2.180000e+00	5.557147e-05
-2.177500e+00	5.564146e-05
-2.175000e+00	5.571163e-05
-2.172500e+00	5.578197e-05
-2.170000e+00	5.585248e-05
-2.167500e+00	5.592316e-05
-2.165000e+00	5.599402e-05
-2.162500e+00	5.606505e-05
-2.160000e+00	5.613625e-05
-2.157500e+00	5.620763e-05
-2.155000e+00	5.627919e-05
-2.152500e+00	5.635092e-05
-2.150000e+00	5.642283e-05
-2.147500e+00	5.649492e-05
-2.145000e+00	5.656718e-05
-2.142500e+00	5.663963e-05
-2.140000e+00	5.671225e-05
-2.137500e+00	5.678506e-05
-2.135000e+00	5.685804e-05
-2.132500e+00	5.693121e-05
-2.130000e+00	5.700456e-05
-2.127500e+00	5.707809e-05
-2.125000e+00	5.715181e-05
-2.122500e+00	5.722570e-05
-2.120000e+00	5.729979e-05
-2.117500e+00	5.737406e-05
-2.115000e+00	5.744852e-05
-2.112500e+00	5.752316e-05
-2.110000e+00	5.759799e-05
-2.107500e+00	5.767301e-05
-2.105000e+00	5.774822e-05
-2.102500e+00	5.782362e-05
-2.100000e+00	5.789921e-05
-2.097500e+00	5.797499e-05
-2.095000e+00	5.805096e-05
-2.092500e+00	5.812712e-05
-2.090000e+00	5.820348e-05
-2.087500e+00	5.828003e-05
-2.085000e+00	5.835678e-05
-2.082500e+00	5.843372e-05
-2.080000e+00	5.851086e-05
-2.077500e+00	5.858819e-05
-2.075000e+00	5.866573e-05
-2.072500e+00	5.874346e-05
-2.070000e+00	5.882139e-05
-2.067500e+00	5.889952e-05
-2.065000e+00	5.897785e-05
-2.062500e+00	5.905638e-05
-2.060000e+00	5.913511e-05
-2.057500e+00	5.921405e-05
-2.055000e+00	5.929319e-05
-2.052500e+00	5.937253e-05
-2.050000e+00	5.945208e-05
-2.047500e+00	5.953184e-05
-2.045000e+00	5.961180e-05
-2.042500e+00	5.969197e-05
-2.040000e+00	5.977234e-05
-2.037500e+00	5.985293e-05
-2.035000e+00	5.993373e-05
-2.032500e+00	6.001473e-05
-2.030000e+00	6.009595e-05
-2.027500e+00	6.017738e-05
-2.025000e+00	6.025903e-05
-2.022500e+00	6.034088e-05
-2.020000e+00	6.042295e-05
-2.017500e+00	6.050524e-05
-2.015000e+00	6.058774e-05
-2.012500e+00	6.067047e-05
-2.010000e+00	6.075340e-05
-2.007500e+00	6.083656e-05
-2.005000e+00	6.091994e-05
-2.002500e+00	6.100354e-05
-2.000000e+00	6.108735e-05
-1.997500e+00	6.117139e-05
-1.995000e+00	6.125566e-05
-1.992500e+00	6.134015e-05
-1.990000e+00	6.142486e-05
-1.987500e+00	6.150980e-05
-1.985000e+00	6.159496e-05
-1.982500e+00	6.168035e-05
-1.980000e+00	6.176597e-05
-1.977500e+00	6.185182e-05
-1.975000e+00	6.193790e-05
-1.972500e+00	6.202421e-05
-1.970000e+00	6.211075e-05
-1.967500e+00	6.219752e-05
-1.965000e+00	6.228453e-05
-1.962500e+00	6.237177e-05
-1.960000e+00	6.245925e-05
-1.957500e+00	6.254696e-05
-1.955000e+00	6.263491e-05
-1.952500e+00	6.272310e-05
-1.950000e+00	6.281153e-05
-1.947500e+00	6.290020e-05
-1.945000e+00	6.298911e-05
-1.942500e+00	6.307826e-05
-1.940000e+00	6.316766e-05
-1.937500e+00	6.325729e-05
-1.935000e+00	6.334718e-05
-1.932500e+00	6.343730e-05
-1.930000e+00	6.352768e-05
-1.927500e+00	6.361830e-05
-1.925000e+00	6.370917e-05
-1.922500e+00	6.380030e-05
-1.920000e+00	6.389167e-05
-1.917500e+00	6.398329e-05
-1.915000e+00	6.407517e-05
-1.912500e+00	6.416730e-05
-1.910000e+00	6.425968e-05
-1.907500e+00	6.435232e-05
-1.905000e+00	6.444522e-05
-1.902500e+00	6.453838e-05
-1.900000e+00	6.463179e-05
-1.897500e+00	6.472547e-05
-1.895000e+00	6.481940e-05
-1.892500e+00	6.491360e-05
-1.890000e+00	6.500806e-05
-1.887500e+00	6.510278e-05
-1.885000e+00	6.519777e-05
-1.882500e+00	6.529303e-05
-1.880000e+00	6.538855e-05
-1.877500e+00	6.548434e-05
-1.875000e+00	6.558040e-05
-1.872500e+00	6.567673e-05
-1.870000e+00	6.577333e-05
-1.867500e+00	6.587021e-05
-1.865000e+00	6.596736e-05
-1.862500e+00	6.606478e-05
-1.860000e+00	6.616248e-05
-1.857500e+00	6.626046e-05
-1.855000e+00	6.635872e-05
-1.852500e+00	6.645725e-05
-1.850000e+00	6.655607e-05
-1.847500e+00	6.665517e-05
-1.845000e+00	6.675455e-05
-1.842500e+00	6.685421e-05
-1.840000e+00	6.695416e-05
-1.837500e+00	6.705440e-05
-1.835000e+00	6.715493e-05
-1.832500e+00	6.725574e-05
-1.830000e+00	6.735684e-05
-1.827500e+00	6.745824e-05
-1.825000e+00	6.755993e-05
-1.822500e+00	6.766191e-05
-1.820000e+00	6.776418e-05
-1.817500e+00	6.786676e-05
-1.815000e+00	6.796963e-05
-1.812500e+00	6.807279e-05
-1.810000e+00	6.817626e-05
-1.807500e+00	6.828003e-05
-1.805000e+00	6.838410e-05
-1.802500e+00	6.848848e-05
-1.800000e+00	6.859316e-05
-1.797500e+00	6.869815e-05
-1.795000e+00	6.880344e-05
-1.792500e+00	6.890904e-05
-1.790000e+00	6.901496e-05
-1.787500e+00	6.912118e-05
-1.785000e+00	6.922772e-05
-1.782500e+00	6.933457e-05
-1.780000e+00	6.944174e-05
-1.777500e+00	6.954922e-05
-1.775000e+00	6.965702e-05
-1.772500e+00	6.976514e-05
-1.770000e+00	6.987358e-05
-1.767500e+00	6.998235e-05
-1.765000e+00	7.009143e-05
-1.762500e+00	7.020085e-05
-1.760000e+00	7.031058e-05
-1.757500e+00	7.042065e-05
-1.755000e+00	7.053105e-05
-1.752500e+00	7.064177e-05
-1.750000e+00	7.075283e-05
-1.747500e+00	7.086422e-05
-1.745000e+00	7.097595e-05
-1.742500e+00	7.108801e-05
-1.740000e+00	7.120041e-05
-1.737500e+00	7.131315e-05
-1.735000e+00	7.142623e-05
-1.732500e+00	7.153965e-05
-1.730000e+00	7.165342e-05
-1.727500e+00	7.176753e-05
-1.725000e+00	7.188199e-05
-1.722500e+00	7.199679e-05
-1.720000e+00	7.211195e-05
-1.717500e+00	7.222745e-05
-1.715000e+00	7.234331e-05
-1.712500e+00	7.245953e-05
-1.710000e+00	7.257609e-05
-1.707500e+00	7.269302e-05
-1.705000e+00	7.281031e-05
-1.702500e+00	7.292795e-05
-1.700000e+00	7.304596e-05
-1.697500e+00	7.316433e-05
-1.695000e+00	7.328307e-05
-1.692500e+00	7.340217e-05
-1.690000e+00	7.352165e-05
-1.687500e+00	7.364149e-05
-1.685000e+00	7.376170e-05
-1.682500e+00	7.388229e-05
-1.680000e+00	7.400325e-05
-1.677500e+00	7.412459e-05
-1.675000e+00	7.424631e-05
-1.672500e+00	7.436841e-05
-1.670000e+00	7.449089e-05
-1.667500e+00	7.461375e-05
-1.665000e+00	7.473700e-05
-1.662500e+00	7.486064e-05
-1.660000e+00	7.498467e-05
-1.657500e+00	7.510908e-05
-1.655000e+00	7.523389e-05
-1.652500e+00	7.535909e-05
-1.650000e+00	7.548469e-05
-1.647500e+00	7.561068e-05
-1.645000e+00	7.573708e-05
-1.642500e+00	7.586387e-05
-1.640000e+00	7.599107e-05
-1.637500e+00	7.611868e-05
-1.635000e+00	7.624669e-05
-1.632500e+00	7.637511e-05
-1.630000e+00	7.650394e-05
-1.627500e+00	7.663318e-05
-1.625000e+00	7.676283e-05
-1.622500e+00	7.689291e-05
-1.620000e+00	7.702340e-05
-1.617500e+00	7.715431e-05
-1.615000e+00	7.728564e-05
-1.612500e+00	7.741739e-05
-1.610000e+00	7.754958e-05
-1.607500e+00	7.768219e-05
-1.605000e+00	7.781522e-05
-1.602500e+00	7.794869e-05
-1.600000e+00	7.808260e-05
-1.597500e+00	7.821694e-05
-1.595000e+00	7.835172e-05
-1.592500e+00	7.848693e-05
-1.590000e+00	7.862259e-05
-1.587500e+00	7.875869e-05
-1.585000e+00	7.889524e-05
-1.582500e+00	7.903224e-05
-1.580000e+00	7.916969e-05
-1.577500e+00	7.930759e-05
-1.575000e+00	7.944594e-05
-1.572500e+00	7.958475e-05
-1.570000e+00	7.972402e-05
-1.567500e+00	7.986375e-05
-1.565000e+00	8.000394e-05
-1.562500e+00	8.014459e-05
-1.560000e+00	8.028572e-05
-1.557500e+00	8.042731e-05
-1.555000e+00	8.056938e-05
-1.552500e+00	8.071192e-05
-1.550000e+00	8.085493e-05
-1.547500e+00	8.099843e-05
-1.545000e+00	8.114240e-05
-1.542500e+00	8.128686e-05
-1.540000e+00	8.143180e-05
-1.537500e+00	8.157723e-05
-1.535000e+00	8.172315e-05
-1.532500e+00	8.186957e-05
-1.530000e+00	8.201648e-05
-1.527500e+00	8.216388e-05
-1.525000e+00	8.231179e-05
-1.522500e+00	8.246019e-05
-1.520000e+00	8.260910e-05
-1.517500e+00	8.275852e-05
-1.515000e+00	8.290845e-05
-1.512500e+00	8.305889e-05
-1.510000e+00	8.320984e-05
-1.507500e+00	8.336131e-05
-1.505000e+00	8.351330e-05
-1.502500e+00	8.366581e-05
-1.500000e+00	8.381884e-05
-1.497500e+00	8.397240e-05
-1.495000e+00	8.412649e-05
-1.492500e+00	8.428111e-05
-1.490000e+00	8.443627e-05
-1.487500e+00	8.459196e-05
-1.485000e+00	8.474820e-05
-1.482500e+00	8.490498e-05
-1.480000e+00	8.506230e-05
-1.477500e+00	8.522017e-05
-1.475000e+00	8.537859e-05
-1.472500e+00	8.553756e-05
-1.470000e+00	8.569709e-05
-1.467500e+00	8.585718e-05
-1.465000e+00	8.601783e-05
-1.462500e+00	8.617904e-05
-1.460000e+00	8.634082e-05
-1.457500e+00	8.650317e-05
-1.455000e+00	8.666610e-05
-1.452500e+00	8.682960e-05
-1.450000e+00	8.699368e-05
-1.447500e+00	8.715833e-05
-1.445000e+00	8.732358e-05
-1.442500e+00	8.748941e-05
-1.440000e+00	8.765583e-05
-1.437500e+00	8.782285e-05
-1.435000e+00	8.799046e-05
-1.432500e+00	8.815867e-05
-1.430000e+00	8.832748e-05
-1.427500e+00	8.849690e-05
-1.425000e+00	8.866693e-05
-1.422500e+00	8.883757e-05
-1.420000e+00	8.900882e-05
-1.417500e+00	8.918069e-05
-1.415000e+00	8.935318e-05
-1.412500e+00	8.952630e-05
-1.410000e+00	8.970004e-05
-1.407500e+00	8.987441e-05
-1.405000e+00	9.004942e-05
-1.402500e+00	9.022506e-05
-1.400000e+00	9.040135e-05
-1.397500e+00	9.057828e-05
-1.395000e+00	9.075585e-05
-1.392500e+00	9.093408e-05
-1.390000e+00	9.111296e-05
-1.387500e+00	9.129249e-05
-1.385000e+00	9.147269e-05
-1.382500e+00	9.165355e-05
-1.380000e+00	9.183508e-05
-1.377500e+00	9.201727e-05
-1.375000e+00	9.220015e-05
-1.372500e+00	9.238370e-05
-1.370000e+00	9.256793e-05
-1.367500e+00	9.275284e-05
-1.365000e+00	9.293845e-05
-1.362500e+00	9.312475e-05
-1.360000e+00	9.331174e-05
-1.357500e+00	9.349943e-05
-1.355000e+00	9.368783e-05
-1.352500e+00	9.387693e-05
-1.350000e+00	9.406674e-05
-1.347500e+00	9.425727e-05
-1.345000e+00	9.444852e-05
-1.342500e+00	9.464048e-05
-1.340000e+00	9.483318e-05
-1.337500e+00	9.502660e-05
-1.335000e+00	9.522076e-05
-1.332500e+00	9.541565e-05
-1.330000e+00	9.561129e-05
-1.327500e+00	9.580767e-05
-1.325000e+00	9.600480e-05
-1.322500e+00	9.620268e-05
-1.320000e+00	9.640132e-05
-1.317500e+00	9.660073e-05
-1.315000e+00	9.680089e-05
-1.312500e+00	9.700183e-05
-1.310000e+00	9.720355e-05
-1.307500e+00	9.740604e-05
-1.305000e+00	9.760931e-05
-1.302500e+00	9.781337e-05
-1.300000e+00	9.801822e-05
-1.297500e+00	9.822387e-05
-1.295000e+00	9.843031e-05
-1.292500e+00	9.863756e-05
-1.290000e+00	9.884562e-05
-1.287500e+00	9.905449e-05
-1.285000e+00	9.926418e-05
-1.282500e+00	9.947469e-05
-1.280000e+00	9.968603e-05
-1.277500e+00	9.989819e-05
-1.275000e+00	1.001112e-04
-1.272500e+00	1.003250e-04
-1.270000e+00	1.005397e-04
-1.267500e+00	1.007553e-04
-1.265000e+00	1.009717e-04
-1.262500e+00	1.011889e-04
-1.260000e+00	1.014070e-04
-1.257500e+00	1.016260e-04
-1.255000e+00	1.018459e-04
-1.252500e+00	1.020666e-04
-1.250000e+00	1.022882e-04
-1.247500e+00	1.025107e-04
-1.245000e+00	1.027341e-04
-1.242500e+00	1.029584e-04
-1.240000e+00	1.031836e-04
-1.237500e+00	1.034097e-04
-1.235000e+00	1.036368e-04
-1.232500e+00	1.038647e-04
-1.230000e+00	1.040936e-04
-1.227500e+00	1.043234e-04
-1.225000e+00	1.045541e-04
-1.222500e+00	1.047858e-04
-1.220000e+00	1.050184e-04
-1.217500e+00	1.052519e-04
-1.215000e+00	1.054865e-04
-1.212500e+00	1.057219e-04
-1.210000e+00	1.059584e-04
-1.207500e+00	1.061958e-04
-1.205000e+00	1.064342e-04
-1.202500e+00	1.066736e-04
-1.200000e+00	1.069140e-04
-1.197500e+00	1.071553e-04
-1.195000e+00	1.073977e-04
-1.192500e+00	1.076411e-04
-1.190000e+00	1.078855e-04
-1.187500e+00	1.081309e-04
-1.185000e+00	1.083773e-04
-1.182500e+00	1.086248e-04
-1.180000e+00	1.088733e-04
-1.177500e+00	1.091228e-04
-1.175000e+00	1.093734e-04
-1.172500e+00	1.096251e-04
-1.170000e+00	1.098778e-04
-1.167500e+00	1.101316e-04
-1.165000e+00	1.103864e-04
-1.162500e+00	1.106423e-04
-1.160000e+00	1.108994e-04
-1.157500e+00	1.111575e-04
-1.155000e+00	1.114167e-04
-1.152500e+00	1.116770e-04
-1.150000e+00	1.119384e-04
-1.147500e+00	1.122010e-04
-1.145000e+00	1.124647e-04
-1.142500e+00	1.127295e-04
-1.140000e+00	1.129954e-04
-1.137500e+00	1.132625e-04
-1.135000e+00	1.135307e-04
-1.132500e+00	1.138002e-04
-1.130000e+00	1.140707e-04
-1.127500e+00	1.143425e-04
-1.125000e+00	1.146154e-04
-1.122500e+00	1.148895e-04
-1.120000e+00	1.151648e-04
-1.117500e+00	1.154414e-04
-1.115000e+00	1.157191e-04
-1.112500e+00	1.159980e-04
-1.110000e+00	1.162782e-04
-1.107500e+00	1.165596e-04
-1.105000e+00	1.168423e-04
-1.102500e+00	1.171261e-04
-1.100000e+00	1.174113e-04
-1.097500e+00	1.176977e-04
-1.095000e+00	1.179854e-04
-1.092500e+00	1.182744e-04
-1.090000e+00	1.185646e-04
-1.087500e+00	1.188562e-04
-1.085000e+00	1.191490e-04
-1.082500e+00	1.194432e-04
-1.080000e+00	1.197386e-04
-1.077500e+00	1.200355e-04
-1.075000e+00	1.203336e-04
-1.072500e+00	1.206331e-04
-1.070000e+00	1.209339e-04
-1.067500e+00	1.212361e-04
-1.065000e+00	1.215397e-04
-1.062500e+00	1.218446e-04
-1.060000e+00	1.221510e-04
-1.057500e+00	1.224587e-04
-1.055000e+00	1.227679e-04
-1.052500e+00	1.230784e-04
-1.050000e+00	1.233904e-04
-1.047500e+00	1.237038e-04
-1.045000e+00	1.240187e-04
-1.042500e+00	1.243350e-04
-1.040000e+00	1.246527e-04
-1.037500e+00	1.249719e-04
-1.035000e+00	1.252926e-04
-1.032500e+00	1.256148e-04
-1.030000e+00	1.259385e-04
-1.027500e+00	1.262637e-04
-1.025000e+00	1.265905e-04
-1.022500e+00	1.269187e-04
-1.020000e+00	1.272485e-04
-1.017500e+00	1.275798e-04
-1.015000e+00	1.279127e-04
-1.012500e+00	1.282472e-04
-1.010000e+00	1.285832e-04
-1.007500e+00	1.289208e-04
-1.005000e+00	1.292600e-04
-1.002500e+00	1.296008e-04
-1.000000e+00	1.299433e-04
-9.975000e-01	1.302874e-04
-9.950000e-01	1.306331e-04
-9.925000e-01	1.309804e-04
-9.900000e-01	1.313295e-04
-9.875000e-01	1.316802e-04
-9.850000e-01	1.320326e-04
-9.825000e-01	1.323866e-04
-9.800000e-01	1.327424e-04
-9.775000e-01	1.330999e-04
-9.750000e-01	1.334592e-04
-9.725000e-01	1.338202e-04
-9.700000e-01	1.341829e-04
-9.675000e-01	1.345474e-04
-9.650000e-01	1.349137e-04
-9.625000e-01	1.352817e-04
-9.600000e-01	1.356516e-04
-9.575000e-01	1.360233e-04
-9.550000e-01	1.363968e-04
-9.525000e-01	1.367722e-04
-9.500000e-01	1.371493e-04
-9.475000e-01	1.375284e-04
-9.450000e-01	1.379093e-04
-9.425000e-01	1.382922e-04
-9.400000e-01	1.386769e-04
-9.375000e-01	1.390636e-04
-9.350000e-01	1.394521e-04
-9.325000e-01	1.398426e-04
-9.300000e-01	1.402351e-04
-9.275000e-01	1.406296e-04
-9.250000e-01	1.410260e-04
-9.225000e-01	1.414244e-04
-9.200000e-01	1.418248e-04
-9.175000e-01	1.422273e-04
-9.150000e-01	1.426318e-04
-9.125000e-01	1.430383e-04
-9.100000e-01	1.434469e-04
-9.075000e-01	1.438576e-04
-9.050000e-01	1.442704e-04
-9.025000e-01	1.446853e-04
-9.000000e-01	1.451023e-04
-8.975000e-01	1.455215e-04
-8.950000e-01	1.459428e-04
-8.925000e-01	1.463663e-04
-8.900000e-01	1.467920e-04
-8.875000e-01	1.472199e-04
-8.850000e-01	1.476500e-04
-8.825000e-01	1.480824e-04
-8.800000e-01	1.485169e-04
-8.775000e-01	1.489538e-04
-8.750000e-01	1.493929e-04
-8.725000e-01	1.498344e-04
-8.700000e-01	1.502781e-04
-8.675000e-01	1.507242e-04
-8.650000e-01	1.511727e-04
-8.625000e-01	1.516235e-04
-8.600000e-01	1.520767e-04
-8.575000e-01	1.525323e-04
-8.550000e-01	1.529903e-04
-8.525000e-01	1.534507e-04
-8.500000e-01	1.539136e-04
-8.475000e-01	1.543790e-04
-8.450000e-01	1.548469e-04
-8.425000e-01	1.553173e-04
-8.400000e-01	1.557902e-04
-8.375000e-01	1.562656e-04
-8.350000e-01	1.567437e-04
-8.325000e-01	1.572243e-04
-8.300000e-01	1.577075e-04
-8.275000e-01	1.581933e-04
-8.250000e-01	1.586818e-04
-8.225000e-01	1.591729e-04
-8.200000e-01	1.596668e-04
-8.175000e-01	1.601633e-04
-8.150000e-01	1.606625e-04
-8.125000e-01	1.611645e-04
-8.100000e-01	1.616693e-04
-8.075000e-01	1.621768e-04
-8.050000e-01	1.626872e-04
-8.025000e-01	1.632004e-04
-8.000000e-01	1.637164e-04
-7.975000e-01	1.642353e-04
-7.950000e-01	1.647571e-04
-7.925000e-01	1.652819e-04
-7.900000e-01	1.658095e-04
-7.875000e-01	1.663401e-04
-7.850000e-01	1.668738e-04
-7.825000e-01	1.674104e-04
-7.800000e-01	1.679500e-04
-7.775000e-01	1.684927e-04
-7.750000e-01	1.690385e-04
-7.725000e-01	1.695874e-04
-7.700000e-01	1.701394e-04
-7.675000e-01	1.706945e-04
-7.650000e-01	1.712529e-04
-7.625000e-01	1.718144e-04
-7.600000e-01	1.723792e-04
-7.575000e-01	1.729472e-04
-7.550000e-01	1.735185e-04
-7.525000e-01	1.740931e-04
-7.500000e-01	1.746710e-04
-7.475000e-01	1.752523e-04
-7.450000e-01	1.758370e-04
-7.425000e-01	1.764250e-04
-7.400000e-01	1.770166e-04
-7.375000e-01	1.776115e-04
-7.350000e-01	1.782100e-04
-7.325000e-01	1.788120e-04
-7.300000e-01	1.794176e-04
-7.275000e-01	1.800267e-04
-7.250000e-01	1.806394e-04
-7.225000e-01	1.812558e-04
-7.200000e-01	1.818758e-04
-7.175000e-01	1.824995e-04
-7.150000e-01	1.831270e-04
-7.125000e-01	1.837582e-04
-7.100000e-01	1.843932e-04
-7.075000e-01	1.850320e-04
-7.050000e-01	1.856747e-04
-7.025000e-01	1.863213e-04
-7.000000e-01	1.869718e-04
-6.975000e-01	1.876262e-04
-6.950000e-01	1.882846e-04
-6.925000e-01	1.889470e-04
-6.900000e-01	1.896135e-04
-6.875000e-01	1.902840e-04
-6.850000e-01	1.909587e-04
-6.825000e-01	1.916375e-04
-6.800000e-01	1.923205e-04
-6.775000e-01	1.930077e-04
-6.750000e-01	1.936992e-04
-6.725000e-01	1.943949e-04
-6.700000e-01	1.950950e-04
-6.675000e-01	1.957995e-04
-6.650000e-01	1.965084e-04
-6.625000e-01	1.972217e-04
-6.600000e-01	1.979394e-04
-6.575000e-01	1.986618e-04
-6.550000e-01	1.993886e-04
-6.525000e-01	2.001201e-04
-6.500000e-01	2.008562e-04
-6.475000e-01	2.015969e-04
-6.450000e-01	2.023424e-04
-6.425000e-01	2.030927e-04
-6.400000e-01	2.038477e-04
-6.375000e-01	2.046076e-04
-6.350000e-01	2.053724e-04
-6.325000e-01	2.061421e-04
-6.300000e-01	2.069167e-04
-6.275000e-01	2.076964e-04
-6.250000e-01	2.084812e-04
-6.225000e-01	2.092710e-04
-6.200000e-01	2.100660e-04
-6.175000e-01	2.108662e-04
-6.150000e-01	2.116716e-04
-6.125000e-01	2.124824e-04
-6.100000e-01	2.132984e-04
-6.075000e-01	2.141199e-04
-6.050000e-01	2.149467e-04
-6.025000e-01	2.157791e-04
-6.000000e-01	2.166170e-04
-5.975000e-01	2.174605e-04
-5.950000e-01	2.183096e-04
-5.925000e-01	2.191644e-04
-5.900000e-01	2.200249e-04
-5.875000e-01	2.208912e-04
-5.850000e-01	2.217634e-04
-5.825000e-01	2.226414e-04
-5.800000e-01	2.235254e-04
-5.775000e-01	2.244155e-04
-5.750000e-01	2.253115e-04
-5.725000e-01	2.262137e-04
-5.700000e-01	2.271221e-04
-5.675000e-01	2.280367e-04
-5.650000e-01	2.289576e-04
-5.625000e-01	2.298848e-04
-5.600000e-01	2.308185e-04
-5.575000e-01	2.317586e-04
-5.550000e-01	2.327053e-04
-5.525000e-01	2.336585e-04
-5.500000e-01	2.346184e-04
-5.475000e-01	2.355850e-04
-5.450000e-01	2.365585e-04
-5.425000e-01	2.375387e-04
-5.400000e-01	2.385259e-04
-5.375000e-01	2.395200e-04
-5.350000e-01	2.405213e-04
-5.325000e-01	2.415296e-04
-5.300000e-01	2.425451e-04
-5.275000e-01	2.435679e-04
-5.250000e-01	2.445979e-04
-5.225000e-01	2.456354e-04
-5.200000e-01	2.466804e-04
-5.175000e-01	2.477329e-04
-5.150000e-01	2.487930e-04
-5.125000e-01	2.498608e-04
-5.100000e-01	2.509364e-04
-5.075000e-01	2.520199e-04
-5.050000e-01	2.531112e-04
-5.025000e-01	2.542106e-04
-5.000000e-01	2.553180e-04
-4.975000e-01	2.564337e-04
-4.950000e-01	2.575575e-04
-4.925000e-01	2.586897e-04
-4.900000e-01	2.598303e-04
-4.875000e-01	2.609794e-04
-4.850000e-01	2.621371e-04
-4.825000e-01	2.633035e-04
-4.800000e-01	2.644786e-04
-4.775000e-01	2.656626e-04
-4.750000e-01	2.668555e-04
-4.725000e-01	2.680575e-04
-4.700000e-01	2.692685e-04
-4.675000e-01	2.704888e-04
-4.650000e-01	2.717185e-04
-4.625000e-01	2.729575e-04
-4.600000e-01	2.742060e-04
-4.575000e-01	2.754642e-04
-4.550000e-01	2.767321e-04
-4.525000e-01	2.780098e-04
-4.500000e-01	2.792974e-04
-4.475000e-01	2.805950e-04
-4.450000e-01	2.819027e-04
-4.425000e-01	2.832207e-04
-4.400000e-01	2.845491e-04
-4.375000e-01	2.858879e-04
-4.350000e-01	2.872372e-04
-4.325000e-01	2.885973e-04
-4.300000e-01	2.899681e-04
-4.275000e-01	2.913499e-04
-4.250000e-01	2.927426e-04
-4.225000e-01	2.941466e-04
-4.200000e-01	2.955618e-04
-4.175000e-01	2.969884e-04
-4.150000e-01	2.984265e-04
-4.125000e-01	2.998763e-04
-4.100000e-01	3.013378e-04
-4.075000e-01	3.028112e-04
-4.050000e-01	3.042967e-04
-4.025000e-01	3.057944e-04
-4.000000e-01	3.073043e-04
-3.975000e-01	3.088267e-04
-3.950000e-01	3.103617e-04
-3.925000e-01	3.119094e-04
-3.900000e-01	3.134700e-04
-3.875000e-01	3.150435e-04
-3.850000e-01	3.166303e-04
-3.825000e-01	3.182303e-04
-3.800000e-01	3.198438e-04
-3.775000e-01	3.214710e-04
-3.750000e-01	3.231119e-04
-3.725000e-01	3.247667e-04
-3.700000e-01	3.264356e-04
-3.675000e-01	3.281187e-04
-3.650000e-01	3.298163e-04
-3.625000e-01	3.315285e-04
-3.600000e-01	3.332554e-04
-3.575000e-01	3.349972e-04
-3.550000e-01	3.367542e-04
-3.525000e-01	3.385264e-04
-3.500000e-01	3.403141e-04
-3.475000e-01	3.421174e-04
-3.450000e-01	3.439365e-04
-3.425000e-01	3.457717e-04
-3.400000e-01	3.476231e-04
-3.375000e-01	3.494909e-04
-3.350000e-01	3.513753e-04
-3.325000e-01	3.532764e-04
-3.300000e-01	3.551946e-04
-3.275000e-01	3.571300e-04
-3.250000e-01	3.590828e-04
-3.225000e-01	3.610532e-04
-3.200000e-01	3.630415e-04
-3.175000e-01	3.650479e-04
-3.150000e-01	3.670725e-04
-3.125000e-01	3.691157e-04
-3.100000e-01	3.711776e-04
-3.075000e-01	3.732584e-04
-3.050000e-01	3.753585e-04
-3.025000e-01	3.774781e-04
-3.000000e-01	3.796173e-04
-2.975000e-01	3.817765e-04
-2.950000e-01	3.839559e-04
-2.925000e-01	3.861557e-04
-2.900000e-01	3.883763e-04
-2.875000e-01	3.906178e-04
-2.850000e-01	3.928806e-04
-2.825000e-01	3.951649e-04
-2.800000e-01	3.974709e-04
-2.775000e-01	3.997991e-04
-2.750000e-01	4.021496e-04
-2.725000e-01	4.045228e-04
-2.700000e-01	4.069190e-04
-2.675000e-01	4.093384e-04
-2.650000e-01	4.117813e-04
-2.625000e-01	4.142481e-04
-2.600000e-01	4.167391e-04
-2.575000e-01	4.192546e-04
-2.550000e-01	4.217949e-04
-2.525000e-01	4.243604e-04
-2.500000e-01	4.269514e-04
-2.475000e-01	4.295682e-04
-2.450000e-01	4.322113e-04
-2.425000e-01	4.348808e-04
-2.400000e-01	4.375773e-04
-2.375000e-01	4.403011e-04
-2.350000e-01	4.430525e-04
-2.325000e-01	4.458319e-04
-2.300000e-01	4.486397e-04
-2.275000e-01	4.514763e-04
-2.250000e-01	4.543422e-04
-2.225000e-01	4.572376e-04
-2.200000e-01	4.601631e-04
-2.175000e-01	4.631190e-04
-2.150000e-01	4.661058e-04
-2.125000e-01	4.691239e-04
-2.100000e-01	4.721738e-04
-2.075000e-01	4.752559e-04
-2.050000e-01	4.783706e-04
-2.025000e-01	4.815184e-04
-2.000000e-01	4.846999e-04
-1.975000e-01	4.879155e-04
-1.950000e-01	4.911656e-04
-1.925000e-01	4.944509e-04
-1.900000e-01	4.977717e-04
-1.875000e-01	5.011287e-04
-1.850000e-01	5.045224e-04
-1.825000e-01	5.079532e-04
-1.800000e-01	5.114218e-04
-1.775000e-01	5.149287e-04
-1.750000e-01	5.184744e-04
-1.725000e-01	5.220597e-04
-1.700000e-01	5.256849e-04
-1.675000e-01	5.293509e-04
-1.650000e-01	5.330581e-04
-1.625000e-01	5.368072e-04
-1.600000e-01	5.405989e-04
-1.575000e-01	5.444338e-04
-1.550000e-01	5.483125e-04
-1.525000e-01	5.522358e-04
-1.500000e-01	5.562043e-04
-1.475000e-01	5.602187e-04
-1.450000e-01	5.642798e-04
-1.425000e-01	5.683882e-04
-1.400000e-01	5.725448e-04
-1.375000e-01	5.767503e-04
-1.350000e-01	5.810054e-04
-1.325000e-01	5.853110e-04
-1.300000e-01	5.896679e-04
-1.275000e-01	5.940769e-04
-1.250000e-01	5.985388e-04
-1.225000e-01	6.030544e-04
-1.200000e-01	6.076248e-04
-1.175000e-01	6.122506e-04
-1.150000e-01	6.169330e-04
-1.125000e-01	6.216728e-04
-1.100000e-01	6.264709e-04
-1.075000e-01	6.313283e-04
-1.050000e-01	6.362460e-04
-1.025000e-01	6.412250e-04
-1.000000e-01	6.462664e-04
-9.750000e-02	6.513712e-04
-9.500000e-02	6.565404e-04
-9.250000e-02	6.617752e-04
-9.000000e-02	6.670767e-04
-8.750000e-02	6.724461e-04
-8.500000e-02	6.778845e-04
-8.250000e-02	6.833930e-04
-8.000000e-02	6.889730e-04
-7.750000e-02	6.946257e-04
-7.500000e-02	7.003523e-04
-7.250000e-02	7.061542e-04
-7.000000e-02	7.120327e-04
-6.750000e-02	7.179892e-04
-6.500000e-02	7.240249e-04
-6.250000e-02	7.301415e-04
-6.000000e-02	7.363403e-04
-5.750000e-02	7.426228e-04
-5.500000e-02	7.489906e-04
-5.250000e-02	7.554452e-04
-5.000000e-02	7.619882e-04
-4.750000e-02	7.686212e-04
-4.500000e-02	7.753459e-04
-4.250000e-02	7.821640e-04
-4.000000e-02	7.890773e-04
-3.750000e-02	7.960875e-04
-3.500000e-02	8.031966e-04
-3.250000e-02	8.104062e-04
-3.000000e-02	8.177185e-04
-2.750000e-02	8.251353e-04
-2.500000e-02	8.326587e-04
-2.250000e-02	8.402907e-04
-2.000000e-02	8.480334e-04
-1.750000e-02	8.558890e-04
-1.500000e-02	8.638598e-04
-1.250000e-02	8.719479e-04
-1.000000e-02	8.801558e-04
-7.500000e-03	8.884857e-04
-5.000000e-03	8.969402e-04
-2.500000e-03	9.055218e-04
9.379164e-13	9.142331e-04
2.500000e-03	9.230766e-04
5.000000e-03	9.320550e-04
7.500000e-03	9.411713e-04
1.000000e-02	9.504281e-04
1.250000e-02	9.598285e-04
1.500000e-02	9.693754e-04
1.750000e-02	9.790718e-04
2.000000e-02	9.889211e-04
2.250000e-02	9.989263e-04
2.500000e-02	1.009091e-03
2.750000e-02	1.019418e-03
3.000000e-02	1.029912e-03
3.250000e-02	1.040575e-03
3.500000e-02	1.051412e-03
3.750000e-02	1.062426e-03
4.000000e-02	1.073622e-03
4.250000e-02	1.085003e-03
4.500000e-02	1.096573e-03
4.750000e-02	1.108337e-03
5.000000e-02	1.120299e-03
5.250000e-02	1.132463e-03
5.500000e-02	1.144835e-03
5.750000e-02	1.157418e-03
6.000000e-02	1.170218e-03
6.250000e-02	1.183240e-03
6.500000e-02	1.196489e-03
6.750000e-02	1.209970e-03
7.000000e-02	1.223689e-03
7.250000e-02	1.237651e-03
7.500000e-02	1.251863e-03
7.750000e-02	1.266330e-03
8.000000e-02	1.281058e-03
8.250000e-02	1.296054e-03
8.500000e-02	1.311324e-03
8.750000e-02	1.326875e-03
9.000000e-02	1.342714e-03
9.250000e-02	1.358848e-03
9.500000e-02	1.375285e-03
9.750000e-02	1.392033e-03
1.000000e-01	1.409098e-03
1.025000e-01	1.426489e-03
1.050000e-01	1.444216e-03
1.075000e-01	1.462285e-03
1.100000e-01	1.480707e-03
1.125000e-01	1.499490e-03
1.150000e-01	1.518644e-03
1.175000e-01	1.538179e-03
1.200000e-01	1.558106e-03
1.225000e-01	1.578433e-03
1.250000e-01	1.599174e-03
1.275000e-01	1.620338e-03
1.300000e-01	1.641938e-03
1.325000e-01	1.663985e-03
1.350000e-01	1.686492e-03
1.375000e-01	1.709472e-03
1.400000e-01	1.732939e-03
1.425000e-01	1.756906e-03
1.450000e-01	1.781387e-03
1.475000e-01	1.806397e-03
1.500000e-01	1.831952e-03
1.525000e-01	1.858068e-03
1.550000e-01	1.884762e-03
1.575000e-01	1.912050e-03
1.600000e-01	1.939950e-03
1.625000e-01	1.968481e-03
1.650000e-01	1.997662e-03
1.675000e-01	2.027513e-03
1.700000e-01	2.058054e-03
1.725000e-01	2.089308e-03
1.750000e-01	2.121296e-03
1.775000e-01	2.154042e-03
1.800000e-01	2.187570e-03
1.825000e-01	2.221906e-03
1.850000e-01	2.257074e-03
1.875000e-01	2.293103e-03
1.900000e-01	2.330020e-03
1.925000e-01	2.367856e-03
1.950000e-01	2.406641e-03
1.975000e-01	2.446408e-03
2.000000e-01	2.487188e-03
2.025000e-01	2.529019e-03
2.050000e-01	2.571935e-03
2.075000e-01	2.615975e-03
2.100000e-01	2.661178e-03
2.125000e-01	2.707586e-03
2.150000e-01	2.755242e-03
2.175000e-01	2.804191e-03
2.200000e-01	2.854481e-03
2.225000e-01	2.906161e-03
2.250000e-01	2.959282e-03
2.275000e-01	3.013900e-03
2.300000e-01	3.070070e-03
2.325000e-01	3.127853e-03
2.350000e-01	3.187309e-03
2.375000e-01	3.248506e-03
2.400000e-01	3.311512e-03
2.425000e-01	3.376397e-03
2.450000e-01	3.443239e-03
2.475000e-01	3.512117e-03
2.500000e-01	3.583114e-03
2.525000e-01	3.656318e-03
2.550000e-01	3.731822e-03
2.575000e-01	3.809722e-03
2.600000e-01	3.890123e-03
2.625000e-01	3.973131e-03
2.650000e-01	4.058861e-03
2.675000e-01	4.147433e-03
2.700000e-01	4.238974e-03
2.725000e-01	4.333619e-03
2.750000e-01	4.431510e-03
2.775000e-01	4.532796e-03
2.800000e-01	4.637636e-03
2.825000e-01	4.746200e-03
2.850000e-01	4.858664e-03
2.875000e-01	4.975219e-03
2.900000e-01	5.096066e-03
2.925000e-01	5.221416e-03
2.950000e-01	5.351498e-03
2.975000e-01	5.486552e-03
3.000000e-01	5.626836e-03
3.025000e-01	5.772621e-03
3.050000e-01	5.924200e-03
3.075000e-01	6.081884e-03
3.100000e-01	6.246005e-03
3.125000e-01	6.416918e-03
3.150000e-01	6.595003e-03
3.175000e-01	6.780666e-03
3.200000e-01	6.974344e-03
3.225000e-01	7.176505e-03
3.250000e-01	7.387650e-03
3.275000e-01	7.608320e-03
3.300000e-01	7.839096e-03
3.325000e-01	8.080604e-03
3.350000e-01	8.333519e-03
3.375000e-01	8.598570e-03
3.400000e-01	8.876547e-03
3.425000e-01	9.168302e-03
3.450000e-01	9.474760e-03
3.475000e-01	9.796924e-03
3.500000e-01	1.013589e-02
3.525000e-01	1.049283e-02
3.550000e-01	1.086905e-02
3.575000e-01	1.126597e-02
3.600000e-01	1.168511e-02
3.625000e-01	1.212817e-02
3.650000e-01	1.259701e-02
3.675000e-01	1.309365e-02
3.700000e-01	1.362034e-02
3.725000e-01	1.417954e-02
3.750000e-01	1.477398e-02
3.775000e-01	1.540668e-02
3.800000e-01	1.608099e-02
3.825000e-01	1.680062e-02
3.850000e-01	1.756972e-02
3.875000e-01	1.839292e-02
3.900000e-01	1.927539e-02
3.925000e-01	2.022295e-02
3.950000e-01	2.124213e-02
3.975000e-01	2.234032e-02
4.000000e-01	2.352587e-02
4.025000e-01	2.480825e-02
4.050000e-01	2.619827e-02
4.075000e-01	2.770825e-02
4.100000e-01	2.935233e-02
4.125000e-01	3.114681e-02
4.150000e-01	3.311049e-02
4.175000e-01	3.526520e-02
4.200000e-01	3.763640e-02
4.225000e-01	4.025389e-02
4.250000e-01	4.315272e-02
4.275000e-01	4.637440e-02
4.300000e-01	4.996828e-02
4.325000e-01	5.399343e-02
4.350000e-01	5.852100e-02
4.375000e-01	6.363726e-02
4.400000e-01	6.944757e-02
4.425000e-01	7.608166e-02
4.450000e-01	8.370049e-02
4.475000e-01	9.250569e-02
4.500000e-01	1.027522e-01
4.525000e-01	1.147656e-01
4.550000e-01	1.289665e-01
4.575000e-01	1.459047e-01
4.600000e-01	1.663076e-01
4.625000e-01	1.911512e-01
4.650000e-01	2.217622e-01
4.675000e-01	2.599703e-01
4.700000e-01	3.083324e-01
4.725000e-01	3.704623e-01
4.750000e-01	4.515001e-01
4.775000e-01	5.587241e-01
4.800000e-01	7.021478e-01
4.825000e-01	8.943930e-01
4.850000e-01	1.147545e+00
4.875000e-01	1.461443e+00
4.900000e-01	1.796717e+00
4.925000e-01	2.047605e+00
4.950000e-01	2.084761e+00
4.975000e-01	1.885163e+00
5.000000e-01	1.560708e+00
5.025000e-01	1.233809e+00
5.050000e-01	9.617754e-01
5.075000e-01	7.527489e-01
5.100000e-01	5.964269e-01
5.125000e-01	4.797785e-01
5.150000e-01	3.919442e-01
5.175000e-01	3.248965e-01
5.200000e-01	2.729378e-01
5.225000e-01	2.320633e-01
5.250000e-01	1.994463e-01
5.275000e-01	1.730718e-01
5.300000e-01	1.514842e-01
5.325000e-01	1.336174e-01
5.350000e-01	1.186796e-01
5.375000e-01	1.060751e-01
5.400000e-01	9.534935e-02
5.425000e-01	8.615197e-02
5.450000e-01	7.820936e-02
5.475000e-01	7.130580e-02
5.500000e-01	6.526951e-02
5.525000e-01	5.996245e-02
5.550000e-01	5.527273e-02
5.575000e-01	5.110895e-02
5.600000e-01	4.739589e-02
5.625000e-01	4.407122e-02
5.650000e-01	4.108294e-02
5.675000e-01	3.838744e-02
5.700000e-01	3.594789e-02
5.725000e-01	3.373306e-02
5.750000e-01	3.171631e-02
5.775000e-01	2.987482e-02
5.800000e-01	2.818894e-02
5.825000e-01	2.664170e-02
5.850000e-01	2.521836e-02
5.875000e-01	2.390609e-02
5.900000e-01	2.269367e-02
5.925000e-01	2.157126e-02
5.950000e-01	2.053019e-02
5.975000e-01	1.956281e-02
6.000000e-01	1.866236e-02
6.025000e-01	1.782282e-02
6.050000e-01	1.703883e-02
6.075000e-01	1.630561e-02
6.100000e-01	1.561888e-02
6.125000e-01	1.497481e-02
6.150000e-01	1.436994e-02
6.175000e-01	1.380117e-02
6.200000e-01	1.326568e-02
6.225000e-01	1.276093e-02
6.250000e-01	1.228463e-02
6.275000e-01	1.183468e-02
6.300000e-01	1.140917e-02
6.325000e-01	1.100637e-02
6.350000e-01	1.062471e-02
6.375000e-01	1.026272e-02
6.400000e-01	9.919082e-03
6.425000e-01	9.592583e-03
6.450000e-01	9.282102e-03
6.475000e-01	8.986612e-03
6.500000e-01	8.705165e-03
6.525000e-01	8.436888e-03
6.550000e-01	8.180974e-03
6.575000e-01	7.936678e-03
6.600000e-01	7.703308e-03
6.625000e-01	7.480225e-03
6.650000e-01	7.266835e-03
6.675000e-01	7.062587e-03
6.700000e-01	6.866966e-03
6.725000e-01	6.679497e-03
6.750000e-01	6.499733e-03
6.775000e-01	6.327260e-03
6.800000e-01	6.161691e-03
6.825000e-01	6.002662e-03
6.850000e-01	5.849837e-03
6.875000e-01	5.702898e-03
6.900000e-01	5.561547e-03
6.925000e-01	5.425507e-03
6.950000e-01	5.294515e-03
6.975000e-01	5.168327e-03
7.000000e-01	5.046712e-03
7.025000e-01	4.929453e-03
7.050000e-01	4.816345e-03
7.075000e-01	4.707196e-03
7.100000e-01	4.601825e-03
7.125000e-01	4.500061e-03
7.150000e-01	4.401741e-03
7.175000e-01	4.306714e-03
7.200000e-01	4.214836e-03
7.225000e-01	4.125969e-03
7.250000e-01	4.039985e-03
7.275000e-01	3.956761e-03
7.300000e-01	3.876183e-03
7.325000e-01	3.798140e-03
7.350000e-01	3.722527e-03
7.375000e-01	3.649247e-03
7.400000e-01	3.578206e-03
7.425000e-01	3.509314e-03
7.450000e-01	3.442486e-03
7.475000e-01	3.377642e-03
7.500000e-01	3.314706e-03
7.525000e-01	3.253605e-03
7.550000e-01	3.194268e-03
7.575000e-01	3.136630e-03
7.600000e-01	3.080628e-03
7.625000e-01	3.026201e-03
7.650000e-01	2.973292e-03
7.675000e-01	2.921847e-03
7.700000e-01	2.871813e-03
7.725000e-01	2.823139e-03
7.750000e-01	2.775779e-03
7.775000e-01	2.729686e-03
7.800000e-01	2.684817e-03
7.825000e-01	2.641131e-03
7.850000e-01	2.598586e-03
7.875000e-01	2.557145e-03
7.900000e-01	2.516771e-03
7.925000e-01	2.477429e-03
7.950000e-01	2.439086e-03
7.975000e-01	2.401708e-03
8.000000e-01	2.365265e-03
8.025000e-01	2.329728e-03
8.050000e-01	2.295068e-03
8.075000e-01	2.261257e-03
8.100000e-01	2.228269e-03
8.125000e-01	2.196080e-03
8.150000e-01	2.164664e-03
8.175000e-01	2.133998e-03
8.200000e-01	2.104060e-03
8.225000e-01	2.074829e-03
8.250000e-01	2.046284e-03
8.275000e-01	2.018404e-03
8.300000e-01	1.991171e-03
8.325000e-01	1.964566e-03
8.350000e-01	1.938572e-03
8.375000e-01	1.913171e-03
8.400000e-01	1.888347e-03
8.425000e-01	1.864083e-03
8.450000e-01	1.840366e-03
8.475000e-01	1.817179e-03
8.500000e-01	1.794509e-03
8.525000e-01	1.772342e-03
8.550000e-01	1.750665e-03
8.575000e-01	1.729465e-03
8.600000e-01	1.708730e-03
8.625000e-01	1.688448e-03
8.650000e-01	1.668608e-03
8.675000e-01	1.649198e-03
8.700000e-01	1.630208e-03
8.725000e-01	1.611628e-03
8.750000e-01	1.593448e-03
8.775000e-01	1.575658e-03
8.800000e-01	1.558249e-03
8.825000e-01	1.541213e-03
8.850000e-01	1.524540e-03
8.875000e-01	1.508223e-03
8.900000e-01	1.492253e-03
8.925000e-01	1.476623e-03
8.950000e-01	1.461325e-03
8.975000e-01	1.446353e-03
9.000000e-01	1.431699e-03
9.025000e-01	1.417356e-03
9.050000e-01	1.403319e-03
9.075000e-01	1.389581e-03
9.100000e-01	1.376137e-03
9.125000e-01	1.362979e-03
9.150000e-01	1.350104e-03
9.175000e-01	1.337506e-03
9.200000e-01	1.325179e-03
9.225000e-01	1.313119e-03
9.250000e-01	1.301321e-03
9.275000e-01	1.289781e-03
9.300000e-01	1.278494e-03
9.325000e-01	1.267456e-03
9.350000e-01	1.256664e-03
9.375000e-01	1.246113e-03
9.400000e-01	1.235800e-03
9.425000e-01	1.225722e-03
9.450000e-01	1.215875e-03
9.475000e-01	1.206256e-03
9.500000e-01	1.196864e-03
9.525000e-01	1.187694e-03
9.550000e-01	1.178744e-03
9.575000e-01	1.170012e-03
9.600000e-01	1.161496e-03
9.625000e-01	1.153194e-03
9.650000e-01	1.145103e-03
9.675000e-01	1.137223e-03
9.700000e-01	1.129552e-03
9.725000e-01	1.122089e-03
9.750000e-01	1.114831e-03
9.775000e-01	1.107780e-03
9.800000e-01	1.100933e-03
9.825000e-01	1.094290e-03
9.850000e-01	1.087851e-03
9.875000e-01	1.081615e-03
9.900000e-01	1.075584e-03
9.925000e-01	1.069756e-03
9.950000e-01	1.064133e-03
9.975000e-01	1.058716e-03
1.000000e+00	1.053505e-03
1.002500e+00	1.048501e-03
1.005000e+00	1.043707e-03
1.007500e+00	1.039123e-03
1.010000e+00	1.034753e-03
1.012500e+00	1.030598e-03
1.015000e+00	1.026661e-03
1.017500e+00	1.022946e-03
1.020000e+00	1.019455e-03
1.022500e+00	1.016194e-03
1.025000e+00	1.013165e-03
1.027500e+00	1.010374e-03
1.030000e+00	1.007826e-03
1.032500e+00	1.005527e-03
1.035000e+00	1.003482e-03
1.037500e+00	1.001700e-03
1.040000e+00	1.000187e-03
1.042500e+00	9.989518e-04
1.045000e+00	9.980033e-04
1.047500e+00	9.973511e-04
1.050000e+00	9.970061e-04
1.052500e+00	9.969797e-04
1.055000e+00	9.972847e-04
1.057500e+00	9.979348e-04
1.060000e+00	9.989451e-04
1.062500e+00	1.000332e-03
1.065000e+00	1.002113e-03
1.067500e+00	1.004308e-03
1.070000e+00	1.006939e-03
1.072500e+00	1.010027e-03
1.075000e+00	1.013600e-03
1.077500e+00	1.017684e-03
1.080000e+00	1.022311e-03
1.082500e+00	1.027514e-03
1.085000e+00	1.033329e-03
1.087500e+00	1.039797e-03
1.090000e+00	1.046964e-03
1.092500e+00	1.054877e-03
1.095000e+00	1.063593e-03
1.097500e+00	1.073170e-03
1.100000e+00	1.083676e-03
1.102500e+00	1.095186e-03
1.105000e+00	1.107783e-03
1.107500e+00	1.121559e-03
1.110000e+00	1.136617e-03
1.112500e+00	1.153075e-03
1.115000e+00	1.171062e-03
1.117500e+00	1.190726e-03
1.120000e+00	1.212235e-03
1.122500e+00	1.235776e-03
1.125000e+00	1.261566e-03
1.127500e+00	1.289849e-03
1.130000e+00	1.320906e-03
1.132500e+00	1.355061e-03
1.135000e+00	1.392687e-03
1.137500e+00	1.434216e-03
1.140000e+00	1.480151e-03
1.142500e+00	1.531078e-03
1.145000e+00	1.587689e-03
1.147500e+00	1.650799e-03
1.150000e+00	1.721376e-03
1.152500e+00	1.800574e-03
1.155000e+00	1.889784e-03
1.157500e+00	1.990683e-03
1.160000e+00	2.105317e-03
1.162500e+00	2.236198e-03
1.165000e+00	2.386432e-03
1.167500e+00	2.559897e-03
1.170000e+00	2.761479e-03
1.172500e+00	2.997397e-03
1.175000e+00	3.275648e-03
1.177500e+00	3.606643e-03
1.180000e+00	4.004097e-03
1.182500e+00	4.486314e-03
1.185000e+00	5.078065e-03
1.187500e+00	5.813336e-03
1.190000e+00	6.739405e-03
1.192500e+00	7.922849e-03
1.195000e+00	9.458234e-03
1.197500e+00	1.147992e-02
1.200000e+00	1.417542e-02
1.202500e+00	1.779121e-02
1.205000e+00	2.259833e-02
1.207500e+00	2.872970e-02
1.210000e+00	3.573630e-02
1.212500e+00	4.191758e-02
1.215000e+00	4.449198e-02
1.217500e+00	4.191580e-02
1.220000e+00	3.573578e-02
1.222500e+00	2.873319e-02
1.225000e+00	2.260697e-02
1.227500e+00	1.780511e-02
1.230000e+00	1.419436e-02
1.232500e+00	1.150366e-02
1.235000e+00	9.486631e-03
1.237500e+00	7.955819e-03
1.240000e+00	6.776935e-03
1.242500e+00	5.855466e-03
1.245000e+00	5.124876e-03
1.247500e+00	4.537921e-03
1.250000e+00	4.060642e-03
1.252500e+00	3.668295e-03
1.255000e+00	3.342600e-03
1.257500e+00	3.069866e-03
1.260000e+00	2.839705e-03
1.262500e+00	2.644143e-03
1.265000e+00	2.476987e-03
1.267500e+00	2.333375e-03
1.270000e+00	2.209458e-03
1.272500e+00	2.102157e-03
1.275000e+00	2.008993e-03
1.277500e+00	1.927951e-03
1.280000e+00	1.857389e-03
1.282500e+00	1.795956e-03
1.285000e+00	1.742537e-03
1.287500e+00	1.696210e-03
1.290000e+00	1.656208e-03
1.292500e+00	1.621894e-03
1.295000e+00	1.592736e-03
1.297500e+00	1.568296e-03
1.300000e+00	1.548212e-03
1.302500e+00	1.532185e-03
1.305000e+00	1.519977e-03
1.307500e+00	1.511399e-03
1.310000e+00	1.506308e-03
1.312500e+00	1.504603e-03
1.315000e+00	1.506220e-03
1.317500e+00	1.511134e-03
1.320000e+00	1.519355e-03
1.322500e+00	1.530927e-03
1.325000e+00	1.545932e-03
1.327500e+00	1.564491e-03
1.330000e+00	1.586761e-03
1.332500e+00	1.612947e-03
1.335000e+00	1.643297e-03
1.337500e+00	1.678117e-03
1.340000e+00	1.717771e-03
1.342500e+00	1.762693e-03
1.345000e+00	1.813398e-03
1.347500e+00	1.870495e-03
1.350000e+00	1.934705e-03
1.352500e+00	2.006884e-03
1.355000e+00	2.088045e-03
1.357500e+00	2.179398e-03
1.360000e+00	2.282387e-03
1.362500e+00	2.398750e-03
1.365000e+00	2.530583e-03
1.367500e+00	2.680437e-03
1.370000e+00	2.851428e-03
1.372500e+00	3.047400e-03
1.375000e+00	3.273126e-03
1.377500e+00	3.534584e-03
1.380000e+00	3.839337e-03
1.382500e+00	4.197046e-03
1.385000e+00	4.620192e-03
1.387500e+00	5.125080e-03
1.390000e+00	5.733292e-03
1.392500e+00	6.473763e-03
1.395000e+00	7.385833e-03
1.397500e+00	8.523736e-03
1.400000e+00	9.963243e-03
1.402500e+00	1.181143e-02
1.405000e+00	1.422059e-02
1.407500e+00	1.740638e-02
1.410000e+00	2.166573e-02
1.412500e+00	2.737359e-02
1.415000e+00	3.489142e-02
1.417500e+00	4.422372e-02
1.420000e+00	5.422152e-02
1.422500e+00	6.176293e-02
1.425000e+00	6.298337e-02
1.427500e+00	5.713479e-02
1.430000e+00	4.751437e-02
1.432500e+00	3.778491e-02
1.435000e+00	2.967887e-02
1.437500e+00	2.345160e-02
1.440000e+00	1.879990e-02
1.442500e+00	1.533569e-02
1.445000e+00	1.273475e-02
1.447500e+00	1.075721e-02
1.450000e+00	9.232876e-03
1.452500e+00	8.042176e-03
1.455000e+00	7.100831e-03
1.457500e+00	6.348866e-03
1.460000e+00	5.743084e-03
1.462500e+00	5.251985e-03
1.465000e+00	4.852332e-03
1.467500e+00	4.526804e-03
1.470000e+00	4.262394e-03
1.472500e+00	4.049289e-03
1.475000e+00	3.880088e-03
1.477500e+00	3.749254e-03
1.480000e+00	3.652732e-03
1.482500e+00	3.587673e-03
1.485000e+00	3.552263e-03
1.487500e+00	3.545611e-03
1.490000e+00	3.567701e-03
1.492500e+00	3.619391e-03
1.495000e+00	3.702481e-03
1.497500e+00	3.819825e-03
1.500000e+00	3.975531e-03
1.502500e+00	4.175251e-03
1.505000e+00	4.426600e-03
1.507500e+00	4.739762e-03
1.510000e+00	5.128352e-03
1.512500e+00	5.610660e-03
1.515000e+00	6.211461e-03
1.517500e+00	6.964666e-03
1.520000e+00	7.917234e-03
1.522500e+00	9.134975e-03
1.525000e+00	1.071107e-02
1.527500e+00	1.277819e-02
1.530000e+00	1.552430e-02
1.532500e+00	1.920788e-02
1.535000e+00	2.415413e-02
1.537500e+00	3.067213e-02
1.540000e+00	3.874890e-02
1.542500e+00	4.735020e-02
1.545000e+00	5.373145e-02
1.547500e+00	5.457991e-02
1.550000e+00	4.936201e-02
1.552500e+00	4.098639e-02
1.555000e+00	3.258358e-02
1.557500e+00	2.560309e-02
1.560000e+00	2.024237e-02
1.562500e+00	1.623341e-02
1.565000e+00	1.324132e-02
1.567500e+00	1.098784e-02
1.570000e+00	9.267453e-03
1.572500e+00	7.934345e-03
1.575000e+00	6.886024e-03
1.577500e+00	6.050154e-03
1.580000e+00	5.375153e-03
1.582500e+00	4.823764e-03
1.585000e+00	4.368700e-03
1.587500e+00	3.989703e-03
1.590000e+00	3.671533e-03
1.592500e+00	3.402578e-03
1.595000e+00	3.173893e-03
1.597500e+00	2.978510e-03
1.600000e+00	2.810951e-03
1.602500e+00	2.666869e-03
1.605000e+00	2.542793e-03
1.607500e+00	2.435931e-03
1.610000e+00	2.344026e-03
1.612500e+00	2.265251e-03
1.615000e+00	2.198119e-03
1.617500e+00	2.141426e-03
1.620000e+00	2.094199e-03
1.622500e+00	2.055660e-03
1.625000e+00	2.025197e-03
1.627500e+00	2.002342e-03
1.630000e+00	1.986756e-03
1.632500e+00	1.978215e-03
1.635000e+00	1.976608e-03
1.637500e+00	1.981926e-03
1.640000e+00	1.994271e-03
1.642500e+00	2.013849e-03
1.645000e+00	2.040985e-03
1.647500e+00	2.076129e-03
1.650000e+00	2.119875e-03
1.652500e+00	2.172977e-03
1.655000e+00	2.236381e-03
1.657500e+00	2.311259e-03
1.660000e+00	2.399056e-03
1.662500e+00	2.501549e-03
1.665000e+00	2.620931e-03
1.667500e+00	2.759910e-03
1.670000e+00	2.921850e-03
1.672500e+00	3.110953e-03
1.675000e+00	3.332506e-03
1.677500e+00	3.593218e-03
1.680000e+00	3.901679e-03
1.682500e+00	4.269007e-03
1.685000e+00	4.709747e-03
1.687500e+00	5.243168e-03
1.690000e+00	5.895129e-03
1.692500e+00	6.700804e-03
1.695000e+00	7.708708e-03
1.697500e+00	8.986648e-03
1.700000e+00	1.063047e-02
1.702500e+00	1.277650e-02
1.705000e+00	1.561782e-02
1.707500e+00	1.942013e-02
1.710000e+00	2.451866e-02
1.712500e+00	3.123529e-02
1.715000e+00	3.956934e-02
1.717500e+00	4.848306e-02
1.720000e+00	5.517508e-02
1.722500e+00	5.620133e-02
1.725000e+00	5.092555e-02
1.727500e+00	4.230944e-02
1.730000e+00	3.361439e-02
1.732500e+00	2.637405e-02
1.735000e+00	2.080980e-02
1.737500e+00	1.664904e-02
1.740000e+00	1.354527e-02
1.742500e+00	1.120937e-02
1.745000e+00	9.427536e-03
1.747500e+00	8.048017e-03
1.750000e+00	6.964139e-03
1.752500e+00	6.100628e-03
1.755000e+00	5.403824e-03
1.757500e+00	4.834974e-03
1.760000e+00	4.365705e-03
1.762500e+00	3.974954e-03
1.765000e+00	3.646874e-03
1.767500e+00	3.369391e-03
1.770000e+00	3.133196e-03
1.772500e+00	2.931033e-03
1.775000e+00	2.757190e-03
1.777500e+00	2.607125e-03
1.780000e+00	2.477199e-03
1.782500e+00	2.364471e-03
1.785000e+00	2.266551e-03
1.787500e+00	2.181481e-03
1.790000e+00	2.107653e-03
1.792500e+00	2.043738e-03
1.795000e+00	1.988632e-03
1.797500e+00	1.941422e-03
1.800000e+00	1.901348e-03
1.802500e+00	1.867778e-03
1.805000e+00	1.840191e-03
1.807500e+00	1.818159e-03
1.810000e+00	1.801334e-03
1.812500e+00	1.789439e-03
1.815000e+00	1.782258e-03
1.817500e+00	1.779632e-03
1.820000e+00	1.781456e-03
1.822500e+00	1.787670e-03
1.825000e+00	1.798264e-03
1.827500e+00	1.813269e-03
1.830000e+00	1.832765e-03
1.832500e+00	1.856878e-03
1.835000e+00	1.885779e-03
1.837500e+00	1.919693e-03
1.840000e+00	1.958900e-03
1.842500e+00	2.003739e-03
1.845000e+00	2.054619e-03
1.847500e+00	2.112022e-03
1.850000e+00	2.176520e-03
1.852500e+00	2.248784e-03
1.855000e+00	2.329601e-03
1.857500e+00	2.419894e-03
1.860000e+00	2.520750e-03
1.862500e+00	2.633443e-03
1.865000e+00	2.759480e-03
1.867500e+00	2.900642e-03
1.870000e+00	3.059048e-03
1.872500e+00	3.237227e-03
1.875000e+00	3.438215e-03
1.877500e+00	3.665677e-03
1.880000e+00	3.924067e-03
1.882500e+00	4.218831e-03
1.885000e+00	4.556684e-03
1.887500e+00	4.945968e-03
1.890000e+00	5.397140e-03
1.892500e+00	5.923435e-03
1.895000e+00	6.541771e-03
1.897500e+00	7.274019e-03
1.900000e+00	8.148782e-03
1.902500e+00	9.203944e-03
1.905000e+00	1.049035e-02
1.907500e+00	1.207719e-02
1.910000e+00	1.405994e-02
1.912500e+00	1.657211e-02
1.915000e+00	1.980246e-02
1.917500e+00	2.401954e-02
1.920000e+00	2.960332e-02
1.922500e+00	3.707535e-02
1.925000e+00	4.708841e-02
1.927500e+00	6.025204e-02
1.930000e+00	7.649982e-02
1.932500e+00	9.366788e-02
1.935000e+00	1.061677e-01
1.937500e+00	1.074556e-01
1.940000e+00	9.673354e-02
1.942500e+00	7.994246e-02
1.945000e+00	6.324883e-02
1.947500e+00	4.943702e-02
1.950000e+00	3.884889e-02
1.952500e+00	3.093625e-02
1.955000e+00	2.503210e-02
1.957500e+00	2.058569e-02
1.960000e+00	1.719117e-02
1.962500e+00	1.456080e-02
1.965000e+00	1.249233e-02
1.967500e+00	1.084301e-02
1.970000e+00	9.511014e-03
1.972500e+00	8.422768e-03
1.975000e+00	7.524384e-03
1.977500e+00	6.775850e-03
1.980000e+00	6.147062e-03
1.982500e+00	5.615101e-03
1.985000e+00	5.162314e-03
1.987500e+00	4.774975e-03
1.990000e+00	4.442313e-03
1.992500e+00	4.155818e-03
1.995000e+00	3.908729e-03
1.997500e+00	3.695660e-03
2.000000e+00	3.512322e-03
2.002500e+00	3.355317e-03
2.005000e+00	3.221991e-03
2.007500e+00	3.110323e-03
2.010000e+00	3.018858e-03
2.012500e+00	2.946661e-03
2.015000e+00	2.893306e-03
2.017500e+00	2.858899e-03
2.020000e+00	2.844121e-03
2.022500e+00	2.850332e-03
2.025000e+00	2.879717e-03
2.027500e+00	2.935516e-03
2.030000e+00	3.022366e-03
2.032500e+00	3.146802e-03
2.035000e+00	3.318013e-03
2.037500e+00	3.548948e-03
2.040000e+00	3.857972e-03
2.042500e+00	4.271286e-03
2.045000e+00	4.826323e-03
2.047500e+00	5.575978e-03
2.050000e+00	6.592019e-03
2.052500e+00	7.961036e-03
2.055000e+00	9.752898e-03
2.057500e+00	1.191844e-02
2.060000e+00	1.408644e-02
2.062500e+00	1.544944e-02
2.065000e+00	1.524945e-02
2.067500e+00	1.361509e-02
2.070000e+00	1.140197e-02
2.072500e+00	9.325170e-03
2.075000e+00	7.656574e-03
2.077500e+00	6.401604e-03
2.080000e+00	5.481234e-03
2.082500e+00	4.812035e-03
2.085000e+00	4.327991e-03
2.087500e+00	3.981643e-03
2.090000e+00	3.740215e-03
2.092500e+00	3.581615e-03
2.095000e+00	3.491409e-03
2.097500e+00	3.460771e-03
2.100000e+00	3.485203e-03
2.102500e+00	3.563831e-03
2.105000e+00	3.699159e-03
2.107500e+00	3.897221e-03
2.110000e+00	4.168157e-03
2.112500e+00	4.527295e-03
2.115000e+00	4.996912e-03
2.117500e+00	5.608966e-03
2.120000e+00	6.409213e-03
2.122500e+00	7.463255e-03
2.125000e+00	8.864912e-03
2.127500e+00	1.074615e-02
2.130000e+00	1.328312e-02
2.132500e+00	1.667811e-02
2.135000e+00	2.105994e-02
2.137500e+00	2.619308e-02
2.140000e+00	3.098096e-02
2.142500e+00	3.340880e-02
2.145000e+00	3.204603e-02
2.147500e+00	2.771632e-02
2.150000e+00	2.248932e-02
2.152500e+00	1.779176e-02
2.155000e+00	1.406701e-02
2.157500e+00	1.125420e-02
2.160000e+00	9.156171e-03
2.162500e+00	7.584190e-03
2.165000e+00	6.392333e-03
2.167500e+00	5.475464e-03
2.170000e+00	4.759493e-03
2.172500e+00	4.192289e-03
2.175000e+00	3.736890e-03
2.177500e+00	3.366777e-03
2.180000e+00	3.062661e-03
2.182500e+00	2.810316e-03
2.185000e+00	2.599106e-03
2.187500e+00	2.420977e-03
2.190000e+00	2.269750e-03
2.192500e+00	2.140634e-03
2.195000e+00	2.029874e-03
2.197500e+00	1.934496e-03
2.200000e+00	1.852127e-03
2.202500e+00	1.780855e-03
2.205000e+00	1.719128e-03
2.207500e+00	1.665682e-03
2.210000e+00	1.619477e-03
2.212500e+00	1.579655e-03
2.215000e+00	1.545506e-03
2.217500e+00	1.516440e-03
2.220000e+00	1.491966e-03
2.222500e+00	1.471677e-03
2.225000e+00	1.455232e-03
2.227500e+00	1.442351e-03
2.230000e+00	1.432802e-03
2.232500e+00	1.426399e-03
2.235000e+00	1.422991e-03
2.237500e+00	1.422463e-03
2.240000e+00	1.424729e-03
2.242500e+00	1.429729e-03
2.245000e+00	1.437431e-03
2.247500e+00	1.447826e-03
2.250000e+00	1.460929e-03
2.252500e+00	1.476777e-03
2.255000e+00	1.495431e-03
2.257500e+00	1.516972e-03
2.260000e+00	1.541509e-03
2.262500e+00	1.569174e-03
2.265000e+00	1.600126e-03
2.267500e+00	1.634554e-03
2.270000e+00	1.672678e-03
2.272500e+00	1.714753e-03
2.275000e+00	1.761075e-03
2.277500e+00	1.811982e-03
2.280000e+00	1.867863e-03
2.282500e+00	1.929163e-03
2.285000e+00	1.996394e-03
2.287500e+00	2.070142e-03
2.290000e+00	2.151083e-03
2.292500e+00	2.239992e-03
2.295000e+00	2.337767e-03
2.297500e+00	2.445447e-03
2.300000e+00	2.564237e-03
2.302500e+00	2.695547e-03
2.305000e+00	2.841021e-03
2.307500e+00	3.002599e-03
2.310000e+00	3.182569e-03
2.312500e+00	3.383651e-03
2.315000e+00	3.609091e-03
2.317500e+00	3.862791e-03
2.320000e+00	4.149470e-03
2.322500e+00	4.474872e-03
2.325000e+00	4.846046e-03
2.327500e+00	5.271707e-03
2.330000e+00	5.762723e-03
2.332500e+00	6.332776e-03
2.335000e+00	6.999261e-03
2.337500e+00	7.784526e-03
2.340000e+00	8.717619e-03
2.342500e+00	9.836757e-03
2.345000e+00	1.119287e-02
2.347500e+00	1.285477e-02
2.350000e+00	1.491672e-02
2.352500e+00	1.750965e-02
2.355000e+00	2.081770e-02
2.357500e+00	2.510225e-02
2.360000e+00	3.073488e-02
2.362500e+00	3.823610e-02
2.365000e+00	4.829733e-02
2.367500e+00	6.170445e-02
2.370000e+00	7.893272e-02
2.372500e+00	9.898238e-02
2.375000e+00	1.174455e-01
2.377500e+00	1.264438e-01
2.380000e+00	1.206768e-01
2.382500e+00	1.036557e-01
2.385000e+00	8.342408e-02
2.387500e+00	6.536456e-02
2.390000e+00	5.108975e-02
2.392500e+00	4.032533e-02
2.395000e+00	3.230165e-02
2.397500e+00	2.629186e-02
2.400000e+00	2.173629e-02
2.402500e+00	1.823233e-02
2.405000e+00	1.549638e-02
2.407500e+00	1.332892e-02
2.410000e+00	1.158848e-02
2.412500e+00	1.017353e-02
2.415000e+00	9.010255e-03
2.417500e+00	8.044214e-03
2.420000e+00	7.234753e-03
2.422500e+00	6.551128e-03
2.425000e+00	5.969834e-03
2.427500e+00	5.472734e-03
2.430000e+00	5.045737e-03
2.432500e+00	4.677861e-03
2.435000e+00	4.360565e-03
2.437500e+00	4.087292e-03
2.440000e+00	3.853170e-03
2.442500e+00	3.654849e-03
2.445000e+00	3.490480e-03
2.447500e+00	3.359824e-03
2.450000e+00	3.264529e-03
2.452500e+00	3.208510e-03
2.455000e+00	3.198228e-03
2.457500e+00	3.242001e-03
2.460000e+00	3.345827e-03
2.462500e+00	3.500537e-03
2.465000e+00	3.657762e-03
2.467500e+00	3.720544e-03
2.470000e+00	3.606933e-03
2.472500e+00	3.341874e-03
2.475000e+00	3.025488e-03
2.477500e+00	2.734867e-03
2.480000e+00	2.496856e-03
2.482500e+00	2.310075e-03
2.485000e+00	2.164762e-03
2.487500e+00	2.051106e-03
2.490000e+00	1.961385e-03
2.492500e+00	1.889995e-03
2.495000e+00	1.832976e-03
2.497500e+00	1.787552e-03
2.500000e+00	1.751775e-03
2.502500e+00	1.724283e-03
2.505000e+00	1.704132e-03
2.507500e+00	1.690688e-03
2.510000e+00	1.683551e-03
2.512500e+00	1.682513e-03
2.515000e+00	1.687522e-03
2.517500e+00	1.698671e-03
2.520000e+00	1.716191e-03
2.522500e+00	1.740451e-03
2.525000e+00	1.771968e-03
2.527500e+00	1.811428e-03
2.530000e+00	1.859710e-03
2.532500e+00	1.917923e-03
2.535000e+00	1.987457e-03
2.537500e+00	2.070052e-03
2.540000e+00	2.167888e-03
2.542500e+00	2.283708e-03
2.545000e+00	2.420982e-03
2.547500e+00	2.584138e-03
2.550000e+00	2.778871e-03
2.552500e+00	3.012586e-03
2.555000e+00	3.295015e-03
2.557500e+00	3.639110e-03
2.560000e+00	4.062332e-03
2.562500e+00	4.588544e-03
2.565000e+00	5.250804e-03
2.567500e+00	6.095505e-03
2.570000e+00	7.188405e-03
2.572500e+00	8.623063e-03
2.575000e+00	1.053126e-02
2.577500e+00	1.309102e-02
2.580000e+00	1.651522e-02
2.582500e+00	2.096937e-02
2.585000e+00	2.631076e-02
2.587500e+00	3.158409e-02
2.590000e+00	3.477761e-02
2.592500e+00	3.409130e-02
2.595000e+00	2.994862e-02
2.597500e+00	2.447099e-02
2.600000e+00	1.936411e-02
2.602500e+00	1.525294e-02
2.605000e+00	1.213310e-02
2.607500e+00	9.806126e-03
2.610000e+00	8.066658e-03
2.612500e+00	6.752215e-03
2.615000e+00	5.744809e-03
2.617500e+00	4.961133e-03
2.620000e+00	4.342621e-03
2.622500e+00	3.847828e-03
2.625000e+00	3.447094e-03
2.627500e+00	3.118906e-03
2.630000e+00	2.847445e-03
2.632500e+00	2.620914e-03
2.635000e+00	2.430404e-03
2.637500e+00	2.269100e-03
2.640000e+00	2.131731e-03
2.642500e+00	2.014172e-03
2.645000e+00	1.913169e-03
2.647500e+00	1.826126e-03
2.650000e+00	1.750960e-03
2.652500e+00	1.685982e-03
2.655000e+00	1.629819e-03
2.657500e+00	1.581344e-03
2.660000e+00	1.539629e-03
2.662500e+00	1.503909e-03
2.665000e+00	1.473547e-03
2.667500e+00	1.448018e-03
2.670000e+00	1.426882e-03
2.672500e+00	1.409777e-03
2.675000e+00	1.396405e-03
2.677500e+00	1.386520e-03
2.680000e+00	1.379925e-03
2.682500e+00	1.376463e-03
2.685000e+00	1.376015e-03
2.687500e+00	1.378494e-03
2.690000e+00	1.383842e-03
2.692500e+00	1.392032e-03
2.695000e+00	1.403061e-03
2.697500e+00	1.416955e-03
2.700000e+00	1.433764e-03
2.702500e+00	1.453563e-03
2.705000e+00	1.476457e-03
2.707500e+00	1.502576e-03
2.710000e+00	1.532082e-03
2.712500e+00	1.565167e-03
2.715000e+00	1.602061e-03
2.717500e+00	1.643030e-03
2.720000e+00	1.688386e-03
2.722500e+00	1.738490e-03
2.725000e+00	1.793758e-03
2.727500e+00	1.854670e-03
2.730000e+00	1.921782e-03
2.732500e+00	1.995735e-03
2.735000e+00	2.077271e-03
2.737500e+00	2.167250e-03
2.740000e+00	2.266673e-03
2.742500e+00	2.376707e-03
2.745000e+00	2.498720e-03
2.747500e+00	2.634317e-03
2.750000e+00	2.785398e-03
2.752500e+00	2.954214e-03
2.755000e+00	3.143453e-03
2.757500e+00	3.356342e-03
2.760000e+00	3.596777e-03
2.762500e+00	3.869494e-03
2.765000e+00	4.180298e-03
2.767500e+00	4.536350e-03
2.770000e+00	4.946567e-03
2.772500e+00	5.422153e-03
2.775000e+00	5.977317e-03
2.777500e+00	6.630275e-03
2.780000e+00	7.404644e-03
2.782500e+00	8.331413e-03
2.785000e+00	9.451766e-03
2.787500e+00	1.082118e-02
2.790000e+00	1.251544e-02
2.792500e+00	1.463948e-02
2.795000e+00	1.734056e-02
2.797500e+00	2.082737e-02
2.800000e+00	2.539675e-02
2.802500e+00	3.146671e-02
2.805000e+00	3.960153e-02
2.807500e+00	5.047428e-02
2.810000e+00	6.460343e-02
2.812500e+00	8.151976e-02
2.815000e+00	9.816764e-02
2.817500e+00	1.081647e-01
2.820000e+00	1.058711e-01
2.822500e+00	9.271208e-02
2.825000e+00	7.541009e-02
2.827500e+00	5.931856e-02
2.830000e+00	4.638123e-02
2.832500e+00	3.657200e-02
2.835000e+00	2.926184e-02
2.837500e+00	2.380341e-02
2.840000e+00	1.968551e-02
2.842500e+00	1.653744e-02
2.845000e+00	1.409798e-02
2.847500e+00	1.218409e-02
2.850000e+00	1.066707e-02
2.852500e+00	9.455941e-03
2.855000e+00	8.486309e-03
2.857500e+00	7.713016e-03
2.860000e+00	7.105426e-03
2.862500e+00	6.644391e-03
2.865000e+00	6.319829e-03
2.867500e+00	6.126901e-03
2.870000e+00	6.056337e-03
2.872500e+00	6.073226e-03
2.875000e+00	6.093645e-03
2.877500e+00	6.012413e-03
2.880000e+00	5.805642e-03
2.882500e+00	5.565880e-03
2.885000e+00	5.408307e-03
2.887500e+00	5.405677e-03
2.890000e+00	5.599332e-03
2.892500e+00	6.022383e-03
2.895000e+00	6.698154e-03
2.897500e+00	7.595295e-03
2.900000e+00	8.528807e-03
2.902500e+00	9.097590e-03
2.905000e+00	8.912449e-03
2.907500e+00	8.016427e-03
2.910000e+00	6.827029e-03
2.912500e+00	5.704368e-03
2.915000e+00	4.788335e-03
2.917500e+00	4.082938e-03
2.920000e+00	3.548236e-03
2.922500e+00	3.141455e-03
2.925000e+00	2.828367e-03
2.927500e+00	2.583983e-03
2.930000e+00	2.390601e-03
2.932500e+00	2.235748e-03
2.935000e+00	2.110590e-03
2.937500e+00	2.008811e-03
2.940000e+00	1.925847e-03
2.942500e+00	1.858372e-03
2.945000e+00	1.803951e-03
2.947500e+00	1.760799e-03
2.950000e+00	1.727624e-03
2.952500e+00	1.703512e-03
2.955000e+00	1.687859e-03
2.957500e+00	1.680314e-03
2.960000e+00	1.680756e-03
2.962500e+00	1.689275e-03
2.965000e+00	1.706173e-03
2.967500e+00	1.731977e-03
2.970000e+00	1.767460e-03
2.972500e+00	1.813682e-03
2.975000e+00	1.872049e-03
2.977500e+00	1.944395e-03
2.980000e+00	2.033098e-03
2.982500e+00	2.141235e-03
2.985000e+00	2.272810e-03
2.987500e+00	2.433061e-03
2.990000e+00	2.628905e-03
2.992500e+00	2.869573e-03
2.995000e+00	3.167535e-03
2.997500e+00	3.539848e-03
