#omega	spectral weight
-6.000000e+00	1.565084e-05
-5.997500e+00	1.565675e-05
-5.995000e+00	1.566266e-05
-5.992500e+00	1.566858e-05
-5.990000e+00	1.567450e-05
-5.987500e+00	1.568043e-05
-5.985000e+00	1.568635e-05
-5.982500e+00	1.569229e-05
-5.980000e+00	1.569822e-05
-5.977500e+00	1.570416e-05
-5.975000e+00	1.571011e-05
-5.972500e+00	1.571605e-05
-5.970000e+00	1.572200e-05
-5.967500e+00	1.572796e-05
-5.965000e+00	1.573392e-05
-5.962500e+00	1.573988e-05
-5.960000e+00	1.574584e-05
-5.957500e+00	1.575181e-05
-5.955000e+00	1.575778e-05
-5.952500e+00	1.576376e-05
-5.950000e+00	1.576974e-05
-5.947500e+00	1.577573e-05
-5.945000e+00	1.578171e-05
-5.942500e+00	1.578770e-05
-5.940000e+00	1.579370e-05
-5.937500e+00	1.579970e-05
-5.935000e+00	1.580570e-05
-5.932500e+00	1.581171e-05
-5.930000e+00	1.581772e-05
-5.927500e+00	1.582373e-05
-5.925000e+00	1.582975e-05
-5.922500e+00	1.583577e-05
-5.920000e+00	1.584179e-05
-5.917500e+00	1.584782e-05
-5.915000e+00	1.585385e-05
-5.912500e+00	1.585989e-05
-5.910000e+00	1.586593e-05
-5.907500e+00	1.587197e-05
-5.905000e+00	1.587802e-05
-5.902500e+00	1.588407e-05
-5.900000e+00	1.589012e-05
-5.897500e+00	1.589618e-05
-5.895000e+00	1.590224e-05
-5.892500e+00	1.590831e-05
-5.890000e+00	1.591438e-05
-5.887500e+00	1.592045e-05
-5.885000e+00	1.592653e-05
-5.882500e+00	1.593261e-05
-5.880000e+00	1.593869e-05
-5.877500e+00	1.594478e-05
-5.875000e+00	1.595088e-05
-5.872500e+00	1.595697e-05
-5.870000e+00	1.596307e-05
-5.867500e+00	1.596917e-05
-5.865000e+00	1.597528e-05
-5.862500e+00	1.598139e-05
-5.860000e+00	1.598751e-05
-5.857500e+00	1.599363e-05
-5.855000e+00	1.599975e-05
-5.852500e+00	1.600588e-05
-5.850000e+00	1.601201e-05
-5.847500e+00	1.601814e-05
-5.845000e+00	1.602428e-05
-5.842500e+00	1.603042e-05
-5.840000e+00	1.603657e-05
-5.837500e+00	1.604272e-05
-5.835000e+00	1.604887e-05
-5.832500e+00	1.605503e-05
-5.830000e+00	1.606119e-05
-5.827500e+00	1.606735e-05
-5.825000e+00	1.607352e-05
-5.822500e+00	1.607969e-05
-5.820000e+00	1.608587e-05
-5.817500e+00	1.609205e-05
-5.815000e+00	1.609823e-05
-5.812500e+00	1.610442e-05
-5.810000e+00	1.611061e-05
-5.807500e+00	1.611681e-05
-5.805000e+00	1.612301e-05
-5.802500e+00	1.612921e-05
-5.800000e+00	1.613542e-05
-5.797500e+00	1.614163e-05
-5.795000e+00	1.614785e-05
-5.792500e+00	1.615407e-05
-5.790000e+00	1.616029e-05
-5.787500e+00	1.616652e-05
-5.785000e+00	1.617275e-05
-5.782500e+00	1.617898e-05
-5.780000e+00	1.618522e-05
-5.777500e+00	1.619147e-05
-5.775000e+00	1.619771e-05
-5.772500e+00	1.620396e-05
-5.770000e+00	1.621022e-05
-5.767500e+00	1.621648e-05
-5.765000e+00	1.622274e-05
-5.762500e+00	1.622900e-05
-5.760000e+00	1.623527e-05
-5.757500e+00	1.624155e-05
-5.755000e+00	1.624783e-05
-5.752500e+00	1.625411e-05
-5.750000e+00	1.626040e-05
-5.747500e+00	1.626669e-05
-5.745000e+00	1.627298e-05
-5.742500e+00	1.627928e-05
-5.740000e+00	1.628558e-05
-5.737500e+00	1.629189e-05
-5.735000e+00	1.629820e-05
-5.732500e+00	1.630451e-05
-5.730000e+00	1.631083e-05
-5.727500e+00	1.631715e-05
-5.725000e+00	1.632348e-05
-5.722500e+00	1.632981e-05
-5.720000e+00	1.633614e-05
-5.717500e+00	1.634248e-05
-5.715000e+00	1.634882e-05
-5.712500e+00	1.635517e-05
-5.710000e+00	1.636152e-05
-5.707500e+00	1.636787e-05
-5.705000e+00	1.637423e-05
-5.702500e+00	1.638059e-05
-5.700000e+00	1.638696e-05
-5.697500e+00	1.639333e-05
-5.695000e+00	1.639970e-05
-5.692500e+00	1.640608e-05
-5.690000e+00	1.641246e-05
-5.687500e+00	1.641885e-05
-5.685000e+00	1.642524e-05
-5.682500e+00	1.643164e-05
-5.680000e+00	1.643803e-05
-5.677500e+00	1.644444e-05
-5.675000e+00	1.645084e-05
-5.672500e+00	1.645725e-05
-5.670000e+00	1.646367e-05
-5.667500e+00	1.647009e-05
-5.665000e+00	1.647651e-05
-5.662500e+00	1.648294e-05
-5.660000e+00	1.648937e-05
-5.657500e+00	1.649581e-05
-5.655000e+00	1.650225e-05
-5.652500e+00	1.650869e-05
-5.650000e+00	1.651514e-05
-5.647500e+00	1.652159e-05
-5.645000e+00	1.652805e-05
-5.642500e+00	1.653451e-05
-5.640000e+00	1.654097e-05
-5.637500e+00	1.654744e-05
-5.635000e+00	1.655391e-05
-5.632500e+00	1.656039e-05
-5.630000e+00	1.656687e-05
-5.627500e+00	1.657336e-05
-5.625000e+00	1.657984e-05
-5.622500e+00	1.658634e-05
-5.620000e+00	1.659284e-05
-5.617500e+00	1.659934e-05
-5.615000e+00	1.660584e-05
-5.612500e+00	1.661235e-05
-5.610000e+00	1.661887e-05
-5.607500e+00	1.662539e-05
-5.605000e+00	1.663191e-05
-5.602500e+00	1.663844e-05
-5.600000e+00	1.664497e-05
-5.597500e+00	1.665150e-05
-5.595000e+00	1.665804e-05
-5.592500e+00	1.666459e-05
-5.590000e+00	1.667113e-05
-5.587500e+00	1.667769e-05
-5.585000e+00	1.668424e-05
-5.582500e+00	1.669080e-05
-5.580000e+00	1.669737e-05
-5.577500e+00	1.670394e-05
-5.575000e+00	1.671051e-05
-5.572500e+00	1.671709e-05
-5.570000e+00	1.672367e-05
-5.567500e+00	1.673026e-05
-5.565000e+00	1.673685e-05
-5.562500e+00	1.674344e-05
-5.560000e+00	1.675004e-05
-5.557500e+00	1.675664e-05
-5.555000e+00	1.676325e-05
-5.552500e+00	1.676986e-05
-5.550000e+00	1.677648e-05
-5.547500e+00	1.678310e-05
-5.545000e+00	1.678972e-05
-5.542500e+00	1.679635e-05
-5.540000e+00	1.680299e-05
-5.537500e+00	1.680962e-05
-5.535000e+00	1.681626e-05
-5.532500e+00	1.682291e-05
-5.530000e+00	1.682956e-05
-5.527500e+00	1.683622e-05
-5.525000e+00	1.684287e-05
-5.522500e+00	1.684954e-05
-5.520000e+00	1.685621e-05
-5.517500e+00	1.686288e-05
-5.515000e+00	1.686955e-05
-5.512500e+00	1.687623e-05
-5.510000e+00	1.688292e-05
-5.507500e+00	1.688961e-05
-5.505000e+00	1.689630e-05
-5.502500e+00	1.690300e-05
-5.500000e+00	1.690970e-05
-5.497500e+00	1.691641e-05
-5.495000e+00	1.692312e-05
-5.492500e+00	1.692984e-05
-5.490000e+00	1.693656e-05
-5.487500e+00	1.694328e-05
-5.485000e+00	1.695001e-05
-5.482500e+00	1.695674e-05
-5.480000e+00	1.696348e-05
-5.477500e+00	1.697022e-05
-5.475000e+00	1.697697e-05
-5.472500e+00	1.698372e-05
-5.470000e+00	1.699047e-05
-5.467500e+00	1.699723e-05
-5.465000e+00	1.700400e-05
-5.462500e+00	1.701077e-05
-5.460000e+00	1.701754e-05
-5.457500e+00	1.702432e-05
-5.455000e+00	1.703110e-05
-5.452500e+00	1.703788e-05
-5.450000e+00	1.704467e-05
-5.447500e+00	1.705147e-05
-5.445000e+00	1.705827e-05
-5.442500e+00	1.706507e-05
-5.440000e+00	1.707188e-05
-5.437500e+00	1.707869e-05
-5.435000e+00	1.708551e-05
-5.432500e+00	1.709233e-05
-5.430000e+00	1.709916e-05
-5.427500e+00	1.710599e-05
-5.425000e+00	1.711283e-05
-5.422500e+00	1.711967e-05
-5.420000e+00	1.712651e-05
-5.417500e+00	1.713336e-05
-5.415000e+00	1.714021e-05
-5.412500e+00	1.714707e-05
-5.410000e+00	1.715393e-05
-5.407500e+00	1.716080e-05
-5.405000e+00	1.716767e-05
-5.402500e+00	1.717455e-05
-5.400000e+00	1.718143e-05
-5.397500e+00	1.718831e-05
-5.395000e+00	1.719520e-05
-5.392500e+00	1.720210e-05
-5.390000e+00	1.720899e-05
-5.387500e+00	1.721590e-05
-5.385000e+00	1.722281e-05
-5.382500e+00	1.722972e-05
-5.380000e+00	1.723663e-05
-5.377500e+00	1.724356e-05
-5.375000e+00	1.725048e-05
-5.372500e+00	1.725741e-05
-5.370000e+00	1.726435e-05
-5.367500e+00	1.727129e-05
-5.365000e+00	1.727823e-05
-5.362500e+00	1.728518e-05
-5.360000e+00	1.729213e-05
-5.357500e+00	1.729909e-05
-5.355000e+00	1.730606e-05
-5.352500e+00	1.731302e-05
-5.350000e+00	1.732000e-05
-5.347500e+00	1.732697e-05
-5.345000e+00	1.733395e-05
-5.342500e+00	1.734094e-05
-5.340000e+00	1.734793e-05
-5.337500e+00	1.735493e-05
-5.335000e+00	1.736193e-05
-5.332500e+00	1.736893e-05
-5.330000e+00	1.737594e-05
-5.327500e+00	1.738295e-05
-5.325000e+00	1.738997e-05
-5.322500e+00	1.739700e-05
-5.320000e+00	1.740402e-05
-5.317500e+00	1.741106e-05
-5.315000e+00	1.741809e-05
-5.312500e+00	1.742514e-05
-5.310000e+00	1.743218e-05
-5.307500e+00	1.743923e-05
-5.305000e+00	1.744629e-05
-5.302500e+00	1.745335e-05
-5.300000e+00	1.746042e-05
-5.297500e+00	1.746749e-05
-5.295000e+00	1.747456e-05
-5.292500e+00	1.748164e-05
-5.290000e+00	1.748873e-05
-5.287500e+00	1.749582e-05
-5.285000e+00	1.750291e-05
-5.282500e+00	1.751001e-05
-5.280000e+00	1.751711e-05
-5.277500e+00	1.752422e-05
-5.275000e+00	1.753133e-05
-5.272500e+00	1.753845e-05
-5.270000e+00	1.754558e-05
-5.267500e+00	1.755270e-05
-5.265000e+00	1.755983e-05
-5.262500e+00	1.756697e-05
-5.260000e+00	1.757411e-05
-5.257500e+00	1.758126e-05
-5.255000e+00	1.758841e-05
-5.252500e+00	1.759557e-05
-5.250000e+00	1.760273e-05
-5.247500e+00	1.760989e-05
-5.245000e+00	1.761707e-05
-5.242500e+00	1.762424e-05
-5.240000e+00	1.763142e-05
-5.237500e+00	1.763861e-05
-5.235000e+00	1.764580e-05
-5.232500e+00	1.765299e-05
-5.230000e+00	1.766019e-05
-5.227500e+00	1.766740e-05
-5.225000e+00	1.767461e-05
-5.222500e+00	1.768182e-05
-5.220000e+00	1.768904e-05
-5.217500e+00	1.769626e-05
-5.215000e+00	1.770349e-05
-5.212500e+00	1.771073e-05
-5.210000e+00	1.771796e-05
-5.207500e+00	1.772521e-05
-5.205000e+00	1.773246e-05
-5.202500e+00	1.773971e-05
-5.200000e+00	1.774697e-05
-5.197500e+00	1.775423e-05
-5.195000e+00	1.776150e-05
-5.192500e+00	1.776877e-05
-5.190000e+00	1.777605e-05
-5.187500e+00	1.778334e-05
-5.185000e+00	1.779062e-05
-5.182500e+00	1.779792e-05
-5.180000e+00	1.780521e-05
-5.177500e+00	1.781252e-05
-5.175000e+00	1.781982e-05
-5.172500e+00	1.782714e-05
-5.170000e+00	1.783446e-05
-5.167500e+00	1.784178e-05
-5.165000e+00	1.784911e-05
-5.162500e+00	1.785644e-05
-5.160000e+00	1.786378e-05
-5.157500e+00	1.787112e-05
-5.155000e+00	1.787847e-05
-5.152500e+00	1.788582e-05
-5.150000e+00	1.789318e-05
-5.147500e+00	1.790054e-05
-5.145000e+00	1.790791e-05
-5.142500e+00	1.791528e-05
-5.140000e+00	1.792266e-05
-5.137500e+00	1.793004e-05
-5.135000e+00	1.793743e-05
-5.132500e+00	1.794482e-05
-5.130000e+00	1.795222e-05
-5.127500e+00	1.795962e-05
-5.125000e+00	1.796703e-05
-5.122500e+00	1.797444e-05
-5.120000e+00	1.798186e-05
-5.117500e+00	1.798929e-05
-5.115000e+00	1.799671e-05
-5.112500e+00	1.800415e-05
-5.110000e+00	1.801159e-05
-5.107500e+00	1.801903e-05
-5.105000e+00	1.802648e-05
-5.102500e+00	1.803393e-05
-5.100000e+00	1.804139e-05
-5.097500e+00	1.804886e-05
-5.095000e+00	1.805633e-05
-5.092500e+00	1.806380e-05
-5.090000e+00	1.807128e-05
-5.087500e+00	1.807877e-05
-5.085000e+00	1.808626e-05
-5.082500e+00	1.809375e-05
-5.080000e+00	1.810125e-05
-5.077500e+00	1.810876e-05
-5.075000e+00	1.811627e-05
-5.072500e+00	1.812378e-05
-5.070000e+00	1.813130e-05
-5.067500e+00	1.813883e-05
-5.065000e+00	1.814636e-05
-5.062500e+00	1.815390e-05
-5.060000e+00	1.816144e-05
-5.057500e+00	1.816899e-05
-5.055000e+00	1.817654e-05
-5.052500e+00	1.818410e-05
-5.050000e+00	1.819166e-05
-5.047500e+00	1.819923e-05
-5.045000e+00	1.820680e-05
-5.042500e+00	1.821438e-05
-5.040000e+00	1.822196e-05
-5.037500e+00	1.822955e-05
-5.035000e+00	1.823715e-05
-5.032500e+00	1.824474e-05
-5.030000e+00	1.825235e-05
-5.027500e+00	1.825996e-05
-5.025000e+00	1.826757e-05
-5.022500e+00	1.827519e-05
-5.020000e+00	1.828282e-05
-5.017500e+00	1.829045e-05
-5.015000e+00	1.829809e-05
-5.012500e+00	1.830573e-05
-5.010000e+00	1.831338e-05
-5.007500e+00	1.832103e-05
-5.005000e+00	1.832869e-05
-5.002500e+00	1.833635e-05
-5.000000e+00	1.834402e-05
-4.997500e+00	1.835169e-05
-4.995000e+00	1.835937e-05
-4.992500e+00	1.836706e-05
-4.990000e+00	1.837475e-05
-4.987500e+00	1.838244e-05
-4.985000e+00	1.839014e-05
-4.982500e+00	1.839785e-05
-4.980000e+00	1.840556e-05
-4.977500e+00	1.841327e-05
-4.975000e+00	1.842100e-05
-4.972500e+00	1.842872e-05
-4.970000e+00	1.843646e-05
-4.967500e+00	1.844420e-05
-4.965000e+00	1.845194e-05
-4.962500e+00	1.845969e-05
-4.960000e+00	1.846744e-05
-4.957500e+00	1.847520e-05
-4.955000e+00	1.848297e-05
-4.952500e+00	1.849074e-05
-4.950000e+00	1.849851e-05
-4.947500e+00	1.850630e-05
-4.945000e+00	1.851408e-05
-4.942500e+00	1.852188e-05
-4.940000e+00	1.852967e-05
-4.937500e+00	1.853748e-05
-4.935000e+00	1.854529e-05
-4.932500e+00	1.855310e-05
-4.930000e+00	1.856092e-05
-4.927500e+00	1.856875e-05
-4.925000e+00	1.857658e-05
-4.922500e+00	1.858442e-05
-4.920000e+00	1.859226e-05
-4.917500e+00	1.860011e-05
-4.915000e+00	1.860796e-05
-4.912500e+00	1.861582e-05
-4.910000e+00	1.862368e-05
-4.907500e+00	1.863155e-05
-4.905000e+00	1.863943e-05
-4.902500e+00	1.864731e-05
-4.900000e+00	1.865519e-05
-4.897500e+00	1.866309e-05
-4.895000e+00	1.867098e-05
-4.892500e+00	1.867889e-05
-4.890000e+00	1.868680e-05
-4.887500e+00	1.869471e-05
-4.885000e+00	1.870263e-05
-4.882500e+00	1.871056e-05
-4.880000e+00	1.871849e-05
-4.877500e+00	1.872642e-05
-4.875000e+00	1.873437e-05
-4.872500e+00	1.874232e-05
-4.870000e+00	1.875027e-05
-4.867500e+00	1.875823e-05
-4.865000e+00	1.876619e-05
-4.862500e+00	1.877416e-05
-4.860000e+00	1.878214e-05
-4.857500e+00	1.879012e-05
-4.855000e+00	1.879811e-05
-4.852500e+00	1.880610e-05
-4.850000e+00	1.881410e-05
-4.847500e+00	1.882211e-05
-4.845000e+00	1.883012e-05
-4.842500e+00	1.883813e-05
-4.840000e+00	1.884616e-05
-4.837500e+00	1.885418e-05
-4.835000e+00	1.886222e-05
-4.832500e+00	1.887026e-05
-4.830000e+00	1.887830e-05
-4.827500e+00	1.888635e-05
-4.825000e+00	1.889441e-05
-4.822500e+00	1.890247e-05
-4.820000e+00	1.891054e-05
-4.817500e+00	1.891861e-05
-4.815000e+00	1.892669e-05
-4.812500e+00	1.893478e-05
-4.810000e+00	1.894287e-05
-4.807500e+00	1.895097e-05
-4.805000e+00	1.895907e-05
-4.802500e+00	1.896718e-05
-4.800000e+00	1.897529e-05
-4.797500e+00	1.898341e-05
-4.795000e+00	1.899154e-05
-4.792500e+00	1.899967e-05
-4.790000e+00	1.900781e-05
-4.787500e+00	1.901595e-05
-4.785000e+00	1.902410e-05
-4.782500e+00	1.903225e-05
-4.780000e+00	1.904041e-05
-4.777500e+00	1.904858e-05
-4.775000e+00	1.905675e-05
-4.772500e+00	1.906493e-05
-4.770000e+00	1.907312e-05
-4.767500e+00	1.908131e-05
-4.765000e+00	1.908950e-05
-4.762500e+00	1.909771e-05
-4.760000e+00	1.910591e-05
-4.757500e+00	1.911413e-05
-4.755000e+00	1.912235e-05
-4.752500e+00	1.913057e-05
-4.750000e+00	1.913881e-05
-4.747500e+00	1.914704e-05
-4.745000e+00	1.915529e-05
-4.742500e+00	1.916354e-05
-4.740000e+00	1.917179e-05
-4.737500e+00	1.918005e-05
-4.735000e+00	1.918832e-05
-4.732500e+00	1.919660e-05
-4.730000e+00	1.920488e-05
-4.727500e+00	1.921316e-05
-4.725000e+00	1.922145e-05
-4.722500e+00	1.922975e-05
-4.720000e+00	1.923805e-05
-4.717500e+00	1.924636e-05
-4.715000e+00	1.925468e-05
-4.712500e+00	1.926300e-05
-4.710000e+00	1.927133e-05
-4.707500e+00	1.927966e-05
-4.705000e+00	1.928800e-05
-4.702500e+00	1.929635e-05
-4.700000e+00	1.930470e-05
-4.697500e+00	1.931306e-05
-4.695000e+00	1.932142e-05
-4.692500e+00	1.932979e-05
-4.690000e+00	1.933817e-05
-4.687500e+00	1.934655e-05
-4.685000e+00	1.935494e-05
-4.682500e+00	1.936334e-05
-4.680000e+00	1.937174e-05
-4.677500e+00	1.938014e-05
-4.675000e+00	1.938856e-05
-4.672500e+00	1.939698e-05
-4.670000e+00	1.940540e-05
-4.667500e+00	1.941383e-05
-4.665000e+00	1.942227e-05
-4.662500e+00	1.943072e-05
-4.660000e+00	1.943917e-05
-4.657500e+00	1.944762e-05
-4.655000e+00	1.945608e-05
-4.652500e+00	1.946455e-05
-4.650000e+00	1.947303e-05
-4.647500e+00	1.948151e-05
-4.645000e+00	1.949000e-05
-4.642500e+00	1.949849e-05
-4.640000e+00	1.950699e-05
-4.637500e+00	1.951550e-05
-4.635000e+00	1.952401e-05
-4.632500e+00	1.953253e-05
-4.630000e+00	1.954105e-05
-4.627500e+00	1.954958e-05
-4.625000e+00	1.955812e-05
-4.622500e+00	1.956666e-05
-4.620000e+00	1.957521e-05
-4.617500e+00	1.958377e-05
-4.615000e+00	1.959233e-05
-4.612500e+00	1.960090e-05
-4.610000e+00	1.960948e-05
-4.607500e+00	1.961806e-05
-4.605000e+00	1.962665e-05
-4.602500e+00	1.963524e-05
-4.600000e+00	1.964384e-05
-4.597500e+00	1.965245e-05
-4.595000e+00	1.966106e-05
-4.592500e+00	1.966968e-05
-4.590000e+00	1.967831e-05
-4.587500e+00	1.968694e-05
-4.585000e+00	1.969558e-05
-4.582500e+00	1.970423e-05
-4.580000e+00	1.971288e-05
-4.577500e+00	1.972154e-05
-4.575000e+00	1.973020e-05
-4.572500e+00	1.973887e-05
-4.570000e+00	1.974755e-05
-4.567500e+00	1.975623e-05
-4.565000e+00	1.976492e-05
-4.562500e+00	1.977362e-05
-4.560000e+00	1.978232e-05
-4.557500e+00	1.979103e-05
-4.555000e+00	1.979975e-05
-4.552500e+00	1.980847e-05
-4.550000e+00	1.981720e-05
-4.547500e+00	1.982594e-05
-4.545000e+00	1.983468e-05
-4.542500e+00	1.984343e-05
-4.540000e+00	1.985218e-05
-4.537500e+00	1.986094e-05
-4.535000e+00	1.986971e-05
-4.532500e+00	1.987849e-05
-4.530000e+00	1.988727e-05
-4.527500e+00	1.989606e-05
-4.525000e+00	1.990485e-05
-4.522500e+00	1.991365e-05
-4.520000e+00	1.992246e-05
-4.517500e+00	1.993128e-05
-4.515000e+00	1.994010e-05
-4.512500e+00	1.994892e-05
-4.510000e+00	1.995776e-05
-4.507500e+00	1.996660e-05
-4.505000e+00	1.997545e-05
-4.502500e+00	1.998430e-05
-4.500000e+00	1.999316e-05
-4.497500e+00	2.000203e-05
-4.495000e+00	2.001090e-05
-4.492500e+00	2.001978e-05
-4.490000e+00	2.002867e-05
-4.487500e+00	2.003757e-05
-4.485000e+00	2.004647e-05
-4.482500e+00	2.005537e-05
-4.480000e+00	2.006429e-05
-4.477500e+00	2.007321e-05
-4.475000e+00	2.008214e-05
-4.472500e+00	2.009107e-05
-4.470000e+00	2.010001e-05
-4.467500e+00	2.010896e-05
-4.465000e+00	2.011791e-05
-4.462500e+00	2.012688e-05
-4.460000e+00	2.013584e-05
-4.457500e+00	2.014482e-05
-4.455000e+00	2.015380e-05
-4.452500e+00	2.016279e-05
-4.450000e+00	2.017178e-05
-4.447500e+00	2.018079e-05
-4.445000e+00	2.018980e-05
-4.442500e+00	2.019881e-05
-4.440000e+00	2.020783e-05
-4.437500e+00	2.021686e-05
-4.435000e+00	2.022590e-05
-4.432500e+00	2.023494e-05
-4.430000e+00	2.024399e-05
-4.427500e+00	2.025305e-05
-4.425000e+00	2.026211e-05
-4.422500e+00	2.027118e-05
-4.420000e+00	2.028026e-05
-4.417500e+00	2.028935e-05
-4.415000e+00	2.029844e-05
-4.412500e+00	2.030754e-05
-4.410000e+00	2.031664e-05
-4.407500e+00	2.032575e-05
-4.405000e+00	2.033487e-05
-4.402500e+00	2.034400e-05
-4.400000e+00	2.035313e-05
-4.397500e+00	2.036227e-05
-4.395000e+00	2.037142e-05
-4.392500e+00	2.038057e-05
-4.390000e+00	2.038973e-05
-4.387500e+00	2.039890e-05
-4.385000e+00	2.040808e-05
-4.382500e+00	2.041726e-05
-4.380000e+00	2.042645e-05
-4.377500e+00	2.043564e-05
-4.375000e+00	2.044485e-05
-4.372500e+00	2.045406e-05
-4.370000e+00	2.046327e-05
-4.367500e+00	2.047250e-05
-4.365000e+00	2.048173e-05
-4.362500e+00	2.049097e-05
-4.360000e+00	2.050021e-05
-4.357500e+00	2.050947e-05
-4.355000e+00	2.051873e-05
-4.352500e+00	2.052799e-05
-4.350000e+00	2.053727e-05
-4.347500e+00	2.054655e-05
-4.345000e+00	2.055584e-05
-4.342500e+00	2.056513e-05
-4.340000e+00	2.057443e-05
-4.337500e+00	2.058374e-05
-4.335000e+00	2.059306e-05
-4.332500e+00	2.060239e-05
-4.330000e+00	2.061172e-05
-4.327500e+00	2.062106e-05
-4.325000e+00	2.063040e-05
-4.322500e+00	2.063975e-05
-4.320000e+00	2.064911e-05
-4.317500e+00	2.065848e-05
-4.315000e+00	2.066786e-05
-4.312500e+00	2.067724e-05
-4.310000e+00	2.068663e-05
-4.307500e+00	2.069602e-05
-4.305000e+00	2.070543e-05
-4.302500e+00	2.071484e-05
-4.300000e+00	2.072426e-05
-4.297500e+00	2.073368e-05
-4.295000e+00	2.074312e-05
-4.292500e+00	2.075256e-05
-4.290000e+00	2.076200e-05
-4.287500e+00	2.077146e-05
-4.285000e+00	2.078092e-05
-4.282500e+00	2.079039e-05
-4.280000e+00	2.079987e-05
-4.277500e+00	2.080935e-05
-4.275000e+00	2.081884e-05
-4.272500e+00	2.082834e-05
-4.270000e+00	2.083785e-05
-4.267500e+00	2.084737e-05
-4.265000e+00	2.085689e-05
-4.262500e+00	2.086642e-05
-4.260000e+00	2.087595e-05
-4.257500e+00	2.088550e-05
-4.255000e+00	2.089505e-05
-4.252500e+00	2.090461e-05
-4.250000e+00	2.091417e-05
-4.247500e+00	2.092375e-05
-4.245000e+00	2.093333e-05
-4.242500e+00	2.094292e-05
-4.240000e+00	2.095251e-05
-4.237500e+00	2.096212e-05
-4.235000e+00	2.097173e-05
-4.232500e+00	2.098135e-05
-4.230000e+00	2.099097e-05
-4.227500e+00	2.100061e-05
-4.225000e+00	2.101025e-05
-4.222500e+00	2.101990e-05
-4.220000e+00	2.102955e-05
-4.217500e+00	2.103922e-05
-4.215000e+00	2.104889e-05
-4.212500e+00	2.105857e-05
-4.210000e+00	2.106826e-05
-4.207500e+00	2.107795e-05
-4.205000e+00	2.108765e-05
-4.202500e+00	2.109736e-05
-4.200000e+00	2.110708e-05
-4.197500e+00	2.111681e-05
-4.195000e+00	2.112654e-05
-4.192500e+00	2.113628e-05
-4.190000e+00	2.114603e-05
-4.187500e+00	2.115579e-05
-4.185000e+00	2.116555e-05
-4.182500e+00	2.117532e-05
-4.180000e+00	2.118510e-05
-4.177500e+00	2.119489e-05
-4.175000e+00	2.120468e-05
-4.172500e+00	2.121449e-05
-4.170000e+00	2.122430e-05
-4.167500e+00	2.123411e-05
-4.165000e+00	2.124394e-05
-4.162500e+00	2.125377e-05
-4.160000e+00	2.126362e-05
-4.157500e+00	2.127346e-05
-4.155000e+00	2.128332e-05
-4.152500e+00	2.129319e-05
-4.150000e+00	2.130306e-05
-4.147500e+00	2.131294e-05
-4.145000e+00	2.132283e-05
-4.142500e+00	2.133273e-05
-4.140000e+00	2.134263e-05
-4.137500e+00	2.135254e-05
-4.135000e+00	2.136246e-05
-4.132500e+00	2.137239e-05
-4.130000e+00	2.138233e-05
-4.127500e+00	2.139227e-05
-4.125000e+00	2.140222e-05
-4.122500e+00	2.141218e-05
-4.120000e+00	2.142215e-05
-4.117500e+00	2.143213e-05
-4.115000e+00	2.144211e-05
-4.112500e+00	2.145210e-05
-4.110000e+00	2.146210e-05
-4.107500e+00	2.147211e-05
-4.105000e+00	2.148213e-05
-4.102500e+00	2.149215e-05
-4.100000e+00	2.150218e-05
-4.097500e+00	2.151222e-05
-4.095000e+00	2.152227e-05
-4.092500e+00	2.153233e-05
-4.090000e+00	2.154239e-05
-4.087500e+00	2.155246e-05
-4.085000e+00	2.156254e-05
-4.082500e+00	2.157263e-05
-4.080000e+00	2.158273e-05
-4.077500e+00	2.159283e-05
-4.075000e+00	2.160295e-05
-4.072500e+00	2.161307e-05
-4.070000e+00	2.162320e-05
-4.067500e+00	2.163334e-05
-4.065000e+00	2.164348e-05
-4.062500e+00	2.165364e-05
-4.060000e+00	2.166380e-05
-4.057500e+00	2.167397e-05
-4.055000e+00	2.168415e-05
-4.052500e+00	2.169433e-05
-4.050000e+00	2.170453e-05
-4.047500e+00	2.171473e-05
-4.045000e+00	2.172494e-05
-4.042500e+00	2.173516e-05
-4.040000e+00	2.174539e-05
-4.037500e+00	2.175563e-05
-4.035000e+00	2.176587e-05
-4.032500e+00	2.177613e-05
-4.030000e+00	2.178639e-05
-4.027500e+00	2.179666e-05
-4.025000e+00	2.180694e-05
-4.022500e+00	2.181722e-05
-4.020000e+00	2.182752e-05
-4.017500e+00	2.183782e-05
-4.015000e+00	2.184813e-05
-4.012500e+00	2.185845e-05
-4.010000e+00	2.186878e-05
-4.007500e+00	2.187912e-05
-4.005000e+00	2.188946e-05
-4.002500e+00	2.189982e-05
-4.000000e+00	2.191018e-05
-3.997500e+00	2.192055e-05
-3.995000e+00	2.193093e-05
-3.992500e+00	2.194132e-05
-3.990000e+00	2.195171e-05
-3.987500e+00	2.196212e-05
-3.985000e+00	2.197253e-05
-3.982500e+00	2.198295e-05
-3.980000e+00	2.199338e-05
-3.977500e+00	2.200382e-05
-3.975000e+00	2.201427e-05
-3.972500e+00	2.202473e-05
-3.970000e+00	2.203519e-05
-3.967500e+00	2.204567e-05
-3.965000e+00	2.205615e-05
-3.962500e+00	2.206664e-05
-3.960000e+00	2.207714e-05
-3.957500e+00	2.208765e-05
-3.955000e+00	2.209816e-05
-3.952500e+00	2.210869e-05
-3.950000e+00	2.211922e-05
-3.947500e+00	2.212976e-05
-3.945000e+00	2.214032e-05
-3.942500e+00	2.215088e-05
-3.940000e+00	2.216144e-05
-3.937500e+00	2.217202e-05
-3.935000e+00	2.218261e-05
-3.932500e+00	2.219320e-05
-3.930000e+00	2.220381e-05
-3.927500e+00	2.221442e-05
-3.925000e+00	2.222504e-05
-3.922500e+00	2.223567e-05
-3.920000e+00	2.224631e-05
-3.917500e+00	2.225696e-05
-3.915000e+00	2.226761e-05
-3.912500e+00	2.227828e-05
-3.910000e+00	2.228895e-05
-3.907500e+00	2.229964e-05
-3.905000e+00	2.231033e-05
-3.902500e+00	2.232103e-05
-3.900000e+00	2.233174e-05
-3.897500e+00	2.234246e-05
-3.895000e+00	2.235319e-05
-3.892500e+00	2.236392e-05
-3.890000e+00	2.237467e-05
-3.887500e+00	2.238542e-05
-3.885000e+00	2.239619e-05
-3.882500e+00	2.240696e-05
-3.880000e+00	2.241774e-05
-3.877500e+00	2.242853e-05
-3.875000e+00	2.243933e-05
-3.872500e+00	2.245014e-05
-3.870000e+00	2.246096e-05
-3.867500e+00	2.247178e-05
-3.865000e+00	2.248262e-05
-3.862500e+00	2.249347e-05
-3.860000e+00	2.250432e-05
-3.857500e+00	2.251518e-05
-3.855000e+00	2.252606e-05
-3.852500e+00	2.253694e-05
-3.850000e+00	2.254783e-05
-3.847500e+00	2.255873e-05
-3.845000e+00	2.256964e-05
-3.842500e+00	2.258055e-05
-3.840000e+00	2.259148e-05
-3.837500e+00	2.260242e-05
-3.835000e+00	2.261336e-05
-3.832500e+00	2.262432e-05
-3.830000e+00	2.263528e-05
-3.827500e+00	2.264626e-05
-3.825000e+00	2.265724e-05
-3.822500e+00	2.266823e-05
-3.820000e+00	2.267923e-05
-3.817500e+00	2.269024e-05
-3.815000e+00	2.270126e-05
-3.812500e+00	2.271229e-05
-3.810000e+00	2.272333e-05
-3.807500e+00	2.273438e-05
-3.805000e+00	2.274543e-05
-3.802500e+00	2.275650e-05
-3.800000e+00	2.276758e-05
-3.797500e+00	2.277866e-05
-3.795000e+00	2.278976e-05
-3.792500e+00	2.280086e-05
-3.790000e+00	2.281198e-05
-3.787500e+00	2.282310e-05
-3.785000e+00	2.283423e-05
-3.782500e+00	2.284537e-05
-3.780000e+00	2.285653e-05
-3.777500e+00	2.286769e-05
-3.775000e+00	2.287886e-05
-3.772500e+00	2.289004e-05
-3.770000e+00	2.290123e-05
-3.767500e+00	2.291243e-05
-3.765000e+00	2.292363e-05
-3.762500e+00	2.293485e-05
-3.760000e+00	2.294608e-05
-3.757500e+00	2.295732e-05
-3.755000e+00	2.296857e-05
-3.752500e+00	2.297982e-05
-3.750000e+00	2.299109e-05
-3.747500e+00	2.300237e-05
-3.745000e+00	2.301365e-05
-3.742500e+00	2.302495e-05
-3.740000e+00	2.303625e-05
-3.737500e+00	2.304757e-05
-3.735000e+00	2.305889e-05
-3.732500e+00	2.307023e-05
-3.730000e+00	2.308157e-05
-3.727500e+00	2.309292e-05
-3.725000e+00	2.310429e-05
-3.722500e+00	2.311566e-05
-3.720000e+00	2.312704e-05
-3.717500e+00	2.313844e-05
-3.715000e+00	2.314984e-05
-3.712500e+00	2.316125e-05
-3.710000e+00	2.317267e-05
-3.707500e+00	2.318411e-05
-3.705000e+00	2.319555e-05
-3.702500e+00	2.320700e-05
-3.700000e+00	2.321846e-05
-3.697500e+00	2.322994e-05
-3.695000e+00	2.324142e-05
-3.692500e+00	2.325291e-05
-3.690000e+00	2.326441e-05
-3.687500e+00	2.327592e-05
-3.685000e+00	2.328744e-05
-3.682500e+00	2.329898e-05
-3.680000e+00	2.331052e-05
-3.677500e+00	2.332207e-05
-3.675000e+00	2.333363e-05
-3.672500e+00	2.334520e-05
-3.670000e+00	2.335679e-05
-3.667500e+00	2.336838e-05
-3.665000e+00	2.337998e-05
-3.662500e+00	2.339159e-05
-3.660000e+00	2.340322e-05
-3.657500e+00	2.341485e-05
-3.655000e+00	2.342649e-05
-3.652500e+00	2.343814e-05
-3.650000e+00	2.344981e-05
-3.647500e+00	2.346148e-05
-3.645000e+00	2.347316e-05
-3.642500e+00	2.348486e-05
-3.640000e+00	2.349656e-05
-3.637500e+00	2.350828e-05
-3.635000e+00	2.352000e-05
-3.632500e+00	2.353173e-05
-3.630000e+00	2.354348e-05
-3.627500e+00	2.355524e-05
-3.625000e+00	2.356700e-05
-3.622500e+00	2.357878e-05
-3.620000e+00	2.359056e-05
-3.617500e+00	2.360236e-05
-3.615000e+00	2.361417e-05
-3.612500e+00	2.362598e-05
-3.610000e+00	2.363781e-05
-3.607500e+00	2.364965e-05
-3.605000e+00	2.366150e-05
-3.602500e+00	2.367336e-05
-3.600000e+00	2.368523e-05
-3.597500e+00	2.369711e-05
-3.595000e+00	2.370900e-05
-3.592500e+00	2.372090e-05
-3.590000e+00	2.373281e-05
-3.587500e+00	2.374474e-05
-3.585000e+00	2.375667e-05
-3.582500e+00	2.376861e-05
-3.580000e+00	2.378057e-05
-3.577500e+00	2.379253e-05
-3.575000e+00	2.380451e-05
-3.572500e+00	2.381649e-05
-3.570000e+00	2.382849e-05
-3.567500e+00	2.384049e-05
-3.565000e+00	2.385251e-05
-3.562500e+00	2.386454e-05
-3.560000e+00	2.387658e-05
-3.557500e+00	2.388863e-05
-3.555000e+00	2.390069e-05
-3.552500e+00	2.391276e-05
-3.550000e+00	2.392484e-05
-3.547500e+00	2.393694e-05
-3.545000e+00	2.394904e-05
-3.542500e+00	2.396116e-05
-3.540000e+00	2.397328e-05
-3.537500e+00	2.398542e-05
-3.535000e+00	2.399756e-05
-3.532500e+00	2.400972e-05
-3.530000e+00	2.402189e-05
-3.527500e+00	2.403407e-05
-3.525000e+00	2.404626e-05
-3.522500e+00	2.405846e-05
-3.520000e+00	2.407068e-05
-3.517500e+00	2.408290e-05
-3.515000e+00	2.409513e-05
-3.512500e+00	2.410738e-05
-3.510000e+00	2.411964e-05
-3.507500e+00	2.413190e-05
-3.505000e+00	2.414418e-05
-3.502500e+00	2.415647e-05
-3.500000e+00	2.416877e-05
-3.497500e+00	2.418108e-05
-3.495000e+00	2.419341e-05
-3.492500e+00	2.420574e-05
-3.490000e+00	2.421809e-05
-3.487500e+00	2.423044e-05
-3.485000e+00	2.424281e-05
-3.482500e+00	2.425519e-05
-3.480000e+00	2.426758e-05
-3.477500e+00	2.427998e-05
-3.475000e+00	2.429239e-05
-3.472500e+00	2.430481e-05
-3.470000e+00	2.431725e-05
-3.467500e+00	2.432970e-05
-3.465000e+00	2.434215e-05
-3.462500e+00	2.435462e-05
-3.460000e+00	2.436710e-05
-3.457500e+00	2.437959e-05
-3.455000e+00	2.439210e-05
-3.452500e+00	2.440461e-05
-3.450000e+00	2.441714e-05
-3.447500e+00	2.442967e-05
-3.445000e+00	2.444222e-05
-3.442500e+00	2.445478e-05
-3.440000e+00	2.446735e-05
-3.437500e+00	2.447993e-05
-3.435000e+00	2.449253e-05
-3.432500e+00	2.450513e-05
-3.430000e+00	2.451775e-05
-3.427500e+00	2.453038e-05
-3.425000e+00	2.454302e-05
-3.422500e+00	2.455567e-05
-3.420000e+00	2.456834e-05
-3.417500e+00	2.458101e-05
-3.415000e+00	2.459370e-05
-3.412500e+00	2.460640e-05
-3.410000e+00	2.461911e-05
-3.407500e+00	2.463183e-05
-3.405000e+00	2.464456e-05
-3.402500e+00	2.465731e-05
-3.400000e+00	2.467006e-05
-3.397500e+00	2.468283e-05
-3.395000e+00	2.469561e-05
-3.392500e+00	2.470841e-05
-3.390000e+00	2.472121e-05
-3.387500e+00	2.473403e-05
-3.385000e+00	2.474685e-05
-3.382500e+00	2.475969e-05
-3.380000e+00	2.477254e-05
-3.377500e+00	2.478541e-05
-3.375000e+00	2.479828e-05
-3.372500e+00	2.481117e-05
-3.370000e+00	2.482407e-05
-3.367500e+00	2.483698e-05
-3.365000e+00	2.484990e-05
-3.362500e+00	2.486284e-05
-3.360000e+00	2.487578e-05
-3.357500e+00	2.488874e-05
-3.355000e+00	2.490171e-05
-3.352500e+00	2.491470e-05
-3.350000e+00	2.492769e-05
-3.347500e+00	2.494070e-05
-3.345000e+00	2.495372e-05
-3.342500e+00	2.496675e-05
-3.340000e+00	2.497979e-05
-3.337500e+00	2.499285e-05
-3.335000e+00	2.500592e-05
-3.332500e+00	2.501900e-05
-3.330000e+00	2.503209e-05
-3.327500e+00	2.504520e-05
-3.325000e+00	2.505831e-05
-3.322500e+00	2.507144e-05
-3.320000e+00	2.508458e-05
-3.317500e+00	2.509774e-05
-3.315000e+00	2.511090e-05
-3.312500e+00	2.512408e-05
-3.310000e+00	2.513727e-05
-3.307500e+00	2.515048e-05
-3.305000e+00	2.516369e-05
-3.302500e+00	2.517692e-05
-3.300000e+00	2.519016e-05
-3.297500e+00	2.520341e-05
-3.295000e+00	2.521668e-05
-3.292500e+00	2.522996e-05
-3.290000e+00	2.524325e-05
-3.287500e+00	2.525655e-05
-3.285000e+00	2.526987e-05
-3.282500e+00	2.528319e-05
-3.280000e+00	2.529653e-05
-3.277500e+00	2.530989e-05
-3.275000e+00	2.532325e-05
-3.272500e+00	2.533663e-05
-3.270000e+00	2.535002e-05
-3.267500e+00	2.536343e-05
-3.265000e+00	2.537685e-05
-3.262500e+00	2.539027e-05
-3.260000e+00	2.540372e-05
-3.257500e+00	2.541717e-05
-3.255000e+00	2.543064e-05
-3.252500e+00	2.544412e-05
-3.250000e+00	2.545761e-05
-3.247500e+00	2.547112e-05
-3.245000e+00	2.548464e-05
-3.242500e+00	2.549817e-05
-3.240000e+00	2.551172e-05
-3.237500e+00	2.552527e-05
-3.235000e+00	2.553884e-05
-3.232500e+00	2.555243e-05
-3.230000e+00	2.556603e-05
-3.227500e+00	2.557963e-05
-3.225000e+00	2.559326e-05
-3.222500e+00	2.560689e-05
-3.220000e+00	2.562054e-05
-3.217500e+00	2.563420e-05
-3.215000e+00	2.564788e-05
-3.212500e+00	2.566157e-05
-3.210000e+00	2.567527e-05
-3.207500e+00	2.568898e-05
-3.205000e+00	2.570271e-05
-3.202500e+00	2.571645e-05
-3.200000e+00	2.573021e-05
-3.197500e+00	2.574397e-05
-3.195000e+00	2.575775e-05
-3.192500e+00	2.577155e-05
-3.190000e+00	2.578535e-05
-3.187500e+00	2.579917e-05
-3.185000e+00	2.581301e-05
-3.182500e+00	2.582686e-05
-3.180000e+00	2.584072e-05
-3.177500e+00	2.585459e-05
-3.175000e+00	2.586848e-05
-3.172500e+00	2.588238e-05
-3.170000e+00	2.589629e-05
-3.167500e+00	2.591022e-05
-3.165000e+00	2.592416e-05
-3.162500e+00	2.593812e-05
-3.160000e+00	2.595209e-05
-3.157500e+00	2.596607e-05
-3.155000e+00	2.598006e-05
-3.152500e+00	2.599407e-05
-3.150000e+00	2.600810e-05
-3.147500e+00	2.602213e-05
-3.145000e+00	2.603618e-05
-3.142500e+00	2.605025e-05
-3.140000e+00	2.606432e-05
-3.137500e+00	2.607841e-05
-3.135000e+00	2.609252e-05
-3.132500e+00	2.610664e-05
-3.130000e+00	2.612077e-05
-3.127500e+00	2.613492e-05
-3.125000e+00	2.614908e-05
-3.122500e+00	2.616325e-05
-3.120000e+00	2.617744e-05
-3.117500e+00	2.619164e-05
-3.115000e+00	2.620586e-05
-3.112500e+00	2.622009e-05
-3.110000e+00	2.623433e-05
-3.107500e+00	2.624859e-05
-3.105000e+00	2.626286e-05
-3.102500e+00	2.627715e-05
-3.100000e+00	2.629145e-05
-3.097500e+00	2.630576e-05
-3.095000e+00	2.632009e-05
-3.092500e+00	2.633443e-05
-3.090000e+00	2.634879e-05
-3.087500e+00	2.636316e-05
-3.085000e+00	2.637755e-05
-3.082500e+00	2.639195e-05
-3.080000e+00	2.640636e-05
-3.077500e+00	2.642079e-05
-3.075000e+00	2.643523e-05
-3.072500e+00	2.644968e-05
-3.070000e+00	2.646416e-05
-3.067500e+00	2.647864e-05
-3.065000e+00	2.649314e-05
-3.062500e+00	2.650765e-05
-3.060000e+00	2.652218e-05
-3.057500e+00	2.653672e-05
-3.055000e+00	2.655128e-05
-3.052500e+00	2.656585e-05
-3.050000e+00	2.658044e-05
-3.047500e+00	2.659504e-05
-3.045000e+00	2.660966e-05
-3.042500e+00	2.662429e-05
-3.040000e+00	2.663893e-05
-3.037500e+00	2.665359e-05
-3.035000e+00	2.666826e-05
-3.032500e+00	2.668295e-05
-3.030000e+00	2.669766e-05
-3.027500e+00	2.671237e-05
-3.025000e+00	2.672711e-05
-3.022500e+00	2.674185e-05
-3.020000e+00	2.675662e-05
-3.017500e+00	2.677139e-05
-3.015000e+00	2.678619e-05
-3.012500e+00	2.680099e-05
-3.010000e+00	2.681581e-05
-3.007500e+00	2.683065e-05
-3.005000e+00	2.684550e-05
-3.002500e+00	2.686037e-05
-3.000000e+00	2.687525e-05
-2.997500e+00	2.689015e-05
-2.995000e+00	2.690506e-05
-2.992500e+00	2.691999e-05
-2.990000e+00	2.693493e-05
-2.987500e+00	2.694989e-05
-2.985000e+00	2.696486e-05
-2.982500e+00	2.697985e-05
-2.980000e+00	2.699485e-05
-2.977500e+00	2.700987e-05
-2.975000e+00	2.702490e-05
-2.972500e+00	2.703995e-05
-2.970000e+00	2.705501e-05
-2.967500e+00	2.707009e-05
-2.965000e+00	2.708518e-05
-2.962500e+00	2.710029e-05
-2.960000e+00	2.711542e-05
-2.957500e+00	2.713056e-05
-2.955000e+00	2.714571e-05
-2.952500e+00	2.716089e-05
-2.950000e+00	2.717607e-05
-2.947500e+00	2.719128e-05
-2.945000e+00	2.720649e-05
-2.942500e+00	2.722173e-05
-2.940000e+00	2.723698e-05
-2.937500e+00	2.725224e-05
-2.935000e+00	2.726752e-05
-2.932500e+00	2.728282e-05
-2.930000e+00	2.729813e-05
-2.927500e+00	2.731346e-05
-2.925000e+00	2.732880e-05
-2.922500e+00	2.734416e-05
-2.920000e+00	2.735953e-05
-2.917500e+00	2.737492e-05
-2.915000e+00	2.739033e-05
-2.912500e+00	2.740575e-05
-2.910000e+00	2.742119e-05
-2.907500e+00	2.743665e-05
-2.905000e+00	2.745212e-05
-2.902500e+00	2.746760e-05
-2.900000e+00	2.748310e-05
-2.897500e+00	2.749862e-05
-2.895000e+00	2.751416e-05
-2.892500e+00	2.752971e-05
-2.890000e+00	2.754527e-05
-2.887500e+00	2.756086e-05
-2.885000e+00	2.757646e-05
-2.882500e+00	2.759207e-05
-2.880000e+00	2.760770e-05
-2.877500e+00	2.762335e-05
-2.875000e+00	2.763901e-05
-2.872500e+00	2.765469e-05
-2.870000e+00	2.767039e-05
-2.867500e+00	2.768610e-05
-2.865000e+00	2.770183e-05
-2.862500e+00	2.771758e-05
-2.860000e+00	2.773334e-05
-2.857500e+00	2.774912e-05
-2.855000e+00	2.776491e-05
-2.852500e+00	2.778073e-05
-2.850000e+00	2.779655e-05
-2.847500e+00	2.781240e-05
-2.845000e+00	2.782826e-05
-2.842500e+00	2.784414e-05
-2.840000e+00	2.786003e-05
-2.837500e+00	2.787595e-05
-2.835000e+00	2.789187e-05
-2.832500e+00	2.790782e-05
-2.830000e+00	2.792378e-05
-2.827500e+00	2.793976e-05
-2.825000e+00	2.795575e-05
-2.822500e+00	2.797177e-05
-2.820000e+00	2.798780e-05
-2.817500e+00	2.800384e-05
-2.815000e+00	2.801991e-05
-2.812500e+00	2.803599e-05
-2.810000e+00	2.805208e-05
-2.807500e+00	2.806820e-05
-2.805000e+00	2.808433e-05
-2.802500e+00	2.810048e-05
-2.800000e+00	2.811664e-05
-2.797500e+00	2.813282e-05
-2.795000e+00	2.814902e-05
-2.792500e+00	2.816524e-05
-2.790000e+00	2.818148e-05
-2.787500e+00	2.819773e-05
-2.785000e+00	2.821400e-05
-2.782500e+00	2.823028e-05
-2.780000e+00	2.824659e-05
-2.777500e+00	2.826291e-05
-2.775000e+00	2.827925e-05
-2.772500e+00	2.829560e-05
-2.770000e+00	2.831198e-05
-2.767500e+00	2.832837e-05
-2.765000e+00	2.834478e-05
-2.762500e+00	2.836120e-05
-2.760000e+00	2.837765e-05
-2.757500e+00	2.839411e-05
-2.755000e+00	2.841059e-05
-2.752500e+00	2.842708e-05
-2.750000e+00	2.844360e-05
-2.747500e+00	2.846013e-05
-2.745000e+00	2.847668e-05
-2.742500e+00	2.849325e-05
-2.740000e+00	2.850983e-05
-2.737500e+00	2.852644e-05
-2.735000e+00	2.854306e-05
-2.732500e+00	2.855970e-05
-2.730000e+00	2.857636e-05
-2.727500e+00	2.859303e-05
-2.725000e+00	2.860973e-05
-2.722500e+00	2.862644e-05
-2.720000e+00	2.864317e-05
-2.717500e+00	2.865991e-05
-2.715000e+00	2.867668e-05
-2.712500e+00	2.869347e-05
-2.710000e+00	2.871027e-05
-2.707500e+00	2.872709e-05
-2.705000e+00	2.874393e-05
-2.702500e+00	2.876079e-05
-2.700000e+00	2.877766e-05
-2.697500e+00	2.879456e-05
-2.695000e+00	2.881147e-05
-2.692500e+00	2.882840e-05
-2.690000e+00	2.884535e-05
-2.687500e+00	2.886232e-05
-2.685000e+00	2.887930e-05
-2.682500e+00	2.889631e-05
-2.680000e+00	2.891333e-05
-2.677500e+00	2.893038e-05
-2.675000e+00	2.894744e-05
-2.672500e+00	2.896452e-05
-2.670000e+00	2.898162e-05
-2.667500e+00	2.899874e-05
-2.665000e+00	2.901587e-05
-2.662500e+00	2.903303e-05
-2.660000e+00	2.905020e-05
-2.657500e+00	2.906739e-05
-2.655000e+00	2.908461e-05
-2.652500e+00	2.910184e-05
-2.650000e+00	2.911909e-05
-2.647500e+00	2.913636e-05
-2.645000e+00	2.915365e-05
-2.642500e+00	2.917095e-05
-2.640000e+00	2.918828e-05
-2.637500e+00	2.920563e-05
-2.635000e+00	2.922299e-05
-2.632500e+00	2.924038e-05
-2.630000e+00	2.925778e-05
-2.627500e+00	2.927520e-05
-2.625000e+00	2.929265e-05
-2.622500e+00	2.931011e-05
-2.620000e+00	2.932759e-05
-2.617500e+00	2.934509e-05
-2.615000e+00	2.936261e-05
-2.612500e+00	2.938015e-05
-2.610000e+00	2.939771e-05
-2.607500e+00	2.941529e-05
-2.605000e+00	2.943289e-05
-2.602500e+00	2.945051e-05
-2.600000e+00	2.946814e-05
-2.597500e+00	2.948580e-05
-2.595000e+00	2.950348e-05
-2.592500e+00	2.952118e-05
-2.590000e+00	2.953890e-05
-2.587500e+00	2.955663e-05
-2.585000e+00	2.957439e-05
-2.582500e+00	2.959217e-05
-2.580000e+00	2.960997e-05
-2.577500e+00	2.962778e-05
-2.575000e+00	2.964562e-05
-2.572500e+00	2.966348e-05
-2.570000e+00	2.968136e-05
-2.567500e+00	2.969925e-05
-2.565000e+00	2.971717e-05
-2.562500e+00	2.973511e-05
-2.560000e+00	2.975307e-05
-2.557500e+00	2.977105e-05
-2.555000e+00	2.978905e-05
-2.552500e+00	2.980707e-05
-2.550000e+00	2.982511e-05
-2.547500e+00	2.984317e-05
-2.545000e+00	2.986125e-05
-2.542500e+00	2.987935e-05
-2.540000e+00	2.989748e-05
-2.537500e+00	2.991562e-05
-2.535000e+00	2.993379e-05
-2.532500e+00	2.995197e-05
-2.530000e+00	2.997018e-05
-2.527500e+00	2.998840e-05
-2.525000e+00	3.000665e-05
-2.522500e+00	3.002492e-05
-2.520000e+00	3.004321e-05
-2.517500e+00	3.006152e-05
-2.515000e+00	3.007985e-05
-2.512500e+00	3.009820e-05
-2.510000e+00	3.011658e-05
-2.507500e+00	3.013497e-05
-2.505000e+00	3.015339e-05
-2.502500e+00	3.017182e-05
-2.500000e+00	3.019028e-05
-2.497500e+00	3.020876e-05
-2.495000e+00	3.022726e-05
-2.492500e+00	3.024578e-05
-2.490000e+00	3.026433e-05
-2.487500e+00	3.028289e-05
-2.485000e+00	3.030148e-05
-2.482500e+00	3.032009e-05
-2.480000e+00	3.033872e-05
-2.477500e+00	3.035737e-05
-2.475000e+00	3.037604e-05
-2.472500e+00	3.039473e-05
-2.470000e+00	3.041345e-05
-2.467500e+00	3.043219e-05
-2.465000e+00	3.045095e-05
-2.462500e+00	3.046973e-05
-2.460000e+00	3.048853e-05
-2.457500e+00	3.050736e-05
-2.455000e+00	3.052621e-05
-2.452500e+00	3.054508e-05
-2.450000e+00	3.056397e-05
-2.447500e+00	3.058288e-05
-2.445000e+00	3.060182e-05
-2.442500e+00	3.062077e-05
-2.440000e+00	3.063975e-05
-2.437500e+00	3.065876e-05
-2.435000e+00	3.067778e-05
-2.432500e+00	3.069683e-05
-2.430000e+00	3.071590e-05
-2.427500e+00	3.073499e-05
-2.425000e+00	3.075411e-05
-2.422500e+00	3.077324e-05
-2.420000e+00	3.079240e-05
-2.417500e+00	3.081158e-05
-2.415000e+00	3.083079e-05
-2.412500e+00	3.085002e-05
-2.410000e+00	3.086927e-05
-2.407500e+00	3.088854e-05
-2.405000e+00	3.090784e-05
-2.402500e+00	3.092716e-05
-2.400000e+00	3.094650e-05
-2.397500e+00	3.096586e-05
-2.395000e+00	3.098525e-05
-2.392500e+00	3.100466e-05
-2.390000e+00	3.102410e-05
-2.387500e+00	3.104355e-05
-2.385000e+00	3.106303e-05
-2.382500e+00	3.108254e-05
-2.380000e+00	3.110206e-05
-2.377500e+00	3.112161e-05
-2.375000e+00	3.114119e-05
-2.372500e+00	3.116078e-05
-2.370000e+00	3.118041e-05
-2.367500e+00	3.120005e-05
-2.365000e+00	3.121972e-05
-2.362500e+00	3.123941e-05
-2.360000e+00	3.125912e-05
-2.357500e+00	3.127886e-05
-2.355000e+00	3.129862e-05
-2.352500e+00	3.131841e-05
-2.350000e+00	3.133822e-05
-2.347500e+00	3.135805e-05
-2.345000e+00	3.137791e-05
-2.342500e+00	3.139779e-05
-2.340000e+00	3.141770e-05
-2.337500e+00	3.143763e-05
-2.335000e+00	3.145758e-05
-2.332500e+00	3.147756e-05
-2.330000e+00	3.149756e-05
-2.327500e+00	3.151759e-05
-2.325000e+00	3.153764e-05
-2.322500e+00	3.155772e-05
-2.320000e+00	3.157782e-05
-2.317500e+00	3.159794e-05
-2.315000e+00	3.161809e-05
-2.312500e+00	3.163826e-05
-2.310000e+00	3.165846e-05
-2.307500e+00	3.167868e-05
-2.305000e+00	3.169893e-05
-2.302500e+00	3.171920e-05
-2.300000e+00	3.173950e-05
-2.297500e+00	3.175982e-05
-2.295000e+00	3.178017e-05
-2.292500e+00	3.180054e-05
-2.290000e+00	3.182093e-05
-2.287500e+00	3.184136e-05
-2.285000e+00	3.186180e-05
-2.282500e+00	3.188227e-05
-2.280000e+00	3.190277e-05
-2.277500e+00	3.192329e-05
-2.275000e+00	3.194384e-05
-2.272500e+00	3.196441e-05
-2.270000e+00	3.198501e-05
-2.267500e+00	3.200564e-05
-2.265000e+00	3.202629e-05
-2.262500e+00	3.204696e-05
-2.260000e+00	3.206766e-05
-2.257500e+00	3.208839e-05
-2.255000e+00	3.210914e-05
-2.252500e+00	3.212992e-05
-2.250000e+00	3.215072e-05
-2.247500e+00	3.217155e-05
-2.245000e+00	3.219240e-05
-2.242500e+00	3.221329e-05
-2.240000e+00	3.223419e-05
-2.237500e+00	3.225513e-05
-2.235000e+00	3.227609e-05
-2.232500e+00	3.229707e-05
-2.230000e+00	3.231808e-05
-2.227500e+00	3.233912e-05
-2.225000e+00	3.236019e-05
-2.222500e+00	3.238128e-05
-2.220000e+00	3.240240e-05
-2.217500e+00	3.242354e-05
-2.215000e+00	3.244471e-05
-2.212500e+00	3.246591e-05
-2.210000e+00	3.248713e-05
-2.207500e+00	3.250838e-05
-2.205000e+00	3.252966e-05
-2.202500e+00	3.255096e-05
-2.200000e+00	3.257229e-05
-2.197500e+00	3.259365e-05
-2.195000e+00	3.261504e-05
-2.192500e+00	3.263645e-05
-2.190000e+00	3.265789e-05
-2.187500e+00	3.267936e-05
-2.185000e+00	3.270085e-05
-2.182500e+00	3.272237e-05
-2.180000e+00	3.274392e-05
-2.177500e+00	3.276550e-05
-2.175000e+00	3.278710e-05
-2.172500e+00	3.280873e-05
-2.170000e+00	3.283039e-05
-2.167500e+00	3.285207e-05
-2.165000e+00	3.287379e-05
-2.162500e+00	3.289553e-05
-2.160000e+00	3.291730e-05
-2.157500e+00	3.293910e-05
-2.155000e+00	3.296092e-05
-2.152500e+00	3.298277e-05
-2.150000e+00	3.300465e-05
-2.147500e+00	3.302656e-05
-2.145000e+00	3.304850e-05
-2.142500e+00	3.307047e-05
-2.140000e+00	3.309246e-05
-2.137500e+00	3.311448e-05
-2.135000e+00	3.313653e-05
-2.132500e+00	3.315861e-05
-2.130000e+00	3.318072e-05
-2.127500e+00	3.320286e-05
-2.125000e+00	3.322502e-05
-2.122500e+00	3.324722e-05
-2.120000e+00	3.326944e-05
-2.117500e+00	3.329169e-05
-2.115000e+00	3.331397e-05
-2.112500e+00	3.333628e-05
-2.110000e+00	3.335862e-05
-2.107500e+00	3.338098e-05
-2.105000e+00	3.340338e-05
-2.102500e+00	3.342581e-05
-2.100000e+00	3.344826e-05
-2.097500e+00	3.347074e-05
-2.095000e+00	3.349326e-05
-2.092500e+00	3.351580e-05
-2.090000e+00	3.353837e-05
-2.087500e+00	3.356098e-05
-2.085000e+00	3.358361e-05
-2.082500e+00	3.360627e-05
-2.080000e+00	3.362896e-05
-2.077500e+00	3.365168e-05
-2.075000e+00	3.367443e-05
-2.072500e+00	3.369721e-05
-2.070000e+00	3.372002e-05
-2.067500e+00	3.374286e-05
-2.065000e+00	3.376573e-05
-2.062500e+00	3.378864e-05
-2.060000e+00	3.381157e-05
-2.057500e+00	3.383453e-05
-2.055000e+00	3.385752e-05
-2.052500e+00	3.388054e-05
-2.050000e+00	3.390360e-05
-2.047500e+00	3.392668e-05
-2.045000e+00	3.394980e-05
-2.042500e+00	3.397294e-05
-2.040000e+00	3.399612e-05
-2.037500e+00	3.401933e-05
-2.035000e+00	3.404256e-05
-2.032500e+00	3.406583e-05
-2.030000e+00	3.408913e-05
-2.027500e+00	3.411246e-05
-2.025000e+00	3.413583e-05
-2.022500e+00	3.415922e-05
-2.020000e+00	3.418265e-05
-2.017500e+00	3.420610e-05
-2.015000e+00	3.422959e-05
-2.012500e+00	3.425311e-05
-2.010000e+00	3.427666e-05
-2.007500e+00	3.430025e-05
-2.005000e+00	3.432386e-05
-2.002500e+00	3.434751e-05
-2.000000e+00	3.437119e-05
-1.997500e+00	3.439490e-05
-1.995000e+00	3.441864e-05
-1.992500e+00	3.444241e-05
-1.990000e+00	3.446622e-05
-1.987500e+00	3.449006e-05
-1.985000e+00	3.451393e-05
-1.982500e+00	3.453784e-05
-1.980000e+00	3.456177e-05
-1.977500e+00	3.458574e-05
-1.975000e+00	3.460974e-05
-1.972500e+00	3.463378e-05
-1.970000e+00	3.465784e-05
-1.967500e+00	3.468195e-05
-1.965000e+00	3.470608e-05
-1.962500e+00	3.473024e-05
-1.960000e+00	3.475444e-05
-1.957500e+00	3.477868e-05
-1.955000e+00	3.480294e-05
-1.952500e+00	3.482724e-05
-1.950000e+00	3.485157e-05
-1.947500e+00	3.487594e-05
-1.945000e+00	3.490034e-05
-1.942500e+00	3.492477e-05
-1.940000e+00	3.494924e-05
-1.937500e+00	3.497374e-05
-1.935000e+00	3.499827e-05
-1.932500e+00	3.502284e-05
-1.930000e+00	3.504744e-05
-1.927500e+00	3.507208e-05
-1.925000e+00	3.509675e-05
-1.922500e+00	3.512145e-05
-1.920000e+00	3.514619e-05
-1.917500e+00	3.517096e-05
-1.915000e+00	3.519577e-05
-1.912500e+00	3.522061e-05
-1.910000e+00	3.524549e-05
-1.907500e+00	3.527040e-05
-1.905000e+00	3.529535e-05
-1.902500e+00	3.532033e-05
-1.900000e+00	3.534534e-05
-1.897500e+00	3.537040e-05
-1.895000e+00	3.539548e-05
-1.892500e+00	3.542060e-05
-1.890000e+00	3.544576e-05
-1.887500e+00	3.547095e-05
-1.885000e+00	3.549618e-05
-1.882500e+00	3.552144e-05
-1.880000e+00	3.554674e-05
-1.877500e+00	3.557207e-05
-1.875000e+00	3.559744e-05
-1.872500e+00	3.562285e-05
-1.870000e+00	3.564829e-05
-1.867500e+00	3.567377e-05
-1.865000e+00	3.569928e-05
-1.862500e+00	3.572483e-05
-1.860000e+00	3.575042e-05
-1.857500e+00	3.577604e-05
-1.855000e+00	3.580170e-05
-1.852500e+00	3.582739e-05
-1.850000e+00	3.585312e-05
-1.847500e+00	3.587889e-05
-1.845000e+00	3.590470e-05
-1.842500e+00	3.593054e-05
-1.840000e+00	3.595642e-05
-1.837500e+00	3.598233e-05
-1.835000e+00	3.600829e-05
-1.832500e+00	3.603428e-05
-1.830000e+00	3.606031e-05
-1.827500e+00	3.608637e-05
-1.825000e+00	3.611247e-05
-1.822500e+00	3.613861e-05
-1.820000e+00	3.616479e-05
-1.817500e+00	3.619101e-05
-1.815000e+00	3.621726e-05
-1.812500e+00	3.624355e-05
-1.810000e+00	3.626988e-05
-1.807500e+00	3.629625e-05
-1.805000e+00	3.632265e-05
-1.802500e+00	3.634909e-05
-1.800000e+00	3.637558e-05
-1.797500e+00	3.640210e-05
-1.795000e+00	3.642866e-05
-1.792500e+00	3.645525e-05
-1.790000e+00	3.648189e-05
-1.787500e+00	3.650856e-05
-1.785000e+00	3.653528e-05
-1.782500e+00	3.656203e-05
-1.780000e+00	3.658882e-05
-1.777500e+00	3.661565e-05
-1.775000e+00	3.664252e-05
-1.772500e+00	3.666943e-05
-1.770000e+00	3.669638e-05
-1.767500e+00	3.672337e-05
-1.765000e+00	3.675040e-05
-1.762500e+00	3.677747e-05
-1.760000e+00	3.680458e-05
-1.757500e+00	3.683173e-05
-1.755000e+00	3.685891e-05
-1.752500e+00	3.688614e-05
-1.750000e+00	3.691341e-05
-1.747500e+00	3.694072e-05
-1.745000e+00	3.696807e-05
-1.742500e+00	3.699546e-05
-1.740000e+00	3.702289e-05
-1.737500e+00	3.705036e-05
-1.735000e+00	3.707787e-05
-1.732500e+00	3.710543e-05
-1.730000e+00	3.713302e-05
-1.727500e+00	3.716066e-05
-1.725000e+00	3.718833e-05
-1.722500e+00	3.721605e-05
-1.720000e+00	3.724381e-05
-1.717500e+00	3.727161e-05
-1.715000e+00	3.729945e-05
-1.712500e+00	3.732734e-05
-1.710000e+00	3.735526e-05
-1.707500e+00	3.738323e-05
-1.705000e+00	3.741124e-05
-1.702500e+00	3.743929e-05
-1.700000e+00	3.746739e-05
-1.697500e+00	3.749552e-05
-1.695000e+00	3.752370e-05
-1.692500e+00	3.755192e-05
-1.690000e+00	3.758019e-05
-1.687500e+00	3.760849e-05
-1.685000e+00	3.763684e-05
-1.682500e+00	3.766524e-05
-1.680000e+00	3.769367e-05
-1.677500e+00	3.772215e-05
-1.675000e+00	3.775068e-05
-1.672500e+00	3.777924e-05
-1.670000e+00	3.780785e-05
-1.667500e+00	3.783651e-05
-1.665000e+00	3.786520e-05
-1.662500e+00	3.789394e-05
-1.660000e+00	3.792273e-05
-1.657500e+00	3.795156e-05
-1.655000e+00	3.798043e-05
-1.652500e+00	3.800935e-05
-1.650000e+00	3.803831e-05
-1.647500e+00	3.806732e-05
-1.645000e+00	3.809637e-05
-1.642500e+00	3.812546e-05
-1.640000e+00	3.815461e-05
-1.637500e+00	3.818379e-05
-1.635000e+00	3.821302e-05
-1.632500e+00	3.824230e-05
-1.630000e+00	3.827162e-05
-1.627500e+00	3.830099e-05
-1.625000e+00	3.833040e-05
-1.622500e+00	3.835986e-05
-1.620000e+00	3.838936e-05
-1.617500e+00	3.841891e-05
-1.615000e+00	3.844851e-05
-1.612500e+00	3.847815e-05
-1.610000e+00	3.850784e-05
-1.607500e+00	3.853757e-05
-1.605000e+00	3.856735e-05
-1.602500e+00	3.859718e-05
-1.600000e+00	3.862705e-05
-1.597500e+00	3.865698e-05
-1.595000e+00	3.868694e-05
-1.592500e+00	3.871696e-05
-1.590000e+00	3.874702e-05
-1.587500e+00	3.877713e-05
-1.585000e+00	3.880729e-05
-1.582500e+00	3.883750e-05
-1.580000e+00	3.886775e-05
-1.577500e+00	3.889805e-05
-1.575000e+00	3.892840e-05
-1.572500e+00	3.895879e-05
-1.570000e+00	3.898924e-05
-1.567500e+00	3.901973e-05
-1.565000e+00	3.905027e-05
-1.562500e+00	3.908087e-05
-1.560000e+00	3.911150e-05
-1.557500e+00	3.914219e-05
-1.555000e+00	3.917293e-05
-1.552500e+00	3.920372e-05
-1.550000e+00	3.923455e-05
-1.547500e+00	3.926543e-05
-1.545000e+00	3.929637e-05
-1.542500e+00	3.932735e-05
-1.540000e+00	3.935839e-05
-1.537500e+00	3.938947e-05
-1.535000e+00	3.942060e-05
-1.532500e+00	3.945179e-05
-1.530000e+00	3.948302e-05
-1.527500e+00	3.951430e-05
-1.525000e+00	3.954564e-05
-1.522500e+00	3.957702e-05
-1.520000e+00	3.960846e-05
-1.517500e+00	3.963995e-05
-1.515000e+00	3.967149e-05
-1.512500e+00	3.970308e-05
-1.510000e+00	3.973472e-05
-1.507500e+00	3.976641e-05
-1.505000e+00	3.979815e-05
-1.502500e+00	3.982995e-05
-1.500000e+00	3.986180e-05
-1.497500e+00	3.989370e-05
-1.495000e+00	3.992565e-05
-1.492500e+00	3.995765e-05
-1.490000e+00	3.998971e-05
-1.487500e+00	4.002182e-05
-1.485000e+00	4.005398e-05
-1.482500e+00	4.008620e-05
-1.480000e+00	4.011846e-05
-1.477500e+00	4.015078e-05
-1.475000e+00	4.018316e-05
-1.472500e+00	4.021559e-05
-1.470000e+00	4.024807e-05
-1.467500e+00	4.028060e-05
-1.465000e+00	4.031319e-05
-1.462500e+00	4.034584e-05
-1.460000e+00	4.037853e-05
-1.457500e+00	4.041129e-05
-1.455000e+00	4.044409e-05
-1.452500e+00	4.047695e-05
-1.450000e+00	4.050987e-05
-1.447500e+00	4.054284e-05
-1.445000e+00	4.057587e-05
-1.442500e+00	4.060895e-05
-1.440000e+00	4.064208e-05
-1.437500e+00	4.067528e-05
-1.435000e+00	4.070852e-05
-1.432500e+00	4.074183e-05
-1.430000e+00	4.077519e-05
-1.427500e+00	4.080860e-05
-1.425000e+00	4.084207e-05
-1.422500e+00	4.087560e-05
-1.420000e+00	4.090919e-05
-1.417500e+00	4.094283e-05
-1.415000e+00	4.097653e-05
-1.412500e+00	4.101028e-05
-1.410000e+00	4.104410e-05
-1.407500e+00	4.107797e-05
-1.405000e+00	4.111190e-05
-1.402500e+00	4.114588e-05
-1.400000e+00	4.117993e-05
-1.397500e+00	4.121403e-05
-1.395000e+00	4.124819e-05
-1.392500e+00	4.128241e-05
-1.390000e+00	4.131668e-05
-1.387500e+00	4.135102e-05
-1.385000e+00	4.138541e-05
-1.382500e+00	4.141987e-05
-1.380000e+00	4.145438e-05
-1.377500e+00	4.148895e-05
-1.375000e+00	4.152358e-05
-1.372500e+00	4.155828e-05
-1.370000e+00	4.159303e-05
-1.367500e+00	4.162784e-05
-1.365000e+00	4.166271e-05
-1.362500e+00	4.169764e-05
-1.360000e+00	4.173264e-05
-1.357500e+00	4.176769e-05
-1.355000e+00	4.180280e-05
-1.352500e+00	4.183798e-05
-1.350000e+00	4.187322e-05
-1.347500e+00	4.190851e-05
-1.345000e+00	4.194387e-05
-1.342500e+00	4.197929e-05
-1.340000e+00	4.201478e-05
-1.337500e+00	4.205032e-05
-1.335000e+00	4.208593e-05
-1.332500e+00	4.212160e-05
-1.330000e+00	4.215733e-05
-1.327500e+00	4.219313e-05
-1.325000e+00	4.222899e-05
-1.322500e+00	4.226491e-05
-1.320000e+00	4.230090e-05
-1.317500e+00	4.233695e-05
-1.315000e+00	4.237306e-05
-1.312500e+00	4.240924e-05
-1.310000e+00	4.244548e-05
-1.307500e+00	4.248178e-05
-1.305000e+00	4.251815e-05
-1.302500e+00	4.255459e-05
-1.300000e+00	4.259108e-05
-1.297500e+00	4.262765e-05
-1.295000e+00	4.266428e-05
-1.292500e+00	4.270097e-05
-1.290000e+00	4.273773e-05
-1.287500e+00	4.277456e-05
-1.285000e+00	4.281145e-05
-1.282500e+00	4.284841e-05
-1.280000e+00	4.288544e-05
-1.277500e+00	4.292253e-05
-1.275000e+00	4.295969e-05
-1.272500e+00	4.299691e-05
-1.270000e+00	4.303421e-05
-1.267500e+00	4.307157e-05
-1.265000e+00	4.310899e-05
-1.262500e+00	4.314649e-05
-1.260000e+00	4.318405e-05
-1.257500e+00	4.322168e-05
-1.255000e+00	4.325938e-05
-1.252500e+00	4.329715e-05
-1.250000e+00	4.333499e-05
-1.247500e+00	4.337290e-05
-1.245000e+00	4.341087e-05
-1.242500e+00	4.344892e-05
-1.240000e+00	4.348703e-05
-1.237500e+00	4.352522e-05
-1.235000e+00	4.356347e-05
-1.232500e+00	4.360180e-05
-1.230000e+00	4.364019e-05
-1.227500e+00	4.367866e-05
-1.225000e+00	4.371720e-05
-1.222500e+00	4.375580e-05
-1.220000e+00	4.379448e-05
-1.217500e+00	4.383323e-05
-1.215000e+00	4.387206e-05
-1.212500e+00	4.391095e-05
-1.210000e+00	4.394992e-05
-1.207500e+00	4.398896e-05
-1.205000e+00	4.402807e-05
-1.202500e+00	4.406725e-05
-1.200000e+00	4.410651e-05
-1.197500e+00	4.414584e-05
-1.195000e+00	4.418525e-05
-1.192500e+00	4.422473e-05
-1.190000e+00	4.426428e-05
-1.187500e+00	4.430391e-05
-1.185000e+00	4.434361e-05
-1.182500e+00	4.438338e-05
-1.180000e+00	4.442323e-05
-1.177500e+00	4.446316e-05
-1.175000e+00	4.450316e-05
-1.172500e+00	4.454323e-05
-1.170000e+00	4.458339e-05
-1.167500e+00	4.462362e-05
-1.165000e+00	4.466392e-05
-1.162500e+00	4.470430e-05
-1.160000e+00	4.474476e-05
-1.157500e+00	4.478529e-05
-1.155000e+00	4.482590e-05
-1.152500e+00	4.486659e-05
-1.150000e+00	4.490736e-05
-1.147500e+00	4.494821e-05
-1.145000e+00	4.498913e-05
-1.142500e+00	4.503013e-05
-1.140000e+00	4.507121e-05
-1.137500e+00	4.511237e-05
-1.135000e+00	4.515361e-05
-1.132500e+00	4.519493e-05
-1.130000e+00	4.523632e-05
-1.127500e+00	4.527780e-05
-1.125000e+00	4.531936e-05
-1.122500e+00	4.536100e-05
-1.120000e+00	4.540271e-05
-1.117500e+00	4.544451e-05
-1.115000e+00	4.548639e-05
-1.112500e+00	4.552836e-05
-1.110000e+00	4.557040e-05
-1.107500e+00	4.561252e-05
-1.105000e+00	4.565473e-05
-1.102500e+00	4.569702e-05
-1.100000e+00	4.573940e-05
-1.097500e+00	4.578185e-05
-1.095000e+00	4.582439e-05
-1.092500e+00	4.586701e-05
-1.090000e+00	4.590972e-05
-1.087500e+00	4.595251e-05
-1.085000e+00	4.599539e-05
-1.082500e+00	4.603834e-05
-1.080000e+00	4.608139e-05
-1.077500e+00	4.612452e-05
-1.075000e+00	4.616773e-05
-1.072500e+00	4.621103e-05
-1.070000e+00	4.625442e-05
-1.067500e+00	4.629789e-05
-1.065000e+00	4.634145e-05
-1.062500e+00	4.638510e-05
-1.060000e+00	4.642883e-05
-1.057500e+00	4.647265e-05
-1.055000e+00	4.651656e-05
-1.052500e+00	4.656056e-05
-1.050000e+00	4.660464e-05
-1.047500e+00	4.664881e-05
-1.045000e+00	4.669307e-05
-1.042500e+00	4.673742e-05
-1.040000e+00	4.678186e-05
-1.037500e+00	4.682639e-05
-1.035000e+00	4.687101e-05
-1.032500e+00	4.691572e-05
-1.030000e+00	4.696052e-05
-1.027500e+00	4.700541e-05
-1.025000e+00	4.705040e-05
-1.022500e+00	4.709547e-05
-1.020000e+00	4.714064e-05
-1.017500e+00	4.718589e-05
-1.015000e+00	4.723124e-05
-1.012500e+00	4.727669e-05
-1.010000e+00	4.732222e-05
-1.007500e+00	4.736785e-05
-1.005000e+00	4.741357e-05
-1.002500e+00	4.745939e-05
-1.000000e+00	4.750530e-05
-9.975000e-01	4.755130e-05
-9.950000e-01	4.759740e-05
-9.925000e-01	4.764360e-05
-9.900000e-01	4.768989e-05
-9.875000e-01	4.773628e-05
-9.850000e-01	4.778276e-05
-9.825000e-01	4.782934e-05
-9.800000e-01	4.787601e-05
-9.775000e-01	4.792278e-05
-9.750000e-01	4.796965e-05
-9.725000e-01	4.801662e-05
-9.700000e-01	4.806369e-05
-9.675000e-01	4.811085e-05
-9.650000e-01	4.815811e-05
-9.625000e-01	4.820548e-05
-9.600000e-01	4.825294e-05
-9.575000e-01	4.830050e-05
-9.550000e-01	4.834816e-05
-9.525000e-01	4.839592e-05
-9.500000e-01	4.844378e-05
-9.475000e-01	4.849175e-05
-9.450000e-01	4.853981e-05
-9.425000e-01	4.858798e-05
-9.400000e-01	4.863625e-05
-9.375000e-01	4.868462e-05
-9.350000e-01	4.873309e-05
-9.325000e-01	4.878167e-05
-9.300000e-01	4.883035e-05
-9.275000e-01	4.887913e-05
-9.250000e-01	4.892802e-05
-9.225000e-01	4.897702e-05
-9.200000e-01	4.902612e-05
-9.175000e-01	4.907532e-05
-9.150000e-01	4.912463e-05
-9.125000e-01	4.917405e-05
-9.100000e-01	4.922357e-05
-9.075000e-01	4.927320e-05
-9.050000e-01	4.932293e-05
-9.025000e-01	4.937278e-05
-9.000000e-01	4.942273e-05
-8.975000e-01	4.947279e-05
-8.950000e-01	4.952296e-05
-8.925000e-01	4.957323e-05
-8.900000e-01	4.962362e-05
-8.875000e-01	4.967412e-05
-8.850000e-01	4.972473e-05
-8.825000e-01	4.977544e-05
-8.800000e-01	4.982627e-05
-8.775000e-01	4.987721e-05
-8.750000e-01	4.992827e-05
-8.725000e-01	4.997943e-05
-8.700000e-01	5.003071e-05
-8.675000e-01	5.008210e-05
-8.650000e-01	5.013360e-05
-8.625000e-01	5.018522e-05
-8.600000e-01	5.023695e-05
-8.575000e-01	5.028879e-05
-8.550000e-01	5.034076e-05
-8.525000e-01	5.039283e-05
-8.500000e-01	5.044502e-05
-8.475000e-01	5.049733e-05
-8.450000e-01	5.054976e-05
-8.425000e-01	5.060230e-05
-8.400000e-01	5.065496e-05
-8.375000e-01	5.070774e-05
-8.350000e-01	5.076063e-05
-8.325000e-01	5.081365e-05
-8.300000e-01	5.086678e-05
-8.275000e-01	5.092003e-05
-8.250000e-01	5.097341e-05
-8.225000e-01	5.102690e-05
-8.200000e-01	5.108052e-05
-8.175000e-01	5.113425e-05
-8.150000e-01	5.118811e-05
-8.125000e-01	5.124209e-05
-8.100000e-01	5.129620e-05
-8.075000e-01	5.135042e-05
-8.050000e-01	5.140477e-05
-8.025000e-01	5.145925e-05
-8.000000e-01	5.151385e-05
-7.975000e-01	5.156857e-05
-7.950000e-01	5.162342e-05
-7.925000e-01	5.167839e-05
-7.900000e-01	5.173349e-05
-7.875000e-01	5.178872e-05
-7.850000e-01	5.184408e-05
-7.825000e-01	5.189956e-05
-7.800000e-01	5.195517e-05
-7.775000e-01	5.201091e-05
-7.750000e-01	5.206678e-05
-7.725000e-01	5.212278e-05
-7.700000e-01	5.217891e-05
-7.675000e-01	5.223517e-05
-7.650000e-01	5.229156e-05
-7.625000e-01	5.234808e-05
-7.600000e-01	5.240474e-05
-7.575000e-01	5.246153e-05
-7.550000e-01	5.251845e-05
-7.525000e-01	5.257550e-05
-7.500000e-01	5.263269e-05
-7.475000e-01	5.269001e-05
-7.450000e-01	5.274747e-05
-7.425000e-01	5.280506e-05
-7.400000e-01	5.286279e-05
-7.375000e-01	5.292066e-05
-7.350000e-01	5.297866e-05
-7.325000e-01	5.303680e-05
-7.300000e-01	5.309508e-05
-7.275000e-01	5.315350e-05
-7.250000e-01	5.321206e-05
-7.225000e-01	5.327076e-05
-7.200000e-01	5.332959e-05
-7.175000e-01	5.338857e-05
-7.150000e-01	5.344769e-05
-7.125000e-01	5.350695e-05
-7.100000e-01	5.356636e-05
-7.075000e-01	5.362590e-05
-7.050000e-01	5.368560e-05
-7.025000e-01	5.374543e-05
-7.000000e-01	5.380541e-05
-6.975000e-01	5.386554e-05
-6.950000e-01	5.392581e-05
-6.925000e-01	5.398622e-05
-6.900000e-01	5.404679e-05
-6.875000e-01	5.410750e-05
-6.850000e-01	5.416836e-05
-6.825000e-01	5.422937e-05
-6.800000e-01	5.429053e-05
-6.775000e-01	5.435183e-05
-6.750000e-01	5.441329e-05
-6.725000e-01	5.447490e-05
-6.700000e-01	5.453666e-05
-6.675000e-01	5.459857e-05
-6.650000e-01	5.466064e-05
-6.625000e-01	5.472286e-05
-6.600000e-01	5.478523e-05
-6.575000e-01	5.484776e-05
-6.550000e-01	5.491044e-05
-6.525000e-01	5.497328e-05
-6.500000e-01	5.503628e-05
-6.475000e-01	5.509943e-05
-6.450000e-01	5.516274e-05
-6.425000e-01	5.522621e-05
-6.400000e-01	5.528983e-05
-6.375000e-01	5.535362e-05
-6.350000e-01	5.541757e-05
-6.325000e-01	5.548167e-05
-6.300000e-01	5.554594e-05
-6.275000e-01	5.561038e-05
-6.250000e-01	5.567497e-05
-6.225000e-01	5.573973e-05
-6.200000e-01	5.580465e-05
-6.175000e-01	5.586974e-05
-6.150000e-01	5.593499e-05
-6.125000e-01	5.600041e-05
-6.100000e-01	5.606599e-05
-6.075000e-01	5.613174e-05
-6.050000e-01	5.619766e-05
-6.025000e-01	5.626375e-05
-6.000000e-01	5.633001e-05
-5.975000e-01	5.639644e-05
-5.950000e-01	5.646304e-05
-5.925000e-01	5.652981e-05
-5.900000e-01	5.659676e-05
-5.875000e-01	5.666387e-05
-5.850000e-01	5.673116e-05
-5.825000e-01	5.679863e-05
-5.800000e-01	5.686627e-05
-5.775000e-01	5.693409e-05
-5.750000e-01	5.700208e-05
-5.725000e-01	5.707025e-05
-5.700000e-01	5.713860e-05
-5.675000e-01	5.720712e-05
-5.650000e-01	5.727583e-05
-5.625000e-01	5.734471e-05
-5.600000e-01	5.741378e-05
-5.575000e-01	5.748303e-05
-5.550000e-01	5.755246e-05
-5.525000e-01	5.762208e-05
-5.500000e-01	5.769188e-05
-5.475000e-01	5.776186e-05
-5.450000e-01	5.783203e-05
-5.425000e-01	5.790239e-05
-5.400000e-01	5.797293e-05
-5.375000e-01	5.804366e-05
-5.350000e-01	5.811458e-05
-5.325000e-01	5.818569e-05
-5.300000e-01	5.825699e-05
-5.275000e-01	5.832848e-05
-5.250000e-01	5.840016e-05
-5.225000e-01	5.847204e-05
-5.200000e-01	5.854410e-05
-5.175000e-01	5.861637e-05
-5.150000e-01	5.868883e-05
-5.125000e-01	5.876148e-05
-5.100000e-01	5.883433e-05
-5.075000e-01	5.890738e-05
-5.050000e-01	5.898063e-05
-5.025000e-01	5.905408e-05
-5.000000e-01	5.912772e-05
-4.975000e-01	5.920157e-05
-4.950000e-01	5.927562e-05
-4.925000e-01	5.934988e-05
-4.900000e-01	5.942433e-05
-4.875000e-01	5.949899e-05
-4.850000e-01	5.957386e-05
-4.825000e-01	5.964894e-05
-4.800000e-01	5.972422e-05
-4.775000e-01	5.979971e-05
-4.750000e-01	5.987540e-05
-4.725000e-01	5.995131e-05
-4.700000e-01	6.002743e-05
-4.675000e-01	6.010376e-05
-4.650000e-01	6.018031e-05
-4.625000e-01	6.025706e-05
-4.600000e-01	6.033404e-05
-4.575000e-01	6.041123e-05
-4.550000e-01	6.048863e-05
-4.525000e-01	6.056625e-05
-4.500000e-01	6.064409e-05
-4.475000e-01	6.072215e-05
-4.450000e-01	6.080043e-05
-4.425000e-01	6.087894e-05
-4.400000e-01	6.095766e-05
-4.375000e-01	6.103661e-05
-4.350000e-01	6.111578e-05
-4.325000e-01	6.119518e-05
-4.300000e-01	6.127480e-05
-4.275000e-01	6.135465e-05
-4.250000e-01	6.143473e-05
-4.225000e-01	6.151504e-05
-4.200000e-01	6.159558e-05
-4.175000e-01	6.167635e-05
-4.150000e-01	6.175735e-05
-4.125000e-01	6.183859e-05
-4.100000e-01	6.192006e-05
-4.075000e-01	6.200177e-05
-4.050000e-01	6.208371e-05
-4.025000e-01	6.216590e-05
-4.000000e-01	6.224832e-05
-3.975000e-01	6.233098e-05
-3.950000e-01	6.241388e-05
-3.925000e-01	6.249702e-05
-3.900000e-01	6.258041e-05
-3.875000e-01	6.266404e-05
-3.850000e-01	6.274792e-05
-3.825000e-01	6.283205e-05
-3.800000e-01	6.291642e-05
-3.775000e-01	6.300104e-05
-3.750000e-01	6.308591e-05
-3.725000e-01	6.317103e-05
-3.700000e-01	6.325641e-05
-3.675000e-01	6.334203e-05
-3.650000e-01	6.342792e-05
-3.625000e-01	6.351406e-05
-3.600000e-01	6.360045e-05
-3.575000e-01	6.368711e-05
-3.550000e-01	6.377402e-05
-3.525000e-01	6.386120e-05
-3.500000e-01	6.394863e-05
-3.475000e-01	6.403633e-05
-3.450000e-01	6.412430e-05
-3.425000e-01	6.421253e-05
-3.400000e-01	6.430102e-05
-3.375000e-01	6.438979e-05
-3.350000e-01	6.447882e-05
-3.325000e-01	6.456813e-05
-3.300000e-01	6.465771e-05
-3.275000e-01	6.474756e-05
-3.250000e-01	6.483768e-05
-3.225000e-01	6.492808e-05
-3.200000e-01	6.501876e-05
-3.175000e-01	6.510972e-05
-3.150000e-01	6.520096e-05
-3.125000e-01	6.529247e-05
-3.100000e-01	6.538428e-05
-3.075000e-01	6.547636e-05
-3.050000e-01	6.556873e-05
-3.025000e-01	6.566139e-05
-3.000000e-01	6.575433e-05
-2.975000e-01	6.584756e-05
-2.950000e-01	6.594109e-05
-2.925000e-01	6.603491e-05
-2.900000e-01	6.612902e-05
-2.875000e-01	6.622342e-05
-2.850000e-01	6.631812e-05
-2.825000e-01	6.641312e-05
-2.800000e-01	6.650842e-05
-2.775000e-01	6.660403e-05
-2.750000e-01	6.669993e-05
-2.725000e-01	6.679613e-05
-2.700000e-01	6.689265e-05
-2.675000e-01	6.698947e-05
-2.650000e-01	6.708659e-05
-2.625000e-01	6.718403e-05
-2.600000e-01	6.728178e-05
-2.575000e-01	6.737984e-05
-2.550000e-01	6.747821e-05
-2.525000e-01	6.757691e-05
-2.500000e-01	6.767592e-05
-2.475000e-01	6.777524e-05
-2.450000e-01	6.787489e-05
-2.425000e-01	6.797487e-05
-2.400000e-01	6.807516e-05
-2.375000e-01	6.817578e-05
-2.350000e-01	6.827673e-05
-2.325000e-01	6.837801e-05
-2.300000e-01	6.847962e-05
-2.275000e-01	6.858156e-05
-2.250000e-01	6.868383e-05
-2.225000e-01	6.878644e-05
-2.200000e-01	6.888939e-05
-2.175000e-01	6.899268e-05
-2.150000e-01	6.909630e-05
-2.125000e-01	6.920027e-05
-2.100000e-01	6.930459e-05
-2.075000e-01	6.940925e-05
-2.050000e-01	6.951425e-05
-2.025000e-01	6.961961e-05
-2.000000e-01	6.972532e-05
-1.975000e-01	6.983138e-05
-1.950000e-01	6.993779e-05
-1.925000e-01	7.004457e-05
-1.900000e-01	7.015170e-05
-1.875000e-01	7.025919e-05
-1.850000e-01	7.036704e-05
-1.825000e-01	7.047526e-05
-1.800000e-01	7.058385e-05
-1.775000e-01	7.069280e-05
-1.750000e-01	7.080212e-05
-1.725000e-01	7.091182e-05
-1.700000e-01	7.102188e-05
-1.675000e-01	7.113233e-05
-1.650000e-01	7.124315e-05
-1.625000e-01	7.135435e-05
-1.600000e-01	7.146593e-05
-1.575000e-01	7.157790e-05
-1.550000e-01	7.169025e-05
-1.525000e-01	7.180299e-05
-1.500000e-01	7.191612e-05
-1.475000e-01	7.202964e-05
-1.450000e-01	7.214356e-05
-1.425000e-01	7.225787e-05
-1.400000e-01	7.237258e-05
-1.375000e-01	7.248769e-05
-1.350000e-01	7.260320e-05
-1.325000e-01	7.271912e-05
-1.300000e-01	7.283545e-05
-1.275000e-01	7.295218e-05
-1.250000e-01	7.306932e-05
-1.225000e-01	7.318688e-05
-1.200000e-01	7.330485e-05
-1.175000e-01	7.342325e-05
-1.150000e-01	7.354206e-05
-1.125000e-01	7.366129e-05
-1.100000e-01	7.378095e-05
-1.075000e-01	7.390103e-05
-1.050000e-01	7.402155e-05
-1.025000e-01	7.414249e-05
-1.000000e-01	7.426387e-05
-9.750000e-02	7.438569e-05
-9.500000e-02	7.450795e-05
-9.250000e-02	7.463064e-05
-9.000000e-02	7.475378e-05
-8.750000e-02	7.487737e-05
-8.500000e-02	7.500141e-05
-8.250000e-02	7.512589e-05
-8.000000e-02	7.525083e-05
-7.750000e-02	7.537623e-05
-7.500000e-02	7.550208e-05
-7.250000e-02	7.562840e-05
-7.000000e-02	7.575518e-05
-6.750000e-02	7.588243e-05
-6.500000e-02	7.601014e-05
-6.250000e-02	7.613833e-05
-6.000000e-02	7.626699e-05
-5.750000e-02	7.639613e-05
-5.500000e-02	7.652574e-05
-5.250000e-02	7.665584e-05
-5.000000e-02	7.678643e-05
-4.750000e-02	7.691750e-05
-4.500000e-02	7.704906e-05
-4.250000e-02	7.718112e-05
-4.000000e-02	7.731367e-05
-3.750000e-02	7.744672e-05
-3.500000e-02	7.758028e-05
-3.250000e-02	7.771433e-05
-3.000000e-02	7.784890e-05
-2.750000e-02	7.798398e-05
-2.500000e-02	7.811957e-05
-2.250000e-02	7.825567e-05
-2.000000e-02	7.839230e-05
-1.750000e-02	7.852945e-05
-1.500000e-02	7.866712e-05
-1.250000e-02	7.880532e-05
-1.000000e-02	7.894406e-05
-7.500000e-03	7.908332e-05
-5.000000e-03	7.922313e-05
-2.500000e-03	7.936348e-05
9.379164e-13	7.950437e-05
2.500000e-03	7.964581e-05
5.000000e-03	7.978780e-05
7.500000e-03	7.993034e-05
1.000000e-02	8.007344e-05
1.250000e-02	8.021710e-05
1.500000e-02	8.036132e-05
1.750000e-02	8.050612e-05
2.000000e-02	8.065148e-05
2.250000e-02	8.079741e-05
2.500000e-02	8.094393e-05
2.750000e-02	8.109102e-05
3.000000e-02	8.123870e-05
3.250000e-02	8.138696e-05
3.500000e-02	8.153582e-05
3.750000e-02	8.168527e-05
4.000000e-02	8.183532e-05
4.250000e-02	8.198597e-05
4.500000e-02	8.213722e-05
4.750000e-02	8.228909e-05
5.000000e-02	8.244157e-05
5.250000e-02	8.259466e-05
5.500000e-02	8.274838e-05
5.750000e-02	8.290272e-05
6.000000e-02	8.305769e-05
6.250000e-02	8.321329e-05
6.500000e-02	8.336952e-05
6.750000e-02	8.352640e-05
7.000000e-02	8.368391e-05
7.250000e-02	8.384208e-05
7.500000e-02	8.400090e-05
7.750000e-02	8.416037e-05
8.000000e-02	8.432050e-05
8.250000e-02	8.448130e-05
8.500000e-02	8.464276e-05
8.750000e-02	8.480490e-05
9.000000e-02	8.496771e-05
9.250000e-02	8.513121e-05
9.500000e-02	8.529539e-05
9.750000e-02	8.546025e-05
1.000000e-01	8.562581e-05
1.025000e-01	8.579207e-05
1.050000e-01	8.595903e-05
1.075000e-01	8.612670e-05
1.100000e-01	8.629508e-05
1.125000e-01	8.646417e-05
1.150000e-01	8.663398e-05
1.175000e-01	8.680452e-05
1.200000e-01	8.697579e-05
1.225000e-01	8.714779e-05
1.250000e-01	8.732053e-05
1.275000e-01	8.749402e-05
1.300000e-01	8.766825e-05
1.325000e-01	8.784324e-05
1.350000e-01	8.801898e-05
1.375000e-01	8.819549e-05
1.400000e-01	8.837276e-05
1.425000e-01	8.855081e-05
1.450000e-01	8.872964e-05
1.475000e-01	8.890925e-05
1.500000e-01	8.908964e-05
1.525000e-01	8.927083e-05
1.550000e-01	8.945282e-05
1.575000e-01	8.963561e-05
1.600000e-01	8.981922e-05
1.625000e-01	9.000363e-05
1.650000e-01	9.018887e-05
1.675000e-01	9.037493e-05
1.700000e-01	9.056182e-05
1.725000e-01	9.074955e-05
1.750000e-01	9.093812e-05
1.775000e-01	9.112753e-05
1.800000e-01	9.131780e-05
1.825000e-01	9.150893e-05
1.850000e-01	9.170092e-05
1.875000e-01	9.189379e-05
1.900000e-01	9.208753e-05
1.925000e-01	9.228215e-05
1.950000e-01	9.247766e-05
1.975000e-01	9.267406e-05
2.000000e-01	9.287137e-05
2.025000e-01	9.306958e-05
2.050000e-01	9.326870e-05
2.075000e-01	9.346874e-05
2.100000e-01	9.366971e-05
2.125000e-01	9.387161e-05
2.150000e-01	9.407444e-05
2.175000e-01	9.427823e-05
2.200000e-01	9.448296e-05
2.225000e-01	9.468865e-05
2.250000e-01	9.489530e-05
2.275000e-01	9.510292e-05
2.300000e-01	9.531152e-05
2.325000e-01	9.552111e-05
2.350000e-01	9.573169e-05
2.375000e-01	9.594326e-05
2.400000e-01	9.615584e-05
2.425000e-01	9.636943e-05
2.450000e-01	9.658404e-05
2.475000e-01	9.679968e-05
2.500000e-01	9.701636e-05
2.525000e-01	9.723407e-05
2.550000e-01	9.745283e-05
2.575000e-01	9.767265e-05
2.600000e-01	9.789353e-05
2.625000e-01	9.811548e-05
2.650000e-01	9.833851e-05
2.675000e-01	9.856263e-05
2.700000e-01	9.878784e-05
2.725000e-01	9.901416e-05
2.750000e-01	9.924158e-05
2.775000e-01	9.947012e-05
2.800000e-01	9.969979e-05
2.825000e-01	9.993060e-05
2.850000e-01	1.001625e-04
2.875000e-01	1.003956e-04
2.900000e-01	1.006299e-04
2.925000e-01	1.008653e-04
2.950000e-01	1.011019e-04
2.975000e-01	1.013397e-04
3.000000e-01	1.015787e-04
3.025000e-01	1.018189e-04
3.050000e-01	1.020603e-04
3.075000e-01	1.023029e-04
3.100000e-01	1.025467e-04
3.125000e-01	1.027918e-04
3.150000e-01	1.030382e-04
3.175000e-01	1.032858e-04
3.200000e-01	1.035346e-04
3.225000e-01	1.037847e-04
3.250000e-01	1.040362e-04
3.275000e-01	1.042889e-04
3.300000e-01	1.045429e-04
3.325000e-01	1.047982e-04
3.350000e-01	1.050549e-04
3.375000e-01	1.053129e-04
3.400000e-01	1.055723e-04
3.425000e-01	1.058330e-04
3.450000e-01	1.060950e-04
3.475000e-01	1.063585e-04
3.500000e-01	1.066233e-04
3.525000e-01	1.068895e-04
3.550000e-01	1.071572e-04
3.575000e-01	1.074262e-04
3.600000e-01	1.076967e-04
3.625000e-01	1.079687e-04
3.650000e-01	1.082421e-04
3.675000e-01	1.085169e-04
3.700000e-01	1.087933e-04
3.725000e-01	1.090711e-04
3.750000e-01	1.093504e-04
3.775000e-01	1.096312e-04
3.800000e-01	1.099136e-04
3.825000e-01	1.101975e-04
3.850000e-01	1.104829e-04
3.875000e-01	1.107699e-04
3.900000e-01	1.110585e-04
3.925000e-01	1.113486e-04
3.950000e-01	1.116404e-04
3.975000e-01	1.119337e-04
4.000000e-01	1.122287e-04
4.025000e-01	1.125254e-04
4.050000e-01	1.128236e-04
4.075000e-01	1.131236e-04
4.100000e-01	1.134252e-04
4.125000e-01	1.137285e-04
4.150000e-01	1.140335e-04
4.175000e-01	1.143402e-04
4.200000e-01	1.146487e-04
4.225000e-01	1.149589e-04
4.250000e-01	1.152709e-04
4.275000e-01	1.155846e-04
4.300000e-01	1.159001e-04
4.325000e-01	1.162175e-04
4.350000e-01	1.165366e-04
4.375000e-01	1.168576e-04
4.400000e-01	1.171805e-04
4.425000e-01	1.175052e-04
4.450000e-01	1.178318e-04
4.475000e-01	1.181603e-04
4.500000e-01	1.184907e-04
4.525000e-01	1.188230e-04
4.550000e-01	1.191573e-04
4.575000e-01	1.194935e-04
4.600000e-01	1.198318e-04
4.625000e-01	1.201720e-04
4.650000e-01	1.205142e-04
4.675000e-01	1.208585e-04
4.700000e-01	1.212048e-04
4.725000e-01	1.215532e-04
4.750000e-01	1.219036e-04
4.775000e-01	1.222562e-04
4.800000e-01	1.226109e-04
4.825000e-01	1.229677e-04
4.850000e-01	1.233267e-04
4.875000e-01	1.236878e-04
4.900000e-01	1.240512e-04
4.925000e-01	1.244167e-04
4.950000e-01	1.247845e-04
4.975000e-01	1.251546e-04
5.000000e-01	1.255269e-04
5.025000e-01	1.259015e-04
5.050000e-01	1.262785e-04
5.075000e-01	1.266577e-04
5.100000e-01	1.270394e-04
5.125000e-01	1.274234e-04
5.150000e-01	1.278098e-04
5.175000e-01	1.281986e-04
5.200000e-01	1.285898e-04
5.225000e-01	1.289836e-04
5.250000e-01	1.293798e-04
5.275000e-01	1.297785e-04
5.300000e-01	1.301797e-04
5.325000e-01	1.305835e-04
5.350000e-01	1.309899e-04
5.375000e-01	1.313989e-04
5.400000e-01	1.318105e-04
5.425000e-01	1.322248e-04
5.450000e-01	1.326417e-04
5.475000e-01	1.330613e-04
5.500000e-01	1.334837e-04
5.525000e-01	1.339088e-04
5.550000e-01	1.343367e-04
5.575000e-01	1.347674e-04
5.600000e-01	1.352009e-04
5.625000e-01	1.356373e-04
5.650000e-01	1.360765e-04
5.675000e-01	1.365187e-04
5.700000e-01	1.369638e-04
5.725000e-01	1.374118e-04
5.750000e-01	1.378629e-04
5.775000e-01	1.383170e-04
5.800000e-01	1.387741e-04
5.825000e-01	1.392343e-04
5.850000e-01	1.396976e-04
5.875000e-01	1.401641e-04
5.900000e-01	1.406337e-04
5.925000e-01	1.411066e-04
5.950000e-01	1.415826e-04
5.975000e-01	1.420620e-04
6.000000e-01	1.425446e-04
6.025000e-01	1.430305e-04
6.050000e-01	1.435199e-04
6.075000e-01	1.440126e-04
6.100000e-01	1.445087e-04
6.125000e-01	1.450083e-04
6.150000e-01	1.455114e-04
6.175000e-01	1.460181e-04
6.200000e-01	1.465283e-04
6.225000e-01	1.470421e-04
6.250000e-01	1.475595e-04
6.275000e-01	1.480807e-04
6.300000e-01	1.486055e-04
6.325000e-01	1.491341e-04
6.350000e-01	1.496665e-04
6.375000e-01	1.502027e-04
6.400000e-01	1.507428e-04
6.425000e-01	1.512868e-04
6.450000e-01	1.518347e-04
6.475000e-01	1.523866e-04
6.500000e-01	1.529426e-04
6.525000e-01	1.535026e-04
6.550000e-01	1.540668e-04
6.575000e-01	1.546351e-04
6.600000e-01	1.552076e-04
6.625000e-01	1.557844e-04
6.650000e-01	1.563654e-04
6.675000e-01	1.569508e-04
6.700000e-01	1.575406e-04
6.725000e-01	1.581348e-04
6.750000e-01	1.587335e-04
6.775000e-01	1.593367e-04
6.800000e-01	1.599445e-04
6.825000e-01	1.605569e-04
6.850000e-01	1.611739e-04
6.875000e-01	1.617957e-04
6.900000e-01	1.624223e-04
6.925000e-01	1.630537e-04
6.950000e-01	1.636900e-04
6.975000e-01	1.643312e-04
7.000000e-01	1.649774e-04
7.025000e-01	1.656287e-04
7.050000e-01	1.662850e-04
7.075000e-01	1.669465e-04
7.100000e-01	1.676133e-04
7.125000e-01	1.682852e-04
7.150000e-01	1.689626e-04
7.175000e-01	1.696453e-04
7.200000e-01	1.703334e-04
7.225000e-01	1.710271e-04
7.250000e-01	1.717264e-04
7.275000e-01	1.724313e-04
7.300000e-01	1.731419e-04
7.325000e-01	1.738582e-04
7.350000e-01	1.745804e-04
7.375000e-01	1.753085e-04
7.400000e-01	1.760426e-04
7.425000e-01	1.767827e-04
7.450000e-01	1.775289e-04
7.475000e-01	1.782813e-04
7.500000e-01	1.790400e-04
7.525000e-01	1.798050e-04
7.550000e-01	1.805764e-04
7.575000e-01	1.813542e-04
7.600000e-01	1.821387e-04
7.625000e-01	1.829297e-04
7.650000e-01	1.837275e-04
7.675000e-01	1.845320e-04
7.700000e-01	1.853435e-04
7.725000e-01	1.861619e-04
7.750000e-01	1.869873e-04
7.775000e-01	1.878198e-04
7.800000e-01	1.886596e-04
7.825000e-01	1.895067e-04
7.850000e-01	1.903611e-04
7.875000e-01	1.912231e-04
7.900000e-01	1.920926e-04
7.925000e-01	1.929698e-04
7.950000e-01	1.938547e-04
7.975000e-01	1.947476e-04
8.000000e-01	1.956483e-04
8.025000e-01	1.965571e-04
8.050000e-01	1.974741e-04
8.075000e-01	1.983994e-04
8.100000e-01	1.993330e-04
8.125000e-01	2.002751e-04
8.150000e-01	2.012258e-04
8.175000e-01	2.021851e-04
8.200000e-01	2.031533e-04
8.225000e-01	2.041304e-04
8.250000e-01	2.051165e-04
8.275000e-01	2.061118e-04
8.300000e-01	2.071163e-04
8.325000e-01	2.081302e-04
8.350000e-01	2.091537e-04
8.375000e-01	2.101867e-04
8.400000e-01	2.112296e-04
8.425000e-01	2.122823e-04
8.450000e-01	2.133451e-04
8.475000e-01	2.144180e-04
8.500000e-01	2.155013e-04
8.525000e-01	2.165949e-04
8.550000e-01	2.176992e-04
8.575000e-01	2.188142e-04
8.600000e-01	2.199400e-04
8.625000e-01	2.210768e-04
8.650000e-01	2.222249e-04
8.675000e-01	2.233842e-04
8.700000e-01	2.245550e-04
8.725000e-01	2.257375e-04
8.750000e-01	2.269317e-04
8.775000e-01	2.281379e-04
8.800000e-01	2.293563e-04
8.825000e-01	2.305869e-04
8.850000e-01	2.318301e-04
8.875000e-01	2.330858e-04
8.900000e-01	2.343544e-04
8.925000e-01	2.356361e-04
8.950000e-01	2.369309e-04
8.975000e-01	2.382391e-04
9.000000e-01	2.395609e-04
9.025000e-01	2.408965e-04
9.050000e-01	2.422461e-04
9.075000e-01	2.436098e-04
9.100000e-01	2.449880e-04
9.125000e-01	2.463807e-04
9.150000e-01	2.477883e-04
9.175000e-01	2.492109e-04
9.200000e-01	2.506488e-04
9.225000e-01	2.521022e-04
9.250000e-01	2.535714e-04
9.275000e-01	2.550565e-04
9.300000e-01	2.565578e-04
9.325000e-01	2.580756e-04
9.350000e-01	2.596100e-04
9.375000e-01	2.611615e-04
9.400000e-01	2.627302e-04
9.425000e-01	2.643163e-04
9.450000e-01	2.659202e-04
9.475000e-01	2.675422e-04
9.500000e-01	2.691825e-04
9.525000e-01	2.708414e-04
9.550000e-01	2.725193e-04
9.575000e-01	2.742163e-04
9.600000e-01	2.759328e-04
9.625000e-01	2.776692e-04
9.650000e-01	2.794257e-04
9.675000e-01	2.812027e-04
9.700000e-01	2.830005e-04
9.725000e-01	2.848194e-04
9.750000e-01	2.866598e-04
9.775000e-01	2.885220e-04
9.800000e-01	2.904065e-04
9.825000e-01	2.923135e-04
9.850000e-01	2.942434e-04
9.875000e-01	2.961967e-04
9.900000e-01	2.981737e-04
9.925000e-01	3.001748e-04
9.950000e-01	3.022005e-04
9.975000e-01	3.042510e-04
1.000000e+00	3.063270e-04
1.002500e+00	3.084287e-04
1.005000e+00	3.105567e-04
1.007500e+00	3.127114e-04
1.010000e+00	3.148933e-04
1.012500e+00	3.171028e-04
1.015000e+00	3.193405e-04
1.017500e+00	3.216067e-04
1.020000e+00	3.239021e-04
1.022500e+00	3.262272e-04
1.025000e+00	3.285824e-04
1.027500e+00	3.309684e-04
1.030000e+00	3.333856e-04
1.032500e+00	3.358347e-04
1.035000e+00	3.383163e-04
1.037500e+00	3.408308e-04
1.040000e+00	3.433790e-04
1.042500e+00	3.459614e-04
1.045000e+00	3.485788e-04
1.047500e+00	3.512317e-04
1.050000e+00	3.539208e-04
1.052500e+00	3.566468e-04
1.055000e+00	3.594104e-04
1.057500e+00	3.622123e-04
1.060000e+00	3.650532e-04
1.062500e+00	3.679340e-04
1.065000e+00	3.708553e-04
1.067500e+00	3.738180e-04
1.070000e+00	3.768229e-04
1.072500e+00	3.798708e-04
1.075000e+00	3.829625e-04
1.077500e+00	3.860989e-04
1.080000e+00	3.892810e-04
1.082500e+00	3.925096e-04
1.085000e+00	3.957857e-04
1.087500e+00	3.991102e-04
1.090000e+00	4.024841e-04
1.092500e+00	4.059085e-04
1.095000e+00	4.093844e-04
1.097500e+00	4.129128e-04
1.100000e+00	4.164948e-04
1.102500e+00	4.201316e-04
1.105000e+00	4.238244e-04
1.107500e+00	4.275742e-04
1.110000e+00	4.313824e-04
1.112500e+00	4.352501e-04
1.115000e+00	4.391787e-04
1.117500e+00	4.431695e-04
1.120000e+00	4.472239e-04
1.122500e+00	4.513431e-04
1.125000e+00	4.555287e-04
1.127500e+00	4.597822e-04
1.130000e+00	4.641050e-04
1.132500e+00	4.684987e-04
1.135000e+00	4.729649e-04
1.137500e+00	4.775053e-04
1.140000e+00	4.821215e-04
1.142500e+00	4.868154e-04
1.145000e+00	4.915886e-04
1.147500e+00	4.964430e-04
1.150000e+00	5.013806e-04
1.152500e+00	5.064033e-04
1.155000e+00	5.115131e-04
1.157500e+00	5.167120e-04
1.160000e+00	5.220023e-04
1.162500e+00	5.273862e-04
1.165000e+00	5.328658e-04
1.167500e+00	5.384436e-04
1.170000e+00	5.441220e-04
1.172500e+00	5.499034e-04
1.175000e+00	5.557905e-04
1.177500e+00	5.617858e-04
1.180000e+00	5.678922e-04
1.182500e+00	5.741124e-04
1.185000e+00	5.804493e-04
1.187500e+00	5.869060e-04
1.190000e+00	5.934856e-04
1.192500e+00	6.001912e-04
1.195000e+00	6.070262e-04
1.197500e+00	6.139941e-04
1.200000e+00	6.210983e-04
1.202500e+00	6.283425e-04
1.205000e+00	6.357306e-04
1.207500e+00	6.432663e-04
1.210000e+00	6.509539e-04
1.212500e+00	6.587974e-04
1.215000e+00	6.668012e-04
1.217500e+00	6.749697e-04
1.220000e+00	6.833078e-04
1.222500e+00	6.918201e-04
1.225000e+00	7.005116e-04
1.227500e+00	7.093876e-04
1.230000e+00	7.184533e-04
1.232500e+00	7.277144e-04
1.235000e+00	7.371766e-04
1.237500e+00	7.468459e-04
1.240000e+00	7.567285e-04
1.242500e+00	7.668308e-04
1.245000e+00	7.771596e-04
1.247500e+00	7.877217e-04
1.250000e+00	7.985245e-04
1.252500e+00	8.095753e-04
1.255000e+00	8.208821e-04
1.257500e+00	8.324528e-04
1.260000e+00	8.442960e-04
1.262500e+00	8.564204e-04
1.265000e+00	8.688351e-04
1.267500e+00	8.815497e-04
1.270000e+00	8.945741e-04
1.272500e+00	9.079186e-04
1.275000e+00	9.215939e-04
1.277500e+00	9.356113e-04
1.280000e+00	9.499824e-04
1.282500e+00	9.647195e-04
1.285000e+00	9.798353e-04
1.287500e+00	9.953431e-04
1.290000e+00	1.011257e-03
1.292500e+00	1.027591e-03
1.295000e+00	1.044361e-03
1.297500e+00	1.061582e-03
1.300000e+00	1.079271e-03
1.302500e+00	1.097446e-03
1.305000e+00	1.116124e-03
1.307500e+00	1.135325e-03
1.310000e+00	1.155068e-03
1.312500e+00	1.175376e-03
1.315000e+00	1.196269e-03
1.317500e+00	1.217770e-03
1.320000e+00	1.239904e-03
1.322500e+00	1.262697e-03
1.325000e+00	1.286174e-03
1.327500e+00	1.310365e-03
1.330000e+00	1.335298e-03
1.332500e+00	1.361006e-03
1.335000e+00	1.387519e-03
1.337500e+00	1.414874e-03
1.340000e+00	1.443106e-03
1.342500e+00	1.472254e-03
1.345000e+00	1.502358e-03
1.347500e+00	1.533462e-03
1.350000e+00	1.565610e-03
1.352500e+00	1.598850e-03
1.355000e+00	1.633233e-03
1.357500e+00	1.668813e-03
1.360000e+00	1.705646e-03
1.362500e+00	1.743792e-03
1.365000e+00	1.783316e-03
1.367500e+00	1.824285e-03
1.370000e+00	1.866771e-03
1.372500e+00	1.910851e-03
1.375000e+00	1.956606e-03
1.377500e+00	2.004123e-03
1.380000e+00	2.053495e-03
1.382500e+00	2.104820e-03
1.385000e+00	2.158204e-03
1.387500e+00	2.213760e-03
1.390000e+00	2.271607e-03
1.392500e+00	2.331874e-03
1.395000e+00	2.394700e-03
1.397500e+00	2.460233e-03
1.400000e+00	2.528632e-03
1.402500e+00	2.600067e-03
1.405000e+00	2.674722e-03
1.407500e+00	2.752796e-03
1.410000e+00	2.834501e-03
1.412500e+00	2.920068e-03
1.415000e+00	3.009745e-03
1.417500e+00	3.103803e-03
1.420000e+00	3.202532e-03
1.422500e+00	3.306249e-03
1.425000e+00	3.415298e-03
1.427500e+00	3.530053e-03
1.430000e+00	3.650920e-03
1.432500e+00	3.778344e-03
1.435000e+00	3.912810e-03
1.437500e+00	4.054849e-03
1.440000e+00	4.205042e-03
1.442500e+00	4.364029e-03
1.445000e+00	4.532512e-03
1.447500e+00	4.711266e-03
1.450000e+00	4.901145e-03
1.452500e+00	5.103094e-03
1.455000e+00	5.318161e-03
1.457500e+00	5.547509e-03
1.460000e+00	5.792436e-03
1.462500e+00	6.054385e-03
1.465000e+00	6.334975e-03
1.467500e+00	6.636017e-03
1.470000e+00	6.959552e-03
1.472500e+00	7.307876e-03
1.475000e+00	7.683590e-03
1.477500e+00	8.089639e-03
1.480000e+00	8.529378e-03
1.482500e+00	9.006633e-03
1.485000e+00	9.525790e-03
1.487500e+00	1.009189e-02
1.490000e+00	1.071075e-02
1.492500e+00	1.138913e-02
1.495000e+00	1.213486e-02
1.497500e+00	1.295714e-02
1.500000e+00	1.386675e-02
1.502500e+00	1.487645e-02
1.505000e+00	1.600137e-02
1.507500e+00	1.725961e-02
1.510000e+00	1.867292e-02
1.512500e+00	2.026763e-02
1.515000e+00	2.207582e-02
1.517500e+00	2.413689e-02
1.520000e+00	2.649966e-02
1.522500e+00	2.922509e-02
1.525000e+00	3.239004e-02
1.527500e+00	3.609243e-02
1.530000e+00	4.045835e-02
1.532500e+00	4.565203e-02
1.535000e+00	5.189008e-02
1.537500e+00	5.946192e-02
1.540000e+00	6.875964e-02
1.542500e+00	8.032182e-02
1.545000e+00	9.489845e-02
1.547500e+00	1.135466e-01
1.550000e+00	1.377685e-01
1.552500e+00	1.696969e-01
1.555000e+00	2.123009e-01
1.557500e+00	2.694511e-01
1.560000e+00	3.452973e-01
1.562500e+00	4.415025e-01
1.565000e+00	5.499685e-01
1.567500e+00	6.426345e-01
1.570000e+00	6.763555e-01
1.572500e+00	6.306912e-01
1.575000e+00	5.327115e-01
1.577500e+00	4.249433e-01
1.580000e+00	3.318361e-01
1.582500e+00	2.592212e-01
1.585000e+00	2.046935e-01
1.587500e+00	1.640438e-01
1.590000e+00	1.335327e-01
1.592500e+00	1.103366e-01
1.595000e+00	9.243726e-02
1.597500e+00	7.841504e-02
1.600000e+00	6.726993e-02
1.602500e+00	5.829121e-02
1.605000e+00	5.096742e-02
1.607500e+00	4.492541e-02
1.610000e+00	3.988911e-02
1.612500e+00	3.565148e-02
1.615000e+00	3.205522e-02
1.617500e+00	2.897935e-02
1.620000e+00	2.632975e-02
1.622500e+00	2.403243e-02
1.625000e+00	2.202860e-02
1.627500e+00	2.027115e-02
1.630000e+00	1.872200e-02
1.632500e+00	1.735009e-02
1.635000e+00	1.612994e-02
1.637500e+00	1.504046e-02
1.640000e+00	1.406411e-02
1.642500e+00	1.318620e-02
1.645000e+00	1.239436e-02
1.647500e+00	1.167812e-02
1.650000e+00	1.102856e-02
1.652500e+00	1.043808e-02
1.655000e+00	9.900143e-03
1.657500e+00	9.409111e-03
1.660000e+00	8.960120e-03
1.662500e+00	8.548944e-03
1.665000e+00	8.171909e-03
1.667500e+00	7.825809e-03
1.670000e+00	7.507839e-03
1.672500e+00	7.215545e-03
1.675000e+00	6.946774e-03
1.677500e+00	6.699636e-03
1.680000e+00	6.472473e-03
1.682500e+00	6.263832e-03
1.685000e+00	6.072441e-03
1.687500e+00	5.897190e-03
1.690000e+00	5.737117e-03
1.692500e+00	5.591393e-03
1.695000e+00	5.459312e-03
1.697500e+00	5.340285e-03
1.700000e+00	5.233828e-03
1.702500e+00	5.139566e-03
1.705000e+00	5.057223e-03
1.707500e+00	4.986623e-03
1.710000e+00	4.927697e-03
1.712500e+00	4.880479e-03
1.715000e+00	4.845113e-03
1.717500e+00	4.821867e-03
1.720000e+00	4.811136e-03
1.722500e+00	4.813463e-03
1.725000e+00	4.829552e-03
1.727500e+00	4.860299e-03
1.730000e+00	4.906814e-03
1.732500e+00	4.970468e-03
1.735000e+00	5.052932e-03
1.737500e+00	5.156245e-03
1.740000e+00	5.282890e-03
1.742500e+00	5.435893e-03
1.745000e+00	5.618948e-03
1.747500e+00	5.836589e-03
1.750000e+00	6.094403e-03
1.752500e+00	6.399317e-03
1.755000e+00	6.759981e-03
1.757500e+00	7.187276e-03
1.760000e+00	7.695022e-03
1.762500e+00	8.300927e-03
1.765000e+00	9.027939e-03
1.767500e+00	9.906126e-03
1.770000e+00	1.097538e-02
1.772500e+00	1.228934e-02
1.775000e+00	1.392109e-02
1.777500e+00	1.597160e-02
1.780000e+00	1.858227e-02
1.782500e+00	2.195315e-02
1.785000e+00	2.636891e-02
1.787500e+00	3.223190e-02
1.790000e+00	4.009210e-02
1.792500e+00	5.062977e-02
1.795000e+00	6.445263e-02
1.797500e+00	8.138929e-02
1.800000e+00	9.896567e-02
1.802500e+00	1.111690e-01
1.805000e+00	1.114484e-01
1.807500e+00	9.961775e-02
1.810000e+00	8.208738e-02
1.812500e+00	6.500506e-02
1.815000e+00	5.098937e-02
1.817500e+00	4.027568e-02
1.820000e+00	3.227043e-02
1.822500e+00	2.628999e-02
1.825000e+00	2.177748e-02
1.827500e+00	1.832446e-02
1.830000e+00	1.564175e-02
1.832500e+00	1.352604e-02
1.835000e+00	1.183374e-02
1.837500e+00	1.046230e-02
1.840000e+00	9.337533e-03
1.842500e+00	8.405003e-03
1.845000e+00	7.624222e-03
1.847500e+00	6.964672e-03
1.850000e+00	6.403051e-03
1.852500e+00	5.921360e-03
1.855000e+00	5.505539e-03
1.857500e+00	5.144494e-03
1.860000e+00	4.829385e-03
1.862500e+00	4.553110e-03
1.865000e+00	4.309914e-03
1.867500e+00	4.095100e-03
1.870000e+00	3.904811e-03
1.872500e+00	3.735855e-03
1.875000e+00	3.585583e-03
1.877500e+00	3.451782e-03
1.880000e+00	3.332596e-03
1.882500e+00	3.226467e-03
1.885000e+00	3.132080e-03
1.887500e+00	3.048327e-03
1.890000e+00	2.974275e-03
1.892500e+00	2.909138e-03
1.895000e+00	2.852258e-03
1.897500e+00	2.803090e-03
1.900000e+00	2.761186e-03
1.902500e+00	2.726186e-03
1.905000e+00	2.697812e-03
1.907500e+00	2.675859e-03
1.910000e+00	2.660190e-03
1.912500e+00	2.650740e-03
1.915000e+00	2.647507e-03
1.917500e+00	2.650556e-03
1.920000e+00	2.660025e-03
1.922500e+00	2.676121e-03
1.925000e+00	2.699134e-03
1.927500e+00	2.729439e-03
1.930000e+00	2.767507e-03
1.932500e+00	2.813923e-03
1.935000e+00	2.869398e-03
1.937500e+00	2.934792e-03
1.940000e+00	3.011141e-03
1.942500e+00	3.099692e-03
1.945000e+00	3.201945e-03
1.947500e+00	3.319706e-03
1.950000e+00	3.455162e-03
1.952500e+00	3.610966e-03
1.955000e+00	3.790355e-03
1.957500e+00	3.997303e-03
1.960000e+00	4.236723e-03
1.962500e+00	4.514732e-03
1.965000e+00	4.839011e-03
1.967500e+00	5.219297e-03
1.970000e+00	5.668056e-03
1.972500e+00	6.201423e-03
1.975000e+00	6.840526e-03
1.977500e+00	7.613381e-03
1.980000e+00	8.557636e-03
1.982500e+00	9.724583e-03
1.985000e+00	1.118508e-02
1.987500e+00	1.303830e-02
1.990000e+00	1.542460e-02
1.992500e+00	1.854363e-02
1.995000e+00	2.267755e-02
1.997500e+00	2.821183e-02
2.000000e+00	3.562261e-02
2.002500e+00	4.533312e-02
2.005000e+00	5.721570e-02
2.007500e+00	6.952244e-02
2.010000e+00	7.803206e-02
2.012500e+00	7.818155e-02
2.015000e+00	6.988807e-02
2.017500e+00	5.765234e-02
2.020000e+00	4.575603e-02
2.022500e+00	3.601165e-02
2.025000e+00	2.857564e-02
2.027500e+00	2.303135e-02
2.030000e+00	1.890144e-02
2.032500e+00	1.579769e-02
2.035000e+00	1.343560e-02
2.037500e+00	1.161386e-02
2.040000e+00	1.019113e-02
2.042500e+00	9.067703e-03
2.045000e+00	8.172558e-03
2.047500e+00	7.454511e-03
2.050000e+00	6.876236e-03
2.052500e+00	6.410229e-03
2.055000e+00	6.036049e-03
2.057500e+00	5.738433e-03
2.060000e+00	5.505983e-03
2.062500e+00	5.330253e-03
2.065000e+00	5.205110e-03
2.067500e+00	5.126300e-03
2.070000e+00	5.091155e-03
2.072500e+00	5.098409e-03
2.075000e+00	5.148115e-03
2.077500e+00	5.241640e-03
2.080000e+00	5.381746e-03
2.082500e+00	5.572765e-03
2.085000e+00	5.820870e-03
2.087500e+00	6.134506e-03
2.090000e+00	6.524986e-03
2.092500e+00	7.007365e-03
2.095000e+00	7.601674e-03
2.097500e+00	8.334695e-03
2.100000e+00	9.242531e-03
2.102500e+00	1.037436e-02
2.105000e+00	1.179796e-02
2.107500e+00	1.360792e-02
2.110000e+00	1.593769e-02
2.112500e+00	1.897708e-02
2.115000e+00	2.299584e-02
2.117500e+00	2.837016e-02
2.120000e+00	3.559263e-02
2.122500e+00	4.519860e-02
2.125000e+00	5.742796e-02
2.127500e+00	7.131891e-02
2.130000e+00	8.338689e-02
2.132500e+00	8.809973e-02
2.135000e+00	8.260398e-02
2.137500e+00	7.016869e-02
2.140000e+00	5.628686e-02
2.142500e+00	4.421634e-02
2.145000e+00	3.477671e-02
2.147500e+00	2.768145e-02
2.150000e+00	2.239126e-02
2.152500e+00	1.842155e-02
2.155000e+00	1.540498e-02
2.157500e+00	1.307869e-02
2.160000e+00	1.125774e-02
2.162500e+00	9.811873e-03
2.165000e+00	8.648582e-03
2.167500e+00	7.701330e-03
2.170000e+00	6.921612e-03
2.172500e+00	6.273577e-03
2.175000e+00	5.730364e-03
2.177500e+00	5.271593e-03
2.180000e+00	4.881614e-03
2.182500e+00	4.548280e-03
2.185000e+00	4.262064e-03
2.187500e+00	4.015429e-03
2.190000e+00	3.802364e-03
2.192500e+00	3.618039e-03
2.195000e+00	3.458557e-03
2.197500e+00	3.320755e-03
2.200000e+00	3.202061e-03
2.202500e+00	3.100384e-03
2.205000e+00	3.014028e-03
2.207500e+00	2.941622e-03
2.210000e+00	2.882078e-03
2.212500e+00	2.834545e-03
2.215000e+00	2.798385e-03
2.217500e+00	2.773150e-03
2.220000e+00	2.758569e-03
2.222500e+00	2.754542e-03
2.225000e+00	2.761134e-03
2.227500e+00	2.778582e-03
2.230000e+00	2.807303e-03
2.232500e+00	2.847910e-03
2.235000e+00	2.901233e-03
2.237500e+00	2.968356e-03
2.240000e+00	3.050654e-03
2.242500e+00	3.149852e-03
2.245000e+00	3.268100e-03
2.247500e+00	3.408068e-03
2.250000e+00	3.573076e-03
2.252500e+00	3.767263e-03
2.255000e+00	3.995811e-03
2.257500e+00	4.265254e-03
2.260000e+00	4.583886e-03
2.262500e+00	4.962337e-03
2.265000e+00	5.414354e-03
2.267500e+00	5.957925e-03
2.270000e+00	6.616859e-03
2.272500e+00	7.423078e-03
2.275000e+00	8.419966e-03
2.277500e+00	9.667295e-03
2.280000e+00	1.124852e-02
2.282500e+00	1.328152e-02
2.285000e+00	1.593392e-02
2.287500e+00	1.944339e-02
2.290000e+00	2.413837e-02
2.292500e+00	3.043814e-02
2.295000e+00	3.876221e-02
2.297500e+00	4.917383e-02
2.300000e+00	6.051974e-02
2.302500e+00	6.944188e-02
2.305000e+00	7.148347e-02
2.307500e+00	6.538242e-02
2.310000e+00	5.463062e-02
2.312500e+00	4.349441e-02
2.315000e+00	3.411655e-02
2.317500e+00	2.687703e-02
2.320000e+00	2.145631e-02
2.322500e+00	1.741299e-02
2.325000e+00	1.437195e-02
2.327500e+00	1.205405e-02
2.330000e+00	1.026074e-02
2.332500e+00	8.852452e-03
2.335000e+00	7.730755e-03
2.337500e+00	6.825547e-03
2.340000e+00	6.086262e-03
2.342500e+00	5.475918e-03
2.345000e+00	4.967087e-03
2.347500e+00	4.539155e-03
2.350000e+00	4.176429e-03
2.352500e+00	3.866818e-03
2.355000e+00	3.600901e-03
2.357500e+00	3.371261e-03
2.360000e+00	3.172002e-03
2.362500e+00	2.998398e-03
2.365000e+00	2.846626e-03
2.367500e+00	2.713574e-03
2.370000e+00	2.596690e-03
2.372500e+00	2.493866e-03
2.375000e+00	2.403356e-03
2.377500e+00	2.323706e-03
2.380000e+00	2.253696e-03
2.382500e+00	2.192306e-03
2.385000e+00	2.138674e-03
2.387500e+00	2.092078e-03
2.390000e+00	2.051907e-03
2.392500e+00	2.017651e-03
2.395000e+00	1.988880e-03
2.397500e+00	1.965238e-03
2.400000e+00	1.946432e-03
2.402500e+00	1.932226e-03
2.405000e+00	1.922433e-03
2.407500e+00	1.916913e-03
2.410000e+00	1.915569e-03
2.412500e+00	1.918341e-03
2.415000e+00	1.925211e-03
2.417500e+00	1.936198e-03
2.420000e+00	1.951356e-03
2.422500e+00	1.970779e-03
2.425000e+00	1.994600e-03
2.427500e+00	2.022994e-03
2.430000e+00	2.056180e-03
2.432500e+00	2.094425e-03
2.435000e+00	2.138050e-03
2.437500e+00	2.187434e-03
2.440000e+00	2.243026e-03
2.442500e+00	2.305348e-03
2.445000e+00	2.375013e-03
2.447500e+00	2.452731e-03
2.450000e+00	2.539335e-03
2.452500e+00	2.635795e-03
2.455000e+00	2.743243e-03
2.457500e+00	2.863010e-03
2.460000e+00	2.996659e-03
2.462500e+00	3.146035e-03
2.465000e+00	3.313326e-03
2.467500e+00	3.501136e-03
2.470000e+00	3.712586e-03
2.472500e+00	3.951432e-03
2.475000e+00	4.222228e-03
2.477500e+00	4.530530e-03
2.480000e+00	4.883169e-03
2.482500e+00	5.288609e-03
2.485000e+00	5.757430e-03
2.487500e+00	6.302981e-03
2.490000e+00	6.942273e-03
2.492500e+00	7.697221e-03
2.495000e+00	8.596383e-03
2.497500e+00	9.677439e-03
2.500000e+00	1.099076e-02
2.502500e+00	1.260461e-02
2.505000e+00	1.461280e-02
2.507500e+00	1.714601e-02
2.510000e+00	2.038851e-02
2.512500e+00	2.460213e-02
2.515000e+00	3.015861e-02
2.517500e+00	3.757478e-02
2.520000e+00	4.752216e-02
2.522500e+00	6.071312e-02
2.525000e+00	7.740600e-02
2.527500e+00	9.612292e-02
2.530000e+00	1.119055e-01
2.532500e+00	1.173152e-01
2.535000e+00	1.090664e-01
2.537500e+00	9.202908e-02
2.540000e+00	7.349551e-02
2.542500e+00	5.756115e-02
2.545000e+00	4.516163e-02
2.547500e+00	3.586092e-02
2.550000e+00	2.893259e-02
2.552500e+00	2.373668e-02
2.555000e+00	1.979133e-02
2.557500e+00	1.675256e-02
2.560000e+00	1.437855e-02
2.562500e+00	1.249905e-02
2.565000e+00	1.099319e-02
2.567500e+00	9.774135e-03
2.570000e+00	8.778709e-03
2.572500e+00	7.960424e-03
2.575000e+00	7.284705e-03
2.577500e+00	6.725649e-03
2.580000e+00	6.263780e-03
2.582500e+00	5.884503e-03
2.585000e+00	5.577036e-03
2.587500e+00	5.333694e-03
2.590000e+00	5.149443e-03
2.592500e+00	5.021668e-03
2.595000e+00	4.950151e-03
2.597500e+00	4.937265e-03
2.600000e+00	4.988428e-03
2.602500e+00	5.112895e-03
2.605000e+00	5.325038e-03
2.607500e+00	5.646320e-03
2.610000e+00	6.108250e-03
2.612500e+00	6.756645e-03
2.615000e+00	7.657220e-03
2.617500e+00	8.901094e-03
2.620000e+00	1.060374e-02
2.622500e+00	1.287650e-02
2.625000e+00	1.571984e-02
2.627500e+00	1.877611e-02
2.630000e+00	2.107578e-02
2.632500e+00	2.142072e-02
2.635000e+00	1.958129e-02
2.637500e+00	1.658134e-02
2.640000e+00	1.355608e-02
2.642500e+00	1.104190e-02
2.645000e+00	9.117792e-03
2.647500e+00	7.690006e-03
2.650000e+00	6.638794e-03
2.652500e+00	5.864407e-03
2.655000e+00	5.293478e-03
2.657500e+00	4.874480e-03
2.660000e+00	4.571895e-03
2.662500e+00	4.361539e-03
2.665000e+00	4.227253e-03
2.667500e+00	4.158719e-03
2.670000e+00	4.150065e-03
2.672500e+00	4.199062e-03
2.675000e+00	4.306748e-03
2.677500e+00	4.477423e-03
2.680000e+00	4.719000e-03
2.682500e+00	5.043757e-03
2.685000e+00	5.469609e-03
2.687500e+00	6.022096e-03
2.690000e+00	6.737415e-03
2.692500e+00	7.666974e-03
2.695000e+00	8.884123e-03
2.697500e+00	1.049374e-02
2.700000e+00	1.264458e-02
2.702500e+00	1.554081e-02
2.705000e+00	1.943704e-02
2.707500e+00	2.456705e-02
2.710000e+00	3.088978e-02
2.712500e+00	3.752754e-02
2.715000e+00	4.226843e-02
2.717500e+00	4.259412e-02
2.720000e+00	3.828871e-02
2.722500e+00	3.170736e-02
2.725000e+00	2.521798e-02
2.727500e+00	1.986548e-02
2.730000e+00	1.576482e-02
2.732500e+00	1.269830e-02
2.735000e+00	1.040694e-02
2.737500e+00	8.678087e-03
2.740000e+00	7.355316e-03
2.742500e+00	6.327768e-03
2.745000e+00	5.517510e-03
2.747500e+00	4.869499e-03
2.750000e+00	4.344447e-03
2.752500e+00	3.913939e-03
2.755000e+00	3.557137e-03
2.757500e+00	3.258546e-03
2.760000e+00	3.006488e-03
2.762500e+00	2.792050e-03
2.765000e+00	2.608347e-03
2.767500e+00	2.450002e-03
2.770000e+00	2.312771e-03
2.772500e+00	2.193272e-03
2.775000e+00	2.088787e-03
2.777500e+00	1.997113e-03
2.780000e+00	1.916451e-03
2.782500e+00	1.845322e-03
2.785000e+00	1.782502e-03
2.787500e+00	1.726974e-03
2.790000e+00	1.677885e-03
2.792500e+00	1.634520e-03
2.795000e+00	1.596277e-03
2.797500e+00	1.562646e-03
2.800000e+00	1.533193e-03
2.802500e+00	1.507551e-03
2.805000e+00	1.485410e-03
2.807500e+00	1.466504e-03
2.810000e+00	1.450609e-03
2.812500e+00	1.437537e-03
2.815000e+00	1.427128e-03
2.817500e+00	1.419252e-03
2.820000e+00	1.413803e-03
2.822500e+00	1.410694e-03
2.825000e+00	1.409860e-03
2.827500e+00	1.411255e-03
2.830000e+00	1.414849e-03
2.832500e+00	1.420628e-03
2.835000e+00	1.428594e-03
2.837500e+00	1.438765e-03
2.840000e+00	1.451174e-03
2.842500e+00	1.465870e-03
2.845000e+00	1.482917e-03
2.847500e+00	1.502395e-03
2.850000e+00	1.524404e-03
2.852500e+00	1.549061e-03
2.855000e+00	1.576501e-03
2.857500e+00	1.606885e-03
2.860000e+00	1.640395e-03
2.862500e+00	1.677240e-03
2.865000e+00	1.717659e-03
2.867500e+00	1.761923e-03
2.870000e+00	1.810343e-03
2.872500e+00	1.863269e-03
2.875000e+00	1.921103e-03
2.877500e+00	1.984299e-03
2.880000e+00	2.053379e-03
2.882500e+00	2.128936e-03
2.885000e+00	2.211650e-03
2.887500e+00	2.302302e-03
2.890000e+00	2.401793e-03
2.892500e+00	2.511161e-03
2.895000e+00	2.631611e-03
2.897500e+00	2.764547e-03
2.900000e+00	2.911606e-03
2.902500e+00	3.074715e-03
2.905000e+00	3.256142e-03
2.907500e+00	3.458582e-03
2.910000e+00	3.685244e-03
2.912500e+00	3.939981e-03
2.915000e+00	4.227445e-03
2.917500e+00	4.553288e-03
2.920000e+00	4.924436e-03
2.922500e+00	5.349434e-03
2.925000e+00	5.838921e-03
2.927500e+00	6.406263e-03
2.930000e+00	7.068414e-03
2.932500e+00	7.847111e-03
2.935000e+00	8.770535e-03
2.937500e+00	9.875667e-03
2.940000e+00	1.121166e-02
2.942500e+00	1.284475e-02
2.945000e+00	1.486539e-02
2.947500e+00	1.739888e-02
2.950000e+00	2.062106e-02
2.952500e+00	2.478112e-02
2.955000e+00	3.023356e-02
2.957500e+00	3.747744e-02
2.960000e+00	4.718609e-02
2.962500e+00	6.016129e-02
2.965000e+00	7.701590e-02
2.967500e+00	9.717436e-02
2.970000e+00	1.169644e-01
2.972500e+00	1.287635e-01
2.975000e+00	1.259013e-01
2.977500e+00	1.101538e-01
2.980000e+00	8.954180e-02
2.982500e+00	7.040589e-02
2.985000e+00	5.503192e-02
2.987500e+00	4.337750e-02
2.990000e+00	3.469165e-02
2.992500e+00	2.820468e-02
2.995000e+00	2.330947e-02
2.997500e+00	1.956602e-02
