#omega	spectral weight
-6.000000e+00	1.673258e-05
-5.997500e+00	1.673951e-05
-5.995000e+00	1.674644e-05
-5.992500e+00	1.675338e-05
-5.990000e+00	1.676033e-05
-5.987500e+00	1.676728e-05
-5.985000e+00	1.677423e-05
-5.982500e+00	1.678119e-05
-5.980000e+00	1.678815e-05
-5.977500e+00	1.679512e-05
-5.975000e+00	1.680210e-05
-5.972500e+00	1.680908e-05
-5.970000e+00	1.681606e-05
-5.967500e+00	1.682305e-05
-5.965000e+00	1.683004e-05
-5.962500e+00	1.683704e-05
-5.960000e+00	1.684405e-05
-5.957500e+00	1.685106e-05
-5.955000e+00	1.685807e-05
-5.952500e+00	1.686509e-05
-5.950000e+00	1.687211e-05
-5.947500e+00	1.687914e-05
-5.945000e+00	1.688617e-05
-5.942500e+00	1.689321e-05
-5.940000e+00	1.690026e-05
-5.937500e+00	1.690730e-05
-5.935000e+00	1.691436e-05
-5.932500e+00	1.692142e-05
-5.930000e+00	1.692848e-05
-5.927500e+00	1.693555e-05
-5.925000e+00	1.694262e-05
-5.922500e+00	1.694970e-05
-5.920000e+00	1.695679e-05
-5.917500e+00	1.696387e-05
-5.915000e+00	1.697097e-05
-5.912500e+00	1.697807e-05
-5.910000e+00	1.698517e-05
-5.907500e+00	1.699228e-05
-5.905000e+00	1.699939e-05
-5.902500e+00	1.700651e-05
-5.900000e+00	1.701364e-05
-5.897500e+00	1.702077e-05
-5.895000e+00	1.702790e-05
-5.892500e+00	1.703504e-05
-5.890000e+00	1.704219e-05
-5.887500e+00	1.704934e-05
-5.885000e+00	1.705649e-05
-5.882500e+00	1.706365e-05
-5.880000e+00	1.707082e-05
-5.877500e+00	1.707799e-05
-5.875000e+00	1.708516e-05
-5.872500e+00	1.709234e-05
-5.870000e+00	1.709953e-05
-5.867500e+00	1.710672e-05
-5.865000e+00	1.711392e-05
-5.862500e+00	1.712112e-05
-5.860000e+00	1.712832e-05
-5.857500e+00	1.713554e-05
-5.855000e+00	1.714275e-05
-5.852500e+00	1.714997e-05
-5.850000e+00	1.715720e-05
-5.847500e+00	1.716443e-05
-5.845000e+00	1.717167e-05
-5.842500e+00	1.717891e-05
-5.840000e+00	1.718616e-05
-5.837500e+00	1.719342e-05
-5.835000e+00	1.720067e-05
-5.832500e+00	1.720794e-05
-5.830000e+00	1.721521e-05
-5.827500e+00	1.722248e-05
-5.825000e+00	1.722976e-05
-5.822500e+00	1.723705e-05
-5.820000e+00	1.724434e-05
-5.817500e+00	1.725163e-05
-5.815000e+00	1.725893e-05
-5.812500e+00	1.726624e-05
-5.810000e+00	1.727355e-05
-5.807500e+00	1.728087e-05
-5.805000e+00	1.728819e-05
-5.802500e+00	1.729551e-05
-5.800000e+00	1.730285e-05
-5.797500e+00	1.731019e-05
-5.795000e+00	1.731753e-05
-5.792500e+00	1.732488e-05
-5.790000e+00	1.733223e-05
-5.787500e+00	1.733959e-05
-5.785000e+00	1.734695e-05
-5.782500e+00	1.735432e-05
-5.780000e+00	1.736170e-05
-5.777500e+00	1.736908e-05
-5.775000e+00	1.737646e-05
-5.772500e+00	1.738386e-05
-5.770000e+00	1.739125e-05
-5.767500e+00	1.739865e-05
-5.765000e+00	1.740606e-05
-5.762500e+00	1.741348e-05
-5.760000e+00	1.742089e-05
-5.757500e+00	1.742832e-05
-5.755000e+00	1.743575e-05
-5.752500e+00	1.744318e-05
-5.750000e+00	1.745062e-05
-5.747500e+00	1.745807e-05
-5.745000e+00	1.746552e-05
-5.742500e+00	1.747297e-05
-5.740000e+00	1.748043e-05
-5.737500e+00	1.748790e-05
-5.735000e+00	1.749537e-05
-5.732500e+00	1.750285e-05
-5.730000e+00	1.751034e-05
-5.727500e+00	1.751783e-05
-5.725000e+00	1.752532e-05
-5.722500e+00	1.753282e-05
-5.720000e+00	1.754033e-05
-5.717500e+00	1.754784e-05
-5.715000e+00	1.755535e-05
-5.712500e+00	1.756288e-05
-5.710000e+00	1.757040e-05
-5.707500e+00	1.757794e-05
-5.705000e+00	1.758548e-05
-5.702500e+00	1.759302e-05
-5.700000e+00	1.760057e-05
-5.697500e+00	1.760812e-05
-5.695000e+00	1.761569e-05
-5.692500e+00	1.762325e-05
-5.690000e+00	1.763082e-05
-5.687500e+00	1.763840e-05
-5.685000e+00	1.764599e-05
-5.682500e+00	1.765357e-05
-5.680000e+00	1.766117e-05
-5.677500e+00	1.766877e-05
-5.675000e+00	1.767637e-05
-5.672500e+00	1.768399e-05
-5.670000e+00	1.769160e-05
-5.667500e+00	1.769923e-05
-5.665000e+00	1.770685e-05
-5.662500e+00	1.771449e-05
-5.660000e+00	1.772213e-05
-5.657500e+00	1.772977e-05
-5.655000e+00	1.773742e-05
-5.652500e+00	1.774508e-05
-5.650000e+00	1.775274e-05
-5.647500e+00	1.776041e-05
-5.645000e+00	1.776808e-05
-5.642500e+00	1.777576e-05
-5.640000e+00	1.778345e-05
-5.637500e+00	1.779114e-05
-5.635000e+00	1.779884e-05
-5.632500e+00	1.780654e-05
-5.630000e+00	1.781425e-05
-5.627500e+00	1.782196e-05
-5.625000e+00	1.782968e-05
-5.622500e+00	1.783740e-05
-5.620000e+00	1.784514e-05
-5.617500e+00	1.785287e-05
-5.615000e+00	1.786062e-05
-5.612500e+00	1.786836e-05
-5.610000e+00	1.787612e-05
-5.607500e+00	1.788388e-05
-5.605000e+00	1.789164e-05
-5.602500e+00	1.789941e-05
-5.600000e+00	1.790719e-05
-5.597500e+00	1.791497e-05
-5.595000e+00	1.792276e-05
-5.592500e+00	1.793056e-05
-5.590000e+00	1.793836e-05
-5.587500e+00	1.794617e-05
-5.585000e+00	1.795398e-05
-5.582500e+00	1.796180e-05
-5.580000e+00	1.796962e-05
-5.577500e+00	1.797745e-05
-5.575000e+00	1.798529e-05
-5.572500e+00	1.799313e-05
-5.570000e+00	1.800097e-05
-5.567500e+00	1.800883e-05
-5.565000e+00	1.801669e-05
-5.562500e+00	1.802455e-05
-5.560000e+00	1.803242e-05
-5.557500e+00	1.804030e-05
-5.555000e+00	1.804818e-05
-5.552500e+00	1.805607e-05
-5.550000e+00	1.806397e-05
-5.547500e+00	1.807187e-05
-5.545000e+00	1.807978e-05
-5.542500e+00	1.808769e-05
-5.540000e+00	1.809561e-05
-5.537500e+00	1.810353e-05
-5.535000e+00	1.811146e-05
-5.532500e+00	1.811940e-05
-5.530000e+00	1.812734e-05
-5.527500e+00	1.813529e-05
-5.525000e+00	1.814325e-05
-5.522500e+00	1.815121e-05
-5.520000e+00	1.815917e-05
-5.517500e+00	1.816715e-05
-5.515000e+00	1.817513e-05
-5.512500e+00	1.818311e-05
-5.510000e+00	1.819110e-05
-5.507500e+00	1.819910e-05
-5.505000e+00	1.820710e-05
-5.502500e+00	1.821511e-05
-5.500000e+00	1.822313e-05
-5.497500e+00	1.823115e-05
-5.495000e+00	1.823918e-05
-5.492500e+00	1.824721e-05
-5.490000e+00	1.825525e-05
-5.487500e+00	1.826329e-05
-5.485000e+00	1.827135e-05
-5.482500e+00	1.827940e-05
-5.480000e+00	1.828747e-05
-5.477500e+00	1.829554e-05
-5.475000e+00	1.830362e-05
-5.472500e+00	1.831170e-05
-5.470000e+00	1.831979e-05
-5.467500e+00	1.832788e-05
-5.465000e+00	1.833598e-05
-5.462500e+00	1.834409e-05
-5.460000e+00	1.835221e-05
-5.457500e+00	1.836032e-05
-5.455000e+00	1.836845e-05
-5.452500e+00	1.837658e-05
-5.450000e+00	1.838472e-05
-5.447500e+00	1.839287e-05
-5.445000e+00	1.840102e-05
-5.442500e+00	1.840918e-05
-5.440000e+00	1.841734e-05
-5.437500e+00	1.842551e-05
-5.435000e+00	1.843368e-05
-5.432500e+00	1.844187e-05
-5.430000e+00	1.845006e-05
-5.427500e+00	1.845825e-05
-5.425000e+00	1.846645e-05
-5.422500e+00	1.847466e-05
-5.420000e+00	1.848287e-05
-5.417500e+00	1.849109e-05
-5.415000e+00	1.849932e-05
-5.412500e+00	1.850755e-05
-5.410000e+00	1.851579e-05
-5.407500e+00	1.852404e-05
-5.405000e+00	1.853229e-05
-5.402500e+00	1.854055e-05
-5.400000e+00	1.854881e-05
-5.397500e+00	1.855708e-05
-5.395000e+00	1.856536e-05
-5.392500e+00	1.857364e-05
-5.390000e+00	1.858194e-05
-5.387500e+00	1.859023e-05
-5.385000e+00	1.859853e-05
-5.382500e+00	1.860684e-05
-5.380000e+00	1.861516e-05
-5.377500e+00	1.862348e-05
-5.375000e+00	1.863181e-05
-5.372500e+00	1.864015e-05
-5.370000e+00	1.864849e-05
-5.367500e+00	1.865684e-05
-5.365000e+00	1.866519e-05
-5.362500e+00	1.867355e-05
-5.360000e+00	1.868192e-05
-5.357500e+00	1.869030e-05
-5.355000e+00	1.869868e-05
-5.352500e+00	1.870706e-05
-5.350000e+00	1.871546e-05
-5.347500e+00	1.872386e-05
-5.345000e+00	1.873226e-05
-5.342500e+00	1.874068e-05
-5.340000e+00	1.874910e-05
-5.337500e+00	1.875753e-05
-5.335000e+00	1.876596e-05
-5.332500e+00	1.877440e-05
-5.330000e+00	1.878284e-05
-5.327500e+00	1.879130e-05
-5.325000e+00	1.879976e-05
-5.322500e+00	1.880822e-05
-5.320000e+00	1.881670e-05
-5.317500e+00	1.882518e-05
-5.315000e+00	1.883366e-05
-5.312500e+00	1.884215e-05
-5.310000e+00	1.885065e-05
-5.307500e+00	1.885916e-05
-5.305000e+00	1.886767e-05
-5.302500e+00	1.887619e-05
-5.300000e+00	1.888472e-05
-5.297500e+00	1.889325e-05
-5.295000e+00	1.890179e-05
-5.292500e+00	1.891034e-05
-5.290000e+00	1.891889e-05
-5.287500e+00	1.892745e-05
-5.285000e+00	1.893602e-05
-5.282500e+00	1.894459e-05
-5.280000e+00	1.895317e-05
-5.277500e+00	1.896176e-05
-5.275000e+00	1.897035e-05
-5.272500e+00	1.897895e-05
-5.270000e+00	1.898756e-05
-5.267500e+00	1.899617e-05
-5.265000e+00	1.900479e-05
-5.262500e+00	1.901342e-05
-5.260000e+00	1.902205e-05
-5.257500e+00	1.903069e-05
-5.255000e+00	1.903934e-05
-5.252500e+00	1.904800e-05
-5.250000e+00	1.905666e-05
-5.247500e+00	1.906533e-05
-5.245000e+00	1.907400e-05
-5.242500e+00	1.908268e-05
-5.240000e+00	1.909137e-05
-5.237500e+00	1.910007e-05
-5.235000e+00	1.910877e-05
-5.232500e+00	1.911748e-05
-5.230000e+00	1.912620e-05
-5.227500e+00	1.913492e-05
-5.225000e+00	1.914365e-05
-5.222500e+00	1.915239e-05
-5.220000e+00	1.916114e-05
-5.217500e+00	1.916989e-05
-5.215000e+00	1.917865e-05
-5.212500e+00	1.918741e-05
-5.210000e+00	1.919618e-05
-5.207500e+00	1.920496e-05
-5.205000e+00	1.921375e-05
-5.202500e+00	1.922254e-05
-5.200000e+00	1.923134e-05
-5.197500e+00	1.924015e-05
-5.195000e+00	1.924897e-05
-5.192500e+00	1.925779e-05
-5.190000e+00	1.926662e-05
-5.187500e+00	1.927545e-05
-5.185000e+00	1.928430e-05
-5.182500e+00	1.929315e-05
-5.180000e+00	1.930200e-05
-5.177500e+00	1.931087e-05
-5.175000e+00	1.931974e-05
-5.172500e+00	1.932862e-05
-5.170000e+00	1.933750e-05
-5.167500e+00	1.934639e-05
-5.165000e+00	1.935529e-05
-5.162500e+00	1.936420e-05
-5.160000e+00	1.937311e-05
-5.157500e+00	1.938204e-05
-5.155000e+00	1.939096e-05
-5.152500e+00	1.939990e-05
-5.150000e+00	1.940884e-05
-5.147500e+00	1.941779e-05
-5.145000e+00	1.942675e-05
-5.142500e+00	1.943571e-05
-5.140000e+00	1.944469e-05
-5.137500e+00	1.945367e-05
-5.135000e+00	1.946265e-05
-5.132500e+00	1.947165e-05
-5.130000e+00	1.948065e-05
-5.127500e+00	1.948965e-05
-5.125000e+00	1.949867e-05
-5.122500e+00	1.950769e-05
-5.120000e+00	1.951672e-05
-5.117500e+00	1.952576e-05
-5.115000e+00	1.953480e-05
-5.112500e+00	1.954386e-05
-5.110000e+00	1.955291e-05
-5.107500e+00	1.956198e-05
-5.105000e+00	1.957106e-05
-5.102500e+00	1.958014e-05
-5.100000e+00	1.958923e-05
-5.097500e+00	1.959832e-05
-5.095000e+00	1.960742e-05
-5.092500e+00	1.961654e-05
-5.090000e+00	1.962565e-05
-5.087500e+00	1.963478e-05
-5.085000e+00	1.964391e-05
-5.082500e+00	1.965305e-05
-5.080000e+00	1.966220e-05
-5.077500e+00	1.967136e-05
-5.075000e+00	1.968052e-05
-5.072500e+00	1.968969e-05
-5.070000e+00	1.969887e-05
-5.067500e+00	1.970805e-05
-5.065000e+00	1.971725e-05
-5.062500e+00	1.972645e-05
-5.060000e+00	1.973566e-05
-5.057500e+00	1.974487e-05
-5.055000e+00	1.975409e-05
-5.052500e+00	1.976333e-05
-5.050000e+00	1.977256e-05
-5.047500e+00	1.978181e-05
-5.045000e+00	1.979106e-05
-5.042500e+00	1.980032e-05
-5.040000e+00	1.980959e-05
-5.037500e+00	1.981887e-05
-5.035000e+00	1.982815e-05
-5.032500e+00	1.983744e-05
-5.030000e+00	1.984674e-05
-5.027500e+00	1.985605e-05
-5.025000e+00	1.986536e-05
-5.022500e+00	1.987469e-05
-5.020000e+00	1.988402e-05
-5.017500e+00	1.989335e-05
-5.015000e+00	1.990270e-05
-5.012500e+00	1.991205e-05
-5.010000e+00	1.992141e-05
-5.007500e+00	1.993078e-05
-5.005000e+00	1.994016e-05
-5.002500e+00	1.994954e-05
-5.000000e+00	1.995893e-05
-4.997500e+00	1.996833e-05
-4.995000e+00	1.997774e-05
-4.992500e+00	1.998715e-05
-4.990000e+00	1.999658e-05
-4.987500e+00	2.000601e-05
-4.985000e+00	2.001545e-05
-4.982500e+00	2.002489e-05
-4.980000e+00	2.003435e-05
-4.977500e+00	2.004381e-05
-4.975000e+00	2.005328e-05
-4.972500e+00	2.006276e-05
-4.970000e+00	2.007224e-05
-4.967500e+00	2.008174e-05
-4.965000e+00	2.009124e-05
-4.962500e+00	2.010075e-05
-4.960000e+00	2.011026e-05
-4.957500e+00	2.011979e-05
-4.955000e+00	2.012932e-05
-4.952500e+00	2.013886e-05
-4.950000e+00	2.014841e-05
-4.947500e+00	2.015797e-05
-4.945000e+00	2.016753e-05
-4.942500e+00	2.017711e-05
-4.940000e+00	2.018669e-05
-4.937500e+00	2.019628e-05
-4.935000e+00	2.020587e-05
-4.932500e+00	2.021548e-05
-4.930000e+00	2.022509e-05
-4.927500e+00	2.023471e-05
-4.925000e+00	2.024434e-05
-4.922500e+00	2.025398e-05
-4.920000e+00	2.026363e-05
-4.917500e+00	2.027328e-05
-4.915000e+00	2.028294e-05
-4.912500e+00	2.029261e-05
-4.910000e+00	2.030229e-05
-4.907500e+00	2.031198e-05
-4.905000e+00	2.032167e-05
-4.902500e+00	2.033137e-05
-4.900000e+00	2.034108e-05
-4.897500e+00	2.035080e-05
-4.895000e+00	2.036053e-05
-4.892500e+00	2.037026e-05
-4.890000e+00	2.038001e-05
-4.887500e+00	2.038976e-05
-4.885000e+00	2.039952e-05
-4.882500e+00	2.040929e-05
-4.880000e+00	2.041906e-05
-4.877500e+00	2.042885e-05
-4.875000e+00	2.043864e-05
-4.872500e+00	2.044844e-05
-4.870000e+00	2.045825e-05
-4.867500e+00	2.046807e-05
-4.865000e+00	2.047789e-05
-4.862500e+00	2.048773e-05
-4.860000e+00	2.049757e-05
-4.857500e+00	2.050742e-05
-4.855000e+00	2.051728e-05
-4.852500e+00	2.052715e-05
-4.850000e+00	2.053703e-05
-4.847500e+00	2.054691e-05
-4.845000e+00	2.055680e-05
-4.842500e+00	2.056671e-05
-4.840000e+00	2.057662e-05
-4.837500e+00	2.058653e-05
-4.835000e+00	2.059646e-05
-4.832500e+00	2.060640e-05
-4.830000e+00	2.061634e-05
-4.827500e+00	2.062629e-05
-4.825000e+00	2.063625e-05
-4.822500e+00	2.064622e-05
-4.820000e+00	2.065620e-05
-4.817500e+00	2.066619e-05
-4.815000e+00	2.067618e-05
-4.812500e+00	2.068619e-05
-4.810000e+00	2.069620e-05
-4.807500e+00	2.070622e-05
-4.805000e+00	2.071625e-05
-4.802500e+00	2.072629e-05
-4.800000e+00	2.073633e-05
-4.797500e+00	2.074639e-05
-4.795000e+00	2.075645e-05
-4.792500e+00	2.076652e-05
-4.790000e+00	2.077661e-05
-4.787500e+00	2.078669e-05
-4.785000e+00	2.079679e-05
-4.782500e+00	2.080690e-05
-4.780000e+00	2.081702e-05
-4.777500e+00	2.082714e-05
-4.775000e+00	2.083727e-05
-4.772500e+00	2.084742e-05
-4.770000e+00	2.085757e-05
-4.767500e+00	2.086773e-05
-4.765000e+00	2.087789e-05
-4.762500e+00	2.088807e-05
-4.760000e+00	2.089826e-05
-4.757500e+00	2.090845e-05
-4.755000e+00	2.091866e-05
-4.752500e+00	2.092887e-05
-4.750000e+00	2.093909e-05
-4.747500e+00	2.094932e-05
-4.745000e+00	2.095956e-05
-4.742500e+00	2.096981e-05
-4.740000e+00	2.098006e-05
-4.737500e+00	2.099033e-05
-4.735000e+00	2.100060e-05
-4.732500e+00	2.101089e-05
-4.730000e+00	2.102118e-05
-4.727500e+00	2.103148e-05
-4.725000e+00	2.104179e-05
-4.722500e+00	2.105211e-05
-4.720000e+00	2.106244e-05
-4.717500e+00	2.107278e-05
-4.715000e+00	2.108312e-05
-4.712500e+00	2.109348e-05
-4.710000e+00	2.110384e-05
-4.707500e+00	2.111422e-05
-4.705000e+00	2.112460e-05
-4.702500e+00	2.113499e-05
-4.700000e+00	2.114539e-05
-4.697500e+00	2.115580e-05
-4.695000e+00	2.116622e-05
-4.692500e+00	2.117665e-05
-4.690000e+00	2.118709e-05
-4.687500e+00	2.119753e-05
-4.685000e+00	2.120799e-05
-4.682500e+00	2.121845e-05
-4.680000e+00	2.122893e-05
-4.677500e+00	2.123941e-05
-4.675000e+00	2.124990e-05
-4.672500e+00	2.126040e-05
-4.670000e+00	2.127091e-05
-4.667500e+00	2.128143e-05
-4.665000e+00	2.129196e-05
-4.662500e+00	2.130250e-05
-4.660000e+00	2.131305e-05
-4.657500e+00	2.132361e-05
-4.655000e+00	2.133417e-05
-4.652500e+00	2.134475e-05
-4.650000e+00	2.135534e-05
-4.647500e+00	2.136593e-05
-4.645000e+00	2.137653e-05
-4.642500e+00	2.138715e-05
-4.640000e+00	2.139777e-05
-4.637500e+00	2.140840e-05
-4.635000e+00	2.141904e-05
-4.632500e+00	2.142970e-05
-4.630000e+00	2.144036e-05
-4.627500e+00	2.145103e-05
-4.625000e+00	2.146170e-05
-4.622500e+00	2.147239e-05
-4.620000e+00	2.148309e-05
-4.617500e+00	2.149380e-05
-4.615000e+00	2.150452e-05
-4.612500e+00	2.151524e-05
-4.610000e+00	2.152598e-05
-4.607500e+00	2.153673e-05
-4.605000e+00	2.154748e-05
-4.602500e+00	2.155825e-05
-4.600000e+00	2.156902e-05
-4.597500e+00	2.157981e-05
-4.595000e+00	2.159060e-05
-4.592500e+00	2.160140e-05
-4.590000e+00	2.161222e-05
-4.587500e+00	2.162304e-05
-4.585000e+00	2.163387e-05
-4.582500e+00	2.164472e-05
-4.580000e+00	2.165557e-05
-4.577500e+00	2.166643e-05
-4.575000e+00	2.167730e-05
-4.572500e+00	2.168818e-05
-4.570000e+00	2.169907e-05
-4.567500e+00	2.170998e-05
-4.565000e+00	2.172089e-05
-4.562500e+00	2.173181e-05
-4.560000e+00	2.174274e-05
-4.557500e+00	2.175368e-05
-4.555000e+00	2.176463e-05
-4.552500e+00	2.177559e-05
-4.550000e+00	2.178656e-05
-4.547500e+00	2.179754e-05
-4.545000e+00	2.180853e-05
-4.542500e+00	2.181953e-05
-4.540000e+00	2.183054e-05
-4.537500e+00	2.184155e-05
-4.535000e+00	2.185258e-05
-4.532500e+00	2.186362e-05
-4.530000e+00	2.187467e-05
-4.527500e+00	2.188573e-05
-4.525000e+00	2.189680e-05
-4.522500e+00	2.190788e-05
-4.520000e+00	2.191897e-05
-4.517500e+00	2.193007e-05
-4.515000e+00	2.194118e-05
-4.512500e+00	2.195230e-05
-4.510000e+00	2.196343e-05
-4.507500e+00	2.197457e-05
-4.505000e+00	2.198572e-05
-4.502500e+00	2.199688e-05
-4.500000e+00	2.200805e-05
-4.497500e+00	2.201923e-05
-4.495000e+00	2.203042e-05
-4.492500e+00	2.204162e-05
-4.490000e+00	2.205283e-05
-4.487500e+00	2.206405e-05
-4.485000e+00	2.207528e-05
-4.482500e+00	2.208653e-05
-4.480000e+00	2.209778e-05
-4.477500e+00	2.210904e-05
-4.475000e+00	2.212031e-05
-4.472500e+00	2.213160e-05
-4.470000e+00	2.214289e-05
-4.467500e+00	2.215419e-05
-4.465000e+00	2.216551e-05
-4.462500e+00	2.217683e-05
-4.460000e+00	2.218817e-05
-4.457500e+00	2.219951e-05
-4.455000e+00	2.221087e-05
-4.452500e+00	2.222223e-05
-4.450000e+00	2.223361e-05
-4.447500e+00	2.224500e-05
-4.445000e+00	2.225639e-05
-4.442500e+00	2.226780e-05
-4.440000e+00	2.227922e-05
-4.437500e+00	2.229065e-05
-4.435000e+00	2.230209e-05
-4.432500e+00	2.231354e-05
-4.430000e+00	2.232500e-05
-4.427500e+00	2.233647e-05
-4.425000e+00	2.234795e-05
-4.422500e+00	2.235944e-05
-4.420000e+00	2.237095e-05
-4.417500e+00	2.238246e-05
-4.415000e+00	2.239399e-05
-4.412500e+00	2.240552e-05
-4.410000e+00	2.241707e-05
-4.407500e+00	2.242862e-05
-4.405000e+00	2.244019e-05
-4.402500e+00	2.245177e-05
-4.400000e+00	2.246336e-05
-4.397500e+00	2.247496e-05
-4.395000e+00	2.248657e-05
-4.392500e+00	2.249819e-05
-4.390000e+00	2.250982e-05
-4.387500e+00	2.252146e-05
-4.385000e+00	2.253312e-05
-4.382500e+00	2.254478e-05
-4.380000e+00	2.255646e-05
-4.377500e+00	2.256814e-05
-4.375000e+00	2.257984e-05
-4.372500e+00	2.259155e-05
-4.370000e+00	2.260327e-05
-4.367500e+00	2.261500e-05
-4.365000e+00	2.262674e-05
-4.362500e+00	2.263849e-05
-4.360000e+00	2.265025e-05
-4.357500e+00	2.266203e-05
-4.355000e+00	2.267381e-05
-4.352500e+00	2.268561e-05
-4.350000e+00	2.269741e-05
-4.347500e+00	2.270923e-05
-4.345000e+00	2.272106e-05
-4.342500e+00	2.273290e-05
-4.340000e+00	2.274475e-05
-4.337500e+00	2.275662e-05
-4.335000e+00	2.276849e-05
-4.332500e+00	2.278038e-05
-4.330000e+00	2.279227e-05
-4.327500e+00	2.280418e-05
-4.325000e+00	2.281610e-05
-4.322500e+00	2.282803e-05
-4.320000e+00	2.283997e-05
-4.317500e+00	2.285192e-05
-4.315000e+00	2.286389e-05
-4.312500e+00	2.287586e-05
-4.310000e+00	2.288785e-05
-4.307500e+00	2.289985e-05
-4.305000e+00	2.291186e-05
-4.302500e+00	2.292388e-05
-4.300000e+00	2.293591e-05
-4.297500e+00	2.294795e-05
-4.295000e+00	2.296001e-05
-4.292500e+00	2.297207e-05
-4.290000e+00	2.298415e-05
-4.287500e+00	2.299624e-05
-4.285000e+00	2.300834e-05
-4.282500e+00	2.302046e-05
-4.280000e+00	2.303258e-05
-4.277500e+00	2.304471e-05
-4.275000e+00	2.305686e-05
-4.272500e+00	2.306902e-05
-4.270000e+00	2.308119e-05
-4.267500e+00	2.309337e-05
-4.265000e+00	2.310557e-05
-4.262500e+00	2.311777e-05
-4.260000e+00	2.312999e-05
-4.257500e+00	2.314222e-05
-4.255000e+00	2.315446e-05
-4.252500e+00	2.316671e-05
-4.250000e+00	2.317897e-05
-4.247500e+00	2.319125e-05
-4.245000e+00	2.320354e-05
-4.242500e+00	2.321584e-05
-4.240000e+00	2.322815e-05
-4.237500e+00	2.324047e-05
-4.235000e+00	2.325281e-05
-4.232500e+00	2.326515e-05
-4.230000e+00	2.327751e-05
-4.227500e+00	2.328988e-05
-4.225000e+00	2.330226e-05
-4.222500e+00	2.331466e-05
-4.220000e+00	2.332706e-05
-4.217500e+00	2.333948e-05
-4.215000e+00	2.335191e-05
-4.212500e+00	2.336435e-05
-4.210000e+00	2.337681e-05
-4.207500e+00	2.338928e-05
-4.205000e+00	2.340175e-05
-4.202500e+00	2.341424e-05
-4.200000e+00	2.342675e-05
-4.197500e+00	2.343926e-05
-4.195000e+00	2.345179e-05
-4.192500e+00	2.346433e-05
-4.190000e+00	2.347688e-05
-4.187500e+00	2.348944e-05
-4.185000e+00	2.350202e-05
-4.182500e+00	2.351461e-05
-4.180000e+00	2.352721e-05
-4.177500e+00	2.353982e-05
-4.175000e+00	2.355244e-05
-4.172500e+00	2.356508e-05
-4.170000e+00	2.357773e-05
-4.167500e+00	2.359039e-05
-4.165000e+00	2.360307e-05
-4.162500e+00	2.361575e-05
-4.160000e+00	2.362845e-05
-4.157500e+00	2.364116e-05
-4.155000e+00	2.365389e-05
-4.152500e+00	2.366662e-05
-4.150000e+00	2.367937e-05
-4.147500e+00	2.369213e-05
-4.145000e+00	2.370491e-05
-4.142500e+00	2.371770e-05
-4.140000e+00	2.373049e-05
-4.137500e+00	2.374331e-05
-4.135000e+00	2.375613e-05
-4.132500e+00	2.376897e-05
-4.130000e+00	2.378182e-05
-4.127500e+00	2.379468e-05
-4.125000e+00	2.380755e-05
-4.122500e+00	2.382044e-05
-4.120000e+00	2.383334e-05
-4.117500e+00	2.384625e-05
-4.115000e+00	2.385918e-05
-4.112500e+00	2.387212e-05
-4.110000e+00	2.388507e-05
-4.107500e+00	2.389803e-05
-4.105000e+00	2.391101e-05
-4.102500e+00	2.392400e-05
-4.100000e+00	2.393700e-05
-4.097500e+00	2.395002e-05
-4.095000e+00	2.396305e-05
-4.092500e+00	2.397609e-05
-4.090000e+00	2.398914e-05
-4.087500e+00	2.400221e-05
-4.085000e+00	2.401529e-05
-4.082500e+00	2.402838e-05
-4.080000e+00	2.404149e-05
-4.077500e+00	2.405461e-05
-4.075000e+00	2.406774e-05
-4.072500e+00	2.408089e-05
-4.070000e+00	2.409405e-05
-4.067500e+00	2.410722e-05
-4.065000e+00	2.412040e-05
-4.062500e+00	2.413360e-05
-4.060000e+00	2.414681e-05
-4.057500e+00	2.416004e-05
-4.055000e+00	2.417328e-05
-4.052500e+00	2.418653e-05
-4.050000e+00	2.419979e-05
-4.047500e+00	2.421307e-05
-4.045000e+00	2.422636e-05
-4.042500e+00	2.423966e-05
-4.040000e+00	2.425298e-05
-4.037500e+00	2.426631e-05
-4.035000e+00	2.427966e-05
-4.032500e+00	2.429302e-05
-4.030000e+00	2.430639e-05
-4.027500e+00	2.431977e-05
-4.025000e+00	2.433317e-05
-4.022500e+00	2.434658e-05
-4.020000e+00	2.436001e-05
-4.017500e+00	2.437345e-05
-4.015000e+00	2.438690e-05
-4.012500e+00	2.440037e-05
-4.010000e+00	2.441385e-05
-4.007500e+00	2.442734e-05
-4.005000e+00	2.444085e-05
-4.002500e+00	2.445437e-05
-4.000000e+00	2.446790e-05
-3.997500e+00	2.448145e-05
-3.995000e+00	2.449501e-05
-3.992500e+00	2.450859e-05
-3.990000e+00	2.452218e-05
-3.987500e+00	2.453578e-05
-3.985000e+00	2.454940e-05
-3.982500e+00	2.456303e-05
-3.980000e+00	2.457668e-05
-3.977500e+00	2.459034e-05
-3.975000e+00	2.460401e-05
-3.972500e+00	2.461770e-05
-3.970000e+00	2.463140e-05
-3.967500e+00	2.464511e-05
-3.965000e+00	2.465884e-05
-3.962500e+00	2.467258e-05
-3.960000e+00	2.468634e-05
-3.957500e+00	2.470011e-05
-3.955000e+00	2.471390e-05
-3.952500e+00	2.472770e-05
-3.950000e+00	2.474151e-05
-3.947500e+00	2.475534e-05
-3.945000e+00	2.476918e-05
-3.942500e+00	2.478304e-05
-3.940000e+00	2.479691e-05
-3.937500e+00	2.481079e-05
-3.935000e+00	2.482469e-05
-3.932500e+00	2.483860e-05
-3.930000e+00	2.485253e-05
-3.927500e+00	2.486647e-05
-3.925000e+00	2.488043e-05
-3.922500e+00	2.489440e-05
-3.920000e+00	2.490839e-05
-3.917500e+00	2.492239e-05
-3.915000e+00	2.493640e-05
-3.912500e+00	2.495043e-05
-3.910000e+00	2.496447e-05
-3.907500e+00	2.497853e-05
-3.905000e+00	2.499260e-05
-3.902500e+00	2.500669e-05
-3.900000e+00	2.502079e-05
-3.897500e+00	2.503491e-05
-3.895000e+00	2.504904e-05
-3.892500e+00	2.506319e-05
-3.890000e+00	2.507735e-05
-3.887500e+00	2.509152e-05
-3.885000e+00	2.510571e-05
-3.882500e+00	2.511992e-05
-3.880000e+00	2.513413e-05
-3.877500e+00	2.514837e-05
-3.875000e+00	2.516262e-05
-3.872500e+00	2.517688e-05
-3.870000e+00	2.519116e-05
-3.867500e+00	2.520546e-05
-3.865000e+00	2.521976e-05
-3.862500e+00	2.523409e-05
-3.860000e+00	2.524843e-05
-3.857500e+00	2.526278e-05
-3.855000e+00	2.527715e-05
-3.852500e+00	2.529153e-05
-3.850000e+00	2.530593e-05
-3.847500e+00	2.532035e-05
-3.845000e+00	2.533478e-05
-3.842500e+00	2.534922e-05
-3.840000e+00	2.536368e-05
-3.837500e+00	2.537816e-05
-3.835000e+00	2.539265e-05
-3.832500e+00	2.540715e-05
-3.830000e+00	2.542167e-05
-3.827500e+00	2.543621e-05
-3.825000e+00	2.545076e-05
-3.822500e+00	2.546533e-05
-3.820000e+00	2.547991e-05
-3.817500e+00	2.549451e-05
-3.815000e+00	2.550912e-05
-3.812500e+00	2.552375e-05
-3.810000e+00	2.553840e-05
-3.807500e+00	2.555306e-05
-3.805000e+00	2.556773e-05
-3.802500e+00	2.558242e-05
-3.800000e+00	2.559713e-05
-3.797500e+00	2.561185e-05
-3.795000e+00	2.562659e-05
-3.792500e+00	2.564134e-05
-3.790000e+00	2.565611e-05
-3.787500e+00	2.567090e-05
-3.785000e+00	2.568570e-05
-3.782500e+00	2.570052e-05
-3.780000e+00	2.571535e-05
-3.777500e+00	2.573020e-05
-3.775000e+00	2.574506e-05
-3.772500e+00	2.575994e-05
-3.770000e+00	2.577484e-05
-3.767500e+00	2.578975e-05
-3.765000e+00	2.580468e-05
-3.762500e+00	2.581962e-05
-3.760000e+00	2.583458e-05
-3.757500e+00	2.584956e-05
-3.755000e+00	2.586455e-05
-3.752500e+00	2.587956e-05
-3.750000e+00	2.589459e-05
-3.747500e+00	2.590963e-05
-3.745000e+00	2.592469e-05
-3.742500e+00	2.593976e-05
-3.740000e+00	2.595485e-05
-3.737500e+00	2.596995e-05
-3.735000e+00	2.598508e-05
-3.732500e+00	2.600022e-05
-3.730000e+00	2.601537e-05
-3.727500e+00	2.603054e-05
-3.725000e+00	2.604573e-05
-3.722500e+00	2.606093e-05
-3.720000e+00	2.607616e-05
-3.717500e+00	2.609139e-05
-3.715000e+00	2.610665e-05
-3.712500e+00	2.612192e-05
-3.710000e+00	2.613720e-05
-3.707500e+00	2.615251e-05
-3.705000e+00	2.616783e-05
-3.702500e+00	2.618317e-05
-3.700000e+00	2.619852e-05
-3.697500e+00	2.621389e-05
-3.695000e+00	2.622928e-05
-3.692500e+00	2.624468e-05
-3.690000e+00	2.626010e-05
-3.687500e+00	2.627554e-05
-3.685000e+00	2.629099e-05
-3.682500e+00	2.630647e-05
-3.680000e+00	2.632195e-05
-3.677500e+00	2.633746e-05
-3.675000e+00	2.635298e-05
-3.672500e+00	2.636852e-05
-3.670000e+00	2.638408e-05
-3.667500e+00	2.639965e-05
-3.665000e+00	2.641524e-05
-3.662500e+00	2.643085e-05
-3.660000e+00	2.644648e-05
-3.657500e+00	2.646212e-05
-3.655000e+00	2.647778e-05
-3.652500e+00	2.649346e-05
-3.650000e+00	2.650915e-05
-3.647500e+00	2.652486e-05
-3.645000e+00	2.654059e-05
-3.642500e+00	2.655634e-05
-3.640000e+00	2.657210e-05
-3.637500e+00	2.658788e-05
-3.635000e+00	2.660368e-05
-3.632500e+00	2.661950e-05
-3.630000e+00	2.663533e-05
-3.627500e+00	2.665118e-05
-3.625000e+00	2.666705e-05
-3.622500e+00	2.668294e-05
-3.620000e+00	2.669884e-05
-3.617500e+00	2.671476e-05
-3.615000e+00	2.673070e-05
-3.612500e+00	2.674666e-05
-3.610000e+00	2.676263e-05
-3.607500e+00	2.677863e-05
-3.605000e+00	2.679464e-05
-3.602500e+00	2.681067e-05
-3.600000e+00	2.682671e-05
-3.597500e+00	2.684278e-05
-3.595000e+00	2.685886e-05
-3.592500e+00	2.687496e-05
-3.590000e+00	2.689108e-05
-3.587500e+00	2.690722e-05
-3.585000e+00	2.692337e-05
-3.582500e+00	2.693955e-05
-3.580000e+00	2.695574e-05
-3.577500e+00	2.697195e-05
-3.575000e+00	2.698817e-05
-3.572500e+00	2.700442e-05
-3.570000e+00	2.702068e-05
-3.567500e+00	2.703697e-05
-3.565000e+00	2.705327e-05
-3.562500e+00	2.706959e-05
-3.560000e+00	2.708592e-05
-3.557500e+00	2.710228e-05
-3.555000e+00	2.711865e-05
-3.552500e+00	2.713505e-05
-3.550000e+00	2.715146e-05
-3.547500e+00	2.716789e-05
-3.545000e+00	2.718434e-05
-3.542500e+00	2.720081e-05
-3.540000e+00	2.721729e-05
-3.537500e+00	2.723380e-05
-3.535000e+00	2.725032e-05
-3.532500e+00	2.726686e-05
-3.530000e+00	2.728343e-05
-3.527500e+00	2.730001e-05
-3.525000e+00	2.731661e-05
-3.522500e+00	2.733322e-05
-3.520000e+00	2.734986e-05
-3.517500e+00	2.736652e-05
-3.515000e+00	2.738319e-05
-3.512500e+00	2.739989e-05
-3.510000e+00	2.741660e-05
-3.507500e+00	2.743333e-05
-3.505000e+00	2.745008e-05
-3.502500e+00	2.746686e-05
-3.500000e+00	2.748365e-05
-3.497500e+00	2.750045e-05
-3.495000e+00	2.751728e-05
-3.492500e+00	2.753413e-05
-3.490000e+00	2.755100e-05
-3.487500e+00	2.756789e-05
-3.485000e+00	2.758479e-05
-3.482500e+00	2.760172e-05
-3.480000e+00	2.761866e-05
-3.477500e+00	2.763563e-05
-3.475000e+00	2.765261e-05
-3.472500e+00	2.766962e-05
-3.470000e+00	2.768664e-05
-3.467500e+00	2.770368e-05
-3.465000e+00	2.772075e-05
-3.462500e+00	2.773783e-05
-3.460000e+00	2.775493e-05
-3.457500e+00	2.777206e-05
-3.455000e+00	2.778920e-05
-3.452500e+00	2.780636e-05
-3.450000e+00	2.782354e-05
-3.447500e+00	2.784074e-05
-3.445000e+00	2.785797e-05
-3.442500e+00	2.787521e-05
-3.440000e+00	2.789247e-05
-3.437500e+00	2.790976e-05
-3.435000e+00	2.792706e-05
-3.432500e+00	2.794438e-05
-3.430000e+00	2.796172e-05
-3.427500e+00	2.797909e-05
-3.425000e+00	2.799647e-05
-3.422500e+00	2.801388e-05
-3.420000e+00	2.803130e-05
-3.417500e+00	2.804875e-05
-3.415000e+00	2.806621e-05
-3.412500e+00	2.808370e-05
-3.410000e+00	2.810120e-05
-3.407500e+00	2.811873e-05
-3.405000e+00	2.813628e-05
-3.402500e+00	2.815385e-05
-3.400000e+00	2.817144e-05
-3.397500e+00	2.818905e-05
-3.395000e+00	2.820668e-05
-3.392500e+00	2.822433e-05
-3.390000e+00	2.824200e-05
-3.387500e+00	2.825970e-05
-3.385000e+00	2.827741e-05
-3.382500e+00	2.829515e-05
-3.380000e+00	2.831290e-05
-3.377500e+00	2.833068e-05
-3.375000e+00	2.834848e-05
-3.372500e+00	2.836630e-05
-3.370000e+00	2.838414e-05
-3.367500e+00	2.840200e-05
-3.365000e+00	2.841988e-05
-3.362500e+00	2.843779e-05
-3.360000e+00	2.845571e-05
-3.357500e+00	2.847366e-05
-3.355000e+00	2.849163e-05
-3.352500e+00	2.850962e-05
-3.350000e+00	2.852763e-05
-3.347500e+00	2.854566e-05
-3.345000e+00	2.856372e-05
-3.342500e+00	2.858179e-05
-3.340000e+00	2.859989e-05
-3.337500e+00	2.861801e-05
-3.335000e+00	2.863615e-05
-3.332500e+00	2.865432e-05
-3.330000e+00	2.867250e-05
-3.327500e+00	2.869071e-05
-3.325000e+00	2.870894e-05
-3.322500e+00	2.872719e-05
-3.320000e+00	2.874546e-05
-3.317500e+00	2.876375e-05
-3.315000e+00	2.878207e-05
-3.312500e+00	2.880041e-05
-3.310000e+00	2.881877e-05
-3.307500e+00	2.883715e-05
-3.305000e+00	2.885556e-05
-3.302500e+00	2.887399e-05
-3.300000e+00	2.889244e-05
-3.297500e+00	2.891091e-05
-3.295000e+00	2.892940e-05
-3.292500e+00	2.894792e-05
-3.290000e+00	2.896646e-05
-3.287500e+00	2.898502e-05
-3.285000e+00	2.900361e-05
-3.282500e+00	2.902222e-05
-3.280000e+00	2.904085e-05
-3.277500e+00	2.905950e-05
-3.275000e+00	2.907817e-05
-3.272500e+00	2.909687e-05
-3.270000e+00	2.911559e-05
-3.267500e+00	2.913434e-05
-3.265000e+00	2.915311e-05
-3.262500e+00	2.917190e-05
-3.260000e+00	2.919071e-05
-3.257500e+00	2.920954e-05
-3.255000e+00	2.922840e-05
-3.252500e+00	2.924729e-05
-3.250000e+00	2.926619e-05
-3.247500e+00	2.928512e-05
-3.245000e+00	2.930407e-05
-3.242500e+00	2.932305e-05
-3.240000e+00	2.934205e-05
-3.237500e+00	2.936107e-05
-3.235000e+00	2.938011e-05
-3.232500e+00	2.939918e-05
-3.230000e+00	2.941828e-05
-3.227500e+00	2.943739e-05
-3.225000e+00	2.945653e-05
-3.222500e+00	2.947570e-05
-3.220000e+00	2.949488e-05
-3.217500e+00	2.951410e-05
-3.215000e+00	2.953333e-05
-3.212500e+00	2.955259e-05
-3.210000e+00	2.957187e-05
-3.207500e+00	2.959118e-05
-3.205000e+00	2.961051e-05
-3.202500e+00	2.962986e-05
-3.200000e+00	2.964924e-05
-3.197500e+00	2.966865e-05
-3.195000e+00	2.968807e-05
-3.192500e+00	2.970753e-05
-3.190000e+00	2.972700e-05
-3.187500e+00	2.974650e-05
-3.185000e+00	2.976603e-05
-3.182500e+00	2.978558e-05
-3.180000e+00	2.980515e-05
-3.177500e+00	2.982475e-05
-3.175000e+00	2.984437e-05
-3.172500e+00	2.986402e-05
-3.170000e+00	2.988369e-05
-3.167500e+00	2.990339e-05
-3.165000e+00	2.992311e-05
-3.162500e+00	2.994286e-05
-3.160000e+00	2.996263e-05
-3.157500e+00	2.998242e-05
-3.155000e+00	3.000225e-05
-3.152500e+00	3.002209e-05
-3.150000e+00	3.004196e-05
-3.147500e+00	3.006186e-05
-3.145000e+00	3.008178e-05
-3.142500e+00	3.010173e-05
-3.140000e+00	3.012170e-05
-3.137500e+00	3.014170e-05
-3.135000e+00	3.016172e-05
-3.132500e+00	3.018177e-05
-3.130000e+00	3.020184e-05
-3.127500e+00	3.022194e-05
-3.125000e+00	3.024207e-05
-3.122500e+00	3.026222e-05
-3.120000e+00	3.028240e-05
-3.117500e+00	3.030260e-05
-3.115000e+00	3.032283e-05
-3.112500e+00	3.034308e-05
-3.110000e+00	3.036336e-05
-3.107500e+00	3.038367e-05
-3.105000e+00	3.040400e-05
-3.102500e+00	3.042436e-05
-3.100000e+00	3.044474e-05
-3.097500e+00	3.046515e-05
-3.095000e+00	3.048559e-05
-3.092500e+00	3.050605e-05
-3.090000e+00	3.052654e-05
-3.087500e+00	3.054705e-05
-3.085000e+00	3.056760e-05
-3.082500e+00	3.058816e-05
-3.080000e+00	3.060876e-05
-3.077500e+00	3.062938e-05
-3.075000e+00	3.065003e-05
-3.072500e+00	3.067070e-05
-3.070000e+00	3.069141e-05
-3.067500e+00	3.071213e-05
-3.065000e+00	3.073289e-05
-3.062500e+00	3.075367e-05
-3.060000e+00	3.077448e-05
-3.057500e+00	3.079532e-05
-3.055000e+00	3.081618e-05
-3.052500e+00	3.083707e-05
-3.050000e+00	3.085799e-05
-3.047500e+00	3.087893e-05
-3.045000e+00	3.089990e-05
-3.042500e+00	3.092090e-05
-3.040000e+00	3.094193e-05
-3.037500e+00	3.096299e-05
-3.035000e+00	3.098407e-05
-3.032500e+00	3.100518e-05
-3.030000e+00	3.102631e-05
-3.027500e+00	3.104748e-05
-3.025000e+00	3.106867e-05
-3.022500e+00	3.108989e-05
-3.020000e+00	3.111114e-05
-3.017500e+00	3.113242e-05
-3.015000e+00	3.115372e-05
-3.012500e+00	3.117505e-05
-3.010000e+00	3.119641e-05
-3.007500e+00	3.121780e-05
-3.005000e+00	3.123922e-05
-3.002500e+00	3.126067e-05
-3.000000e+00	3.128214e-05
-2.997500e+00	3.130364e-05
-2.995000e+00	3.132517e-05
-2.992500e+00	3.134673e-05
-2.990000e+00	3.136832e-05
-2.987500e+00	3.138993e-05
-2.985000e+00	3.141158e-05
-2.982500e+00	3.143325e-05
-2.980000e+00	3.145495e-05
-2.977500e+00	3.147669e-05
-2.975000e+00	3.149845e-05
-2.972500e+00	3.152024e-05
-2.970000e+00	3.154205e-05
-2.967500e+00	3.156390e-05
-2.965000e+00	3.158578e-05
-2.962500e+00	3.160768e-05
-2.960000e+00	3.162962e-05
-2.957500e+00	3.165158e-05
-2.955000e+00	3.167358e-05
-2.952500e+00	3.169560e-05
-2.950000e+00	3.171765e-05
-2.947500e+00	3.173974e-05
-2.945000e+00	3.176185e-05
-2.942500e+00	3.178399e-05
-2.940000e+00	3.180616e-05
-2.937500e+00	3.182837e-05
-2.935000e+00	3.185060e-05
-2.932500e+00	3.187286e-05
-2.930000e+00	3.189515e-05
-2.927500e+00	3.191747e-05
-2.925000e+00	3.193983e-05
-2.922500e+00	3.196221e-05
-2.920000e+00	3.198462e-05
-2.917500e+00	3.200706e-05
-2.915000e+00	3.202954e-05
-2.912500e+00	3.205204e-05
-2.910000e+00	3.207458e-05
-2.907500e+00	3.209714e-05
-2.905000e+00	3.211974e-05
-2.902500e+00	3.214237e-05
-2.900000e+00	3.216502e-05
-2.897500e+00	3.218771e-05
-2.895000e+00	3.221043e-05
-2.892500e+00	3.223318e-05
-2.890000e+00	3.225596e-05
-2.887500e+00	3.227878e-05
-2.885000e+00	3.230162e-05
-2.882500e+00	3.232450e-05
-2.880000e+00	3.234740e-05
-2.877500e+00	3.237034e-05
-2.875000e+00	3.239331e-05
-2.872500e+00	3.241631e-05
-2.870000e+00	3.243935e-05
-2.867500e+00	3.246241e-05
-2.865000e+00	3.248551e-05
-2.862500e+00	3.250864e-05
-2.860000e+00	3.253180e-05
-2.857500e+00	3.255499e-05
-2.855000e+00	3.257821e-05
-2.852500e+00	3.260147e-05
-2.850000e+00	3.262476e-05
-2.847500e+00	3.264808e-05
-2.845000e+00	3.267143e-05
-2.842500e+00	3.269482e-05
-2.840000e+00	3.271824e-05
-2.837500e+00	3.274169e-05
-2.835000e+00	3.276517e-05
-2.832500e+00	3.278869e-05
-2.830000e+00	3.281224e-05
-2.827500e+00	3.283582e-05
-2.825000e+00	3.285943e-05
-2.822500e+00	3.288308e-05
-2.820000e+00	3.290676e-05
-2.817500e+00	3.293048e-05
-2.815000e+00	3.295422e-05
-2.812500e+00	3.297800e-05
-2.810000e+00	3.300182e-05
-2.807500e+00	3.302566e-05
-2.805000e+00	3.304954e-05
-2.802500e+00	3.307346e-05
-2.800000e+00	3.309741e-05
-2.797500e+00	3.312139e-05
-2.795000e+00	3.314540e-05
-2.792500e+00	3.316945e-05
-2.790000e+00	3.319354e-05
-2.787500e+00	3.321765e-05
-2.785000e+00	3.324181e-05
-2.782500e+00	3.326599e-05
-2.780000e+00	3.329021e-05
-2.777500e+00	3.331447e-05
-2.775000e+00	3.333875e-05
-2.772500e+00	3.336308e-05
-2.770000e+00	3.338744e-05
-2.767500e+00	3.341183e-05
-2.765000e+00	3.343625e-05
-2.762500e+00	3.346072e-05
-2.760000e+00	3.348521e-05
-2.757500e+00	3.350974e-05
-2.755000e+00	3.353431e-05
-2.752500e+00	3.355891e-05
-2.750000e+00	3.358355e-05
-2.747500e+00	3.360822e-05
-2.745000e+00	3.363293e-05
-2.742500e+00	3.365767e-05
-2.740000e+00	3.368245e-05
-2.737500e+00	3.370727e-05
-2.735000e+00	3.373212e-05
-2.732500e+00	3.375700e-05
-2.730000e+00	3.378192e-05
-2.727500e+00	3.380688e-05
-2.725000e+00	3.383187e-05
-2.722500e+00	3.385690e-05
-2.720000e+00	3.388197e-05
-2.717500e+00	3.390707e-05
-2.715000e+00	3.393221e-05
-2.712500e+00	3.395738e-05
-2.710000e+00	3.398259e-05
-2.707500e+00	3.400784e-05
-2.705000e+00	3.403312e-05
-2.702500e+00	3.405844e-05
-2.700000e+00	3.408380e-05
-2.697500e+00	3.410920e-05
-2.695000e+00	3.413463e-05
-2.692500e+00	3.416010e-05
-2.690000e+00	3.418560e-05
-2.687500e+00	3.421115e-05
-2.685000e+00	3.423673e-05
-2.682500e+00	3.426234e-05
-2.680000e+00	3.428800e-05
-2.677500e+00	3.431369e-05
-2.675000e+00	3.433942e-05
-2.672500e+00	3.436519e-05
-2.670000e+00	3.439100e-05
-2.667500e+00	3.441684e-05
-2.665000e+00	3.444272e-05
-2.662500e+00	3.446864e-05
-2.660000e+00	3.449460e-05
-2.657500e+00	3.452060e-05
-2.655000e+00	3.454663e-05
-2.652500e+00	3.457271e-05
-2.650000e+00	3.459882e-05
-2.647500e+00	3.462497e-05
-2.645000e+00	3.465116e-05
-2.642500e+00	3.467739e-05
-2.640000e+00	3.470365e-05
-2.637500e+00	3.472996e-05
-2.635000e+00	3.475630e-05
-2.632500e+00	3.478269e-05
-2.630000e+00	3.480911e-05
-2.627500e+00	3.483558e-05
-2.625000e+00	3.486208e-05
-2.622500e+00	3.488862e-05
-2.620000e+00	3.491520e-05
-2.617500e+00	3.494182e-05
-2.615000e+00	3.496848e-05
-2.612500e+00	3.499518e-05
-2.610000e+00	3.502193e-05
-2.607500e+00	3.504871e-05
-2.605000e+00	3.507553e-05
-2.602500e+00	3.510239e-05
-2.600000e+00	3.512929e-05
-2.597500e+00	3.515624e-05
-2.595000e+00	3.518322e-05
-2.592500e+00	3.521024e-05
-2.590000e+00	3.523731e-05
-2.587500e+00	3.526441e-05
-2.585000e+00	3.529156e-05
-2.582500e+00	3.531875e-05
-2.580000e+00	3.534598e-05
-2.577500e+00	3.537325e-05
-2.575000e+00	3.540056e-05
-2.572500e+00	3.542791e-05
-2.570000e+00	3.545530e-05
-2.567500e+00	3.548274e-05
-2.565000e+00	3.551022e-05
-2.562500e+00	3.553774e-05
-2.560000e+00	3.556530e-05
-2.557500e+00	3.559290e-05
-2.555000e+00	3.562055e-05
-2.552500e+00	3.564824e-05
-2.550000e+00	3.567597e-05
-2.547500e+00	3.570374e-05
-2.545000e+00	3.573156e-05
-2.542500e+00	3.575941e-05
-2.540000e+00	3.578731e-05
-2.537500e+00	3.581526e-05
-2.535000e+00	3.584325e-05
-2.532500e+00	3.587127e-05
-2.530000e+00	3.589935e-05
-2.527500e+00	3.592746e-05
-2.525000e+00	3.595562e-05
-2.522500e+00	3.598383e-05
-2.520000e+00	3.601207e-05
-2.517500e+00	3.604036e-05
-2.515000e+00	3.606870e-05
-2.512500e+00	3.609708e-05
-2.510000e+00	3.612550e-05
-2.507500e+00	3.615397e-05
-2.505000e+00	3.618248e-05
-2.502500e+00	3.621103e-05
-2.500000e+00	3.623963e-05
-2.497500e+00	3.626827e-05
-2.495000e+00	3.629696e-05
-2.492500e+00	3.632570e-05
-2.490000e+00	3.635448e-05
-2.487500e+00	3.638330e-05
-2.485000e+00	3.641217e-05
-2.482500e+00	3.644108e-05
-2.480000e+00	3.647004e-05
-2.477500e+00	3.649904e-05
-2.475000e+00	3.652809e-05
-2.472500e+00	3.655719e-05
-2.470000e+00	3.658633e-05
-2.467500e+00	3.661552e-05
-2.465000e+00	3.664475e-05
-2.462500e+00	3.667403e-05
-2.460000e+00	3.670336e-05
-2.457500e+00	3.673273e-05
-2.455000e+00	3.676215e-05
-2.452500e+00	3.679161e-05
-2.450000e+00	3.682112e-05
-2.447500e+00	3.685068e-05
-2.445000e+00	3.688029e-05
-2.442500e+00	3.690994e-05
-2.440000e+00	3.693964e-05
-2.437500e+00	3.696939e-05
-2.435000e+00	3.699918e-05
-2.432500e+00	3.702902e-05
-2.430000e+00	3.705891e-05
-2.427500e+00	3.708885e-05
-2.425000e+00	3.711884e-05
-2.422500e+00	3.714887e-05
-2.420000e+00	3.717895e-05
-2.417500e+00	3.720908e-05
-2.415000e+00	3.723926e-05
-2.412500e+00	3.726949e-05
-2.410000e+00	3.729976e-05
-2.407500e+00	3.733008e-05
-2.405000e+00	3.736046e-05
-2.402500e+00	3.739088e-05
-2.400000e+00	3.742135e-05
-2.397500e+00	3.745187e-05
-2.395000e+00	3.748244e-05
-2.392500e+00	3.751306e-05
-2.390000e+00	3.754372e-05
-2.387500e+00	3.757444e-05
-2.385000e+00	3.760521e-05
-2.382500e+00	3.763603e-05
-2.380000e+00	3.766690e-05
-2.377500e+00	3.769781e-05
-2.375000e+00	3.772878e-05
-2.372500e+00	3.775980e-05
-2.370000e+00	3.779087e-05
-2.367500e+00	3.782199e-05
-2.365000e+00	3.785316e-05
-2.362500e+00	3.788438e-05
-2.360000e+00	3.791566e-05
-2.357500e+00	3.794698e-05
-2.355000e+00	3.797836e-05
-2.352500e+00	3.800978e-05
-2.350000e+00	3.804126e-05
-2.347500e+00	3.807279e-05
-2.345000e+00	3.810438e-05
-2.342500e+00	3.813601e-05
-2.340000e+00	3.816770e-05
-2.337500e+00	3.819944e-05
-2.335000e+00	3.823123e-05
-2.332500e+00	3.826307e-05
-2.330000e+00	3.829497e-05
-2.327500e+00	3.832692e-05
-2.325000e+00	3.835892e-05
-2.322500e+00	3.839098e-05
-2.320000e+00	3.842309e-05
-2.317500e+00	3.845525e-05
-2.315000e+00	3.848747e-05
-2.312500e+00	3.851974e-05
-2.310000e+00	3.855206e-05
-2.307500e+00	3.858444e-05
-2.305000e+00	3.861687e-05
-2.302500e+00	3.864935e-05
-2.300000e+00	3.868189e-05
-2.297500e+00	3.871449e-05
-2.295000e+00	3.874714e-05
-2.292500e+00	3.877984e-05
-2.290000e+00	3.881260e-05
-2.287500e+00	3.884542e-05
-2.285000e+00	3.887829e-05
-2.282500e+00	3.891121e-05
-2.280000e+00	3.894419e-05
-2.277500e+00	3.897723e-05
-2.275000e+00	3.901032e-05
-2.272500e+00	3.904347e-05
-2.270000e+00	3.907667e-05
-2.267500e+00	3.910993e-05
-2.265000e+00	3.914325e-05
-2.262500e+00	3.917662e-05
-2.260000e+00	3.921005e-05
-2.257500e+00	3.924354e-05
-2.255000e+00	3.927708e-05
-2.252500e+00	3.931069e-05
-2.250000e+00	3.934434e-05
-2.247500e+00	3.937806e-05
-2.245000e+00	3.941183e-05
-2.242500e+00	3.944567e-05
-2.240000e+00	3.947956e-05
-2.237500e+00	3.951350e-05
-2.235000e+00	3.954751e-05
-2.232500e+00	3.958157e-05
-2.230000e+00	3.961570e-05
-2.227500e+00	3.964988e-05
-2.225000e+00	3.968412e-05
-2.222500e+00	3.971842e-05
-2.220000e+00	3.975278e-05
-2.217500e+00	3.978719e-05
-2.215000e+00	3.982167e-05
-2.212500e+00	3.985621e-05
-2.210000e+00	3.989080e-05
-2.207500e+00	3.992546e-05
-2.205000e+00	3.996018e-05
-2.202500e+00	3.999496e-05
-2.200000e+00	4.002979e-05
-2.197500e+00	4.006469e-05
-2.195000e+00	4.009965e-05
-2.192500e+00	4.013467e-05
-2.190000e+00	4.016975e-05
-2.187500e+00	4.020490e-05
-2.185000e+00	4.024010e-05
-2.182500e+00	4.027537e-05
-2.180000e+00	4.031069e-05
-2.177500e+00	4.034608e-05
-2.175000e+00	4.038154e-05
-2.172500e+00	4.041705e-05
-2.170000e+00	4.045263e-05
-2.167500e+00	4.048827e-05
-2.165000e+00	4.052397e-05
-2.162500e+00	4.055973e-05
-2.160000e+00	4.059556e-05
-2.157500e+00	4.063145e-05
-2.155000e+00	4.066741e-05
-2.152500e+00	4.070343e-05
-2.150000e+00	4.073951e-05
-2.147500e+00	4.077566e-05
-2.145000e+00	4.081187e-05
-2.142500e+00	4.084814e-05
-2.140000e+00	4.088448e-05
-2.137500e+00	4.092089e-05
-2.135000e+00	4.095736e-05
-2.132500e+00	4.099389e-05
-2.130000e+00	4.103049e-05
-2.127500e+00	4.106716e-05
-2.125000e+00	4.110389e-05
-2.122500e+00	4.114069e-05
-2.120000e+00	4.117755e-05
-2.117500e+00	4.121448e-05
-2.115000e+00	4.125147e-05
-2.112500e+00	4.128854e-05
-2.110000e+00	4.132566e-05
-2.107500e+00	4.136286e-05
-2.105000e+00	4.140012e-05
-2.102500e+00	4.143745e-05
-2.100000e+00	4.147485e-05
-2.097500e+00	4.151232e-05
-2.095000e+00	4.154985e-05
-2.092500e+00	4.158745e-05
-2.090000e+00	4.162512e-05
-2.087500e+00	4.166286e-05
-2.085000e+00	4.170067e-05
-2.082500e+00	4.173854e-05
-2.080000e+00	4.177649e-05
-2.077500e+00	4.181450e-05
-2.075000e+00	4.185259e-05
-2.072500e+00	4.189074e-05
-2.070000e+00	4.192896e-05
-2.067500e+00	4.196726e-05
-2.065000e+00	4.200562e-05
-2.062500e+00	4.204406e-05
-2.060000e+00	4.208256e-05
-2.057500e+00	4.212114e-05
-2.055000e+00	4.215978e-05
-2.052500e+00	4.219850e-05
-2.050000e+00	4.223729e-05
-2.047500e+00	4.227615e-05
-2.045000e+00	4.231508e-05
-2.042500e+00	4.235409e-05
-2.040000e+00	4.239316e-05
-2.037500e+00	4.243231e-05
-2.035000e+00	4.247154e-05
-2.032500e+00	4.251083e-05
-2.030000e+00	4.255020e-05
-2.027500e+00	4.258964e-05
-2.025000e+00	4.262916e-05
-2.022500e+00	4.266874e-05
-2.020000e+00	4.270841e-05
-2.017500e+00	4.274814e-05
-2.015000e+00	4.278796e-05
-2.012500e+00	4.282784e-05
-2.010000e+00	4.286780e-05
-2.007500e+00	4.290784e-05
-2.005000e+00	4.294795e-05
-2.002500e+00	4.298814e-05
-2.000000e+00	4.302840e-05
-1.997500e+00	4.306874e-05
-1.995000e+00	4.310915e-05
-1.992500e+00	4.314964e-05
-1.990000e+00	4.319021e-05
-1.987500e+00	4.323085e-05
-1.985000e+00	4.327157e-05
-1.982500e+00	4.331237e-05
-1.980000e+00	4.335325e-05
-1.977500e+00	4.339420e-05
-1.975000e+00	4.343523e-05
-1.972500e+00	4.347634e-05
-1.970000e+00	4.351753e-05
-1.967500e+00	4.355879e-05
-1.965000e+00	4.360014e-05
-1.962500e+00	4.364156e-05
-1.960000e+00	4.368307e-05
-1.957500e+00	4.372465e-05
-1.955000e+00	4.376631e-05
-1.952500e+00	4.380806e-05
-1.950000e+00	4.384988e-05
-1.947500e+00	4.389179e-05
-1.945000e+00	4.393377e-05
-1.942500e+00	4.397584e-05
-1.940000e+00	4.401798e-05
-1.937500e+00	4.406021e-05
-1.935000e+00	4.410252e-05
-1.932500e+00	4.414491e-05
-1.930000e+00	4.418739e-05
-1.927500e+00	4.422994e-05
-1.925000e+00	4.427258e-05
-1.922500e+00	4.431531e-05
-1.920000e+00	4.435811e-05
-1.917500e+00	4.440100e-05
-1.915000e+00	4.444397e-05
-1.912500e+00	4.448703e-05
-1.910000e+00	4.453017e-05
-1.907500e+00	4.457340e-05
-1.905000e+00	4.461671e-05
-1.902500e+00	4.466010e-05
-1.900000e+00	4.470358e-05
-1.897500e+00	4.474715e-05
-1.895000e+00	4.479080e-05
-1.892500e+00	4.483454e-05
-1.890000e+00	4.487836e-05
-1.887500e+00	4.492227e-05
-1.885000e+00	4.496627e-05
-1.882500e+00	4.501035e-05
-1.880000e+00	4.505452e-05
-1.877500e+00	4.509878e-05
-1.875000e+00	4.514313e-05
-1.872500e+00	4.518756e-05
-1.870000e+00	4.523209e-05
-1.867500e+00	4.527670e-05
-1.865000e+00	4.532140e-05
-1.862500e+00	4.536619e-05
-1.860000e+00	4.541107e-05
-1.857500e+00	4.545604e-05
-1.855000e+00	4.550110e-05
-1.852500e+00	4.554625e-05
-1.850000e+00	4.559149e-05
-1.847500e+00	4.563682e-05
-1.845000e+00	4.568224e-05
-1.842500e+00	4.572775e-05
-1.840000e+00	4.577336e-05
-1.837500e+00	4.581906e-05
-1.835000e+00	4.586485e-05
-1.832500e+00	4.591073e-05
-1.830000e+00	4.595670e-05
-1.827500e+00	4.600277e-05
-1.825000e+00	4.604893e-05
-1.822500e+00	4.609519e-05
-1.820000e+00	4.614154e-05
-1.817500e+00	4.618798e-05
-1.815000e+00	4.623452e-05
-1.812500e+00	4.628115e-05
-1.810000e+00	4.632788e-05
-1.807500e+00	4.637471e-05
-1.805000e+00	4.642163e-05
-1.802500e+00	4.646864e-05
-1.800000e+00	4.651575e-05
-1.797500e+00	4.656296e-05
-1.795000e+00	4.661027e-05
-1.792500e+00	4.665767e-05
-1.790000e+00	4.670517e-05
-1.787500e+00	4.675277e-05
-1.785000e+00	4.680047e-05
-1.782500e+00	4.684827e-05
-1.780000e+00	4.689616e-05
-1.777500e+00	4.694415e-05
-1.775000e+00	4.699225e-05
-1.772500e+00	4.704044e-05
-1.770000e+00	4.708873e-05
-1.767500e+00	4.713713e-05
-1.765000e+00	4.718562e-05
-1.762500e+00	4.723422e-05
-1.760000e+00	4.728292e-05
-1.757500e+00	4.733171e-05
-1.755000e+00	4.738062e-05
-1.752500e+00	4.742962e-05
-1.750000e+00	4.747872e-05
-1.747500e+00	4.752793e-05
-1.745000e+00	4.757725e-05
-1.742500e+00	4.762666e-05
-1.740000e+00	4.767618e-05
-1.737500e+00	4.772581e-05
-1.735000e+00	4.777554e-05
-1.732500e+00	4.782537e-05
-1.730000e+00	4.787531e-05
-1.727500e+00	4.792536e-05
-1.725000e+00	4.797551e-05
-1.722500e+00	4.802577e-05
-1.720000e+00	4.807613e-05
-1.717500e+00	4.812660e-05
-1.715000e+00	4.817718e-05
-1.712500e+00	4.822787e-05
-1.710000e+00	4.827867e-05
-1.707500e+00	4.832957e-05
-1.705000e+00	4.838058e-05
-1.702500e+00	4.843171e-05
-1.700000e+00	4.848294e-05
-1.697500e+00	4.853428e-05
-1.695000e+00	4.858573e-05
-1.692500e+00	4.863730e-05
-1.690000e+00	4.868897e-05
-1.687500e+00	4.874075e-05
-1.685000e+00	4.879265e-05
-1.682500e+00	4.884466e-05
-1.680000e+00	4.889678e-05
-1.677500e+00	4.894902e-05
-1.675000e+00	4.900137e-05
-1.672500e+00	4.905383e-05
-1.670000e+00	4.910640e-05
-1.667500e+00	4.915909e-05
-1.665000e+00	4.921190e-05
-1.662500e+00	4.926482e-05
-1.660000e+00	4.931785e-05
-1.657500e+00	4.937101e-05
-1.655000e+00	4.942427e-05
-1.652500e+00	4.947766e-05
-1.650000e+00	4.953116e-05
-1.647500e+00	4.958478e-05
-1.645000e+00	4.963852e-05
-1.642500e+00	4.969237e-05
-1.640000e+00	4.974635e-05
-1.637500e+00	4.980044e-05
-1.635000e+00	4.985465e-05
-1.632500e+00	4.990899e-05
-1.630000e+00	4.996344e-05
-1.627500e+00	5.001801e-05
-1.625000e+00	5.007271e-05
-1.622500e+00	5.012752e-05
-1.620000e+00	5.018246e-05
-1.617500e+00	5.023752e-05
-1.615000e+00	5.029271e-05
-1.612500e+00	5.034801e-05
-1.610000e+00	5.040344e-05
-1.607500e+00	5.045900e-05
-1.605000e+00	5.051468e-05
-1.602500e+00	5.057048e-05
-1.600000e+00	5.062641e-05
-1.597500e+00	5.068246e-05
-1.595000e+00	5.073864e-05
-1.592500e+00	5.079495e-05
-1.590000e+00	5.085139e-05
-1.587500e+00	5.090795e-05
-1.585000e+00	5.096464e-05
-1.582500e+00	5.102146e-05
-1.580000e+00	5.107840e-05
-1.577500e+00	5.113548e-05
-1.575000e+00	5.119268e-05
-1.572500e+00	5.125002e-05
-1.570000e+00	5.130749e-05
-1.567500e+00	5.136508e-05
-1.565000e+00	5.142281e-05
-1.562500e+00	5.148067e-05
-1.560000e+00	5.153867e-05
-1.557500e+00	5.159679e-05
-1.555000e+00	5.165505e-05
-1.552500e+00	5.171345e-05
-1.550000e+00	5.177197e-05
-1.547500e+00	5.183064e-05
-1.545000e+00	5.188943e-05
-1.542500e+00	5.194837e-05
-1.540000e+00	5.200744e-05
-1.537500e+00	5.206664e-05
-1.535000e+00	5.212599e-05
-1.532500e+00	5.218547e-05
-1.530000e+00	5.224508e-05
-1.527500e+00	5.230484e-05
-1.525000e+00	5.236474e-05
-1.522500e+00	5.242477e-05
-1.520000e+00	5.248495e-05
-1.517500e+00	5.254527e-05
-1.515000e+00	5.260572e-05
-1.512500e+00	5.266632e-05
-1.510000e+00	5.272706e-05
-1.507500e+00	5.278795e-05
-1.505000e+00	5.284897e-05
-1.502500e+00	5.291014e-05
-1.500000e+00	5.297146e-05
-1.497500e+00	5.303292e-05
-1.495000e+00	5.309452e-05
-1.492500e+00	5.315627e-05
-1.490000e+00	5.321816e-05
-1.487500e+00	5.328021e-05
-1.485000e+00	5.334240e-05
-1.482500e+00	5.340473e-05
-1.480000e+00	5.346722e-05
-1.477500e+00	5.352985e-05
-1.475000e+00	5.359264e-05
-1.472500e+00	5.365557e-05
-1.470000e+00	5.371865e-05
-1.467500e+00	5.378189e-05
-1.465000e+00	5.384527e-05
-1.462500e+00	5.390881e-05
-1.460000e+00	5.397250e-05
-1.457500e+00	5.403635e-05
-1.455000e+00	5.410034e-05
-1.452500e+00	5.416450e-05
-1.450000e+00	5.422880e-05
-1.447500e+00	5.429327e-05
-1.445000e+00	5.435788e-05
-1.442500e+00	5.442266e-05
-1.440000e+00	5.448759e-05
-1.437500e+00	5.455268e-05
-1.435000e+00	5.461793e-05
-1.432500e+00	5.468333e-05
-1.430000e+00	5.474890e-05
-1.427500e+00	5.481463e-05
-1.425000e+00	5.488051e-05
-1.422500e+00	5.494656e-05
-1.420000e+00	5.501277e-05
-1.417500e+00	5.507914e-05
-1.415000e+00	5.514568e-05
-1.412500e+00	5.521238e-05
-1.410000e+00	5.527924e-05
-1.407500e+00	5.534627e-05
-1.405000e+00	5.541346e-05
-1.402500e+00	5.548082e-05
-1.400000e+00	5.554834e-05
-1.397500e+00	5.561604e-05
-1.395000e+00	5.568390e-05
-1.392500e+00	5.575193e-05
-1.390000e+00	5.582013e-05
-1.387500e+00	5.588850e-05
-1.385000e+00	5.595703e-05
-1.382500e+00	5.602574e-05
-1.380000e+00	5.609463e-05
-1.377500e+00	5.616368e-05
-1.375000e+00	5.623291e-05
-1.372500e+00	5.630231e-05
-1.370000e+00	5.637189e-05
-1.367500e+00	5.644164e-05
-1.365000e+00	5.651156e-05
-1.362500e+00	5.658166e-05
-1.360000e+00	5.665194e-05
-1.357500e+00	5.672240e-05
-1.355000e+00	5.679304e-05
-1.352500e+00	5.686385e-05
-1.350000e+00	5.693484e-05
-1.347500e+00	5.700602e-05
-1.345000e+00	5.707738e-05
-1.342500e+00	5.714891e-05
-1.340000e+00	5.722063e-05
-1.337500e+00	5.729254e-05
-1.335000e+00	5.736462e-05
-1.332500e+00	5.743690e-05
-1.330000e+00	5.750935e-05
-1.327500e+00	5.758200e-05
-1.325000e+00	5.765483e-05
-1.322500e+00	5.772784e-05
-1.320000e+00	5.780105e-05
-1.317500e+00	5.787444e-05
-1.315000e+00	5.794803e-05
-1.312500e+00	5.802180e-05
-1.310000e+00	5.809577e-05
-1.307500e+00	5.816992e-05
-1.305000e+00	5.824428e-05
-1.302500e+00	5.831882e-05
-1.300000e+00	5.839356e-05
-1.297500e+00	5.846849e-05
-1.295000e+00	5.854362e-05
-1.292500e+00	5.861894e-05
-1.290000e+00	5.869446e-05
-1.287500e+00	5.877018e-05
-1.285000e+00	5.884610e-05
-1.282500e+00	5.892222e-05
-1.280000e+00	5.899854e-05
-1.277500e+00	5.907506e-05
-1.275000e+00	5.915178e-05
-1.272500e+00	5.922870e-05
-1.270000e+00	5.930583e-05
-1.267500e+00	5.938316e-05
-1.265000e+00	5.946070e-05
-1.262500e+00	5.953844e-05
-1.260000e+00	5.961639e-05
-1.257500e+00	5.969455e-05
-1.255000e+00	5.977292e-05
-1.252500e+00	5.985149e-05
-1.250000e+00	5.993028e-05
-1.247500e+00	6.000928e-05
-1.245000e+00	6.008848e-05
-1.242500e+00	6.016790e-05
-1.240000e+00	6.024754e-05
-1.237500e+00	6.032739e-05
-1.235000e+00	6.040745e-05
-1.232500e+00	6.048773e-05
-1.230000e+00	6.056823e-05
-1.227500e+00	6.064894e-05
-1.225000e+00	6.072987e-05
-1.222500e+00	6.081103e-05
-1.220000e+00	6.089240e-05
-1.217500e+00	6.097400e-05
-1.215000e+00	6.105581e-05
-1.212500e+00	6.113785e-05
-1.210000e+00	6.122012e-05
-1.207500e+00	6.130261e-05
-1.205000e+00	6.138532e-05
-1.202500e+00	6.146826e-05
-1.200000e+00	6.155143e-05
-1.197500e+00	6.163483e-05
-1.195000e+00	6.171846e-05
-1.192500e+00	6.180232e-05
-1.190000e+00	6.188641e-05
-1.187500e+00	6.197073e-05
-1.185000e+00	6.205529e-05
-1.182500e+00	6.214008e-05
-1.180000e+00	6.222511e-05
-1.177500e+00	6.231037e-05
-1.175000e+00	6.239587e-05
-1.172500e+00	6.248161e-05
-1.170000e+00	6.256759e-05
-1.167500e+00	6.265380e-05
-1.165000e+00	6.274026e-05
-1.162500e+00	6.282696e-05
-1.160000e+00	6.291391e-05
-1.157500e+00	6.300110e-05
-1.155000e+00	6.308853e-05
-1.152500e+00	6.317622e-05
-1.150000e+00	6.326414e-05
-1.147500e+00	6.335232e-05
-1.145000e+00	6.344075e-05
-1.142500e+00	6.352943e-05
-1.140000e+00	6.361835e-05
-1.137500e+00	6.370754e-05
-1.135000e+00	6.379697e-05
-1.132500e+00	6.388666e-05
-1.130000e+00	6.397661e-05
-1.127500e+00	6.406681e-05
-1.125000e+00	6.415727e-05
-1.122500e+00	6.424800e-05
-1.120000e+00	6.433898e-05
-1.117500e+00	6.443022e-05
-1.115000e+00	6.452172e-05
-1.112500e+00	6.461349e-05
-1.110000e+00	6.470553e-05
-1.107500e+00	6.479783e-05
-1.105000e+00	6.489039e-05
-1.102500e+00	6.498323e-05
-1.100000e+00	6.507633e-05
-1.097500e+00	6.516971e-05
-1.095000e+00	6.526335e-05
-1.092500e+00	6.535727e-05
-1.090000e+00	6.545147e-05
-1.087500e+00	6.554594e-05
-1.085000e+00	6.564068e-05
-1.082500e+00	6.573571e-05
-1.080000e+00	6.583101e-05
-1.077500e+00	6.592659e-05
-1.075000e+00	6.602245e-05
-1.072500e+00	6.611860e-05
-1.070000e+00	6.621503e-05
-1.067500e+00	6.631174e-05
-1.065000e+00	6.640874e-05
-1.062500e+00	6.650603e-05
-1.060000e+00	6.660361e-05
-1.057500e+00	6.670148e-05
-1.055000e+00	6.679964e-05
-1.052500e+00	6.689809e-05
-1.050000e+00	6.699683e-05
-1.047500e+00	6.709587e-05
-1.045000e+00	6.719521e-05
-1.042500e+00	6.729485e-05
-1.040000e+00	6.739478e-05
-1.037500e+00	6.749501e-05
-1.035000e+00	6.759555e-05
-1.032500e+00	6.769639e-05
-1.030000e+00	6.779753e-05
-1.027500e+00	6.789898e-05
-1.025000e+00	6.800074e-05
-1.022500e+00	6.810281e-05
-1.020000e+00	6.820518e-05
-1.017500e+00	6.830787e-05
-1.015000e+00	6.841087e-05
-1.012500e+00	6.851419e-05
-1.010000e+00	6.861782e-05
-1.007500e+00	6.872176e-05
-1.005000e+00	6.882603e-05
-1.002500e+00	6.893061e-05
-1.000000e+00	6.903552e-05
-9.975000e-01	6.914075e-05
-9.950000e-01	6.924630e-05
-9.925000e-01	6.935218e-05
-9.900000e-01	6.945839e-05
-9.875000e-01	6.956493e-05
-9.850000e-01	6.967179e-05
-9.825000e-01	6.977899e-05
-9.800000e-01	6.988652e-05
-9.775000e-01	6.999439e-05
-9.750000e-01	7.010259e-05
-9.725000e-01	7.021113e-05
-9.700000e-01	7.032001e-05
-9.675000e-01	7.042923e-05
-9.650000e-01	7.053880e-05
-9.625000e-01	7.064870e-05
-9.600000e-01	7.075896e-05
-9.575000e-01	7.086956e-05
-9.550000e-01	7.098051e-05
-9.525000e-01	7.109181e-05
-9.500000e-01	7.120346e-05
-9.475000e-01	7.131547e-05
-9.450000e-01	7.142783e-05
-9.425000e-01	7.154055e-05
-9.400000e-01	7.165363e-05
-9.375000e-01	7.176707e-05
-9.350000e-01	7.188087e-05
-9.325000e-01	7.199503e-05
-9.300000e-01	7.210957e-05
-9.275000e-01	7.222446e-05
-9.250000e-01	7.233973e-05
-9.225000e-01	7.245537e-05
-9.200000e-01	7.257138e-05
-9.175000e-01	7.268777e-05
-9.150000e-01	7.280453e-05
-9.125000e-01	7.292167e-05
-9.100000e-01	7.303919e-05
-9.075000e-01	7.315709e-05
-9.050000e-01	7.327537e-05
-9.025000e-01	7.339404e-05
-9.000000e-01	7.351310e-05
-8.975000e-01	7.363254e-05
-8.950000e-01	7.375238e-05
-8.925000e-01	7.387261e-05
-8.900000e-01	7.399323e-05
-8.875000e-01	7.411425e-05
-8.850000e-01	7.423567e-05
-8.825000e-01	7.435749e-05
-8.800000e-01	7.447971e-05
-8.775000e-01	7.460234e-05
-8.750000e-01	7.472537e-05
-8.725000e-01	7.484881e-05
-8.700000e-01	7.497266e-05
-8.675000e-01	7.509692e-05
-8.650000e-01	7.522160e-05
-8.625000e-01	7.534669e-05
-8.600000e-01	7.547220e-05
-8.575000e-01	7.559813e-05
-8.550000e-01	7.572448e-05
-8.525000e-01	7.585126e-05
-8.500000e-01	7.597846e-05
-8.475000e-01	7.610609e-05
-8.450000e-01	7.623415e-05
-8.425000e-01	7.636265e-05
-8.400000e-01	7.649158e-05
-8.375000e-01	7.662095e-05
-8.350000e-01	7.675075e-05
-8.325000e-01	7.688100e-05
-8.300000e-01	7.701169e-05
-8.275000e-01	7.714283e-05
-8.250000e-01	7.727442e-05
-8.225000e-01	7.740645e-05
-8.200000e-01	7.753894e-05
-8.175000e-01	7.767188e-05
-8.150000e-01	7.780528e-05
-8.125000e-01	7.793914e-05
-8.100000e-01	7.807346e-05
-8.075000e-01	7.820825e-05
-8.050000e-01	7.834350e-05
-8.025000e-01	7.847922e-05
-8.000000e-01	7.861541e-05
-7.975000e-01	7.875208e-05
-7.950000e-01	7.888922e-05
-7.925000e-01	7.902684e-05
-7.900000e-01	7.916494e-05
-7.875000e-01	7.930352e-05
-7.850000e-01	7.944259e-05
-7.825000e-01	7.958215e-05
-7.800000e-01	7.972219e-05
-7.775000e-01	7.986273e-05
-7.750000e-01	8.000377e-05
-7.725000e-01	8.014530e-05
-7.700000e-01	8.028734e-05
-7.675000e-01	8.042988e-05
-7.650000e-01	8.057292e-05
-7.625000e-01	8.071647e-05
-7.600000e-01	8.086054e-05
-7.575000e-01	8.100512e-05
-7.550000e-01	8.115021e-05
-7.525000e-01	8.129583e-05
-7.500000e-01	8.144196e-05
-7.475000e-01	8.158862e-05
-7.450000e-01	8.173581e-05
-7.425000e-01	8.188353e-05
-7.400000e-01	8.203178e-05
-7.375000e-01	8.218057e-05
-7.350000e-01	8.232989e-05
-7.325000e-01	8.247976e-05
-7.300000e-01	8.263017e-05
-7.275000e-01	8.278113e-05
-7.250000e-01	8.293263e-05
-7.225000e-01	8.308469e-05
-7.200000e-01	8.323731e-05
-7.175000e-01	8.339049e-05
-7.150000e-01	8.354422e-05
-7.125000e-01	8.369852e-05
-7.100000e-01	8.385339e-05
-7.075000e-01	8.400883e-05
-7.050000e-01	8.416485e-05
-7.025000e-01	8.432144e-05
-7.000000e-01	8.447861e-05
-6.975000e-01	8.463636e-05
-6.950000e-01	8.479470e-05
-6.925000e-01	8.495363e-05
-6.900000e-01	8.511316e-05
-6.875000e-01	8.527328e-05
-6.850000e-01	8.543399e-05
-6.825000e-01	8.559531e-05
-6.800000e-01	8.575724e-05
-6.775000e-01	8.591977e-05
-6.750000e-01	8.608292e-05
-6.725000e-01	8.624668e-05
-6.700000e-01	8.641106e-05
-6.675000e-01	8.657606e-05
-6.650000e-01	8.674169e-05
-6.625000e-01	8.690795e-05
-6.600000e-01	8.707484e-05
-6.575000e-01	8.724236e-05
-6.550000e-01	8.741053e-05
-6.525000e-01	8.757934e-05
-6.500000e-01	8.774879e-05
-6.475000e-01	8.791890e-05
-6.450000e-01	8.808966e-05
-6.425000e-01	8.826108e-05
-6.400000e-01	8.843315e-05
-6.375000e-01	8.860590e-05
-6.350000e-01	8.877931e-05
-6.325000e-01	8.895339e-05
-6.300000e-01	8.912815e-05
-6.275000e-01	8.930359e-05
-6.250000e-01	8.947971e-05
-6.225000e-01	8.965652e-05
-6.200000e-01	8.983402e-05
-6.175000e-01	9.001222e-05
-6.150000e-01	9.019112e-05
-6.125000e-01	9.037072e-05
-6.100000e-01	9.055102e-05
-6.075000e-01	9.073204e-05
-6.050000e-01	9.091377e-05
-6.025000e-01	9.109623e-05
-6.000000e-01	9.127940e-05
-5.975000e-01	9.146330e-05
-5.950000e-01	9.164794e-05
-5.925000e-01	9.183331e-05
-5.900000e-01	9.201942e-05
-5.875000e-01	9.220627e-05
-5.850000e-01	9.239388e-05
-5.825000e-01	9.258223e-05
-5.800000e-01	9.277135e-05
-5.775000e-01	9.296122e-05
-5.750000e-01	9.315186e-05
-5.725000e-01	9.334328e-05
-5.700000e-01	9.353546e-05
-5.675000e-01	9.372843e-05
-5.650000e-01	9.392218e-05
-5.625000e-01	9.411672e-05
-5.600000e-01	9.431205e-05
-5.575000e-01	9.450818e-05
-5.550000e-01	9.470512e-05
-5.525000e-01	9.490286e-05
-5.500000e-01	9.510141e-05
-5.475000e-01	9.530078e-05
-5.450000e-01	9.550097e-05
-5.425000e-01	9.570199e-05
-5.400000e-01	9.590384e-05
-5.375000e-01	9.610653e-05
-5.350000e-01	9.631006e-05
-5.325000e-01	9.651443e-05
-5.300000e-01	9.671966e-05
-5.275000e-01	9.692574e-05
-5.250000e-01	9.713268e-05
-5.225000e-01	9.734049e-05
-5.200000e-01	9.754918e-05
-5.175000e-01	9.775874e-05
-5.150000e-01	9.796918e-05
-5.125000e-01	9.818051e-05
-5.100000e-01	9.839273e-05
-5.075000e-01	9.860586e-05
-5.050000e-01	9.881988e-05
-5.025000e-01	9.903482e-05
-5.000000e-01	9.925067e-05
-4.975000e-01	9.946745e-05
-4.950000e-01	9.968515e-05
-4.925000e-01	9.990378e-05
-4.900000e-01	1.001233e-04
-4.875000e-01	1.003439e-04
-4.850000e-01	1.005653e-04
-4.825000e-01	1.007877e-04
-4.800000e-01	1.010111e-04
-4.775000e-01	1.012355e-04
-4.750000e-01	1.014608e-04
-4.725000e-01	1.016871e-04
-4.700000e-01	1.019144e-04
-4.675000e-01	1.021426e-04
-4.650000e-01	1.023719e-04
-4.625000e-01	1.026022e-04
-4.600000e-01	1.028335e-04
-4.575000e-01	1.030658e-04
-4.550000e-01	1.032991e-04
-4.525000e-01	1.035335e-04
-4.500000e-01	1.037689e-04
-4.475000e-01	1.040053e-04
-4.450000e-01	1.042428e-04
-4.425000e-01	1.044813e-04
-4.400000e-01	1.047209e-04
-4.375000e-01	1.049616e-04
-4.350000e-01	1.052033e-04
-4.325000e-01	1.054462e-04
-4.300000e-01	1.056901e-04
-4.275000e-01	1.059351e-04
-4.250000e-01	1.061812e-04
-4.225000e-01	1.064284e-04
-4.200000e-01	1.066768e-04
-4.175000e-01	1.069262e-04
-4.150000e-01	1.071768e-04
-4.125000e-01	1.074286e-04
-4.100000e-01	1.076815e-04
-4.075000e-01	1.079355e-04
-4.050000e-01	1.081907e-04
-4.025000e-01	1.084471e-04
-4.000000e-01	1.087047e-04
-3.975000e-01	1.089634e-04
-3.950000e-01	1.092233e-04
-3.925000e-01	1.094844e-04
-3.900000e-01	1.097468e-04
-3.875000e-01	1.100103e-04
-3.850000e-01	1.102751e-04
-3.825000e-01	1.105411e-04
-3.800000e-01	1.108084e-04
-3.775000e-01	1.110769e-04
-3.750000e-01	1.113466e-04
-3.725000e-01	1.116177e-04
-3.700000e-01	1.118900e-04
-3.675000e-01	1.121635e-04
-3.650000e-01	1.124384e-04
-3.625000e-01	1.127146e-04
-3.600000e-01	1.129921e-04
-3.575000e-01	1.132708e-04
-3.550000e-01	1.135510e-04
-3.525000e-01	1.138324e-04
-3.500000e-01	1.141152e-04
-3.475000e-01	1.143994e-04
-3.450000e-01	1.146849e-04
-3.425000e-01	1.149718e-04
-3.400000e-01	1.152600e-04
-3.375000e-01	1.155497e-04
-3.350000e-01	1.158408e-04
-3.325000e-01	1.161332e-04
-3.300000e-01	1.164271e-04
-3.275000e-01	1.167224e-04
-3.250000e-01	1.170192e-04
-3.225000e-01	1.173174e-04
-3.200000e-01	1.176170e-04
-3.175000e-01	1.179182e-04
-3.150000e-01	1.182208e-04
-3.125000e-01	1.185249e-04
-3.100000e-01	1.188305e-04
-3.075000e-01	1.191376e-04
-3.050000e-01	1.194462e-04
-3.025000e-01	1.197564e-04
-3.000000e-01	1.200681e-04
-2.975000e-01	1.203813e-04
-2.950000e-01	1.206961e-04
-2.925000e-01	1.210125e-04
-2.900000e-01	1.213305e-04
-2.875000e-01	1.216501e-04
-2.850000e-01	1.219713e-04
-2.825000e-01	1.222941e-04
-2.800000e-01	1.226185e-04
-2.775000e-01	1.229446e-04
-2.750000e-01	1.232723e-04
-2.725000e-01	1.236017e-04
-2.700000e-01	1.239328e-04
-2.675000e-01	1.242656e-04
-2.650000e-01	1.246001e-04
-2.625000e-01	1.249363e-04
-2.600000e-01	1.252742e-04
-2.575000e-01	1.256139e-04
-2.550000e-01	1.259553e-04
-2.525000e-01	1.262984e-04
-2.500000e-01	1.266434e-04
-2.475000e-01	1.269902e-04
-2.450000e-01	1.273387e-04
-2.425000e-01	1.276891e-04
-2.400000e-01	1.280413e-04
-2.375000e-01	1.283953e-04
-2.350000e-01	1.287513e-04
-2.325000e-01	1.291090e-04
-2.300000e-01	1.294687e-04
-2.275000e-01	1.298303e-04
-2.250000e-01	1.301938e-04
-2.225000e-01	1.305592e-04
-2.200000e-01	1.309265e-04
-2.175000e-01	1.312958e-04
-2.150000e-01	1.316671e-04
-2.125000e-01	1.320404e-04
-2.100000e-01	1.324157e-04
-2.075000e-01	1.327930e-04
-2.050000e-01	1.331723e-04
-2.025000e-01	1.335537e-04
-2.000000e-01	1.339371e-04
-1.975000e-01	1.343226e-04
-1.950000e-01	1.347102e-04
-1.925000e-01	1.351000e-04
-1.900000e-01	1.354918e-04
-1.875000e-01	1.358858e-04
-1.850000e-01	1.362820e-04
-1.825000e-01	1.366803e-04
-1.800000e-01	1.370808e-04
-1.775000e-01	1.374836e-04
-1.750000e-01	1.378885e-04
-1.725000e-01	1.382957e-04
-1.700000e-01	1.387052e-04
-1.675000e-01	1.391170e-04
-1.650000e-01	1.395310e-04
-1.625000e-01	1.399474e-04
-1.600000e-01	1.403661e-04
-1.575000e-01	1.407871e-04
-1.550000e-01	1.412106e-04
-1.525000e-01	1.416364e-04
-1.500000e-01	1.420646e-04
-1.475000e-01	1.424953e-04
-1.450000e-01	1.429284e-04
-1.425000e-01	1.433639e-04
-1.400000e-01	1.438020e-04
-1.375000e-01	1.442425e-04
-1.350000e-01	1.446856e-04
-1.325000e-01	1.451313e-04
-1.300000e-01	1.455795e-04
-1.275000e-01	1.460303e-04
-1.250000e-01	1.464837e-04
-1.225000e-01	1.469397e-04
-1.200000e-01	1.473984e-04
-1.175000e-01	1.478597e-04
-1.150000e-01	1.483238e-04
-1.125000e-01	1.487905e-04
-1.100000e-01	1.492600e-04
-1.075000e-01	1.497323e-04
-1.050000e-01	1.502074e-04
-1.025000e-01	1.506852e-04
-1.000000e-01	1.511659e-04
-9.750000e-02	1.516494e-04
-9.500000e-02	1.521359e-04
-9.250000e-02	1.526252e-04
-9.000000e-02	1.531174e-04
-8.750000e-02	1.536126e-04
-8.500000e-02	1.541108e-04
-8.250000e-02	1.546120e-04
-8.000000e-02	1.551162e-04
-7.750000e-02	1.556234e-04
-7.500000e-02	1.561338e-04
-7.250000e-02	1.566472e-04
-7.000000e-02	1.571638e-04
-6.750000e-02	1.576835e-04
-6.500000e-02	1.582064e-04
-6.250000e-02	1.587325e-04
-6.000000e-02	1.592618e-04
-5.750000e-02	1.597944e-04
-5.500000e-02	1.603303e-04
-5.250000e-02	1.608696e-04
-5.000000e-02	1.614122e-04
-4.750000e-02	1.619581e-04
-4.500000e-02	1.625075e-04
-4.250000e-02	1.630603e-04
-4.000000e-02	1.636165e-04
-3.750000e-02	1.641763e-04
-3.500000e-02	1.647396e-04
-3.250000e-02	1.653065e-04
-3.000000e-02	1.658769e-04
-2.750000e-02	1.664510e-04
-2.500000e-02	1.670287e-04
-2.250000e-02	1.676102e-04
-2.000000e-02	1.681953e-04
-1.750000e-02	1.687842e-04
-1.500000e-02	1.693769e-04
-1.250000e-02	1.699734e-04
-1.000000e-02	1.705737e-04
-7.500000e-03	1.711780e-04
-5.000000e-03	1.717862e-04
-2.500000e-03	1.723983e-04
9.379164e-13	1.730144e-04
2.500000e-03	1.736346e-04
5.000000e-03	1.742588e-04
7.500000e-03	1.748872e-04
1.000000e-02	1.755197e-04
1.250000e-02	1.761563e-04
1.500000e-02	1.767972e-04
1.750000e-02	1.774424e-04
2.000000e-02	1.780918e-04
2.250000e-02	1.787456e-04
2.500000e-02	1.794038e-04
2.750000e-02	1.800664e-04
3.000000e-02	1.807334e-04
3.250000e-02	1.814050e-04
3.500000e-02	1.820811e-04
3.750000e-02	1.827618e-04
4.000000e-02	1.834471e-04
4.250000e-02	1.841371e-04
4.500000e-02	1.848318e-04
4.750000e-02	1.855313e-04
5.000000e-02	1.862355e-04
5.250000e-02	1.869447e-04
5.500000e-02	1.876587e-04
5.750000e-02	1.883777e-04
6.000000e-02	1.891017e-04
6.250000e-02	1.898307e-04
6.500000e-02	1.905649e-04
6.750000e-02	1.913041e-04
7.000000e-02	1.920486e-04
7.250000e-02	1.927983e-04
7.500000e-02	1.935533e-04
7.750000e-02	1.943136e-04
8.000000e-02	1.950793e-04
8.250000e-02	1.958505e-04
8.500000e-02	1.966272e-04
8.750000e-02	1.974095e-04
9.000000e-02	1.981974e-04
9.250000e-02	1.989909e-04
9.500000e-02	1.997902e-04
9.750000e-02	2.005952e-04
1.000000e-01	2.014061e-04
1.025000e-01	2.022229e-04
1.050000e-01	2.030456e-04
1.075000e-01	2.038744e-04
1.100000e-01	2.047093e-04
1.125000e-01	2.055502e-04
1.150000e-01	2.063974e-04
1.175000e-01	2.072509e-04
1.200000e-01	2.081107e-04
1.225000e-01	2.089769e-04
1.250000e-01	2.098496e-04
1.275000e-01	2.107288e-04
1.300000e-01	2.116145e-04
1.325000e-01	2.125070e-04
1.350000e-01	2.134062e-04
1.375000e-01	2.143122e-04
1.400000e-01	2.152251e-04
1.425000e-01	2.161449e-04
1.450000e-01	2.170717e-04
1.475000e-01	2.180056e-04
1.500000e-01	2.189467e-04
1.525000e-01	2.198951e-04
1.550000e-01	2.208508e-04
1.575000e-01	2.218138e-04
1.600000e-01	2.227844e-04
1.625000e-01	2.237625e-04
1.650000e-01	2.247483e-04
1.675000e-01	2.257418e-04
1.700000e-01	2.267430e-04
1.725000e-01	2.277522e-04
1.750000e-01	2.287694e-04
1.775000e-01	2.297946e-04
1.800000e-01	2.308280e-04
1.825000e-01	2.318696e-04
1.850000e-01	2.329196e-04
1.875000e-01	2.339779e-04
1.900000e-01	2.350448e-04
1.925000e-01	2.361203e-04
1.950000e-01	2.372046e-04
1.975000e-01	2.382976e-04
2.000000e-01	2.393995e-04
2.025000e-01	2.405104e-04
2.050000e-01	2.416305e-04
2.075000e-01	2.427597e-04
2.100000e-01	2.438982e-04
2.125000e-01	2.450462e-04
2.150000e-01	2.462037e-04
2.175000e-01	2.473708e-04
2.200000e-01	2.485477e-04
2.225000e-01	2.497344e-04
2.250000e-01	2.509311e-04
2.275000e-01	2.521379e-04
2.300000e-01	2.533549e-04
2.325000e-01	2.545822e-04
2.350000e-01	2.558199e-04
2.375000e-01	2.570682e-04
2.400000e-01	2.583272e-04
2.425000e-01	2.595970e-04
2.450000e-01	2.608777e-04
2.475000e-01	2.621695e-04
2.500000e-01	2.634725e-04
2.525000e-01	2.647868e-04
2.550000e-01	2.661126e-04
2.575000e-01	2.674500e-04
2.600000e-01	2.687992e-04
2.625000e-01	2.701602e-04
2.650000e-01	2.715333e-04
2.675000e-01	2.729185e-04
2.700000e-01	2.743161e-04
2.725000e-01	2.757261e-04
2.750000e-01	2.771488e-04
2.775000e-01	2.785842e-04
2.800000e-01	2.800326e-04
2.825000e-01	2.814941e-04
2.850000e-01	2.829688e-04
2.875000e-01	2.844570e-04
2.900000e-01	2.859588e-04
2.925000e-01	2.874743e-04
2.950000e-01	2.890038e-04
2.975000e-01	2.905474e-04
3.000000e-01	2.921053e-04
3.025000e-01	2.936777e-04
3.050000e-01	2.952647e-04
3.075000e-01	2.968665e-04
3.100000e-01	2.984834e-04
3.125000e-01	3.001156e-04
3.150000e-01	3.017631e-04
3.175000e-01	3.034263e-04
3.200000e-01	3.051053e-04
3.225000e-01	3.068004e-04
3.250000e-01	3.085117e-04
3.275000e-01	3.102394e-04
3.300000e-01	3.119838e-04
3.325000e-01	3.137451e-04
3.350000e-01	3.155236e-04
3.375000e-01	3.173193e-04
3.400000e-01	3.191327e-04
3.425000e-01	3.209638e-04
3.450000e-01	3.228131e-04
3.475000e-01	3.246806e-04
3.500000e-01	3.265666e-04
3.525000e-01	3.284715e-04
3.550000e-01	3.303954e-04
3.575000e-01	3.323386e-04
3.600000e-01	3.343014e-04
3.625000e-01	3.362840e-04
3.650000e-01	3.382867e-04
3.675000e-01	3.403099e-04
3.700000e-01	3.423537e-04
3.725000e-01	3.444185e-04
3.750000e-01	3.465046e-04
3.775000e-01	3.486122e-04
3.800000e-01	3.507417e-04
3.825000e-01	3.528934e-04
3.850000e-01	3.550676e-04
3.875000e-01	3.572645e-04
3.900000e-01	3.594847e-04
3.925000e-01	3.617283e-04
3.950000e-01	3.639957e-04
3.975000e-01	3.662873e-04
4.000000e-01	3.686033e-04
4.025000e-01	3.709443e-04
4.050000e-01	3.733105e-04
4.075000e-01	3.757023e-04
4.100000e-01	3.781200e-04
4.125000e-01	3.805642e-04
4.150000e-01	3.830351e-04
4.175000e-01	3.855331e-04
4.200000e-01	3.880587e-04
4.225000e-01	3.906123e-04
4.250000e-01	3.931943e-04
4.275000e-01	3.958051e-04
4.300000e-01	3.984452e-04
4.325000e-01	4.011151e-04
4.350000e-01	4.038150e-04
4.375000e-01	4.065457e-04
4.400000e-01	4.093074e-04
4.425000e-01	4.121008e-04
4.450000e-01	4.149262e-04
4.475000e-01	4.177842e-04
4.500000e-01	4.206753e-04
4.525000e-01	4.236001e-04
4.550000e-01	4.265590e-04
4.575000e-01	4.295526e-04
4.600000e-01	4.325815e-04
4.625000e-01	4.356461e-04
4.650000e-01	4.387472e-04
4.675000e-01	4.418853e-04
4.700000e-01	4.450609e-04
4.725000e-01	4.482748e-04
4.750000e-01	4.515275e-04
4.775000e-01	4.548196e-04
4.800000e-01	4.581518e-04
4.825000e-01	4.615249e-04
4.850000e-01	4.649393e-04
4.875000e-01	4.683960e-04
4.900000e-01	4.718955e-04
4.925000e-01	4.754385e-04
4.950000e-01	4.790259e-04
4.975000e-01	4.826584e-04
5.000000e-01	4.863367e-04
5.025000e-01	4.900616e-04
5.050000e-01	4.938340e-04
5.075000e-01	4.976546e-04
5.100000e-01	5.015243e-04
5.125000e-01	5.054440e-04
5.150000e-01	5.094145e-04
5.175000e-01	5.134367e-04
5.200000e-01	5.175115e-04
5.225000e-01	5.216400e-04
5.250000e-01	5.258229e-04
5.275000e-01	5.300614e-04
5.300000e-01	5.343564e-04
5.325000e-01	5.387089e-04
5.350000e-01	5.431199e-04
5.375000e-01	5.475907e-04
5.400000e-01	5.521221e-04
5.425000e-01	5.567155e-04
5.450000e-01	5.613718e-04
5.475000e-01	5.660924e-04
5.500000e-01	5.708783e-04
5.525000e-01	5.757308e-04
5.550000e-01	5.806513e-04
5.575000e-01	5.856408e-04
5.600000e-01	5.907009e-04
5.625000e-01	5.958328e-04
5.650000e-01	6.010379e-04
5.675000e-01	6.063176e-04
5.700000e-01	6.116735e-04
5.725000e-01	6.171069e-04
5.750000e-01	6.226194e-04
5.775000e-01	6.282125e-04
5.800000e-01	6.338880e-04
5.825000e-01	6.396473e-04
5.850000e-01	6.454922e-04
5.875000e-01	6.514244e-04
5.900000e-01	6.574457e-04
5.925000e-01	6.635579e-04
5.950000e-01	6.697628e-04
5.975000e-01	6.760624e-04
6.000000e-01	6.824585e-04
6.025000e-01	6.889534e-04
6.050000e-01	6.955488e-04
6.075000e-01	7.022471e-04
6.100000e-01	7.090504e-04
6.125000e-01	7.159608e-04
6.150000e-01	7.229808e-04
6.175000e-01	7.301126e-04
6.200000e-01	7.373586e-04
6.225000e-01	7.447213e-04
6.250000e-01	7.522034e-04
6.275000e-01	7.598073e-04
6.300000e-01	7.675358e-04
6.325000e-01	7.753916e-04
6.350000e-01	7.833777e-04
6.375000e-01	7.914968e-04
6.400000e-01	7.997521e-04
6.425000e-01	8.081465e-04
6.450000e-01	8.166834e-04
6.475000e-01	8.253659e-04
6.500000e-01	8.341974e-04
6.525000e-01	8.431814e-04
6.550000e-01	8.523214e-04
6.575000e-01	8.616212e-04
6.600000e-01	8.710844e-04
6.625000e-01	8.807150e-04
6.650000e-01	8.905169e-04
6.675000e-01	9.004944e-04
6.700000e-01	9.106517e-04
6.725000e-01	9.209931e-04
6.750000e-01	9.315231e-04
6.775000e-01	9.422465e-04
6.800000e-01	9.531679e-04
6.825000e-01	9.642925e-04
6.850000e-01	9.756252e-04
6.875000e-01	9.871714e-04
6.900000e-01	9.989364e-04
6.925000e-01	1.010926e-03
6.950000e-01	1.023146e-03
6.975000e-01	1.035602e-03
7.000000e-01	1.048300e-03
7.025000e-01	1.061248e-03
7.050000e-01	1.074451e-03
7.075000e-01	1.087916e-03
7.100000e-01	1.101650e-03
7.125000e-01	1.115661e-03
7.150000e-01	1.129956e-03
7.175000e-01	1.144542e-03
7.200000e-01	1.159429e-03
7.225000e-01	1.174624e-03
7.250000e-01	1.190136e-03
7.275000e-01	1.205974e-03
7.300000e-01	1.222147e-03
7.325000e-01	1.238664e-03
7.350000e-01	1.255536e-03
7.375000e-01	1.272773e-03
7.400000e-01	1.290385e-03
7.425000e-01	1.308384e-03
7.450000e-01	1.326782e-03
7.475000e-01	1.345589e-03
7.500000e-01	1.364818e-03
7.525000e-01	1.384482e-03
7.550000e-01	1.404595e-03
7.575000e-01	1.425171e-03
7.600000e-01	1.446222e-03
7.625000e-01	1.467766e-03
7.650000e-01	1.489816e-03
7.675000e-01	1.512389e-03
7.700000e-01	1.535503e-03
7.725000e-01	1.559173e-03
7.750000e-01	1.583419e-03
7.775000e-01	1.608260e-03
7.800000e-01	1.633715e-03
7.825000e-01	1.659804e-03
7.850000e-01	1.686549e-03
7.875000e-01	1.713973e-03
7.900000e-01	1.742098e-03
7.925000e-01	1.770949e-03
7.950000e-01	1.800550e-03
7.975000e-01	1.830930e-03
8.000000e-01	1.862114e-03
8.025000e-01	1.894132e-03
8.050000e-01	1.927014e-03
8.075000e-01	1.960792e-03
8.100000e-01	1.995498e-03
8.125000e-01	2.031167e-03
8.150000e-01	2.067835e-03
8.175000e-01	2.105540e-03
8.200000e-01	2.144321e-03
8.225000e-01	2.184220e-03
8.250000e-01	2.225280e-03
8.275000e-01	2.267547e-03
8.300000e-01	2.311070e-03
8.325000e-01	2.355898e-03
8.350000e-01	2.402084e-03
8.375000e-01	2.449684e-03
8.400000e-01	2.498756e-03
8.425000e-01	2.549363e-03
8.450000e-01	2.601568e-03
8.475000e-01	2.655439e-03
8.500000e-01	2.711050e-03
8.525000e-01	2.768476e-03
8.550000e-01	2.827796e-03
8.575000e-01	2.889095e-03
8.600000e-01	2.952463e-03
8.625000e-01	3.017994e-03
8.650000e-01	3.085787e-03
8.675000e-01	3.155949e-03
8.700000e-01	3.228590e-03
8.725000e-01	3.303830e-03
8.750000e-01	3.381794e-03
8.775000e-01	3.462616e-03
8.800000e-01	3.546437e-03
8.825000e-01	3.633408e-03
8.850000e-01	3.723688e-03
8.875000e-01	3.817448e-03
8.900000e-01	3.914870e-03
8.925000e-01	4.016147e-03
8.950000e-01	4.121486e-03
8.975000e-01	4.231105e-03
9.000000e-01	4.345242e-03
9.025000e-01	4.464148e-03
9.050000e-01	4.588093e-03
9.075000e-01	4.717366e-03
9.100000e-01	4.852276e-03
9.125000e-01	4.993157e-03
9.150000e-01	5.140366e-03
9.175000e-01	5.294288e-03
9.200000e-01	5.455339e-03
9.225000e-01	5.623964e-03
9.250000e-01	5.800648e-03
9.275000e-01	5.985911e-03
9.300000e-01	6.180319e-03
9.325000e-01	6.384482e-03
9.350000e-01	6.599065e-03
9.375000e-01	6.824789e-03
9.400000e-01	7.062439e-03
9.425000e-01	7.312868e-03
9.450000e-01	7.577010e-03
9.475000e-01	7.855883e-03
9.500000e-01	8.150603e-03
9.525000e-01	8.462392e-03
9.550000e-01	8.792593e-03
9.575000e-01	9.142683e-03
9.600000e-01	9.514289e-03
9.625000e-01	9.909208e-03
9.650000e-01	1.032943e-02
9.675000e-01	1.077716e-02
9.700000e-01	1.125484e-02
9.725000e-01	1.176521e-02
9.750000e-01	1.231131e-02
9.775000e-01	1.289654e-02
9.800000e-01	1.352472e-02
9.825000e-01	1.420016e-02
9.850000e-01	1.492769e-02
9.875000e-01	1.571280e-02
9.900000e-01	1.656170e-02
9.925000e-01	1.748147e-02
9.950000e-01	1.848019e-02
9.975000e-01	1.956712e-02
1.000000e+00	2.075291e-02
1.002500e+00	2.204987e-02
1.005000e+00	2.347225e-02
1.007500e+00	2.503667e-02
1.010000e+00	2.676255e-02
1.012500e+00	2.867276e-02
1.015000e+00	3.079429e-02
1.017500e+00	3.315925e-02
1.020000e+00	3.580601e-02
1.022500e+00	3.878072e-02
1.025000e+00	4.213929e-02
1.027500e+00	4.594991e-02
1.030000e+00	5.029639e-02
1.032500e+00	5.528261e-02
1.035000e+00	6.103843e-02
1.037500e+00	6.772776e-02
1.040000e+00	7.555960e-02
1.042500e+00	8.480334e-02
1.045000e+00	9.581030e-02
1.047500e+00	1.090444e-01
1.050000e+00	1.251262e-01
1.052500e+00	1.448977e-01
1.055000e+00	1.695168e-01
1.057500e+00	2.005980e-01
1.060000e+00	2.404192e-01
1.062500e+00	2.922185e-01
1.065000e+00	3.605902e-01
1.067500e+00	4.519063e-01
1.070000e+00	5.743871e-01
1.072500e+00	7.365514e-01
1.075000e+00	9.407765e-01
1.077500e+00	1.167097e+00
1.080000e+00	1.352596e+00
1.082500e+00	1.407586e+00
1.085000e+00	1.298397e+00
1.087500e+00	1.088676e+00
1.090000e+00	8.654085e-01
1.092500e+00	6.751775e-01
1.095000e+00	5.276416e-01
1.097500e+00	4.170330e-01
1.100000e+00	3.345546e-01
1.102500e+00	2.725801e-01
1.105000e+00	2.253964e-01
1.107500e+00	1.889313e-01
1.110000e+00	1.603213e-01
1.112500e+00	1.375481e-01
1.115000e+00	1.191759e-01
1.117500e+00	1.041699e-01
1.120000e+00	9.177423e-02
1.122500e+00	8.142896e-02
1.125000e+00	7.271361e-02
1.127500e+00	6.530830e-02
1.130000e+00	5.896676e-02
1.132500e+00	5.349720e-02
1.135000e+00	4.874861e-02
1.137500e+00	4.460100e-02
1.140000e+00	4.095804e-02
1.142500e+00	3.774181e-02
1.145000e+00	3.488874e-02
1.147500e+00	3.234656e-02
1.150000e+00	3.007203e-02
1.152500e+00	2.802912e-02
1.155000e+00	2.618761e-02
1.157500e+00	2.452205e-02
1.160000e+00	2.301085e-02
1.162500e+00	2.163562e-02
1.165000e+00	2.038062e-02
1.167500e+00	1.923230e-02
1.170000e+00	1.817898e-02
1.172500e+00	1.721052e-02
1.175000e+00	1.631809e-02
1.177500e+00	1.549397e-02
1.180000e+00	1.473141e-02
1.182500e+00	1.402446e-02
1.185000e+00	1.336787e-02
1.187500e+00	1.275700e-02
1.190000e+00	1.218772e-02
1.192500e+00	1.165636e-02
1.195000e+00	1.115966e-02
1.197500e+00	1.069468e-02
1.200000e+00	1.025879e-02
1.202500e+00	9.849649e-03
1.205000e+00	9.465117e-03
1.207500e+00	9.103279e-03
1.210000e+00	8.762400e-03
1.212500e+00	8.440908e-03
1.215000e+00	8.137376e-03
1.217500e+00	7.850506e-03
1.220000e+00	7.579114e-03
1.222500e+00	7.322122e-03
1.225000e+00	7.078542e-03
1.227500e+00	6.847472e-03
1.230000e+00	6.628084e-03
1.232500e+00	6.419616e-03
1.235000e+00	6.221371e-03
1.237500e+00	6.032704e-03
1.240000e+00	5.853023e-03
1.242500e+00	5.681778e-03
1.245000e+00	5.518465e-03
1.247500e+00	5.362615e-03
1.250000e+00	5.213794e-03
1.252500e+00	5.071601e-03
1.255000e+00	4.935661e-03
1.257500e+00	4.805628e-03
1.260000e+00	4.681179e-03
1.262500e+00	4.562015e-03
1.265000e+00	4.447854e-03
1.267500e+00	4.338438e-03
1.270000e+00	4.233520e-03
1.272500e+00	4.132875e-03
1.275000e+00	4.036290e-03
1.277500e+00	3.943566e-03
1.280000e+00	3.854516e-03
1.282500e+00	3.768967e-03
1.285000e+00	3.686755e-03
1.287500e+00	3.607727e-03
1.290000e+00	3.531739e-03
1.292500e+00	3.458657e-03
1.295000e+00	3.388354e-03
1.297500e+00	3.320711e-03
1.300000e+00	3.255616e-03
1.302500e+00	3.192965e-03
1.305000e+00	3.132659e-03
1.307500e+00	3.074606e-03
1.310000e+00	3.018719e-03
1.312500e+00	2.964916e-03
1.315000e+00	2.913121e-03
1.317500e+00	2.863262e-03
1.320000e+00	2.815270e-03
1.322500e+00	2.769085e-03
1.325000e+00	2.724645e-03
1.327500e+00	2.681897e-03
1.330000e+00	2.640788e-03
1.332500e+00	2.601272e-03
1.335000e+00	2.563303e-03
1.337500e+00	2.526840e-03
1.340000e+00	2.491846e-03
1.342500e+00	2.458286e-03
1.345000e+00	2.426128e-03
1.347500e+00	2.395343e-03
1.350000e+00	2.365907e-03
1.352500e+00	2.337797e-03
1.355000e+00	2.310992e-03
1.357500e+00	2.285477e-03
1.360000e+00	2.261237e-03
1.362500e+00	2.238263e-03
1.365000e+00	2.216546e-03
1.367500e+00	2.196084e-03
1.370000e+00	2.176874e-03
1.372500e+00	2.158919e-03
1.375000e+00	2.142227e-03
1.377500e+00	2.126807e-03
1.380000e+00	2.112673e-03
1.382500e+00	2.099844e-03
1.385000e+00	2.088344e-03
1.387500e+00	2.078201e-03
1.390000e+00	2.069449e-03
1.392500e+00	2.062128e-03
1.395000e+00	2.056284e-03
1.397500e+00	2.051971e-03
1.400000e+00	2.049252e-03
1.402500e+00	2.048195e-03
1.405000e+00	2.048883e-03
1.407500e+00	2.051405e-03
1.410000e+00	2.055867e-03
1.412500e+00	2.062386e-03
1.415000e+00	2.071096e-03
1.417500e+00	2.082147e-03
1.420000e+00	2.095714e-03
1.422500e+00	2.111990e-03
1.425000e+00	2.131199e-03
1.427500e+00	2.153594e-03
1.430000e+00	2.179466e-03
1.432500e+00	2.209145e-03
1.435000e+00	2.243013e-03
1.437500e+00	2.281508e-03
1.440000e+00	2.325135e-03
1.442500e+00	2.374482e-03
1.445000e+00	2.430229e-03
1.447500e+00	2.493173e-03
1.450000e+00	2.564247e-03
1.452500e+00	2.644551e-03
1.455000e+00	2.735387e-03
1.457500e+00	2.838306e-03
1.460000e+00	2.955163e-03
1.462500e+00	3.088195e-03
1.465000e+00	3.240114e-03
1.467500e+00	3.414233e-03
1.470000e+00	3.614630e-03
1.472500e+00	3.846365e-03
1.475000e+00	4.115775e-03
1.477500e+00	4.430867e-03
1.480000e+00	4.801868e-03
1.482500e+00	5.241983e-03
1.485000e+00	5.768458e-03
1.487500e+00	6.404110e-03
1.490000e+00	7.179518e-03
1.492500e+00	8.136243e-03
1.495000e+00	9.331554e-03
1.497500e+00	1.084544e-02
1.500000e+00	1.279091e-02
1.502500e+00	1.532867e-02
1.505000e+00	1.868642e-02
1.507500e+00	2.317812e-02
1.510000e+00	2.920202e-02
1.512500e+00	3.714798e-02
1.515000e+00	4.704328e-02
1.517500e+00	5.771801e-02
1.520000e+00	6.590598e-02
1.522500e+00	6.744859e-02
1.525000e+00	6.139027e-02
1.527500e+00	5.116280e-02
1.530000e+00	4.072202e-02
1.532500e+00	3.198440e-02
1.535000e+00	2.525574e-02
1.537500e+00	2.022091e-02
1.540000e+00	1.646481e-02
1.542500e+00	1.363829e-02
1.545000e+00	1.148245e-02
1.547500e+00	9.813341e-03
1.550000e+00	8.501674e-03
1.552500e+00	7.456237e-03
1.555000e+00	6.612035e-03
1.557500e+00	5.922156e-03
1.560000e+00	5.352271e-03
1.562500e+00	4.876905e-03
1.565000e+00	4.476900e-03
1.567500e+00	4.137667e-03
1.570000e+00	3.847958e-03
1.572500e+00	3.599008e-03
1.575000e+00	3.383915e-03
1.577500e+00	3.197193e-03
1.580000e+00	3.034442e-03
1.582500e+00	2.892104e-03
1.585000e+00	2.767286e-03
1.587500e+00	2.657613e-03
1.590000e+00	2.561130e-03
1.592500e+00	2.476218e-03
1.595000e+00	2.401527e-03
1.597500e+00	2.335934e-03
1.600000e+00	2.278499e-03
1.602500e+00	2.228433e-03
1.605000e+00	2.185078e-03
1.607500e+00	2.147885e-03
1.610000e+00	2.116396e-03
1.612500e+00	2.090237e-03
1.615000e+00	2.069103e-03
1.617500e+00	2.052753e-03
1.620000e+00	2.041002e-03
1.622500e+00	2.033718e-03
1.625000e+00	2.030818e-03
1.627500e+00	2.032267e-03
1.630000e+00	2.038075e-03
1.632500e+00	2.048299e-03
1.635000e+00	2.063041e-03
1.637500e+00	2.082455e-03
1.640000e+00	2.106746e-03
1.642500e+00	2.136176e-03
1.645000e+00	2.171073e-03
1.647500e+00	2.211833e-03
1.650000e+00	2.258933e-03
1.652500e+00	2.312947e-03
1.655000e+00	2.374553e-03
1.657500e+00	2.444561e-03
1.660000e+00	2.523929e-03
1.662500e+00	2.613800e-03
1.665000e+00	2.715535e-03
1.667500e+00	2.830762e-03
1.670000e+00	2.961436e-03
1.672500e+00	3.109918e-03
1.675000e+00	3.279072e-03
1.677500e+00	3.472399e-03
1.680000e+00	3.694204e-03
1.682500e+00	3.949823e-03
1.685000e+00	4.245926e-03
1.687500e+00	4.590931e-03
1.690000e+00	4.995556e-03
1.692500e+00	5.473609e-03
1.695000e+00	6.043072e-03
1.697500e+00	6.727656e-03
1.700000e+00	7.559037e-03
1.702500e+00	8.580116e-03
1.705000e+00	9.849805e-03
1.707500e+00	1.145012e-02
1.710000e+00	1.349663e-02
1.712500e+00	1.615352e-02
1.715000e+00	1.965400e-02
1.717500e+00	2.432284e-02
1.720000e+00	3.058424e-02
1.722500e+00	3.889583e-02
1.725000e+00	4.945079e-02
1.727500e+00	6.138844e-02
1.730000e+00	7.166732e-02
1.732500e+00	7.554379e-02
1.735000e+00	7.068186e-02
1.737500e+00	5.998149e-02
1.740000e+00	4.813377e-02
1.742500e+00	3.787324e-02
1.745000e+00	2.986812e-02
1.747500e+00	2.386239e-02
1.750000e+00	1.939363e-02
1.752500e+00	1.604903e-02
1.755000e+00	1.351641e-02
1.757500e+00	1.157264e-02
1.760000e+00	1.006083e-02
1.762500e+00	8.870612e-03
1.765000e+00	7.923706e-03
1.767500e+00	7.163942e-03
1.770000e+00	6.550529e-03
1.772500e+00	6.053497e-03
1.775000e+00	5.650602e-03
1.777500e+00	5.325210e-03
1.780000e+00	5.064828e-03
1.782500e+00	4.860087e-03
1.785000e+00	4.704025e-03
1.787500e+00	4.591586e-03
1.790000e+00	4.519280e-03
1.792500e+00	4.484952e-03
1.795000e+00	4.487649e-03
1.797500e+00	4.527560e-03
1.800000e+00	4.606034e-03
1.802500e+00	4.725667e-03
1.805000e+00	4.890470e-03
1.807500e+00	5.106148e-03
1.810000e+00	5.380500e-03
1.812500e+00	5.724007e-03
1.815000e+00	6.150667e-03
1.817500e+00	6.679203e-03
1.820000e+00	7.334788e-03
1.822500e+00	8.151575e-03
1.825000e+00	9.176396e-03
1.827500e+00	1.047424e-02
1.830000e+00	1.213636e-02
1.832500e+00	1.429215e-02
1.835000e+00	1.712587e-02
1.837500e+00	2.089777e-02
1.840000e+00	2.596226e-02
1.842500e+00	3.275265e-02
1.845000e+00	4.163870e-02
1.847500e+00	5.244767e-02
1.850000e+00	6.347080e-02
1.852500e+00	7.077311e-02
1.855000e+00	7.035456e-02
1.857500e+00	6.246549e-02
1.860000e+00	5.129466e-02
1.862500e+00	4.059527e-02
1.865000e+00	3.188144e-02
1.867500e+00	2.523951e-02
1.870000e+00	2.028034e-02
1.872500e+00	1.657490e-02
1.875000e+00	1.377772e-02
1.877500e+00	1.163638e-02
1.880000e+00	9.972376e-03
1.882500e+00	8.660228e-03
1.885000e+00	7.611239e-03
1.887500e+00	6.762023e-03
1.890000e+00	6.066683e-03
1.892500e+00	5.491523e-03
1.895000e+00	5.011463e-03
1.897500e+00	4.607589e-03
1.900000e+00	4.265462e-03
1.902500e+00	3.973931e-03
1.905000e+00	3.724295e-03
1.907500e+00	3.509700e-03
1.910000e+00	3.324698e-03
1.912500e+00	3.164929e-03
1.915000e+00	3.026882e-03
1.917500e+00	2.907714e-03
1.920000e+00	2.805116e-03
1.922500e+00	2.717211e-03
1.925000e+00	2.642471e-03
1.927500e+00	2.579660e-03
1.930000e+00	2.527787e-03
1.932500e+00	2.486070e-03
1.935000e+00	2.453906e-03
1.937500e+00	2.430855e-03
1.940000e+00	2.416624e-03
1.942500e+00	2.411057e-03
1.945000e+00	2.414133e-03
1.947500e+00	2.425962e-03
1.950000e+00	2.446793e-03
1.952500e+00	2.477020e-03
1.955000e+00	2.517197e-03
1.957500e+00	2.568056e-03
1.960000e+00	2.630537e-03
1.962500e+00	2.705819e-03
1.965000e+00	2.795369e-03
1.967500e+00	2.901003e-03
1.970000e+00	3.024960e-03
1.972500e+00	3.170012e-03
1.975000e+00	3.339593e-03
1.977500e+00	3.537985e-03
1.980000e+00	3.770555e-03
1.982500e+00	4.044081e-03
1.985000e+00	4.367198e-03
1.987500e+00	4.751013e-03
1.990000e+00	5.209964e-03
1.992500e+00	5.763036e-03
1.995000e+00	6.435509e-03
1.997500e+00	7.261495e-03
2.000000e+00	8.287653e-03
2.002500e+00	9.578687e-03
2.005000e+00	1.122548e-02
2.007500e+00	1.335690e-02
2.010000e+00	1.615631e-02
2.012500e+00	1.988146e-02
2.015000e+00	2.487861e-02
2.017500e+00	3.155474e-02
2.020000e+00	4.020281e-02
2.022500e+00	5.046678e-02
2.025000e+00	6.036011e-02
2.027500e+00	6.594316e-02
2.030000e+00	6.401244e-02
2.032500e+00	5.575621e-02
2.035000e+00	4.528691e-02
2.037500e+00	3.568928e-02
2.040000e+00	2.801778e-02
2.042500e+00	2.221072e-02
2.045000e+00	1.788077e-02
2.047500e+00	1.464172e-02
2.050000e+00	1.219124e-02
2.052500e+00	1.031057e-02
2.055000e+00	8.845423e-03
2.057500e+00	7.687307e-03
2.060000e+00	6.759379e-03
2.062500e+00	6.006589e-03
2.065000e+00	5.388965e-03
2.067500e+00	4.877074e-03
2.070000e+00	4.448949e-03
2.072500e+00	4.087974e-03
2.075000e+00	3.781428e-03
2.077500e+00	3.519459e-03
2.080000e+00	3.294350e-03
2.082500e+00	3.100003e-03
2.085000e+00	2.931550e-03
2.087500e+00	2.785074e-03
2.090000e+00	2.657400e-03
2.092500e+00	2.545938e-03
2.095000e+00	2.448557e-03
2.097500e+00	2.363502e-03
2.100000e+00	2.289315e-03
2.102500e+00	2.224783e-03
2.105000e+00	2.168894e-03
2.107500e+00	2.120802e-03
2.110000e+00	2.079801e-03
2.112500e+00	2.045302e-03
2.115000e+00	2.016816e-03
2.117500e+00	1.993940e-03
2.120000e+00	1.976346e-03
2.122500e+00	1.963771e-03
2.125000e+00	1.956013e-03
2.127500e+00	1.952923e-03
2.130000e+00	1.954401e-03
2.132500e+00	1.960394e-03
2.135000e+00	1.970895e-03
2.137500e+00	1.985940e-03
2.140000e+00	2.005609e-03
2.142500e+00	2.030029e-03
2.145000e+00	2.059371e-03
2.147500e+00	2.093860e-03
2.150000e+00	2.133770e-03
2.152500e+00	2.179439e-03
2.155000e+00	2.231267e-03
2.157500e+00	2.289729e-03
2.160000e+00	2.355386e-03
2.162500e+00	2.428892e-03
2.165000e+00	2.511014e-03
2.167500e+00	2.602648e-03
2.170000e+00	2.704845e-03
2.172500e+00	2.818835e-03
2.175000e+00	2.946062e-03
2.177500e+00	3.088232e-03
2.180000e+00	3.247360e-03
2.182500e+00	3.425841e-03
2.185000e+00	3.626537e-03
2.187500e+00	3.852881e-03
2.190000e+00	4.109019e-03
2.192500e+00	4.399991e-03
2.195000e+00	4.731966e-03
2.197500e+00	5.112551e-03
2.200000e+00	5.551204e-03
2.202500e+00	6.059793e-03
2.205000e+00	6.653348e-03
2.207500e+00	7.351104e-03
2.210000e+00	8.177948e-03
2.212500e+00	9.166470e-03
2.215000e+00	1.035989e-02
2.217500e+00	1.181627e-02
2.220000e+00	1.361477e-02
2.222500e+00	1.586470e-02
2.225000e+00	1.871916e-02
2.227500e+00	2.239477e-02
2.230000e+00	2.719974e-02
2.232500e+00	3.356952e-02
2.235000e+00	4.209864e-02
2.237500e+00	5.351997e-02
2.240000e+00	6.847996e-02
2.242500e+00	8.676357e-02
2.245000e+00	1.056413e-01
2.247500e+00	1.185839e-01
2.250000e+00	1.186171e-01
2.252500e+00	1.057231e-01
2.255000e+00	8.686266e-02
2.257500e+00	6.857813e-02
2.260000e+00	5.361292e-02
2.262500e+00	4.218827e-02
2.265000e+00	3.365920e-02
2.267500e+00	2.729257e-02
2.270000e+00	2.249327e-02
2.272500e+00	1.882538e-02
2.275000e+00	1.598034e-02
2.277500e+00	1.374135e-02
2.280000e+00	1.195522e-02
2.282500e+00	1.051263e-02
2.285000e+00	9.334492e-03
2.287500e+00	8.362844e-03
2.290000e+00	7.554629e-03
2.292500e+00	6.877465e-03
2.295000e+00	6.306723e-03
2.297500e+00	5.823484e-03
2.300000e+00	5.413100e-03
2.302500e+00	5.064166e-03
2.305000e+00	4.767783e-03
2.307500e+00	4.517023e-03
2.310000e+00	4.306552e-03
2.312500e+00	4.132355e-03
2.315000e+00	3.991555e-03
2.317500e+00	3.882310e-03
2.320000e+00	3.803771e-03
2.322500e+00	3.756107e-03
2.325000e+00	3.740611e-03
2.327500e+00	3.759901e-03
2.330000e+00	3.818243e-03
2.332500e+00	3.922060e-03
2.335000e+00	4.080696e-03
2.337500e+00	4.307573e-03
2.340000e+00	4.621913e-03
2.342500e+00	5.051289e-03
2.345000e+00	5.635282e-03
2.347500e+00	6.430278e-03
2.350000e+00	7.514289e-03
2.352500e+00	8.986519e-03
2.355000e+00	1.094441e-02
2.357500e+00	1.339566e-02
2.360000e+00	1.605025e-02
2.362500e+00	1.809466e-02
2.365000e+00	1.848785e-02
2.367500e+00	1.698395e-02
2.370000e+00	1.443702e-02
2.372500e+00	1.183841e-02
2.375000e+00	9.670766e-03
2.377500e+00	8.012604e-03
2.380000e+00	6.786213e-03
2.382500e+00	5.888604e-03
2.385000e+00	5.233376e-03
2.387500e+00	4.756940e-03
2.390000e+00	4.414783e-03
2.392500e+00	4.176459e-03
2.395000e+00	4.021544e-03
2.397500e+00	3.936805e-03
2.400000e+00	3.914342e-03
2.402500e+00	3.950462e-03
2.405000e+00	4.045095e-03
2.407500e+00	4.201646e-03
2.410000e+00	4.427240e-03
2.412500e+00	4.733410e-03
2.415000e+00	5.137307e-03
2.417500e+00	5.663644e-03
2.420000e+00	6.347691e-03
2.422500e+00	7.239771e-03
2.425000e+00	8.411897e-03
2.427500e+00	9.967071e-03
2.430000e+00	1.205076e-02
2.432500e+00	1.485969e-02
2.435000e+00	1.862868e-02
2.437500e+00	2.353858e-02
2.440000e+00	2.942508e-02
2.442500e+00	3.521982e-02
2.445000e+00	3.869156e-02
2.447500e+00	3.786854e-02
2.450000e+00	3.324859e-02
2.452500e+00	2.718136e-02
2.455000e+00	2.153808e-02
2.457500e+00	1.699805e-02
2.460000e+00	1.355198e-02
2.462500e+00	1.097977e-02
2.465000e+00	9.054906e-03
2.467500e+00	7.598405e-03
2.470000e+00	6.480366e-03
2.472500e+00	5.609071e-03
2.475000e+00	4.920028e-03
2.477500e+00	4.367583e-03
2.480000e+00	3.919053e-03
2.482500e+00	3.550722e-03
2.485000e+00	3.245138e-03
2.487500e+00	2.989283e-03
2.490000e+00	2.773315e-03
2.492500e+00	2.589704e-03
2.495000e+00	2.432616e-03
2.497500e+00	2.297484e-03
2.500000e+00	2.180699e-03
2.502500e+00	2.079379e-03
2.505000e+00	1.991206e-03
2.507500e+00	1.914297e-03
2.510000e+00	1.847117e-03
2.512500e+00	1.788403e-03
2.515000e+00	1.737110e-03
2.517500e+00	1.692372e-03
2.520000e+00	1.653465e-03
2.522500e+00	1.619784e-03
2.525000e+00	1.590821e-03
2.527500e+00	1.566151e-03
2.530000e+00	1.545415e-03
2.532500e+00	1.528314e-03
2.535000e+00	1.514597e-03
2.537500e+00	1.504058e-03
2.540000e+00	1.496525e-03
2.542500e+00	1.491862e-03
2.545000e+00	1.489961e-03
2.547500e+00	1.490739e-03
2.550000e+00	1.494141e-03
2.552500e+00	1.500131e-03
2.555000e+00	1.508696e-03
2.557500e+00	1.519844e-03
2.560000e+00	1.533602e-03
2.562500e+00	1.550017e-03
2.565000e+00	1.569158e-03
2.567500e+00	1.591112e-03
2.570000e+00	1.615992e-03
2.572500e+00	1.643930e-03
2.575000e+00	1.675084e-03
2.577500e+00	1.709642e-03
2.580000e+00	1.747816e-03
2.582500e+00	1.789856e-03
2.585000e+00	1.836045e-03
2.587500e+00	1.886708e-03
2.590000e+00	1.942218e-03
2.592500e+00	2.002997e-03
2.595000e+00	2.069531e-03
2.597500e+00	2.142375e-03
2.600000e+00	2.222162e-03
2.602500e+00	2.309622e-03
2.605000e+00	2.405592e-03
2.607500e+00	2.511038e-03
2.610000e+00	2.627079e-03
2.612500e+00	2.755012e-03
2.615000e+00	2.896350e-03
2.617500e+00	3.052865e-03
2.620000e+00	3.226637e-03
2.622500e+00	3.420126e-03
2.625000e+00	3.636251e-03
2.627500e+00	3.878501e-03
2.630000e+00	4.151064e-03
2.632500e+00	4.459008e-03
2.635000e+00	4.808500e-03
2.637500e+00	5.207110e-03
2.640000e+00	5.664194e-03
2.642500e+00	6.191426e-03
2.645000e+00	6.803497e-03
2.647500e+00	7.519089e-03
2.650000e+00	8.362208e-03
2.652500e+00	9.364057e-03
2.655000e+00	1.056569e-02
2.657500e+00	1.202184e-02
2.660000e+00	1.380644e-02
2.662500e+00	1.602080e-02
2.665000e+00	1.880567e-02
2.667500e+00	2.235899e-02
2.670000e+00	2.696177e-02
2.672500e+00	3.301348e-02
2.675000e+00	4.107349e-02
2.677500e+00	5.188421e-02
2.680000e+00	6.628712e-02
2.682500e+00	8.478307e-02
2.685000e+00	1.062742e-01
2.687500e+00	1.259923e-01
2.690000e+00	1.354822e-01
2.692500e+00	1.291444e-01
2.695000e+00	1.108344e-01
2.697500e+00	8.916896e-02
2.700000e+00	6.986644e-02
2.702500e+00	5.462177e-02
2.705000e+00	4.312986e-02
2.707500e+00	3.456502e-02
2.710000e+00	2.815040e-02
2.712500e+00	2.328854e-02
2.715000e+00	1.954984e-02
2.717500e+00	1.663179e-02
2.720000e+00	1.432160e-02
2.722500e+00	1.246846e-02
2.725000e+00	1.096422e-02
2.727500e+00	9.730392e-03
2.730000e+00	8.709258e-03
2.732500e+00	7.857949e-03
2.735000e+00	7.144368e-03
2.737500e+00	6.544427e-03
2.740000e+00	6.040166e-03
2.742500e+00	5.618524e-03
2.745000e+00	5.270613e-03
2.747500e+00	4.991391e-03
2.750000e+00	4.779701e-03
2.752500e+00	4.638525e-03
2.755000e+00	4.574957e-03
2.757500e+00	4.598240e-03
2.760000e+00	4.711412e-03
2.762500e+00	4.888910e-03
2.765000e+00	5.042901e-03
2.767500e+00	5.031859e-03
2.770000e+00	4.776799e-03
2.772500e+00	4.353873e-03
2.775000e+00	3.901133e-03
2.777500e+00	3.502509e-03
2.780000e+00	3.179442e-03
2.782500e+00	2.924427e-03
2.785000e+00	2.723189e-03
2.787500e+00	2.562798e-03
2.790000e+00	2.433372e-03
2.792500e+00	2.327771e-03
2.795000e+00	2.240923e-03
2.797500e+00	2.169223e-03
2.800000e+00	2.110098e-03
2.802500e+00	2.061699e-03
2.805000e+00	2.022698e-03
2.807500e+00	1.992151e-03
2.810000e+00	1.969403e-03
2.812500e+00	1.954027e-03
2.815000e+00	1.945787e-03
2.817500e+00	1.944610e-03
2.820000e+00	1.950574e-03
2.822500e+00	1.963907e-03
2.825000e+00	1.984984e-03
2.827500e+00	2.014346e-03
2.830000e+00	2.052717e-03
2.832500e+00	2.101032e-03
2.835000e+00	2.160482e-03
2.837500e+00	2.232564e-03
2.840000e+00	2.319159e-03
2.842500e+00	2.422631e-03
2.845000e+00	2.545956e-03
2.847500e+00	2.692910e-03
2.850000e+00	2.868309e-03
2.852500e+00	3.078354e-03
2.855000e+00	3.331112e-03
2.857500e+00	3.637183e-03
2.860000e+00	4.010675e-03
2.862500e+00	4.470607e-03
2.865000e+00	5.042964e-03
2.867500e+00	5.763737e-03
2.870000e+00	6.683422e-03
2.872500e+00	7.873579e-03
2.875000e+00	9.436036e-03
2.877500e+00	1.151429e-02
2.880000e+00	1.430257e-02
2.882500e+00	1.803426e-02
2.885000e+00	2.289497e-02
2.887500e+00	2.874276e-02
2.890000e+00	3.455878e-02
2.892500e+00	3.815534e-02
2.895000e+00	3.751694e-02
2.897500e+00	3.303668e-02
2.900000e+00	2.702777e-02
2.902500e+00	2.139351e-02
2.905000e+00	1.684654e-02
2.907500e+00	1.339261e-02
2.910000e+00	1.081571e-02
2.912500e+00	8.889393e-03
2.915000e+00	7.433860e-03
2.917500e+00	6.318371e-03
2.920000e+00	5.450584e-03
2.922500e+00	4.765581e-03
2.925000e+00	4.217437e-03
2.927500e+00	3.773292e-03
2.930000e+00	3.409320e-03
2.932500e+00	3.108005e-03
2.935000e+00	2.856292e-03
2.937500e+00	2.644318e-03
2.940000e+00	2.464543e-03
2.942500e+00	2.311133e-03
2.945000e+00	2.179527e-03
2.947500e+00	2.066119e-03
2.950000e+00	1.968039e-03
2.952500e+00	1.882976e-03
2.955000e+00	1.809060e-03
2.957500e+00	1.744765e-03
2.960000e+00	1.688840e-03
2.962500e+00	1.640252e-03
2.965000e+00	1.598144e-03
2.967500e+00	1.561806e-03
2.970000e+00	1.530642e-03
2.972500e+00	1.504158e-03
2.975000e+00	1.481940e-03
2.977500e+00	1.463640e-03
2.980000e+00	1.448974e-03
2.982500e+00	1.437703e-03
2.985000e+00	1.429635e-03
2.987500e+00	1.424614e-03
2.990000e+00	1.422519e-03
2.992500e+00	1.423259e-03
2.995000e+00	1.426771e-03
2.997500e+00	1.433020e-03
